
1.07461e-07 0 0 349209 1.05311e+51 3.77061e+59 0 0 1.43533e+44 0 4.64348e+42 0 0 0
1.24094e-07 0 0 4.80916e+11 1.16305e+51 3.27444e+59 0 0 1.6575e+44 0 4.64348e+42 0 0 0
1.43301e-07 0 0 1.00543e+17 1.27963e+51 2.83248e+59 0 0 1.91405e+44 0 4.64348e+42 0 0 0
1.65482e-07 0 0 4.10634e+21 1.40261e+51 2.44059e+59 0 0 2.21031e+44 0 4.64348e+42 0 0 0
1.91095e-07 0 0 4.07635e+25 1.53184e+51 2.09493e+59 0 0 2.55242e+44 0 4.64348e+42 0 0 0
2.20673e-07 0 0 1.18868e+29 1.66744e+51 1.79192e+59 0 0 2.94749e+44 0 4.64348e+42 0 0 0
2.5483e-07 0 0 1.20001e+32 1.81003e+51 1.52813e+59 0 0 3.40371e+44 0 4.64348e+42 0 0 0
2.94273e-07 0 0 4.83687e+34 1.96093e+51 1.30025e+59 0 0 3.93054e+44 0 4.64348e+42 0 0 0
3.39821e-07 0 0 8.81047e+36 2.12249e+51 1.10504e+59 0 0 4.53892e+44 0 4.64348e+42 0 0 0
3.92419e-07 0 0 8.07705e+38 2.29836e+51 9.39279e+58 0 0 5.24146e+44 0 4.64348e+42 0 0 0
4.53158e-07 0 0 4.09246e+40 2.49372e+51 7.99721e+58 0 0 6.05275e+44 0 4.64348e+42 0 0 0
5.23299e-07 0 0 1.24313e+42 2.71533e+51 6.83141e+58 0 0 6.9896e+44 0 4.64348e+42 0 0 0
6.04296e-07 0 0 2.42919e+43 2.97144e+51 5.8634e+58 0 0 8.07147e+44 0 4.64348e+42 0 0 0
6.97831e-07 0 0 3.24523e+44 3.27143e+51 5.06212e+58 0 0 9.32079e+44 0 4.64348e+42 0 0 0
8.05842e-07 0 0 3.12293e+45 3.62523e+51 4.39826e+58 0 0 1.07635e+45 0 4.64348e+42 0 0 0
9.30572e-07 0 0 2.26355e+46 4.04267e+51 3.84514e+58 0 0 1.24295e+45 0 4.64348e+42 0 0 0
1.07461e-06 0 0 1.28363e+47 4.53293e+51 3.37955e+58 0 0 1.43533e+45 0 4.64348e+42 0 0 0
1.24094e-06 0 0 5.8828e+47 5.10431e+51 2.98232e+58 0 0 1.6575e+45 0 4.64348e+42 0 0 0
1.43301e-06 0 0 2.24026e+48 5.76463e+51 2.63853e+58 0 0 1.91405e+45 0 4.64348e+42 0 0 0
1.65482e-06 0 0 7.26166e+48 6.52205e+51 2.33717e+58 0 0 2.21031e+45 0 4.64348e+42 0 0 0
1.91095e-06 0 0 2.04613e+49 7.38631e+51 2.07052e+58 0 0 2.55242e+45 0 4.64348e+42 0 0 0
2.20673e-06 0 0 5.1054e+49 8.37005e+51 1.8333e+58 0 0 2.94749e+45 0 4.64348e+42 0 0 0
2.5483e-06 0 0 1.14659e+50 9.4898e+51 1.62184e+58 0 0 3.40371e+45 0 4.64348e+42 0 0 0
2.94273e-06 0 0 2.35125e+50 1.07668e+52 1.43338e+58 0 0 3.93054e+45 0 4.64348e+42 0 0 0
3.39821e-06 0 0 4.4582e+50 1.22277e+52 1.2657e+58 0 0 4.53892e+45 0 4.64348e+42 0 0 0
3.92419e-06 0 0 7.90219e+50 1.39048e+52 1.11679e+58 0 0 5.24146e+45 0 4.64348e+42 0 0 0
4.53158e-06 0 0 1.32187e+51 1.58371e+52 9.8481e+57 0 0 6.05274e+45 0 4.64348e+42 0 0 0
5.23299e-06 0 0 2.10399e+51 1.80707e+52 8.6804e+57 0 0 6.9896e+45 0 4.64348e+42 0 0 0
6.04296e-06 0 0 3.20907e+51 2.066e+52 7.64855e+57 0 0 8.07146e+45 0 4.64348e+42 0 0 0
6.97831e-06 0 0 4.71868e+51 2.36685e+52 6.73749e+57 0 0 9.32078e+45 0 4.64348e+42 0 0 0
8.05842e-06 0 0 6.72396e+51 2.71708e+52 5.93336e+57 0 0 1.07635e+46 0 4.64348e+42 0 0 0
9.30572e-06 0 0 9.32692e+51 3.12555e+52 5.22363e+57 0 0 1.24294e+46 0 4.64348e+42 0 0 0
1.07461e-05 0 0 1.26431e+52 3.60285e+52 4.59711e+57 0 0 1.43533e+46 0 4.64348e+42 0 0 0
1.24094e-05 0 0 1.68053e+52 4.16181e+52 4.04393e+57 0 0 1.65749e+46 0 4.64348e+42 0 0 0
1.43301e-05 0 0 2.19693e+52 4.81797e+52 3.55547e+57 0 0 1.91404e+46 0 4.64348e+42 0 0 0
1.65482e-05 0 0 2.83193e+52 5.59008e+52 3.12418e+57 0 0 2.2103e+46 0 4.64348e+42 0 0 0
1.91095e-05 0 0 3.60746e+52 6.50056e+52 2.74345e+57 0 0 2.55241e+46 0 4.64348e+42 0 0 0
2.20673e-05 0 0 4.54963e+52 7.57611e+52 2.40745e+57 0 0 2.94748e+46 0 4.64348e+42 0 0 0
2.5483e-05 0 0 5.68964e+52 8.8485e+52 2.11104e+57 0 0 3.4037e+46 0 4.64348e+42 0 0 0
2.94273e-05 0 0 7.06481e+52 1.03557e+53 1.84964e+57 0 0 3.93052e+46 0 4.64348e+42 0 0 0
3.39821e-05 0 0 8.71999e+52 1.21432e+53 1.61923e+57 0 0 4.5389e+46 0 4.64348e+42 0 0 0
3.92419e-05 0 0 1.07091e+53 1.42657e+53 1.41623e+57 0 0 5.24143e+46 0 4.64348e+42 0 0 0
4.53158e-05 0 0 1.30967e+53 1.67884e+53 1.23747e+57 0 0 6.0527e+46 0 4.64348e+42 0 0 0
5.23299e-05 0 0 1.59602e+53 1.97894e+53 1.08016e+57 0 0 6.98955e+46 0 4.64348e+42 0 0 0
6.04296e-05 0 0 1.93922e+53 2.33616e+53 9.41813e+56 0 0 8.07139e+46 0 4.64348e+42 0 0 0
6.97831e-05 0 0 2.35032e+53 2.76161e+53 8.20236e+56 0 0 9.32068e+46 0 4.64348e+42 0 0 0
8.05842e-05 0 0 2.84255e+53 3.26856e+53 7.13481e+56 0 0 1.07633e+47 0 4.64348e+42 0 0 0
9.30572e-05 0 0 3.43169e+53 3.87281e+53 6.19822e+56 0 0 1.24293e+47 0 4.64348e+42 0 0 0
0.000107461 0 0 4.13655e+53 4.59323e+53 5.3773e+56 0 0 1.43531e+47 0 4.64348e+42 0 0 0
0.000124094 0 0 4.97959e+53 5.45227e+53 4.65847e+56 0 0 1.65746e+47 0 4.64348e+42 0 0 0
0.000143301 0 0 5.98756e+53 6.47671e+53 4.02972e+56 0 0 1.914e+47 0 4.64348e+42 0 0 0
0.000165482 0 0 7.19233e+53 7.69845e+53 3.48039e+56 0 0 2.21025e+47 0 4.64348e+42 0 0 0
0.000191095 0 0 8.6319e+53 9.15549e+53 3.00105e+56 0 0 2.55235e+47 0 4.64348e+42 0 0 0
0.000220673 0 0 1.03515e+54 1.08931e+54 2.58331e+56 0 0 2.94739e+47 0 4.64348e+42 0 0 0
0.00025483 0 0 1.2405e+54 1.29651e+54 2.21976e+56 0 0 3.40358e+47 0 4.64348e+42 0 0 0
0.000294273 0 0 1.48567e+54 1.54358e+54 1.90384e+56 0 0 3.93036e+47 0 4.64348e+42 0 0 0
0.000339821 0 0 1.77829e+54 1.83816e+54 1.62974e+56 0 0 4.53868e+47 0 4.64348e+42 0 0 0
0.000392419 0 0 2.12749e+54 2.18938e+54 1.39229e+56 0 0 5.24114e+47 0 4.64348e+42 0 0 0
0.000453158 0 0 2.54413e+54 2.6081e+54 1.18697e+56 0 0 6.05232e+47 0 4.64348e+42 0 0 0
0.000523299 0 0 3.04118e+54 3.10729e+54 1.00974e+56 0 0 6.98904e+47 0 4.64348e+42 0 0 0
0.000604296 0 0 3.63409e+54 3.7024e+54 8.57055e+55 0 0 8.07071e+47 0 4.64348e+42 0 0 0
0.000697831 0 0 4.34135e+54 4.41192e+54 7.25774e+55 0 0 9.31978e+47 0 4.64348e+42 0 0 0
0.000805842 0 0 5.18496e+54 5.25788e+54 6.13136e+55 0 0 1.07621e+48 0 4.64348e+42 0 0 0
0.000930572 0 0 6.18984e+54 6.26515e+54 5.16703e+55 0 0 1.24277e+48 0 4.64348e+42 0 0 0
0.00107461 0 0 7.37026e+54 7.44785e+54 4.34335e+55 0 0 1.43509e+48 0 4.64348e+42 0 0 0
0.00124094 0 0 8.67753e+54 8.75658e+54 3.64146e+55 0 0 1.65718e+48 0 4.64348e+42 0 0 0
0.00143301 0 0 9.93719e+54 1.00155e+55 3.04485e+55 0 0 1.91362e+48 0 4.64348e+42 0 0 0
0.00165482 0 0 1.08848e+55 1.09591e+55 2.53902e+55 0 0 2.20974e+48 0 4.64348e+42 0 0 0
0.00191095 0 0 1.13064e+55 1.13732e+55 2.11131e+55 0 0 2.55167e+48 0 4.64348e+42 0 0 0
0.00220673 0 0 1.11444e+55 1.12014e+55 1.75065e+55 0 0 2.94649e+48 0 4.64348e+42 0 0 0
0.0025483 0 0 1.049e+55 1.05365e+55 1.44738e+55 0 0 3.40237e+48 0 4.64348e+42 0 0 0
0.00294273 0 0 9.50835e+54 9.54478e+54 1.19313e+55 0 0 3.92875e+48 0 4.64348e+42 0 0 0
0.00339821 0 0 8.36649e+54 8.39424e+54 9.80597e+54 0 0 4.53654e+48 0 4.64348e+42 0 0 0
0.00392419 0 0 7.19547e+54 7.21613e+54 8.03491e+54 0 0 5.23828e+48 0 4.64348e+42 0 0 0
0.00453158 0 0 6.08129e+54 6.09642e+54 6.56364e+54 0 0 6.04851e+48 0 4.64348e+42 0 0 0
0.00523299 1.20391e-213 1.20391e-213 5.07137e+54 5.08229e+54 5.34531e+54 0 0 6.98395e+48 2.89794e-217 4.64348e+42 0 0 0
0.00604296 6.43337e-144 6.43337e-144 4.18553e+54 4.19333e+54 4.33968e+54 0 0 8.06393e+48 1.62484e-147 4.64348e+42 0 0 0
0.00697831 2.10462e-92 2.10462e-92 3.4262e+54 3.43172e+54 3.51233e+54 0 0 9.31073e+48 5.62319e-96 4.64348e+42 0 0 0
0.00805842 2.37185e-54 2.37185e-54 2.78601e+54 2.78991e+54 2.83389e+54 0 0 1.07501e+49 6.74879e-58 4.64348e+42 0 0 0
0.00930572 2.98848e-26 2.98848e-26 2.25288e+54 2.25561e+54 2.2794e+54 0 0 1.24116e+49 9.10614e-30 4.64348e+42 0 0 0
0.0107461 1.65836e-05 1.65836e-05 1.81306e+54 1.81496e+54 1.82773e+54 0 0 1.43295e+49 5.43739e-09 4.64348e+42 0 0 0
0.0124094 3.35908e+10 3.35908e+10 1.45291e+54 1.45423e+54 1.46103e+54 0 0 1.65432e+49 1.19015e+07 4.64348e+42 0 0 0
0.0143301 6.50311e+21 6.50311e+21 1.1598e+54 1.16071e+54 1.16431e+54 0 0 1.90981e+49 2.49953e+18 4.64348e+42 0 0 0
0.0165482 1.34448e+30 1.34448e+30 9.22495e+53 9.23123e+53 9.25009e+53 0 0 2.20466e+49 5.62615e+26 4.64348e+42 0 0 0
0.0191095 1.76722e+36 1.76722e+36 7.31244e+53 7.31675e+53 7.32658e+53 0 0 2.54489e+49 8.07886e+32 4.64348e+42 0 0 0
0.0220673 5.52094e+40 5.52094e+40 5.77748e+53 5.78043e+53 5.78551e+53 0 0 2.93744e+49 2.76628e+37 4.64348e+42 0 0 0
0.025483 1.08649e+44 1.08649e+44 4.55026e+53 4.55227e+53 4.55488e+53 0 0 3.39031e+49 5.98566e+40 4.64348e+42 0 0 0
0.0294273 2.76835e+46 2.76835e+46 3.57263e+53 3.574e+53 3.57533e+53 0 0 3.91268e+49 1.68211e+43 4.64348e+42 0 0 0
0.0339821 1.55552e+48 1.55552e+48 2.79655e+53 2.79747e+53 2.79815e+53 0 0 4.51511e+49 1.04562e+45 4.64348e+42 0 0 0
0.0392419 2.85721e+49 2.85721e+49 2.18252e+53 2.18315e+53 2.18349e+53 0 0 5.20972e+49 2.1311e+46 4.64348e+42 0 0 0
0.0453158 2.29499e+50 2.29499e+50 1.69832e+53 1.69874e+53 1.69891e+53 0 0 6.01043e+49 1.90495e+47 4.64348e+42 0 0 0
0.0523299 9.99535e+50 9.99535e+50 1.3177e+53 1.31799e+53 1.31807e+53 0 0 6.93319e+49 9.25981e+47 4.64348e+42 0 0 0
0.0604296 2.76716e+51 2.76716e+51 1.01947e+53 1.01966e+53 1.0197e+53 0 0 7.99628e+49 2.86934e+48 4.64348e+42 0 0 0
0.0697831 5.47683e+51 5.47683e+51 7.86518e+52 7.86645e+52 7.86665e+52 0 0 9.22057e+49 6.37444e+48 4.64348e+42 0 0 0
0.0805842 8.45303e+51 8.45303e+51 6.05119e+52 6.05204e+52 6.05214e+52 0 0 1.06299e+50 1.10737e+49 4.64348e+42 0 0 0
0.0930572 1.08488e+52 1.08488e+52 4.64296e+52 4.64352e+52 4.64357e+52 0 0 1.22515e+50 1.604e+49 4.64348e+42 0 0 0
0.107461 1.21411e+52 1.21411e+52 3.55303e+52 3.55341e+52 3.55343e+52 0 0 1.41161e+50 2.03133e+49 4.64348e+42 0 0 0
0.124094 1.22717e+52 1.22717e+52 2.71197e+52 2.71221e+52 2.71223e+52 0 0 1.62589e+50 2.32939e+49 4.64348e+42 0 0 0
0.143301 1.14979e+52 1.14979e+52 2.06486e+52 2.06503e+52 2.06504e+52 0 0 1.87194e+50 2.48225e+49 4.64348e+42 0 0 0
0.165482 1.018e+52 1.018e+52 1.56842e+52 1.56852e+52 1.56853e+52 0 0 2.15423e+50 2.50557e+49 4.64348e+42 0 0 0
0.191095 8.63965e+51 8.63965e+51 1.18863e+52 1.1887e+52 1.1887e+52 0 0 2.47774e+50 2.4298e+49 4.64348e+42 0 0 0
0.220673 7.10328e+51 7.10328e+51 8.98871e+51 8.98916e+51 8.98917e+51 0 0 2.84805e+50 2.28761e+49 4.64348e+42 0 0 0
0.25483 5.70238e+51 5.70238e+51 6.7839e+51 6.7842e+51 6.78421e+51 0 0 3.27134e+50 2.10715e+49 4.64348e+42 0 0 0
0.294273 4.49608e+51 4.49608e+51 5.11046e+51 5.11065e+51 5.11065e+51 0 0 3.75439e+50 1.90983e+49 4.64348e+42 0 0 0
0.339821 3.49703e+51 3.49703e+51 3.84335e+51 3.84347e+51 3.84347e+51 0 0 4.30458e+50 1.71045e+49 4.64348e+42 0 0 0
0.392419 2.69205e+51 2.69205e+51 2.88606e+51 2.88614e+51 2.88614e+51 0 0 4.92983e+50 1.51843e+49 4.64348e+42 0 0 0
0.453158 2.05618e+51 2.05618e+51 2.16433e+51 2.16439e+51 2.16439e+51 0 0 5.6385e+50 1.33923e+49 4.64348e+42 0 0 0
0.523299 1.56119e+51 1.56119e+51 1.62124e+51 1.62127e+51 1.62127e+51 0 0 6.43924e+50 1.17551e+49 4.64348e+42 0 0 0
0.604296 1.18003e+51 1.18003e+51 1.21326e+51 1.21328e+51 1.21328e+51 0 0 7.34069e+50 1.02815e+49 4.64348e+42 0 0 0
0.697831 8.88899e+50 8.88899e+50 9.07237e+50 9.07251e+50 9.07251e+50 0 0 8.35112e+50 8.96908e+48 4.64348e+42 0 0 0
0.805842 6.67899e+50 6.67899e+50 6.77995e+50 6.78005e+50 6.78005e+50 0 0 9.47785e+50 7.80906e+48 4.64348e+42 0 0 0
0.930572 5.00912e+50 5.00912e+50 5.0646e+50 5.06466e+50 5.06466e+50 0 0 1.07265e+51 6.78938e+48 4.64348e+42 0 0 0
1.07461 3.75178e+50 3.75178e+50 3.78221e+50 3.78225e+50 3.78225e+50 0 0 1.21e+51 5.89663e+48 4.64348e+42 0 0 0
1.24094 2.80754e+50 2.80754e+50 2.82421e+50 2.82423e+50 2.82423e+50 0 0 1.35972e+51 5.11729e+48 4.64348e+42 0 0 0
1.43301 2.0998e+50 2.0998e+50 2.10892e+50 2.10893e+50 2.10893e+50 0 0 1.52112e+51 4.43841e+48 4.64348e+42 0 0 0
1.65482 1.57006e+50 1.57006e+50 1.57505e+50 1.57506e+50 1.57506e+50 0 0 1.69273e+51 3.84796e+48 4.64348e+42 0 0 0
1.91095 1.17394e+50 1.17394e+50 1.17666e+50 1.17667e+50 1.17667e+50 0 0 1.87203e+51 3.33503e+48 4.64348e+42 0 0 0
2.20673 8.77905e+49 8.77905e+49 8.7939e+49 8.79395e+49 8.79395e+49 0 0 2.0552e+51 2.8898e+48 4.64348e+42 0 0 0
2.5483 6.56742e+49 6.56742e+49 6.57553e+49 6.57556e+49 6.57556e+49 0 0 2.23681e+51 2.50359e+48 4.64348e+42 0 0 0
2.94273 4.91526e+49 4.91526e+49 4.9197e+49 4.91971e+49 4.91971e+49 0 0 2.40955e+51 2.16872e+48 4.64348e+42 0 0 0
3.39821 3.68088e+49 3.68088e+49 3.68332e+49 3.68334e+49 3.68334e+49 0 0 2.56404e+51 1.87847e+48 4.64348e+42 0 0 0
3.92419 2.75839e+49 2.75839e+49 2.75974e+49 2.75975e+49 2.75975e+49 0 0 2.68889e+51 1.62695e+48 4.64348e+42 0 0 0
4.53158 2.06867e+49 2.06867e+49 2.06943e+49 2.06943e+49 2.06943e+49 0 0 2.771e+51 1.40904e+48 4.64348e+42 0 0 0
5.23299 1.55271e+49 1.55271e+49 1.55315e+49 1.55315e+49 1.55315e+49 0 0 2.79644e+51 1.22026e+48 4.64348e+42 0 0 0
6.04296 1.16649e+49 1.16649e+49 1.16674e+49 1.16674e+49 1.16674e+49 0 0 2.75201e+51 1.05675e+48 4.64348e+42 0 0 0
6.97831 8.77158e+48 8.77158e+48 8.77314e+48 8.77315e+48 8.77315e+48 0 0 2.62759e+51 9.15128e+47 4.64348e+42 0 0 0
8.05842 6.60242e+48 6.60242e+48 6.60343e+48 6.60344e+48 6.60344e+48 0 0 2.41914e+51 7.9247e+47 4.64348e+42 0 0 0
9.30572 4.97472e+48 4.97472e+48 4.97542e+48 4.97543e+48 4.97543e+48 0 0 2.13191e+51 6.86243e+47 4.64348e+42 0 0 0
10.7461 3.75221e+48 3.75221e+48 3.75272e+48 3.75272e+48 3.75272e+48 0 0 1.78278e+51 5.94247e+47 4.64348e+42 0 0 0
12.4094 2.83313e+48 2.83313e+48 2.83352e+48 2.83352e+48 2.83352e+48 0 0 1.40026e+51 5.14577e+47 4.64348e+42 0 0 0
14.3301 2.14147e+48 2.14147e+48 2.14179e+48 2.14179e+48 2.14179e+48 0 0 1.02084e+51 4.45584e+47 4.64348e+42 0 0 0
16.5482 1.62042e+48 1.62042e+48 1.62068e+48 1.62069e+48 1.62069e+48 0 0 6.81472e+50 3.85837e+47 4.64348e+42 0 0 0
19.1095 1.22749e+48 1.22749e+48 1.22771e+48 1.22771e+48 1.22771e+48 0 0 4.10188e+50 3.34097e+47 4.64348e+42 0 0 0
22.0673 9.30841e+47 9.30841e+47 9.3103e+47 9.3103e+47 9.3103e+47 0 0 2.18771e+50 2.89291e+47 4.64348e+42 0 0 0
25.483 7.06646e+47 7.06646e+47 7.06809e+47 7.06809e+47 7.06809e+47 0 0 1.01368e+50 2.50491e+47 4.64348e+42 0 0 0
29.4273 5.37018e+47 5.37018e+47 5.37161e+47 5.37161e+47 5.37161e+47 0 0 3.99023e+49 2.16891e+47 4.64348e+42 0 0 0
33.9821 4.08535e+47 4.08535e+47 4.08659e+47 4.08659e+47 4.08659e+47 0 0 1.30068e+49 1.87795e+47 4.64348e+42 0 0 0
39.2419 3.11107e+47 3.11107e+47 3.11216e+47 3.11216e+47 3.11216e+47 0 0 3.40937e+48 1.62599e+47 4.64348e+42 0 0 0
45.3158 2.37145e+47 2.37145e+47 2.37242e+47 2.37242e+47 2.37242e+47 0 0 6.9476e+47 1.40779e+47 4.64348e+42 0 0 0
52.3299 1.80936e+47 1.80936e+47 1.81021e+47 1.81021e+47 1.81021e+47 0 0 1.05857e+47 1.21885e+47 4.64348e+42 0 0 0
60.4296 1.38171e+47 1.38171e+47 1.38246e+47 1.38246e+47 1.38246e+47 0 0 1.15288e+46 1.05522e+47 4.64348e+42 0 0 0
69.7831 1.05599e+47 1.05599e+47 1.05665e+47 1.05665e+47 1.05665e+47 0 0 8.52029e+44 9.13533e+46 4.64348e+42 0 0 0
80.5842 8.07652e+46 8.07652e+46 8.08234e+46 8.08234e+46 8.08234e+46 0 0 4.02409e+43 7.90834e+46 4.64348e+42 0 0 0
93.0572 6.18111e+46 6.18111e+46 6.18626e+46 6.18626e+46 6.18626e+46 0 0 1.13325e+42 6.84581e+46 4.64348e+42 0 0 0
107.461 4.73309e+46 4.73309e+46 4.73764e+46 4.73764e+46 4.73764e+46 0 0 1.75659e+40 5.9257e+46 4.64348e+42 0 0 0
124.094 3.62586e+46 3.62586e+46 3.62988e+46 3.62988e+46 3.62988e+46 0 0 1.36636e+38 5.12892e+46 4.64348e+42 0 0 0
143.301 2.7785e+46 2.7785e+46 2.78207e+46 2.78207e+46 2.78207e+46 0 0 4.7936e+35 4.43893e+46 4.64348e+42 0 0 0
165.482 2.12956e+46 2.12956e+46 2.13271e+46 2.13271e+46 2.13271e+46 0 0 6.70556e+32 3.84143e+46 4.64348e+42 0 0 0
191.095 1.63225e+46 1.63225e+46 1.63504e+46 1.63504e+46 1.63504e+46 0 0 3.24398e+29 3.32402e+46 4.64348e+42 0 0 0
220.673 1.25095e+46 1.25095e+46 1.25342e+46 1.25342e+46 1.25342e+46 0 0 4.60485e+25 2.87596e+46 4.64348e+42 0 0 0
254.83 9.58506e+45 9.58506e+45 9.60693e+45 9.60693e+45 9.60693e+45 0 0 1.58645e+21 2.48796e+46 4.64348e+42 0 0 0
294.273 7.34161e+45 7.34161e+45 7.36095e+45 7.36095e+45 7.36095e+45 0 0 1.06544e+16 2.15197e+46 4.64348e+42 0 0 0
339.821 5.62053e+45 5.62053e+45 5.63763e+45 5.63763e+45 5.63763e+45 0 0 1.08296e+10 1.86102e+46 4.64348e+42 0 0 0
392.419 4.3004e+45 4.3004e+45 4.31551e+45 4.31551e+45 4.31551e+45 0 0 1243.81 1.60907e+46 4.64348e+42 0 0 0
453.158 3.28814e+45 3.28814e+45 3.30149e+45 3.30149e+45 3.30149e+45 0 0 1.15181e-05 1.3909e+46 4.64348e+42 0 0 0
523.299 2.51235e+45 2.51235e+45 2.52413e+45 2.52413e+45 2.52413e+45 0 0 5.82424e-15 1.20197e+46 4.64348e+42 0 0 0
604.296 1.91817e+45 1.91817e+45 1.92856e+45 1.92856e+45 1.92856e+45 0 0 1.02536e-25 1.03837e+46 4.64348e+42 0 0 0
697.831 1.46344e+45 1.46344e+45 1.4726e+45 1.4726e+45 1.4726e+45 0 0 3.73749e-38 8.96709e+45 4.64348e+42 0 0 0
805.842 1.11574e+45 1.11574e+45 1.12381e+45 1.12381e+45 1.12381e+45 0 0 1.5478e-52 7.74042e+45 4.64348e+42 0 0 0
930.572 8.50127e+44 8.50127e+44 8.57229e+44 8.57229e+44 8.57229e+44 0 0 3.6416e-69 6.67826e+45 4.64348e+42 0 0 0
1074.61 6.47406e+44 6.47406e+44 6.53656e+44 6.53656e+44 6.53656e+44 0 0 2.18647e-88 5.75857e+45 4.64348e+42 0 0 0
1240.94 4.92823e+44 4.92823e+44 4.98321e+44 4.98321e+44 4.98321e+44 0 0 1.32952e-110 4.96228e+45 4.64348e+42 0 0 0
1433.01 3.7504e+44 3.7504e+44 3.79875e+44 3.79875e+44 3.79875e+44 0 0 2.81616e-136 4.27286e+45 4.64348e+42 0 0 0
1654.82 2.85353e+44 2.85353e+44 2.89606e+44 2.89606e+44 2.89606e+44 0 0 6.05886e-166 3.67601e+45 4.64348e+42 0 0 0
1910.95 2.17092e+44 2.17092e+44 2.20833e+44 2.20833e+44 2.20833e+44 0 0 3.19022e-200 3.15934e+45 4.64348e+42 0 0 0
2206.73 1.65155e+44 1.65155e+44 1.68446e+44 1.68446e+44 1.68446e+44 0 0 7.94686e-240 2.71214e+45 4.64348e+42 0 0 0
2548.3 1.25643e+44 1.25643e+44 1.28538e+44 1.28538e+44 1.28538e+44 0 0 0 2.32511e+45 4.64348e+42 0 0 0
2942.73 9.55821e+43 9.55821e+43 9.81301e+43 9.81301e+43 9.81301e+43 0 0 0 1.99024e+45 4.64348e+42 0 0 0
3398.21 7.27082e+43 7.27082e+43 7.4951e+43 7.4951e+43 7.4951e+43 0 0 0 1.70057e+45 4.64348e+42 0 0 0
3924.19 5.52987e+43 5.52987e+43 5.72731e+43 5.72731e+43 5.72731e+43 0 0 0 1.45008e+45 4.64348e+42 0 0 0
4531.58 4.20443e+43 4.20443e+43 4.37826e+43 4.37826e+43 4.37826e+43 0 0 0 1.23356e+45 4.64348e+42 0 0 0
5232.99 3.20721e+43 3.20721e+43 3.35429e+43 3.35429e+43 3.35429e+43 0 0 0 1.05051e+45 4.64348e+42 0 0 0
6042.96 2.43836e+43 2.43836e+43 2.56709e+43 2.56709e+43 2.56709e+43 0 0 0 8.89531e+44 4.64348e+42 0 0 0
6978.31 1.85257e+43 1.85257e+43 1.96511e+43 1.96511e+43 1.96511e+43 0 0 0 7.50801e+44 4.64348e+42 0 0 0
8058.42 1.40623e+43 1.40623e+43 1.50446e+43 1.50446e+43 1.50446e+43 0 0 0 6.31407e+44 4.64348e+42 0 0 0
9305.72 1.06617e+43 1.06617e+43 1.15175e+43 1.15175e+43 1.15175e+43 0 0 0 5.28824e+44 4.64348e+42 0 0 0
10746.1 8.07158e+42 8.07158e+42 8.81558e+42 8.81558e+42 8.81558e+42 0 0 0 4.40869e+44 4.64348e+42 0 0 0
12409.4 6.09992e+42 6.09992e+42 6.74495e+42 6.74495e+42 6.74495e+42 0 0 0 3.65647e+44 4.64348e+42 0 0 0
14330.1 4.60031e+42 4.60031e+42 5.15778e+42 5.15778e+42 5.15778e+42 0 0 0 3.01511e+44 4.64348e+42 0 0 0
16548.2 3.46111e+42 3.46111e+42 3.94117e+42 3.94117e+42 3.94117e+42 0 0 0 2.47032e+44 4.64348e+42 0 0 0
19109.5 2.59706e+42 2.59706e+42 3.00876e+42 3.00876e+42 3.00876e+42 0 0 0 2.00959e+44 4.64348e+42 0 0 0
22067.3 1.94302e+42 1.94302e+42 2.29447e+42 2.29447e+42 2.29447e+42 0 0 0 1.62197e+44 4.64348e+42 0 0 0
25483 1.44914e+42 1.44914e+42 1.74763e+42 1.74763e+42 1.74763e+42 0 0 0 1.29783e+44 4.64348e+42 0 0 0
29427.3 1.07725e+42 1.07725e+42 1.32937e+42 1.32937e+42 1.32937e+42 0 0 0 1.02867e+44 4.64348e+42 0 0 0
33982.1 7.98134e+41 7.98134e+41 1.00982e+42 1.00982e+42 1.00982e+42 0 0 0 8.06931e+43 4.64348e+42 0 0 0
39241.9 5.89394e+41 5.89394e+41 7.6601e+41 7.6601e+41 7.6601e+41 0 0 0 6.25894e+43 4.64348e+42 0 0 0
45315.8 4.33887e+41 4.33887e+41 5.80278e+41 5.80278e+41 5.80278e+41 0 0 0 4.7956e+43 4.64348e+42 0 0 0
52329.9 3.18502e+41 3.18502e+41 4.3902e+41 4.3902e+41 4.3902e+41 0 0 0 3.6258e+43 4.64348e+42 0 0 0
60429.6 2.33233e+41 2.33233e+41 3.3177e+41 3.3177e+41 3.3177e+41 0 0 0 2.70195e+43 4.64348e+42 0 0 0
69783.1 1.70469e+41 1.70469e+41 2.50479e+41 2.50479e+41 2.50479e+41 0 0 0 1.98195e+43 4.64348e+42 0 0 0
80584.2 1.24438e+41 1.24438e+41 1.88963e+41 1.88963e+41 1.88963e+41 0 0 0 1.42885e+43 4.64348e+42 0 0 0
93057.2 9.07878e+40 9.07878e+40 1.4248e+41 1.4248e+41 1.4248e+41 0 0 0 1.0106e+43 4.64348e+42 0 0 0
107461 6.62522e+40 6.62522e+40 1.07398e+41 1.07398e+41 1.07398e+41 0 0 0 6.99734e+42 4.64348e+42 0 0 0
124094 4.83959e+40 4.83959e+40 8.09483e+40 8.09483e+40 8.09483e+40 0 0 0 4.73041e+42 4.64348e+42 0 0 0
143301 3.54139e+40 3.54139e+40 6.10196e+40 6.10196e+40 6.10196e+40 0 0 0 3.11229e+42 4.64348e+42 0 0 0
165482 2.59768e+40 2.59768e+40 4.60097e+40 4.60097e+40 4.60097e+40 0 0 0 1.98505e+42 4.64348e+42 0 0 0
191095 1.91113e+40 1.91113e+40 3.47056e+40 3.47056e+40 3.47056e+40 0 0 0 1.22154e+42 4.64348e+42 0 0 0
220673 1.41085e+40 1.41085e+40 2.61909e+40 2.61909e+40 2.61909e+40 0 0 0 7.2111e+41 4.64348e+42 0 0 0
254830 1.04542e+40 1.04542e+40 1.97748e+40 1.97748e+40 1.97748e+40 0 0 0 4.05591e+41 4.64348e+42 0 0 0
294273 7.77699e+39 7.77699e+39 1.49378e+40 1.49378e+40 1.49378e+40 0 0 0 2.15609e+41 4.64348e+42 0 0 0
339821 5.80882e+39 5.80882e+39 1.12891e+40 1.12891e+40 1.12891e+40 0 0 0 1.07306e+41 4.64348e+42 0 0 0
392419 4.35644e+39 4.35644e+39 8.53522e+39 8.53522e+39 8.53522e+39 0 0 0 4.94508e+40 4.64348e+42 0 0 0
453158 3.28047e+39 3.28047e+39 6.45559e+39 6.45559e+39 6.45559e+39 0 0 0 2.08324e+40 4.64348e+42 0 0 0
523299 2.48015e+39 2.48015e+39 4.88437e+39 4.88437e+39 4.88437e+39 3.43089e+31 1.18573e+36 0 7.90457e+39 4.64348e+42 0 0 0
604296 1.88246e+39 1.88246e+39 3.69679e+39 3.69679e+39 3.69679e+39 5.33307e+31 1.19068e+36 0 2.65536e+39 4.64348e+42 0 0 0
697831 1.43429e+39 1.43429e+39 2.79885e+39 2.79885e+39 2.79885e+39 7.23525e+31 1.19563e+36 0 7.74193e+38 4.64348e+42 0 0 0
805842 1.09686e+39 1.09686e+39 2.11967e+39 2.11967e+39 2.11967e+39 9.13743e+31 1.20058e+36 0 1.9146e+38 4.64348e+42 0 0 0
930572 8.41783e+38 8.41783e+38 1.6058e+39 1.6058e+39 1.6058e+39 1.10396e+32 1.20553e+36 0 3.91089e+37 4.64348e+42 0 0 0
1.07461e+06 6.48158e+38 6.48158e+38 1.21687e+39 1.21687e+39 1.21687e+39 1.40289e+32 1.21162e+36 0 6.39906e+36 4.64348e+42 0 0 0
1.24094e+06 5.00561e+38 5.00561e+38 9.22366e+38 9.22366e+38 9.22366e+38 1.89096e+32 1.21299e+36 0 8.09445e+35 4.64348e+42 0 0 0
1.43301e+06 3.87547e+38 3.87547e+38 6.99256e+38 6.99256e+38 6.99256e+38 2.53621e+32 1.21472e+36 0 7.59735e+34 4.64348e+42 0 0 0
1.65482e+06 3.00634e+38 3.00634e+38 5.30138e+38 5.30138e+38 5.30138e+38 3.39233e+32 1.21694e+36 0 5.04608e+33 4.64348e+42 0 0 0
1.91095e+06 2.33528e+38 2.33528e+38 4.01882e+38 4.01882e+38 4.01882e+38 4.62197e+32 1.22e+36 0 2.24552e+32 4.64348e+42 0 0 0
2.20673e+06 1.81538e+38 1.81538e+38 3.04572e+38 3.04572e+38 3.04572e+38 6.20455e+32 1.22394e+36 0 6.286e+30 4.64348e+42 0 0 0
2.5483e+06 1.41146e+38 1.41146e+38 2.3072e+38 2.3072e+38 2.3072e+38 8.29091e+32 1.22909e+36 0 1.02934e+29 4.64348e+42 0 0 0
2.94273e+06 1.09697e+38 1.09697e+38 1.74661e+38 1.74661e+38 1.74661e+38 1.10702e+33 1.23586e+36 0 9.0669e+26 4.64348e+42 0 0 0
3.39821e+06 8.51746e+37 8.51746e+37 1.32111e+38 1.32111e+38 1.32111e+38 1.50966e+33 1.24537e+36 0 3.90027e+24 4.64348e+42 0 0 0
3.92419e+06 6.60384e+37 6.60384e+37 9.98214e+37 9.98214e+37 9.98214e+37 2.03739e+33 1.25781e+36 0 7.32878e+21 4.64348e+42 0 0 0
4.53158e+06 5.11046e+37 5.11046e+37 7.53311e+37 7.53311e+37 7.53311e+37 2.75224e+33 1.27402e+36 0 5.28932e+18 4.64348e+42 0 0 0
5.23299e+06 3.94578e+37 3.94578e+37 5.677e+37 5.677e+37 5.677e+37 3.71101e+33 1.2949e+36 0 1.26396e+15 4.64348e+42 0 0 0
6.04296e+06 3.03864e+37 3.03864e+37 4.2717e+37 4.2717e+37 4.2717e+37 5.07754e+33 1.32373e+36 0 8.4263e+10 4.64348e+42 0 0 0
6.97831e+06 2.33343e+37 2.33343e+37 3.20906e+37 3.20906e+37 3.20906e+37 6.85717e+33 1.35858e+36 0 1.28605e+06 4.64348e+42 0 0 0
8.05842e+06 1.78654e+37 1.78654e+37 2.40673e+37 2.40673e+37 2.40673e+37 9.19972e+33 1.40126e+36 0 3.57679 4.64348e+42 0 0 0
9.30572e+06 1.36366e+37 1.36366e+37 1.802e+37 1.802e+37 1.802e+37 1.23328e+34 1.44996e+36 0 1.39297e-06 4.64348e+42 0 0 0
1.07461e+07 1.03776e+37 1.03776e+37 1.3471e+37 1.3471e+37 1.3471e+37 1.66513e+34 1.51554e+36 0 5.60444e-14 4.64348e+42 0 0 0
1.24094e+07 7.87484e+36 7.87484e+36 1.00561e+37 1.00561e+37 1.00561e+37 2.20179e+34 1.57771e+36 0 1.63975e-22 4.64348e+42 0 0 0
1.43301e+07 5.96029e+36 5.96029e+36 7.49823e+36 7.49823e+36 7.49823e+36 2.85967e+34 1.63917e+36 0 2.32601e-32 4.64348e+42 0 0 0
1.65482e+07 4.50159e+36 4.50159e+36 5.58692e+36 5.58692e+36 5.58692e+36 3.64943e+34 1.69727e+36 0 1.0017e-43 4.64348e+42 0 0 0
1.91095e+07 3.39511e+36 3.39511e+36 4.16264e+36 4.16264e+36 4.16264e+36 4.62245e+34 1.74845e+36 0 7.62802e-57 4.64348e+42 0 0 0
2.20673e+07 2.55877e+36 2.55877e+36 3.10331e+36 3.10331e+36 3.10331e+36 5.65024e+34 1.79175e+36 0 5.50241e-72 4.64348e+42 0 0 0
2.5483e+07 1.92946e+36 1.92946e+36 2.31767e+36 2.31767e+36 2.31767e+36 6.76848e+34 1.82157e+36 0 1.82868e-89 4.64348e+42 0 0 0
2.94273e+07 1.45753e+36 1.45753e+36 1.73607e+36 1.73607e+36 1.73607e+36 7.89167e+34 1.82178e+36 0 1.21812e-109 4.64348e+42 0 0 0
3.39821e+07 1.10505e+36 1.10505e+36 1.30663e+36 1.30663e+36 1.30663e+36 9.01566e+34 1.78717e+36 0 6.21988e-133 4.64348e+42 0 0 0
3.92419e+07 8.41719e+35 8.41719e+35 9.89026e+35 9.89026e+35 9.89026e+35 9.95123e+34 1.717e+36 0 8.02378e-160 4.64348e+42 0 0 0
4.53158e+07 6.45708e+35 6.45708e+35 7.54688e+35 7.54688e+35 7.54688e+35 1.07646e+35 1.62376e+36 0 7.25815e-191 4.64348e+42 0 0 0
5.23299e+07 4.99748e+35 4.99748e+35 5.81516e+35 5.81516e+35 5.81516e+35 1.14011e+35 1.51575e+36 0 1.04786e-226 4.64348e+42 0 0 0
6.04296e+07 3.90439e+35 3.90439e+35 4.52691e+35 4.52691e+35 4.52691e+35 1.17686e+35 1.38227e+36 0 4.37005e-268 4.64348e+42 0 0 0
6.97831e+07 3.07904e+35 3.07904e+35 3.55985e+35 3.55985e+35 3.55985e+35 1.18348e+35 1.22872e+36 0 0 4.64348e+42 0 0 0
8.05842e+07 2.45041e+35 2.45041e+35 2.827e+35 2.827e+35 2.827e+35 1.16284e+35 1.05714e+36 0 0 4.64348e+42 0 0 0
9.30572e+07 1.96439e+35 1.96439e+35 2.26286e+35 2.26286e+35 2.26286e+35 1.11569e+35 8.73858e+35 0 0 4.64348e+42 0 0 0
1.07461e+08 1.58014e+35 1.58014e+35 1.81853e+35 1.81853e+35 1.81853e+35 1.0418e+35 6.86139e+35 0 0 4.64348e+42 75.3459 0 0
1.24094e+08 1.2762e+35 1.2762e+35 1.46814e+35 1.46814e+35 1.46814e+35 9.55736e+34 5.32231e+35 0 0 4.64348e+42 66.1926 0 0
1.43301e+08 1.02999e+35 1.02999e+35 1.18498e+35 1.18498e+35 1.18498e+35 8.57294e+34 4.04894e+35 0 0 4.64348e+42 58.1513 0 0
1.65482e+08 8.26789e+34 8.26789e+34 9.51675e+34 9.51675e+34 9.51675e+34 7.49639e+34 3.02939e+35 0 0 4.64348e+42 51.0869 0 0
1.91095e+08 6.52129e+34 6.52129e+34 7.51298e+34 7.51298e+34 7.51298e+34 6.28912e+34 2.19108e+35 0 0 4.64348e+42 44.8807 0 0
2.20673e+08 5.12568e+34 5.12568e+34 5.91243e+34 5.91243e+34 5.91243e+34 5.21731e+34 1.6123e+35 0 0 4.64348e+42 39.4284 0 0
2.5483e+08 3.98323e+34 3.98323e+34 4.60176e+34 4.60176e+34 4.60176e+34 4.23162e+34 1.17585e+35 0 0 4.64348e+42 34.6385 0 0
2.94273e+08 3.05732e+34 3.05732e+34 3.53854e+34 3.53854e+34 3.53854e+34 3.35751e+34 8.498e+34 0 0 4.64348e+42 30.4305 0 0
3.39821e+08 2.2888e+34 2.2888e+34 2.65458e+34 2.65458e+34 2.65458e+34 2.55875e+34 6.02556e+34 0 0 4.64348e+42 27.9132 0 0
3.92419e+08 1.71731e+34 1.71731e+34 1.99638e+34 1.99638e+34 1.99638e+34 1.95745e+34 4.37145e+34 0 0 4.64348e+42 26.7337 0 0
4.53158e+08 1.27772e+34 1.27772e+34 1.48909e+34 1.48909e+34 1.48909e+34 1.47839e+34 3.1607e+34 0 0 4.64348e+42 25.6041 0 0
5.23299e+08 9.39107e+33 9.39107e+33 1.09742e+34 1.09742e+34 1.09742e+34 1.09626e+34 2.27789e+34 0 0 4.64348e+42 24.5222 0 0
6.04296e+08 6.85533e+33 6.85533e+33 8.0339e+33 8.0339e+33 8.0339e+33 8.05014e+33 1.62436e+34 0 0 4.64348e+42 23.486 0 0
6.97831e+08 5.05395e+33 5.05395e+33 5.94064e+33 5.94064e+33 5.94064e+33 6.01096e+33 1.18431e+34 0 0 4.64348e+42 22.4936 0 0
8.05842e+08 3.70981e+33 3.70981e+33 4.37436e+33 4.37436e+33 4.37436e+33 4.46464e+33 8.62228e+33 0 0 4.64348e+42 21.5432 0 0
9.30572e+08 2.70795e+33 2.70795e+33 3.20342e+33 3.20342e+33 3.20342e+33 3.29306e+33 6.26304e+33 0 0 4.64348e+42 20.6329 0 0
1.07461e+09 1.9569e+33 1.9569e+33 2.32271e+33 2.32271e+33 2.32271e+33 2.39597e+33 4.48297e+33 0 0 4.64348e+42 20.7072 0 0
1.24094e+09 1.43353e+33 1.43353e+33 1.70737e+33 1.70737e+33 1.70737e+33 1.78511e+33 3.28548e+33 0 0 4.64348e+42 21.7769 0 0
1.43301e+09 1.04959e+33 1.04959e+33 1.2545e+33 1.2545e+33 1.2545e+33 1.33228e+33 2.4011e+33 0 0 4.64348e+42 22.9019 0 0
1.65482e+09 7.65455e+32 7.65455e+32 9.18187e+32 9.18187e+32 9.18187e+32 9.90892e+32 1.74919e+33 0 0 4.64348e+42 24.085 0 0
1.91095e+09 5.52615e+32 5.52615e+32 6.65307e+32 6.65307e+32 6.65307e+32 7.27623e+32 1.25242e+33 0 0 4.64348e+42 25.3292 0 0
2.20673e+09 4.03954e+32 4.03954e+32 4.88139e+32 4.88139e+32 4.88139e+32 5.46048e+32 9.19494e+32 0 0 4.64348e+42 26.6377 0 0
2.5483e+09 2.94225e+32 2.94225e+32 3.56883e+32 3.56883e+32 3.56883e+32 4.0853e+32 6.73046e+32 0 0 4.64348e+42 28.0138 0 0
2.94273e+09 2.13263e+32 2.13263e+32 2.59666e+32 2.59666e+32 2.59666e+32 3.04136e+32 4.9096e+32 0 0 4.64348e+42 29.461 0 0
3.39821e+09 1.52369e+32 1.52369e+32 1.86237e+32 1.86237e+32 1.86237e+32 2.22197e+32 3.51938e+32 0 0 4.64348e+42 30.9829 0 0
3.92419e+09 1.10433e+32 1.10433e+32 1.35507e+32 1.35507e+32 1.35507e+32 1.66182e+32 2.584e+32 0 0 4.64348e+42 32.5834 0 0
4.53158e+09 7.96871e+31 7.96871e+31 9.81862e+31 9.81862e+31 9.81862e+31 1.2386e+32 1.88991e+32 0 0 4.64348e+42 34.2667 0 0
5.23299e+09 5.69923e+31 5.69923e+31 7.06599e+31 7.06599e+31 7.06599e+31 9.19877e+31 1.37618e+32 0 0 4.64348e+42 36.0369 0 0
6.04296e+09 3.88284e+31 3.88284e+31 4.91131e+31 4.91131e+31 4.91131e+31 6.68836e+31 9.85448e+31 0 0 4.64348e+42 37.8985 0 0
6.97831e+09 2.31044e+31 2.31044e+31 3.19792e+31 3.19792e+31 3.19792e+31 4.99113e+31 7.22127e+31 0 0 4.64348e+42 39.8563 0 0
8.05842e+09 8.21604e+30 8.21604e+30 1.63934e+31 1.63934e+31 1.63934e+31 3.71172e+31 5.27567e+31 0 0 4.64348e+42 41.9152 0 0
9.30572e+09 8.7989e+29 8.7989e+29 6.00485e+30 6.00485e+30 6.00485e+30 2.7421e+31 3.84238e+31 0 0 4.64348e+42 44.0806 0 0
1.07461e+10 8.46701e+27 8.46701e+27 1.80907e+30 1.80907e+30 1.80907e+30 1.98829e+31 2.75809e+31 0 0 4.64348e+42 49.4592 0 0
1.24094e+10 7.20835e+23 7.20835e+23 5.54717e+29 5.54717e+29 5.54717e+29 1.4711e+31 2.02669e+31 0 0 4.64348e+42 59.2069 0 0
1.43301e+10 1.13005e+16 1.13005e+16 1.83497e+29 1.83497e+29 1.83497e+29 1.08145e+31 1.48518e+31 0 0 4.64348e+42 70.8756 0 0
1.65482e+10 205.882 205.882 6.67619e+28 6.67619e+28 6.67619e+28 7.92396e+30 1.08473e+31 0 0 4.64348e+42 84.8442 0 0
1.91095e+10 1.86533e-20 1.86533e-20 2.62642e+28 2.62642e+28 2.62642e+28 5.69031e+30 7.78111e+30 0 0 4.64348e+42 101.566 0 0
2.20673e+10 8.61851e-53 8.61851e-53 1.14651e+28 1.14651e+28 1.14651e+28 4.18468e+30 5.71784e+30 0 0 4.64348e+42 121.583 34.7254 0
2.5483e+10 1.47907e-96 1.47907e-96 5.3809e+27 5.3809e+27 5.3809e+27 3.06626e+30 4.18645e+30 0 0 4.64348e+42 145.545 22.9578 0
2.94273e+10 1.17997e-151 1.17997e-151 2.69028e+27 2.69028e+27 2.69028e+27 2.23941e+30 3.05352e+30 0 0 4.64348e+42 174.23 15.5417 0
3.39821e+10 1.10567e-216 1.10567e-216 1.40031e+27 1.40031e+27 1.40031e+27 1.60243e+30 2.18339e+30 0 0 4.64348e+42 208.568 10.7604 0
3.92419e+10 4.43126e-289 4.43126e-289 7.84412e+26 7.84412e+26 7.84412e+26 1.17937e+30 1.60341e+30 0 0 4.64348e+42 249.673 7.61059 0
4.53158e+10 0 0 4.58032e+26 4.58032e+26 4.58032e+26 8.65848e+29 1.17429e+30 0 0 4.64348e+42 298.88 5.49245 0
5.23299e+10 0 0 2.77371e+26 2.77371e+26 2.77371e+26 6.34495e+29 8.57375e+29 0 0 4.64348e+42 357.785 4.04008 0
6.04296e+10 0 0 1.70901e+26 1.70901e+26 1.70901e+26 4.56626e+29 6.13546e+29 0 0 4.64348e+42 428.299 3.02568 0
6.97831e+10 0 0 1.11052e+26 1.11052e+26 1.11052e+26 3.37765e+29 4.51497e+29 0 0 4.64348e+42 512.71 2.3047 0
8.05842e+10 0 0 7.38623e+25 7.38623e+25 7.38623e+25 2.49108e+29 3.31404e+29 0 0 4.64348e+42 613.758 1.78376 0
9.30572e+10 0 0 5.01302e+25 5.01302e+25 5.01302e+25 1.83173e+29 2.42496e+29 0 0 4.64348e+42 734.72 1.40144 0
1.07461e+11 0 0 3.40687e+25 3.40687e+25 3.40687e+25 1.31933e+29 1.73723e+29 0 0 4.64348e+42 879.523 1.11671 0
1.24094e+11 0 0 2.41326e+25 2.41326e+25 2.41326e+25 9.74968e+28 1.27967e+29 0 0 4.64348e+42 1052.86 0.901709 0
1.43301e+11 0 0 1.73122e+25 1.73122e+25 1.73122e+25 7.1777e+28 9.39769e+28 0 0 4.64348e+42 1260.37 0.737233 0
1.65482e+11 0 0 1.25496e+25 1.25496e+25 1.25496e+25 5.26188e+28 6.87674e+28 0 0 4.64348e+42 1508.77 0.609868 0
1.91095e+11 0 0 9.02996e+24 9.02996e+24 9.02996e+24 3.77582e+28 4.92204e+28 0 0 4.64348e+42 1806.12 0.510106 0
2.20673e+11 0 0 6.73782e+24 6.73782e+24 6.73782e+24 2.78216e+28 3.62307e+28 0 0 4.64348e+42 2162.08 0.431129 0
2.5483e+11 0 0 5.06216e+24 5.06216e+24 5.06216e+24 2.04273e+28 2.65837e+28 0 0 4.64348e+42 2588.2 0.367983 0
2.94273e+11 0 0 3.82478e+24 3.82478e+24 3.82478e+24 1.49439e+28 1.9433e+28 0 0 4.64348e+42 3098.29 0.317029 0
3.39821e+11 0 0 2.85522e+24 2.85522e+24 2.85522e+24 1.07059e+28 1.38894e+28 0 0 4.64348e+42 0 0.275565 0
3.92419e+11 0 0 2.20363e+24 2.20363e+24 2.20363e+24 7.88073e+27 1.02123e+28 0 0 4.64348e+42 0 0.241562 0
4.53158e+11 0 0 1.7061e+24 1.7061e+24 1.7061e+24 5.78113e+27 7.48374e+27 0 0 4.64348e+42 0 0.213483 0
5.23299e+11 0 0 1.32385e+24 1.32385e+24 1.32385e+24 4.22554e+27 5.46315e+27 0 0 4.64348e+42 0 0.190154 0
6.04296e+11 0 0 1.01106e+24 1.01106e+24 1.01106e+24 3.02288e+27 3.89754e+27 0 0 4.64348e+42 0 0.170669 0
6.97831e+11 0 0 7.96668e+23 7.96668e+23 7.96668e+23 2.22274e+27 2.86119e+27 0 0 4.64348e+42 0 0.154323 0
8.05842e+11 0 0 6.28048e+23 6.28048e+23 6.28048e+23 1.62862e+27 2.09308e+27 0 0 4.64348e+42 0 0.140565 0
9.30572e+11 0 0 4.95002e+23 4.95002e+23 4.95002e+23 1.18888e+27 1.52503e+27 0 0 4.64348e+42 0 0.12896 0
1.07461e+12 0 0 3.82887e+23 3.82887e+23 3.82887e+23 8.48945e+26 1.0853e+27 0 0 4.64348e+42 0 0.119166 0
1.24094e+12 0 0 3.05085e+23 3.05085e+23 3.05085e+23 6.23287e+26 7.94977e+26 0 0 4.64348e+42 0 0.110908 0
1.43301e+12 0 0 2.42682e+23 2.42682e+23 2.42682e+23 4.55939e+26 5.8016e+26 0 0 4.64348e+42 0 0.103969 0
1.65482e+12 3.80878e-280 3.80878e-280 1.92573e+23 1.92573e+23 1.92573e+23 3.32229e+26 4.21577e+26 0 0 4.64348e+42 0 0.098177 0
1.91095e+12 6.65677e-253 6.65678e-253 1.49555e+23 1.49555e+23 1.49555e+23 2.36664e+26 2.99e+26 0 0 4.64348e+42 0 0.0933933 0
2.20673e+12 1.35359e-227 1.35359e-227 1.1944e+23 1.1944e+23 1.1944e+23 1.73389e+26 2.18345e+26 0 0 4.64348e+42 0 0.0895108 0
2.5483e+12 3.39674e-204 3.39675e-204 9.49876e+22 9.49876e+22 9.49876e+22 1.26542e+26 1.58807e+26 0 0 4.64348e+42 0 0.0864461 0
2.94273e+12 1.21197e-182 1.21197e-182 7.51506e+22 7.51506e+22 7.51506e+22 9.19757e+25 1.1497e+26 0 0 4.64348e+42 0 0.0841374 0
3.39821e+12 7.21256e-163 7.21256e-163 5.79741e+22 5.79741e+22 5.79741e+22 6.53009e+25 8.11539e+25 0 0 4.64348e+42 0 0.082541 0
3.92419e+12 9.24413e-145 9.24414e-145 4.58703e+22 4.58703e+22 4.58703e+22 4.7701e+25 5.90102e+25 0 0 4.64348e+42 0 0.08163 0
4.53158e+12 3.07853e-128 3.07853e-128 3.60035e+22 3.60035e+22 3.60035e+22 3.47005e+25 4.27183e+25 0 0 4.64348e+42 0 0.0813928 0
5.23299e+12 3.34678e-113 3.34679e-113 2.79945e+22 2.79945e+22 2.79945e+22 2.51323e+25 3.07668e+25 0 0 4.64348e+42 0 0.0818329 0
6.04296e+12 1.46678e-99 1.46678e-99 2.11104e+22 2.11104e+22 2.11104e+22 1.7761e+25 2.15734e+25 0 0 4.64348e+42 0 0.0829683 0
6.97831e+12 3.43704e-87 3.43705e-87 1.62631e+22 1.62631e+22 1.62631e+22 1.29205e+25 1.5594e+25 0 0 4.64348e+42 0 0.0848322 0
8.05842e+12 5.21021e-76 5.21022e-76 1.23657e+22 1.23657e+22 1.23657e+22 9.35668e+24 1.12155e+25 0 0 4.64348e+42 0 0.0874729 0
9.30572e+12 6.34004e-66 6.34004e-66 9.26716e+21 9.26716e+21 9.26716e+21 6.74302e+24 8.02011e+24 0 0 4.64348e+42 0 0.0909553 0
1.07461e+13 7.45502e-57 7.45503e-57 6.69628e+21 6.69628e+21 6.69628e+21 4.73451e+24 5.57184e+24 0 0 4.64348e+42 0 0.0953611 0
1.24094e+13 1.0893e-48 1.0893e-48 4.92873e+21 4.92873e+21 4.92873e+21 3.42441e+24 3.99475e+24 0 0 4.64348e+42 0 0.10079 0
1.43301e+13 2.29789e-41 2.29789e-41 3.56852e+21 3.56852e+21 3.56852e+21 2.46426e+24 2.84754e+24 0 0 4.64348e+42 0 0.10736 0
1.65482e+13 8.31625e-35 8.31627e-35 2.54067e+21 2.54067e+21 2.54067e+21 1.76358e+24 2.01634e+24 0 0 4.64348e+42 0 0.115206 0
1.91095e+13 5.93165e-29 5.93166e-29 1.73986e+21 1.73986e+21 1.73986e+21 1.22717e+24 1.38305e+24 0 0 4.64348e+42 0 0.12448 0
2.20673e+13 1.02687e-23 1.02687e-23 1.21612e+21 1.21612e+21 1.21612e+21 8.80529e+23 9.80569e+23 0 0 4.64348e+42 0 0.135345 0
2.5483e+13 4.77691e-19 4.77692e-19 8.37402e+20 8.37402e+20 8.37402e+20 6.28114e+23 6.90504e+23 0 0 4.64348e+42 0 0.147968 0
2.94273e+13 6.77841e-15 6.77844e-15 5.68417e+20 5.68417e+20 5.68417e+20 4.45225e+23 4.82463e+23 0 0 4.64348e+42 0 0.162507 0
3.39821e+13 3.21689e-11 3.21691e-11 3.7153e+20 3.7153e+20 3.7153e+20 3.05945e+23 3.25171e+23 0 0 4.64348e+42 0 0.179093 0
3.92419e+13 6.05138e-08 6.05143e-08 2.49393e+20 2.49393e+20 2.49393e+20 2.17122e+23 2.27084e+23 0 0 4.64348e+42 0 0.197804 0
4.53158e+13 4.78255e-05 4.78261e-05 1.65533e+20 1.65533e+20 1.65533e+20 1.53028e+23 1.57298e+23 0 0 4.64348e+42 0 0.218621 0
5.23299e+13 0.0173377 0.0173379 1.08694e+20 1.08694e+20 1.08694e+20 1.0705e+23 1.07943e+23 0 0 4.64348e+42 0 0.241387 0
6.04296e+13 3.0384 3.03845 6.87439e+19 6.87439e+19 6.87439e+19 7.22964e+22 7.10247e+22 0 0 4.64348e+42 0 0.265741 0
6.97831e+13 296.752 296.758 4.49373e+19 4.49373e+19 4.49373e+19 5.05407e+22 4.86011e+22 0 0 4.64348e+42 0 0.291055 0
8.05842e+13 16524.3 16524.8 2.91114e+19 2.91114e+19 2.91114e+19 3.50405e+22 3.29287e+22 0 0 4.64348e+42 0 0.316368 0
9.30572e+13 556119 556136 1.86871e+19 1.86871e+19 1.86871e+19 2.40755e+22 2.20571e+22 0 0 4.64348e+42 0 0.340344 0
1.07461e+14 1.15521e+07 1.15525e+07 1.15159e+19 1.15159e+19 1.15159e+19 1.58739e+22 1.40436e+22 0 0 4.64348e+42 0 0 0
1.24094e+14 1.68177e+08 1.68187e+08 7.37758e+18 7.37758e+18 7.37758e+18 1.0872e+22 9.35141e+21 0 0 4.64348e+42 0 0 0
1.43301e+14 1.70691e+09 1.70708e+09 4.68409e+18 4.68409e+18 4.68409e+18 7.37093e+21 6.15109e+21 0 0 4.64348e+42 0 0 0
1.65482e+14 1.25391e+10 1.25417e+10 2.94521e+18 2.94521e+18 2.94521e+18 4.94187e+21 3.98914e+21 0 0 4.64348e+42 0 0 0
1.91095e+14 6.63827e+10 6.64113e+10 1.76461e+18 1.76461e+18 1.76461e+18 3.15191e+21 2.42777e+21 0 0 4.64348e+42 0 0 0
2.20673e+14 2.86716e+11 2.86957e+11 1.1061e+18 1.1061e+18 1.1061e+18 2.09931e+21 1.55872e+21 0 0 4.64348e+42 0 0 0
2.5483e+14 9.8189e+11 9.83393e+11 6.8591e+17 6.8591e+17 6.8591e+17 1.38054e+21 9.85534e+20 0 0 4.64348e+42 0 0 0
2.94273e+14 2.72919e+12 2.7362e+12 4.20322e+17 4.20322e+17 4.20322e+17 8.95285e+20 6.12156e+20 0 0 4.64348e+42 0 0 0
3.39821e+14 5.99177e+12 6.01576e+12 2.4234e+17 2.4234e+17 2.4234e+17 5.4508e+20 3.49991e+20 0 0 4.64348e+42 0 0 0
3.92419e+14 1.18851e+13 1.19546e+13 1.4746e+17 1.4746e+17 1.4746e+17 3.49469e+20 2.14015e+20 0 0 4.64348e+42 0 0 0
4.53158e+14 2.0252e+13 2.04152e+13 8.8475e+16 8.8475e+16 8.8475e+16 2.20435e+20 1.28363e+20 0 0 4.64348e+42 0 0 0
5.23299e+14 3.00673e+13 3.03849e+13 5.22662e+16 5.22662e+16 5.22662e+16 1.36591e+20 7.5276e+19 0 0 4.64348e+42 0 0 0
6.04296e+14 3.69338e+13 3.7423e+13 2.84677e+16 2.84677e+16 2.84677e+16 7.78585e+19 3.94366e+19 0 0 4.64348e+42 0 0 0
6.97831e+14 4.40939e+13 4.47985e+13 1.65856e+16 1.65856e+16 1.65856e+16 4.73646e+19 2.25923e+19 0 0 4.64348e+42 0 0 0
8.05842e+14 4.74527e+13 4.83369e+13 9.48076e+15 9.48076e+15 9.48076e+15 2.82069e+19 1.26302e+19 0 0 4.64348e+42 0 0 0
9.30572e+14 4.64067e+13 4.73858e+13 5.30787e+15 5.30787e+15 5.30787e+15 1.64155e+19 6.86146e+18 0 0 4.64348e+42 0 0 0
1.07461e+15 3.79047e+13 3.87868e+13 2.65167e+15 2.65167e+15 2.65167e+15 8.50575e+18 3.17547e+18 0 0 4.64348e+42 0 0 0
1.24094e+15 3.1936e+13 3.27371e+13 1.44864e+15 1.44864e+15 1.44864e+15 4.80917e+18 1.6669e+18 0 0 4.64348e+42 0 0 0
1.43301e+15 2.48905e+13 2.555e+13 7.7083e+14 7.7083e+14 7.7083e+14 2.64274e+18 8.48527e+17 0 0 4.64348e+42 0 0 0
1.65482e+15 1.8024e+13 1.85195e+13 3.98823e+14 3.98823e+14 3.98823e+14 1.40913e+18 4.16489e+17 0 0 4.64348e+42 0 0 0
1.91095e+15 1.05973e+13 1.08948e+13 1.74408e+14 1.74408e+14 1.74408e+14 6.33751e+17 1.61107e+17 0 0 4.64348e+42 0 0 0
2.20673e+15 6.82829e+12 7.02127e+12 8.65991e+13 8.65991e+13 8.65991e+13 3.22978e+17 7.51645e+16 0 0 4.64348e+42 0 0 0
2.5483e+15 4.10729e+12 4.2227e+12 4.14159e+13 4.14159e+13 4.14159e+13 1.58227e+17 3.37525e+16 0 0 4.64348e+42 0 0 0
2.94273e+15 2.31445e+12 2.37839e+12 1.90745e+13 1.90745e+13 1.90745e+13 7.45053e+16 1.44801e+16 0 0 4.64348e+42 0 0 0
3.39821e+15 9.81551e+11 1.00794e+12 6.77466e+12 6.77466e+12 6.77466e+12 2.7004e+16 4.28511e+15 0 0 4.64348e+42 0 0 0
3.92419e+15 4.93636e+11 5.06441e+11 2.91531e+12 2.91531e+12 2.91531e+12 1.18371e+16 1.69894e+15 0 0 4.64348e+42 0 0 0
4.53158e+15 2.30231e+11 2.35947e+11 1.18572e+12 1.18572e+12 1.18572e+12 4.89545e+15 6.43141e+14 0 0 4.64348e+42 0 0 0
5.23299e+15 1.00131e+11 1.02494e+11 4.57301e+11 4.57301e+11 4.57301e+11 1.91652e+15 2.30858e+14 0 0 4.64348e+42 0 0 0
6.04296e+15 2.85265e+10 2.9162e+10 1.17249e+11 1.17249e+11 1.17249e+11 4.97959e+14 4.47763e+13 0 0 4.64348e+42 0 0 0
6.97831e+15 1.08277e+10 1.10542e+10 4.05777e+10 4.05777e+10 4.05777e+10 1.74361e+14 1.3988e+13 0 0 4.64348e+42 0 0 0
8.05842e+15 3.70295e+09 3.7753e+09 1.27992e+10 1.27992e+10 1.27992e+10 5.55575e+13 4.13114e+12 0 0 4.64348e+42 0 0 0
9.30572e+15 1.14203e+09 1.16278e+09 3.67794e+09 3.67794e+09 3.67794e+09 1.6103e+13 1.16645e+12 0 0 4.64348e+42 0 0 0
1.07461e+16 1.88568e+08 1.9174e+08 5.70914e+08 5.70914e+08 5.70914e+08 2.5175e+12 1.15372e+11 0 0 4.64348e+42 0 0 0
1.24094e+16 4.88982e+07 4.9657e+07 1.40282e+08 1.40282e+08 1.40282e+08 6.2214e+11 2.47536e+10 0 0 4.64348e+42 0 0 0
1.43301e+16 1.07513e+07 1.09047e+07 2.94305e+07 2.94305e+07 2.94305e+07 1.31093e+11 4.84239e+09 0 0 4.64348e+42 0 0 0
1.65482e+16 1.91727e+06 1.94234e+06 5.03862e+06 5.03862e+06 5.03862e+06 2.25107e+10 9.26551e+08 0 0 4.64348e+42 0 0 0
1.91095e+16 139540 141208 353970 353970 353970 1.58432e+09 3.56261e+07 0 0 4.64348e+42 0 0 0
2.20673e+16 19875.3 20091.9 48897.8 48897.8 48897.8 2.18981e+08 4.12733e+06 0 0 4.64348e+42 0 0 0
2.5483e+16 2160.91 2182.32 5177.74 5177.74 5177.74 2.31734e+07 386457 0 0 4.64348e+42 0 0 0
2.94273e+16 161.878 163.335 379.164 379.164 379.164 1.69403e+06 34310.3 0 0 4.64348e+42 0 0 0
3.39821e+16 2.98307 3.00738 6.85247 6.85247 6.85247 30529 363.378 0 0 4.64348e+42 0 0 0
3.92419e+16 0.155783 0.156931 0.35196 0.35196 0.35196 1562.01 15.1076 0 0 4.64348e+42 0 0 0
4.53158e+16 0.00495806 0.00499104 0.0110451 0.0110451 0.0110451 48.7817 0.398978 0 0 4.64348e+42 0 0 0
5.23299e+16 9.00765e-05 9.06167e-05 0.000198297 0.000198297 0.000198297 0.870749 0.00734617 0 0 4.64348e+42 0 0 0
6.04296e+16 1.83258e-07 1.84248e-07 3.99448e-07 3.99448e-07 3.99448e-07 0.00174237 1.18342e-05 0 0 4.64348e+42 0 0 0
6.97831e+16 1.47766e-09 1.48483e-09 3.19454e-09 3.19454e-09 3.19454e-09 1.38298e-05 8.46784e-08 0 0 4.64348e+42 0 0 0
8.05842e+16 4.27124e-12 4.28985e-12 9.17234e-12 9.17234e-12 9.17234e-12 3.93805e-08 2.26062e-10 0 0 4.64348e+42 0 0 0
9.30572e+16 0 0 0 0 0 0 0 0 0 4.64348e+42 0 0 0