
1.07461e-07 0 0 5.32743e-88 1.18054e+50 3.51881e+59 0 0 1.0752e+43 0 4.64348e+42 0 0 0
1.24094e-07 0 0 1.54892e-69 1.33779e+50 3.13729e+59 0 0 1.24163e+43 0 4.64348e+42 0 0 0
1.43301e-07 0 0 1.53157e-53 1.51279e+50 2.79122e+59 0 0 1.43381e+43 0 4.64348e+42 0 0 0
1.65482e-07 0 0 1.10275e-39 1.70672e+50 2.4775e+59 0 0 1.65573e+43 0 4.64348e+42 0 0 0
1.91095e-07 0 0 1.11777e-27 1.92061e+50 2.19337e+59 0 0 1.91201e+43 0 4.64348e+42 0 0 0
2.20673e-07 0 0 2.82274e-17 2.15527e+50 1.93631e+59 0 0 2.20796e+43 0 4.64348e+42 0 0 0
2.5483e-07 0 0 2.91132e-08 2.4112e+50 1.70405e+59 0 0 2.54971e+43 0 4.64348e+42 0 0 0
2.94273e-07 0 0 1.88137 2.68856e+50 1.49455e+59 0 0 2.94436e+43 0 4.64348e+42 0 0 0
3.39821e-07 0 0 1.10347e+07 2.98703e+50 1.30598e+59 0 0 3.40009e+43 0 4.64348e+42 0 0 0
3.92419e-07 0 0 8.09651e+12 3.3058e+50 1.13667e+59 0 0 3.92636e+43 0 4.64348e+42 0 0 0
4.53158e-07 0 0 9.81195e+17 3.64352e+50 9.85115e+58 0 0 4.53409e+43 0 4.64348e+42 0 0 0
5.23299e-07 0 0 2.4982e+22 3.99837e+50 8.49962e+58 0 0 5.23589e+43 0 4.64348e+42 0 0 0
6.04296e-07 0 0 1.64598e+26 4.3682e+50 7.29964e+58 0 0 6.04631e+43 0 4.64348e+42 0 0 0
6.97831e-07 0 0 3.3617e+29 4.7508e+50 6.23977e+58 0 0 6.98217e+43 0 4.64348e+42 0 0 0
8.05842e-07 0 0 2.48887e+32 5.14432e+50 5.30934e+58 0 0 8.06289e+43 0 4.64348e+42 0 0 0
9.30572e-07 0 0 7.65086e+34 5.5479e+50 4.49828e+58 0 0 9.31088e+43 0 4.64348e+42 0 0 0
1.07461e-06 0 0 1.09868e+37 5.96248e+50 3.79693e+58 0 0 1.0752e+44 0 4.64348e+42 0 0 0
1.24094e-06 0 0 8.16553e+38 6.39176e+50 3.19582e+58 0 0 1.24163e+44 0 4.64348e+42 0 0 0
1.43301e-06 0 0 3.43394e+40 6.84316e+50 2.68557e+58 0 0 1.43381e+44 0 4.64348e+42 0 0 0
1.65482e-06 0 0 8.83209e+41 7.32878e+50 2.25676e+58 0 0 1.65573e+44 0 4.64348e+42 0 0 0
1.91095e-06 0 0 1.48677e+43 7.86596e+50 1.89995e+58 0 0 1.91201e+44 0 4.64348e+42 0 0 0
2.20673e-06 0 0 1.73768e+44 8.4772e+50 1.60567e+58 0 0 2.20796e+44 0 4.64348e+42 0 0 0
2.5483e-06 0 0 1.48413e+45 9.1894e+50 1.36458e+58 0 0 2.54971e+44 0 4.64348e+42 0 0 0
2.94273e-06 0 0 9.68022e+45 1.00321e+51 1.1677e+58 0 0 2.94436e+44 0 4.64348e+42 0 0 0
3.39821e-06 0 0 5.00632e+46 1.10349e+51 1.00663e+58 0 0 3.40009e+44 0 4.64348e+42 0 0 0
3.92419e-06 0 0 2.11911e+47 1.22251e+51 8.73903e+57 0 0 3.92636e+44 0 4.64348e+42 0 0 0
4.53158e-06 0 0 7.54025e+47 1.36258e+51 7.63132e+57 0 0 4.53409e+44 0 4.64348e+42 0 0 0
5.23299e-06 0 0 2.30674e+48 1.52555e+51 6.69199e+57 0 0 5.23589e+44 0 4.64348e+42 0 0 0
6.04296e-06 0 0 6.18526e+48 1.71295e+51 5.88233e+57 0 0 6.04631e+44 0 4.64348e+42 0 0 0
6.97831e-06 0 0 1.47817e+49 1.9264e+51 5.17476e+57 0 0 6.98217e+44 0 4.64348e+42 0 0 0
8.05842e-06 0 0 3.19531e+49 2.16793e+51 4.55057e+57 0 0 8.06289e+44 0 4.64348e+42 0 0 0
9.30572e-06 0 0 6.33032e+49 2.44044e+51 3.99731e+57 0 0 9.31087e+44 0 4.64348e+42 0 0 0
1.07461e-05 0 0 1.16292e+50 2.74793e+51 3.50637e+57 0 0 1.0752e+45 0 4.64348e+42 0 0 0
1.24094e-05 0 0 2.00168e+50 3.09569e+51 3.07126e+57 0 0 1.24162e+45 0 4.64348e+42 0 0 0
1.43301e-05 0 0 3.25782e+50 3.49039e+51 2.68655e+57 0 0 1.43381e+45 0 4.64348e+42 0 0 0
1.65482e-05 0 0 5.0538e+50 3.94017e+51 2.34734e+57 0 0 1.65573e+45 0 4.64348e+42 0 0 0
1.91095e-05 0 0 7.52444e+50 4.45477e+51 2.049e+57 0 0 1.91201e+45 0 4.64348e+42 0 0 0
2.20673e-05 0 0 1.08165e+51 5.04562e+51 1.78719e+57 0 0 2.20795e+45 0 4.64348e+42 0 0 0
2.5483e-05 0 0 1.50894e+51 5.72604e+51 1.55782e+57 0 0 2.5497e+45 0 4.64348e+42 0 0 0
2.94273e-05 0 0 2.05176e+51 6.51144e+51 1.35708e+57 0 0 2.94435e+45 0 4.64348e+42 0 0 0
3.39821e-05 0 0 2.7294e+51 7.41979e+51 1.18149e+57 0 0 3.40008e+45 0 4.64348e+42 0 0 0
3.92419e-05 0 0 3.5636e+51 8.47224e+51 1.02794e+57 0 0 3.92635e+45 0 4.64348e+42 0 0 0
4.53158e-05 0 0 4.57944e+51 9.69415e+51 8.93661e+56 0 0 4.53408e+45 0 4.64348e+42 0 0 0
5.23299e-05 0 0 5.80646e+51 1.11161e+52 7.7624e+56 0 0 5.23587e+45 0 4.64348e+42 0 0 0
6.04296e-05 0 0 7.27992e+51 1.27751e+52 6.73587e+56 0 0 6.04629e+45 0 4.64348e+42 0 0 0
6.97831e-05 0 0 9.04214e+51 1.47154e+52 5.83886e+56 0 0 6.98214e+45 0 4.64348e+42 0 0 0
8.05842e-05 0 0 1.11437e+52 1.69896e+52 5.05552e+56 0 0 8.06285e+45 0 4.64348e+42 0 0 0
9.30572e-05 0 0 1.36449e+52 1.96596e+52 4.37197e+56 0 0 9.31083e+45 0 4.64348e+42 0 0 0
0.000107461 0 0 1.66177e+52 2.2799e+52 3.77598e+56 0 0 1.0752e+46 0 4.64348e+42 0 0 0
0.000124094 0 0 2.01481e+52 2.64954e+52 3.25677e+56 0 0 1.24162e+46 0 4.64348e+42 0 0 0
0.000143301 0 0 2.43396e+52 3.08537e+52 2.80489e+56 0 0 1.43379e+46 0 4.64348e+42 0 0 0
0.000165482 0 0 2.93157e+52 3.5999e+52 2.41201e+56 0 0 1.65572e+46 0 4.64348e+42 0 0 0
0.000191095 0 0 3.52245e+52 4.20804e+52 2.07081e+56 0 0 1.91199e+46 0 4.64348e+42 0 0 0
0.000220673 0 0 4.22423e+52 4.92755e+52 1.77486e+56 0 0 2.20793e+46 0 4.64348e+42 0 0 0
0.00025483 0 0 5.05798e+52 5.77957e+52 1.51849e+56 0 0 2.54967e+46 0 4.64348e+42 0 0 0
0.000294273 0 0 6.04882e+52 6.78932e+52 1.29674e+56 0 0 2.94431e+46 0 4.64348e+42 0 0 0
0.000339821 0 0 7.22678e+52 7.98689e+52 1.10521e+56 0 0 3.40003e+46 0 4.64348e+42 0 0 0
0.000392419 0 0 8.62769e+52 9.40818e+52 9.40057e+55 0 0 3.92628e+46 0 4.64348e+42 0 0 0
0.000453158 0 0 1.02943e+53 1.1096e+53 7.97896e+55 0 0 4.53398e+46 0 4.64348e+42 0 0 0
0.000523299 0 0 1.22779e+53 1.31017e+53 6.75749e+55 0 0 5.23573e+46 0 4.64348e+42 0 0 0
0.000604296 0 0 1.46395e+53 1.54864e+53 5.71002e+55 0 0 6.0461e+46 0 4.64348e+42 0 0 0
0.000697831 0 0 1.74525e+53 1.83235e+53 4.8136e+55 0 0 6.98189e+46 0 4.64348e+42 0 0 0
0.000805842 0 0 2.08046e+53 2.17007e+53 4.0481e+55 0 0 8.06252e+46 0 4.64348e+42 0 0 0
0.000930572 0 0 2.48011e+53 2.57236e+53 3.39587e+55 0 0 9.31038e+46 0 4.64348e+42 0 0 0
0.00107461 0 0 2.95687e+53 3.05188e+53 2.84146e+55 0 0 1.07514e+47 0 4.64348e+42 0 0 0
0.00124094 0 0 3.52596e+53 3.62385e+53 2.37134e+55 0 0 1.24154e+47 0 4.64348e+42 0 0 0
0.00143301 0 0 4.20572e+53 4.30665e+53 1.97373e+55 0 0 1.43369e+47 0 4.64348e+42 0 0 0
0.00165482 0 0 5.01829e+53 5.12242e+53 1.63832e+55 0 0 1.65558e+47 0 4.64348e+42 0 0 0
0.00191095 0 0 5.99044e+53 6.09792e+53 1.35616e+55 0 0 1.9118e+47 0 4.64348e+42 0 0 0
0.00220673 0 0 7.15453e+53 7.26557e+53 1.11946e+55 0 0 2.20768e+47 0 4.64348e+42 0 0 0
0.0025483 0 0 8.54965e+53 8.66443e+53 9.2147e+54 0 0 2.54934e+47 0 4.64348e+42 0 0 0
0.00294273 0 0 1.02173e+54 1.03359e+54 7.56344e+54 0 0 2.94387e+47 0 4.64348e+42 0 0 0
0.00339821 0 0 1.21535e+54 1.22757e+54 6.19042e+54 0 0 3.39943e+47 0 4.64348e+42 0 0 0
0.00392419 0 0 1.41736e+54 1.42968e+54 5.05223e+54 0 0 3.92549e+47 0 4.64348e+42 0 0 0
0.00453158 0 0 1.58454e+54 1.59647e+54 4.11164e+54 0 0 4.53293e+47 0 4.64348e+42 0 0 0
0.00523299 0 0 1.67048e+54 1.68137e+54 3.33674e+54 0 0 5.23433e+47 0 4.64348e+42 0 0 0
0.00604296 0 0 1.65511e+54 1.66444e+54 2.70034e+54 0 0 6.04424e+47 0 4.64348e+42 0 0 0
0.00697831 0 0 1.55111e+54 1.55868e+54 2.17931e+54 0 0 6.97941e+47 0 4.64348e+42 0 0 0
0.00805842 0 0 1.38933e+54 1.3952e+54 1.75407e+54 0 0 8.0592e+47 0 4.64348e+42 0 0 0
0.00930572 0 0 1.20191e+54 1.2063e+54 1.40806e+54 0 0 9.30596e+47 0 4.64348e+42 0 0 0
0.0107461 0 0 1.01321e+54 1.01642e+54 1.12739e+54 0 0 1.07455e+48 0 4.64348e+42 0 0 0
0.0124094 0 0 8.38096e+53 8.40394e+53 9.00385e+53 0 0 1.24075e+48 0 4.64348e+42 0 0 0
0.0143301 0 0 6.83713e+53 6.85336e+53 7.17326e+53 0 0 1.43264e+48 0 4.64348e+42 0 0 0
0.0165482 0 0 5.5212e+53 5.53255e+53 5.70124e+53 0 0 1.65418e+48 0 4.64348e+42 0 0 0
0.0191095 0 0 4.42483e+53 4.4327e+53 4.52084e+53 0 0 1.90994e+48 0 4.64348e+42 0 0 0
0.0220673 0 0 3.52569e+53 3.53112e+53 3.57681e+53 0 0 2.20519e+48 0 4.64348e+42 0 0 0
0.025483 0 0 2.79653e+53 2.80026e+53 2.82377e+53 0 0 2.54602e+48 0 4.64348e+42 0 0 0
0.0294273 8.2848e-244 8.2848e-244 2.21001e+53 2.21256e+53 2.22459e+53 0 0 2.93944e+48 9.34349e-247 4.64348e+42 0 0 0
0.0339821 1.53654e-166 1.53654e-166 1.74112e+53 1.74286e+53 1.74898e+53 0 0 3.39354e+48 1.90474e-169 4.64348e+42 0 0 0
0.0392419 1.84079e-109 1.84079e-109 1.36804e+53 1.36923e+53 1.37232e+53 0 0 3.91762e+48 2.51493e-112 4.64348e+42 0 0 0
0.0453158 2.63413e-67 2.63413e-67 1.07233e+53 1.07314e+53 1.0747e+53 0 0 4.52244e+48 3.97583e-70 4.64348e+42 0 0 0
0.0523299 3.51963e-36 3.51963e-36 8.387e+52 8.39245e+52 8.40026e+52 0 0 5.22035e+48 5.88181e-39 4.64348e+42 0 0 0
0.0604296 3.31199e-13 3.31199e-13 6.54622e+52 6.5499e+52 6.55379e+52 0 0 6.02559e+48 6.14073e-16 4.64348e+42 0 0 0
0.0697831 29395.1 29395.1 5.09943e+52 5.10191e+52 5.10385e+52 0 0 6.95454e+48 60.5862 4.64348e+42 0 0 0
0.0805842 9.18473e+16 9.18473e+16 3.96487e+52 3.96655e+52 3.9675e+52 0 0 8.02605e+48 2.10842e+14 4.64348e+42 0 0 0
0.0930572 1.4668e+26 1.4668e+26 3.07704e+52 3.07816e+52 3.07863e+52 0 0 9.26177e+48 3.75714e+23 4.64348e+42 0 0 0
0.107461 8.64877e+32 8.64877e+32 2.38366e+52 2.38441e+52 2.38465e+52 0 0 1.06866e+49 2.47645e+30 4.64348e+42 0 0 0
0.124094 8.11962e+37 8.11962e+37 1.8432e+52 1.84371e+52 1.84382e+52 0 0 1.2329e+49 2.60365e+35 4.64348e+42 0 0 0
0.143301 3.57455e+41 3.57455e+41 1.42273e+52 1.42307e+52 1.42312e+52 0 0 1.42217e+49 1.28593e+39 4.64348e+42 0 0 0
0.165482 1.6395e+44 1.6395e+44 1.09622e+52 1.09644e+52 1.09647e+52 0 0 1.64023e+49 6.62878e+41 4.64348e+42 0 0 0
0.191095 1.41332e+46 1.41332e+46 8.4314e+51 8.4329e+51 8.43303e+51 0 0 1.89134e+49 6.43369e+43 4.64348e+42 0 0 0
0.220673 3.54139e+47 3.54139e+47 6.47341e+51 6.47441e+51 6.47447e+51 0 0 2.18041e+49 1.81827e+45 4.64348e+42 0 0 0
0.25483 3.56005e+48 3.56005e+48 4.96137e+51 4.96203e+51 4.96206e+51 0 0 2.513e+49 2.06525e+46 4.64348e+42 0 0 0
0.294273 1.82182e+49 1.82182e+49 3.79587e+51 3.7963e+51 3.79633e+51 0 0 2.89544e+49 1.19622e+47 4.64348e+42 0 0 0
0.339821 5.65921e+49 5.65921e+49 2.89918e+51 2.89947e+51 2.89948e+51 0 0 3.33491e+49 4.21305e+47 4.64348e+42 0 0 0
0.392419 1.2153e+50 1.2153e+50 2.21057e+51 2.21077e+51 2.21077e+51 0 0 3.83953e+49 1.02753e+48 4.64348e+42 0 0 0
0.453158 1.98625e+50 1.98625e+50 1.68276e+51 1.68288e+51 1.68288e+51 0 0 4.41844e+49 1.91041e+48 4.64348e+42 0 0 0
0.523299 2.6525e+50 2.6525e+50 1.27893e+51 1.27901e+51 1.27902e+51 0 0 5.08187e+49 2.90684e+48 4.64348e+42 0 0 0
0.604296 3.05036e+50 3.05036e+50 9.7054e+50 9.70595e+50 9.70596e+50 0 0 5.84124e+49 3.8146e+48 4.64348e+42 0 0 0
0.697831 3.14038e+50 3.14038e+50 7.35457e+50 7.35493e+50 7.35493e+50 0 0 6.70919e+49 4.48781e+48 4.64348e+42 0 0 0
0.805842 2.97863e+50 2.97863e+50 5.56572e+50 5.56595e+50 5.56595e+50 0 0 7.69961e+49 4.87084e+48 4.64348e+42 0 0 0
0.930572 2.65877e+50 2.65877e+50 4.20681e+50 4.20697e+50 4.20697e+50 0 0 8.82761e+49 4.9812e+48 4.64348e+42 0 0 0
1.07461 2.26886e+50 2.26886e+50 3.17621e+50 3.17631e+50 3.17631e+50 0 0 1.01094e+50 4.87531e+48 4.64348e+42 0 0 0
1.24094 1.87266e+50 1.87266e+50 2.39578e+50 2.39584e+50 2.39584e+50 0 0 1.1562e+50 4.6197e+48 4.64348e+42 0 0 0
1.43301 1.50797e+50 1.50797e+50 1.80563e+50 1.80567e+50 1.80567e+50 0 0 1.32031e+50 4.27426e+48 4.64348e+42 0 0 0
1.65482 1.19234e+50 1.19234e+50 1.35995e+50 1.35998e+50 1.35998e+50 0 0 1.50504e+50 3.88573e+48 4.64348e+42 0 0 0
1.91095 9.30171e+49 9.30171e+49 1.02375e+50 1.02377e+50 1.02377e+50 0 0 1.71206e+50 3.48705e+48 4.64348e+42 0 0 0
2.20673 7.18504e+49 7.18504e+49 7.70389e+49 7.70401e+49 7.70401e+49 0 0 1.94286e+50 3.09958e+48 4.64348e+42 0 0 0
2.5483 5.51014e+49 5.51014e+49 5.79614e+49 5.79621e+49 5.79621e+49 0 0 2.19858e+50 2.73591e+48 4.64348e+42 0 0 0
2.94273 4.20371e+49 4.20371e+49 4.36058e+49 4.36063e+49 4.36063e+49 0 0 2.47977e+50 2.40248e+48 4.64348e+42 0 0 0
3.39821 3.19521e+49 3.19521e+49 3.28087e+49 3.2809e+49 3.2809e+49 0 0 2.78617e+50 2.10171e+48 4.64348e+42 0 0 0
3.92419 2.42246e+49 2.42246e+49 2.46906e+49 2.46908e+49 2.46908e+49 0 0 3.11632e+50 1.83349e+48 4.64348e+42 0 0 0
4.53158 1.83351e+49 1.83351e+49 1.85879e+49 1.8588e+49 1.8588e+49 0 0 3.46715e+50 1.59624e+48 4.64348e+42 0 0 0
5.23299 1.38634e+49 1.38634e+49 1.40001e+49 1.40002e+49 1.40002e+49 0 0 3.83343e+50 1.38761e+48 4.64348e+42 0 0 0
6.04296 1.0477e+49 1.0477e+49 1.05509e+49 1.05509e+49 1.05509e+49 0 0 4.20726e+50 1.20494e+48 4.64348e+42 0 0 0
6.97831 7.91685e+48 7.91685e+48 7.95684e+48 7.95688e+48 7.95688e+48 0 0 4.57741e+50 1.04547e+48 4.64348e+42 0 0 0
8.05842 5.98346e+48 5.98346e+48 6.00521e+48 6.00524e+48 6.00524e+48 0 0 4.92882e+50 9.06581e+47 4.64348e+42 0 0 0
9.30572 4.52417e+48 4.52417e+48 4.53613e+48 4.53615e+48 4.53615e+48 0 0 5.24221e+50 7.85804e+47 4.64348e+42 0 0 0
10.7461 3.42289e+48 3.42289e+48 3.42959e+48 3.42961e+48 3.42961e+48 0 0 5.49416e+50 6.80904e+47 4.64348e+42 0 0 0
12.4094 2.59165e+48 2.59165e+48 2.59553e+48 2.59554e+48 2.59554e+48 0 0 5.65786e+50 5.8987e+47 4.64348e+42 0 0 0
14.3301 1.96398e+48 1.96398e+48 1.96634e+48 1.96635e+48 1.96635e+48 0 0 5.70488e+50 5.10919e+47 4.64348e+42 0 0 0
16.5482 1.48975e+48 1.48975e+48 1.49128e+48 1.49128e+48 1.49128e+48 0 0 5.60842e+50 4.42477e+47 4.64348e+42 0 0 0
19.1095 1.13119e+48 1.13119e+48 1.13224e+48 1.13225e+48 1.13225e+48 0 0 5.34818e+50 3.83165e+47 4.64348e+42 0 0 0
22.0673 8.59838e+47 8.59838e+47 8.60621e+47 8.60623e+47 8.60623e+47 0 0 4.91652e+50 3.31776e+47 4.64348e+42 0 0 0
25.483 6.54292e+47 6.54292e+47 6.54906e+47 6.54907e+47 6.54907e+47 0 0 4.32497e+50 2.87258e+47 4.64348e+42 0 0 0
29.4273 4.98426e+47 4.98426e+47 4.9893e+47 4.9893e+47 4.9893e+47 0 0 3.60889e+50 2.48699e+47 4.64348e+42 0 0 0
33.9821 3.80101e+47 3.80101e+47 3.80525e+47 3.80526e+47 3.80526e+47 0 0 2.82727e+50 2.15302e+47 4.64348e+42 0 0 0
39.2419 2.90169e+47 2.90169e+47 2.90534e+47 2.90534e+47 2.90534e+47 0 0 2.05491e+50 1.86379e+47 4.64348e+42 0 0 0
45.3158 2.21737e+47 2.21737e+47 2.22055e+47 2.22055e+47 2.22055e+47 0 0 1.36685e+50 1.6133e+47 4.64348e+42 0 0 0
52.3299 1.69603e+47 1.69603e+47 1.69882e+47 1.69882e+47 1.69882e+47 0 0 8.19271e+49 1.39638e+47 4.64348e+42 0 0 0
60.4296 1.29841e+47 1.29841e+47 1.30086e+47 1.30086e+47 1.30086e+47 0 0 4.34813e+49 1.20853e+47 4.64348e+42 0 0 0
69.7831 9.94814e+46 9.94814e+46 9.96975e+46 9.96975e+46 9.96975e+46 0 0 2.00327e+49 1.04585e+47 4.64348e+42 0 0 0
80.5842 7.62768e+46 7.62768e+46 7.64679e+46 7.64679e+46 7.64679e+46 0 0 7.83375e+48 9.04982e+46 4.64348e+42 0 0 0
93.0572 5.85238e+46 5.85238e+46 5.86931e+46 5.86931e+46 5.86931e+46 0 0 2.53413e+48 7.82991e+46 4.64348e+42 0 0 0
107.461 4.49294e+46 4.49294e+46 4.50794e+46 4.50794e+46 4.50794e+46 0 0 6.58428e+47 6.77352e+46 4.64348e+42 0 0 0
124.094 3.45108e+46 3.45108e+46 3.46438e+46 3.46438e+46 3.46438e+46 0 0 1.32816e+47 5.85873e+46 4.64348e+42 0 0 0
143.301 2.65201e+46 2.65201e+46 2.66382e+46 2.66382e+46 2.66382e+46 0 0 2.00001e+46 5.06656e+46 4.64348e+42 0 0 0
165.482 2.03878e+46 2.03878e+46 2.04927e+46 2.04927e+46 2.04927e+46 0 0 2.14884e+45 4.38058e+46 4.64348e+42 0 0 0
191.095 1.56791e+46 1.56791e+46 1.57723e+46 1.57723e+46 1.57723e+46 0 0 1.5634e+44 3.78656e+46 4.64348e+42 0 0 0
220.673 1.2062e+46 1.2062e+46 1.21448e+46 1.21448e+46 1.21448e+46 0 0 7.25144e+42 3.27217e+46 4.64348e+42 0 0 0
254.83 9.28229e+45 9.28229e+45 9.3559e+45 9.3559e+45 9.3559e+45 0 0 1.9999e+41 2.82675e+46 4.64348e+42 0 0 0
294.273 7.14555e+45 7.14555e+45 7.21103e+45 7.21103e+45 7.21103e+45 0 0 3.02603e+39 2.44106e+46 4.64348e+42 0 0 0
339.821 5.50259e+45 5.50259e+45 5.56086e+45 5.56086e+45 5.56086e+45 0 0 2.28912e+37 2.10708e+46 4.64348e+42 0 0 0
392.419 4.23899e+45 4.23899e+45 4.29087e+45 4.29087e+45 4.29087e+45 0 0 7.7766e+34 1.8179e+46 4.64348e+42 0 0 0
453.158 3.26688e+45 3.26688e+45 3.31309e+45 3.31309e+45 3.31309e+45 0 0 1.04816e+32 1.56751e+46 4.64348e+42 0 0 0
523.299 2.5188e+45 2.5188e+45 2.55999e+45 2.55999e+45 2.55999e+45 0 0 4.85774e+28 1.35071e+46 4.64348e+42 0 0 0
604.296 1.94291e+45 1.94291e+45 1.97965e+45 1.97965e+45 1.97965e+45 0 0 6.56226e+24 1.16302e+46 4.64348e+42 0 0 0
697.831 1.49937e+45 1.49937e+45 1.53216e+45 1.53216e+45 1.53216e+45 0 0 2.13508e+20 1.00054e+46 4.64348e+42 0 0 0
805.842 1.15759e+45 1.15759e+45 1.18687e+45 1.18687e+45 1.18687e+45 0 0 1.34221e+15 8.59883e+45 4.64348e+42 0 0 0
930.572 8.94043e+44 8.94043e+44 9.20209e+44 9.20209e+44 9.20209e+44 0 0 1.26406e+09 7.38146e+45 4.64348e+42 0 0 0
1074.61 6.90688e+44 6.90688e+44 7.14083e+44 7.14083e+44 7.14083e+44 0 0 132.935 6.32798e+45 4.64348e+42 0 0 0
1240.94 5.33654e+44 5.33654e+44 5.54582e+44 5.54582e+44 5.54582e+44 0 0 1.11193e-06 5.41652e+45 4.64348e+42 0 0 0
1433.01 4.12295e+44 4.12295e+44 4.31023e+44 4.31023e+44 4.31023e+44 0 0 4.99928e-16 4.62816e+45 4.64348e+42 0 0 0
1654.82 3.18435e+44 3.18435e+44 3.35196e+44 3.35196e+44 3.35196e+44 0 0 7.68449e-27 3.94652e+45 4.64348e+42 0 0 0
1910.95 2.4579e+44 2.4579e+44 2.6079e+44 2.6079e+44 2.6079e+44 0 0 2.39481e-39 3.35743e+45 4.64348e+42 0 0 0
2206.73 1.89533e+44 1.89533e+44 2.02951e+44 2.02951e+44 2.02951e+44 0 0 8.27608e-54 2.84864e+45 4.64348e+42 0 0 0
2548.3 1.45947e+44 1.45947e+44 1.57943e+44 1.57943e+44 1.57943e+44 0 0 1.58e-70 2.40954e+45 4.64348e+42 0 0 0
2942.73 1.12172e+44 1.12172e+44 1.22886e+44 1.22886e+44 1.22886e+44 0 0 7.45277e-90 2.03098e+45 4.64348e+42 0 0 0
3398.21 8.60029e+43 8.60029e+43 9.55567e+43 9.55567e+43 9.55567e+43 0 0 3.42973e-112 1.70501e+45 4.64348e+42 0 0 0
3924.19 6.57361e+43 6.57361e+43 7.42391e+43 7.42391e+43 7.42391e+43 0 0 5.26601e-138 1.42479e+45 4.64348e+42 0 0 0
4531.58 5.00553e+43 5.00553e+43 5.76045e+43 5.76045e+43 5.76045e+43 0 0 7.81352e-168 1.18439e+45 4.64348e+42 0 0 0
5232.99 3.84201e+43 3.84201e+43 4.48831e+43 4.48831e+43 4.48831e+43 0 0 2.67873e-202 9.91022e+44 4.64348e+42 0 0 0
6042.96 2.90778e+43 2.90778e+43 3.47565e+43 3.47565e+43 3.47565e+43 0 0 4.06551e-242 8.16531e+44 4.64348e+42 0 0 0
6978.31 2.18928e+43 2.18928e+43 2.686e+43 2.686e+43 2.686e+43 0 0 0 6.68364e+44 4.64348e+42 0 0 0
8058.42 1.63859e+43 1.63859e+43 2.07085e+43 2.07085e+43 2.07085e+43 0 0 0 5.43123e+44 4.64348e+42 0 0 0
9305.72 1.2183e+43 1.2183e+43 1.59231e+43 1.59231e+43 1.59231e+43 0 0 0 4.37833e+44 4.64348e+42 0 0 0
10746.1 8.99186e+42 8.99186e+42 1.22074e+43 1.22074e+43 1.22074e+43 0 0 0 3.49873e+44 4.64348e+42 0 0 0
12409.4 6.58363e+42 6.58363e+42 9.32894e+42 9.32894e+42 9.32894e+42 0 0 0 2.76929e+44 4.64348e+42 0 0 0
14330.1 4.77894e+42 4.77894e+42 7.10521e+42 7.10521e+42 7.10521e+42 0 0 0 2.16942e+44 4.64348e+42 0 0 0
16548.2 3.43727e+42 3.43727e+42 5.39272e+42 5.39272e+42 5.39272e+42 0 0 0 1.68077e+44 4.64348e+42 0 0 0
19109.5 2.44863e+42 2.44863e+42 4.07857e+42 4.07857e+42 4.07857e+42 0 0 0 1.2869e+44 4.64348e+42 0 0 0
22067.3 1.72718e+42 1.72718e+42 3.07396e+42 3.07396e+42 3.07396e+42 0 0 0 9.73132e+43 4.64348e+42 0 0 0
25483 1.20615e+42 1.20615e+42 2.30907e+42 2.30907e+42 2.30907e+42 0 0 0 7.26333e+43 4.64348e+42 0 0 0
29427.3 8.33977e+41 8.33977e+41 1.72911e+42 1.72911e+42 1.72911e+42 0 0 0 5.34853e+43 4.64348e+42 0 0 0
33982.1 5.71142e+41 5.71142e+41 1.2912e+42 1.2912e+42 1.2912e+42 0 0 0 3.88437e+43 4.64348e+42 0 0 0
39241.9 3.87646e+41 3.87646e+41 9.6188e+41 9.6188e+41 9.6188e+41 0 0 0 2.7817e+43 4.64348e+42 0 0 0
45315.8 2.60988e+41 2.60988e+41 7.15171e+41 7.15171e+41 7.15171e+41 0 0 0 1.96421e+43 4.64348e+42 0 0 0
52329.9 1.74515e+41 1.74515e+41 5.30994e+41 5.30994e+41 5.30994e+41 0 0 0 1.36774e+43 4.64348e+42 0 0 0
60429.6 1.16075e+41 1.16075e+41 3.9392e+41 3.9392e+41 3.9392e+41 0 0 0 9.39426e+42 4.64348e+42 0 0 0
69783.1 7.69363e+40 7.69363e+40 2.9216e+41 2.9216e+41 2.9216e+41 0 0 0 6.36666e+42 4.64348e+42 0 0 0
80584.2 5.09234e+40 5.09234e+40 2.16761e+41 2.16761e+41 2.16761e+41 0 0 0 4.25894e+42 4.64348e+42 0 0 0
93057.2 3.37351e+40 3.37351e+40 1.60965e+41 1.60965e+41 1.60965e+41 0 0 0 2.81287e+42 4.64348e+42 0 0 0
107461 2.2421e+40 2.2421e+40 1.19702e+41 1.19702e+41 1.19702e+41 0 0 0 1.83434e+42 4.64348e+42 0 0 0
124094 1.49854e+40 1.49854e+40 8.91818e+40 8.91818e+40 8.91818e+40 0 0 0 1.18076e+42 4.64348e+42 0 0 0
143301 1.00948e+40 1.00948e+40 6.6592e+40 6.6592e+40 6.6592e+40 0 0 0 7.49622e+41 4.64348e+42 0 0 0
165482 6.86809e+39 6.86809e+39 4.9849e+40 4.9849e+40 4.9849e+40 0 0 0 4.68665e+41 4.64348e+42 0 0 0
191095 4.72752e+39 4.72752e+39 3.74163e+40 3.74163e+40 3.74163e+40 0 0 0 2.87873e+41 4.64348e+42 0 0 0
220673 3.29683e+39 3.29683e+39 2.81628e+40 2.81628e+40 2.81628e+40 0 0 0 1.73145e+41 4.64348e+42 0 0 0
254830 2.33167e+39 2.33167e+39 2.12575e+40 2.12575e+40 2.12575e+40 0 0 0 1.01523e+41 4.64348e+42 0 0 0
294273 1.67355e+39 1.67355e+39 1.60898e+40 1.60898e+40 1.60898e+40 0 0 0 5.77063e+40 4.64348e+42 0 0 0
339821 1.21947e+39 1.21947e+39 1.22112e+40 1.22112e+40 1.22112e+40 0 0 0 3.15789e+40 4.64348e+42 0 0 0
392419 9.02245e+38 9.02245e+38 9.29147e+39 9.29147e+39 9.29147e+39 0 0 0 1.65006e+40 4.64348e+42 0 0 0
453158 6.77759e+38 6.77759e+38 7.08729e+39 7.08729e+39 7.08729e+39 0 0 0 8.15271e+39 4.64348e+42 0 0 0
523299 5.16824e+38 5.16824e+38 5.41869e+39 5.41869e+39 5.41869e+39 5.25619e+31 1.86885e+36 0 3.76589e+39 4.64348e+42 0 0 0
604296 3.99942e+38 3.99942e+38 4.1522e+39 4.1522e+39 4.1522e+39 8.17082e+31 1.87662e+36 0 1.60493e+39 4.64348e+42 0 0 0
697831 3.13947e+38 3.13947e+38 3.18847e+39 3.18847e+39 3.18847e+39 1.10854e+32 1.88438e+36 0 6.21447e+38 4.64348e+42 0 0 0
805842 2.49852e+38 2.49852e+38 2.45332e+39 2.45332e+39 2.45332e+39 1.40001e+32 1.89215e+36 0 2.14779e+38 4.64348e+42 0 0 0
930572 2.01451e+38 2.01451e+38 1.89121e+39 1.89121e+39 1.89121e+39 1.69147e+32 1.89991e+36 0 6.49031e+37 4.64348e+42 0 0 0
1.07461e+06 1.64411e+38 1.64411e+38 1.4604e+39 1.4604e+39 1.4604e+39 2.14952e+32 1.90961e+36 0 1.6744e+37 4.64348e+42 0 0 0
1.24094e+06 1.35665e+38 1.35665e+38 1.12945e+39 1.12945e+39 1.12945e+39 2.89739e+32 1.91173e+36 0 3.58709e+36 4.64348e+42 0 0 0
1.43301e+06 1.13e+38 1.13e+38 8.74588e+38 8.74588e+38 8.74588e+38 3.88612e+32 1.91441e+36 0 6.17903e+35 4.64348e+42 0 0 0
1.65482e+06 9.48319e+37 9.48319e+37 6.77867e+38 6.77867e+38 6.77867e+38 5.19799e+32 1.91784e+36 0 8.24576e+34 4.64348e+42 0 0 0
1.91095e+06 8.00333e+37 8.00333e+37 5.25694e+38 5.25694e+38 5.25694e+38 7.08223e+32 1.92258e+36 0 8.16778e+33 4.64348e+42 0 0 0
2.20673e+06 6.77971e+37 6.77971e+37 4.0776e+38 4.0776e+38 4.0776e+38 9.50732e+32 1.92866e+36 0 5.71771e+32 4.64348e+42 0 0 0
2.5483e+06 5.75432e+37 5.75432e+37 3.16214e+38 3.16214e+38 3.16214e+38 1.27044e+33 1.93661e+36 0 2.67372e+31 4.64348e+42 0 0 0
2.94273e+06 4.88507e+37 4.88507e+37 2.45065e+38 2.45065e+38 2.45065e+38 1.69634e+33 1.94703e+36 0 7.8284e+29 4.64348e+42 0 0 0
3.39821e+06 4.14131e+37 4.14131e+37 1.8972e+38 1.8972e+38 1.8972e+38 2.31333e+33 1.96167e+36 0 1.33222e+28 4.64348e+42 0 0 0
3.92419e+06 3.5006e+37 3.5006e+37 1.4665e+38 1.4665e+38 1.4665e+38 3.12202e+33 1.98079e+36 0 1.20965e+26 4.64348e+42 0 0 0
4.53158e+06 2.94641e+37 2.94641e+37 1.13134e+38 1.13134e+38 1.13134e+38 4.21745e+33 2.00569e+36 0 5.31072e+23 4.64348e+42 0 0 0
5.23299e+06 2.46637e+37 2.46637e+37 8.70669e+37 8.70669e+37 8.70669e+37 5.68666e+33 2.03775e+36 0 1.00649e+21 4.64348e+42 0 0 0
6.04296e+06 2.05108e+37 2.05108e+37 6.68158e+37 6.68158e+37 6.68158e+37 7.78074e+33 2.082e+36 0 7.22607e+17 4.64348e+42 0 0 0
6.97831e+06 1.6931e+37 1.6931e+37 5.11097e+37 5.11097e+37 5.11097e+37 1.05078e+34 2.13548e+36 0 1.69061e+14 4.64348e+42 0 0 0
8.05842e+06 1.38628e+37 1.38628e+37 3.89564e+37 3.89564e+37 3.89564e+37 1.40976e+34 2.20097e+36 0 1.08355e+10 4.64348e+42 0 0 0
9.30572e+06 1.1253e+37 1.1253e+37 2.95795e+37 2.95795e+37 2.95795e+37 1.88988e+34 2.27614e+36 0 155729 4.64348e+42 0 0 0
1.07461e+07 9.05306e+36 9.05306e+36 2.237e+37 2.237e+37 2.237e+37 2.55164e+34 2.38138e+36 0 0.398368 4.64348e+42 0 0 0
1.24094e+07 7.21746e+36 7.21746e+36 1.68489e+37 1.68489e+37 1.68489e+37 3.37403e+34 2.47992e+36 0 1.3894e-07 4.64348e+42 0 0 0
1.43301e+07 5.7027e+36 5.7027e+36 1.264e+37 1.264e+37 1.264e+37 4.38217e+34 2.57738e+36 0 4.85711e-15 4.64348e+42 0 0 0
1.65482e+07 4.46724e+36 4.46724e+36 9.44718e+36 9.44718e+36 9.44718e+36 5.59241e+34 2.66975e+36 0 1.19312e-23 4.64348e+42 0 0 0
1.91095e+07 3.47185e+36 3.47185e+36 7.03844e+36 7.03844e+36 7.03844e+36 7.08774e+34 2.75203e+36 0 1.36665e-33 4.64348e+42 0 0 0
2.20673e+07 2.67921e+36 2.67921e+36 5.23059e+36 5.23059e+36 5.23059e+36 8.67293e+34 2.82143e+36 0 4.54653e-45 4.64348e+42 0 0 0
2.5483e+07 2.05558e+36 2.05558e+36 3.88142e+36 3.88142e+36 3.88142e+36 1.03984e+35 2.8691e+36 0 2.54289e-58 4.64348e+42 0 0 0
2.94273e+07 1.57017e+36 1.57017e+36 2.87937e+36 2.87937e+36 2.87937e+36 1.21319e+35 2.86944e+36 0 1.27185e-73 4.64348e+42 0 0 0
3.39821e+07 1.19623e+36 1.19623e+36 2.13864e+36 2.13864e+36 2.13864e+36 1.38716e+35 2.81416e+36 0 2.74419e-91 4.64348e+42 0 0 0
3.92419e+07 9.10063e+35 9.10063e+35 1.59195e+36 1.59195e+36 1.59195e+36 1.53179e+35 2.70219e+36 0 1.1007e-111 4.64348e+42 0 0 0
4.53158e+07 6.92784e+35 6.92784e+35 1.18973e+36 1.18973e+36 1.18973e+36 1.65764e+35 2.55385e+36 0 3.10462e-135 4.64348e+42 0 0 0
5.23299e+07 5.28543e+35 5.28543e+35 8.93862e+35 8.93862e+35 8.93862e+35 1.7561e+35 2.38203e+36 0 2.00396e-162 4.64348e+42 0 0 0
6.04296e+07 4.04479e+35 4.04479e+35 6.7557e+35 6.7557e+35 6.7557e+35 1.81305e+35 2.16902e+36 0 8.09629e-194 4.64348e+42 0 0 0
6.97831e+07 3.10648e+35 3.10648e+35 5.1377e+35 5.1377e+35 5.1377e+35 1.8233e+35 1.92521e+36 0 4.58154e-230 4.64348e+42 0 0 0
8.05842e+07 2.39557e+35 2.39557e+35 3.93262e+35 3.93262e+35 3.93262e+35 1.79143e+35 1.65307e+36 0 6.44497e-272 4.64348e+42 0 0 0
9.30572e+07 1.85393e+35 1.85393e+35 3.02757e+35 3.02757e+35 3.02757e+35 1.71857e+35 1.36293e+36 0 0 4.64348e+42 0 0 0
1.07461e+08 1.43696e+35 1.43696e+35 2.33906e+35 2.33906e+35 2.33906e+35 1.60421e+35 1.06493e+36 0 0 4.64348e+42 150.335 0 0
1.24094e+08 1.11661e+35 1.11661e+35 1.81503e+35 1.81503e+35 1.81503e+35 1.47119e+35 8.23657e+35 0 0 4.64348e+42 132.072 0 0
1.43301e+08 8.67267e+34 8.67267e+34 1.41006e+35 1.41006e+35 1.41006e+35 1.31907e+35 6.24982e+35 0 0 4.64348e+42 116.027 0 0
1.65482e+08 6.7107e+34 6.7107e+34 1.09296e+35 1.09296e+35 1.09296e+35 1.15289e+35 4.66527e+35 0 0 4.64348e+42 101.932 0 0
1.91095e+08 5.12363e+34 5.12363e+34 8.37041e+34 8.37041e+34 8.37041e+34 9.66142e+34 3.36286e+35 0 0 4.64348e+42 89.5488 0 0
2.20673e+08 3.90122e+34 3.90122e+34 6.40071e+34 6.40071e+34 6.40071e+34 8.00888e+34 2.47211e+35 0 0 4.64348e+42 78.6701 0 0
2.5483e+08 2.94345e+34 2.94345e+34 4.85532e+34 4.85532e+34 4.85532e+34 6.49004e+34 1.80208e+35 0 0 4.64348e+42 69.113 0 0
2.94273e+08 2.19859e+34 2.19859e+34 3.64976e+34 3.64976e+34 3.64976e+34 5.14616e+34 1.30225e+35 0 0 4.64348e+42 60.7169 0 0
3.39821e+08 1.60935e+34 1.60935e+34 2.69098e+34 2.69098e+34 2.69098e+34 3.92104e+34 9.23355e+34 0 0 4.64348e+42 55.6941 0 0
3.92419e+08 1.17924e+34 1.17924e+34 1.98768e+34 1.98768e+34 1.98768e+34 2.99959e+34 6.69879e+34 0 0 4.64348e+42 53.3408 0 0
4.53158e+08 8.57575e+33 8.57575e+33 1.45815e+34 1.45815e+34 1.45815e+34 2.26549e+34 4.84343e+34 0 0 4.64348e+42 51.0869 0 0
5.23299e+08 6.17033e+33 6.17033e+33 1.05901e+34 1.05901e+34 1.05901e+34 1.6799e+34 3.4906e+34 0 0 4.64348e+42 48.9282 0 0
6.04296e+08 4.41167e+33 4.41167e+33 7.64712e+33 7.64712e+33 7.64712e+33 1.2336e+34 2.48913e+34 0 0 4.64348e+42 46.8608 0 0
6.97831e+08 3.17776e+33 3.17776e+33 5.56594e+33 5.56594e+33 5.56594e+33 9.21112e+33 1.8148e+34 0 0 4.64348e+42 44.8807 0 0
8.05842e+08 2.27999e+33 2.27999e+33 4.0371e+33 4.0371e+33 4.0371e+33 6.84152e+33 1.32124e+34 0 0 4.64348e+42 42.9843 0 0
9.30572e+08 1.62795e+33 1.62795e+33 2.91518e+33 2.91518e+33 2.91518e+33 5.04619e+33 9.59716e+33 0 0 4.64348e+42 41.168 0 0
1.07461e+09 1.15258e+33 1.15258e+33 2.08805e+33 2.08805e+33 2.08805e+33 3.6715e+33 6.86942e+33 0 0 4.64348e+42 41.3164 0 0
1.24094e+09 8.25324e+32 8.25324e+32 1.51313e+33 1.51313e+33 1.51313e+33 2.73543e+33 5.03442e+33 0 0 4.64348e+42 43.4507 0 0
1.43301e+09 5.9074e+32 5.9074e+32 1.09646e+33 1.09646e+33 1.09646e+33 2.04151e+33 3.67922e+33 0 0 4.64348e+42 45.6954 0 0
1.65482e+09 4.20608e+32 4.20608e+32 7.91594e+32 7.91594e+32 7.91594e+32 1.51838e+33 2.68026e+33 0 0 4.64348e+42 48.0559 0 0
1.91095e+09 2.9104e+32 2.9104e+32 5.62546e+32 5.62546e+32 5.62546e+32 1.11495e+33 1.91904e+33 0 0 4.64348e+42 50.5385 0 0
2.20673e+09 1.7788e+32 1.7788e+32 3.84964e+32 3.84964e+32 3.84964e+32 8.36714e+32 1.40888e+33 0 0 4.64348e+42 53.1492 0 0
2.5483e+09 5.69661e+31 5.69661e+31 2.14894e+32 2.14894e+32 2.14894e+32 6.25987e+32 1.03125e+33 0 0 4.64348e+42 55.8949 0 0
2.94273e+09 2.08747e+30 2.08747e+30 7.9527e+31 7.9527e+31 7.9527e+31 4.66019e+32 7.52235e+32 0 0 4.64348e+42 58.7824 0 0
3.39821e+09 2.1725e+26 2.1725e+26 2.15281e+31 2.15281e+31 2.15281e+31 3.40461e+32 5.39214e+32 0 0 4.64348e+42 61.819 0 0
3.92419e+09 1.32763e+16 1.32763e+16 5.70965e+30 5.70965e+30 5.70965e+30 2.54628e+32 3.9589e+32 0 0 4.64348e+42 65.0125 0 0
4.53158e+09 3.36153e-08 3.36153e-08 1.65167e+30 1.65167e+30 1.65167e+30 1.89778e+32 2.89541e+32 0 0 4.64348e+42 68.371 0 0
5.23299e+09 2.01362e-56 2.01362e-56 5.34525e+29 5.34525e+29 5.34525e+29 1.4094e+32 2.10827e+32 0 0 4.64348e+42 71.903 0 0
6.04296e+09 6.1384e-144 6.1384e-144 1.90535e+29 1.90535e+29 1.90535e+29 1.02474e+32 1.50959e+32 0 0 4.64348e+42 75.6175 0 0
6.97831e+09 1.55469e-286 1.55469e-286 7.62237e+28 7.62237e+28 7.62237e+28 7.64678e+31 1.10616e+32 0 0 4.64348e+42 79.5238 0 0
8.05842e+09 0 0 3.3202e+28 3.3202e+28 3.3202e+28 5.68645e+31 8.08079e+31 0 0 4.64348e+42 83.6319 0 0
9.30572e+09 0 0 1.55396e+28 1.55396e+28 1.55396e+28 4.20081e+31 5.88497e+31 0 0 4.64348e+42 87.9523 0 0
1.07461e+10 0 0 7.67204e+27 7.67204e+27 7.67204e+27 3.04584e+31 4.22389e+31 0 0 4.64348e+42 98.6841 0 0
1.24094e+10 0 0 4.0679e+27 4.0679e+27 4.0679e+27 2.25345e+31 3.1035e+31 0 0 4.64348e+42 118.133 0 0
1.43301e+10 0 0 2.25717e+27 2.25717e+27 2.25717e+27 1.65648e+31 2.27402e+31 0 0 4.64348e+42 141.416 0 0
1.65482e+10 0 0 1.30458e+27 1.30458e+27 1.30458e+27 1.21366e+31 1.66067e+31 0 0 4.64348e+42 169.286 0 0
1.91095e+10 0 0 7.7104e+26 7.7104e+26 7.7104e+26 8.71466e+30 1.19106e+31 0 0 4.64348e+42 202.65 0 0
2.20673e+10 0 0 4.79053e+26 4.79053e+26 4.79053e+26 6.40823e+30 8.75095e+30 0 0 4.64348e+42 242.59 34.7254 0
2.5483e+10 0 0 3.05433e+26 3.05433e+26 3.05433e+26 4.69505e+30 6.40601e+30 0 0 4.64348e+42 290.4 22.9578 0
2.94273e+10 0 0 1.99206e+26 1.99206e+26 1.99206e+26 3.42857e+30 4.67142e+30 0 0 4.64348e+42 347.634 15.5417 0
3.39821e+10 0 0 1.30689e+26 1.30689e+26 1.30689e+26 2.45296e+30 3.33933e+30 0 0 4.64348e+42 416.147 10.7604 0
3.92419e+10 0 0 8.94555e+25 8.94555e+25 8.94555e+25 1.80507e+30 2.45162e+30 0 0 4.64348e+42 498.164 7.61059 0
4.53158e+10 0 0 6.22357e+25 6.22357e+25 6.22357e+25 1.32498e+30 1.79493e+30 0 0 4.64348e+42 596.344 5.49245 0
5.23299e+10 0 0 4.39535e+25 4.39535e+25 4.39535e+25 9.70753e+29 1.31004e+30 0 0 4.64348e+42 713.875 4.04008 0
6.04296e+10 0 0 3.10183e+25 3.10183e+25 3.10183e+25 6.9844e+29 9.37043e+29 0 0 4.64348e+42 854.569 3.02568 0
6.97831e+10 0 0 2.27204e+25 2.27204e+25 2.27204e+25 5.16505e+29 6.89243e+29 0 0 4.64348e+42 1022.99 2.3047 0
8.05842e+10 0 0 1.68085e+25 1.68085e+25 1.68085e+25 3.80825e+29 5.05653e+29 0 0 4.64348e+42 1224.61 1.78376 0
9.30572e+10 0 0 1.25425e+25 1.25425e+25 1.25425e+25 2.79935e+29 3.69783e+29 0 0 4.64348e+42 1465.96 1.40144 0
1.07461e+11 0 0 9.27633e+24 9.27633e+24 9.27633e+24 2.01543e+29 2.6471e+29 0 0 4.64348e+42 1754.88 1.11671 0
1.24094e+11 0 0 7.08736e+24 7.08736e+24 7.08736e+24 1.48877e+29 1.94849e+29 0 0 4.64348e+42 2100.74 0.901709 0
1.43301e+11 0 0 5.4406e+24 5.4406e+24 5.4406e+24 1.09552e+29 1.42977e+29 0 0 4.64348e+42 2514.76 0.737233 0
1.65482e+11 0 0 4.19052e+24 4.19052e+24 4.19052e+24 8.02678e+28 1.04526e+29 0 0 4.64348e+42 3010.38 0.609868 0
1.91095e+11 0 0 3.18326e+24 3.18326e+24 3.18326e+24 5.75584e+28 7.47243e+28 0 0 4.64348e+42 3603.69 0.510106 0
2.20673e+11 0 0 2.49392e+24 2.49392e+24 2.49392e+24 4.23825e+28 5.49411e+28 0 0 4.64348e+42 4313.92 0.431129 0
2.5483e+11 0 0 1.95741e+24 1.95741e+24 1.95741e+24 3.10945e+28 4.02601e+28 0 0 4.64348e+42 5164.13 0.367983 0
2.94273e+11 0 0 1.53802e+24 1.53802e+24 1.53802e+24 2.27278e+28 2.93877e+28 0 0 4.64348e+42 6181.9 0.317029 0
3.39821e+11 0 0 1.18894e+24 1.18894e+24 1.18894e+24 1.6264e+28 2.09644e+28 0 0 4.64348e+42 0 0.275565 0
3.92419e+11 0 0 9.46974e+23 9.46974e+23 9.46974e+23 1.19592e+28 1.53869e+28 0 0 4.64348e+42 0 0.241562 0
4.53158e+11 0 0 7.54133e+23 7.54133e+23 7.54133e+23 8.76237e+27 1.12533e+28 0 0 4.64348e+42 0 0.213483 0
5.23299e+11 0 0 6.00106e+23 6.00106e+23 6.00106e+23 6.39575e+27 8.19646e+27 0 0 4.64348e+42 0 0.190154 0
6.04296e+11 0 0 4.68645e+23 4.68645e+23 4.68645e+23 4.56726e+27 5.83048e+27 0 0 4.64348e+42 0 0.170669 0
6.97831e+11 0 0 3.768e+23 3.768e+23 3.768e+23 3.35269e+27 4.26858e+27 0 0 4.64348e+42 0 0.154323 0
8.05842e+11 0 0 3.02442e+23 3.02442e+23 3.02442e+23 2.4519e+27 3.11322e+27 0 0 4.64348e+42 0 0.140565 0
9.30572e+11 0 0 2.4222e+23 2.4222e+23 2.4222e+23 1.78605e+27 2.26063e+27 0 0 4.64348e+42 0 0.12896 0
1.07461e+12 0 0 1.89972e+23 1.89972e+23 1.89972e+23 1.27185e+27 1.60172e+27 0 0 4.64348e+42 0 0.119166 0
1.24094e+12 0 0 1.53307e+23 1.53307e+23 1.53307e+23 9.31382e+26 1.16853e+27 0 0 4.64348e+42 0 0.110908 0
1.43301e+12 0 0 1.23328e+23 1.23328e+23 1.23328e+23 6.79349e+26 8.48951e+26 0 0 4.64348e+42 0 0.103969 0
1.65482e+12 0 0 9.88358e+22 9.88358e+22 9.88358e+22 4.9342e+26 6.13817e+26 0 0 4.64348e+42 0 0.098177 0
1.91095e+12 0 0 7.73824e+22 7.73824e+22 7.73824e+22 3.50023e+26 4.32523e+26 0 0 4.64348e+42 0 0.0933933 0
2.20673e+12 0 0 6.22806e+22 6.22806e+22 6.22806e+22 2.55451e+26 3.13995e+26 0 0 4.64348e+42 0 0.0895108 0
2.5483e+12 0 0 4.98659e+22 4.98659e+22 4.98659e+22 1.8563e+26 2.26893e+26 0 0 4.64348e+42 0 0.0864461 0
2.94273e+12 0 0 3.9684e+22 3.9684e+22 3.9684e+22 1.34276e+26 1.63078e+26 0 0 4.64348e+42 0 0.0841374 0
3.39821e+12 0 0 3.07436e+22 3.07436e+22 3.07436e+22 9.47431e+25 1.14034e+26 0 0 4.64348e+42 0 0.082541 0
3.92419e+12 0 0 2.44393e+22 2.44393e+22 2.44393e+22 6.88163e+25 8.22228e+25 0 0 4.64348e+42 0 0.08163 0
4.53158e+12 0 0 1.92622e+22 1.92622e+22 1.92622e+22 4.97466e+25 5.89727e+25 0 0 4.64348e+42 0 0.0813928 0
5.23299e+12 0 0 1.50329e+22 1.50329e+22 1.50329e+22 3.57785e+25 4.20404e+25 0 0 4.64348e+42 0 0.0818329 0
6.04296e+12 0 0 1.13593e+22 1.13593e+22 1.13593e+22 2.50568e+25 2.90866e+25 0 0 4.64348e+42 0 0.0829683 0
6.97831e+12 0 0 8.78099e+21 8.78099e+21 8.78099e+21 1.80796e+25 2.07776e+25 0 0 4.64348e+42 0 0.0848322 0
8.05842e+12 5.73688e-274 5.73688e-274 6.69764e+21 6.69764e+21 6.69764e+21 1.2975e+25 1.4751e+25 0 0 4.64348e+42 0 0.0874729 0
9.30572e+12 1.10275e-241 1.10275e-241 5.03331e+21 5.03331e+21 5.03331e+21 9.25768e+24 1.03987e+25 0 0 4.64348e+42 0 0.0909553 0
1.07461e+13 7.81059e-213 7.8106e-213 3.63817e+21 3.63817e+21 3.63817e+21 6.41638e+24 7.09007e+24 0 0 4.64348e+42 0 0.0953611 0
1.24094e+13 4.69076e-187 4.69077e-187 2.68349e+21 2.68349e+21 2.68349e+21 4.5875e+24 5.00078e+24 0 0 4.64348e+42 0 0.10079 0
1.43301e+13 4.6658e-164 4.6658e-164 1.94511e+21 1.94511e+21 1.94511e+21 3.25945e+24 3.5015e+24 0 0 4.64348e+42 0 0.10736 0
1.65482e+13 1.46295e-143 1.46295e-143 1.38453e+21 1.38453e+21 1.38453e+21 2.30017e+24 2.43119e+24 0 0 4.64348e+42 0 0.115206 0
1.91095e+13 2.53198e-125 2.53199e-125 9.43525e+20 9.43525e+20 9.43525e+20 1.57148e+24 1.62477e+24 0 0 4.64348e+42 0 0.12448 0
2.20673e+13 4.39335e-109 4.39336e-109 6.57314e+20 6.57314e+20 6.57314e+20 1.10952e+24 1.1265e+24 0 0 4.64348e+42 0 0.135345 0
2.5483e+13 1.18837e-94 1.18837e-94 4.50012e+20 4.50012e+20 4.50012e+20 7.7756e+23 7.74172e+23 0 0 4.64348e+42 0 0.147968 0
2.94273e+13 7.74133e-82 7.74136e-82 3.02858e+20 3.02858e+20 3.02858e+20 5.40535e+23 5.26672e+23 0 0 4.64348e+42 0 0.162507 0
3.39821e+13 1.74797e-70 1.74798e-70 1.94823e+20 1.94823e+20 1.94823e+20 3.62026e+23 3.42454e+23 0 0 4.64348e+42 0 0.179093 0
3.92419e+13 2.09734e-60 2.09735e-60 1.28981e+20 1.28981e+20 1.28981e+20 2.51258e+23 2.32025e+23 0 0 4.64348e+42 0 0.197804 0
4.53158e+13 1.75974e-51 1.75976e-51 8.41486e+19 8.41486e+19 8.41486e+19 1.72816e+23 1.55514e+23 0 0 4.64348e+42 0 0.218621 0
5.23299e+13 1.37434e-43 1.37436e-43 5.41173e+19 5.41173e+19 5.41173e+19 1.17701e+23 1.02941e+23 0 0 4.64348e+42 0 0.241387 0
6.04296e+13 1.24881e-36 1.24884e-36 3.31822e+19 3.31822e+19 3.31822e+19 7.66933e+22 6.44661e+22 0 0 4.64348e+42 0 0.265741 0
6.97831e+13 1.80872e-30 1.80876e-30 2.11157e+19 2.11157e+19 2.11157e+19 5.19992e+22 4.23505e+22 0 0 4.64348e+42 0 0.291055 0
8.05842e+13 4.88011e-25 4.88023e-25 1.3265e+19 1.3265e+19 1.3265e+19 3.48647e+22 2.74502e+22 0 0 4.64348e+42 0 0.316368 0
9.30572e+13 2.94825e-20 2.94835e-20 8.22363e+18 8.22363e+18 8.22363e+18 2.30927e+22 1.75177e+22 0 0 4.64348e+42 0 0.340344 0
1.07461e+14 4.51008e-16 4.51025e-16 4.82542e+18 4.82542e+18 4.82542e+18 1.44825e+22 1.04165e+22 0 0 4.64348e+42 0 0 0
1.24094e+14 2.23953e-12 2.23965e-12 2.9654e+18 2.9654e+18 2.9654e+18 9.51168e+21 6.56614e+21 0 0 4.64348e+42 0 0 0
1.43301e+14 3.87737e-09 3.87776e-09 1.79777e+18 1.79777e+18 1.79777e+18 6.15936e+21 4.06969e+21 0 0 4.64348e+42 0 0 0
1.65482e+14 2.62872e-06 2.62927e-06 1.07412e+18 1.07412e+18 1.07412e+18 3.9273e+21 2.47329e+21 0 0 4.64348e+42 0 0 0
1.91095e+14 0.000733511 0.000733826 5.98926e+17 5.98926e+17 5.98926e+17 2.33413e+21 1.36845e+21 0 0 4.64348e+42 0 0 0
2.20673e+14 0.104925 0.105013 3.53764e+17 3.53764e+17 3.53764e+17 1.46746e+21 8.16199e+20 0 0 4.64348e+42 0 0 0
2.5483e+14 7.75871 7.77059 2.05508e+17 2.05508e+17 2.05508e+17 9.05885e+20 4.76525e+20 0 0 4.64348e+42 0 0 0
2.94273e+14 318.731 319.55 1.17244e+17 1.17244e+17 1.17244e+17 5.48221e+20 2.71344e+20 0 0 4.64348e+42 0 0 0
3.39821e+14 7203.81 7232.65 6.0942e+16 6.0942e+16 6.0942e+16 3.01695e+20 1.35641e+20 0 0 4.64348e+42 0 0 0
3.92419e+14 112268 112924 3.41308e+16 3.41308e+16 3.41308e+16 1.78537e+20 7.51236e+19 0 0 4.64348e+42 0 0 0
4.53158e+14 1.15318e+06 1.16248e+06 1.86973e+16 1.86973e+16 1.86973e+16 1.03132e+20 4.04983e+19 0 0 4.64348e+42 0 0 0
5.23299e+14 8.15962e+06 8.24581e+06 1.00023e+16 1.00023e+16 1.00023e+16 5.80532e+19 2.11481e+19 0 0 4.64348e+42 0 0 0
6.04296e+14 3.71302e+07 3.76219e+07 4.68388e+15 4.68388e+15 4.68388e+15 2.85436e+19 9.14238e+18 0 0 4.64348e+42 0 0 0
6.97831e+14 1.42561e+08 1.44839e+08 2.4298e+15 2.4298e+15 2.4298e+15 1.55137e+19 4.58356e+18 0 0 4.64348e+42 0 0 0
8.05842e+14 4.17442e+08 4.25221e+08 1.22241e+15 1.22241e+15 1.22241e+15 8.15948e+18 2.2215e+18 0 0 4.64348e+42 0 0 0
9.30572e+14 9.5787e+08 9.78079e+08 5.95731e+14 5.95731e+14 5.95731e+14 4.14814e+18 1.03417e+18 0 0 4.64348e+42 0 0 0
1.07461e+15 1.49168e+09 1.52639e+09 2.3754e+14 2.3754e+14 2.3754e+14 1.72168e+18 3.614e+17 0 0 4.64348e+42 0 0 0
1.24094e+15 2.28839e+09 2.34579e+09 1.10025e+14 1.10025e+14 1.10025e+14 8.28339e+17 1.58256e+17 0 0 4.64348e+42 0 0 0
1.43301e+15 2.90381e+09 2.98076e+09 4.87445e+13 4.87445e+13 4.87445e+13 3.80384e+17 6.64684e+16 0 0 4.64348e+42 0 0 0
1.65482e+15 3.10409e+09 3.18943e+09 2.06765e+13 2.06765e+13 2.06765e+13 1.669e+17 2.65653e+16 0 0 4.64348e+42 0 0 0
1.91095e+15 2.16587e+09 2.22667e+09 6.40825e+12 6.40825e+12 6.40825e+12 5.3395e+16 6.70902e+15 0 0 4.64348e+42 0 0 0
2.20673e+15 1.72394e+09 1.77266e+09 2.50226e+12 2.50226e+12 2.50226e+12 2.14785e+16 2.42742e+15 0 0 4.64348e+42 0 0 0
2.5483e+15 1.17245e+09 1.20539e+09 9.11176e+11 9.11176e+11 9.11176e+11 8.04248e+15 8.35641e+14 0 0 4.64348e+42 0 0 0
2.94273e+15 6.91019e+08 7.10108e+08 3.10565e+11 3.10565e+11 3.10565e+11 2.81296e+15 2.73073e+14 0 0 4.64348e+42 0 0 0
3.39821e+15 2.33612e+08 2.39893e+08 6.49782e+10 6.49782e+10 6.49782e+10 6.02913e+14 4.08952e+13 0 0 4.64348e+42 0 0 0
3.92419e+15 1.06714e+08 1.09482e+08 1.95002e+10 1.95002e+10 1.95002e+10 1.8501e+14 1.10784e+13 0 0 4.64348e+42 0 0 0
4.53158e+15 4.11081e+07 4.21288e+07 5.20133e+09 5.20133e+09 5.20133e+09 5.0371e+13 2.80821e+12 0 0 4.64348e+42 0 0 0
5.23299e+15 1.32414e+07 1.35538e+07 1.21501e+09 1.21501e+09 1.21501e+09 1.19901e+13 6.8765e+11 0 0 4.64348e+42 0 0 0
6.04296e+15 1.99971e+06 2.04427e+06 1.38596e+08 1.38596e+08 1.38596e+08 1.39133e+12 4.65383e+10 0 0 4.64348e+42 0 0 0
6.97831e+15 500708 511182 2.71681e+07 2.71681e+07 2.71681e+07 2.77009e+11 7.91244e+09 0 0 4.64348e+42 0 0 0
8.05842e+15 99650 101597 4.36841e+06 4.36841e+06 4.36841e+06 4.51695e+10 1.17924e+09 0 0 4.64348e+42 0 0 0
9.30572e+15 14604.1 14869.4 531775 531775 531775 5.56796e+09 1.72195e+08 0 0 4.64348e+42 0 0 0
1.07461e+16 720.869 732.995 22340.8 22340.8 22340.8 2.3653e+08 3.98657e+06 0 0 4.64348e+42 0 0 0
1.24094e+16 78.1688 79.3817 2106.53 2106.53 2106.53 2.2521e+07 313643 0 0 4.64348e+42 0 0 0
1.43301e+16 5.91227 5.99661 141.176 141.176 141.176 1.5221e+06 18152.9 0 0 4.64348e+42 0 0 0
1.65482e+16 0.283853 0.287564 6.10603 6.10603 6.10603 66305 911.728 0 0 4.64348e+42 0 0 0
1.91095e+16 0.00236057 0.00238878 0.0464151 0.0464151 0.0464151 507.071 4.63095 0 0 4.64348e+42 0 0 0
2.20673e+16 6.77751e-05 6.85135e-05 0.00123378 0.00123378 0.00123378 13.5442 0.101598 0 0 4.64348e+42 0 0 0
2.5483e+16 9.70861e-07 9.80482e-07 1.65473e-05 1.65473e-05 1.65473e-05 0.182335 0.00120715 0 0 4.64348e+42 0 0 0
2.94273e+16 6.67726e-09 6.73732e-09 1.07609e-07 1.07609e-07 1.07609e-07 0.00118892 7.76107e-06 0 0 4.64348e+42 0 0 0
3.39821e+16 3.7827e-12 3.81352e-12 5.81426e-11 5.81426e-11 5.81426e-11 6.43433e-07 3.86198e-09 0 0 4.64348e+42 0 0 0
3.92419e+16 7.69128e-15 7.74795e-15 1.13614e-13 1.13614e-13 1.13614e-13 1.25804e-09 7.31268e-12 0 0 4.64348e+42 0 0 0
4.53158e+16 4.28646e-18 4.31497e-18 6.12591e-17 6.12591e-17 6.12591e-17 6.78017e-13 3.90584e-15 0 0 4.64348e+42 0 0 0
5.23299e+16 6.52612e-22 6.56525e-22 9.07627e-21 9.07627e-21 9.07627e-21 1.0031e-16 5.76772e-19 0 0 4.64348e+42 0 0 0
6.04296e+16 4.22711e-27 4.24993e-27 5.75052e-26 5.75052e-26 5.75052e-26 6.33982e-22 3.64033e-24 0 0 4.64348e+42 0 0 0
6.97831e+16 5.0946e-32 5.11932e-32 6.80992e-31 6.80992e-31 6.80992e-31 7.48238e-27 4.2956e-29 0 0 4.64348e+42 0 0 0
8.05842e+16 7.46391e-38 7.49642e-38 9.84198e-37 9.84198e-37 9.84198e-37 1.07684e-32 6.18155e-35 0 0 4.64348e+42 0 0 0
9.30572e+16 0 0 0 0 0 0 0 0 0 4.64348e+42 0 0 0