
1.07461e-07 8.76525e+38 8.76525e+38 2.002e+55 2.10711e+55 2.35602e+55 0 0 6.58807e+43 2.86571e+33 4.64348e+42 0 0 1
1.24094e-07 1.48826e+43 1.48826e+43 1.83949e+55 1.92283e+55 2.09044e+55 0 0 7.60778e+43 4.5858e+37 4.64348e+42 0 0 1
1.43301e-07 1.93173e+46 1.93173e+46 1.67541e+55 1.74095e+55 1.85306e+55 0 0 8.78533e+43 5.65926e+40 4.64348e+42 0 0 1
1.65482e-07 3.746e+48 3.746e+48 1.51525e+55 1.56645e+55 1.64102e+55 0 0 1.01451e+44 1.05079e+43 4.64348e+42 0 0 1
1.91095e-07 1.78104e+50 1.78104e+50 1.36261e+55 1.40239e+55 1.45175e+55 0 0 1.17154e+44 4.811e+44 4.64348e+42 0 0 1
2.20673e-07 2.99429e+51 2.99429e+51 1.21962e+55 1.25039e+55 1.28294e+55 0 0 1.35288e+44 7.82534e+45 4.64348e+42 0 0 1
2.5483e-07 2.33344e+52 2.33344e+52 1.08739e+55 1.11111e+55 1.13248e+55 0 0 1.56228e+44 5.92307e+46 4.64348e+42 0 0 1
2.94273e-07 1.02964e+53 1.02964e+53 9.66282e+54 9.84507e+54 9.98499e+54 0 0 1.80409e+44 2.54693e+47 4.64348e+42 0 0 1
3.39821e-07 2.98264e+53 2.98264e+53 8.56193e+54 8.70159e+54 8.79289e+54 0 0 2.08333e+44 7.21046e+47 4.64348e+42 0 0 1
3.92419e-07 6.32738e+53 6.32738e+53 7.56704e+54 7.67382e+54 7.7332e+54 0 0 2.40579e+44 1.49876e+48 4.64348e+42 0 0 1
4.53158e-07 1.06574e+54 1.06574e+54 6.67217e+54 6.75362e+54 6.79214e+54 0 0 2.77816e+44 2.47924e+48 4.64348e+42 0 0 1
5.23299e-07 1.51294e+54 1.51294e+54 5.87035e+54 5.93236e+54 5.95726e+54 0 0 3.20817e+44 3.46411e+48 4.64348e+42 0 0 1
6.04296e-07 1.89193e+54 1.89193e+54 5.15423e+54 5.20135e+54 5.2174e+54 0 0 3.70474e+44 4.27242e+48 4.64348e+42 0 0 1
6.97831e-07 2.15308e+54 2.15308e+54 4.51644e+54 4.55217e+54 4.56248e+54 0 0 4.27817e+44 4.80505e+48 4.64348e+42 0 0 1
8.05842e-07 2.28431e+54 2.28431e+54 3.9498e+54 3.97684e+54 3.98345e+54 0 0 4.94035e+44 5.04793e+48 4.64348e+42 0 0 1
9.30572e-07 2.29993e+54 2.29993e+54 3.44751e+54 3.46794e+54 3.47216e+54 0 0 5.70503e+44 5.04245e+48 4.64348e+42 0 0 1
1.07461e-06 2.2266e+54 2.2266e+54 3.0032e+54 3.01861e+54 3.0213e+54 0 0 6.58806e+44 4.85279e+48 4.64348e+42 0 0 1
1.24094e-06 2.09292e+54 2.09292e+54 2.61097e+54 2.62257e+54 2.62427e+54 0 0 7.60777e+44 4.54342e+48 4.64348e+42 0 0 1
1.43301e-06 1.92373e+54 1.92373e+54 2.26539e+54 2.2741e+54 2.27518e+54 0 0 8.78532e+44 4.16807e+48 4.64348e+42 0 0 1
1.65482e-06 1.73823e+54 1.73823e+54 1.9615e+54 1.96803e+54 1.96871e+54 0 0 1.01451e+45 3.76663e+48 4.64348e+42 0 0 1
1.91095e-06 1.54997e+54 1.54997e+54 1.6948e+54 1.69968e+54 1.7001e+54 0 0 1.17154e+45 3.36621e+48 4.64348e+42 0 0 1
2.20673e-06 1.36782e+54 1.36782e+54 1.46118e+54 1.46483e+54 1.46509e+54 0 0 1.35287e+45 2.98373e+48 4.64348e+42 0 0 1
2.5483e-06 1.19709e+54 1.19709e+54 1.25697e+54 1.25968e+54 1.25985e+54 0 0 1.56227e+45 2.62868e+48 4.64348e+42 0 0 1
2.94273e-06 1.0406e+54 1.0406e+54 1.07882e+54 1.08084e+54 1.08094e+54 0 0 1.80409e+45 2.30551e+48 4.64348e+42 0 0 1
3.39821e-06 8.9944e+53 8.9944e+53 9.23747e+53 9.25243e+53 9.25307e+53 0 0 2.08333e+45 2.01536e+48 4.64348e+42 0 0 1
3.92419e-06 7.73654e+53 7.73654e+53 7.89055e+53 7.90161e+53 7.902e+53 0 0 2.40579e+45 1.75741e+48 4.64348e+42 0 0 1
4.53158e-06 6.62606e+53 6.62606e+53 6.72331e+53 6.73147e+53 6.73171e+53 0 0 2.77816e+45 1.5297e+48 4.64348e+42 0 0 1
5.23299e-06 5.65296e+53 5.65296e+53 5.71417e+53 5.72018e+53 5.72032e+53 0 0 3.20816e+45 1.32971e+48 4.64348e+42 0 0 1
6.04296e-06 4.80546e+53 4.80546e+53 4.84387e+53 4.84827e+53 4.84836e+53 0 0 3.70473e+45 1.15472e+48 4.64348e+42 0 0 1
6.97831e-06 4.07116e+53 4.07116e+53 4.09518e+53 4.09841e+53 4.09846e+53 0 0 4.27815e+45 1.00202e+48 4.64348e+42 0 0 1
8.05842e-06 3.43783e+53 3.43783e+53 3.45282e+53 3.45518e+53 3.45521e+53 0 0 4.94033e+45 8.6905e+47 4.64348e+42 0 0 1
9.30572e-06 2.89384e+53 2.89384e+53 2.90316e+53 2.90488e+53 2.9049e+53 0 0 5.705e+45 7.5342e+47 4.64348e+42 0 0 1
1.07461e-05 2.42836e+53 2.42836e+53 2.43414e+53 2.43539e+53 2.43541e+53 0 0 6.58802e+45 6.52982e+47 4.64348e+42 0 0 1
1.24094e-05 2.03152e+53 2.03152e+53 2.03509e+53 2.03599e+53 2.03601e+53 0 0 7.60772e+45 5.6581e+47 4.64348e+42 0 0 1
1.43301e-05 1.69437e+53 1.69437e+53 1.69657e+53 1.69722e+53 1.69723e+53 0 0 8.78525e+45 4.90196e+47 4.64348e+42 0 0 1
1.65482e-05 1.4089e+53 1.4089e+53 1.41026e+53 1.41073e+53 1.41073e+53 0 0 1.0145e+46 4.24636e+47 4.64348e+42 0 0 1
1.91095e-05 1.16802e+53 1.16802e+53 1.16885e+53 1.16919e+53 1.16919e+53 0 0 1.17153e+46 3.67812e+47 4.64348e+42 0 0 1
2.20673e-05 9.65446e+52 9.65446e+52 9.65953e+52 9.66193e+52 9.66195e+52 0 0 1.35286e+46 3.18571e+47 4.64348e+42 0 0 1
2.5483e-05 7.9565e+52 7.9565e+52 7.95959e+52 7.96131e+52 7.96131e+52 0 0 1.56225e+46 2.75909e+47 4.64348e+42 0 0 1
2.94273e-05 6.53807e+52 6.53807e+52 6.53995e+52 6.54117e+52 6.54117e+52 0 0 1.80406e+46 2.38951e+47 4.64348e+42 0 0 1
3.39821e-05 5.35711e+52 5.35711e+52 5.35824e+52 5.35911e+52 5.35911e+52 0 0 2.08329e+46 2.06939e+47 4.64348e+42 0 0 1
3.92419e-05 4.37711e+52 4.37711e+52 4.37779e+52 4.37841e+52 4.37841e+52 0 0 2.40574e+46 1.79211e+47 4.64348e+42 0 0 1
4.53158e-05 3.56657e+52 3.56657e+52 3.56698e+52 3.56741e+52 3.56741e+52 0 0 2.77809e+46 1.55197e+47 4.64348e+42 0 0 1
5.23299e-05 2.89837e+52 2.89837e+52 2.89861e+52 2.89892e+52 2.89892e+52 0 0 3.20808e+46 1.34399e+47 4.64348e+42 0 0 1
6.04296e-05 2.34928e+52 2.34928e+52 2.34943e+52 2.34964e+52 2.34964e+52 0 0 3.70461e+46 1.16387e+47 4.64348e+42 0 0 1
6.97831e-05 1.89949e+52 1.89949e+52 1.89958e+52 1.89973e+52 1.89973e+52 0 0 4.278e+46 1.00789e+47 4.64348e+42 0 0 1
8.05842e-05 1.53218e+52 1.53218e+52 1.53223e+52 1.53234e+52 1.53234e+52 0 0 4.94012e+46 8.72808e+46 4.64348e+42 0 0 1
9.30572e-05 1.23311e+52 1.23311e+52 1.23314e+52 1.23321e+52 1.23321e+52 0 0 5.70472e+46 7.55827e+46 4.64348e+42 0 0 1
0.000107461 9.90292e+51 9.90292e+51 9.90311e+51 9.90362e+51 9.90362e+51 0 0 6.58765e+46 6.54524e+46 4.64348e+42 0 0 1
0.000124094 7.9369e+51 7.9369e+51 7.93701e+51 7.93736e+51 7.93736e+51 0 0 7.60723e+46 5.66797e+46 4.64348e+42 0 0 1
0.000143301 6.34917e+51 6.34917e+51 6.34923e+51 6.34947e+51 6.34947e+51 0 0 8.7846e+46 4.90828e+46 4.64348e+42 0 0 1
0.000165482 5.07006e+51 5.07006e+51 5.0701e+51 5.07027e+51 5.07027e+51 0 0 1.01442e+47 4.2504e+46 4.64348e+42 0 0 1
0.000191095 4.04196e+51 4.04196e+51 4.04198e+51 4.0421e+51 4.0421e+51 0 0 1.17141e+47 3.68071e+46 4.64348e+42 0 0 1
0.000220673 3.21737e+51 3.21737e+51 3.21738e+51 3.21746e+51 3.21746e+51 0 0 1.3527e+47 3.18736e+46 4.64348e+42 0 0 1
0.00025483 2.55731e+51 2.55731e+51 2.55732e+51 2.55737e+51 2.55737e+51 0 0 1.56205e+47 2.76015e+46 4.64348e+42 0 0 1
0.000294273 2.02994e+51 2.02994e+51 2.02994e+51 2.02998e+51 2.02998e+51 0 0 1.80378e+47 2.39019e+46 4.64348e+42 0 0 1
0.000339821 1.60929e+51 1.60929e+51 1.60929e+51 1.60932e+51 1.60932e+51 0 0 2.08292e+47 2.06982e+46 4.64348e+42 0 0 1
0.000392419 1.27431e+51 1.27431e+51 1.27431e+51 1.27432e+51 1.27432e+51 0 0 2.40524e+47 1.79239e+46 4.64348e+42 0 0 1
0.000453158 1.00792e+51 1.00792e+51 1.00793e+51 1.00794e+51 1.00794e+51 0 0 2.77743e+47 1.55215e+46 4.64348e+42 0 0 1
0.000523299 7.96387e+50 7.96387e+50 7.96387e+50 7.96396e+50 7.96396e+50 0 0 3.2072e+47 1.34411e+46 4.64348e+42 0 0 1
0.000604296 6.28611e+50 6.28611e+50 6.28611e+50 6.28617e+50 6.28617e+50 0 0 3.70344e+47 1.16395e+46 4.64348e+42 0 0 1
0.000697831 4.95698e+50 4.95698e+50 4.95698e+50 4.95702e+50 4.95702e+50 0 0 4.27644e+47 1.00794e+46 4.64348e+42 0 0 1
0.000805842 3.9052e+50 3.9052e+50 3.9052e+50 3.90522e+50 3.90522e+50 0 0 4.93804e+47 8.72838e+45 4.64348e+42 0 0 1
0.000930572 3.07373e+50 3.07373e+50 3.07373e+50 3.07375e+50 3.07375e+50 0 0 5.70195e+47 7.55846e+45 4.64348e+42 0 0 1
0.00107461 2.41706e+50 2.41706e+50 2.41706e+50 2.41707e+50 2.41707e+50 0 0 6.58396e+47 6.54536e+45 4.64348e+42 0 0 1
0.00124094 1.89892e+50 1.89892e+50 1.89892e+50 1.89893e+50 1.89893e+50 0 0 7.6023e+47 5.66805e+45 4.64348e+42 0 0 1
0.00143301 1.49045e+50 1.49045e+50 1.49045e+50 1.49046e+50 1.49046e+50 0 0 8.77802e+47 4.90833e+45 4.64348e+42 0 0 1
0.00165482 1.16872e+50 1.16872e+50 1.16872e+50 1.16872e+50 1.16872e+50 0 0 1.01354e+48 4.25044e+45 4.64348e+42 0 0 1
0.00191095 9.15519e+49 9.15519e+49 9.15519e+49 9.15521e+49 9.15521e+49 0 0 1.17024e+48 3.68073e+45 4.64348e+42 0 0 1
0.00220673 7.16432e+49 7.16432e+49 7.16432e+49 7.16434e+49 7.16434e+49 0 0 1.35114e+48 3.18738e+45 4.64348e+42 0 0 1
0.0025483 5.60032e+49 5.60032e+49 5.60032e+49 5.60034e+49 5.60034e+49 0 0 1.55997e+48 2.76016e+45 4.64348e+42 0 0 1
0.00294273 4.37281e+49 4.37281e+49 4.37281e+49 4.37282e+49 4.37282e+49 0 0 1.80101e+48 2.3902e+45 4.64348e+42 0 0 1
0.00339821 3.41032e+49 3.41032e+49 3.41032e+49 3.41032e+49 3.41032e+49 0 0 2.07922e+48 2.06982e+45 4.64348e+42 0 0 1
0.00392419 2.65641e+49 2.65641e+49 2.65641e+49 2.65641e+49 2.65641e+49 0 0 2.40032e+48 1.79239e+45 4.64348e+42 0 0 1
0.00453158 2.06653e+49 2.06653e+49 2.06653e+49 2.06653e+49 2.06653e+49 0 0 2.77087e+48 1.55215e+45 4.64348e+42 0 0 1
0.00523299 1.60552e+49 1.60552e+49 1.60552e+49 1.60552e+49 1.60552e+49 0 0 3.19844e+48 1.34411e+45 4.64348e+42 0 0 1
0.00604296 1.24566e+49 1.24566e+49 1.24566e+49 1.24566e+49 1.24566e+49 0 0 3.69177e+48 1.16395e+45 4.64348e+42 0 0 1
0.00697831 9.65131e+48 9.65131e+48 9.65131e+48 9.65132e+48 9.65132e+48 0 0 4.26087e+48 1.00794e+45 4.64348e+42 0 0 1
0.00805842 7.46731e+48 7.46731e+48 7.46731e+48 7.46731e+48 7.46731e+48 0 0 4.91729e+48 8.72838e+44 4.64348e+42 0 0 1
0.00930572 5.76939e+48 5.76939e+48 5.76939e+48 5.76939e+48 5.76939e+48 0 0 5.67428e+48 7.55846e+44 4.64348e+42 0 0 1
0.0107461 4.45128e+48 4.45128e+48 4.45128e+48 4.45128e+48 4.45128e+48 0 0 6.54707e+48 6.54536e+44 4.64348e+42 0 0 1
0.0124094 3.42953e+48 3.42953e+48 3.42953e+48 3.42953e+48 3.42953e+48 0 0 7.55313e+48 5.66805e+44 4.64348e+42 0 0 1
0.0143301 2.63871e+48 2.63871e+48 2.63871e+48 2.63871e+48 2.63871e+48 0 0 8.71248e+48 4.90833e+44 4.64348e+42 0 0 1
0.0165482 2.02753e+48 2.02753e+48 2.02753e+48 2.02753e+48 2.02753e+48 0 0 1.0048e+49 4.25044e+44 4.64348e+42 0 0 1
0.0191095 1.55591e+48 1.55591e+48 1.55591e+48 1.55591e+48 1.55591e+48 0 0 1.1586e+49 3.68073e+44 4.64348e+42 0 0 1
0.0220673 1.19251e+48 1.19251e+48 1.19251e+48 1.19251e+48 1.19251e+48 0 0 1.33563e+49 3.18738e+44 4.64348e+42 0 0 1
0.025483 9.1291e+47 9.1291e+47 9.1291e+47 9.1291e+47 9.1291e+47 0 0 1.53929e+49 2.76015e+44 4.64348e+42 0 0 1
0.0294273 6.9808e+47 6.9808e+47 6.9808e+47 6.9808e+47 6.9808e+47 0 0 1.77346e+49 2.3902e+44 4.64348e+42 0 0 1
0.0339821 5.33239e+47 5.33239e+47 5.33239e+47 5.3324e+47 5.3324e+47 0 0 2.04252e+49 2.06982e+44 4.64348e+42 0 0 1
0.0392419 4.06917e+47 4.06917e+47 4.06917e+47 4.06917e+47 4.06917e+47 0 0 2.35143e+49 1.79239e+44 4.64348e+42 0 0 1
0.0453158 3.1023e+47 3.1023e+47 3.1023e+47 3.1023e+47 3.1023e+47 0 0 2.70576e+49 1.55215e+44 4.64348e+42 0 0 1
0.0523299 2.3631e+47 2.3631e+47 2.3631e+47 2.3631e+47 2.3631e+47 0 0 3.11175e+49 1.34411e+44 4.64348e+42 0 0 1
0.0604296 1.79856e+47 1.79856e+47 1.79856e+47 1.79856e+47 1.79856e+47 0 0 3.57636e+49 1.16395e+44 4.64348e+42 0 0 1
0.0697831 1.36784e+47 1.36784e+47 1.36784e+47 1.36784e+47 1.36784e+47 0 0 4.10728e+49 1.00794e+44 4.64348e+42 0 0 1
0.0805842 1.03953e+47 1.03953e+47 1.03953e+47 1.03953e+47 1.03953e+47 0 0 4.71296e+49 8.72837e+43 4.64348e+42 0 0 1
0.0930572 7.8949e+46 7.8949e+46 7.8949e+46 7.89491e+46 7.89491e+46 0 0 5.40254e+49 7.55845e+43 4.64348e+42 0 0 1
0.107461 5.99219e+46 5.99219e+46 5.99219e+46 5.99219e+46 5.99219e+46 0 0 6.18583e+49 6.54535e+43 4.64348e+42 0 0 1
0.124094 4.54538e+46 4.54538e+46 4.54538e+46 4.54538e+46 4.54538e+46 0 0 7.07314e+49 5.66804e+43 4.64348e+42 0 0 1
0.143301 3.44601e+46 3.44601e+46 3.44601e+46 3.44601e+46 3.44601e+46 0 0 8.07509e+49 4.90832e+43 4.64348e+42 0 0 1
0.165482 2.61121e+46 2.61121e+46 2.61121e+46 2.61121e+46 2.61121e+46 0 0 9.20219e+49 4.25043e+43 4.64348e+42 0 0 1
0.191095 1.9777e+46 1.9777e+46 1.9777e+46 1.9777e+46 1.9777e+46 0 0 1.04644e+50 3.68072e+43 4.64348e+42 0 0 1
0.220673 1.49722e+46 1.49722e+46 1.49722e+46 1.49722e+46 1.49722e+46 0 0 1.18704e+50 3.18737e+43 4.64348e+42 0 0 1
0.25483 1.13301e+46 1.13301e+46 1.13301e+46 1.13301e+46 1.13301e+46 0 0 1.34265e+50 2.76014e+43 4.64348e+42 0 0 1
0.294273 8.57066e+45 8.57066e+45 8.57066e+45 8.57066e+45 8.57066e+45 0 0 1.51355e+50 2.39019e+43 4.64348e+42 0 0 1
0.339821 6.48101e+45 6.48101e+45 6.48101e+45 6.48101e+45 6.48101e+45 0 0 1.69948e+50 2.06981e+43 4.64348e+42 0 0 1
0.392419 4.89925e+45 4.89925e+45 4.89925e+45 4.89925e+45 4.89925e+45 0 0 1.89945e+50 1.79238e+43 4.64348e+42 0 0 1
0.453158 3.70243e+45 3.70243e+45 3.70243e+45 3.70243e+45 3.70243e+45 0 0 2.11142e+50 1.55214e+43 4.64348e+42 0 0 1
0.523299 2.79719e+45 2.79719e+45 2.79719e+45 2.79719e+45 2.79719e+45 0 0 2.33206e+50 1.3441e+43 4.64348e+42 0 0 1
0.604296 2.11275e+45 2.11275e+45 2.11275e+45 2.11275e+45 2.11275e+45 0 0 2.55635e+50 1.16394e+43 4.64348e+42 0 0 1
0.697831 1.59541e+45 1.59541e+45 1.59541e+45 1.59541e+45 1.59541e+45 0 0 2.77722e+50 1.00793e+43 4.64348e+42 0 0 1
0.805842 1.20448e+45 1.20448e+45 1.20448e+45 1.20448e+45 1.20448e+45 0 0 2.98528e+50 8.72827e+42 4.64348e+42 0 0 1
0.930572 9.09154e+44 9.09154e+44 9.09154e+44 9.09154e+44 9.09154e+44 0 0 3.16857e+50 7.55835e+42 4.64348e+42 0 0 1
1.07461 6.86105e+44 6.86105e+44 6.86105e+44 6.86105e+44 6.86105e+44 0 0 3.31272e+50 6.54525e+42 4.64348e+42 0 0 1
1.24094 5.17681e+44 5.17681e+44 5.17681e+44 5.17681e+44 5.17681e+44 0 0 3.40141e+50 5.66794e+42 4.64348e+42 0 0 1
1.43301 3.90532e+44 3.90532e+44 3.90532e+44 3.90532e+44 3.90532e+44 0 0 3.41759e+50 4.90822e+42 4.64348e+42 0 0 1
1.65482 2.9456e+44 2.9456e+44 2.9456e+44 2.9456e+44 2.9456e+44 0 0 3.34558e+50 4.25033e+42 4.64348e+42 0 0 1
1.91095 2.22135e+44 2.22135e+44 2.22135e+44 2.22135e+44 2.22135e+44 0 0 3.17409e+50 3.68062e+42 4.64348e+42 0 0 1
2.20673 1.67488e+44 1.67488e+44 1.67488e+44 1.67488e+44 1.67488e+44 0 0 2.90004e+50 3.18727e+42 4.64348e+42 0 0 1
2.5483 1.26264e+44 1.26264e+44 1.26264e+44 1.26264e+44 1.26264e+44 0 0 2.53237e+50 2.76005e+42 4.64348e+42 0 0 1
2.94273 9.51691e+43 9.51691e+43 9.51691e+43 9.51691e+43 9.51691e+43 0 0 2.09454e+50 2.39009e+42 4.64348e+42 0 0 1
3.39821 7.17192e+43 7.17192e+43 7.17192e+43 7.17192e+43 7.17192e+43 0 0 1.62374e+50 2.06971e+42 4.64348e+42 0 0 1
3.92419 5.40376e+43 5.40376e+43 5.40376e+43 5.40376e+43 5.40376e+43 0 0 1.16555e+50 1.79228e+42 4.64348e+42 0 0 1
4.53158 4.07074e+43 4.07074e+43 4.07074e+43 4.07074e+43 4.07074e+43 0 0 7.63988e+49 1.55204e+42 4.64348e+42 0 0 1
5.23299 3.06595e+43 3.06595e+43 3.06595e+43 3.06595e+43 3.06595e+43 0 0 4.50122e+49 1.344e+42 4.64348e+42 0 0 1
6.04296 2.30869e+43 2.30869e+43 2.30869e+43 2.30869e+43 2.30869e+43 0 0 2.3416e+49 1.16384e+42 4.64348e+42 0 0 1
6.97831 1.73809e+43 1.73809e+43 1.73809e+43 1.73809e+43 1.73809e+43 0 0 1.05405e+49 1.00783e+42 4.64348e+42 0 0 1
8.05842 1.30821e+43 1.30821e+43 1.30821e+43 1.30821e+43 1.30821e+43 0 0 4.0125e+48 8.72728e+41 4.64348e+42 0 0 1
9.30572 9.844e+42 9.844e+42 9.844e+42 9.844e+42 9.844e+42 0 0 1.25828e+48 7.55736e+41 4.64348e+42 0 0 1
10.7461 7.40541e+42 7.40541e+42 7.40541e+42 7.40541e+42 7.40541e+42 0 0 3.15401e+47 6.54426e+41 4.64348e+42 0 0 1
12.4094 5.5693e+42 5.5693e+42 5.5693e+42 5.5693e+42 5.5693e+42 0 0 6.10375e+46 5.66695e+41 4.64348e+42 0 0 1
14.3301 4.18711e+42 4.18711e+42 4.18711e+42 4.18711e+42 4.18711e+42 0 0 8.76162e+45 4.90723e+41 4.64348e+42 0 0 1
16.5482 3.14688e+42 3.14688e+42 3.14688e+42 3.14688e+42 3.14688e+42 0 0 8.9072e+44 4.24933e+41 4.64348e+42 0 0 1
19.1095 2.36421e+42 2.36421e+42 2.36421e+42 2.36421e+42 2.36421e+42 0 0 6.07962e+43 3.67962e+41 4.64348e+42 0 0 1
22.0673 1.7755e+42 1.7755e+42 1.7755e+42 1.7755e+42 1.7755e+42 0 0 2.61944e+42 3.18628e+41 4.64348e+42 0 0 1
25.483 1.33282e+42 1.33282e+42 1.33282e+42 1.33282e+42 1.33282e+42 0 0 6.63456e+40 2.75905e+41 4.64348e+42 0 0 1
29.4273 1.00006e+42 1.00006e+42 1.00006e+42 1.00006e+42 1.00006e+42 0 0 9.0986e+38 2.38909e+41 4.64348e+42 0 0 1
33.9821 7.5001e+41 7.5001e+41 7.5001e+41 7.5001e+41 7.5001e+41 0 0 6.14406e+36 2.06872e+41 4.64348e+42 0 0 1
39.2419 5.62196e+41 5.62196e+41 5.62196e+41 5.62196e+41 5.62196e+41 0 0 1.83076e+34 1.79129e+41 4.64348e+42 0 0 1
45.3158 4.21187e+41 4.21187e+41 4.21187e+41 4.21187e+41 4.21187e+41 0 0 2.12084e+31 1.55105e+41 4.64348e+42 0 0 1
52.3299 3.15368e+41 3.15368e+41 3.15368e+41 3.15368e+41 3.15368e+41 0 0 8.25235e+27 1.343e+41 4.64348e+42 0 0 1
60.4296 2.35997e+41 2.35997e+41 2.35997e+41 2.35997e+41 2.35997e+41 0 0 9.10969e+23 1.16285e+41 4.64348e+42 0 0 1
69.7831 1.76496e+41 1.76496e+41 1.76496e+41 1.76496e+41 1.76496e+41 0 0 2.34746e+19 1.00684e+41 4.64348e+42 0 0 1
80.5842 1.31915e+41 1.31915e+41 1.31915e+41 1.31915e+41 1.31915e+41 0 0 1.12737e+14 8.71736e+40 4.64348e+42 0 0 1
93.0572 9.85321e+40 9.85321e+40 9.85321e+40 9.85321e+40 9.85321e+40 0 0 7.77984e+07 7.54744e+40 4.64348e+42 0 0 1
107.461 7.35501e+40 7.35501e+40 7.35501e+40 7.35501e+40 7.35501e+40 0 0 5.7135 6.53434e+40 4.64348e+42 0 0 1
124.094 5.48663e+40 5.48663e+40 5.48663e+40 5.48663e+40 5.48663e+40 0 0 3.1569e-08 5.65703e+40 4.64348e+42 0 0 1
143.301 4.09021e+40 4.09021e+40 4.09021e+40 4.09021e+40 4.09021e+40 0 0 8.79302e-18 4.89731e+40 4.64348e+42 0 0 1
165.482 3.0472e+40 3.0472e+40 3.0472e+40 3.0472e+40 3.0472e+40 0 0 7.7751e-29 4.23942e+40 4.64348e+42 0 0 1
191.095 2.26868e+40 2.26868e+40 2.26868e+40 2.26868e+40 2.26868e+40 0 0 1.27954e-41 3.66971e+40 4.64348e+42 0 0 1
220.673 1.68797e+40 1.68797e+40 1.68797e+40 1.68797e+40 1.68797e+40 0 0 2.11532e-56 3.17637e+40 4.64348e+42 0 0 1
254.83 1.2551e+40 1.2551e+40 1.2551e+40 1.2551e+40 1.2551e+40 0 0 1.72351e-73 2.74915e+40 4.64348e+42 0 0 1
294.273 9.32653e+39 9.32653e+39 9.32653e+39 9.32653e+39 9.32653e+39 0 0 3.04115e-93 2.37919e+40 4.64348e+42 0 0 1
339.821 6.92614e+39 6.92614e+39 6.92614e+39 6.92614e+39 6.92614e+39 0 0 4.49623e-116 2.05882e+40 4.64348e+42 0 0 1
392.419 5.1404e+39 5.1404e+39 5.1404e+39 5.1404e+39 5.1404e+39 0 0 1.86041e-142 1.7814e+40 4.64348e+42 0 0 1
453.158 3.8128e+39 3.8128e+39 3.81281e+39 3.81281e+39 3.81281e+39 0 0 6.07257e-173 1.54116e+40 4.64348e+42 0 0 1
523.299 2.82644e+39 2.82644e+39 2.82644e+39 2.82644e+39 2.82644e+39 0 0 3.62299e-208 1.33312e+40 4.64348e+42 0 0 1
604.296 2.09405e+39 2.09405e+39 2.09405e+39 2.09405e+39 2.09405e+39 0 0 7.30007e-249 1.15297e+40 4.64348e+42 0 0 1
697.831 1.55059e+39 1.55059e+39 1.55059e+39 1.55059e+39 1.55059e+39 0 0 0 9.96968e+39 4.64348e+42 0 0 1
805.842 1.14755e+39 1.14755e+39 1.14755e+39 1.14755e+39 1.14755e+39 0 0 0 8.61878e+39 4.64348e+42 0 0 1
930.572 8.48834e+38 8.48834e+38 8.48834e+38 8.48834e+38 8.48834e+38 0 0 0 7.44897e+39 4.64348e+42 0 0 1
1074.61 6.27554e+38 6.27554e+38 6.27555e+38 6.27555e+38 6.27555e+38 0 0 0 6.43599e+39 4.64348e+42 0 0 1
1240.94 4.63731e+38 4.63731e+38 4.63731e+38 4.63731e+38 4.63731e+38 0 0 0 5.55882e+39 4.64348e+42 0 0 1
1433.01 3.4251e+38 3.4251e+38 3.4251e+38 3.4251e+38 3.4251e+38 0 0 0 4.79926e+39 4.64348e+42 0 0 1
1654.82 2.52859e+38 2.52859e+38 2.52859e+38 2.52859e+38 2.52859e+38 0 0 0 4.14156e+39 4.64348e+42 0 0 1
1910.95 1.8659e+38 1.8659e+38 1.8659e+38 1.8659e+38 1.8659e+38 0 0 0 3.57207e+39 4.64348e+42 0 0 1
2206.73 1.37629e+38 1.37629e+38 1.37629e+38 1.37629e+38 1.37629e+38 0 0 0 3.07897e+39 4.64348e+42 0 0 1
2548.3 1.01473e+38 1.01473e+38 1.01473e+38 1.01473e+38 1.01473e+38 0 0 0 2.65204e+39 4.64348e+42 0 0 1
2942.73 7.47845e+37 7.47845e+37 7.47846e+37 7.47846e+37 7.47846e+37 0 0 0 2.28241e+39 4.64348e+42 0 0 1
3398.21 5.50937e+37 5.50937e+37 5.50938e+37 5.50938e+37 5.50938e+37 0 0 0 1.96242e+39 4.64348e+42 0 0 1
3924.19 4.0572e+37 4.0572e+37 4.05721e+37 4.05721e+37 4.05721e+37 0 0 0 1.68542e+39 4.64348e+42 0 0 1
4531.58 2.9867e+37 2.9867e+37 2.98671e+37 2.98671e+37 2.98671e+37 0 0 0 1.44568e+39 4.64348e+42 0 0 1
5232.99 2.19788e+37 2.19788e+37 2.19789e+37 2.19789e+37 2.19789e+37 0 0 0 1.23822e+39 4.64348e+42 0 0 1
6042.96 1.61685e+37 1.61685e+37 1.61686e+37 1.61686e+37 1.61686e+37 0 0 0 1.05872e+39 4.64348e+42 0 0 1
6978.31 1.18904e+37 1.18904e+37 1.18905e+37 1.18905e+37 1.18905e+37 0 0 0 9.03463e+38 4.64348e+42 0 0 1
8058.42 8.74166e+36 8.74166e+36 8.74169e+36 8.74169e+36 8.74169e+36 0 0 0 7.69227e+38 4.64348e+42 0 0 1
9305.72 6.42489e+36 6.42489e+36 6.42492e+36 6.42492e+36 6.42492e+36 0 0 0 6.53222e+38 4.64348e+42 0 0 1
10746.1 4.72087e+36 4.72087e+36 4.72089e+36 4.72089e+36 4.72089e+36 0 0 0 5.53034e+38 4.64348e+42 0 0 1
12409.4 3.46793e+36 3.46793e+36 3.46795e+36 3.46795e+36 3.46795e+36 0 0 0 4.66578e+38 4.64348e+42 0 0 1
14330.1 2.54696e+36 2.54696e+36 2.54697e+36 2.54697e+36 2.54697e+36 0 0 0 3.92052e+38 4.64348e+42 0 0 1
16548.2 1.87019e+36 1.87019e+36 1.87021e+36 1.87021e+36 1.87021e+36 0 0 0 3.27898e+38 4.64348e+42 0 0 1
19109.5 1.37302e+36 1.37302e+36 1.37303e+36 1.37303e+36 1.37303e+36 0 0 0 2.7277e+38 4.64348e+42 0 0 1
22067.3 1.00787e+36 1.00787e+36 1.00787e+36 1.00787e+36 1.00787e+36 0 0 0 2.25503e+38 4.64348e+42 0 0 1
25483 7.39738e+35 7.39738e+35 7.39745e+35 7.39745e+35 7.39745e+35 0 0 0 1.85094e+38 4.64348e+42 0 0 1
29427.3 5.42894e+35 5.42894e+35 5.42899e+35 5.42899e+35 5.42899e+35 0 0 0 1.50672e+38 4.64348e+42 0 0 1
33982.1 3.98407e+35 3.98407e+35 3.98411e+35 3.98411e+35 3.98411e+35 0 0 0 1.21482e+38 4.64348e+42 0 0 1
39241.9 2.92366e+35 2.92366e+35 2.92369e+35 2.92369e+35 2.92369e+35 0 0 0 9.68711e+37 4.64348e+42 0 0 1
45315.8 2.1455e+35 2.1455e+35 2.14553e+35 2.14553e+35 2.14553e+35 0 0 0 7.6266e+37 4.64348e+42 0 0 1
52329.9 1.57451e+35 1.57451e+35 1.57453e+35 1.57453e+35 1.57453e+35 0 0 0 5.91651e+37 4.64348e+42 0 0 1
60429.6 1.15556e+35 1.15556e+35 1.15558e+35 1.15558e+35 1.15558e+35 0 0 0 4.51239e+37 4.64348e+42 0 0 1
69783.1 8.48174e+34 8.48174e+34 8.4819e+34 8.4819e+34 8.4819e+34 0 0 0 3.37451e+37 4.64348e+42 0 0 1
80584.2 6.22635e+34 6.22635e+34 6.22648e+34 6.22648e+34 6.22648e+34 0 0 0 2.46692e+37 4.64348e+42 0 0 1
93057.2 4.57143e+34 4.57143e+34 4.57153e+34 4.57153e+34 4.57153e+34 0 0 0 1.75678e+37 4.64348e+42 0 0 1
107461 3.35701e+34 3.35701e+34 3.35708e+34 3.35708e+34 3.35708e+34 0 0 0 1.21375e+37 4.64348e+42 0 0 1
124094 2.46573e+34 2.46573e+34 2.46579e+34 2.46579e+34 2.46579e+34 0 0 0 8.0977e+36 4.64348e+42 0 0 1
143301 1.81153e+34 1.81153e+34 1.81158e+34 1.81158e+34 1.81158e+34 0 0 0 5.18874e+36 4.64348e+42 0 0 1
165482 1.33127e+34 1.33127e+34 1.33131e+34 1.33131e+34 1.33131e+34 0 0 0 3.17334e+36 4.64348e+42 0 0 1
191095 9.78638e+33 9.78638e+33 9.78667e+33 9.78667e+33 9.78667e+33 0 0 0 1.83905e+36 4.64348e+42 0 0 1
220673 7.1966e+33 7.1966e+33 7.19682e+33 7.19682e+33 7.19682e+33 0 0 0 1.00155e+36 4.64348e+42 0 0 1
254830 5.2942e+33 5.2942e+33 5.29437e+33 5.29437e+33 5.29437e+33 0 0 0 5.07663e+35 4.64348e+42 0 0 1
294273 3.89637e+33 3.89637e+33 3.89649e+33 3.89649e+33 3.89649e+33 0 0 0 2.36852e+35 4.64348e+42 0 0 1
339821 2.86897e+33 2.86897e+33 2.86907e+33 2.86907e+33 2.86907e+33 0 0 0 1.00416e+35 4.64348e+42 0 0 1
392419 2.1136e+33 2.1136e+33 2.11367e+33 2.11367e+33 2.11367e+33 0 0 0 3.81173e+34 4.64348e+42 0 0 1
453158 1.55804e+33 1.55804e+33 1.55809e+33 1.55809e+33 1.55809e+33 0 0 0 1.27351e+34 4.64348e+42 0 0 1
523299 1.14927e+33 1.14927e+33 1.1493e+33 1.1493e+33 1.1493e+33 7.77723e+25 1.92979e+30 0 3.67163e+33 4.64348e+42 0 0 1
604296 8.48361e+32 8.48361e+32 8.48389e+32 8.48389e+32 8.48389e+32 1.19807e+26 1.93812e+30 0 8.92865e+32 4.64348e+42 0 0 1
697831 6.26747e+32 6.26747e+32 6.26767e+32 6.26767e+32 6.26767e+32 1.61842e+26 1.94645e+30 0 1.78377e+32 4.64348e+42 0 0 1
805842 4.63436e+32 4.63436e+32 4.63451e+32 4.63451e+32 4.63451e+32 2.03877e+26 1.95478e+30 0 2.83992e+31 4.64348e+42 0 0 1
930572 3.43013e+32 3.43013e+32 3.43024e+32 3.43024e+32 3.43024e+32 2.45911e+26 1.96311e+30 0 3.47876e+30 4.64348e+42 0 0 1
1.07461e+06 2.5415e+32 2.5415e+32 2.54157e+32 2.54157e+32 2.54157e+32 3.114e+26 1.9727e+30 0 3.14829e+29 4.64348e+42 0 0 1
1.24094e+06 1.88523e+32 1.88523e+32 1.88529e+32 1.88529e+32 1.88529e+32 4.17795e+26 1.97532e+30 0 2.00866e+28 4.64348e+42 0 0 1
1.43301e+06 1.40015e+32 1.40015e+32 1.40019e+32 1.40019e+32 1.40019e+32 5.5789e+26 1.97866e+30 0 8.559e+26 4.64348e+42 0 0 1
1.65482e+06 1.04126e+32 1.04126e+32 1.04129e+32 1.04129e+32 1.04129e+32 7.43038e+26 1.98298e+30 0 2.28816e+25 4.64348e+42 0 0 1
1.91095e+06 7.75444e+31 7.75444e+31 7.75465e+31 7.75465e+31 7.75465e+31 1.00759e+27 1.98897e+30 0 3.57076e+23 4.64348e+42 0 0 1
2.20673e+06 5.7834e+31 5.7834e+31 5.78355e+31 5.78355e+31 5.78355e+31 1.34692e+27 1.99674e+30 0 2.99269e+21 4.64348e+42 0 0 1
2.5483e+06 4.32003e+31 4.32003e+31 4.32013e+31 4.32013e+31 4.32013e+31 1.79261e+27 2.00695e+30 0 1.22349e+19 4.64348e+42 0 0 1
2.94273e+06 3.2321e+31 3.2321e+31 3.23217e+31 3.23217e+31 3.23217e+31 2.38387e+27 2.02035e+30 0 2.18333e+16 4.64348e+42 0 0 1
3.39821e+06 2.42212e+31 2.42212e+31 2.42218e+31 2.42218e+31 2.42218e+31 3.23579e+27 2.03905e+30 0 1.49589e+13 4.64348e+42 0 0 1
3.92419e+06 1.81818e+31 1.81818e+31 1.81822e+31 1.81822e+31 1.81822e+31 4.34755e+27 2.06331e+30 0 3.39304e+09 4.64348e+42 0 0 1
4.53158e+06 1.36715e+31 1.36715e+31 1.36718e+31 1.36718e+31 1.36718e+31 5.84614e+27 2.09459e+30 0 214722 4.64348e+42 0 0 1
5.23299e+06 1.02979e+31 1.02979e+31 1.02981e+31 1.02981e+31 1.02981e+31 7.84521e+27 2.13415e+30 0 3.11139 4.64348e+42 0 0 1
6.04296e+06 7.77077e+30 7.77077e+30 7.7709e+30 7.7709e+30 7.7709e+30 1.06717e+28 2.1866e+30 0 8.21728e-06 4.64348e+42 0 0 1
6.97831e+06 5.87491e+30 5.87491e+30 5.875e+30 5.875e+30 5.875e+30 1.4326e+28 2.24844e+30 0 3.03925e-12 4.64348e+42 0 0 1
8.05842e+06 4.45097e+30 4.45097e+30 4.45104e+30 4.45104e+30 4.45104e+30 1.90902e+28 2.32151e+30 0 1.16125e-19 4.64348e+42 0 0 1
9.30572e+06 3.38079e+30 3.38079e+30 3.38084e+30 3.38084e+30 3.38084e+30 2.53471e+28 2.40429e+30 0 3.22561e-28 4.64348e+42 0 0 1
1.07461e+07 2.57682e+30 2.57682e+30 2.57686e+30 2.57686e+30 2.57686e+30 3.37464e+28 2.50346e+30 0 4.34117e-38 4.64348e+42 0 0 1
1.24094e+07 1.97303e+30 1.97303e+30 1.97305e+30 1.97305e+30 1.97305e+30 4.39916e+28 2.6009e+30 0 1.77183e-49 4.64348e+42 0 0 1
1.43301e+07 1.52056e+30 1.52056e+30 1.52058e+30 1.52058e+30 1.52058e+30 5.63104e+28 2.69609e+30 0 1.27665e-62 4.64348e+42 0 0 1
1.65482e+07 1.18277e+30 1.18277e+30 1.18278e+30 1.18278e+30 1.18278e+30 7.07825e+28 2.78447e+30 0 8.69351e-78 4.64348e+42 0 0 1
1.91095e+07 9.32739e+29 9.32739e+29 9.32748e+29 9.32748e+29 9.32748e+29 8.80222e+28 2.86066e+30 0 2.71915e-95 4.64348e+42 0 0 1
2.20673e+07 7.4811e+29 7.4811e+29 7.48117e+29 7.48117e+29 7.48117e+29 1.06356e+29 2.92638e+30 0 1.69794e-115 4.64348e+42 0 0 1
2.5483e+07 6.13635e+29 6.13635e+29 6.13641e+29 6.13641e+29 6.13641e+29 1.26113e+29 2.97249e+30 0 8.08709e-139 4.64348e+42 0 0 1
2.94273e+07 5.16023e+29 5.16023e+29 5.16028e+29 5.16028e+29 5.16028e+29 1.45757e+29 2.97307e+30 0 9.67141e-166 4.64348e+42 0 0 1
3.39821e+07 4.45953e+29 4.45953e+29 4.45957e+29 4.45957e+29 4.45957e+29 1.6485e+29 2.91997e+30 0 8.04958e-197 4.64348e+42 0 0 1
3.92419e+07 3.94419e+29 3.94419e+29 3.94422e+29 3.94422e+29 3.94422e+29 1.81121e+29 2.81175e+30 0 1.05962e-232 4.64348e+42 0 0 1
4.53158e+07 3.56982e+29 3.56982e+29 3.56985e+29 3.56985e+29 3.56985e+29 1.95238e+29 2.66745e+30 0 3.98591e-274 4.64348e+42 0 0 1
5.23299e+07 3.28915e+29 3.28915e+29 3.28917e+29 3.28917e+29 3.28917e+29 2.06357e+29 2.50108e+30 0 0 4.64348e+42 0 0 1
6.04296e+07 3.05525e+29 3.05525e+29 3.05527e+29 3.05527e+29 3.05527e+29 2.12738e+29 2.29623e+30 0 0 4.64348e+42 0 0 1
6.97831e+07 2.84073e+29 2.84073e+29 2.84075e+29 2.84075e+29 2.84075e+29 2.1389e+29 2.05748e+30 0 0 4.64348e+42 0 0 1
8.05842e+07 2.63301e+29 2.63301e+29 2.63303e+29 2.63303e+29 2.63303e+29 2.1027e+29 1.78881e+30 0 0 4.64348e+42 0 0 1
9.30572e+07 2.42034e+29 2.42034e+29 2.42036e+29 2.42036e+29 2.42036e+29 2.02006e+29 1.49961e+30 0 0 4.64348e+42 0 0 1
1.07461e+08 2.19293e+29 2.19293e+29 2.19295e+29 2.19295e+29 2.19295e+29 1.89116e+29 1.20627e+30 0 0 4.64348e+42 4.23701 0 1
1.24094e+08 1.96836e+29 1.96836e+29 1.96837e+29 1.96837e+29 1.96837e+29 1.74113e+29 9.54812e+29 0 0 4.64348e+42 3.72228 0 1
1.43301e+08 1.73991e+29 1.73991e+29 1.73992e+29 1.73992e+29 1.73992e+29 1.56904e+29 7.42383e+29 0 0 4.64348e+42 3.27009 0 1
1.65482e+08 1.50896e+29 1.50896e+29 1.50897e+29 1.50897e+29 1.50897e+29 1.38065e+29 5.68032e+29 0 0 4.64348e+42 2.87283 0 1
1.91095e+08 1.26981e+29 1.26981e+29 1.26982e+29 1.26982e+29 1.26982e+29 1.17359e+29 4.23504e+29 0 0 4.64348e+42 2.52383 0 1
2.20673e+08 1.05528e+29 1.05528e+29 1.05529e+29 1.05529e+29 1.05529e+29 9.83233e+28 3.17402e+29 0 0 4.64348e+42 2.21722 0 1
2.5483e+08 8.60924e+28 8.60924e+28 8.6093e+28 8.6093e+28 8.6093e+28 8.07041e+28 2.35204e+29 0 0 4.64348e+42 1.94787 0 1
2.94273e+08 6.89108e+28 6.89108e+28 6.89113e+28 6.89113e+28 6.89113e+28 6.48855e+28 1.72369e+29 0 0 4.64348e+42 1.71123 0 1
3.39821e+08 5.35754e+28 5.35754e+28 5.35757e+28 5.35757e+28 5.35757e+28 5.05713e+28 1.2408e+29 0 0 4.64348e+42 1.56967 0 1
3.92419e+08 4.15165e+28 4.15165e+28 4.15168e+28 4.15168e+28 4.15168e+28 3.92766e+28 9.07774e+28 0 0 4.64348e+42 1.50335 0 1
4.53158e+08 3.17106e+28 3.17106e+28 3.17108e+28 3.17108e+28 3.17108e+28 3.00419e+28 6.61083e+28 0 0 4.64348e+42 1.43982 0 1
5.23299e+08 2.38258e+28 2.38258e+28 2.3826e+28 2.3826e+28 2.3826e+28 2.2584e+28 4.79429e+28 0 0 4.64348e+42 1.37898 0 1
6.04296e+08 1.76748e+28 1.76748e+28 1.7675e+28 1.7675e+28 1.7675e+28 1.67519e+28 3.44022e+28 0 0 4.64348e+42 1.32072 0 1
6.97831e+08 1.32722e+28 1.32722e+28 1.32723e+28 1.32723e+28 1.32723e+28 1.25872e+28 2.51954e+28 0 0 4.64348e+42 1.26491 0 1
8.05842e+08 9.90867e+27 9.90867e+27 9.90875e+27 9.90875e+27 9.90875e+27 9.40124e+27 1.84219e+28 0 0 4.64348e+42 1.21146 0 1
9.30572e+08 7.34629e+27 7.34629e+27 7.34635e+27 7.34635e+27 7.34635e+27 6.97104e+27 1.34371e+28 0 0 4.64348e+42 1.16027 0 1
1.07461e+09 5.37709e+27 5.37709e+27 5.37713e+27 5.37713e+27 5.37713e+27 5.1001e+27 9.66241e+27 0 0 4.64348e+42 1.16445 0 1
1.24094e+09 4.02042e+27 4.02042e+27 4.02046e+27 4.02046e+27 4.02046e+27 3.81632e+27 7.10907e+27 0 0 4.64348e+42 1.22461 0 1
1.43301e+09 3.01009e+27 3.01009e+27 3.01012e+27 3.01012e+27 3.01012e+27 2.85996e+27 5.21645e+27 0 0 4.64348e+42 1.28787 0 1
1.65482e+09 2.24652e+27 2.24652e+27 2.24654e+27 2.24654e+27 2.24654e+27 2.13629e+27 3.81616e+27 0 0 4.64348e+42 1.3544 0 1
1.91095e+09 1.65672e+27 1.65672e+27 1.65673e+27 1.65673e+27 1.65673e+27 1.57593e+27 2.74601e+27 0 0 4.64348e+42 1.42437 0 1
2.20673e+09 1.24647e+27 1.24647e+27 1.24648e+27 1.24648e+27 1.24648e+27 1.18738e+27 2.02477e+27 0 0 4.64348e+42 1.49795 0 1
2.5483e+09 9.35101e+26 9.35101e+26 9.35109e+26 9.35109e+26 9.35109e+26 8.91973e+26 1.4888e+27 0 0 4.64348e+42 1.57533 0 1
2.94273e+09 6.98286e+26 6.98286e+26 6.98293e+26 6.98293e+26 6.98293e+26 6.66877e+26 1.09122e+27 0 0 4.64348e+42 1.65671 0 1
3.39821e+09 5.12501e+26 5.12501e+26 5.12506e+26 5.12506e+26 5.12506e+26 4.89678e+26 7.8669e+26 0 0 4.64348e+42 1.7423 0 1
3.92419e+09 3.84377e+26 3.84377e+26 3.84381e+26 3.84381e+26 3.84381e+26 3.67832e+26 5.8047e+26 0 0 4.64348e+42 1.8323 0 1
4.53158e+09 2.87363e+26 2.87363e+26 2.87366e+26 2.87366e+26 2.87366e+26 2.75397e+26 4.26777e+26 0 0 4.64348e+42 1.92696 0 1
5.23299e+09 2.14105e+26 2.14105e+26 2.14107e+26 2.14107e+26 2.14107e+26 2.05472e+26 3.12499e+26 0 0 4.64348e+42 2.0265 0 1
6.04296e+09 1.56453e+26 1.56453e+26 1.56455e+26 1.56455e+26 1.56455e+26 1.50241e+26 2.25252e+26 0 0 4.64348e+42 2.13119 0 1
6.97831e+09 1.17099e+26 1.17099e+26 1.171e+26 1.171e+26 1.171e+26 1.12641e+26 1.6602e+26 0 0 4.64348e+42 2.24128 0 1
8.05842e+09 8.73621e+25 8.73621e+25 8.73631e+25 8.73631e+25 8.73631e+25 8.41717e+25 1.22027e+26 0 0 4.64348e+42 2.35707 0 1
9.30572e+09 6.47767e+25 6.47767e+25 6.47774e+25 6.47774e+25 6.47774e+25 6.25e+25 8.94401e+25 0 0 4.64348e+42 2.47883 0 1
1.07461e+10 4.72149e+25 4.72149e+25 4.72155e+25 4.72155e+25 4.72155e+25 4.55954e+25 6.46689e+25 0 0 4.64348e+42 2.78129 0 1
1.24094e+10 3.50653e+25 3.50653e+25 3.50657e+25 3.50657e+25 3.50657e+25 3.39168e+25 4.78201e+25 0 0 4.64348e+42 3.32945 0 1
1.43301e+10 2.58874e+25 2.58874e+25 2.58878e+25 2.58878e+25 2.58878e+25 2.50757e+25 3.52719e+25 0 0 4.64348e+42 3.98563 0 1
1.65482e+10 1.90532e+25 1.90532e+25 1.90535e+25 1.90535e+25 1.90535e+25 1.84814e+25 2.59363e+25 0 0 4.64348e+42 4.77114 0 1
1.91095e+10 1.37669e+25 1.37669e+25 1.3767e+25 1.3767e+25 1.3767e+25 1.33655e+25 1.87535e+25 0 0 4.64348e+42 5.71146 0 1
2.20673e+10 1.01694e+25 1.01694e+25 1.01696e+25 1.01696e+25 1.01696e+25 9.88877e+24 1.38753e+25 0 0 4.64348e+42 6.8371 34.7254 1
2.5483e+10 7.48716e+24 7.48716e+24 7.48726e+24 7.48726e+24 7.48726e+24 7.29171e+24 1.02318e+25 0 0 4.64348e+42 8.18459 22.9578 1
2.94273e+10 5.49621e+24 5.49621e+24 5.49628e+24 5.49628e+24 5.49628e+24 5.36073e+24 7.5185e+24 0 0 4.64348e+42 9.79765 15.5417 1
3.39821e+10 3.96032e+24 3.96032e+24 3.96037e+24 3.96037e+24 3.96037e+24 3.86697e+24 5.42385e+24 0 0 4.64348e+42 11.7286 10.7604 1
3.92419e+10 2.92888e+24 2.92888e+24 2.92892e+24 2.92892e+24 2.92892e+24 2.86518e+24 4.01272e+24 0 0 4.64348e+42 14.0402 7.61059 1
4.53158e+10 2.16089e+24 2.16089e+24 2.16092e+24 2.16092e+24 2.16092e+24 2.11818e+24 2.96121e+24 0 0 4.64348e+42 16.8073 5.49245 1
5.23299e+10 1.591e+24 1.591e+24 1.59103e+24 1.59103e+24 1.59103e+24 1.5633e+24 2.17897e+24 0 0 4.64348e+42 20.1197 4.04008 1
6.04296e+10 1.15148e+24 1.15148e+24 1.1515e+24 1.1515e+24 1.1515e+24 1.13456e+24 1.57377e+24 0 0 4.64348e+42 24.085 3.02568 1
6.97831e+10 8.54092e+23 8.54092e+23 8.54104e+23 8.54104e+23 8.54104e+23 8.45021e+23 1.16686e+24 0 0 4.64348e+42 28.8318 2.3047 1
8.05842e+10 6.31096e+23 6.31096e+23 6.31105e+23 6.31105e+23 6.31105e+23 6.27637e+23 8.63034e+23 0 0 4.64348e+42 34.5141 1.78376 1
9.30572e+10 4.64448e+23 4.64448e+23 4.64456e+23 4.64456e+23 4.64456e+23 4.64854e+23 6.36408e+23 0 0 4.64348e+42 41.3164 1.40144 1
1.07461e+11 3.34958e+23 3.34958e+23 3.34964e+23 3.34964e+23 3.34964e+23 3.37732e+23 4.60146e+23 0 0 4.64348e+42 49.4592 1.11671 1
1.24094e+11 2.4714e+23 2.4714e+23 2.47144e+23 2.47144e+23 2.47144e+23 2.51371e+23 3.41466e+23 0 0 4.64348e+42 59.2069 0.901709 1
1.43301e+11 1.81563e+23 1.81563e+23 1.81566e+23 1.81566e+23 1.81566e+23 1.86426e+23 2.52646e+23 0 0 4.64348e+42 70.8756 0.737233 1
1.65482e+11 1.32806e+23 1.32806e+23 1.32809e+23 1.32809e+23 1.32809e+23 1.37707e+23 1.86274e+23 0 0 4.64348e+42 84.8442 0.609868 1
1.91095e+11 9.52464e+22 9.52464e+22 9.52485e+22 9.52485e+22 9.52485e+22 9.97183e+22 1.34536e+23 0 0 4.64348e+42 101.566 0.510106 1
2.20673e+11 7.00416e+22 7.00416e+22 7.00432e+22 7.00432e+22 7.00432e+22 7.40232e+22 9.9739e+22 0 0 4.64348e+42 121.583 0.431129 1
2.5483e+11 5.13729e+22 5.13729e+22 5.13741e+22 5.13741e+22 5.13741e+22 5.47621e+22 7.37045e+22 0 0 4.64348e+42 145.545 0.367983 1
2.94273e+11 3.75883e+22 3.75883e+22 3.75892e+22 3.75892e+22 3.75892e+22 4.03703e+22 5.42638e+22 0 0 4.64348e+42 174.23 0.317029 1
3.39821e+11 2.70051e+22 2.70051e+22 2.70058e+22 2.70058e+22 2.70058e+22 2.9184e+22 3.9114e+22 0 0 4.64348e+42 0 0.275565 1
3.92419e+11 1.99241e+22 1.99241e+22 1.99246e+22 1.99246e+22 1.99246e+22 2.16385e+22 2.89467e+22 0 0 4.64348e+42 0 0.241562 1
4.53158e+11 1.46701e+22 1.46701e+22 1.46705e+22 1.46705e+22 1.46705e+22 1.59893e+22 2.13486e+22 0 0 4.64348e+42 0 0.213483 1
5.23299e+11 1.07772e+22 1.07772e+22 1.07775e+22 1.07775e+22 1.07775e+22 1.17722e+22 1.56826e+22 0 0 4.64348e+42 0 0.190154 1
6.04296e+11 7.76876e+21 7.76876e+21 7.76898e+21 7.76898e+21 7.76898e+21 8.49379e+21 1.12711e+22 0 0 4.64348e+42 0 0.170669 1
6.97831e+11 5.75154e+21 5.75154e+21 5.7517e+21 5.7517e+21 5.7517e+21 6.28727e+21 8.3192e+21 0 0 4.64348e+42 0 0.154323 1
8.05842e+11 4.24705e+21 4.24705e+21 4.24717e+21 4.24717e+21 4.24717e+21 4.63722e+21 6.11743e+21 0 0 4.64348e+42 0 0.140565 1
9.30572e+11 3.12678e+21 3.12678e+21 3.12687e+21 3.12687e+21 3.12687e+21 3.40713e+21 4.47907e+21 0 0 4.64348e+42 0 0.12896 1
1.07461e+12 2.25575e+21 2.25575e+21 2.25582e+21 2.25582e+21 2.25582e+21 2.45129e+21 3.20549e+21 0 0 4.64348e+42 0 0.119166 1
1.24094e+12 1.67098e+21 1.67098e+21 1.67102e+21 1.67102e+21 1.67102e+21 1.80991e+21 2.3569e+21 0 0 4.64348e+42 0 0.110908 1
1.43301e+12 1.23353e+21 1.23353e+21 1.23356e+21 1.23356e+21 1.23356e+21 1.33118e+21 1.72578e+21 0 0 4.64348e+42 0 0.103969 1
1.65482e+12 9.07093e+20 9.07093e+20 9.07118e+20 9.07118e+20 9.07118e+20 9.75013e+20 1.25765e+21 0 0 4.64348e+42 0 0.098177 1
1.91095e+12 6.52675e+20 6.52675e+20 6.52693e+20 6.52693e+20 6.52693e+20 6.98623e+20 8.9466e+20 0 0 4.64348e+42 0 0.0933933 1
2.20673e+12 4.8217e+20 4.8217e+20 4.82183e+20 4.82183e+20 4.82183e+20 5.13922e+20 6.54253e+20 0 0 4.64348e+42 0 0.0895108 1
2.5483e+12 3.54701e+20 3.54701e+20 3.54711e+20 3.54711e+20 3.54711e+20 3.76447e+20 4.76213e+20 0 0 4.64348e+42 0 0.0864461 1
2.94273e+12 2.59732e+20 2.59732e+20 2.59738e+20 2.59738e+20 2.59738e+20 2.74493e+20 3.44767e+20 0 0 4.64348e+42 0 0.0841374 1
3.39821e+12 1.85787e+20 1.85787e+20 1.85791e+20 1.85791e+20 1.85791e+20 1.95536e+20 2.43202e+20 0 0 4.64348e+42 0 0.082541 1
3.92419e+12 1.36496e+20 1.36497e+20 1.365e+20 1.365e+20 1.365e+20 1.43089e+20 1.76521e+20 0 0 4.64348e+42 0 0.08163 1
4.53158e+12 9.97889e+19 9.97889e+19 9.97914e+19 9.97914e+19 9.97914e+19 1.0421e+20 1.27433e+20 0 0 4.64348e+42 0 0.0813928 1
5.23299e+12 7.25658e+19 7.25658e+19 7.25676e+19 7.25676e+19 7.25676e+19 7.55067e+19 9.14306e+19 0 0 4.64348e+42 0 0.0818329 1
6.04296e+12 5.14471e+19 5.14471e+19 5.14484e+19 5.14484e+19 5.14484e+19 5.33494e+19 6.37516e+19 0 0 4.64348e+42 0 0.0829683 1
6.97831e+12 3.74933e+19 3.74934e+19 3.74943e+19 3.74943e+19 3.74943e+19 3.87553e+19 4.58004e+19 0 0 4.64348e+42 0 0.0848322 1
8.05842e+12 2.71695e+19 2.71695e+19 2.71702e+19 2.71702e+19 2.71702e+19 2.80001e+19 3.26967e+19 0 0 4.64348e+42 0 0.0874729 1
9.30572e+12 1.95682e+19 1.95682e+19 1.95687e+19 1.95687e+19 1.95687e+19 2.01105e+19 2.3174e+19 0 0 4.64348e+42 0 0.0909553 1
1.07461e+13 1.3705e+19 1.3705e+19 1.37053e+19 1.37053e+19 1.37053e+19 1.40486e+19 1.59036e+19 0 0 4.64348e+42 0 0.0953611 1
1.24094e+13 9.87973e+18 9.87974e+18 9.87998e+18 9.87998e+18 9.87998e+18 1.01035e+19 1.12686e+19 0 0 4.64348e+42 0 0.10079 1
1.43301e+13 7.07543e+18 7.07544e+18 7.07561e+18 7.07561e+18 7.07561e+18 7.21997e+18 7.9245e+18 0 0 4.64348e+42 0 0.10736 1
1.65482e+13 5.03101e+18 5.03101e+18 5.03113e+18 5.03113e+18 5.03113e+18 5.12357e+18 5.52487e+18 0 0 4.64348e+42 0 0.115206 1
1.91095e+13 3.46639e+18 3.46639e+18 3.46648e+18 3.46648e+18 3.46648e+18 3.52375e+18 3.71045e+18 0 0 4.64348e+42 0 0.12448 1
2.20673e+13 2.46313e+18 2.46314e+18 2.4632e+18 2.4632e+18 2.4632e+18 2.49975e+18 2.58076e+18 0 0 4.64348e+42 0 0.135345 1
2.5483e+13 1.73666e+18 1.73666e+18 1.7367e+18 1.7367e+18 1.7367e+18 1.75983e+18 1.7787e+18 0 0 4.64348e+42 0 0.147968 1
2.94273e+13 1.21411e+18 1.21412e+18 1.21415e+18 1.21415e+18 1.21415e+18 1.22864e+18 1.21312e+18 0 0 4.64348e+42 0 0.162507 1
3.39821e+13 8.18284e+17 8.18289e+17 8.18308e+17 8.18308e+17 8.18308e+17 8.27051e+17 7.9108e+17 0 0 4.64348e+42 0 0.179093 1
3.92419e+13 5.70462e+17 5.70467e+17 5.70481e+17 5.70481e+17 5.70481e+17 5.75932e+17 5.3678e+17 0 0 4.64348e+42 0 0.197804 1
4.53158e+13 3.93959e+17 3.93963e+17 3.93973e+17 3.93973e+17 3.93973e+17 3.97337e+17 3.60151e+17 0 0 4.64348e+42 0 0.218621 1
5.23299e+13 2.69279e+17 2.69283e+17 2.69289e+17 2.69289e+17 2.69289e+17 2.71343e+17 2.38536e+17 0 0 4.64348e+42 0 0.241387 1
6.04296e+13 1.7613e+17 1.76134e+17 1.76138e+17 1.76138e+17 1.76138e+17 1.77337e+17 1.4942e+17 0 0 4.64348e+42 0 0.265741 1
6.97831e+13 1.19697e+17 1.197e+17 1.19702e+17 1.19702e+17 1.19702e+17 1.20429e+17 9.80958e+16 0 0 4.64348e+42 0 0.291055 1
8.05842e+13 8.03999e+16 8.04021e+16 8.0404e+16 8.0404e+16 8.0404e+16 8.08389e+16 6.35034e+16 0 0 4.64348e+42 0 0.316368 1
9.30572e+13 5.33178e+16 5.33195e+16 5.33208e+16 5.33208e+16 5.33208e+16 5.35777e+16 4.04489e+16 0 0 4.64348e+42 0 0.340344 1
1.07461e+14 3.34639e+16 3.34652e+16 3.3466e+16 3.3466e+16 3.3466e+16 3.36095e+16 2.39731e+16 0 0 4.64348e+42 0 0 1
1.24094e+14 2.19729e+16 2.19741e+16 2.19747e+16 2.19747e+16 2.19747e+16 2.20585e+16 1.50605e+16 0 0 4.64348e+42 0 0 1
1.43301e+14 1.42152e+16 1.42167e+16 1.4217e+16 1.4217e+16 1.4217e+16 1.42653e+16 9.29565e+15 0 0 4.64348e+42 0 0 1
1.65482e+14 9.04772e+15 9.0496e+15 9.04983e+15 9.04983e+15 9.04983e+15 9.07715e+15 5.62078e+15 0 0 4.64348e+42 0 0 1
1.91095e+14 5.35863e+15 5.36093e+15 5.36106e+15 5.36106e+15 5.36106e+15 5.37546e+15 3.08446e+15 0 0 4.64348e+42 0 0 1
2.20673e+14 3.35593e+15 3.35876e+15 3.35885e+15 3.35885e+15 3.35885e+15 3.36687e+15 1.82697e+15 0 0 4.64348e+42 0 0 1
2.5483e+14 2.06115e+15 2.0643e+15 2.06436e+15 2.06436e+15 2.06436e+15 2.06874e+15 1.05819e+15 0 0 4.64348e+42 0 0 1
2.94273e+14 1.23929e+15 1.24247e+15 1.2425e+15 1.2425e+15 1.2425e+15 1.24485e+15 5.97073e+14 0 0 4.64348e+42 0 0 1
3.39821e+14 6.74857e+14 6.77559e+14 6.77577e+14 6.77577e+14 6.77577e+14 6.78714e+14 2.93913e+14 0 0 4.64348e+42 0 0 1
3.92419e+14 3.95517e+14 3.97829e+14 3.9784e+14 3.9784e+14 3.9784e+14 3.98434e+14 1.60901e+14 0 0 4.64348e+42 0 0 1
4.53158e+14 2.25876e+14 2.27697e+14 2.27703e+14 2.27703e+14 2.27703e+14 2.28006e+14 8.56271e+13 0 0 4.64348e+42 0 0 1
5.23299e+14 1.25487e+14 1.26812e+14 1.26816e+14 1.26816e+14 1.26816e+14 1.26966e+14 4.40735e+13 0 0 4.64348e+42 0 0 1
6.04296e+14 6.04343e+13 6.12347e+13 6.12363e+13 6.12363e+13 6.12363e+13 6.13012e+13 1.85623e+13 0 0 4.64348e+42 0 0 1
6.97831e+14 3.2298e+13 3.28141e+13 3.2815e+13 3.2815e+13 3.2815e+13 3.28461e+13 9.14095e+12 0 0 4.64348e+42 0 0 1
8.05842e+14 1.66701e+13 1.69807e+13 1.69812e+13 1.69812e+13 1.69812e+13 1.69956e+13 4.34481e+12 0 0 4.64348e+42 0 0 1
9.30572e+14 8.30176e+12 8.47691e+12 8.47714e+12 8.47714e+12 8.47714e+12 8.48361e+12 1.97988e+12 0 0 4.64348e+42 0 0 1
1.07461e+15 3.32849e+12 3.40595e+12 3.40604e+12 3.40604e+12 3.40604e+12 3.40838e+12 6.62679e+11 0 0 4.64348e+42 0 0 1
1.24094e+15 1.56126e+12 1.60043e+12 1.60047e+12 1.60047e+12 1.60047e+12 1.60147e+12 2.82461e+11 0 0 4.64348e+42 0 0 1
1.43301e+15 6.9678e+11 7.15243e+11 7.15263e+11 7.15263e+11 7.15263e+11 7.15669e+11 1.15276e+11 0 0 4.64348e+42 0 0 1
1.65482e+15 2.96325e+11 3.04472e+11 3.0448e+11 3.0448e+11 3.0448e+11 3.04638e+11 4.46898e+10 0 0 4.64348e+42 0 0 1
1.91095e+15 8.96278e+10 9.21438e+10 9.21464e+10 9.21464e+10 9.21464e+10 9.21905e+10 1.04915e+10 0 0 4.64348e+42 0 0 1
2.20673e+15 3.46874e+10 3.56678e+10 3.56688e+10 3.56688e+10 3.56688e+10 3.56846e+10 3.63994e+09 0 0 4.64348e+42 0 0 1
2.5483e+15 1.24142e+10 1.2763e+10 1.27634e+10 1.27634e+10 1.27634e+10 1.27687e+10 1.19907e+09 0 0 4.64348e+42 0 0 1
2.94273e+15 4.11926e+09 4.23305e+09 4.23317e+09 4.23317e+09 4.23317e+09 4.23483e+09 3.75425e+08 0 0 4.64348e+42 0 0 1
3.39821e+15 8.07098e+08 8.28799e+08 8.28824e+08 8.28824e+08 8.28824e+08 8.29132e+08 4.96947e+07 0 0 4.64348e+42 0 0 1
3.92419e+15 2.32752e+08 2.3879e+08 2.38797e+08 2.38797e+08 2.38797e+08 2.38882e+08 1.25617e+07 0 0 4.64348e+42 0 0 1
4.53158e+15 5.8812e+07 6.02722e+07 6.0274e+07 6.0274e+07 6.0274e+07 6.02949e+07 2.94992e+06 0 0 4.64348e+42 0 0 1
5.23299e+15 1.27111e+07 1.3011e+07 1.30114e+07 1.30114e+07 1.30114e+07 1.30158e+07 671977 0 0 4.64348e+42 0 0 1
6.04296e+15 1.27334e+06 1.30171e+06 1.30175e+06 1.30175e+06 1.30175e+06 1.30219e+06 38068.6 0 0 4.64348e+42 0 0 1
6.97831e+15 227531 232291 232298 232298 232298 232376 5757.69 0 0 4.64348e+42 0 0 1
8.05842e+15 32612.6 33249.8 33250.8 33250.8 33250.8 33262.1 745.223 0 0 4.64348e+42 0 0 1
9.30572e+15 3417.17 3479.25 3479.36 3479.36 3479.36 3480.56 93.9429 0 0 4.64348e+42 0 0 1
1.07461e+16 111.735 113.615 113.618 113.618 113.618 113.658 1.69766 0 0 4.64348e+42 0 0 1
1.24094e+16 8.78938 8.92576 8.92604 8.92604 8.92604 8.92928 0.109446 0 0 4.64348e+42 0 0 1
1.43301e+16 0.469649 0.476349 0.476364 0.476364 0.476364 0.476542 0.0049463 0 0 4.64348e+42 0 0 1
1.65482e+16 0.0156224 0.0158266 0.0158271 0.0158271 0.0158271 0.0158333 0.000182098 0 0 4.64348e+42 0 0 1
1.91095e+16 7.75988e-05 7.85261e-05 7.85286e-05 7.85286e-05 7.85286e-05 7.85603e-05 6.4021e-07 0 0 4.64348e+42 0 0 1
2.20673e+16 1.44514e-06 1.46089e-06 1.46093e-06 1.46093e-06 1.46093e-06 1.46155e-06 1.00171e-08 0 0 4.64348e+42 0 0 1
2.5483e+16 1.21801e-08 1.23008e-08 1.23012e-08 1.23012e-08 1.23012e-08 1.23066e-08 7.67969e-11 0 0 4.64348e+42 0 0 1
2.94273e+16 4.52435e-11 4.56504e-11 4.56519e-11 4.56519e-11 4.56519e-11 4.56728e-11 2.80522e-13 0 0 4.64348e+42 0 0 1
3.39821e+16 1.23247e-14 1.24251e-14 1.24255e-14 1.24255e-14 1.24255e-14 1.24314e-14 7.2858e-17 0 0 4.64348e+42 0 0 1
3.92419e+16 1.10767e-17 1.11583e-17 1.11587e-17 1.11587e-17 1.11587e-17 1.11642e-17 6.44119e-20 0 0 4.64348e+42 0 0 1
4.53158e+16 2.39767e-21 2.41362e-21 2.4137e-21 2.4137e-21 2.4137e-21 2.41495e-21 1.38805e-23 0 0 4.64348e+42 0 0 1
5.23299e+16 1.23083e-25 1.23821e-25 1.23825e-25 1.23825e-25 1.23825e-25 1.23893e-25 7.11543e-28 0 0 4.64348e+42 0 0 1
6.04296e+16 2.28418e-31 2.29651e-31 2.29659e-31 2.29659e-31 2.29659e-31 2.29789e-31 1.31917e-33 0 0 4.64348e+42 0 0 1
6.97831e+16 6.53598e-37 6.56769e-37 6.56791e-37 6.56791e-37 6.56791e-37 6.57177e-37 3.77272e-39 0 0 4.64348e+42 0 0 1
8.05842e+16 1.82779e-43 1.83575e-43 1.83581e-43 1.83581e-43 1.83581e-43 1.83693e-43 1.05448e-45 0 0 4.64348e+42 0 0 1
9.30572e+16 0 0 0 0 0 0 0 0 0 4.64348e+42 0 0 1