
1.07461e-07 0 0 1.97811e+25 2.93027e+51 3.46939e+59 0 0 4.95524e+44 0 4.64348e+42 0 0 1
1.24094e-07 0 0 6.94761e+28 3.19662e+51 2.97366e+59 0 0 5.72222e+44 0 4.64348e+42 0 0 1
1.43301e-07 0 0 8.25098e+31 3.48121e+51 2.54378e+59 0 0 6.60792e+44 0 4.64348e+42 0 0 1
1.65482e-07 0 0 3.83448e+34 3.78836e+51 2.17387e+59 0 0 7.6307e+44 0 4.64348e+42 0 0 1
1.91095e-07 0 0 7.91662e+36 4.1246e+51 1.85812e+59 0 0 8.8118e+44 0 4.64348e+42 0 0 1
2.20673e-07 0 0 8.10704e+38 4.49907e+51 1.59076e+59 0 0 1.01757e+45 0 4.64348e+42 0 0 1
2.5483e-07 0 0 4.53125e+40 4.92371e+51 1.36599e+59 0 0 1.17507e+45 0 4.64348e+42 0 0 1
2.94273e-07 0 0 1.50178e+42 5.41319e+51 1.1781e+59 0 0 1.35695e+45 0 4.64348e+42 0 0 1
3.39821e-07 0 0 3.17054e+43 5.98441e+51 1.0215e+59 0 0 1.56698e+45 0 4.64348e+42 0 0 1
3.92419e-07 0 0 4.53488e+44 6.65565e+51 8.90914e+58 0 0 1.80953e+45 0 4.64348e+42 0 0 1
4.53158e-07 0 0 4.63291e+45 7.44552e+51 7.81479e+58 0 0 2.08961e+45 0 4.64348e+42 0 0 1
5.23299e-07 0 0 3.53689e+46 8.37204e+51 6.88929e+58 0 0 2.41304e+45 0 4.64348e+42 0 0 1
6.04296e-07 0 0 2.09731e+47 9.45227e+51 6.097e+58 0 0 2.78654e+45 0 4.64348e+42 0 0 1
6.97831e-07 0 0 9.98637e+47 1.07028e+52 5.40967e+58 0 0 3.21784e+45 0 4.64348e+42 0 0 1
8.05842e-07 0 0 3.92955e+48 1.21411e+52 4.80615e+58 0 0 3.71591e+45 0 4.64348e+42 0 0 1
9.30572e-07 0 0 1.31024e+49 1.37877e+52 4.27137e+58 0 0 4.29106e+45 0 4.64348e+42 0 0 1
1.07461e-06 0 0 3.7841e+49 1.56685e+52 3.79485e+58 0 0 4.95524e+45 0 4.64348e+42 0 0 1
1.24094e-06 0 0 9.65047e+49 1.7817e+52 3.36923e+58 0 0 5.72222e+45 0 4.64348e+42 0 0 1
1.43301e-06 0 0 2.21028e+50 2.02754e+52 2.98903e+58 0 0 6.60792e+45 0 4.64348e+42 0 0 1
1.65482e-06 0 0 4.61395e+50 2.30966e+52 2.6498e+58 0 0 7.6307e+45 0 4.64348e+42 0 0 1
1.91095e-06 0 0 8.89224e+50 2.63448e+52 2.34764e+58 0 0 8.8118e+45 0 4.64348e+42 0 0 1
2.20673e-06 0 0 1.59995e+51 3.00975e+52 2.07895e+58 0 0 1.01757e+46 0 4.64348e+42 0 0 1
2.5483e-06 0 0 2.71357e+51 3.44467e+52 1.84038e+58 0 0 1.17507e+46 0 4.64348e+42 0 0 1
2.94273e-06 0 0 4.37445e+51 3.9501e+52 1.6288e+58 0 0 1.35695e+46 0 4.64348e+42 0 0 1
3.39821e-06 0 0 6.75074e+51 4.53879e+52 1.44128e+58 0 0 1.56698e+46 0 4.64348e+42 0 0 1
3.92419e-06 0 0 1.00343e+52 5.22577e+52 1.27513e+58 0 0 1.80952e+46 0 4.64348e+42 0 0 1
4.53158e-06 0 0 1.44422e+52 6.02888e+52 1.12792e+58 0 0 2.0896e+46 0 4.64348e+42 0 0 1
5.23299e-06 0 0 2.02199e+52 6.96949e+52 9.97462e+57 0 0 2.41304e+46 0 4.64348e+42 0 0 1
6.04296e-06 0 0 2.76484e+52 8.07342e+52 8.81818e+57 0 0 2.78653e+46 0 4.64348e+42 0 0 1
6.97831e-06 0 0 3.70532e+52 9.37204e+52 7.79288e+57 0 0 3.21784e+46 0 4.64348e+42 0 0 1
8.05842e-06 0 0 4.88162e+52 1.09032e+53 6.88379e+57 0 0 3.7159e+46 0 4.64348e+42 0 0 1
9.30572e-06 0 0 6.3389e+52 1.27124e+53 6.07781e+57 0 0 4.29105e+46 0 4.64348e+42 0 0 1
1.07461e-05 0 0 8.13078e+52 1.48538e+53 5.36337e+57 0 0 4.95523e+46 0 4.64348e+42 0 0 1
1.24094e-05 0 0 1.0321e+53 1.73921e+53 4.7302e+57 0 0 5.7222e+46 0 4.64348e+42 0 0 1
1.43301e-05 0 0 1.29859e+53 2.04045e+53 4.16919e+57 0 0 6.60789e+46 0 4.64348e+42 0 0 1
1.65482e-05 0 0 1.62169e+53 2.39836e+53 3.67226e+57 0 0 7.63067e+46 0 4.64348e+42 0 0 1
1.91095e-05 0 0 2.01237e+53 2.82407e+53 3.23223e+57 0 0 8.81176e+46 0 4.64348e+42 0 0 1
2.20673e-05 0 0 2.48381e+53 3.3309e+53 2.84272e+57 0 0 1.01757e+47 0 4.64348e+42 0 0 1
2.5483e-05 0 0 3.05181e+53 3.93476e+53 2.49809e+57 0 0 1.17506e+47 0 4.64348e+42 0 0 1
2.94273e-05 0 0 3.73524e+53 4.65465e+53 2.19331e+57 0 0 1.35694e+47 0 4.64348e+42 0 0 1
3.39821e-05 0 0 4.55669e+53 5.51326e+53 1.92392e+57 0 0 1.56697e+47 0 4.64348e+42 0 0 1
3.92419e-05 0 0 5.54314e+53 6.53766e+53 1.68594e+57 0 0 1.80951e+47 0 4.64348e+42 0 0 1
4.53158e-05 0 0 6.72682e+53 7.76015e+53 1.47584e+57 0 0 2.08958e+47 0 4.64348e+42 0 0 1
5.23299e-05 0 0 8.14614e+53 9.21921e+53 1.29049e+57 0 0 2.41301e+47 0 4.64348e+42 0 0 1
6.04296e-05 0 0 9.84689e+53 1.09607e+54 1.1271e+57 0 0 2.78649e+47 0 4.64348e+42 0 0 1
6.97831e-05 0 0 1.18836e+54 1.30392e+54 9.83181e+56 0 0 3.21779e+47 0 4.64348e+42 0 0 1
8.05842e-05 0 0 1.43213e+54 1.55196e+54 8.56523e+56 0 0 3.71583e+47 0 4.64348e+42 0 0 1
9.30572e-05 0 0 1.7237e+54 1.84792e+54 7.45163e+56 0 0 4.29096e+47 0 4.64348e+42 0 0 1
0.000107461 0 0 2.07228e+54 2.20099e+54 6.47351e+56 0 0 4.95511e+47 0 4.64348e+42 0 0 1
0.000124094 0 0 2.48877e+54 2.62209e+54 5.61531e+56 0 0 5.72204e+47 0 4.64348e+42 0 0 1
0.000143301 0 0 2.98616e+54 3.12419e+54 4.8632e+56 0 0 6.60768e+47 0 4.64348e+42 0 0 1
0.000165482 0 0 3.57985e+54 3.72272e+54 4.20487e+56 0 0 7.63039e+47 0 4.64348e+42 0 0 1
0.000191095 0 0 4.28817e+54 4.43597e+54 3.62938e+56 0 0 8.81138e+47 0 4.64348e+42 0 0 1
0.000220673 0 0 5.13286e+54 5.28572e+54 3.12699e+56 0 0 1.01751e+48 0 4.64348e+42 0 0 1
0.00025483 0 0 6.13977e+54 6.29779e+54 2.68907e+56 0 0 1.175e+48 0 4.64348e+42 0 0 1
0.000294273 0 0 7.33959e+54 7.50289e+54 2.30793e+56 0 0 1.35685e+48 0 4.64348e+42 0 0 1
0.000339821 0 0 8.76879e+54 8.93749e+54 1.97675e+56 0 0 1.56685e+48 0 4.64348e+42 0 0 1
0.000392419 0 0 1.04707e+55 1.06449e+55 1.68949e+56 0 0 1.80935e+48 0 4.64348e+42 0 0 1
0.000453158 0 0 1.24968e+55 1.26766e+55 1.44077e+56 0 0 2.08937e+48 0 4.64348e+42 0 0 1
0.000523299 0 0 1.49043e+55 1.50899e+55 1.22584e+56 0 0 2.41272e+48 0 4.64348e+42 0 0 1
0.000604296 0 0 1.77247e+55 1.79156e+55 1.04048e+56 0 0 2.78611e+48 0 4.64348e+42 0 0 1
0.000697831 0 0 2.08499e+55 2.10442e+55 8.80968e+55 0 0 3.21728e+48 0 4.64348e+42 0 0 1
0.000805842 0 0 2.38997e+55 2.40926e+55 7.44003e+55 0 0 3.71516e+48 0 4.64348e+42 0 0 1
0.000930572 0 0 2.62905e+55 2.64741e+55 6.26673e+55 0 0 4.29006e+48 0 4.64348e+42 0 0 1
0.00107461 0 0 2.75223e+55 2.76887e+55 5.26409e+55 0 0 4.95391e+48 0 4.64348e+42 0 0 1
0.00124094 0 0 2.74166e+55 2.756e+55 4.40947e+55 0 0 5.72044e+48 0 4.64348e+42 0 0 1
0.00143301 0 0 2.61268e+55 2.62451e+55 3.68296e+55 0 0 6.60555e+48 0 4.64348e+42 0 0 1
0.00165482 0 0 2.3995e+55 2.40891e+55 3.06705e+55 0 0 7.62754e+48 0 4.64348e+42 0 0 1
0.00191095 0 0 2.13962e+55 2.14688e+55 2.54641e+55 0 0 8.80758e+48 0 4.64348e+42 0 0 1
0.00220673 1.29857e-199 1.29857e-199 1.86433e+55 1.86981e+55 2.1076e+55 0 0 1.01701e+49 1.68557e-203 4.64348e+42 0 0 1
0.0025483 2.18237e-133 2.18237e-133 1.59562e+55 1.59968e+55 1.73891e+55 0 0 1.17432e+49 2.86617e-137 4.64348e+42 0 0 1
0.00294273 1.85017e-84 1.85017e-84 1.34673e+55 1.34969e+55 1.43009e+55 0 0 1.35595e+49 2.49307e-88 4.64348e+42 0 0 1
0.00339821 2.56782e-48 2.56782e-48 1.12426e+55 1.1264e+55 1.17227e+55 0 0 1.56565e+49 3.58923e-52 4.64348e+42 0 0 1
0.00392419 1.26062e-21 1.26062e-21 9.30316e+54 9.31853e+54 9.57742e+54 0 0 1.80775e+49 1.84398e-25 4.64348e+42 0 0 1
0.00453158 0.0638431 0.0638431 7.64281e+54 7.65374e+54 7.79845e+54 0 0 2.08724e+49 9.84382e-06 4.64348e+42 0 0 1
0.00523299 2.21353e+13 2.21353e+13 6.24048e+54 6.24821e+54 6.32836e+54 0 0 2.40988e+49 3.61968e+09 4.64348e+42 0 0 1
0.00604296 1.16738e+24 1.16738e+24 5.06837e+54 5.0738e+54 5.11781e+54 0 0 2.78232e+49 2.03539e+20 4.64348e+42 0 0 1
0.00697831 9.26708e+31 9.26708e+31 4.0968e+54 4.1006e+54 4.12456e+54 0 0 3.21222e+49 1.73102e+28 4.64348e+42 0 0 1
0.00805842 6.02657e+37 6.02657e+37 3.29697e+54 3.29962e+54 3.31256e+54 0 0 3.70841e+49 1.21132e+34 4.64348e+42 0 0 1
0.00930572 1.12324e+42 1.12324e+42 2.64241e+54 2.64424e+54 2.65118e+54 0 0 4.28107e+49 2.43936e+38 4.64348e+42 0 0 1
0.0107461 1.51413e+45 1.51413e+45 2.1095e+54 2.11077e+54 2.11446e+54 0 0 4.94192e+49 3.56686e+41 4.64348e+42 0 0 1
0.0124094 2.92616e+47 2.92616e+47 1.67771e+54 1.67858e+54 1.68053e+54 0 0 5.70446e+49 7.50557e+43 4.64348e+42 0 0 1
0.0143301 1.34438e+49 1.34438e+49 1.32939e+54 1.32999e+54 1.33101e+54 0 0 6.58423e+49 3.76854e+45 4.64348e+42 0 0 1
0.0165482 2.13402e+50 2.13402e+50 1.0496e+54 1.05001e+54 1.05053e+54 0 0 7.59912e+49 6.56115e+46 4.64348e+42 0 0 1
0.0191095 1.54289e+51 1.54289e+51 8.25754e+53 8.26034e+53 8.26305e+53 0 0 8.7697e+49 5.22141e+47 4.64348e+42 0 0 1
0.0220673 6.23227e+51 6.23227e+51 6.47385e+53 6.47575e+53 6.47714e+53 0 0 1.01196e+50 2.32963e+48 4.64348e+42 0 0 1
0.025483 1.63571e+52 1.63571e+52 5.05801e+53 5.0593e+53 5.06e+53 0 0 1.16759e+50 6.77688e+48 4.64348e+42 0 0 1
0.0294273 3.11886e+52 3.11886e+52 3.93843e+53 3.9393e+53 3.93965e+53 0 0 1.34698e+50 1.43706e+49 4.64348e+42 0 0 1
0.0339821 4.69195e+52 4.69195e+52 3.05645e+53 3.05703e+53 3.05721e+53 0 0 1.55369e+50 2.41234e+49 4.64348e+42 0 0 1
0.0392419 5.9194e+52 5.9194e+52 2.36421e+53 2.3646e+53 2.36469e+53 0 0 1.7918e+50 3.40718e+49 4.64348e+42 0 0 1
0.0453158 6.55189e+52 6.55189e+52 1.82288e+53 1.82314e+53 1.82319e+53 0 0 2.06598e+50 4.23556e+49 4.64348e+42 0 0 1
0.0523299 6.57833e+52 6.57833e+52 1.4011e+53 1.40127e+53 1.40129e+53 0 0 2.38156e+50 4.79127e+49 4.64348e+42 0 0 1
0.0604296 6.1412e+52 6.1412e+52 1.07362e+53 1.07374e+53 1.07375e+53 0 0 2.74458e+50 5.05481e+49 4.64348e+42 0 0 1
0.0697831 5.42905e+52 5.42905e+52 8.20257e+52 8.20333e+52 8.20338e+52 0 0 3.16193e+50 5.06497e+49 4.64348e+42 0 0 1
0.0805842 4.60695e+52 4.60695e+52 6.24901e+52 6.24951e+52 6.24956e+52 0 0 3.64142e+50 4.88546e+49 4.64348e+42 0 0 1
0.0930572 3.79052e+52 3.79052e+52 4.74781e+52 4.74814e+52 4.74816e+52 0 0 4.19184e+50 4.5815e+49 4.64348e+42 0 0 1
0.107461 3.04667e+52 3.04667e+52 3.59793e+52 3.59815e+52 3.59816e+52 0 0 4.82308e+50 4.20799e+49 4.64348e+42 0 0 1
0.124094 2.40558e+52 2.40558e+52 2.71993e+52 2.72007e+52 2.72007e+52 0 0 5.54623e+50 3.80596e+49 4.64348e+42 0 0 1
0.143301 1.87368e+52 1.87368e+52 2.05153e+52 2.05162e+52 2.05162e+52 0 0 6.37361e+50 3.40345e+49 4.64348e+42 0 0 1
0.165482 1.44416e+52 1.44416e+52 1.54414e+52 1.54421e+52 1.54421e+52 0 0 7.31884e+50 3.01806e+49 4.64348e+42 0 0 1
0.191095 1.10411e+52 1.10411e+52 1.16003e+52 1.16007e+52 1.16007e+52 0 0 8.39683e+50 2.65976e+49 4.64348e+42 0 0 1
0.220673 8.38822e+51 8.38822e+51 8.69971e+51 8.69997e+51 8.69997e+51 0 0 9.62372e+50 2.33328e+49 4.64348e+42 0 0 1
0.25483 6.34153e+51 6.34153e+51 6.51443e+51 6.51459e+51 6.51459e+51 0 0 1.10168e+51 2.03995e+49 4.64348e+42 0 0 1
0.294273 4.77586e+51 4.77586e+51 4.87155e+51 4.87165e+51 4.87166e+51 0 0 1.25941e+51 1.77904e+49 4.64348e+42 0 0 1
0.339821 3.58598e+51 3.58598e+51 3.63881e+51 3.63888e+51 3.63888e+51 0 0 1.43741e+51 1.54863e+49 4.64348e+42 0 0 1
0.392419 2.68629e+51 2.68629e+51 2.7154e+51 2.71545e+51 2.71545e+51 0 0 1.63752e+51 1.34623e+49 4.64348e+42 0 0 1
0.453158 2.00872e+51 2.00872e+51 2.02474e+51 2.02477e+51 2.02477e+51 0 0 1.86143e+51 1.1691e+49 4.64348e+42 0 0 1
0.523299 1.50003e+51 1.50003e+51 1.50882e+51 1.50884e+51 1.50884e+51 0 0 2.11061e+51 1.01452e+49 4.64348e+42 0 0 1
0.604296 1.11904e+51 1.11904e+51 1.12386e+51 1.12387e+51 1.12387e+51 0 0 2.38608e+51 8.79892e+48 4.64348e+42 0 0 1
0.697831 8.3423e+50 8.3423e+50 8.36875e+50 8.36883e+50 8.36883e+50 0 0 2.68819e+51 7.62822e+48 4.64348e+42 0 0 1
0.805842 6.21633e+50 6.21633e+50 6.23081e+50 6.23086e+50 6.23086e+50 0 0 3.01631e+51 6.61129e+48 4.64348e+42 0 0 1
0.930572 4.63107e+50 4.63107e+50 4.639e+50 4.63903e+50 4.63903e+50 0 0 3.36845e+51 5.72866e+48 4.64348e+42 0 0 1
1.07461 3.44992e+50 3.44992e+50 3.45425e+50 3.45428e+50 3.45428e+50 0 0 3.74076e+51 4.96306e+48 4.64348e+42 0 0 1
1.24094 2.57031e+50 2.57031e+50 2.57268e+50 2.5727e+50 2.5727e+50 0 0 4.12696e+51 4.29925e+48 4.64348e+42 0 0 1
1.43301 1.91546e+50 1.91546e+50 1.91675e+50 1.91676e+50 1.91676e+50 0 0 4.51779e+51 3.7239e+48 4.64348e+42 0 0 1
1.65482 1.42798e+50 1.42798e+50 1.42869e+50 1.42869e+50 1.42869e+50 0 0 4.90032e+51 3.22533e+48 4.64348e+42 0 0 1
1.91095 1.06507e+50 1.06507e+50 1.06546e+50 1.06546e+50 1.06546e+50 0 0 5.25744e+51 2.79338e+48 4.64348e+42 0 0 1
2.20673 7.94842e+49 7.94842e+49 7.95056e+49 7.95058e+49 7.95058e+49 0 0 5.56766e+51 2.41918e+48 4.64348e+42 0 0 1
2.5483 5.93562e+49 5.93562e+49 5.9368e+49 5.93682e+49 5.93682e+49 0 0 5.80524e+51 2.09506e+48 4.64348e+42 0 0 1
2.94273 4.4357e+49 4.4357e+49 4.43637e+49 4.43638e+49 4.43638e+49 0 0 5.94138e+51 1.81432e+48 4.64348e+42 0 0 1
3.39821 3.31738e+49 3.31738e+49 3.31776e+49 3.31777e+49 3.31777e+49 0 0 5.94648e+51 1.57118e+48 4.64348e+42 0 0 1
3.92419 2.48305e+49 2.48305e+49 2.48328e+49 2.48328e+49 2.48328e+49 0 0 5.79404e+51 1.36061e+48 4.64348e+42 0 0 1
4.53158 1.86017e+49 1.86017e+49 1.86031e+49 1.86031e+49 1.86031e+49 0 0 5.46622e+51 1.17825e+48 4.64348e+42 0 0 1
5.23299 1.3948e+49 1.3948e+49 1.39489e+49 1.39489e+49 1.39489e+49 0 0 4.96061e+51 1.02032e+48 4.64348e+42 0 0 1
6.04296 1.04684e+49 1.04684e+49 1.04689e+49 1.04689e+49 1.04689e+49 0 0 4.2967e+51 8.83551e+47 4.64348e+42 0 0 1
6.97831 7.86434e+48 7.86434e+48 7.86475e+48 7.86475e+48 7.86475e+48 0 0 3.51948e+51 7.65112e+47 4.64348e+42 0 0 1
8.05842 5.91391e+48 5.91391e+48 5.91421e+48 5.91422e+48 5.91422e+48 0 0 2.69704e+51 6.62547e+47 4.64348e+42 0 0 1
9.30572 4.45169e+48 4.45169e+48 4.45192e+48 4.45193e+48 4.45193e+48 0 0 1.90967e+51 5.73728e+47 4.64348e+42 0 0 1
10.7461 3.35444e+48 3.35444e+48 3.35464e+48 3.35464e+48 3.35464e+48 0 0 1.23175e+51 4.96813e+47 4.64348e+42 0 0 1
12.4094 2.53028e+48 2.53028e+48 2.53045e+48 2.53045e+48 2.53045e+48 0 0 7.12174e+50 4.30206e+47 4.64348e+42 0 0 1
14.3301 1.91063e+48 1.91063e+48 1.91077e+48 1.91077e+48 1.91077e+48 0 0 3.62446e+50 3.72527e+47 4.64348e+42 0 0 1
16.5482 1.44428e+48 1.44428e+48 1.4444e+48 1.4444e+48 1.4444e+48 0 0 1.59055e+50 3.22579e+47 4.64348e+42 0 0 1
19.1095 1.09293e+48 1.09293e+48 1.09303e+48 1.09303e+48 1.09303e+48 0 0 5.87916e+49 2.79326e+47 4.64348e+42 0 0 1
22.0673 8.27957e+47 8.27957e+47 8.28046e+47 8.28046e+47 8.28046e+47 0 0 1.78198e+49 2.4187e+47 4.64348e+42 0 0 1
25.483 6.27909e+47 6.27909e+47 6.27987e+47 6.27987e+47 6.27987e+47 0 0 4.29459e+48 2.09434e+47 4.64348e+42 0 0 1
29.4273 4.76716e+47 4.76716e+47 4.76783e+47 4.76784e+47 4.76784e+47 0 0 7.94229e+47 1.81346e+47 4.64348e+42 0 0 1
33.9821 3.6232e+47 3.6232e+47 3.6238e+47 3.6238e+47 3.6238e+47 0 0 1.08186e+47 1.57023e+47 4.64348e+42 0 0 1
39.2419 2.7567e+47 2.7567e+47 2.75722e+47 2.75722e+47 2.75722e+47 0 0 1.03525e+46 1.35959e+47 4.64348e+42 0 0 1
45.3158 2.09962e+47 2.09962e+47 2.10008e+47 2.10008e+47 2.10008e+47 0 0 6.58914e+44 1.1772e+47 4.64348e+42 0 0 1
52.3299 1.60079e+47 1.60079e+47 1.60119e+47 1.60119e+47 1.60119e+47 0 0 2.61885e+43 1.01924e+47 4.64348e+42 0 0 1
60.4296 1.22166e+47 1.22166e+47 1.22201e+47 1.22201e+47 1.22201e+47 0 0 6.04281e+41 8.82464e+46 4.64348e+42 0 0 1
69.7831 9.33178e+46 9.33178e+46 9.3349e+46 9.3349e+46 9.3349e+46 0 0 7.44152e+39 7.64017e+46 4.64348e+42 0 0 1
80.5842 7.1343e+46 7.1343e+46 7.13706e+46 7.13706e+46 7.13706e+46 0 0 4.4378e+37 6.61447e+46 4.64348e+42 0 0 1
93.0572 5.45853e+46 5.45853e+46 5.46097e+46 5.46097e+46 5.46097e+46 0 0 1.14555e+35 5.72625e+46 4.64348e+42 0 0 1
107.461 4.17926e+46 4.17926e+46 4.18141e+46 4.18141e+46 4.18141e+46 0 0 1.12439e+32 4.95708e+46 4.64348e+42 0 0 1
124.094 3.20166e+46 3.20166e+46 3.20357e+46 3.20357e+46 3.20357e+46 0 0 3.613e+28 4.291e+46 4.64348e+42 0 0 1
143.301 2.45388e+46 2.45388e+46 2.45557e+46 2.45557e+46 2.45557e+46 0 0 3.19752e+24 3.71421e+46 4.64348e+42 0 0 1
165.482 1.88138e+46 1.88138e+46 1.88287e+46 1.88287e+46 1.88287e+46 0 0 6.38365e+19 3.21472e+46 4.64348e+42 0 0 1
191.095 1.44273e+46 1.44273e+46 1.44405e+46 1.44405e+46 1.44405e+46 0 0 2.28319e+14 2.78219e+46 4.64348e+42 0 0 1
220.673 1.1064e+46 1.1064e+46 1.10757e+46 1.10757e+46 1.10757e+46 0 0 1.1211e+08 2.40763e+46 4.64348e+42 0 0 1
254.83 8.48375e+45 8.48375e+45 8.49414e+45 8.49414e+45 8.49414e+45 0 0 5.55767 2.08328e+46 4.64348e+42 0 0 1
294.273 6.50349e+45 6.50349e+45 6.51268e+45 6.51268e+45 6.51268e+45 0 0 1.95052e-08 1.80241e+46 4.64348e+42 0 0 1
339.821 4.98329e+45 4.98329e+45 4.99142e+45 4.99142e+45 4.99142e+45 0 0 3.21677e-18 1.55918e+46 4.64348e+42 0 0 1
392.419 3.81617e+45 3.81617e+45 3.82337e+45 3.82337e+45 3.82337e+45 0 0 1.55292e-29 1.34856e+46 4.64348e+42 0 0 1
453.158 2.92024e+45 2.92024e+45 2.9266e+45 2.9266e+45 2.9266e+45 0 0 1.27051e-42 1.16616e+46 4.64348e+42 0 0 1
523.299 2.23271e+45 2.23271e+45 2.23833e+45 2.23833e+45 2.23833e+45 0 0 9.37127e-58 1.00822e+46 4.64348e+42 0 0 1
604.296 1.70538e+45 1.70538e+45 1.71034e+45 1.71034e+45 1.71034e+45 0 0 3.00665e-75 8.71455e+45 4.64348e+42 0 0 1
697.831 1.30122e+45 1.30122e+45 1.30559e+45 1.30559e+45 1.30559e+45 0 0 1.80846e-95 7.53022e+45 4.64348e+42 0 0 1
805.842 9.91753e+44 9.91753e+44 9.95597e+44 9.95597e+44 9.95597e+44 0 0 7.71569e-119 6.50467e+45 4.64348e+42 0 0 1
930.572 7.55045e+44 7.55045e+44 7.58426e+44 7.58426e+44 7.58426e+44 0 0 7.60061e-146 5.61663e+45 4.64348e+42 0 0 1
1074.61 5.74215e+44 5.74215e+44 5.77185e+44 5.77185e+44 5.77185e+44 0 0 4.72988e-177 4.84767e+45 4.64348e+42 0 0 1
1240.94 4.36253e+44 4.36253e+44 4.3886e+44 4.3886e+44 4.3886e+44 0 0 4.16273e-213 4.18184e+45 4.64348e+42 0 0 1
1433.01 3.3114e+44 3.3114e+44 3.33426e+44 3.33426e+44 3.33426e+44 0 0 0 3.60532e+45 4.64348e+42 0 0 1
1654.82 2.51161e+44 2.51161e+44 2.53165e+44 2.53165e+44 2.53165e+44 0 0 0 3.10615e+45 4.64348e+42 0 0 1
1910.95 1.90383e+44 1.90383e+44 1.92138e+44 1.92138e+44 1.92138e+44 0 0 0 2.67398e+45 4.64348e+42 0 0 1
2206.73 1.44247e+44 1.44247e+44 1.45784e+44 1.45784e+44 1.45784e+44 0 0 0 2.29985e+45 4.64348e+42 0 0 1
2548.3 1.09259e+44 1.09259e+44 1.10604e+44 1.10604e+44 1.10604e+44 0 0 0 1.97598e+45 4.64348e+42 0 0 1
2942.73 8.27431e+43 8.27431e+43 8.39204e+43 8.39204e+43 8.39204e+43 0 0 0 1.69565e+45 4.64348e+42 0 0 1
3398.21 6.26585e+43 6.26585e+43 6.36892e+43 6.36892e+43 6.36892e+43 0 0 0 1.45306e+45 4.64348e+42 0 0 1
3924.19 4.74494e+43 4.74494e+43 4.83518e+43 4.83518e+43 4.83518e+43 0 0 0 1.24316e+45 4.64348e+42 0 0 1
4531.58 3.59329e+43 3.59329e+43 3.67233e+43 3.67233e+43 3.67233e+43 0 0 0 1.06161e+45 4.64348e+42 0 0 1
5232.99 2.7268e+43 2.7268e+43 2.79327e+43 2.79327e+43 2.79327e+43 0 0 0 9.0648e+44 4.64348e+42 0 0 1
6042.96 2.06626e+43 2.06626e+43 2.12415e+43 2.12415e+43 2.12415e+43 0 0 0 7.71029e+44 4.64348e+42 0 0 1
6978.31 1.56579e+43 1.56579e+43 1.61618e+43 1.61618e+43 1.61618e+43 0 0 0 6.54083e+44 4.64348e+42 0 0 1
8058.42 1.18648e+43 1.18648e+43 1.2303e+43 1.2303e+43 1.2303e+43 0 0 0 5.53202e+44 4.64348e+42 0 0 1
9305.72 8.98898e+42 8.98898e+42 9.36956e+42 9.36956e+42 9.36956e+42 0 0 0 4.66274e+44 4.64348e+42 0 0 1
10746.1 6.80795e+42 6.80795e+42 7.13806e+42 7.13806e+42 7.13806e+42 0 0 0 3.91473e+44 4.64348e+42 0 0 1
12409.4 5.1535e+42 5.1535e+42 5.43934e+42 5.43934e+42 5.43934e+42 0 0 0 3.27219e+44 4.64348e+42 0 0 1
14330.1 3.89839e+42 3.89839e+42 4.14536e+42 4.14536e+42 4.14536e+42 0 0 0 2.72143e+44 4.64348e+42 0 0 1
16548.2 2.94629e+42 2.94629e+42 3.15915e+42 3.15915e+42 3.15915e+42 0 0 0 2.25058e+44 4.64348e+42 0 0 1
19109.5 2.22425e+42 2.22425e+42 2.40715e+42 2.40715e+42 2.40715e+42 0 0 0 1.84935e+44 4.64348e+42 0 0 1
22067.3 1.67695e+42 1.67695e+42 1.83357e+42 1.83357e+42 1.83357e+42 0 0 0 1.50878e+44 4.64348e+42 0 0 1
25483 1.26243e+42 1.26243e+42 1.39601e+42 1.39601e+42 1.39601e+42 0 0 0 1.22105e+44 4.64348e+42 0 0 1
29427.3 9.48787e+41 9.48787e+41 1.06222e+42 1.06222e+42 1.06222e+42 0 0 0 9.79305e+43 4.64348e+42 0 0 1
33982.1 7.11797e+41 7.11797e+41 8.0765e+41 8.0765e+41 8.0765e+41 0 0 0 7.77533e+43 4.64348e+42 0 0 1
39241.9 5.33014e+41 5.33014e+41 6.13576e+41 6.13576e+41 6.13576e+41 0 0 0 6.1041e+43 4.64348e+42 0 0 1
45315.8 3.98393e+41 3.98393e+41 4.65712e+41 4.65712e+41 4.65712e+41 0 0 0 4.73211e+43 4.64348e+42 0 0 1
52329.9 2.97238e+41 2.97238e+41 3.53144e+41 3.53144e+41 3.53144e+41 0 0 0 3.61725e+43 4.64348e+42 0 0 1
60429.6 2.21399e+41 2.21399e+41 2.67527e+41 2.67527e+41 2.67527e+41 0 0 0 2.7219e+43 4.64348e+42 0 0 1
69783.1 1.64672e+41 1.64672e+41 2.02475e+41 2.02475e+41 2.02475e+41 0 0 0 2.01239e+43 4.64348e+42 0 0 1
80584.2 1.22337e+41 1.22337e+41 1.53104e+41 1.53104e+41 1.53104e+41 0 0 0 1.45864e+43 4.64348e+42 0 0 1
93057.2 9.08103e+40 9.08103e+40 1.15677e+41 1.15677e+41 1.15677e+41 0 0 0 1.0339e+43 4.64348e+42 0 0 1
107461 6.73776e+40 6.73776e+40 8.7334e+40 8.7334e+40 8.7334e+40 0 0 0 7.14516e+42 4.64348e+42 0 0 1
124094 4.99882e+40 4.99882e+40 6.58932e+40 6.58932e+40 6.58932e+40 0 0 0 4.79753e+42 4.64348e+42 0 0 1
143301 3.70985e+40 3.70985e+40 4.96884e+40 4.96884e+40 4.96884e+40 0 0 0 3.11668e+42 4.64348e+42 0 0 1
165482 2.75509e+40 2.75509e+40 3.74508e+40 3.74508e+40 3.74508e+40 0 0 0 1.94938e+42 4.64348e+42 0 0 1
191095 2.04802e+40 2.04802e+40 2.82152e+40 2.82152e+40 2.82152e+40 0 0 0 1.1671e+42 4.64348e+42 0 0 1
220673 1.52426e+40 1.52426e+40 2.12492e+40 2.12492e+40 2.12492e+40 0 0 0 6.64275e+41 4.64348e+42 0 0 1
254830 1.13602e+40 1.13602e+40 1.59974e+40 1.59974e+40 1.59974e+40 0 0 0 3.56555e+41 4.64348e+42 0 0 1
294273 8.4796e+39 8.4796e+39 1.20396e+40 1.20396e+40 1.20396e+40 0 0 0 1.78798e+41 4.64348e+42 0 0 1
339821 6.33951e+39 6.33951e+39 9.05791e+39 9.05791e+39 9.05791e+39 0 0 0 8.28526e+40 4.64348e+42 0 0 1
392419 4.74733e+39 4.74733e+39 6.81252e+39 6.81252e+39 6.81252e+39 0 0 0 3.503e+40 4.64348e+42 0 0 1
453158 3.56098e+39 3.56098e+39 5.12221e+39 5.12221e+39 5.12221e+39 0 0 0 1.3316e+40 4.64348e+42 0 0 1
523299 2.67562e+39 2.67562e+39 3.85026e+39 3.85026e+39 3.85026e+39 2.77387e+31 9.12911e+35 0 4.47424e+39 4.64348e+42 0 0 1
604296 2.01383e+39 2.01383e+39 2.89351e+39 2.89351e+39 2.89351e+39 4.31171e+31 9.16755e+35 0 1.30294e+39 4.64348e+42 0 0 1
697831 1.51832e+39 1.51832e+39 2.17413e+39 2.17413e+39 2.17413e+39 5.84956e+31 9.20598e+35 0 3.21453e+38 4.64348e+42 0 0 1
805842 1.14669e+39 1.14669e+39 1.63342e+39 1.63342e+39 1.63342e+39 7.38741e+31 9.24442e+35 0 6.5446e+37 4.64348e+42 0 0 1
930572 8.67464e+38 8.67464e+38 1.22711e+39 1.22711e+39 1.22711e+39 8.92526e+31 9.28286e+35 0 1.06669e+37 4.64348e+42 0 0 1
1.07461e+06 6.57287e+38 6.57287e+38 9.21863e+38 9.21863e+38 9.21863e+38 1.1342e+32 9.32895e+35 0 1.34382e+36 4.64348e+42 0 0 1
1.24094e+06 4.98769e+38 4.98769e+38 6.92552e+38 6.92552e+38 6.92552e+38 1.52878e+32 9.33978e+35 0 1.2566e+35 4.64348e+42 0 0 1
1.43301e+06 3.78957e+38 3.78957e+38 5.2028e+38 5.2028e+38 5.2028e+38 2.05043e+32 9.35352e+35 0 8.3226e+33 4.64348e+42 0 0 1
1.65482e+06 2.88207e+38 2.88207e+38 3.90843e+38 3.90843e+38 3.90843e+38 2.74257e+32 9.37114e+35 0 3.69855e+32 4.64348e+42 0 0 1
1.91095e+06 2.19336e+38 2.19336e+38 2.93576e+38 2.93576e+38 2.93576e+38 3.73667e+32 9.39551e+35 0 1.0361e+31 4.64348e+42 0 0 1
2.20673e+06 1.66984e+38 1.66984e+38 2.20474e+38 2.20474e+38 2.20474e+38 5.0161e+32 9.42699e+35 0 1.7025e+29 4.64348e+42 0 0 1
2.5483e+06 1.27134e+38 1.27134e+38 1.65529e+38 1.65529e+38 1.65529e+38 6.70282e+32 9.46828e+35 0 1.51003e+27 4.64348e+42 0 0 1
2.94273e+06 9.6771e+37 9.6771e+37 1.2423e+38 1.2423e+38 1.2423e+38 8.94975e+32 9.52254e+35 0 6.56813e+24 4.64348e+42 0 0 1
3.39821e+06 7.36204e+37 7.36204e+37 9.31904e+37 9.31904e+37 9.31904e+37 1.22048e+33 9.5989e+35 0 1.25424e+22 4.64348e+42 0 0 1
3.92419e+06 5.59638e+37 5.59638e+37 6.9866e+37 6.9866e+37 6.9866e+37 1.64713e+33 9.69891e+35 0 9.25386e+18 4.64348e+42 0 0 1
4.53158e+06 4.24984e+37 4.24984e+37 5.23443e+37 5.23443e+37 5.23443e+37 2.22505e+33 9.82939e+35 0 2.27632e+15 4.64348e+42 0 0 1
5.23299e+06 3.22334e+37 3.22334e+37 3.91877e+37 3.91877e+37 3.91877e+37 3.00015e+33 9.9976e+35 0 1.57469e+11 4.64348e+42 0 0 1
6.04296e+06 2.44142e+37 2.44142e+37 2.93144e+37 2.93144e+37 2.93144e+37 4.10492e+33 1.02298e+36 0 2.51703e+06 4.64348e+42 0 0 1
6.97831e+06 1.84644e+37 1.84644e+37 2.19104e+37 2.19104e+37 2.19104e+37 5.54365e+33 1.05097e+36 0 7.40983 4.64348e+42 0 0 1
8.05842e+06 1.3943e+37 1.3943e+37 1.63628e+37 1.63628e+37 1.63628e+37 7.43747e+33 1.08511e+36 0 3.09197e-06 4.64348e+42 0 0 1
9.30572e+06 1.05127e+37 1.05127e+37 1.22102e+37 1.22102e+37 1.22102e+37 9.9704e+33 1.12377e+36 0 1.35167e-13 4.64348e+42 0 0 1
1.07461e+07 7.915e+36 7.915e+36 9.10541e+36 9.10541e+36 9.10541e+36 1.34616e+34 1.17267e+36 0 4.36625e-22 4.64348e+42 0 0 1
1.24094e+07 5.95167e+36 5.95167e+36 6.78679e+36 6.78679e+36 6.78679e+36 1.78002e+34 1.22001e+36 0 6.96464e-32 4.64348e+42 0 0 1
1.43301e+07 4.47108e+36 4.47108e+36 5.05766e+36 5.05766e+36 5.05766e+36 2.31115e+34 1.26678e+36 0 3.44435e-43 4.64348e+42 0 0 1
1.65482e+07 3.35727e+36 3.35727e+36 3.77019e+36 3.77019e+36 3.77019e+36 2.9474e+34 1.31077e+36 0 3.08548e-56 4.64348e+42 0 0 1
1.91095e+07 2.52188e+36 2.52188e+36 2.81358e+36 2.81358e+36 2.81358e+36 3.72626e+34 1.34885e+36 0 2.69164e-71 4.64348e+42 0 0 1
2.20673e+07 1.89654e+36 1.89654e+36 2.1036e+36 2.1036e+36 2.1036e+36 4.54594e+34 1.3813e+36 0 1.11672e-88 4.64348e+42 0 0 1
2.5483e+07 1.43006e+36 1.43006e+36 1.57801e+36 1.57801e+36 1.57801e+36 5.43728e+34 1.40381e+36 0 9.63133e-109 4.64348e+42 0 0 1
2.94273e+07 1.08281e+36 1.08281e+36 1.18944e+36 1.18944e+36 1.18944e+36 6.3321e+34 1.404e+36 0 6.64044e-132 4.64348e+42 0 0 1
3.39821e+07 8.25124e+35 8.25124e+35 9.02816e+35 9.02816e+35 9.02816e+35 7.22256e+34 1.37791e+36 0 1.21391e-158 4.64348e+42 0 0 1
3.92419e+07 6.3348e+35 6.3348e+35 6.90792e+35 6.90792e+35 6.90792e+35 7.96599e+34 1.32491e+36 0 1.64502e-189 4.64348e+42 0 0 1
4.53158e+07 4.91371e+35 4.91371e+35 5.34298e+35 5.34298e+35 5.34298e+35 8.61187e+34 1.25418e+36 0 3.79321e-225 4.64348e+42 0 0 1
5.23299e+07 3.85759e+35 3.85759e+35 4.18465e+35 4.18465e+35 4.18465e+35 9.11842e+34 1.17233e+36 0 2.72024e-266 4.64348e+42 0 0 1
6.04296e+07 3.06514e+35 3.06514e+35 3.31859e+35 3.31859e+35 3.31859e+35 9.4099e+34 1.0717e+36 0 0 4.64348e+42 0 0 1
6.97831e+07 2.46311e+35 2.46311e+35 2.66272e+35 2.66272e+35 2.66272e+35 9.46246e+34 9.55013e+35 0 0 4.64348e+42 0 0 1
8.05842e+07 1.99988e+35 1.99988e+35 2.15946e+35 2.15946e+35 2.15946e+35 9.29788e+34 8.24364e+35 0 0 4.64348e+42 0 0 1
9.30572e+07 1.63617e+35 1.63617e+35 1.7653e+35 1.7653e+35 1.7653e+35 8.92205e+34 6.84367e+35 0 0 4.64348e+42 0 0 1
1.07461e+08 1.34237e+35 1.34237e+35 1.44759e+35 1.44759e+35 1.44759e+35 8.33461e+34 5.41695e+35 0 0 4.64348e+42 53.3408 0 1
1.24094e+08 1.10529e+35 1.10529e+35 1.19166e+35 1.19166e+35 1.19166e+35 7.65032e+34 4.22313e+35 0 0 4.64348e+42 46.8608 0 1
1.43301e+08 9.08358e+34 9.08358e+34 9.79378e+34 9.79378e+34 9.79378e+34 6.86741e+34 3.22769e+35 0 0 4.64348e+42 41.168 0 1
1.65482e+08 7.41247e+34 7.41247e+34 7.99415e+34 7.99415e+34 7.99415e+34 6.00989e+34 2.42524e+35 0 0 4.64348e+42 36.1668 0 1
1.91095e+08 5.93019e+34 5.93019e+34 6.3986e+34 6.3986e+34 6.3986e+34 5.05244e+34 1.76471e+35 0 0 4.64348e+42 31.7731 0 1
2.20673e+08 4.72257e+34 4.72257e+34 5.09897e+34 5.09897e+34 5.09897e+34 4.19716e+34 1.30117e+35 0 0 4.64348e+42 27.9132 0 1
2.5483e+08 3.71331e+34 3.71331e+34 4.0126e+34 4.0126e+34 4.0126e+34 3.40999e+34 9.49976e+34 0 0 4.64348e+42 24.5222 0 1
2.94273e+08 2.87876e+34 2.87876e+34 3.11385e+34 3.11385e+34 3.11385e+34 2.7094e+34 6.8686e+34 0 0 4.64348e+42 21.5432 0 1
3.39821e+08 2.17056e+34 2.17056e+34 2.35045e+34 2.35045e+34 2.35045e+34 2.06785e+34 4.87131e+34 0 0 4.64348e+42 19.761 0 1
3.92419e+08 1.63971e+34 1.63971e+34 1.77781e+34 1.77781e+34 1.77781e+34 1.58248e+34 3.53408e+34 0 0 4.64348e+42 18.926 0 1
4.53158e+08 1.22706e+34 1.22706e+34 1.3322e+34 1.3322e+34 1.3322e+34 1.1952e+34 2.55526e+34 0 0 4.64348e+42 18.1263 0 1
5.23299e+08 9.06143e+33 9.06143e+33 9.85214e+33 9.85214e+33 9.85214e+33 8.86263e+33 1.84155e+34 0 0 4.64348e+42 17.3604 0 1
6.04296e+08 6.64392e+33 6.64392e+33 7.23477e+33 7.23477e+33 7.23477e+33 6.5081e+33 1.31321e+34 0 0 4.64348e+42 16.6268 0 1
6.97831e+08 4.92812e+33 4.92812e+33 5.37505e+33 5.37505e+33 5.37505e+33 4.85954e+33 9.57451e+33 0 0 4.64348e+42 15.9243 0 1
8.05842e+08 3.64031e+33 3.64031e+33 3.97713e+33 3.97713e+33 3.97713e+33 3.60942e+33 6.97068e+33 0 0 4.64348e+42 15.2514 0 1
9.30572e+08 2.67441e+33 2.67441e+33 2.92696e+33 2.92696e+33 2.92696e+33 2.66226e+33 5.06336e+33 0 0 4.64348e+42 14.6069 0 1
1.07461e+09 1.9447e+33 1.9447e+33 2.13218e+33 2.13218e+33 2.13218e+33 1.93702e+33 3.62427e+33 0 0 4.64348e+42 14.6596 0 1
1.24094e+09 1.43685e+33 1.43685e+33 1.57827e+33 1.57827e+33 1.57827e+33 1.44317e+33 2.65616e+33 0 0 4.64348e+42 15.4169 0 1
1.43301e+09 1.06188e+33 1.06188e+33 1.16861e+33 1.16861e+33 1.16861e+33 1.07708e+33 1.94119e+33 0 0 4.64348e+42 16.2133 0 1
1.65482e+09 7.81983e+32 7.81983e+32 8.62242e+32 8.62242e+32 8.62242e+32 8.0109e+32 1.41415e+33 0 0 4.64348e+42 17.0509 0 1
1.91095e+09 5.69913e+32 5.69913e+32 6.29641e+32 6.29641e+32 6.29641e+32 5.8825e+32 1.01254e+33 0 0 4.64348e+42 17.9317 0 1
2.20673e+09 4.21222e+32 4.21222e+32 4.66296e+32 4.66296e+32 4.66296e+32 4.41457e+32 7.43381e+32 0 0 4.64348e+42 18.8581 0 1
2.5483e+09 3.10179e+32 3.10179e+32 3.44064e+32 3.44064e+32 3.44064e+32 3.3028e+32 5.44138e+32 0 0 4.64348e+42 19.8323 0 1
2.94273e+09 2.27231e+32 2.27231e+32 2.52571e+32 2.52571e+32 2.52571e+32 2.45882e+32 3.96929e+32 0 0 4.64348e+42 20.8568 0 1
3.39821e+09 1.63923e+32 1.63923e+32 1.82579e+32 1.82579e+32 1.82579e+32 1.79639e+32 2.84536e+32 0 0 4.64348e+42 21.9342 0 1
3.92419e+09 1.2009e+32 1.2009e+32 1.34037e+32 1.34037e+32 1.34037e+32 1.34353e+32 2.08914e+32 0 0 4.64348e+42 23.0673 0 1
4.53158e+09 8.76236e+31 8.76236e+31 9.80057e+31 9.80057e+31 9.80057e+31 1.00138e+32 1.52799e+32 0 0 4.64348e+42 24.259 0 1
5.23299e+09 6.36724e+31 6.36724e+31 7.13674e+31 7.13674e+31 7.13674e+31 7.43701e+31 1.11265e+32 0 0 4.64348e+42 25.5121 0 1
6.04296e+09 4.54645e+31 4.54645e+31 5.10676e+31 5.10676e+31 5.10676e+31 5.40744e+31 7.96753e+31 0 0 4.64348e+42 26.8301 0 1
6.97831e+09 3.30544e+31 3.30544e+31 3.7209e+31 3.7209e+31 3.7209e+31 4.03528e+31 5.83862e+31 0 0 4.64348e+42 28.2161 0 1
8.05842e+09 2.39081e+31 2.39081e+31 2.69819e+31 2.69819e+31 2.69819e+31 3.00091e+31 4.26562e+31 0 0 4.64348e+42 29.6737 0 1
9.30572e+09 1.70385e+31 1.70385e+31 1.93319e+31 1.93319e+31 1.93319e+31 2.21701e+31 3.1068e+31 0 0 4.64348e+42 31.2066 0 1
1.07461e+10 1.14282e+31 1.14282e+31 1.32399e+31 1.32399e+31 1.32399e+31 1.60756e+31 2.23014e+31 0 0 4.64348e+42 35.0144 0 1
1.24094e+10 6.53143e+30 6.53143e+30 8.25841e+30 8.25841e+30 8.25841e+30 1.18942e+31 1.63879e+31 0 0 4.64348e+42 41.9152 0 1
1.43301e+10 2.31612e+30 2.31612e+30 4.00384e+30 4.00384e+30 4.00384e+30 8.74393e+30 1.20095e+31 0 0 4.64348e+42 50.1761 0 1
1.65482e+10 3.35033e+29 3.35033e+29 1.46876e+30 1.46876e+30 1.46876e+30 6.40697e+30 8.77169e+30 0 0 4.64348e+42 60.0651 0 1
1.91095e+10 1.03354e+28 1.03354e+28 4.68864e+29 4.68864e+29 4.68864e+29 4.60105e+30 6.29252e+30 0 0 4.64348e+42 71.903 0 1
2.20673e+10 2.20023e+25 2.20023e+25 1.55594e+29 1.55594e+29 1.55594e+29 3.38371e+30 4.62418e+30 0 0 4.64348e+42 86.074 34.7254 1
2.5483e+10 5.52745e+20 5.52745e+20 5.55976e+28 5.55976e+28 5.55976e+28 2.47944e+30 3.38588e+30 0 0 4.64348e+42 103.038 22.9578 1
2.94273e+10 2.10738e+13 2.10738e+13 2.16598e+28 2.16598e+28 2.16598e+28 1.81089e+30 2.46975e+30 0 0 4.64348e+42 123.345 15.5417 1
3.39821e+10 176.64 176.64 9.03266e+27 9.03266e+27 9.03266e+27 1.29586e+30 1.76611e+30 0 0 4.64348e+42 147.655 10.7604 1
3.92419e+10 9.2143e-14 9.2143e-14 4.16861e+27 4.16861e+27 4.16861e+27 9.53776e+29 1.29708e+30 0 0 4.64348e+42 176.755 7.61059 1
4.53158e+10 2.12452e-33 2.12452e-33 2.05604e+27 2.05604e+27 2.05604e+27 7.00261e+29 9.50028e+29 0 0 4.64348e+42 211.591 5.49245 1
5.23299e+10 4.97741e-57 4.97741e-57 1.0751e+27 1.0751e+27 1.0751e+27 5.13182e+29 6.93709e+29 0 0 4.64348e+42 253.292 4.04008 1
6.04296e+10 7.81895e-84 7.81895e-84 5.82956e+26 5.82956e+26 5.82956e+26 3.69348e+29 4.96492e+29 0 0 4.64348e+42 303.212 3.02568 1
6.97831e+10 1.27637e-112 1.27637e-112 3.38991e+26 3.38991e+26 3.38991e+26 2.73225e+29 3.65407e+29 0 0 4.64348e+42 362.971 2.3047 1
8.05842e+10 4.80438e-142 4.80438e-142 2.04614e+26 2.04614e+26 2.04614e+26 2.01525e+29 2.68253e+29 0 0 4.64348e+42 434.507 1.78376 1
9.30572e+10 9.91503e-171 9.91503e-171 1.2754e+26 1.2754e+26 1.2754e+26 1.48198e+29 1.96321e+29 0 0 4.64348e+42 520.142 1.40144 1
1.07461e+11 1.97811e-197 1.97811e-197 8.04204e+25 8.04204e+25 8.04204e+25 1.06755e+29 1.40674e+29 0 0 4.64348e+42 622.654 1.11671 1
1.24094e+11 4.27489e-221 4.27489e-221 5.33244e+25 5.33244e+25 5.33244e+25 7.89e+28 1.03645e+29 0 0 4.64348e+42 745.37 0.901709 1
1.43301e+11 5.53387e-241 5.53387e-241 3.60808e+25 3.60808e+25 3.60808e+25 5.8094e+28 7.61339e+28 0 0 4.64348e+42 892.272 0.737233 1
1.65482e+11 1.24854e-256 1.24854e-256 2.48322e+25 2.48322e+25 2.48322e+25 4.25947e+28 5.57264e+28 0 0 4.64348e+42 1068.12 0.609868 1
1.91095e+11 7.4991e-268 7.4991e-268 1.70629e+25 1.70629e+25 1.70629e+25 3.05714e+28 3.99007e+28 0 0 4.64348e+42 1278.64 0.510106 1
2.20673e+11 1.13237e-274 1.13237e-274 1.22193e+25 1.22193e+25 1.22193e+25 2.25305e+28 2.93808e+28 0 0 4.64348e+42 1530.64 0.431129 1
2.5483e+11 2.45124e-277 2.45124e-277 8.85028e+24 8.85028e+24 8.85028e+24 1.65462e+28 2.15661e+28 0 0 4.64348e+42 1832.3 0.367983 1
2.94273e+11 3.2586e-276 3.2586e-276 6.47199e+24 6.47199e+24 6.47199e+24 1.21078e+28 1.57722e+28 0 0 4.64348e+42 2193.42 0.317029 1
3.39821e+11 9.1482e-272 9.1482e-272 4.69276e+24 4.69276e+24 4.69276e+24 8.67701e+27 1.12794e+28 0 0 4.64348e+42 0 0.275565 1
3.92419e+11 1.78584e-264 1.78584e-264 3.52862e+24 3.52862e+24 3.52862e+24 6.38932e+27 8.29788e+27 0 0 4.64348e+42 0 0.241562 1
4.53158e+11 7.20404e-255 7.20404e-255 2.66907e+24 2.66907e+24 2.66907e+24 4.68879e+27 6.0846e+27 0 0 4.64348e+42 0 0.213483 1
5.23299e+11 1.89961e-243 1.89961e-243 2.02845e+24 2.02845e+24 2.02845e+24 3.42857e+27 4.4449e+27 0 0 4.64348e+42 0 0.190154 1
6.04296e+11 1.0988e-230 1.0988e-230 1.52085e+24 1.52085e+24 1.52085e+24 2.45407e+27 3.174e+27 0 0 4.64348e+42 0 0.170669 1
6.97831e+11 5.53948e-217 5.53948e-217 1.17869e+24 1.17869e+24 1.17869e+24 1.80542e+27 2.33204e+27 0 0 4.64348e+42 0 0.154323 1
8.05842e+11 1.00787e-202 1.00787e-202 9.15639e+23 9.15639e+23 9.15639e+23 1.32363e+27 1.70763e+27 0 0 4.64348e+42 0 0.140565 1
9.30572e+11 3.1958e-188 3.19581e-188 7.12323e+23 7.12323e+23 7.12323e+23 9.66876e+26 1.24554e+27 0 0 4.64348e+42 0 0.12896 1
1.07461e+12 9.46112e-174 9.46113e-174 5.44752e+23 5.44752e+23 5.44752e+23 6.91014e+26 8.87654e+26 0 0 4.64348e+42 0 0.119166 1
1.24094e+12 1.67899e-159 1.679e-159 4.29694e+23 4.29694e+23 4.29694e+23 5.07747e+26 6.51052e+26 0 0 4.64348e+42 0 0.110908 1
1.43301e+12 1.17586e-145 1.17586e-145 3.38817e+23 3.38817e+23 3.38817e+23 3.7176e+26 4.75822e+26 0 0 4.64348e+42 0 0.103969 1
1.65482e+12 2.42078e-132 2.42078e-132 2.66844e+23 2.66844e+23 2.66844e+23 2.7117e+26 3.46328e+26 0 0 4.64348e+42 0 0.098177 1
1.91095e+12 1.16212e-119 1.16212e-119 2.05965e+23 2.05965e+23 2.05965e+23 1.93426e+26 2.46154e+26 0 0 4.64348e+42 0 0.0933933 1
2.20673e+12 1.18345e-107 1.18345e-107 1.63635e+23 1.63635e+23 1.63635e+23 1.41887e+26 1.80106e+26 0 0 4.64348e+42 0 0.0895108 1
2.5483e+12 2.27146e-96 2.27146e-96 1.29604e+23 1.29604e+23 1.29604e+23 1.03696e+26 1.3128e+26 0 0 4.64348e+42 0 0.0864461 1
2.94273e+12 7.89061e-86 7.89062e-86 1.02236e+23 1.02236e+23 1.02236e+23 7.54885e+25 9.52727e+25 0 0 4.64348e+42 0 0.0841374 1
3.39821e+12 4.85173e-76 4.85174e-76 7.87469e+22 7.87469e+22 7.87469e+22 5.37039e+25 6.74623e+25 0 0 4.64348e+42 0 0.082541 1
3.92419e+12 5.69846e-67 5.69846e-67 6.22586e+22 6.22586e+22 6.22586e+22 3.9303e+25 4.91949e+25 0 0 4.64348e+42 0 0.08163 1
4.53158e+12 1.29778e-58 1.29778e-58 4.8885e+22 4.8885e+22 4.8885e+22 2.8651e+25 3.57258e+25 0 0 4.64348e+42 0 0.0813928 1
5.23299e+12 6.10032e-51 6.10032e-51 3.80681e+22 3.80681e+22 3.80681e+22 2.07993e+25 2.58212e+25 0 0 4.64348e+42 0 0.0818329 1
6.04296e+12 6.24734e-44 6.24734e-44 2.87942e+22 2.87942e+22 2.87942e+22 1.47432e+25 1.81885e+25 0 0 4.64348e+42 0 0.0829683 1
6.97831e+12 1.59237e-37 1.59237e-37 2.22611e+22 2.22611e+22 2.22611e+22 1.07547e+25 1.32013e+25 0 0 4.64348e+42 0 0.0848322 1
8.05842e+12 1.06439e-31 1.06439e-31 1.7002e+22 1.7002e+22 1.7002e+22 7.81212e+24 9.53756e+24 0 0 4.64348e+42 0 0.0874729 1
9.30572e+12 2.0344e-26 2.0344e-26 1.28087e+22 1.28087e+22 1.28087e+22 5.64906e+24 6.85434e+24 0 0 4.64348e+42 0 0.0909553 1
1.07461e+13 1.18813e-21 1.18813e-21 9.31558e+21 9.31558e+21 9.31558e+21 3.98388e+24 4.79304e+24 0 0 4.64348e+42 0 0.0953611 1
1.24094e+13 2.43769e-17 2.43769e-17 6.89837e+21 6.89837e+21 6.89837e+21 2.89296e+24 3.45624e+24 0 0 4.64348e+42 0 0.10079 1
1.43301e+13 1.8458e-13 1.8458e-13 5.02593e+21 5.02593e+21 5.02593e+21 2.09098e+24 2.47931e+24 0 0 4.64348e+42 0 0.10736 1
1.65482e+13 5.58543e-10 5.58544e-10 3.60082e+21 3.60082e+21 3.60082e+21 1.50373e+24 1.76786e+24 0 0 4.64348e+42 0 0.115206 1
1.91095e+13 7.13519e-07 7.1352e-07 2.48345e+21 2.48345e+21 2.48345e+21 1.05298e+24 1.22374e+24 0 0 4.64348e+42 0 0.12448 1
2.20673e+13 0.000437745 0.000437746 1.74582e+21 1.74582e+21 1.74582e+21 7.59805e+23 8.74571e+23 0 0 4.64348e+42 0 0.135345 1
2.5483e+13 0.133297 0.133297 1.20879e+21 1.20879e+21 1.20879e+21 5.45369e+23 6.21256e+23 0 0 4.64348e+42 0 0.147968 1
2.94273e+13 21.4648 21.4649 8.24949e+20 8.24949e+20 8.24949e+20 3.89223e+23 4.38257e+23 0 0 4.64348e+42 0 0.162507 1
3.39821e+13 1895.16 1895.17 5.42881e+20 5.42881e+20 5.42881e+20 2.69859e+23 2.99146e+23 0 0 4.64348e+42 0 0.179093 1
3.92419e+13 102924 102925 3.66295e+20 3.66295e+20 3.66295e+20 1.93025e+23 2.112e+23 0 0 4.64348e+42 0 0.197804 1
4.53158e+13 3.48458e+06 3.48462e+06 2.44451e+20 2.44451e+20 2.44451e+20 1.37225e+23 1.48045e+23 0 0 4.64348e+42 0 0.218621 1
5.23299e+13 7.69991e+07 7.70002e+07 1.61466e+20 1.61466e+20 1.61466e+20 9.69097e+22 1.02926e+23 0 0 4.64348e+42 0 0.241387 1
6.04296e+13 1.12944e+09 1.12946e+09 1.0301e+20 1.0301e+20 1.0301e+20 6.62711e+22 6.89176e+22 0 0 4.64348e+42 0 0.265741 1
6.97831e+13 1.21988e+10 1.2199e+10 6.7803e+19 6.7803e+19 6.7803e+19 4.68346e+22 4.78609e+22 0 0 4.64348e+42 0 0.291055 1
8.05842e+13 9.65316e+10 9.65341e+10 4.42711e+19 4.42711e+19 4.42711e+19 3.28597e+22 3.29525e+22 0 0 4.64348e+42 0 0.316368 1
9.30572e+13 5.77374e+11 5.77392e+11 2.86755e+19 2.86755e+19 2.86755e+19 2.28735e+22 2.24647e+22 0 0 4.64348e+42 0 0.340344 1
1.07461e+14 2.60985e+12 2.60995e+12 1.79107e+19 1.79107e+19 1.79107e+19 1.53465e+22 1.46514e+22 0 0 4.64348e+42 0 0 1
1.24094e+14 9.83589e+12 9.83645e+12 1.16018e+19 1.16018e+19 1.16018e+19 1.06686e+22 9.9521e+21 0 0 4.64348e+42 0 0 1
1.43301e+14 3.02686e+13 3.02717e+13 7.45941e+18 7.45941e+18 7.45941e+18 7.35193e+21 6.68921e+21 0 0 4.64348e+42 0 0 1
1.65482e+14 7.76081e+13 7.76242e+13 4.7578e+18 4.7578e+18 4.7578e+18 5.0179e+21 4.44185e+21 0 0 4.64348e+42 0 0 1
1.91095e+14 1.63324e+14 1.63394e+14 2.91097e+18 2.91097e+18 2.91097e+18 3.2792e+21 2.79455e+21 0 0 4.64348e+42 0 0 1
2.20673e+14 3.11709e+14 3.11971e+14 1.85639e+18 1.85639e+18 1.85639e+18 2.22912e+21 1.84279e+21 0 0 4.64348e+42 0 0 1
2.5483e+14 5.20914e+14 5.21711e+14 1.17368e+18 1.17368e+18 1.17368e+18 1.499e+21 1.1994e+21 0 0 4.64348e+42 0 0 1
2.94273e+14 7.71844e+14 7.73826e+14 7.34968e+17 7.34968e+17 7.34968e+17 9.96134e+20 7.68961e+20 0 0 4.64348e+42 0 0 1
3.39821e+14 9.84713e+14 9.88656e+14 4.37378e+17 4.37378e+17 4.37378e+17 6.27588e+20 4.60415e+20 0 0 4.64348e+42 0 0 1
3.92419e+14 1.20713e+15 1.21419e+15 2.73058e+17 2.73058e+17 2.73058e+17 4.13805e+20 2.91818e+20 0 0 4.64348e+42 0 0 1
4.53158e+14 1.35339e+15 1.3643e+15 1.68576e+17 1.68576e+17 1.68576e+17 2.69151e+20 1.81954e+20 0 0 4.64348e+42 0 0 1
5.23299e+14 1.39814e+15 1.41291e+15 1.02781e+17 1.02781e+17 1.02781e+17 1.72467e+20 1.11318e+20 0 0 4.64348e+42 0 0 1
6.04296e+14 1.27176e+15 1.28861e+15 5.86777e+16 5.86777e+16 5.86777e+16 1.03226e+20 6.22295e+19 0 0 4.64348e+42 0 0 1
6.97831e+14 1.16032e+15 1.17886e+15 3.54824e+16 3.54824e+16 3.54824e+16 6.52815e+19 3.74082e+19 0 0 4.64348e+42 0 0 1
8.05842e+14 9.93713e+14 1.01223e+15 2.11348e+16 2.11348e+16 2.11348e+16 4.05675e+19 2.20274e+19 0 0 4.64348e+42 0 0 1
9.30572e+14 8.01981e+14 8.18901e+14 1.23798e+16 1.23798e+16 1.23798e+16 2.47317e+19 1.26618e+19 0 0 4.64348e+42 0 0 1
1.07461e+15 5.7018e+14 5.83449e+14 6.63328e+15 6.63328e+15 6.63328e+15 1.37593e+19 6.42814e+18 0 0 4.64348e+42 0 0 1
1.24094e+15 4.21769e+14 4.32349e+14 3.82294e+15 3.82294e+15 3.82294e+15 8.21455e+18 3.60004e+18 0 0 4.64348e+42 0 0 1
1.43301e+15 2.96745e+14 3.04608e+14 2.15805e+15 2.15805e+15 2.15805e+15 4.79262e+18 1.96426e+18 0 0 4.64348e+42 0 0 1
1.65482e+15 1.98888e+14 2.04356e+14 1.19097e+15 1.19097e+15 1.19097e+15 2.72748e+18 1.03935e+18 0 0 4.64348e+42 0 0 1
1.91095e+15 1.1476e+14 1.17982e+14 5.78944e+14 5.78944e+14 5.78944e+14 1.36424e+18 4.59987e+17 0 0 4.64348e+42 0 0 1
2.20673e+15 7.16089e+13 7.36327e+13 3.10559e+14 3.10559e+14 3.10559e+14 7.51388e+17 2.34279e+17 0 0 4.64348e+42 0 0 1
2.5483e+15 4.26392e+13 4.38372e+13 1.61835e+14 1.61835e+14 1.61835e+14 4.01189e+17 1.15478e+17 0 0 4.64348e+42 0 0 1
2.94273e+15 2.42435e+13 2.49132e+13 8.1808e+13 8.1808e+13 8.1808e+13 2.0737e+17 5.47495e+16 0 0 4.64348e+42 0 0 1
3.39821e+15 1.12401e+13 1.15424e+13 3.41953e+13 3.41953e+13 3.41953e+13 8.84559e+16 1.98404e+16 0 0 4.64348e+42 0 0 1
3.92419e+15 5.93593e+12 6.08991e+12 1.64829e+13 1.64829e+13 1.64829e+13 4.34277e+16 8.88609e+15 0 0 4.64348e+42 0 0 1
4.53158e+15 2.97422e+12 3.04807e+12 7.62084e+12 7.62084e+12 7.62084e+12 2.04124e+16 3.82181e+15 0 0 4.64348e+42 0 0 1
5.23299e+15 1.41663e+12 1.45005e+12 3.38187e+12 3.38187e+12 3.38187e+12 9.19216e+15 1.56614e+15 0 0 4.64348e+42 0 0 1
6.04296e+15 4.97412e+11 5.08494e+11 1.11582e+12 1.11582e+12 1.11582e+12 3.07225e+15 4.19455e+14 0 0 4.64348e+42 0 0 1
6.97831e+15 2.15615e+11 2.20125e+11 4.5794e+11 4.5794e+11 4.5794e+11 1.27506e+15 1.56978e+14 0 0 4.64348e+42 0 0 1
8.05842e+15 8.70811e+10 8.87826e+10 1.7628e+11 1.7628e+11 1.7628e+11 4.95524e+14 5.59677e+13 0 0 4.64348e+42 0 0 1
9.30572e+15 3.29291e+10 3.35273e+10 6.39101e+10 6.39101e+10 6.39101e+10 1.81082e+14 1.89187e+13 0 0 4.64348e+42 0 0 1
1.07461e+16 7.7932e+09 7.92429e+09 1.45775e+10 1.45775e+10 1.45775e+10 4.15679e+13 3.12269e+12 0 0 4.64348e+42 0 0 1
1.24094e+16 2.58214e+09 2.6222e+09 4.67656e+09 4.67656e+09 4.67656e+09 1.34005e+13 8.93112e+11 0 0 4.64348e+42 0 0 1
1.43301e+16 7.65146e+08 7.76061e+08 1.34723e+09 1.34723e+09 1.34723e+09 3.87375e+12 2.4018e+11 0 0 4.64348e+42 0 0 1
1.65482e+16 2.01537e+08 2.04172e+08 3.46232e+08 3.46232e+08 3.46232e+08 9.97562e+11 6.2118e+10 0 0 4.64348e+42 0 0 1
1.91095e+16 2.66422e+07 2.69605e+07 4.48e+07 4.48e+07 4.48e+07 1.29168e+11 4.83363e+09 0 0 4.64348e+42 0 0 1
2.20673e+16 5.87511e+06 5.93912e+06 9.69709e+06 9.69709e+06 9.69709e+06 2.79422e+10 8.99017e+08 0 0 4.64348e+42 0 0 1
2.5483e+16 1.07677e+06 1.08744e+06 1.7488e+06 1.7488e+06 1.7488e+06 5.0299e+09 1.49175e+08 0 0 4.64348e+42 0 0 1
2.94273e+16 153789 155172 246314 246314 246314 7.06298e+08 2.42861e+07 0 0 4.64348e+42 0 0 1
3.39821e+16 8061.2 8126.89 12757 12757 12757 3.64269e+07 678710 0 0 4.64348e+42 0 0 1
3.92419e+16 900.622 907.258 1410.64 1410.64 1410.64 4.00669e+06 62043.4 0 0 4.64348e+42 0 0 1
4.53158e+16 73.6173 74.107 114.296 114.296 114.296 322578 4332.66 0 0 4.64348e+42 0 0 1
5.23299e+16 3.98406 4.00796 6.13948 6.13948 6.13948 17200 273.978 0 0 4.64348e+42 0 0 1
6.04296e+16 0.0429684 0.0432004 0.0657983 0.0657983 0.0657983 182.802 1.82728 0 0 4.64348e+42 0 0 1
6.97831e+16 0.00149224 0.00149948 0.00227306 0.00227306 0.00227306 6.2565 0.04959 0 0 4.64348e+42 0 0 1
8.05842e+16 2.46563e-05 2.47638e-05 3.73939e-05 3.73939e-05 3.73939e-05 0.101886 0.000584871 0 0 4.64348e+42 0 0 1
9.30572e+16 0 0 0 0 0 0 0 0 0 4.64348e+42 0 0 1