
1.07461e-07 0 0 4.50423e+33 5.74503e+51 3.32542e+59 0 0 1.09624e+45 0 4.64348e+42 0 0 1
1.24094e-07 0 0 1.31508e+36 6.27795e+51 2.85288e+59 0 0 1.26591e+45 0 4.64348e+42 0 0 1
1.43301e-07 0 0 1.81958e+38 6.87559e+51 2.45227e+59 0 0 1.46185e+45 0 4.64348e+42 0 0 1
1.65482e-07 0 0 1.32084e+40 7.55683e+51 2.11486e+59 0 0 1.68812e+45 0 4.64348e+42 0 0 1
1.91095e-07 0 0 5.49326e+41 8.34444e+51 1.83201e+59 0 0 1.94941e+45 0 4.64348e+42 0 0 1
2.20673e-07 0 0 1.41235e+43 9.26437e+51 1.59536e+59 0 0 2.25115e+45 0 4.64348e+42 0 0 1
2.5483e-07 0 0 2.39668e+44 1.03445e+52 1.39703e+59 0 0 2.59958e+45 0 4.64348e+42 0 0 1
2.94273e-07 0 0 2.83938e+45 1.1613e+52 1.22984e+59 0 0 3.00195e+45 0 4.64348e+42 0 0 1
3.39821e-07 0 0 2.46423e+46 1.30978e+52 1.08755e+59 0 0 3.4666e+45 0 4.64348e+42 0 0 1
3.92419e-07 0 0 1.63274e+47 1.48255e+52 9.64976e+58 0 0 4.00317e+45 0 4.64348e+42 0 0 1
4.53158e-07 0 0 8.55807e+47 1.68231e+52 8.5806e+58 0 0 4.62278e+45 0 4.64348e+42 0 0 1
5.23299e-07 0 0 3.65973e+48 1.91203e+52 7.63779e+58 0 0 5.33831e+45 0 4.64348e+42 0 0 1
6.04296e-07 0 0 1.31163e+49 2.17522e+52 6.79981e+58 0 0 6.16458e+45 0 4.64348e+42 0 0 1
6.97831e-07 0 0 4.03342e+49 2.47636e+52 6.05158e+58 0 0 7.11875e+45 0 4.64348e+42 0 0 1
8.05842e-07 0 0 1.0864e+50 2.82112e+52 5.38235e+58 0 0 8.2206e+45 0 4.64348e+42 0 0 1
9.30572e-07 0 0 2.6097e+50 3.21663e+52 4.78389e+58 0 0 9.493e+45 0 4.64348e+42 0 0 1
1.07461e-06 0 0 5.67936e+50 3.67169e+52 4.24935e+58 0 0 1.09624e+46 0 4.64348e+42 0 0 1
1.24094e-06 0 0 1.13515e+51 4.197e+52 3.77265e+58 0 0 1.26591e+46 0 4.64348e+42 0 0 1
1.43301e-06 0 0 2.10859e+51 4.80535e+52 3.34818e+58 0 0 1.46185e+46 0 4.64348e+42 0 0 1
1.65482e-06 0 0 3.67754e+51 5.51197e+52 2.97071e+58 0 0 1.68812e+46 0 4.64348e+42 0 0 1
1.91095e-06 0 0 6.0754e+51 6.33478e+52 2.63532e+58 0 0 1.94941e+46 0 4.64348e+42 0 0 1
2.20673e-06 0 0 9.57927e+51 7.29491e+52 2.3375e+58 0 0 2.25114e+46 0 4.64348e+42 0 0 1
2.5483e-06 0 0 1.45099e+52 8.41731e+52 2.07308e+58 0 0 2.59958e+46 0 4.64348e+42 0 0 1
2.94273e-06 0 0 2.12332e+52 9.73168e+52 1.83828e+58 0 0 3.00195e+46 0 4.64348e+42 0 0 1
3.39821e-06 0 0 3.01658e+52 1.12737e+53 1.62973e+58 0 0 3.4666e+46 0 4.64348e+42 0 0 1
3.92419e-06 0 0 4.17847e+52 1.30866e+53 1.44445e+58 0 0 4.00316e+46 0 4.64348e+42 0 0 1
4.53158e-06 0 0 5.66423e+52 1.52228e+53 1.27981e+58 0 0 4.62278e+46 0 4.64348e+42 0 0 1
5.23299e-06 0 0 7.53849e+52 1.77455e+53 1.1335e+58 0 0 5.3383e+46 0 4.64348e+42 0 0 1
6.04296e-06 0 0 9.87742e+52 2.07306e+53 1.0035e+58 0 0 6.16457e+46 0 4.64348e+42 0 0 1
6.97831e-06 0 0 1.27712e+53 2.42686e+53 8.87986e+57 0 0 7.11873e+46 0 4.64348e+42 0 0 1
8.05842e-06 0 0 1.63269e+53 2.84673e+53 7.85371e+57 0 0 8.22058e+46 0 4.64348e+42 0 0 1
9.30572e-06 0 0 2.06724e+53 3.34558e+53 6.9423e+57 0 0 9.49297e+46 0 4.64348e+42 0 0 1
1.07461e-05 0 0 2.59609e+53 3.93892e+53 6.13297e+57 0 0 1.09623e+47 0 4.64348e+42 0 0 1
1.24094e-05 0 0 3.23763e+53 4.64532e+53 5.41449e+57 0 0 1.26591e+47 0 4.64348e+42 0 0 1
1.43301e-05 0 0 4.01389e+53 5.48705e+53 4.77684e+57 0 0 1.46185e+47 0 4.64348e+42 0 0 1
1.65482e-05 0 0 4.95125e+53 6.49067e+53 4.21114e+57 0 0 1.68811e+47 0 4.64348e+42 0 0 1
1.91095e-05 0 0 6.08125e+53 7.68791e+53 3.70948e+57 0 0 1.9494e+47 0 4.64348e+42 0 0 1
2.20673e-05 0 0 7.44159e+53 9.11663e+53 3.26479e+57 0 0 2.25113e+47 0 4.64348e+42 0 0 1
2.5483e-05 0 0 9.0773e+53 1.0822e+54 2.87082e+57 0 0 2.59956e+47 0 4.64348e+42 0 0 1
2.94273e-05 0 0 1.10421e+54 1.28579e+54 2.52197e+57 0 0 3.00192e+47 0 4.64348e+42 0 0 1
3.39821e-05 0 0 1.34001e+54 1.52884e+54 2.21325e+57 0 0 3.46656e+47 0 4.64348e+42 0 0 1
3.92419e-05 0 0 1.62274e+54 1.81899e+54 1.94024e+57 0 0 4.00311e+47 0 4.64348e+42 0 0 1
4.53158e-05 0 0 1.96149e+54 2.16531e+54 1.69897e+57 0 0 4.62271e+47 0 4.64348e+42 0 0 1
5.23299e-05 0 0 2.36705e+54 2.57862e+54 1.48592e+57 0 0 5.33821e+47 0 4.64348e+42 0 0 1
6.04296e-05 0 0 2.85224e+54 3.07173e+54 1.29795e+57 0 0 6.16446e+47 0 4.64348e+42 0 0 1
6.97831e-05 0 0 3.43232e+54 3.6599e+54 1.13224e+57 0 0 7.11858e+47 0 4.64348e+42 0 0 1
8.05842e-05 0 0 4.12538e+54 4.36122e+54 9.86315e+56 0 0 8.22038e+47 0 4.64348e+42 0 0 1
9.30572e-05 0 0 4.95289e+54 5.19717e+54 8.57932e+56 0 0 9.4927e+47 0 4.64348e+42 0 0 1
0.000107461 0 0 5.94036e+54 6.19324e+54 7.45109e+56 0 0 1.09619e+48 0 4.64348e+42 0 0 1
0.000124094 0 0 7.118e+54 7.37967e+54 6.46076e+56 0 0 1.26586e+48 0 4.64348e+42 0 0 1
0.000143301 0 0 8.52167e+54 8.7923e+54 5.59257e+56 0 0 1.46178e+48 0 4.64348e+42 0 0 1
0.000165482 0 0 1.01939e+55 1.04736e+55 4.83246e+56 0 0 1.68803e+48 0 4.64348e+42 0 0 1
0.000191095 0 0 1.21851e+55 1.24741e+55 4.16791e+56 0 0 1.94928e+48 0 4.64348e+42 0 0 1
0.000220673 0 0 1.4555e+55 1.48535e+55 3.58779e+56 0 0 2.25098e+48 0 4.64348e+42 0 0 1
0.00025483 0 0 1.73744e+55 1.76826e+55 3.08216e+56 0 0 2.59936e+48 0 4.64348e+42 0 0 1
0.000294273 0 0 2.07275e+55 2.10454e+55 2.6422e+56 0 0 3.00165e+48 0 4.64348e+42 0 0 1
0.000339821 0 0 2.4711e+55 2.5039e+55 2.26006e+56 0 0 3.4662e+48 0 4.64348e+42 0 0 1
0.000392419 0 0 2.94068e+55 2.97444e+55 1.92877e+56 0 0 4.00263e+48 0 4.64348e+42 0 0 1
0.000453158 0 0 3.4742e+55 3.50871e+55 1.64212e+56 0 0 4.62207e+48 0 4.64348e+42 0 0 1
0.000523299 0 0 4.02471e+55 4.05931e+55 1.39463e+56 0 0 5.33735e+48 0 4.64348e+42 0 0 1
0.000604296 0 0 4.50181e+55 4.53531e+55 1.1814e+56 0 0 6.16331e+48 0 4.64348e+42 0 0 1
0.000697831 0 0 4.80939e+55 4.84037e+55 9.9812e+55 0 0 7.11705e+48 0 4.64348e+42 0 0 1
0.000805842 0 0 4.89303e+55 4.9203e+55 8.40962e+55 0 0 8.21834e+48 0 4.64348e+42 0 0 1
0.000930572 0 0 4.75691e+55 4.77986e+55 7.06542e+55 0 0 9.48999e+48 0 4.64348e+42 0 0 1
0.00107461 0 0 4.44796e+55 4.46654e+55 5.91876e+55 0 0 1.09583e+49 0 4.64348e+42 0 0 1
0.00124094 1.15559e-190 1.15559e-190 4.02914e+55 4.04371e+55 4.9433e+55 0 0 1.26538e+49 8.53877e-195 4.64348e+42 0 0 1
0.00143301 1.13085e-126 1.13085e-126 3.55904e+55 3.57018e+55 4.11585e+55 0 0 1.46114e+49 8.19173e-131 4.64348e+42 0 0 1
0.00165482 2.14313e-79 2.14313e-79 3.08244e+55 3.0908e+55 3.41606e+55 0 0 1.68717e+49 1.55223e-83 4.64348e+42 0 0 1
0.00191095 1.79675e-44 1.79675e-44 2.62884e+55 2.63501e+55 2.82605e+55 0 0 1.94814e+49 1.32138e-48 4.64348e+42 0 0 1
0.00220673 1.11086e-18 1.11086e-18 2.21491e+55 2.21941e+55 2.3302e+55 0 0 2.24945e+49 8.39667e-23 4.64348e+42 0 0 1
0.0025483 12.1941 12.1941 1.84807e+55 1.85133e+55 1.91485e+55 0 0 2.59732e+49 0.000956607 4.64348e+42 0 0 1
0.00294273 1.36886e+15 1.36886e+15 1.52974e+55 1.53207e+55 1.56812e+55 0 0 2.99893e+49 1.12343e+11 4.64348e+42 0 0 1
0.00339821 3.14428e+25 3.14428e+25 1.25776e+55 1.25941e+55 1.27968e+55 0 0 3.46258e+49 2.71787e+21 4.64348e+42 0 0 1
0.00392419 1.35352e+33 1.35352e+33 1.02813e+55 1.0293e+55 1.0406e+55 0 0 3.9978e+49 1.23942e+29 4.64348e+42 0 0 1
0.00453158 5.61221e+38 5.61221e+38 8.36076e+54 8.36903e+54 8.43139e+54 0 0 4.61563e+49 5.47257e+34 4.64348e+42 0 0 1
0.00523299 7.51682e+42 7.51682e+42 6.76679e+54 6.77259e+54 6.80673e+54 0 0 5.32877e+49 7.8425e+38 4.64348e+42 0 0 1
0.00604296 7.9542e+45 7.9542e+45 5.45246e+54 5.45651e+54 5.47504e+54 0 0 6.15186e+49 8.91881e+41 4.64348e+42 0 0 1
0.00697831 1.28805e+48 1.28805e+48 4.3749e+54 4.37771e+54 4.38769e+54 0 0 7.10179e+49 1.55872e+44 4.64348e+42 0 0 1
0.00805842 5.2032e+49 5.2032e+49 3.49603e+54 3.49798e+54 3.5033e+54 0 0 8.19799e+49 6.82336e+45 4.64348e+42 0 0 1
0.00930572 7.52443e+50 7.52443e+50 2.78266e+54 2.784e+54 2.78682e+54 0 0 9.46285e+49 1.07353e+47 4.64348e+42 0 0 1
0.0107461 5.0874e+51 5.0874e+51 2.20627e+54 2.20719e+54 2.20867e+54 0 0 1.09221e+50 7.92756e+47 4.64348e+42 0 0 1
0.0124094 1.95907e+52 1.95907e+52 1.7426e+54 1.74323e+54 1.74401e+54 0 0 1.26055e+50 3.34698e+48 4.64348e+42 0 0 1
0.0143301 4.97155e+52 4.97155e+52 1.37121e+54 1.37163e+54 1.37203e+54 0 0 1.45471e+50 9.34742e+48 4.64348e+42 0 0 1
0.0165482 9.26104e+52 9.26104e+52 1.07496e+54 1.07525e+54 1.07546e+54 0 0 1.67859e+50 1.9234e+49 4.64348e+42 0 0 1
0.0191095 1.37145e+53 1.37145e+53 8.39638e+53 8.39835e+53 8.39939e+53 0 0 1.93671e+50 3.15784e+49 4.64348e+42 0 0 1
0.0220673 1.7126e+53 1.7126e+53 6.53468e+53 6.53601e+53 6.53653e+53 0 0 2.23421e+50 4.38766e+49 4.64348e+42 0 0 1
0.025483 1.88372e+53 1.88372e+53 5.06777e+53 5.06866e+53 5.06892e+53 0 0 2.57701e+50 5.38894e+49 4.64348e+42 0 0 1
0.0294273 1.88484e+53 1.88484e+53 3.91652e+53 3.91711e+53 3.91724e+53 0 0 2.97187e+50 6.04194e+49 4.64348e+42 0 0 1
0.0339821 1.75707e+53 1.75707e+53 3.01654e+53 3.01694e+53 3.017e+53 0 0 3.4265e+50 6.3326e+49 4.64348e+42 0 0 1
0.0392419 1.55323e+53 1.55323e+53 2.31571e+53 2.31598e+53 2.31601e+53 0 0 3.94973e+50 6.31473e+49 4.64348e+42 0 0 1
0.0453158 1.31919e+53 1.31919e+53 1.77203e+53 1.77221e+53 1.77222e+53 0 0 4.55157e+50 6.0693e+49 4.64348e+42 0 0 1
0.0523299 1.08699e+53 1.08699e+53 1.35183e+53 1.35195e+53 1.35196e+53 0 0 5.24342e+50 5.67682e+49 4.64348e+42 0 0 1
0.0604296 8.75244e+52 8.75244e+52 1.02824e+53 1.02832e+53 1.02832e+53 0 0 6.03817e+50 5.20399e+49 4.64348e+42 0 0 1
0.0697831 6.92412e+52 6.92412e+52 7.79927e+52 7.79977e+52 7.7998e+52 0 0 6.95036e+50 4.70017e+49 4.64348e+42 0 0 1
0.0805842 5.4036e+52 5.4036e+52 5.9002e+52 5.90053e+52 5.90055e+52 0 0 7.99633e+50 4.19874e+49 4.64348e+42 0 0 1
0.0930572 4.17258e+52 4.17258e+52 4.45256e+52 4.45277e+52 4.45278e+52 0 0 9.19435e+50 3.72047e+49 4.64348e+42 0 0 1
0.107461 3.19542e+52 3.19542e+52 3.35243e+52 3.35257e+52 3.35257e+52 0 0 1.05648e+51 3.27696e+49 4.64348e+42 0 0 1
0.124094 2.43117e+52 2.43117e+52 2.51883e+52 2.51892e+52 2.51892e+52 0 0 1.21299e+51 2.87355e+49 4.64348e+42 0 0 1
0.143301 1.84015e+52 1.84015e+52 1.88891e+52 1.88897e+52 1.88897e+52 0 0 1.39144e+51 2.51156e+49 4.64348e+42 0 0 1
0.165482 1.38706e+52 1.38706e+52 1.4141e+52 1.41414e+52 1.41414e+52 0 0 1.59447e+51 2.18986e+49 4.64348e+42 0 0 1
0.191095 1.04208e+52 1.04208e+52 1.05704e+52 1.05706e+52 1.05706e+52 0 0 1.82489e+51 1.90595e+49 4.64348e+42 0 0 1
0.220673 7.80833e+51 7.80833e+51 7.89088e+51 7.89104e+51 7.89104e+51 0 0 2.08567e+51 1.65666e+49 4.64348e+42 0 0 1
0.25483 5.83841e+51 5.83841e+51 5.88388e+51 5.88399e+51 5.88399e+51 0 0 2.37979e+51 1.43857e+49 4.64348e+42 0 0 1
0.294273 4.35813e+51 4.35813e+51 4.38313e+51 4.3832e+51 4.3832e+51 0 0 2.71021e+51 1.24829e+49 4.64348e+42 0 0 1
0.339821 3.24885e+51 3.24885e+51 3.26259e+51 3.26263e+51 3.26263e+51 0 0 3.07964e+51 1.0826e+49 4.64348e+42 0 0 1
0.392419 2.41945e+51 2.41945e+51 2.42699e+51 2.42702e+51 2.42702e+51 0 0 3.49036e+51 9.38533e+48 4.64348e+42 0 0 1
0.453158 1.80042e+51 1.80042e+51 1.80455e+51 1.80457e+51 1.80457e+51 0 0 3.94387e+51 8.13401e+48 4.64348e+42 0 0 1
0.523299 1.33906e+51 1.33906e+51 1.34132e+51 1.34133e+51 1.34133e+51 0 0 4.44055e+51 7.048e+48 4.64348e+42 0 0 1
0.604296 9.95586e+50 9.95586e+50 9.96824e+50 9.96831e+50 9.96831e+50 0 0 4.97906e+51 6.10603e+48 4.64348e+42 0 0 1
0.697831 7.40094e+50 7.40094e+50 7.40771e+50 7.40776e+50 7.40776e+50 0 0 5.55573e+51 5.28933e+48 4.64348e+42 0 0 1
0.805842 5.50162e+50 5.50162e+50 5.50532e+50 5.50535e+50 5.50535e+50 0 0 6.16377e+51 4.58147e+48 4.64348e+42 0 0 1
0.930572 4.09025e+50 4.09025e+50 4.09227e+50 4.09229e+50 4.09229e+50 0 0 6.79231e+51 3.96809e+48 4.64348e+42 0 0 1
1.07461 3.0417e+50 3.0417e+50 3.04281e+50 3.04282e+50 3.04282e+50 0 0 7.42543e+51 3.43666e+48 4.64348e+42 0 0 1
1.24094 2.26276e+50 2.26276e+50 2.26336e+50 2.26337e+50 2.26337e+50 0 0 8.04114e+51 2.9763e+48 4.64348e+42 0 0 1
1.43301 1.68405e+50 1.68405e+50 1.68438e+50 1.68439e+50 1.68439e+50 0 0 8.61061e+51 2.57754e+48 4.64348e+42 0 0 1
1.65482 1.25402e+50 1.25402e+50 1.2542e+50 1.25421e+50 1.25421e+50 0 0 9.09779e+51 2.23217e+48 4.64348e+42 0 0 1
1.91095 9.34366e+49 9.34366e+49 9.34468e+49 9.3447e+49 9.3447e+49 0 0 9.46006e+51 1.93304e+48 4.64348e+42 0 0 1
2.20673 6.9666e+49 6.9666e+49 6.96716e+49 6.96718e+49 6.96718e+49 0 0 9.65016e+51 1.67398e+48 4.64348e+42 0 0 1
2.5483 5.19802e+49 5.19802e+49 5.19835e+49 5.19836e+49 5.19836e+49 0 0 9.6204e+51 1.44963e+48 4.64348e+42 0 0 1
2.94273 3.88142e+49 3.88142e+49 3.88161e+49 3.88161e+49 3.88161e+49 0 0 9.3294e+51 1.25533e+48 4.64348e+42 0 0 1
3.39821 2.90065e+49 2.90065e+49 2.90077e+49 2.90077e+49 2.90077e+49 0 0 8.75146e+51 1.08708e+48 4.64348e+42 0 0 1
3.92419 2.16955e+49 2.16955e+49 2.16962e+49 2.16962e+49 2.16962e+49 0 0 7.88766e+51 9.41365e+47 4.64348e+42 0 0 1
4.53158 1.62415e+49 1.62415e+49 1.6242e+49 1.6242e+49 1.6242e+49 0 0 6.77598e+51 8.15183e+47 4.64348e+42 0 0 1
5.23299 1.21698e+49 1.21698e+49 1.21701e+49 1.21701e+49 1.21701e+49 0 0 5.49595e+51 7.05912e+47 4.64348e+42 0 0 1
6.04296 9.12736e+48 9.12736e+48 9.12761e+48 9.12761e+48 9.12761e+48 0 0 4.16263e+51 6.11286e+47 4.64348e+42 0 0 1
6.97831 6.85219e+48 6.85219e+48 6.85238e+48 6.85238e+48 6.85238e+48 0 0 2.90688e+51 5.29342e+47 4.64348e+42 0 0 1
8.05842 5.14926e+48 5.14926e+48 5.14941e+48 5.14941e+48 5.14941e+48 0 0 1.84468e+51 4.58382e+47 4.64348e+42 0 0 1
9.30572 3.87348e+48 3.87348e+48 3.87361e+48 3.87361e+48 3.87361e+48 0 0 1.04646e+51 3.96932e+47 4.64348e+42 0 0 1
10.7461 2.91682e+48 2.91682e+48 2.91693e+48 2.91693e+48 2.91693e+48 0 0 5.20913e+50 3.43719e+47 4.64348e+42 0 0 1
12.4094 2.19877e+48 2.19877e+48 2.19886e+48 2.19886e+48 2.19886e+48 0 0 2.22804e+50 2.97638e+47 4.64348e+42 0 0 1
14.3301 1.65928e+48 1.65928e+48 1.65936e+48 1.65936e+48 1.65936e+48 0 0 7.9946e+49 2.57734e+47 4.64348e+42 0 0 1
16.5482 1.25355e+48 1.25355e+48 1.25362e+48 1.25362e+48 1.25362e+48 0 0 2.34144e+49 2.23178e+47 4.64348e+42 0 0 1
19.1095 9.48088e+47 9.48088e+47 9.48146e+47 9.48146e+47 9.48146e+47 0 0 5.42365e+48 1.93254e+47 4.64348e+42 0 0 1
22.0673 7.17876e+47 7.17876e+47 7.17927e+47 7.17927e+47 7.17927e+47 0 0 9.58164e+47 1.6734e+47 4.64348e+42 0 0 1
25.483 5.44187e+47 5.44187e+47 5.44231e+47 5.44231e+47 5.44231e+47 0 0 1.23798e+47 1.449e+47 4.64348e+42 0 0 1
29.4273 4.12996e+47 4.12996e+47 4.13035e+47 4.13035e+47 4.13035e+47 0 0 1.1145e+46 1.25468e+47 4.64348e+42 0 0 1
33.9821 3.13794e+47 3.13794e+47 3.13828e+47 3.13828e+47 3.13828e+47 0 0 6.61083e+44 1.0864e+47 4.64348e+42 0 0 1
39.2419 2.38692e+47 2.38692e+47 2.38722e+47 2.38722e+47 2.38722e+47 0 0 2.4221e+43 9.40682e+46 4.64348e+42 0 0 1
45.3158 1.8177e+47 1.8177e+47 1.81797e+47 1.81797e+47 1.81797e+47 0 0 5.0875e+41 8.14493e+46 4.64348e+42 0 0 1
52.3299 1.38576e+47 1.38576e+47 1.38599e+47 1.38599e+47 1.38599e+47 0 0 5.62073e+39 7.05217e+46 4.64348e+42 0 0 1
60.4296 1.05759e+47 1.05759e+47 1.05779e+47 1.05779e+47 1.05779e+47 0 0 2.95712e+37 6.10588e+46 4.64348e+42 0 0 1
69.7831 8.0796e+46 8.0796e+46 8.08139e+46 8.08139e+46 8.08139e+46 0 0 6.60484e+34 5.28643e+46 4.64348e+42 0 0 1
80.5842 6.17851e+46 6.17851e+46 6.18009e+46 6.18009e+46 6.18009e+46 0 0 5.48503e+31 4.57682e+46 4.64348e+42 0 0 1
93.0572 4.72898e+46 4.72898e+46 4.73037e+46 4.73037e+46 4.73037e+46 0 0 1.45316e+28 3.96232e+46 4.64348e+42 0 0 1
107.461 3.62247e+46 3.62247e+46 3.6237e+46 3.6237e+46 3.6237e+46 0 0 1.02912e+24 3.43018e+46 4.64348e+42 0 0 1
124.094 2.77685e+46 2.77685e+46 2.77795e+46 2.77795e+46 2.77795e+46 0 0 1.58837e+19 2.96937e+46 4.64348e+42 0 0 1
143.301 2.12993e+46 2.12993e+46 2.1309e+46 2.1309e+46 2.1309e+46 0 0 4.22037e+13 2.57032e+46 4.64348e+42 0 0 1
165.482 1.63451e+46 1.63451e+46 1.63537e+46 1.63537e+46 1.63537e+46 0 0 1.47028e+07 2.22477e+46 4.64348e+42 0 0 1
191.095 1.25477e+46 1.25477e+46 1.25553e+46 1.25553e+46 1.25553e+46 0 0 0.490374 1.92553e+46 4.64348e+42 0 0 1
220.673 9.63434e+45 9.63434e+45 9.64109e+45 9.64109e+45 9.64109e+45 0 0 1.08899e-09 1.66639e+46 4.64348e+42 0 0 1
254.83 7.39771e+45 7.39771e+45 7.40369e+45 7.40369e+45 7.40369e+45 0 0 1.05867e-19 1.442e+46 4.64348e+42 0 0 1
294.273 5.67956e+45 5.67956e+45 5.68487e+45 5.68487e+45 5.68487e+45 0 0 2.77611e-31 1.24768e+46 4.64348e+42 0 0 1
339.821 4.35912e+45 4.35912e+45 4.36382e+45 4.36382e+45 4.36382e+45 0 0 1.12249e-44 1.07941e+46 4.64348e+42 0 0 1
392.419 3.34404e+45 3.34404e+45 3.34821e+45 3.34821e+45 3.34821e+45 0 0 3.669e-60 9.33688e+45 4.64348e+42 0 0 1
453.158 2.56365e+45 2.56365e+45 2.56733e+45 2.56733e+45 2.56733e+45 0 0 4.59904e-78 8.07504e+45 4.64348e+42 0 0 1
523.299 1.96374e+45 1.96374e+45 1.96701e+45 1.96701e+45 1.96701e+45 0 0 9.34438e-99 6.98234e+45 4.64348e+42 0 0 1
604.296 1.50275e+45 1.50275e+45 1.50563e+45 1.50563e+45 1.50563e+45 0 0 1.13846e-122 6.03612e+45 4.64348e+42 0 0 1
697.831 1.14869e+45 1.14869e+45 1.15124e+45 1.15124e+45 1.15124e+45 0 0 2.63783e-150 5.21674e+45 4.64348e+42 0 0 1
805.842 8.76982e+44 8.76982e+44 8.79226e+44 8.79226e+44 8.79226e+44 0 0 3.08615e-182 4.50722e+45 4.64348e+42 0 0 1
930.572 6.68676e+44 6.68676e+44 6.70652e+44 6.70652e+44 6.70652e+44 0 0 3.94245e-219 3.89282e+45 4.64348e+42 0 0 1
1074.61 5.09171e+44 5.09171e+44 5.1091e+44 5.1091e+44 5.1091e+44 0 0 0 3.3608e+45 4.64348e+42 0 0 1
1240.94 3.87204e+44 3.87204e+44 3.88731e+44 3.88731e+44 3.88731e+44 0 0 0 2.90013e+45 4.64348e+42 0 0 1
1433.01 2.94081e+44 2.94081e+44 2.95421e+44 2.95421e+44 2.95421e+44 0 0 0 2.50124e+45 4.64348e+42 0 0 1
1654.82 2.23094e+44 2.23094e+44 2.24268e+44 2.24268e+44 2.24268e+44 0 0 0 2.15586e+45 4.64348e+42 0 0 1
1910.95 1.69067e+44 1.69067e+44 1.70095e+44 1.70095e+44 1.70095e+44 0 0 0 1.85683e+45 4.64348e+42 0 0 1
2206.73 1.28012e+44 1.28012e+44 1.28912e+44 1.28912e+44 1.28912e+44 0 0 0 1.59794e+45 4.64348e+42 0 0 1
2548.3 9.68604e+43 9.68604e+43 9.76466e+43 9.76466e+43 9.76466e+43 0 0 0 1.37382e+45 4.64348e+42 0 0 1
2942.73 7.32524e+43 7.32524e+43 7.39393e+43 7.39393e+43 7.39393e+43 0 0 0 1.17982e+45 4.64348e+42 0 0 1
3398.21 5.538e+43 5.538e+43 5.59802e+43 5.59802e+43 5.59802e+43 0 0 0 1.01191e+45 4.64348e+42 0 0 1
3924.19 4.18608e+43 4.18608e+43 4.23851e+43 4.23851e+43 4.23851e+43 0 0 0 8.66604e+44 4.64348e+42 0 0 1
4531.58 3.16399e+43 3.16399e+43 3.2098e+43 3.2098e+43 3.2098e+43 0 0 0 7.40896e+44 4.64348e+42 0 0 1
5232.99 2.39478e+43 2.39478e+43 2.43318e+43 2.43318e+43 2.43318e+43 0 0 0 6.33036e+44 4.64348e+42 0 0 1
6042.96 1.81098e+43 1.81098e+43 1.84435e+43 1.84435e+43 1.84435e+43 0 0 0 5.39147e+44 4.64348e+42 0 0 1
6978.31 1.36975e+43 1.36975e+43 1.39871e+43 1.39871e+43 1.39871e+43 0 0 0 4.5804e+44 4.64348e+42 0 0 1
8058.42 1.03617e+43 1.03617e+43 1.0613e+43 1.0613e+43 1.0613e+43 0 0 0 3.88025e+44 4.64348e+42 0 0 1
9305.72 7.83915e+42 7.83915e+42 8.05689e+42 8.05689e+42 8.05689e+42 0 0 0 3.27642e+44 4.64348e+42 0 0 1
10746.1 5.93079e+42 5.93079e+42 6.11926e+42 6.11926e+42 6.11926e+42 0 0 0 2.75626e+44 4.64348e+42 0 0 1
12409.4 4.48657e+42 4.48657e+42 4.64947e+42 4.64947e+42 4.64947e+42 0 0 0 2.30884e+44 4.64348e+42 0 0 1
14330.1 3.39324e+42 3.39324e+42 3.53379e+42 3.53379e+42 3.53379e+42 0 0 0 1.9247e+44 4.64348e+42 0 0 1
16548.2 2.56536e+42 2.56536e+42 2.68635e+42 2.68635e+42 2.68635e+42 0 0 0 1.59565e+44 4.64348e+42 0 0 1
19109.5 1.93839e+42 1.93839e+42 2.04228e+42 2.04228e+42 2.04228e+42 0 0 0 1.3146e+44 4.64348e+42 0 0 1
22067.3 1.46359e+42 1.46359e+42 1.55253e+42 1.55253e+42 1.55253e+42 0 0 0 1.07538e+44 4.64348e+42 0 0 1
25483 1.10411e+42 1.10411e+42 1.17997e+42 1.17997e+42 1.17997e+42 0 0 0 8.72636e+43 4.64348e+42 0 0 1
29427.3 8.32048e+41 8.32048e+41 8.96505e+41 8.96505e+41 8.96505e+41 0 0 0 7.01691e+43 4.64348e+42 0 0 1
33982.1 6.26282e+41 6.26282e+41 6.80801e+41 6.80801e+41 6.80801e+41 0 0 0 5.58448e+43 4.64348e+42 0 0 1
39241.9 4.70795e+41 4.70795e+41 5.16678e+41 5.16678e+41 5.16678e+41 0 0 0 4.393e+43 4.64348e+42 0 0 1
45315.8 3.53432e+41 3.53432e+41 3.91836e+41 3.91836e+41 3.91836e+41 0 0 0 3.41054e+43 4.64348e+42 0 0 1
52329.9 2.64962e+41 2.64962e+41 2.96916e+41 2.96916e+41 2.96916e+41 0 0 0 2.6087e+43 4.64348e+42 0 0 1
60429.6 1.98371e+41 1.98371e+41 2.24792e+41 2.24792e+41 2.24792e+41 0 0 0 1.96208e+43 4.64348e+42 0 0 1
69783.1 1.4833e+41 1.4833e+41 1.70031e+41 1.70031e+41 1.70031e+41 0 0 0 1.44787e+43 4.64348e+42 0 0 1
80584.2 1.10789e+41 1.10789e+41 1.28489e+41 1.28489e+41 1.28489e+41 0 0 0 1.04555e+43 4.64348e+42 0 0 1
93057.2 8.26711e+40 8.26711e+40 9.70062e+40 9.70062e+40 9.70062e+40 0 0 0 7.36656e+42 4.64348e+42 0 0 1
107461 6.1645e+40 6.1645e+40 7.31706e+40 7.31706e+40 7.31706e+40 0 0 0 5.04638e+42 4.64348e+42 0 0 1
124094 4.59439e+40 4.59439e+40 5.51434e+40 5.51434e+40 5.51434e+40 0 0 0 3.34754e+42 4.64348e+42 0 0 1
143301 3.42332e+40 3.42332e+40 4.15229e+40 4.15229e+40 4.15229e+40 0 0 0 2.14011e+42 4.64348e+42 0 0 1
165482 2.55065e+40 2.55065e+40 3.1242e+40 3.1242e+40 3.1242e+40 0 0 0 1.31126e+42 4.64348e+42 0 0 1
191095 1.90076e+40 1.90076e+40 2.34889e+40 2.34889e+40 2.34889e+40 0 0 0 7.64973e+41 4.64348e+42 0 0 1
220673 1.41693e+40 1.41693e+40 1.76472e+40 1.76472e+40 1.76472e+40 0 0 0 4.21691e+41 4.64348e+42 0 0 1
254830 1.05675e+40 1.05675e+40 1.32493e+40 1.32493e+40 1.32493e+40 0 0 0 2.17703e+41 4.64348e+42 0 0 1
294273 7.88579e+39 7.88579e+39 9.9409e+39 9.9409e+39 9.9409e+39 0 0 0 1.04173e+41 4.64348e+42 0 0 1
339821 5.88846e+39 5.88846e+39 7.45403e+39 7.45403e+39 7.45403e+39 0 0 0 4.56503e+40 4.64348e+42 0 0 1
392419 4.40019e+39 4.40019e+39 5.58607e+39 5.58607e+39 5.58607e+39 0 0 0 1.80665e+40 4.64348e+42 0 0 1
453158 3.29063e+39 3.29063e+39 4.18402e+39 4.18402e+39 4.18402e+39 0 0 0 6.35389e+39 4.64348e+42 0 0 1
523299 2.46291e+39 2.46291e+39 3.13243e+39 3.13243e+39 3.13243e+39 2.40793e+31 7.56271e+35 0 1.94913e+39 4.64348e+42 0 0 1
604296 1.84503e+39 1.84503e+39 2.34422e+39 2.34422e+39 2.34422e+39 3.74287e+31 7.59475e+35 0 5.10407e+38 4.64348e+42 0 0 1
697831 1.38344e+39 1.38344e+39 1.75379e+39 1.75379e+39 1.75379e+39 5.07782e+31 7.62679e+35 0 1.11289e+38 4.64348e+42 0 0 1
805842 1.03832e+39 1.03832e+39 1.31175e+39 1.31175e+39 1.31175e+39 6.41276e+31 7.65884e+35 0 1.96312e+37 4.64348e+42 0 0 1
930572 7.80056e+38 7.80056e+38 9.80953e+38 9.80953e+38 9.80953e+38 7.74771e+31 7.69088e+35 0 2.71002e+36 4.64348e+42 0 0 1
1.07461e+06 5.86586e+38 5.86586e+38 7.33491e+38 7.33491e+38 7.33491e+38 9.84557e+31 7.72873e+35 0 2.81742e+35 4.64348e+42 0 0 1
1.24094e+06 4.41493e+38 4.41493e+38 5.48413e+38 5.48413e+38 5.48413e+38 1.32708e+32 7.73795e+35 0 2.11019e+34 4.64348e+42 0 0 1
1.43301e+06 3.32544e+38 3.32544e+38 4.10007e+38 4.10007e+38 4.10007e+38 1.7799e+32 7.74968e+35 0 1.08175e+33 4.64348e+42 0 0 1
1.65482e+06 2.5063e+38 2.5063e+38 3.06508e+38 3.06508e+38 3.06508e+38 2.38071e+32 7.76475e+35 0 3.57746e+31 4.64348e+42 0 0 1
1.91095e+06 1.88973e+38 1.88973e+38 2.29113e+38 2.29113e+38 2.29113e+38 3.24364e+32 7.78564e+35 0 7.12842e+29 4.64348e+42 0 0 1
2.20673e+06 1.42516e+38 1.42516e+38 1.71238e+38 1.71238e+38 1.71238e+38 4.35426e+32 7.81268e+35 0 7.90944e+27 4.64348e+42 0 0 1
2.5483e+06 1.07486e+38 1.07486e+38 1.2796e+38 1.2796e+38 1.2796e+38 5.81841e+32 7.84821e+35 0 4.46182e+25 4.64348e+42 0 0 1
2.94273e+06 8.10548e+37 8.10548e+37 9.55985e+37 9.55985e+37 9.55985e+37 7.76886e+32 7.89497e+35 0 1.15207e+23 4.64348e+42 0 0 1
3.39821e+06 6.11048e+37 6.11048e+37 7.14024e+37 7.14024e+37 7.14024e+37 1.05944e+33 7.96085e+35 0 1.20612e+20 4.64348e+42 0 0 1
3.92419e+06 4.60441e+37 4.60441e+37 5.33135e+37 5.33135e+37 5.33135e+37 1.42979e+33 8.04726e+35 0 4.45107e+16 4.64348e+42 0 0 1
4.53158e+06 3.46749e+37 3.46749e+37 3.9793e+37 3.9793e+37 3.9793e+37 1.93145e+33 8.16008e+35 0 4.92651e+12 4.64348e+42 0 0 1
5.23299e+06 2.60947e+37 2.60947e+37 2.96898e+37 2.96898e+37 2.96898e+37 2.60428e+33 8.3053e+35 0 1.3571e+08 4.64348e+42 0 0 1
6.04296e+06 1.96222e+37 1.96222e+37 2.21428e+37 2.21428e+37 2.21428e+37 3.56328e+33 8.50398e+35 0 750.179 4.64348e+42 0 0 1
6.97831e+06 1.47428e+37 1.47428e+37 1.65074e+37 1.65074e+37 1.65074e+37 4.81216e+33 8.73984e+35 0 0.000648966 4.64348e+42 0 0 1
8.05842e+06 1.10673e+37 1.10673e+37 1.23015e+37 1.23015e+37 1.23015e+37 6.45609e+33 9.02265e+35 0 6.59352e-11 4.64348e+42 0 0 1
9.30572e+06 8.30136e+36 8.30136e+36 9.1643e+36 9.1643e+36 9.1643e+36 8.6548e+33 9.34325e+35 0 5.64809e-19 4.64348e+42 0 0 1
1.07461e+07 6.2224e+36 6.2224e+36 6.82591e+36 6.82591e+36 6.82591e+36 1.16785e+34 9.7394e+35 0 2.78201e-28 4.64348e+42 0 0 1
1.24094e+07 4.66177e+36 4.66177e+36 5.08425e+36 5.08425e+36 5.08425e+36 1.54283e+34 1.01266e+36 0 5.06475e-39 4.64348e+42 0 0 1
1.43301e+07 3.49201e+36 3.49201e+36 3.78832e+36 3.78832e+36 3.78832e+36 1.9986e+34 1.05085e+36 0 2.04582e-51 4.64348e+42 0 0 1
1.65482e+07 2.61677e+36 2.61677e+36 2.8252e+36 2.8252e+36 2.8252e+36 2.53906e+34 1.08659e+36 0 1.01709e-65 4.64348e+42 0 0 1
1.91095e+07 1.96348e+36 1.96348e+36 2.11073e+36 2.11073e+36 2.11073e+36 3.19252e+34 1.11748e+36 0 3.15137e-82 4.64348e+42 0 0 1
2.20673e+07 1.47657e+36 1.47657e+36 1.5812e+36 1.5812e+36 1.5812e+36 3.88528e+34 1.14414e+36 0 2.77335e-101 4.64348e+42 0 0 1
2.5483e+07 1.11478e+36 1.11478e+36 1.1897e+36 1.1897e+36 1.1897e+36 4.63861e+34 1.16289e+36 0 2.79755e-123 4.64348e+42 0 0 1
2.94273e+07 8.464e+35 8.464e+35 9.00584e+35 9.00584e+35 9.00584e+35 5.39354e+34 1.16318e+36 0 1.13427e-148 4.64348e+42 0 0 1
3.39821e+07 6.47837e+35 6.47837e+35 6.87521e+35 6.87521e+35 6.87521e+35 6.13779e+34 1.14171e+36 0 5.51166e-178 4.64348e+42 0 0 1
3.92419e+07 5.00526e+35 5.00526e+35 5.30002e+35 5.30002e+35 5.30002e+35 6.76401e+34 1.09796e+36 0 7.93569e-212 4.64348e+42 0 0 1
4.53158e+07 3.9155e+35 3.9155e+35 4.13827e+35 4.13827e+35 4.13827e+35 7.30974e+34 1.03968e+36 0 6.74212e-251 4.64348e+42 0 0 1
5.23299e+07 3.10696e+35 3.10696e+35 3.27859e+35 3.27859e+35 3.27859e+35 7.74111e+34 9.72617e+35 0 0 4.64348e+42 0 0 1
6.04296e+07 2.49945e+35 2.49945e+35 2.63415e+35 2.63415e+35 2.63415e+35 7.989e+34 8.90234e+35 0 0 4.64348e+42 0 0 1
6.97831e+07 2.03582e+35 2.03582e+35 2.14337e+35 2.14337e+35 2.14337e+35 8.03374e+34 7.94576e+35 0 0 4.64348e+42 0 0 1
8.05842e+07 1.67626e+35 1.67626e+35 1.76348e+35 1.76348e+35 1.76348e+35 7.89334e+34 6.87293e+35 0 0 4.64348e+42 0 0 1
9.30572e+07 1.39044e+35 1.39044e+35 1.46201e+35 1.46201e+35 1.46201e+35 7.57285e+34 5.72201e+35 0 0 4.64348e+42 0 0 1
1.07461e+08 1.15554e+35 1.15554e+35 1.21462e+35 1.21462e+35 1.21462e+35 7.073e+34 4.55311e+35 0 0 4.64348e+42 42.3701 0 1
1.24094e+08 9.63353e+34 9.63353e+34 1.01245e+35 1.01245e+35 1.01245e+35 6.49572e+34 3.56667e+35 0 0 4.64348e+42 37.2228 0 1
1.43301e+08 8.00738e+34 8.00738e+34 8.41571e+34 8.41571e+34 8.41571e+34 5.83524e+34 2.74053e+35 0 0 4.64348e+42 32.7009 0 1
1.65482e+08 6.60054e+34 6.60054e+34 6.93836e+34 6.93836e+34 6.93836e+34 5.1117e+34 2.07036e+35 0 0 4.64348e+42 28.7283 0 1
1.91095e+08 5.33019e+34 5.33019e+34 5.60475e+34 5.60475e+34 5.60475e+34 4.30964e+34 1.51705e+35 0 0 4.64348e+42 25.2383 0 1
2.20673e+08 4.27922e+34 4.27922e+34 4.50161e+34 4.50161e+34 4.50161e+34 3.58669e+34 1.12258e+35 0 0 4.64348e+42 22.1722 0 1
2.5483e+08 3.39046e+34 3.39046e+34 3.56863e+34 3.56863e+34 3.56863e+34 2.9215e+34 8.21785e+34 0 0 4.64348e+42 19.4787 0 1
2.94273e+08 2.64686e+34 2.64686e+34 2.78777e+34 2.78777e+34 2.78777e+34 2.32803e+34 5.95214e+34 0 0 4.64348e+42 17.1123 0 1
3.39821e+08 2.01155e+34 2.01155e+34 2.12021e+34 2.12021e+34 2.12021e+34 1.78817e+34 4.22766e+34 0 0 4.64348e+42 15.6967 0 1
3.92419e+08 1.52752e+34 1.52752e+34 1.61135e+34 1.61135e+34 1.61135e+34 1.37183e+34 3.06758e+34 0 0 4.64348e+42 15.0335 0 1
4.53158e+08 1.14688e+34 1.14688e+34 1.2109e+34 1.2109e+34 1.2109e+34 1.03674e+34 2.21807e+34 0 0 4.64348e+42 14.3982 0 1
5.23299e+08 8.49107e+33 8.49107e+33 8.97362e+33 8.97362e+33 8.97362e+33 7.69267e+33 1.59856e+34 0 0 4.64348e+42 13.7898 0 1
6.04296e+08 6.23672e+33 6.23672e+33 6.59785e+33 6.59785e+33 6.59785e+33 5.64936e+33 1.13993e+34 0 0 4.64348e+42 13.2072 0 1
6.97831e+08 4.63814e+33 4.63814e+33 4.91194e+33 4.91194e+33 4.91194e+33 4.21832e+33 8.31117e+33 0 0 4.64348e+42 12.6491 0 1
8.05842e+08 3.43487e+33 3.43487e+33 3.64168e+33 3.64168e+33 3.64168e+33 3.13316e+33 6.05091e+33 0 0 4.64348e+42 12.1146 0 1
9.30572e+08 2.52979e+33 2.52979e+33 2.68519e+33 2.68519e+33 2.68519e+33 2.31098e+33 4.39526e+33 0 0 4.64348e+42 11.6027 0 1
1.07461e+09 1.84361e+33 1.84361e+33 1.95919e+33 1.95919e+33 1.95919e+33 1.68143e+33 3.14606e+33 0 0 4.64348e+42 11.6445 0 1
1.24094e+09 1.36714e+33 1.36714e+33 1.45463e+33 1.45463e+33 1.45463e+33 1.25275e+33 2.3057e+33 0 0 4.64348e+42 12.2461 0 1
1.43301e+09 1.01457e+33 1.01457e+33 1.08085e+33 1.08085e+33 1.08085e+33 9.34964e+32 1.68506e+33 0 0 4.64348e+42 12.8787 0 1
1.65482e+09 7.50485e+32 7.50485e+32 8.00528e+32 8.00528e+32 8.00528e+32 6.95389e+32 1.22756e+33 0 0 4.64348e+42 13.544 0 1
1.91095e+09 5.49388e+32 5.49388e+32 5.86782e+32 5.86782e+32 5.86782e+32 5.10634e+32 8.78944e+32 0 0 4.64348e+42 14.2437 0 1
2.20673e+09 4.08413e+32 4.08413e+32 4.36786e+32 4.36786e+32 4.36786e+32 3.83209e+32 6.453e+32 0 0 4.64348e+42 14.9795 0 1
2.5483e+09 3.0259e+32 3.0259e+32 3.24044e+32 3.24044e+32 3.24044e+32 2.86702e+32 4.72346e+32 0 0 4.64348e+42 15.7533 0 1
2.94273e+09 2.23075e+32 2.23075e+32 2.39214e+32 2.39214e+32 2.39214e+32 2.1344e+32 3.44561e+32 0 0 4.64348e+42 16.5671 0 1
3.39821e+09 1.61893e+32 1.61893e+32 1.73843e+32 1.73843e+32 1.73843e+32 1.55937e+32 2.46997e+32 0 0 4.64348e+42 17.423 0 1
3.92419e+09 1.19427e+32 1.19427e+32 1.28419e+32 1.28419e+32 1.28419e+32 1.16627e+32 1.81352e+32 0 0 4.64348e+42 18.323 0 1
4.53158e+09 8.77396e+31 8.77396e+31 9.44768e+31 9.44768e+31 9.44768e+31 8.69259e+31 1.32641e+32 0 0 4.64348e+42 19.2696 0 1
5.23299e+09 6.41867e+31 6.41867e+31 6.9212e+31 6.9212e+31 6.9212e+31 6.45582e+31 9.65873e+31 0 0 4.64348e+42 20.265 0 1
6.04296e+09 4.61165e+31 4.61165e+31 4.9797e+31 4.9797e+31 4.9797e+31 4.69403e+31 6.91651e+31 0 0 4.64348e+42 21.3119 0 1
6.97831e+09 3.37639e+31 3.37639e+31 3.65102e+31 3.65102e+31 3.65102e+31 3.50292e+31 5.06846e+31 0 0 4.64348e+42 22.4128 0 1
8.05842e+09 2.46217e+31 2.46217e+31 2.66622e+31 2.66622e+31 2.66622e+31 2.60502e+31 3.70299e+31 0 0 4.64348e+42 23.5707 0 1
9.30572e+09 1.7837e+31 1.7837e+31 1.9343e+31 1.9343e+31 1.9343e+31 1.92454e+31 2.69704e+31 0 0 4.64348e+42 24.7883 0 1
1.07461e+10 1.27045e+31 1.27045e+31 1.37989e+31 1.37989e+31 1.37989e+31 1.3955e+31 1.93603e+31 0 0 4.64348e+42 27.8129 0 1
1.24094e+10 9.14893e+30 9.14893e+30 9.96339e+30 9.96339e+30 9.96339e+30 1.03253e+31 1.42268e+31 0 0 4.64348e+42 33.2945 0 1
1.43301e+10 6.40346e+30 6.40346e+30 7.03577e+30 7.03577e+30 7.03577e+30 7.5906e+30 1.0426e+31 0 0 4.64348e+42 39.8563 0 1
1.65482e+10 4.07214e+30 4.07214e+30 4.64171e+30 4.64171e+30 4.64171e+30 5.56193e+30 7.61522e+30 0 0 4.64348e+42 47.7114 0 1
1.91095e+10 1.93735e+30 1.93735e+30 2.52609e+30 2.52609e+30 2.52609e+30 3.99425e+30 5.46303e+30 0 0 4.64348e+42 57.1146 0 1
2.20673e+10 5.46691e+29 5.46691e+29 1.07514e+30 1.07514e+30 1.07514e+30 2.93749e+30 4.0147e+30 0 0 4.64348e+42 68.371 34.7254 1
2.5483e+10 6.68035e+28 6.68035e+28 3.78596e+29 3.78596e+29 3.78596e+29 2.1525e+30 2.93968e+30 0 0 4.64348e+42 81.8459 22.9578 1
2.94273e+10 2.18526e+27 2.18526e+27 1.28418e+29 1.28418e+29 1.28418e+29 1.57213e+30 2.14435e+30 0 0 4.64348e+42 97.9765 15.5417 1
3.39821e+10 8.37459e+24 8.37459e+24 4.51019e+28 4.51019e+28 4.51019e+28 1.12503e+30 1.53348e+30 0 0 4.64348e+42 117.286 10.7604 1
3.92419e+10 1.39517e+21 1.39517e+21 1.75881e+28 1.75881e+28 1.75881e+28 8.28059e+29 1.12627e+30 0 0 4.64348e+42 140.402 7.61059 1
4.53158e+10 3.55306e+15 3.55306e+15 7.43768e+27 7.43768e+27 7.43768e+27 6.07975e+29 8.24958e+29 0 0 4.64348e+42 168.073 5.49245 1
5.23299e+10 6.57713e+07 6.57713e+07 3.39242e+27 3.39242e+27 3.39242e+27 4.45563e+29 6.02414e+29 0 0 4.64348e+42 201.197 4.04008 1
6.04296e+10 0.00673945 0.00673945 1.63152e+27 1.63152e+27 1.63152e+27 3.20693e+29 4.3118e+29 0 0 4.64348e+42 240.85 3.02568 1
6.97831e+10 5.55236e-15 5.55236e-15 8.54571e+26 8.54571e+26 8.54571e+26 2.37241e+29 3.1736e+29 0 0 4.64348e+42 288.318 2.3047 1
8.05842e+10 8.82069e-29 8.82069e-29 4.7092e+26 4.7092e+26 4.7092e+26 1.74991e+29 2.32997e+29 0 0 4.64348e+42 345.141 1.78376 1
9.30572e+10 1.0357e-43 1.0357e-43 2.71135e+26 2.71135e+26 2.71135e+26 1.28691e+29 1.70534e+29 0 0 4.64348e+42 413.164 1.40144 1
1.07461e+11 4.36861e-59 4.36861e-59 1.59511e+26 1.59511e+26 1.59511e+26 9.27086e+28 1.2221e+29 0 0 4.64348e+42 494.592 1.11671 1
1.24094e+11 3.59743e-74 3.59743e-74 9.95434e+25 9.95434e+25 9.95434e+25 6.85226e+28 9.00506e+28 0 0 4.64348e+42 592.069 0.901709 1
1.43301e+11 2.59383e-88 2.59383e-88 6.38609e+25 6.38609e+25 6.38609e+25 5.04566e+28 6.61559e+28 0 0 4.64348e+42 708.756 0.737233 1
1.65482e+11 5.87272e-101 5.87272e-101 4.19378e+25 4.19378e+25 4.19378e+25 3.69977e+28 4.84298e+28 0 0 4.64348e+42 848.442 0.609868 1
1.91095e+11 1.0668e-111 1.0668e-111 2.76481e+25 2.76481e+25 2.76481e+25 2.6557e+28 3.46826e+28 0 0 4.64348e+42 1015.66 0.510106 1
2.20673e+11 2.98585e-120 2.98585e-120 1.90871e+25 1.90871e+25 1.90871e+25 1.95739e+28 2.55429e+28 0 0 4.64348e+42 1215.83 0.431129 1
2.5483e+11 1.65036e-126 1.65036e-126 1.33824e+25 1.33824e+25 1.33824e+25 1.43766e+28 1.87527e+28 0 0 4.64348e+42 1455.45 0.367983 1
2.94273e+11 1.778e-130 1.778e-130 9.50771e+24 9.50771e+24 9.50771e+24 1.05215e+28 1.37177e+28 0 0 4.64348e+42 1742.3 0.317029 1
3.39821e+11 2.87083e-132 2.87083e-132 6.71938e+24 6.71938e+24 6.71938e+24 7.54146e+27 9.81307e+27 0 0 4.64348e+42 0 0.275565 1
3.92419e+11 4.78652e-132 4.78652e-132 4.93823e+24 4.93823e+24 4.93823e+24 5.55406e+27 7.22116e+27 0 0 4.64348e+42 0 0.241562 1
4.53158e+11 4.69867e-130 4.69867e-130 3.65996e+24 3.65996e+24 3.65996e+24 4.0766e+27 5.29674e+27 0 0 4.64348e+42 0 0.213483 1
5.23299e+11 1.49751e-126 1.49751e-126 2.73148e+24 2.73148e+24 2.73148e+24 2.98154e+27 3.87075e+27 0 0 4.64348e+42 0 0.190154 1
6.04296e+11 8.23439e-122 8.23439e-122 2.01521e+24 2.01521e+24 2.01521e+24 2.13469e+27 2.76532e+27 0 0 4.64348e+42 0 0.170669 1
6.97831e+11 4.48679e-116 4.48679e-116 1.5395e+24 1.5395e+24 1.5395e+24 1.57087e+27 2.03266e+27 0 0 4.64348e+42 0 0.154323 1
8.05842e+11 1.33587e-109 1.33587e-109 1.18072e+24 1.18072e+24 1.18072e+24 1.15201e+27 1.48915e+27 0 0 4.64348e+42 0 0.140565 1
9.30572e+11 1.30073e-102 1.30073e-102 9.08194e+23 9.08194e+23 9.08194e+23 8.41799e+26 1.08679e+27 0 0 4.64348e+42 0 0.12896 1
1.07461e+12 2.58845e-95 2.58845e-95 6.87677e+23 6.87677e+23 6.87677e+23 6.01886e+26 7.75085e+26 0 0 4.64348e+42 0 0.119166 1
1.24094e+12 7.49637e-88 7.49637e-88 5.37685e+23 5.37685e+23 5.37685e+23 4.42441e+26 5.68876e+26 0 0 4.64348e+42 0 0.110908 1
1.43301e+12 2.2148e-80 2.2148e-80 4.20744e+23 4.20744e+23 4.20744e+23 3.24097e+26 4.16081e+26 0 0 4.64348e+42 0 0.103969 1
1.65482e+12 5.12259e-73 5.1226e-73 3.29208e+23 3.29208e+23 3.29208e+23 2.36529e+26 3.03105e+26 0 0 4.64348e+42 0 0.098177 1
1.91095e+12 7.3858e-66 7.38581e-66 2.52737e+23 2.52737e+23 2.52737e+23 1.68832e+26 2.15674e+26 0 0 4.64348e+42 0 0.0933933 1
2.20673e+12 5.94204e-59 5.94204e-59 1.99897e+23 1.99897e+23 1.99897e+23 1.23927e+26 1.57967e+26 0 0 4.64348e+42 0 0.0895108 1
2.5483e+12 2.29953e-52 2.29953e-52 1.57781e+23 1.57781e+23 1.57781e+23 9.06356e+25 1.15275e+26 0 0 4.64348e+42 0 0.0864461 1
2.94273e+12 3.9485e-46 3.9485e-46 1.24164e+23 1.24164e+23 1.24164e+23 6.60346e+25 8.37654e+25 0 0 4.64348e+42 0 0.0841374 1
3.39821e+12 2.8085e-40 2.80851e-40 9.55235e+22 9.55235e+22 9.55235e+22 4.70279e+25 5.94132e+25 0 0 4.64348e+42 0 0.082541 1
3.92419e+12 8.48971e-35 8.48972e-35 7.5503e+22 7.5503e+22 7.5503e+22 3.4451e+25 4.33915e+25 0 0 4.64348e+42 0 0.08163 1
4.53158e+12 1.05125e-29 1.05125e-29 5.9338e+22 5.9338e+22 5.9338e+22 2.51416e+25 3.15647e+25 0 0 4.64348e+42 0 0.0813928 1
5.23299e+12 5.38684e-25 5.38685e-25 4.63058e+22 4.63058e+22 4.63058e+22 1.82741e+25 2.28568e+25 0 0 4.64348e+42 0 0.0818329 1
6.04296e+12 1.1454e-20 1.1454e-20 3.51502e+22 3.51502e+22 3.51502e+22 1.29739e+25 1.61399e+25 0 0 4.64348e+42 0 0.0829683 1
6.97831e+12 1.09744e-16 1.09744e-16 2.72977e+22 2.72977e+22 2.72977e+22 9.47793e+24 1.17403e+25 0 0 4.64348e+42 0 0.0848322 1
8.05842e+12 4.75844e-13 4.75844e-13 2.09674e+22 2.09674e+22 2.09674e+22 6.89588e+24 8.50281e+24 0 0 4.64348e+42 0 0.0874729 1
9.30572e+12 9.72298e-10 9.72299e-10 1.5903e+22 1.5903e+22 1.5903e+22 4.99557e+24 6.12727e+24 0 0 4.64348e+42 0 0.0909553 1
1.07461e+13 9.58145e-07 9.58146e-07 1.16583e+22 1.16583e+22 1.16583e+22 3.5313e+24 4.29976e+24 0 0 4.64348e+42 0 0.0953611 1
1.24094e+13 0.000502177 0.000502177 8.70389e+21 8.70389e+21 8.70389e+21 2.5698e+24 3.11031e+24 0 0 4.64348e+42 0 0.10079 1
1.43301e+13 0.141599 0.141599 6.39541e+21 6.39541e+21 6.39541e+21 1.86181e+24 2.23889e+24 0 0 4.64348e+42 0 0.10736 1
1.65482e+13 22.4494 22.4494 4.62117e+21 4.62117e+21 4.62117e+21 1.34244e+24 1.60254e+24 0 0 4.64348e+42 0 0.115206 1
1.91095e+13 2046.79 2046.8 3.2152e+21 3.2152e+21 3.2152e+21 9.43238e+23 1.11485e+24 0 0 4.64348e+42 0 0.12448 1
2.20673e+13 118323 118324 2.27749e+21 2.27749e+21 2.27749e+21 6.82707e+23 8.00259e+23 0 0 4.64348e+42 0 0.135345 1
2.5483e+13 4.36326e+06 4.36327e+06 1.58788e+21 1.58788e+21 1.58788e+21 4.91687e+23 5.71212e+23 0 0 4.64348e+42 0 0.147968 1
2.94273e+13 1.06638e+08 1.06638e+08 1.09039e+21 1.09039e+21 1.09039e+21 3.52222e+23 4.05094e+23 0 0 4.64348e+42 0 0.162507 1
3.39821e+13 1.75182e+09 1.75183e+09 7.2202e+20 7.2202e+20 7.2202e+20 2.45393e+23 2.78442e+23 0 0 4.64348e+42 0 0.179093 1
3.92419e+13 2.12208e+10 2.1221e+10 4.89403e+20 4.89403e+20 4.89403e+20 1.76283e+23 1.97775e+23 0 0 4.64348e+42 0 0.197804 1
4.53158e+13 1.88725e+11 1.88727e+11 3.27929e+20 3.27929e+20 3.27929e+20 1.25918e+23 1.39553e+23 0 0 4.64348e+42 0 0.218621 1
5.23299e+13 1.26852e+12 1.26854e+12 2.174e+20 2.174e+20 2.174e+20 8.93892e+22 9.77282e+22 0 0 4.64348e+42 0 0.241387 1
6.04296e+13 6.46215e+12 6.46226e+12 1.3933e+20 1.3933e+20 1.3933e+20 6.15474e+22 6.60709e+22 0 0 4.64348e+42 0 0.265741 1
6.97831e+13 2.72296e+13 2.72302e+13 9.19985e+19 9.19985e+19 9.19985e+19 4.37575e+22 4.62632e+22 0 0 4.64348e+42 0 0.291055 1
8.05842e+13 9.3402e+13 9.34044e+13 6.02667e+19 6.02667e+19 6.02667e+19 3.09031e+22 3.21394e+22 0 0 4.64348e+42 0 0.316368 1
9.30572e+13 2.66091e+14 2.66099e+14 3.91764e+19 3.91764e+19 3.91764e+19 2.16669e+22 2.21266e+22 0 0 4.64348e+42 0 0.340344 1
1.07461e+14 6.24281e+14 6.24306e+14 2.46091e+19 2.46091e+19 2.46091e+19 1.46764e+22 1.46236e+22 0 0 4.64348e+42 0 0 1
1.24094e+14 1.31396e+15 1.31403e+15 1.60084e+19 1.60084e+19 1.60084e+19 1.02872e+22 1.00442e+22 0 0 4.64348e+42 0 0 1
1.43301e+14 2.41527e+15 2.41551e+15 1.03435e+19 1.03435e+19 1.03435e+19 7.15332e+21 6.83321e+21 0 0 4.64348e+42 0 0 1
1.65482e+14 3.92799e+15 3.9288e+15 6.63538e+18 6.63538e+18 6.63538e+18 4.9308e+21 4.59785e+21 0 0 4.64348e+42 0 0 1
1.91095e+14 5.54603e+15 5.54842e+15 4.09721e+18 4.09721e+18 4.09721e+18 3.26541e+21 2.946e+21 0 0 4.64348e+42 0 0 1
2.20673e+14 7.42758e+15 7.43384e+15 2.63183e+18 2.63183e+18 2.63183e+18 2.24494e+21 1.9719e+21 0 0 4.64348e+42 0 0 1
2.5483e+14 9.0908e+15 9.10472e+15 1.67791e+18 1.67791e+18 1.67791e+18 1.52839e+21 1.30442e+21 0 0 4.64348e+42 0 0 1
2.94273e+14 1.02496e+16 1.02759e+16 1.06088e+18 1.06088e+18 1.06088e+18 1.02947e+21 8.51251e+20 0 0 4.64348e+42 0 0 1
3.39821e+14 1.03355e+16 1.03769e+16 6.40752e+17 6.40752e+17 6.40752e+17 6.60761e+20 5.22718e+20 0 0 4.64348e+42 0 0 1
3.92419e+14 1.02791e+16 1.03392e+16 4.04777e+17 4.04777e+17 4.04777e+17 4.42463e+20 3.38016e+20 0 0 4.64348e+42 0 0 1
4.53158e+14 9.60941e+15 9.68686e+15 2.53263e+17 2.53263e+17 2.53263e+17 2.92698e+20 2.15389e+20 0 0 4.64348e+42 0 0 1
5.23299e+14 8.48344e+15 8.57305e+15 1.56766e+17 1.56766e+17 1.56766e+17 1.91055e+20 1.34937e+20 0 0 4.64348e+42 0 0 1
6.04296e+14 6.78286e+15 6.87269e+15 9.15832e+16 9.15832e+16 9.15832e+16 1.17394e+20 7.81374e+19 0 0 4.64348e+42 0 0 1
6.97831e+14 5.51124e+15 5.5993e+15 5.63963e+16 5.63963e+16 5.63963e+16 7.58372e+19 4.82516e+19 0 0 4.64348e+42 0 0 1
8.05842e+14 4.27984e+15 4.35959e+15 3.42827e+16 3.42827e+16 3.42827e+16 4.82377e+19 2.92505e+19 0 0 4.64348e+42 0 0 1
9.30572e+14 3.18361e+15 3.25078e+15 2.05413e+16 2.05413e+16 2.05413e+16 3.01657e+19 1.7355e+19 0 0 4.64348e+42 0 0 1
1.07461e+15 2.13868e+15 2.18845e+15 1.13993e+16 1.13993e+16 1.13993e+16 1.74279e+19 9.26022e+18 0 0 4.64348e+42 0 0 1
1.24094e+15 1.49919e+15 1.5368e+15 6.74983e+15 6.74983e+15 6.74983e+15 1.07168e+19 5.37683e+18 0 0 4.64348e+42 0 0 1
1.43301e+15 1.01237e+15 1.03919e+15 3.92662e+15 3.92662e+15 3.92662e+15 6.45868e+18 3.04993e+18 0 0 4.64348e+42 0 0 1
1.65482e+15 6.58843e+14 6.76955e+14 2.24e+15 2.24e+15 2.24e+15 3.80795e+18 1.68336e+18 0 0 4.64348e+42 0 0 1
1.91095e+15 3.79539e+14 3.90194e+14 1.1486e+15 1.1486e+15 1.1486e+15 2.01334e+18 8.00145e+17 0 0 4.64348e+42 0 0 1
2.20673e+15 2.3479e+14 2.41426e+14 6.41095e+14 6.41095e+14 6.41095e+14 1.15608e+18 4.27829e+17 0 0 4.64348e+42 0 0 1
2.5483e+15 1.40033e+14 1.43968e+14 3.49143e+14 3.49143e+14 3.49143e+14 6.46284e+17 2.22125e+17 0 0 4.64348e+42 0 0 1
2.94273e+15 8.04893e+13 8.27128e+13 1.85199e+14 1.85199e+14 1.85199e+14 3.51135e+17 1.11388e+17 0 0 4.64348e+42 0 0 1
3.39821e+15 3.92105e+13 4.02648e+13 8.40436e+13 8.40436e+13 8.40436e+13 1.62869e+17 4.48304e+16 0 0 4.64348e+42 0 0 1
3.92419e+15 2.13332e+13 2.18866e+13 4.29501e+13 4.29501e+13 4.29501e+13 8.48999e+16 2.14543e+16 0 0 4.64348e+42 0 0 1
4.53158e+15 1.11282e+13 1.14045e+13 2.11998e+13 2.11998e+13 2.11998e+13 4.26599e+16 9.89723e+15 0 0 4.64348e+42 0 0 1
5.23299e+15 5.56657e+12 5.69791e+12 1.01e+13 1.01e+13 1.01e+13 2.06499e+16 4.37029e+15 0 0 4.64348e+42 0 0 1
6.04296e+15 2.17932e+12 2.22787e+12 3.78783e+12 3.78783e+12 3.78783e+12 7.85382e+15 1.3749e+15 0 0 4.64348e+42 0 0 1
6.97831e+15 1.0137e+12 1.0349e+12 1.69643e+12 1.69643e+12 1.69643e+12 3.56068e+15 5.65198e+14 0 0 4.64348e+42 0 0 1
8.05842e+15 4.45861e+11 4.54573e+11 7.21699e+11 7.21699e+11 7.21699e+11 1.53072e+15 2.22177e+14 0 0 4.64348e+42 0 0 1
9.30572e+15 1.86021e+11 1.894e+11 2.92411e+11 2.92411e+11 2.92411e+11 6.25655e+14 8.28734e+13 0 0 4.64348e+42 0 0 1
1.07461e+16 5.30778e+10 5.39707e+10 8.13147e+10 8.13147e+10 8.13147e+10 1.75226e+14 1.77606e+13 0 0 4.64348e+42 0 0 1
1.24094e+16 1.99041e+10 2.0213e+10 2.98122e+10 2.98122e+10 2.98122e+10 6.45984e+13 5.864e+12 0 0 4.64348e+42 0 0 1
1.43301e+16 6.85005e+09 6.94777e+09 1.0059e+10 1.0059e+10 1.0059e+10 2.18834e+13 1.83552e+12 0 0 4.64348e+42 0 0 1
1.65482e+16 2.17039e+09 2.19877e+09 3.13249e+09 3.13249e+09 3.13249e+09 6.83176e+12 5.47199e+11 0 0 4.64348e+42 0 0 1
1.91095e+16 3.86164e+08 3.90778e+08 5.48989e+08 5.48989e+08 5.48989e+08 1.19859e+12 6.31966e+10 0 0 4.64348e+42 0 0 1
2.20673e+16 1.05038e+08 1.06182e+08 1.47375e+08 1.47375e+08 1.47375e+08 3.21658e+11 1.4832e+10 0 0 4.64348e+42 0 0 1
2.5483e+16 2.4743e+07 2.49882e+07 3.43211e+07 3.43211e+07 3.43211e+07 7.47863e+10 3.21265e+09 0 0 4.64348e+42 0 0 1
2.94273e+16 4.89972e+06 4.94379e+06 6.72935e+06 6.72935e+06 6.72935e+06 1.46207e+10 6.77765e+08 0 0 4.64348e+42 0 0 1
3.39821e+16 422163 425603 574856 574856 574856 1.2438e+09 3.20629e+07 0 0 4.64348e+42 0 0 1
3.92419e+16 68101.6 68603.4 92050.9 92050.9 92050.9 1.98109e+08 4.30937e+06 0 0 4.64348e+42 0 0 1
4.53158e+16 8642.11 8699.6 11607.5 11607.5 11607.5 2.48202e+07 484366 0 0 4.64348e+42 0 0 1
5.23299e+16 783.252 787.949 1046.34 1046.34 1046.34 2.22053e+06 52534.1 0 0 4.64348e+42 0 0 1
6.04296e+16 19.7469 19.8534 26.2589 26.2589 26.2589 55248.7 716.435 0 0 4.64348e+42 0 0 1
6.97831e+16 1.24321 1.24924 1.64681 1.64681 1.64681 3431.67 33.2666 0 0 4.64348e+42 0 0 1
8.05842e+16 0.0371302 0.037292 0.0490258 0.0490258 0.0490258 101.09 0.580304 0 0 4.64348e+42 0 0 1
9.30572e+16 0 0 0 0 0 0 0 0 0 4.64348e+42 0 0 1