
1.07461e-07 0 0 6.05899e-116 8.09258e+49 3.28798e+59 0 0 6.9204e+42 0 4.64348e+42 0 0 0
1.24094e-07 0 0 9.34651e-94 9.19608e+49 2.93971e+59 0 0 7.99155e+42 0 4.64348e+42 0 0 0
1.43301e-07 0 0 1.5543e-74 1.04311e+50 2.62354e+59 0 0 9.2285e+42 0 4.64348e+42 0 0 0
1.65482e-07 0 0 6.95983e-58 1.18083e+50 2.33666e+59 0 0 1.06569e+43 0 4.64348e+42 0 0 0
1.91095e-07 0 0 1.85388e-43 1.33376e+50 2.07649e+59 0 0 1.23064e+43 0 4.64348e+42 0 0 0
2.20673e-07 0 0 5.8353e-31 1.50283e+50 1.84074e+59 0 0 1.42112e+43 0 4.64348e+42 0 0 0
2.5483e-07 0 0 3.93233e-20 1.68879e+50 1.62731e+59 0 0 1.64109e+43 0 4.64348e+42 0 0 0
2.94273e-07 0 0 9.49143e-11 1.89217e+50 1.43431e+59 0 0 1.8951e+43 0 4.64348e+42 0 0 0
3.39821e-07 0 0 0.0128121 2.11323e+50 1.26006e+59 0 0 2.18842e+43 0 4.64348e+42 0 0 0
3.92419e-07 0 0 142257 2.35188e+50 1.10303e+59 0 0 2.52715e+43 0 4.64348e+42 0 0 0
4.53158e-07 0 0 1.81455e+11 2.60759e+50 9.61821e+58 0 0 2.91831e+43 0 4.64348e+42 0 0 0
5.23299e-07 0 0 3.5508e+16 2.87939e+50 8.35201e+58 0 0 3.37001e+43 0 4.64348e+42 0 0 0
6.04296e-07 0 0 1.36939e+21 3.16584e+50 7.22041e+58 0 0 3.89163e+43 0 4.64348e+42 0 0 0
6.97831e-07 0 0 1.29294e+25 3.46515e+50 6.21314e+58 0 0 4.49398e+43 0 4.64348e+42 0 0 0
8.05842e-07 0 0 3.60647e+28 3.77525e+50 5.32083e+58 0 0 5.18957e+43 0 4.64348e+42 0 0 0
9.30572e-07 0 0 3.49744e+31 4.09418e+50 4.53479e+58 0 0 5.99282e+43 0 4.64348e+42 0 0 0
1.07461e-06 0 0 1.35798e+34 4.42041e+50 3.8469e+58 0 0 6.9204e+43 0 4.64348e+42 0 0 0
1.24094e-06 0 0 2.38626e+36 4.7535e+50 3.24942e+58 0 0 7.99155e+43 0 4.64348e+42 0 0 0
1.43301e-06 0 0 2.11079e+38 5.09478e+50 2.73487e+58 0 0 9.2285e+43 0 4.64348e+42 0 0 0
1.65482e-06 0 0 1.03109e+40 5.44824e+50 2.29588e+58 0 0 1.06569e+44 0 4.64348e+42 0 0 0
1.91095e-06 0 0 3.01524e+41 5.82133e+50 1.92509e+58 0 0 1.23064e+44 0 4.64348e+42 0 0 0
2.20673e-06 0 0 5.66366e+42 6.22561e+50 1.61511e+58 0 0 1.42112e+44 0 4.64348e+42 0 0 0
2.5483e-06 0 0 7.26602e+43 6.67712e+50 1.35852e+58 0 0 1.64109e+44 0 4.64348e+42 0 0 0
2.94273e-06 0 0 6.7163e+44 7.19603e+50 1.14791e+58 0 0 1.8951e+44 0 4.64348e+42 0 0 0
3.39821e-06 0 0 4.68464e+45 7.80564e+50 9.76027e+57 0 0 2.18842e+44 0 4.64348e+42 0 0 0
3.92419e-06 0 0 2.56534e+46 8.5306e+50 8.35984e+57 0 0 2.52715e+44 0 4.64348e+42 0 0 0
4.53158e-06 0 0 1.14061e+47 9.39471e+50 7.21452e+57 0 0 2.91831e+44 0 4.64348e+42 0 0 0
5.23299e-06 0 0 4.23568e+47 1.04189e+51 6.26882e+57 0 0 3.37001e+44 0 4.64348e+42 0 0 0
6.04296e-06 0 0 1.34526e+48 1.16199e+51 5.47656e+57 0 0 3.89163e+44 0 4.64348e+42 0 0 0
6.97831e-06 0 0 3.72811e+48 1.30108e+51 4.80158e+57 0 0 4.49398e+44 0 4.64348e+42 0 0 0
8.05842e-06 0 0 9.17171e+48 1.46028e+51 4.21721e+57 0 0 5.18957e+44 0 4.64348e+42 0 0 0
9.30572e-06 0 0 2.03345e+49 1.64087e+51 3.70493e+57 0 0 5.99282e+44 0 4.64348e+42 0 0 0
1.07461e-05 0 0 4.11764e+49 1.84461e+51 3.25235e+57 0 0 6.9204e+44 0 4.64348e+42 0 0 0
1.24094e-05 0 0 7.70703e+49 2.07404e+51 2.85122e+57 0 0 7.99155e+44 0 4.64348e+42 0 0 0
1.43301e-05 0 0 1.34765e+50 2.33263e+51 2.49569e+57 0 0 9.2285e+44 0 4.64348e+42 0 0 0
1.65482e-05 0 0 2.22242e+50 2.62495e+51 2.18117e+57 0 0 1.06569e+45 0 4.64348e+42 0 0 0
1.91095e-05 0 0 3.48525e+50 2.95668e+51 1.90369e+57 0 0 1.23064e+45 0 4.64348e+42 0 0 0
2.20673e-05 0 0 5.23538e+50 3.3347e+51 1.65957e+57 0 0 1.42112e+45 0 4.64348e+42 0 0 0
2.5483e-05 0 0 7.58029e+50 3.76717e+51 1.44537e+57 0 0 1.64108e+45 0 4.64348e+42 0 0 0
2.94273e-05 0 0 1.06362e+51 4.26364e+51 1.25782e+57 0 0 1.89509e+45 0 4.64348e+42 0 0 0
3.39821e-05 0 0 1.45291e+51 4.83516e+51 1.09384e+57 0 0 2.18842e+45 0 4.64348e+42 0 0 0
3.92419e-05 0 0 1.93975e+51 5.49451e+51 9.50616e+56 0 0 2.52715e+45 0 4.64348e+42 0 0 0
4.53158e-05 0 0 2.53959e+51 6.25661e+51 8.25575e+56 0 0 2.9183e+45 0 4.64348e+42 0 0 0
5.23299e-05 0 0 3.27006e+51 7.13913e+51 7.16424e+56 0 0 3.37e+45 0 4.64348e+42 0 0 0
6.04296e-05 0 0 4.15171e+51 8.16333e+51 6.21151e+56 0 0 3.89162e+45 0 4.64348e+42 0 0 0
6.97831e-05 0 0 5.20902e+51 9.35487e+51 5.38006e+56 0 0 4.49397e+45 0 4.64348e+42 0 0 0
8.05842e-05 0 0 6.47135e+51 1.07447e+52 4.65475e+56 0 0 5.18955e+45 0 4.64348e+42 0 0 0
9.30572e-05 0 0 7.97393e+51 1.23696e+52 4.02242e+56 0 0 5.99279e+45 0 4.64348e+42 0 0 0
0.000107461 0 0 9.75884e+51 1.42733e+52 3.47157e+56 0 0 6.92037e+45 0 4.64348e+42 0 0 0
0.000124094 0 0 1.18762e+52 1.65071e+52 2.99213e+56 0 0 7.99151e+45 0 4.64348e+42 0 0 0
0.000143301 0 0 1.43859e+52 1.91322e+52 2.57523e+56 0 0 9.22844e+45 0 4.64348e+42 0 0 0
0.000165482 0 0 1.73597e+52 2.22214e+52 2.21307e+56 0 0 1.06568e+46 0 4.64348e+42 0 0 0
0.000191095 0 0 2.08836e+52 2.5862e+52 1.8988e+56 0 0 1.23063e+46 0 4.64348e+42 0 0 0
0.000220673 0 0 2.50604e+52 3.01578e+52 1.62642e+56 0 0 1.42111e+46 0 4.64348e+42 0 0 0
0.00025483 0 0 3.00132e+52 3.52327e+52 1.39064e+56 0 0 1.64107e+46 0 4.64348e+42 0 0 0
0.000294273 0 0 3.58886e+52 4.12341e+52 1.18684e+56 0 0 1.89507e+46 0 4.64348e+42 0 0 0
0.000339821 0 0 4.28617e+52 4.83378e+52 1.01094e+56 0 0 2.18839e+46 0 4.64348e+42 0 0 0
0.000392419 0 0 5.11416e+52 5.67535e+52 8.59368e+55 0 0 2.5271e+46 0 4.64348e+42 0 0 0
0.000453158 0 0 6.09781e+52 6.67315e+52 7.28977e+55 0 0 2.91825e+46 0 4.64348e+42 0 0 0
0.000523299 0 0 7.26698e+52 7.85711e+52 6.17014e+55 0 0 3.36993e+46 0 4.64348e+42 0 0 0
0.000604296 0 0 8.65739e+52 9.26299e+52 5.21059e+55 0 0 3.89151e+46 0 4.64348e+42 0 0 0
0.000697831 0 0 1.03118e+53 1.09336e+53 4.38992e+55 0 0 4.49383e+46 0 4.64348e+42 0 0 0
0.000805842 0 0 1.22814e+53 1.29202e+53 3.68952e+55 0 0 5.18937e+46 0 4.64348e+42 0 0 0
0.000930572 0 0 1.46278e+53 1.52843e+53 3.09313e+55 0 0 5.99255e+46 0 4.64348e+42 0 0 0
0.00107461 0 0 1.74247e+53 1.80999e+53 2.58648e+55 0 0 6.92004e+46 0 4.64348e+42 0 0 0
0.00124094 0 0 2.0761e+53 2.14559e+53 2.15714e+55 0 0 7.99108e+46 0 4.64348e+42 0 0 0
0.00143301 0 0 2.47438e+53 2.54595e+53 1.79424e+55 0 0 9.22787e+46 0 4.64348e+42 0 0 0
0.00165482 0 0 2.95024e+53 3.02399e+53 1.48832e+55 0 0 1.06561e+47 0 4.64348e+42 0 0 0
0.00191095 0 0 3.5193e+53 3.59535e+53 1.23112e+55 0 0 1.23053e+47 0 4.64348e+42 0 0 0
0.00220673 0 0 4.20046e+53 4.27896e+53 1.01552e+55 0 0 1.42097e+47 0 4.64348e+42 0 0 0
0.0025483 0 0 5.01668e+53 5.09777e+53 8.35296e+54 0 0 1.64089e+47 0 4.64348e+42 0 0 0
0.00294273 0 0 5.99575e+53 6.07958e+53 6.85098e+54 0 0 1.89483e+47 0 4.64348e+42 0 0 0
0.00339821 0 0 7.16863e+53 7.25534e+53 5.60303e+54 0 0 2.18807e+47 0 4.64348e+42 0 0 0
0.00392419 0 0 8.54166e+53 8.63106e+53 4.56931e+54 0 0 2.52668e+47 0 4.64348e+42 0 0 0
0.00453158 0 0 1.00016e+54 1.00922e+54 3.71571e+54 0 0 2.91768e+47 0 4.64348e+42 0 0 0
0.00523299 0 0 1.12469e+54 1.13351e+54 3.01306e+54 0 0 3.36917e+47 0 4.64348e+42 0 0 0
0.00604296 0 0 1.19251e+54 1.2006e+54 2.43648e+54 0 0 3.8905e+47 0 4.64348e+42 0 0 0
0.00697831 0 0 1.18646e+54 1.19343e+54 1.96483e+54 0 0 4.49248e+47 0 4.64348e+42 0 0 0
0.00805842 0 0 1.11429e+54 1.11996e+54 1.58022e+54 0 0 5.18757e+47 0 4.64348e+42 0 0 0
0.00930572 0 0 9.98453e+53 1.00285e+54 1.26755e+54 0 0 5.99015e+47 0 4.64348e+42 0 0 0
0.0107461 0 0 8.62963e+53 8.66251e+53 1.01414e+54 0 0 6.91684e+47 0 4.64348e+42 0 0 0
0.0124094 0 0 7.26189e+53 7.28584e+53 8.09373e+53 0 0 7.9868e+47 0 4.64348e+42 0 0 0
0.0143301 0 0 5.99313e+53 6.01024e+53 6.44391e+53 0 0 9.22217e+47 0 4.64348e+42 0 0 0
0.0165482 0 0 4.87677e+53 4.88882e+53 5.11843e+53 0 0 1.06485e+48 0 4.64348e+42 0 0 0
0.0191095 0 0 3.92781e+53 3.93621e+53 4.05643e+53 0 0 1.22951e+48 0 4.64348e+42 0 0 0
0.0220673 0 0 3.13962e+53 3.14544e+53 3.20781e+53 0 0 1.41962e+48 0 4.64348e+42 0 0 0
0.025483 0 0 2.49531e+53 2.49931e+53 2.53142e+53 0 0 1.63908e+48 0 4.64348e+42 0 0 0
0.0294273 0 0 1.97447e+53 1.97721e+53 1.99363e+53 0 0 1.89243e+48 0 4.64348e+42 0 0 0
0.0339821 0 0 1.55682e+53 1.5587e+53 1.56704e+53 0 0 2.18486e+48 0 4.64348e+42 0 0 0
0.0392419 4.67382e-249 4.67382e-249 1.22393e+53 1.22521e+53 1.22943e+53 0 0 2.5224e+48 7.30359e-252 4.64348e+42 0 0 0
0.0453158 1.81348e-170 1.81348e-170 9.59806e+52 9.60672e+52 9.62795e+52 0 0 2.91198e+48 3.12932e-173 4.64348e+42 0 0 0
0.0523299 2.04064e-112 2.04064e-112 7.5101e+52 7.51597e+52 7.5266e+52 0 0 3.36157e+48 3.89709e-115 4.64348e+42 0 0 0
0.0604296 1.51906e-69 1.51906e-69 5.8645e+52 5.86846e+52 5.87377e+52 0 0 3.88037e+48 3.2171e-72 4.64348e+42 0 0 0
0.0697831 6.82838e-38 6.82838e-38 4.57087e+52 4.57355e+52 4.57618e+52 0 0 4.47897e+48 1.60672e-40 4.64348e+42 0 0 0
0.0805842 1.56752e-14 1.56752e-14 3.55625e+52 3.55805e+52 3.55935e+52 0 0 5.16956e+48 4.10528e-17 4.64348e+42 0 0 0
0.0930572 2678.07 2678.07 2.76209e+52 2.76331e+52 2.76395e+52 0 0 5.96614e+48 7.81995 4.64348e+42 0 0 0
0.107461 1.35283e+16 1.35283e+16 2.14169e+52 2.14251e+52 2.14282e+52 0 0 6.88484e+48 4.41171e+13 4.64348e+42 0 0 0
0.124094 3.07164e+25 3.07164e+25 1.65791e+52 1.65846e+52 1.65861e+52 0 0 7.94414e+48 1.12054e+23 4.64348e+42 0 0 0
0.143301 2.34271e+32 2.34271e+32 1.28132e+52 1.28169e+52 1.28176e+52 0 0 9.1653e+48 9.5759e+29 4.64348e+42 0 0 0
0.165482 2.65384e+37 2.65384e+37 9.88669e+51 9.88913e+51 9.8895e+51 0 0 1.05727e+49 1.21743e+35 4.64348e+42 0 0 0
0.191095 1.33957e+41 1.33957e+41 7.61629e+51 7.61792e+51 7.61809e+51 0 0 1.21941e+49 6.90781e+38 4.64348e+42 0 0 0
0.220673 6.78578e+43 6.78578e+43 5.85782e+51 5.85891e+51 5.85899e+51 0 0 1.40615e+49 3.93986e+41 4.64348e+42 0 0 0
0.25483 6.28579e+45 6.28579e+45 4.49812e+51 4.49884e+51 4.49889e+51 0 0 1.62113e+49 4.11572e+43 4.64348e+42 0 0 0
0.294273 1.65888e+47 1.65888e+47 3.44851e+51 3.44899e+51 3.44901e+51 0 0 1.86851e+49 1.22688e+45 4.64348e+42 0 0 0
0.339821 1.73088e+48 1.73088e+48 2.6396e+51 2.63992e+51 2.63994e+51 0 0 2.15299e+49 1.44825e+46 4.64348e+42 0 0 0
0.392419 9.09648e+48 9.09648e+48 2.01728e+51 2.01749e+51 2.0175e+51 0 0 2.47994e+49 8.62426e+46 4.64348e+42 0 0 0
0.453158 2.8796e+49 2.8796e+49 1.53929e+51 1.53943e+51 1.53943e+51 0 0 2.85542e+49 3.09831e+47 4.64348e+42 0 0 0
0.523299 6.26699e+49 6.26699e+49 1.17278e+51 1.17287e+51 1.17287e+51 0 0 3.28624e+49 7.66397e+47 4.64348e+42 0 0 0
0.604296 1.03391e+50 1.03391e+50 8.92232e+50 8.92292e+50 8.92293e+50 0 0 3.78006e+49 1.43918e+48 4.64348e+42 0 0 0
0.697831 1.3898e+50 1.3898e+50 6.77841e+50 6.77881e+50 6.77881e+50 0 0 4.34542e+49 2.20512e+48 4.64348e+42 0 0 0
0.805842 1.60561e+50 1.60561e+50 5.14279e+50 5.14305e+50 5.14305e+50 0 0 4.99181e+49 2.90769e+48 4.64348e+42 0 0 0
0.930572 1.65834e+50 1.65834e+50 3.89698e+50 3.89715e+50 3.89715e+50 0 0 5.72964e+49 3.43201e+48 4.64348e+42 0 0 0
1.07461 1.57658e+50 1.57658e+50 2.94958e+50 2.94969e+50 2.94969e+50 0 0 6.57026e+49 3.73299e+48 4.64348e+42 0 0 0
1.24094 1.40972e+50 1.40972e+50 2.23019e+50 2.23026e+50 2.23026e+50 0 0 7.52589e+49 3.82286e+48 4.64348e+42 0 0 0
1.43301 1.20465e+50 1.20465e+50 1.68473e+50 1.68477e+50 1.68477e+50 0 0 8.60948e+49 3.74476e+48 4.64348e+42 0 0 0
1.65482 9.95473e+49 9.95473e+49 1.27169e+50 1.27172e+50 1.27172e+50 0 0 9.83441e+49 3.55008e+48 4.64348e+42 0 0 0
1.91095 8.02511e+49 8.02511e+49 9.593e+49 9.59321e+49 9.59321e+49 0 0 1.12142e+50 3.28534e+48 4.64348e+42 0 0 0
2.20673 6.3526e+49 6.3526e+49 7.23298e+49 7.23312e+49 7.23312e+49 0 0 1.27618e+50 2.98683e+48 4.64348e+42 0 0 0
2.5483 4.96173e+49 4.96173e+49 5.45171e+49 5.4518e+49 5.4518e+49 0 0 1.44889e+50 2.68022e+48 4.64348e+42 0 0 0
2.94273 3.83763e+49 3.83763e+49 4.10833e+49 4.10839e+49 4.10839e+49 0 0 1.64048e+50 2.3821e+48 4.64348e+42 0 0 0
3.39821 2.94721e+49 2.94721e+49 3.09583e+49 3.09587e+49 3.09587e+49 0 0 1.85147e+50 2.10226e+48 4.64348e+42 0 0 0
3.92419 2.25193e+49 2.25193e+49 2.33309e+49 2.33311e+49 2.33311e+49 0 0 2.08178e+50 1.84572e+48 4.64348e+42 0 0 0
4.53158 1.71456e+49 1.71456e+49 1.75867e+49 1.75868e+49 1.75868e+49 0 0 2.33049e+50 1.61435e+48 4.64348e+42 0 0 0
5.23299 1.30226e+49 1.30226e+49 1.32615e+49 1.32616e+49 1.32616e+49 0 0 2.5955e+50 1.40807e+48 4.64348e+42 0 0 0
6.04296 9.87577e+48 9.87577e+48 1.00047e+49 1.00048e+49 1.00048e+49 0 0 2.87316e+50 1.22565e+48 4.64348e+42 0 0 0
6.97831 7.48264e+48 7.48264e+48 7.55216e+48 7.5522e+48 7.5522e+48 0 0 3.15784e+50 1.06528e+48 4.64348e+42 0 0 0
8.05842 5.6672e+48 5.6672e+48 5.70472e+48 5.70475e+48 5.70475e+48 0 0 3.44147e+50 9.24896e+47 4.64348e+42 0 0 0
9.30572 4.29218e+48 4.29218e+48 4.31254e+48 4.31256e+48 4.31256e+48 0 0 3.71311e+50 8.02376e+47 4.64348e+42 0 0 0
10.7461 3.2517e+48 3.2517e+48 3.26289e+48 3.2629e+48 3.2629e+48 0 0 3.95864e+50 6.95685e+47 4.64348e+42 0 0 0
12.4094 2.46472e+48 2.46472e+48 2.471e+48 2.47101e+48 2.47101e+48 0 0 4.16076e+50 6.02927e+47 4.64348e+42 0 0 0
14.3301 1.86948e+48 1.86948e+48 1.87314e+48 1.87315e+48 1.87315e+48 0 0 4.29938e+50 5.22375e+47 4.64348e+42 0 0 0
16.5482 1.41917e+48 1.41917e+48 1.42141e+48 1.42142e+48 1.42142e+48 0 0 4.35291e+50 4.52481e+47 4.64348e+42 0 0 0
19.1095 1.07832e+48 1.07832e+48 1.07979e+48 1.07979e+48 1.07979e+48 0 0 4.30045e+50 3.91871e+47 4.64348e+42 0 0 0
22.0673 8.20153e+47 8.20153e+47 8.21189e+47 8.21191e+47 8.21191e+47 0 0 4.12527e+50 3.39334e+47 4.64348e+42 0 0 0
25.483 6.24453e+47 6.24453e+47 6.25234e+47 6.25235e+47 6.25235e+47 0 0 3.81943e+50 2.93808e+47 4.64348e+42 0 0 0
29.4273 4.75965e+47 4.75965e+47 4.76586e+47 4.76586e+47 4.76586e+47 0 0 3.38876e+50 2.54367e+47 4.64348e+42 0 0 0
33.9821 3.63181e+47 3.63181e+47 3.63695e+47 3.63696e+47 3.63696e+47 0 0 2.85683e+50 2.20201e+47 4.64348e+42 0 0 0
39.2419 2.77421e+47 2.77421e+47 2.77857e+47 2.77858e+47 2.77858e+47 0 0 2.26562e+50 1.9061e+47 4.64348e+42 0 0 0
45.3158 2.12132e+47 2.12132e+47 2.12509e+47 2.1251e+47 2.1251e+47 0 0 1.67074e+50 1.64981e+47 4.64348e+42 0 0 0
52.3299 1.62369e+47 1.62369e+47 1.62698e+47 1.62698e+47 1.62698e+47 0 0 1.13048e+50 1.42785e+47 4.64348e+42 0 0 0
60.4296 1.24394e+47 1.24394e+47 1.24684e+47 1.24684e+47 1.24684e+47 0 0 6.91308e+49 1.23563e+47 4.64348e+42 0 0 0
69.7831 9.53831e+46 9.53831e+46 9.56385e+46 9.56385e+46 9.56385e+46 0 0 3.75572e+49 1.06917e+47 4.64348e+42 0 0 0
80.5842 7.31958e+46 7.31958e+46 7.34217e+46 7.34217e+46 7.34217e+46 0 0 1.77792e+49 9.25025e+46 4.64348e+42 0 0 0
93.0572 5.62106e+46 5.62106e+46 5.64107e+46 5.64108e+46 5.64108e+46 0 0 7.17435e+48 8.00195e+46 4.64348e+42 0 0 0
107.461 4.31958e+46 4.31958e+46 4.33734e+46 4.33734e+46 4.33734e+46 0 0 2.40665e+48 6.92098e+46 4.64348e+42 0 0 0
124.094 3.32149e+46 3.32149e+46 3.33725e+46 3.33725e+46 3.33725e+46 0 0 6.52094e+47 5.9849e+46 4.64348e+42 0 0 0
143.301 2.55546e+46 2.55546e+46 2.56946e+46 2.56947e+46 2.56947e+46 0 0 1.38068e+47 5.1743e+46 4.64348e+42 0 0 0
165.482 1.96713e+46 1.96713e+46 1.97958e+46 1.97958e+46 1.97958e+46 0 0 2.19875e+46 4.47236e+46 4.64348e+42 0 0 0
191.095 1.515e+46 1.515e+46 1.52608e+46 1.52608e+46 1.52608e+46 0 0 2.52003e+45 3.86453e+46 4.64348e+42 0 0 0
220.673 1.16736e+46 1.16736e+46 1.17723e+46 1.17723e+46 1.17723e+46 0 0 1.97549e+44 3.3382e+46 4.64348e+42 0 0 0
254.83 8.99949e+45 8.99949e+45 9.08738e+45 9.08738e+45 9.08738e+45 0 0 9.98733e+42 2.88243e+46 4.64348e+42 0 0 0
294.273 6.94155e+45 6.94155e+45 7.01989e+45 7.01989e+45 7.01989e+45 0 0 3.04259e+41 2.48779e+46 4.64348e+42 0 0 0
339.821 5.35715e+45 5.35715e+45 5.42703e+45 5.42703e+45 5.42703e+45 0 0 5.16426e+39 2.14608e+46 4.64348e+42 0 0 0
392.419 4.13679e+45 4.13679e+45 4.19916e+45 4.19916e+45 4.19916e+45 0 0 4.46093e+37 1.85021e+46 4.64348e+42 0 0 0
453.158 3.19635e+45 3.19635e+45 3.25207e+45 3.25207e+45 3.25207e+45 0 0 1.7664e+35 1.59404e+46 4.64348e+42 0 0 0
523.299 2.47121e+45 2.47121e+45 2.52103e+45 2.52103e+45 2.52103e+45 0 0 2.84162e+32 1.37227e+46 4.64348e+42 0 0 0
604.296 1.91173e+45 1.91173e+45 1.95629e+45 1.95629e+45 1.95629e+45 0 0 1.6155e+29 1.18028e+46 4.64348e+42 0 0 0
697.831 1.47973e+45 1.47973e+45 1.51964e+45 1.51964e+45 1.51964e+45 0 0 2.76309e+25 1.01409e+46 4.64348e+42 0 0 0
805.842 1.1459e+45 1.1459e+45 1.18166e+45 1.18166e+45 1.18166e+45 0 0 1.18055e+21 8.70264e+45 4.64348e+42 0 0 0
930.572 8.87694e+44 8.87694e+44 9.19763e+44 9.19763e+44 9.19763e+44 0 0 1.01656e+16 7.45804e+45 4.64348e+42 0 0 0
1074.61 6.878e+44 6.878e+44 7.16573e+44 7.16573e+44 7.16573e+44 0 0 1.37681e+10 6.3813e+45 4.64348e+42 0 0 0
1240.94 5.329e+44 5.329e+44 5.58726e+44 5.58726e+44 5.58726e+44 0 0 2202.76 5.45006e+45 4.64348e+42 0 0 0
1433.01 4.12757e+44 4.12757e+44 4.35942e+44 4.35942e+44 4.35942e+44 0 0 2.99107e-05 4.64497e+45 4.64348e+42 0 0 0
1654.82 3.19494e+44 3.19494e+44 3.40307e+44 3.40307e+44 3.40307e+44 0 0 2.35313e-14 3.9493e+45 4.64348e+42 0 0 0
1910.95 2.47047e+44 2.47047e+44 2.65723e+44 2.65723e+44 2.65723e+44 0 0 6.9017e-25 3.34857e+45 4.64348e+42 0 0 0
2206.73 1.90741e+44 1.90741e+44 2.07488e+44 2.07488e+44 2.07488e+44 0 0 4.53573e-37 2.83025e+45 4.64348e+42 0 0 0
2548.3 1.46969e+44 1.46969e+44 1.61969e+44 1.61969e+44 1.61969e+44 0 0 3.71013e-51 2.38352e+45 4.64348e+42 0 0 0
2942.73 1.12945e+44 1.12945e+44 1.26359e+44 1.26359e+44 1.26359e+44 0 0 1.9157e-67 1.99901e+45 4.64348e+42 0 0 0
3398.21 8.65102e+43 8.65102e+43 9.84805e+43 9.84805e+43 9.84805e+43 0 0 2.85087e-86 1.66862e+45 4.64348e+42 0 0 0
3924.19 6.59938e+43 6.59938e+43 7.66474e+43 7.66474e+43 7.66474e+43 0 0 4.94474e-108 1.38534e+45 4.64348e+42 0 0 0
4531.58 5.00966e+43 5.00966e+43 5.95473e+43 5.95473e+43 5.95473e+43 0 0 3.51379e-133 1.14311e+45 4.64348e+42 0 0 0
5232.99 3.83873e+43 3.83873e+43 4.64795e+43 4.64795e+43 4.64795e+43 0 0 3.05877e-162 9.5103e+44 4.64348e+42 0 0 0
6042.96 2.89098e+43 2.89098e+43 3.60047e+43 3.60047e+43 3.60047e+43 0 0 8.09042e-196 7.76791e+44 4.64348e+42 0 0 0
6978.31 2.16304e+43 2.16304e+43 2.78175e+43 2.78175e+43 2.78175e+43 0 0 1.2997e-234 6.29688e+44 4.64348e+42 0 0 0
8058.42 1.60656e+43 1.60656e+43 2.14284e+43 2.14284e+43 2.14284e+43 0 0 0 5.06197e+44 4.64348e+42 0 0 0
9305.72 1.18357e+43 1.18357e+43 1.64529e+43 1.64529e+43 1.64529e+43 0 0 0 4.03211e+44 4.64348e+42 0 0 0
10746.1 8.64202e+42 8.64202e+42 1.25881e+43 1.25881e+43 1.25881e+43 0 0 0 3.17983e+44 4.64348e+42 0 0 0
12409.4 6.2494e+42 6.2494e+42 9.59534e+42 9.59534e+42 9.59534e+42 0 0 0 2.48067e+44 4.64348e+42 0 0 0
14330.1 4.47271e+42 4.47271e+42 7.28583e+42 7.28583e+42 7.28583e+42 0 0 0 1.91279e+44 4.64348e+42 0 0 0
16548.2 3.16635e+42 3.16635e+42 5.51052e+42 5.51052e+42 5.51052e+42 0 0 0 1.45665e+44 4.64348e+42 0 0 0
19109.5 2.21619e+42 2.21619e+42 4.15159e+42 4.15159e+42 4.15159e+42 0 0 0 1.09475e+44 4.64348e+42 0 0 0
22067.3 1.53315e+42 1.53315e+42 3.116e+42 3.116e+42 3.116e+42 0 0 0 8.11435e+43 4.64348e+42 0 0 0
25483 1.04823e+42 1.04823e+42 2.33043e+42 2.33043e+42 2.33043e+42 0 0 0 5.92843e+43 4.64348e+42 0 0 0
29427.3 7.08398e+41 7.08398e+41 1.73726e+42 1.73726e+42 1.73726e+42 0 0 0 4.26771e+43 4.64348e+42 0 0 0
33982.1 4.73409e+41 4.73409e+41 1.29139e+42 1.29139e+42 1.29139e+42 0 0 0 3.02632e+43 4.64348e+42 0 0 0
39241.9 3.13078e+41 3.13078e+41 9.57684e+41 9.57684e+41 9.57684e+41 0 0 0 2.11389e+43 4.64348e+42 0 0 0
45315.8 2.05114e+41 2.05114e+41 7.08915e+41 7.08915e+41 7.08915e+41 0 0 0 1.45467e+43 4.64348e+42 0 0 0
52329.9 1.3332e+41 1.3332e+41 5.24121e+41 5.24121e+41 5.24121e+41 0 0 0 9.86564e+42 4.64348e+42 0 0 0
60429.6 8.61272e+40 8.61272e+40 3.87264e+41 3.87264e+41 3.87264e+41 0 0 0 6.59795e+42 4.64348e+42 0 0 0
69783.1 5.54203e+40 5.54203e+40 2.86151e+41 2.86151e+41 2.86151e+41 0 0 0 4.35438e+42 4.64348e+42 0 0 0
80584.2 3.56084e+40 3.56084e+40 2.11578e+41 2.11578e+41 2.11578e+41 0 0 0 2.83806e+42 4.64348e+42 0 0 0
93057.2 2.29066e+40 2.29066e+40 1.56633e+41 1.56633e+41 1.56633e+41 0 0 0 1.8282e+42 4.64348e+42 0 0 0
107461 1.47951e+40 1.47951e+40 1.16163e+41 1.16163e+41 1.16163e+41 0 0 0 1.16464e+42 4.64348e+42 0 0 0
124094 9.62164e+39 9.62164e+39 8.63427e+40 8.63427e+40 8.63427e+40 0 0 0 7.33905e+41 4.64348e+42 0 0 0
143301 6.31724e+39 6.31724e+39 6.43449e+40 6.43449e+40 6.43449e+40 0 0 0 4.57354e+41 4.64348e+42 0 0 0
165482 4.19773e+39 4.19773e+39 4.80901e+40 4.80901e+40 4.80901e+40 0 0 0 2.8159e+41 4.64348e+42 0 0 0
191095 2.82892e+39 2.82892e+39 3.60519e+40 3.60519e+40 3.60519e+40 0 0 0 1.70977e+41 4.64348e+42 0 0 0
220673 1.93677e+39 1.93677e+39 2.71126e+40 2.71126e+40 2.71126e+40 0 0 0 1.02089e+41 4.64348e+42 0 0 0
254830 1.34872e+39 1.34872e+39 2.04545e+40 2.04545e+40 2.04545e+40 0 0 0 5.97059e+40 4.64348e+42 0 0 0
294273 9.56127e+38 9.56127e+38 1.54797e+40 1.54797e+40 1.54797e+40 0 0 0 3.4025e+40 4.64348e+42 0 0 0
339821 6.90337e+38 6.90337e+38 1.17503e+40 1.17503e+40 1.17503e+40 0 0 0 1.8772e+40 4.64348e+42 0 0 0
392419 5.07736e+38 5.07736e+38 8.94549e+39 8.94549e+39 8.94549e+39 0 0 0 9.94835e+39 4.64348e+42 0 0 0
453158 3.80389e+38 3.80389e+38 6.8292e+39 6.8292e+39 6.8292e+39 0 0 0 5.01748e+39 4.64348e+42 0 0 0
523299 2.9023e+38 2.9023e+38 5.2275e+39 5.2275e+39 5.2275e+39 5.64463e+31 2.00709e+36 0 2.38223e+39 4.64348e+42 0 0 0
604296 2.25438e+38 2.25438e+38 4.01168e+39 4.01168e+39 4.01168e+39 8.77477e+31 2.01543e+36 0 1.05133e+39 4.64348e+42 0 0 0
697831 1.78186e+38 1.78186e+38 3.08614e+39 3.08614e+39 3.08614e+39 1.19049e+32 2.02377e+36 0 4.24962e+38 4.64348e+42 0 0 0
805842 1.43217e+38 1.43217e+38 2.37963e+39 2.37963e+39 2.37963e+39 1.50351e+32 2.03211e+36 0 1.54665e+38 4.64348e+42 0 0 0
930572 1.16956e+38 1.16956e+38 1.83885e+39 1.83885e+39 1.83885e+39 1.81652e+32 2.04045e+36 0 4.96873e+37 4.64348e+42 0 0 0
1.07461e+06 9.69394e+37 9.69394e+37 1.42384e+39 1.42384e+39 1.42384e+39 2.30844e+32 2.05086e+36 0 1.37697e+37 4.64348e+42 0 0 0
1.24094e+06 8.14371e+37 8.14371e+37 1.10448e+39 1.10448e+39 1.10448e+39 3.11163e+32 2.05314e+36 0 3.20496e+36 4.64348e+42 0 0 0
1.43301e+06 6.9207e+37 6.9207e+37 8.58067e+38 8.58067e+38 8.58067e+38 4.17347e+32 2.05603e+36 0 6.0732e+35 4.64348e+42 0 0 0
1.65482e+06 5.93626e+37 5.93626e+37 6.67415e+38 6.67415e+38 6.67415e+38 5.58237e+32 2.05971e+36 0 9.03834e+34 4.64348e+42 0 0 0
1.91095e+06 5.12766e+37 5.12766e+37 5.19539e+38 5.19539e+38 5.19539e+38 7.60597e+32 2.06479e+36 0 1.01371e+34 4.64348e+42 0 0 0
2.20673e+06 4.45034e+37 4.45034e+37 4.04586e+38 4.04586e+38 4.04586e+38 1.02104e+33 2.07132e+36 0 8.17253e+32 4.64348e+42 0 0 0
2.5483e+06 3.87259e+37 3.87259e+37 3.15054e+38 3.15054e+38 3.15054e+38 1.3644e+33 2.07986e+36 0 4.48616e+31 4.64348e+42 0 0 0
2.94273e+06 3.37171e+37 3.37171e+37 2.45213e+38 2.45213e+38 2.45213e+38 1.8218e+33 2.09106e+36 0 1.57565e+30 4.64348e+42 0 0 0
3.39821e+06 2.93158e+37 2.93158e+37 1.90669e+38 1.90669e+38 1.90669e+38 2.48442e+33 2.10678e+36 0 3.29688e+28 4.64348e+42 0 0 0
3.92419e+06 2.54087e+37 2.54087e+37 1.48041e+38 1.48041e+38 1.48041e+38 3.35293e+33 2.12731e+36 0 3.78596e+26 4.64348e+42 0 0 0
4.53158e+06 2.19172e+37 2.19172e+37 1.14718e+38 1.14718e+38 1.14718e+38 4.52939e+33 2.15406e+36 0 2.17128e+24 4.64348e+42 0 0 0
5.23299e+06 1.8788e+37 1.8788e+37 8.8678e+37 8.8678e+37 8.8678e+37 6.10728e+33 2.18848e+36 0 5.57939e+21 4.64348e+42 0 0 0
6.04296e+06 1.59854e+37 1.59854e+37 6.83477e+37 6.83477e+37 6.83477e+37 8.35625e+33 2.23602e+36 0 5.66926e+18 4.64348e+42 0 0 0
6.97831e+06 1.3485e+37 1.3485e+37 5.24999e+37 5.24999e+37 5.24999e+37 1.12851e+34 2.29344e+36 0 1.97252e+15 4.64348e+42 0 0 0
8.05842e+06 1.1269e+37 1.1269e+37 4.01737e+37 4.01737e+37 4.01737e+37 1.51404e+34 2.36378e+36 0 1.99076e+11 4.64348e+42 0 0 0
9.30572e+06 9.32288e+36 9.32288e+36 3.06142e+37 3.06142e+37 3.06142e+37 2.02967e+34 2.44451e+36 0 4.81322e+06 4.64348e+42 0 0 0
1.07461e+07 7.63239e+36 7.63239e+36 2.32272e+37 2.32272e+37 2.32272e+37 2.74039e+34 2.55753e+36 0 22.3582 4.64348e+42 0 0 0
1.24094e+07 6.18207e+36 6.18207e+36 1.7543e+37 1.7543e+37 1.7543e+37 3.62361e+34 2.66336e+36 0 1.54683e-05 4.64348e+42 0 0 0
1.43301e+07 4.95455e+36 4.95455e+36 1.31907e+37 1.31907e+37 1.31907e+37 4.70632e+34 2.76803e+36 0 1.18803e-12 4.64348e+42 0 0 0
1.65482e+07 3.93038e+36 3.93038e+36 9.87633e+36 9.87633e+36 9.87633e+36 6.00609e+34 2.86724e+36 0 7.21575e-21 4.64348e+42 0 0 0
1.91095e+07 3.08848e+36 3.08848e+36 7.36773e+36 7.36773e+36 7.36773e+36 7.61202e+34 2.9556e+36 0 2.34277e-30 4.64348e+42 0 0 0
2.20673e+07 2.40615e+36 2.40615e+36 5.47987e+36 5.47987e+36 5.47987e+36 9.31448e+34 3.03014e+36 0 2.58709e-41 4.64348e+42 0 0 0
2.5483e+07 1.86094e+36 1.86094e+36 4.06776e+36 4.06776e+36 4.06776e+36 1.11676e+35 3.08133e+36 0 5.76498e-54 4.64348e+42 0 0 0
2.94273e+07 1.43076e+36 1.43076e+36 3.01689e+36 3.01689e+36 3.01689e+36 1.30293e+35 3.08169e+36 0 1.41867e-68 4.64348e+42 0 0 0
3.39821e+07 1.09539e+36 1.09539e+36 2.23868e+36 2.23868e+36 2.23868e+36 1.48977e+35 3.02233e+36 0 1.9219e-85 4.64348e+42 0 0 0
3.92419e+07 8.36079e+35 8.36079e+35 1.66352e+36 1.66352e+36 1.66352e+36 1.64509e+35 2.90207e+36 0 6.41549e-105 4.64348e+42 0 0 0
4.53158e+07 6.37463e+35 6.37463e+35 1.23989e+36 1.23989e+36 1.23989e+36 1.78026e+35 2.74276e+36 0 2.0855e-127 4.64348e+42 0 0 0
5.23299e+07 4.86274e+35 4.86274e+35 9.28145e+35 9.28145e+35 9.28145e+35 1.886e+35 2.55824e+36 0 2.25991e-153 4.64348e+42 0 0 0
6.04296e+07 3.71499e+35 3.71499e+35 6.9828e+35 6.9828e+35 6.9828e+35 1.94717e+35 2.32947e+36 0 2.36708e-183 4.64348e+42 0 0 0
6.97831e+07 2.8445e+35 2.8445e+35 5.28227e+35 5.28227e+35 5.28227e+35 1.95818e+35 2.06762e+36 0 5.73685e-218 4.64348e+42 0 0 0
8.05842e+07 2.18444e+35 2.18444e+35 4.0196e+35 4.0196e+35 4.0196e+35 1.92394e+35 1.77535e+36 0 6.17235e-258 4.64348e+42 0 0 0
9.30572e+07 1.68208e+35 1.68208e+35 3.07536e+35 3.07536e+35 3.07536e+35 1.84569e+35 1.46375e+36 0 0 4.64348e+42 0 0 0
1.07461e+08 1.2965e+35 1.2965e+35 2.361e+35 2.361e+35 2.361e+35 1.72288e+35 1.14371e+36 0 0 4.64348e+42 168.678 0 0
1.24094e+08 1.00133e+35 1.00133e+35 1.82031e+35 1.82031e+35 1.82031e+35 1.58001e+35 8.84584e+35 0 0 4.64348e+42 148.187 0 0
1.43301e+08 7.72766e+34 7.72766e+34 1.40521e+35 1.40521e+35 1.40521e+35 1.41665e+35 6.71213e+35 0 0 4.64348e+42 130.185 0 0
1.65482e+08 5.94058e+34 5.94058e+34 1.08254e+35 1.08254e+35 1.08254e+35 1.23818e+35 5.01037e+35 0 0 4.64348e+42 114.369 0 0
1.91095e+08 4.50749e+34 4.50749e+34 8.24499e+34 8.24499e+34 8.24499e+34 1.03761e+35 3.61162e+35 0 0 4.64348e+42 100.475 0 0
2.20673e+08 3.41029e+34 3.41029e+34 6.27097e+34 6.27097e+34 6.27097e+34 8.6013e+34 2.65498e+35 0 0 4.64348e+42 88.2693 0 0
2.5483e+08 2.55708e+34 2.55708e+34 4.73324e+34 4.73324e+34 4.73324e+34 6.97012e+34 1.93539e+35 0 0 4.64348e+42 77.546 0 0
2.94273e+08 1.89852e+34 1.89852e+34 3.54177e+34 3.54177e+34 3.54177e+34 5.52682e+34 1.39857e+35 0 0 4.64348e+42 68.1255 0 0
3.39821e+08 1.38209e+34 1.38209e+34 2.60139e+34 2.60139e+34 2.60139e+34 4.21108e+34 9.91654e+34 0 0 4.64348e+42 62.4899 0 0
3.92419e+08 1.00703e+34 1.00703e+34 1.91424e+34 1.91424e+34 1.91424e+34 3.22147e+34 7.19429e+34 0 0 4.64348e+42 59.8494 0 0
4.53158e+08 7.28375e+33 7.28375e+33 1.39948e+34 1.39948e+34 1.39948e+34 2.43306e+34 5.20168e+34 0 0 4.64348e+42 57.3204 0 0
5.23299e+08 5.21413e+33 5.21413e+33 1.01342e+34 1.01342e+34 1.01342e+34 1.80416e+34 3.74878e+34 0 0 4.64348e+42 54.8984 0 0
6.04296e+08 3.71001e+33 3.71001e+33 7.29929e+33 7.29929e+33 7.29929e+33 1.32484e+34 2.67324e+34 0 0 4.64348e+42 52.5787 0 0
6.97831e+08 2.65916e+33 2.65916e+33 5.29925e+33 5.29925e+33 5.29925e+33 9.89244e+33 1.94903e+34 0 0 4.64348e+42 50.357 0 0
8.05842e+08 1.89892e+33 1.89892e+33 3.83514e+33 3.83514e+33 3.83514e+33 7.34757e+33 1.41897e+34 0 0 4.64348e+42 48.2291 0 0
9.30572e+08 1.34978e+33 1.34978e+33 2.76409e+33 2.76409e+33 2.76409e+33 5.41944e+33 1.0307e+34 0 0 4.64348e+42 46.1912 0 0
1.07461e+09 9.51621e+32 9.51621e+32 1.9768e+33 1.9768e+33 1.9768e+33 3.94306e+33 7.37747e+33 0 0 4.64348e+42 46.3577 0 0
1.24094e+09 6.78148e+32 6.78148e+32 1.42987e+33 1.42987e+33 1.42987e+33 2.93775e+33 5.40674e+33 0 0 4.64348e+42 48.7525 0 0
1.43301e+09 4.81089e+32 4.81089e+32 1.03284e+33 1.03284e+33 1.03284e+33 2.1925e+33 3.95131e+33 0 0 4.64348e+42 51.271 0 0
1.65482e+09 3.2769e+32 3.2769e+32 7.34604e+32 7.34604e+32 7.34604e+32 1.63068e+33 2.87846e+33 0 0 4.64348e+42 53.9196 0 0
1.91095e+09 1.74542e+32 1.74542e+32 4.80421e+32 4.80421e+32 4.80421e+32 1.19741e+33 2.06095e+33 0 0 4.64348e+42 56.7051 0 0
2.20673e+09 3.24317e+31 3.24317e+31 2.41761e+32 2.41761e+32 2.41761e+32 8.98592e+32 1.51306e+33 0 0 4.64348e+42 59.6344 0 0
2.5483e+09 1.92919e+29 1.92919e+29 7.87915e+31 7.87915e+31 7.87915e+31 6.72279e+32 1.10749e+33 0 0 4.64348e+42 62.7151 0 0
2.94273e+09 9.75809e+22 9.75809e+22 2.04439e+31 2.04439e+31 2.04439e+31 5.00479e+32 8.07847e+32 0 0 4.64348e+42 65.9549 0 0
3.39821e+09 6.16489e+06 6.16489e+06 5.34984e+30 5.34984e+30 5.34984e+30 3.65635e+32 5.79073e+32 0 0 4.64348e+42 69.3621 0 0
3.92419e+09 8.13124e-31 8.13124e-31 1.57621e+30 1.57621e+30 1.57621e+30 2.73454e+32 4.25151e+32 0 0 4.64348e+42 72.9453 0 0
4.53158e+09 9.45383e-105 9.45383e-105 5.21082e+29 5.21082e+29 5.21082e+29 2.03808e+32 3.10938e+32 0 0 4.64348e+42 76.7135 0 0
5.23299e+09 2.24069e-236 2.24069e-236 1.91707e+29 1.91707e+29 1.91707e+29 1.51359e+32 2.26405e+32 0 0 4.64348e+42 80.6765 0 0
6.04296e+09 0 0 7.6691e+28 7.6691e+28 7.6691e+28 1.10048e+32 1.62112e+32 0 0 4.64348e+42 84.8442 0 0
6.97831e+09 0 0 3.3947e+28 3.3947e+28 3.3947e+28 8.21197e+31 1.18786e+32 0 0 4.64348e+42 89.2272 0 0
8.05842e+09 0 0 1.6153e+28 1.6153e+28 1.6153e+28 6.10669e+31 8.67752e+31 0 0 4.64348e+42 93.8365 0 0
9.30572e+09 0 0 8.1644e+27 8.1644e+27 8.1644e+27 4.51122e+31 6.31944e+31 0 0 4.64348e+42 98.6841 0 0
1.07461e+10 0 0 4.30931e+27 4.30931e+27 4.30931e+27 3.27087e+31 4.53562e+31 0 0 4.64348e+42 110.725 0 0
1.24094e+10 0 0 2.42e+27 2.42e+27 2.42e+27 2.41991e+31 3.33246e+31 0 0 4.64348e+42 132.548 0 0
1.43301e+10 0 0 1.41098e+27 1.41098e+27 1.41098e+27 1.77882e+31 2.44172e+31 0 0 4.64348e+42 158.671 0 0
1.65482e+10 0 0 8.51076e+26 8.51076e+26 8.51076e+26 1.30326e+31 1.78308e+31 0 0 4.64348e+42 189.942 0 0
1.91095e+10 0 0 5.21968e+26 5.21968e+26 5.21968e+26 9.35787e+30 1.27881e+31 0 0 4.64348e+42 227.377 0 0
2.20673e+10 0 0 3.3479e+26 3.3479e+26 3.3479e+26 6.88105e+30 9.39526e+30 0 0 4.64348e+42 272.19 34.7254 0
2.5483e+10 0 0 2.19454e+26 2.19454e+26 2.19454e+26 5.04134e+30 6.87736e+30 0 0 4.64348e+42 325.834 22.9578 0
2.94273e+10 0 0 1.46648e+26 1.46648e+26 1.46648e+26 3.68134e+30 5.01487e+30 0 0 4.64348e+42 390.052 15.5417 0
3.39821e+10 0 0 9.82935e+25 9.82935e+25 9.82935e+25 2.6337e+30 3.58459e+30 0 0 4.64348e+42 466.925 10.7604 0
3.92419e+10 0 0 6.85631e+25 6.85631e+25 6.85631e+25 1.938e+30 2.6315e+30 0 0 4.64348e+42 558.949 7.61059 0
4.53158e+10 0 0 4.85087e+25 4.85087e+25 4.85087e+25 1.42249e+30 1.92648e+30 0 0 4.64348e+42 669.109 5.49245 0
5.23299e+10 0 0 3.47774e+25 3.47774e+25 3.47774e+25 1.04214e+30 1.40593e+30 0 0 4.64348e+42 800.981 4.04008 0
6.04296e+10 0 0 2.48753e+25 2.48753e+25 2.48753e+25 7.49755e+29 1.00552e+30 0 0 4.64348e+42 958.842 3.02568 0
6.97831e+10 0 0 1.84424e+25 1.84424e+25 1.84424e+25 5.54419e+29 7.39527e+29 0 0 4.64348e+42 1147.82 2.3047 0
8.05842e+10 0 0 1.3793e+25 1.3793e+25 1.3793e+25 4.08751e+29 5.42476e+29 0 0 4.64348e+42 1374.03 1.78376 0
9.30572e+10 0 0 1.03938e+25 1.03938e+25 1.03938e+25 3.00438e+29 3.96656e+29 0 0 4.64348e+42 1644.83 1.40144 0
1.07461e+11 0 0 7.75529e+24 7.75529e+24 7.75529e+24 2.16282e+29 2.83895e+29 0 0 4.64348e+42 1969.01 1.11671 0
1.24094e+11 0 0 5.97267e+24 5.97267e+24 5.97267e+24 1.59749e+29 2.08934e+29 0 0 4.64348e+42 2357.07 0.901709 0
1.43301e+11 0 0 4.61794e+24 4.61794e+24 4.61794e+24 1.17538e+29 1.53283e+29 0 0 4.64348e+42 2821.61 0.737233 0
1.65482e+11 0 0 3.57993e+24 3.57993e+24 3.57993e+24 8.61085e+28 1.12036e+29 0 0 4.64348e+42 3377.71 0.609868 0
1.91095e+11 0 0 2.73518e+24 2.73518e+24 2.73518e+24 6.17362e+28 8.00696e+28 0 0 4.64348e+42 4043.4 0.510106 0
2.20673e+11 0 0 2.15411e+24 2.15411e+24 2.15411e+24 4.54514e+28 5.88553e+28 0 0 4.64348e+42 4840.3 0.431129 0
2.5483e+11 0 0 1.69865e+24 1.69865e+24 1.69865e+24 3.33399e+28 4.31152e+28 0 0 4.64348e+42 5794.25 0.367983 0
2.94273e+11 0 0 1.34033e+24 1.34033e+24 1.34033e+24 2.43639e+28 3.1461e+28 0 0 4.64348e+42 6936.21 0.317029 0
3.39821e+11 0 0 1.03999e+24 1.03999e+24 1.03999e+24 1.743e+28 2.24334e+28 0 0 4.64348e+42 0 0.275565 0
3.92419e+11 0 0 8.3115e+23 8.3115e+23 8.3115e+23 1.28134e+28 1.64582e+28 0 0 4.64348e+42 0 0.241562 0
4.53158e+11 0 0 6.63904e+23 6.63904e+23 6.63904e+23 9.3855e+27 1.20312e+28 0 0 4.64348e+42 0 0.213483 0
5.23299e+11 0 0 5.29739e+23 5.29739e+23 5.29739e+23 6.84835e+27 8.75851e+27 0 0 4.64348e+42 0 0.190154 0
6.04296e+11 0 0 4.14673e+23 4.14673e+23 4.14673e+23 4.88842e+27 6.22607e+27 0 0 4.64348e+42 0 0.170669 0
6.97831e+11 0 0 3.34133e+23 3.34133e+23 3.34133e+23 3.58703e+27 4.55537e+27 0 0 4.64348e+42 0 0.154323 0
8.05842e+11 0 0 2.68717e+23 2.68717e+23 2.68717e+23 2.62212e+27 3.32009e+27 0 0 4.64348e+42 0 0.140565 0
9.30572e+11 0 0 2.15584e+23 2.15584e+23 2.15584e+23 1.90909e+27 2.40898e+27 0 0 4.64348e+42 0 0.12896 0
1.07461e+12 0 0 1.69329e+23 1.69329e+23 1.69329e+23 1.3586e+27 1.70512e+27 0 0 4.64348e+42 0 0.119166 0
1.24094e+12 0 0 1.3684e+23 1.3684e+23 1.3684e+23 9.94316e+26 1.24283e+27 0 0 4.64348e+42 0 0.110908 0
1.43301e+12 0 0 1.10219e+23 1.10219e+23 1.10219e+23 7.24772e+26 9.0202e+26 0 0 4.64348e+42 0 0.103969 0
1.65482e+12 0 0 8.843e+22 8.843e+22 8.843e+22 5.26021e+26 6.51456e+26 0 0 4.64348e+42 0 0.098177 0
1.91095e+12 0 0 6.92966e+22 6.92966e+22 6.92966e+22 3.72793e+26 4.58376e+26 0 0 4.64348e+42 0 0.0933933 0
2.20673e+12 0 0 5.58267e+22 5.58267e+22 5.58267e+22 2.7183e+26 3.32328e+26 0 0 4.64348e+42 0 0.0895108 0
2.5483e+12 0 0 4.47389e+22 4.47389e+22 4.47389e+22 1.9734e+26 2.39794e+26 0 0 4.64348e+42 0 0.0864461 0
2.94273e+12 0 0 3.56347e+22 3.56347e+22 3.56347e+22 1.42592e+26 1.72075e+26 0 0 4.64348e+42 0 0.0841374 0
3.39821e+12 0 0 2.76248e+22 2.76248e+22 2.76248e+22 1.0047e+26 1.20075e+26 0 0 4.64348e+42 0 0.082541 0
3.92419e+12 0 0 2.19805e+22 2.19805e+22 2.19805e+22 7.28833e+25 8.64191e+25 0 0 4.64348e+42 0 0.08163 0
4.53158e+12 0 0 1.73412e+22 1.73412e+22 1.73412e+22 5.26127e+25 6.1857e+25 0 0 4.64348e+42 0 0.0813928 0
5.23299e+12 0 0 1.35478e+22 1.35478e+22 1.35478e+22 3.77812e+25 4.39981e+25 0 0 4.64348e+42 0 0.0818329 0
6.04296e+12 0 0 1.02457e+22 1.02457e+22 1.02457e+22 2.64061e+25 3.03522e+25 0 0 4.64348e+42 0 0.0829683 0
6.97831e+12 0 0 7.93038e+21 7.93038e+21 7.93038e+21 1.90189e+25 2.16262e+25 0 0 4.64348e+42 0 0.0848322 0
8.05842e+12 0 0 6.05717e+21 6.05717e+21 6.05717e+21 1.3622e+25 1.53106e+25 0 0 4.64348e+42 0 0.0874729 0
9.30572e+12 5.0997e-292 5.09971e-292 4.55844e+21 4.55844e+21 4.55844e+21 9.69806e+24 1.076e+25 0 0 4.64348e+42 0 0.0909553 0
1.07461e+13 2.03643e-257 2.03643e-257 3.29808e+21 3.29808e+21 3.29808e+21 6.70247e+24 7.30665e+24 0 0 4.64348e+42 0 0.0953611 0
1.24094e+13 1.57045e-226 1.57045e-226 2.4361e+21 2.4361e+21 2.4361e+21 4.77997e+24 5.13551e+24 0 0 4.64348e+42 0 0.10079 0
1.43301e+13 5.35519e-199 5.3552e-199 1.76796e+21 1.76796e+21 1.76796e+21 3.38681e+24 3.58211e+24 0 0 4.64348e+42 0 0.10736 0
1.65482e+13 1.77321e-174 1.77321e-174 1.25959e+21 1.25959e+21 1.25959e+21 2.38279e+24 2.47676e+24 0 0 4.64348e+42 0 0.115206 0
1.91095e+13 1.13429e-152 1.13429e-152 8.58224e+20 8.58224e+20 8.58224e+20 1.62143e+24 1.64597e+24 0 0 4.64348e+42 0 0.12448 0
2.20673e+13 2.86021e-133 2.86021e-133 5.97951e+20 5.97951e+20 5.97951e+20 1.1408e+24 1.13578e+24 0 0 4.64348e+42 0 0.135345 0
2.5483e+13 4.8958e-116 4.89581e-116 4.09152e+20 4.09152e+20 4.09152e+20 7.96434e+23 7.76523e+23 0 0 4.64348e+42 0 0.147968 0
2.94273e+13 9.63474e-101 9.63478e-101 2.75013e+20 2.75013e+20 2.75013e+20 5.51342e+23 5.25287e+23 0 0 4.64348e+42 0 0.162507 0
3.39821e+13 3.40303e-87 3.40305e-87 1.76375e+20 1.76375e+20 1.76375e+20 3.6721e+23 3.38925e+23 0 0 4.64348e+42 0 0.179093 0
3.92419e+13 3.56693e-75 3.56696e-75 1.1646e+20 1.1646e+20 1.1646e+20 2.53638e+23 2.28166e+23 0 0 4.64348e+42 0 0.197804 0
4.53158e+13 1.55696e-64 1.55698e-64 7.57165e+19 7.57165e+19 7.57165e+19 1.73541e+23 1.51865e+23 0 0 4.64348e+42 0 0.218621 0
5.23299e+13 3.99383e-55 3.99388e-55 4.8484e+19 4.8484e+19 4.8484e+19 1.17518e+23 9.97625e+22 0 0 4.64348e+42 0 0.241387 0
6.04296e+13 7.91499e-47 7.91514e-47 2.95295e+19 2.95295e+19 2.95295e+19 7.59804e+22 6.18123e+22 0 0 4.64348e+42 0 0.265741 0
6.97831e+13 1.74471e-39 1.74475e-39 1.86831e+19 1.86831e+19 1.86831e+19 5.11788e+22 4.02583e+22 0 0 4.64348e+42 0 0.291055 0
8.05842e+13 5.20022e-33 5.20036e-33 1.1659e+19 1.1659e+19 1.1659e+19 3.4069e+22 2.58509e+22 0 0 4.64348e+42 0 0.316368 0
9.30572e+13 2.613e-27 2.61308e-27 7.17372e+18 7.17372e+18 7.17372e+18 2.23889e+22 1.63292e+22 0 0 4.64348e+42 0 0.340344 0
1.07461e+14 2.57975e-22 2.57985e-22 4.16409e+18 4.16409e+18 4.16409e+18 1.38883e+22 9.56664e+21 0 0 4.64348e+42 0 0 0
1.24094e+14 6.6366e-18 6.63697e-18 2.53598e+18 2.53598e+18 2.53598e+18 9.03945e+21 5.96089e+21 0 0 4.64348e+42 0 0 0
1.43301e+14 4.88914e-14 4.88963e-14 1.5221e+18 1.5221e+18 1.5221e+18 5.79599e+21 3.64844e+21 0 0 4.64348e+42 0 0 0
1.65482e+14 1.18499e-10 1.18524e-10 8.99426e+17 8.99426e+17 8.99426e+17 3.65586e+21 2.18709e+21 0 0 4.64348e+42 0 0 0
1.91095e+14 1.0095e-07 1.00994e-07 4.93588e+17 4.93588e+17 4.93588e+17 2.13913e+21 1.18509e+21 0 0 4.64348e+42 0 0 0
2.20673e+14 3.86335e-05 3.86661e-05 2.87814e+17 2.87814e+17 2.87814e+17 1.32816e+21 6.95896e+20 0 0 4.64348e+42 0 0 0
2.5483e+14 0.00677501 0.00678538 1.64846e+17 1.64846e+17 1.64846e+17 8.08718e+20 3.99508e+20 0 0 4.64348e+42 0 0 0
2.94273e+14 0.593329 0.594852 9.26032e+16 9.26032e+16 9.26032e+16 4.82133e+20 2.23359e+20 0 0 4.64348e+42 0 0 0
3.39821e+14 25.8511 25.9546 4.70289e+16 4.70289e+16 4.70289e+16 2.59363e+20 1.08377e+20 0 0 4.64348e+42 0 0 0
3.92419e+14 719.273 723.479 2.58676e+16 2.58676e+16 2.58676e+16 1.50818e+20 5.87766e+19 0 0 4.64348e+42 0 0 0
4.53158e+14 12249.4 12348.2 1.38921e+16 1.38921e+16 1.38921e+16 8.54534e+19 3.09801e+19 0 0 4.64348e+42 0 0 0
5.23299e+14 134607 136028 7.273e+15 7.273e+15 7.273e+15 4.71003e+19 1.57878e+19 0 0 4.64348e+42 0 0 0
6.04296e+14 887863 899622 3.29039e+15 3.29039e+15 3.29039e+15 2.23856e+19 6.53607e+18 0 0 4.64348e+42 0 0 0
6.97831e+14 4.74521e+06 4.82103e+06 1.66383e+15 1.66383e+15 1.66383e+15 1.18663e+19 3.18501e+18 0 0 4.64348e+42 0 0 0
8.05842e+14 1.84673e+07 1.88115e+07 8.1371e+14 8.1371e+14 8.1371e+14 6.07035e+18 1.49768e+18 0 0 4.64348e+42 0 0 0
9.30572e+14 5.40755e+07 5.52164e+07 3.84576e+14 3.84576e+14 3.84576e+14 2.9945e+18 6.74935e+17 0 0 4.64348e+42 0 0 0
1.07461e+15 1.01658e+08 1.04023e+08 1.45505e+14 1.45505e+14 1.45505e+14 1.17996e+18 2.21048e+17 0 0 4.64348e+42 0 0 0
1.24094e+15 1.85606e+08 1.90262e+08 6.49463e+13 6.49463e+13 6.49463e+13 5.47373e+17 9.30579e+16 0 0 4.64348e+42 0 0 0
1.43301e+15 2.71812e+08 2.79014e+08 2.75982e+13 2.75982e+13 2.75982e+13 2.41231e+17 3.75033e+16 0 0 4.64348e+42 0 0 0
1.65482e+15 3.2645e+08 3.35425e+08 1.11851e+13 1.11851e+13 1.11851e+13 1.01186e+17 1.43566e+16 0 0 4.64348e+42 0 0 0
1.91095e+15 2.4208e+08 2.48876e+08 3.19697e+12 3.19697e+12 3.19697e+12 2.98698e+16 3.27145e+15 0 0 4.64348e+42 0 0 0
2.20673e+15 2.06464e+08 2.12299e+08 1.18147e+12 1.18147e+12 1.18147e+12 1.13775e+16 1.11703e+15 0 0 4.64348e+42 0 0 0
2.5483e+15 1.46776e+08 1.50901e+08 4.03465e+11 4.03465e+11 4.03465e+11 3.9977e+15 3.6205e+14 0 0 4.64348e+42 0 0 0
2.94273e+15 8.82971e+07 9.07362e+07 1.27665e+11 1.27665e+11 1.27665e+11 1.29874e+15 1.11661e+14 0 0 4.64348e+42 0 0 0
3.39821e+15 2.86582e+07 2.94288e+07 2.36068e+10 2.36068e+10 2.36068e+10 2.46165e+14 1.4179e+13 0 0 4.64348e+42 0 0 0
3.92419e+15 1.29205e+07 1.32557e+07 6.50512e+09 6.50512e+09 6.50512e+09 6.93993e+13 3.50427e+12 0 0 4.64348e+42 0 0 0
4.53158e+15 4.78926e+06 4.90817e+06 1.5678e+09 1.5678e+09 1.5678e+09 1.70821e+13 8.03058e+11 0 0 4.64348e+42 0 0 0
5.23299e+15 1.43114e+06 1.4649e+06 3.21646e+08 3.21646e+08 3.21646e+08 3.57314e+12 1.78832e+11 0 0 4.64348e+42 0 0 0
6.04296e+15 186613 190770 3.02065e+07 3.02065e+07 3.02065e+07 3.41556e+11 9.6251e+09 0 0 4.64348e+42 0 0 0
6.97831e+15 42223.1 43106.3 5.13397e+06 5.13397e+06 5.13397e+06 5.8996e+10 1.40752e+09 0 0 4.64348e+42 0 0 0
8.05842e+15 7357.6 7501.36 697366 697366 697366 8.13159e+09 1.75026e+08 0 0 4.64348e+42 0 0 0
9.30572e+15 901.674 918.055 68822.2 68822.2 68822.2 8.13121e+08 2.11634e+07 0 0 4.64348e+42 0 0 0
1.07461e+16 32.682 33.2317 2067.13 2067.13 2067.13 2.47111e+07 358331 0 0 4.64348e+42 0 0 0
1.24094e+16 2.84181 2.88591 152.74 152.74 152.74 1.84499e+06 21928 0 0 4.64348e+42 0 0 0
1.43301e+16 0.162603 0.164923 7.59247 7.59247 7.59247 92550.9 930.208 0 0 4.64348e+42 0 0 0
1.65482e+16 0.0056418 0.00571557 0.233345 0.233345 0.233345 2866.86 31.6276 0 0 4.64348e+42 0 0 0
1.91095e+16 2.77481e-05 2.80797e-05 0.00103406 0.00103406 0.00103406 12.7901 0.101633 0 0 4.64348e+42 0 0 0
2.20673e+16 5.12074e-07 5.17653e-07 1.74536e-05 1.74536e-05 1.74536e-05 0.217078 0.00146168 0 0 4.64348e+42 0 0 0
2.5483e+16 4.12393e-09 4.1648e-09 1.3026e-07 1.3026e-07 1.3026e-07 0.00162727 1.00503e-05 0 0 4.64348e+42 0 0 0
2.94273e+16 1.41875e-11 1.43151e-11 4.20117e-10 4.20117e-10 4.20117e-10 5.26563e-06 3.20281e-08 0 0 4.64348e+42 0 0 0
3.39821e+16 3.45879e-15 3.48698e-15 9.6996e-14 9.6996e-14 9.6996e-14 1.2184e-09 7.1162e-12 0 0 4.64348e+42 0 0 0
3.92419e+16 2.70291e-18 2.72283e-18 7.24251e-17 7.24251e-17 7.24251e-17 9.10758e-13 5.24955e-15 0 0 4.64348e+42 0 0 0
4.53158e+16 4.91094e-22 4.94361e-22 1.26718e-20 1.26718e-20 1.26718e-20 1.59355e-16 9.15692e-19 0 0 4.64348e+42 0 0 0
5.23299e+16 2.03855e-26 2.05077e-26 5.10021e-25 5.10021e-25 5.10021e-25 6.4074e-21 3.67948e-23 0 0 4.64348e+42 0 0 0
6.04296e+16 2.93579e-32 2.95163e-32 7.16462e-31 7.16462e-31 7.16462e-31 8.98349e-27 5.15716e-29 0 0 4.64348e+42 0 0 0
6.97831e+16 6.22575e-38 6.25596e-38 1.48987e-36 1.48987e-36 1.48987e-36 1.86299e-32 1.0695e-34 0 0 4.64348e+42 0 0 0
8.05842e+16 1.22489e-44 1.23022e-44 2.88768e-43 2.88768e-43 2.88768e-43 3.59884e-39 2.0659e-41 0 0 4.64348e+42 0 0 0
9.30572e+16 0 0 0 0 0 0 0 0 0 4.64348e+42 0 0 0