
1.07461e-07 0 0 0 1.78149e+49 2.09037e+59 0 0 1.17278e+42 0 4.64348e+42 0 0 0
1.24094e-07 0 0 3.5893e-250 2.04002e+49 1.88336e+59 0 0 1.3543e+42 0 4.64348e+42 0 0 0
1.43301e-07 0 0 4.54174e-210 2.33383e+49 1.69521e+59 0 0 1.56392e+42 0 4.64348e+42 0 0 0
1.65482e-07 0 0 2.46419e-175 2.66708e+49 1.52423e+59 0 0 1.80599e+42 0 4.64348e+42 0 0 0
1.91095e-07 0 0 3.00413e-145 3.04428e+49 1.36886e+59 0 0 2.08553e+42 0 4.64348e+42 0 0 0
2.20673e-07 0 0 3.45369e-119 3.4702e+49 1.22769e+59 0 0 2.40833e+42 0 4.64348e+42 0 0 0
2.5483e-07 0 0 1.29652e-96 3.94984e+49 1.09945e+59 0 0 2.7811e+42 0 4.64348e+42 0 0 0
2.94273e-07 0 0 4.65916e-77 4.48836e+49 9.82978e+58 0 0 3.21156e+42 0 4.64348e+42 0 0 0
3.39821e-07 0 0 4.06763e-60 5.09097e+49 8.77232e+58 0 0 3.70865e+42 0 4.64348e+42 0 0 0
3.92419e-07 0 0 1.93251e-45 5.76276e+49 7.81264e+58 0 0 4.28268e+42 0 4.64348e+42 0 0 0
4.53158e-07 0 0 1.00445e-32 6.50853e+49 6.94217e+58 0 0 4.94556e+42 0 4.64348e+42 0 0 0
5.23299e-07 0 0 1.04561e-21 7.33256e+49 6.1532e+58 0 0 5.71105e+42 0 4.64348e+42 0 0 0
6.04296e-07 0 0 3.67982e-12 8.23827e+49 5.43873e+58 0 0 6.59502e+42 0 4.64348e+42 0 0 0
6.97831e-07 0 0 0.000688946 9.22795e+49 4.79246e+58 0 0 7.61581e+42 0 4.64348e+42 0 0 0
8.05842e-07 0 0 10160.5 1.03023e+50 4.20871e+58 0 0 8.79459e+42 0 4.64348e+42 0 0 0
9.30572e-07 0 0 1.65812e+10 1.14601e+50 3.68237e+58 0 0 1.01558e+43 0 4.64348e+42 0 0 0
1.07461e-06 0 0 4.01862e+15 1.26976e+50 3.20882e+58 0 0 1.17278e+43 0 4.64348e+42 0 0 0
1.24094e-06 0 0 1.86611e+20 1.40088e+50 2.7839e+58 0 0 1.3543e+43 0 4.64348e+42 0 0 0
1.43301e-06 0 0 2.07012e+24 1.53844e+50 2.40384e+58 0 0 1.56392e+43 0 4.64348e+42 0 0 0
1.65482e-06 0 0 6.64056e+27 1.68128e+50 2.06525e+58 0 0 1.80599e+43 0 4.64348e+42 0 0 0
1.91095e-06 0 0 7.26789e+30 1.82804e+50 1.76499e+58 0 0 2.08553e+43 0 4.64348e+42 0 0 0
2.20673e-06 0 0 3.13222e+33 1.97724e+50 1.50021e+58 0 0 2.40833e+43 0 4.64348e+42 0 0 0
2.5483e-06 0 0 6.01857e+35 2.12752e+50 1.26823e+58 0 0 2.7811e+43 0 4.64348e+42 0 0 0
2.94273e-06 0 0 5.74318e+37 2.27788e+50 1.06651e+58 0 0 3.21156e+43 0 4.64348e+42 0 0 0
3.39821e-06 0 0 2.98889e+39 2.42804e+50 8.9262e+57 0 0 3.70865e+43 0 4.64348e+42 0 0 0
3.92419e-06 0 0 9.20406e+40 2.57887e+50 7.44159e+57 0 0 4.28268e+43 0 4.64348e+42 0 0 0
4.53158e-06 0 0 1.80076e+42 2.73282e+50 6.18745e+57 0 0 4.94556e+43 0 4.64348e+42 0 0 0
5.23299e-06 0 0 2.38208e+43 2.89431e+50 5.13983e+57 0 0 5.71105e+43 0 4.64348e+42 0 0 0
6.04296e-06 0 0 2.24977e+44 3.07e+50 4.27453e+57 0 0 6.59502e+43 0 4.64348e+42 0 0 0
6.97831e-06 0 0 1.59107e+45 3.26875e+50 3.56726e+57 0 0 7.61581e+43 0 4.64348e+42 0 0 0
8.05842e-06 0 0 8.78248e+45 3.50122e+50 2.99404e+57 0 0 8.79459e+43 0 4.64348e+42 0 0 0
9.30572e-06 0 0 3.92125e+46 3.77904e+50 2.5317e+57 0 0 1.01558e+44 0 4.64348e+42 0 0 0
1.07461e-05 0 0 1.45971e+47 4.11368e+50 2.15866e+57 0 0 1.17278e+44 0 4.64348e+42 0 0 0
1.24094e-05 0 0 4.64657e+47 4.51522e+50 1.85563e+57 0 0 1.3543e+44 0 4.64348e+42 0 0 0
1.43301e-05 0 0 1.29156e+48 4.9914e+50 1.60622e+57 0 0 1.56392e+44 0 4.64348e+42 0 0 0
1.65482e-05 0 0 3.18967e+48 5.54739e+50 1.39731e+57 0 0 1.80599e+44 0 4.64348e+42 0 0 0
1.91095e-05 0 0 7.102e+48 6.1864e+50 1.21903e+57 0 0 2.08553e+44 0 4.64348e+42 0 0 0
2.20673e-05 0 0 1.44387e+49 6.91111e+50 1.06444e+57 0 0 2.40833e+44 0 4.64348e+42 0 0 0
2.5483e-05 0 0 2.71071e+49 7.72539e+50 9.28889e+56 0 0 2.78109e+44 0 4.64348e+42 0 0 0
2.94273e-05 0 0 4.74758e+49 8.63594e+50 8.09359e+56 0 0 3.21156e+44 0 4.64348e+42 0 0 0
3.39821e-05 0 0 7.82888e+49 9.65327e+50 7.03823e+56 0 0 3.70865e+44 0 4.64348e+42 0 0 0
3.92419e-05 0 0 1.22565e+50 1.07923e+51 6.10792e+56 0 0 4.28268e+44 0 4.64348e+42 0 0 0
4.53158e-05 0 0 1.83517e+50 1.20723e+51 5.29033e+56 0 0 4.94556e+44 0 4.64348e+42 0 0 0
5.23299e-05 0 0 2.64511e+50 1.35177e+51 4.57432e+56 0 0 5.71104e+44 0 4.64348e+42 0 0 0
6.04296e-05 0 0 3.69082e+50 1.51574e+51 3.94941e+56 0 0 6.59501e+44 0 4.64348e+42 0 0 0
6.97831e-05 0 0 5.00986e+50 1.70253e+51 3.40565e+56 0 0 7.61579e+44 0 4.64348e+42 0 0 0
8.05842e-05 0 0 6.64286e+50 1.91609e+51 2.9336e+56 0 0 8.79458e+44 0 4.64348e+42 0 0 0
9.30572e-05 0 0 8.63455e+50 2.1609e+51 2.52451e+56 0 0 1.01558e+45 0 4.64348e+42 0 0 0
0.000107461 0 0 1.10352e+51 2.44216e+51 2.17034e+56 0 0 1.17277e+45 0 4.64348e+42 0 0 0
0.000124094 0 0 1.39023e+51 2.76593e+51 1.8639e+56 0 0 1.3543e+45 0 4.64348e+42 0 0 0
0.000143301 0 0 1.73037e+51 3.13943e+51 1.59884e+56 0 0 1.56392e+45 0 4.64348e+42 0 0 0
0.000165482 0 0 2.13209e+51 3.5714e+51 1.36967e+56 0 0 1.80598e+45 0 4.64348e+42 0 0 0
0.000191095 0 0 2.60524e+51 4.07243e+51 1.17164e+56 0 0 2.08552e+45 0 4.64348e+42 0 0 0
0.000220673 0 0 3.1618e+51 4.65518e+51 1.00069e+56 0 0 2.40832e+45 0 4.64348e+42 0 0 0
0.00025483 0 0 3.81615e+51 5.33469e+51 8.53269e+55 0 0 2.78108e+45 0 4.64348e+42 0 0 0
0.000294273 0 0 4.58544e+51 6.12866e+51 7.26308e+55 0 0 3.21154e+45 0 4.64348e+42 0 0 0
0.000339821 0 0 5.49017e+51 7.05802e+51 6.17116e+55 0 0 3.70862e+45 0 4.64348e+42 0 0 0
0.000392419 0 0 6.55487e+51 8.14776e+51 5.23341e+55 0 0 4.28264e+45 0 4.64348e+42 0 0 0
0.000453158 0 0 7.80908e+51 9.42783e+51 4.42931e+55 0 0 4.94551e+45 0 4.64348e+42 0 0 0
0.000523299 0 0 9.28834e+51 1.09341e+52 3.74093e+55 0 0 5.71098e+45 0 4.64348e+42 0 0 0
0.000604296 0 0 1.10352e+52 1.27096e+52 3.15267e+55 0 0 6.59492e+45 0 4.64348e+42 0 0 0
0.000697831 0 0 1.31008e+52 1.48055e+52 2.65092e+55 0 0 7.61568e+45 0 4.64348e+42 0 0 0
0.000805842 0 0 1.55461e+52 1.72834e+52 2.22381e+55 0 0 8.79442e+45 0 4.64348e+42 0 0 0
0.000930572 0 0 1.84448e+52 2.02169e+52 1.861e+55 0 0 1.01556e+46 0 4.64348e+42 0 0 0
0.00107461 0 0 2.18852e+52 2.36947e+52 1.55352e+55 0 0 1.17275e+46 0 4.64348e+42 0 0 0
0.00124094 0 0 2.59737e+52 2.78234e+52 1.29352e+55 0 0 1.35426e+46 0 4.64348e+42 0 0 0
0.00143301 0 0 3.08386e+52 3.27315e+52 1.07423e+55 0 0 1.56387e+46 0 4.64348e+42 0 0 0
0.00165482 0 0 3.66346e+52 3.85741e+52 8.89727e+54 0 0 1.80592e+46 0 4.64348e+42 0 0 0
0.00191095 0 0 4.3549e+52 4.55385e+52 7.34916e+54 0 0 2.08543e+46 0 4.64348e+42 0 0 0
0.00220673 0 0 5.18083e+52 5.38518e+52 6.05371e+54 0 0 2.4082e+46 0 4.64348e+42 0 0 0
0.0025483 0 0 6.16877e+52 6.37892e+52 4.97275e+54 0 0 2.78092e+46 0 4.64348e+42 0 0 0
0.00294273 0 0 7.35212e+52 7.56852e+52 4.07338e+54 0 0 3.21133e+46 0 4.64348e+42 0 0 0
0.00339821 0 0 8.77156e+52 8.99469e+52 3.32731e+54 0 0 3.70835e+46 0 4.64348e+42 0 0 0
0.00392419 0 0 1.04766e+53 1.0707e+53 2.71026e+54 0 0 4.28228e+46 0 4.64348e+42 0 0 0
0.00453158 0 0 1.25279e+53 1.27661e+53 2.20148e+54 0 0 4.94502e+46 0 4.64348e+42 0 0 0
0.00523299 0 0 1.49992e+53 1.52459e+53 1.78325e+54 0 0 5.71033e+46 0 4.64348e+42 0 0 0
0.00604296 0 0 1.79749e+53 1.82306e+53 1.44053e+54 0 0 6.59405e+46 0 4.64348e+42 0 0 0
0.00697831 0 0 2.14791e+53 2.17435e+53 1.16055e+54 0 0 7.61452e+46 0 4.64348e+42 0 0 0
0.00805842 0 0 2.5207e+53 2.54754e+53 9.32521e+53 0 0 8.79288e+46 0 4.64348e+42 0 0 0
0.00930572 0 0 2.83182e+53 2.85792e+53 7.47369e+53 0 0 1.01536e+47 0 4.64348e+42 0 0 0
0.0107461 0 0 2.98538e+53 3.00919e+53 5.97482e+53 0 0 1.17247e+47 0 4.64348e+42 0 0 0
0.0124094 0 0 2.94077e+53 2.96107e+53 4.765e+53 0 0 1.3539e+47 0 4.64348e+42 0 0 0
0.0143301 0 0 2.72755e+53 2.74385e+53 3.79128e+53 0 0 1.56338e+47 0 4.64348e+42 0 0 0
0.0165482 0 0 2.41125e+53 2.42372e+53 3.00978e+53 0 0 1.80527e+47 0 4.64348e+42 0 0 0
0.0191095 0 0 2.05632e+53 2.06553e+53 2.38424e+53 0 0 2.08456e+47 0 4.64348e+42 0 0 0
0.0220673 0 0 1.70859e+53 1.71521e+53 1.88483e+53 0 0 2.40704e+47 0 4.64348e+42 0 0 0
0.025483 0 0 1.39364e+53 1.39832e+53 1.48713e+53 0 0 2.77938e+47 0 4.64348e+42 0 0 0
0.0294273 0 0 1.12198e+53 1.12524e+53 1.17116e+53 0 0 3.20927e+47 0 4.64348e+42 0 0 0
0.0339821 0 0 8.94941e+52 8.97192e+52 9.20705e+52 0 0 3.7056e+47 0 4.64348e+42 0 0 0
0.0392419 0 0 7.09115e+52 7.10659e+52 7.22604e+52 0 0 4.27862e+47 0 4.64348e+42 0 0 0
0.0453158 0 0 5.5915e+52 5.60204e+52 5.66234e+52 0 0 4.94015e+47 0 4.64348e+42 0 0 0
0.0523299 0 0 4.39295e+52 4.40012e+52 4.43039e+52 0 0 5.70383e+47 0 4.64348e+42 0 0 0
0.0604296 0 0 3.44159e+52 3.44646e+52 3.46158e+52 0 0 6.58538e+47 0 4.64348e+42 0 0 0
0.0697831 0 0 2.69017e+52 2.69347e+52 2.70099e+52 0 0 7.60296e+47 0 4.64348e+42 0 0 0
0.0805842 0 0 2.09888e+52 2.1011e+52 2.10483e+52 0 0 8.77747e+47 0 4.64348e+42 0 0 0
0.0930572 0 0 1.63492e+52 1.63642e+52 1.63826e+52 0 0 1.0133e+48 0 4.64348e+42 0 0 0
0.107461 0 0 1.2717e+52 1.27271e+52 1.27362e+52 0 0 1.16973e+48 0 4.64348e+42 0 0 0
0.124094 4.00233e-270 4.00233e-270 9.87904e+51 9.88584e+51 9.89029e+51 0 0 1.35024e+48 2.68668e-272 4.64348e+42 0 0 0
0.143301 3.82227e-186 3.82227e-186 7.6652e+51 7.66977e+51 7.67195e+51 0 0 1.55851e+48 2.86361e-188 4.64348e+42 0 0 0
0.165482 3.88872e-124 3.88872e-124 5.94074e+51 5.9438e+51 5.94487e+51 0 0 1.79878e+48 3.25523e-126 4.64348e+42 0 0 0
0.191095 2.30066e-78 2.30066e-78 4.59923e+51 4.60129e+51 4.60181e+51 0 0 2.07591e+48 2.15417e-80 4.64348e+42 0 0 0
0.220673 1.37329e-44 1.37329e-44 3.55691e+51 3.55829e+51 3.55854e+51 0 0 2.3955e+48 1.4398e-46 4.64348e+42 0 0 0
0.25483 1.12311e-19 1.12311e-19 2.74797e+51 2.74889e+51 2.74901e+51 0 0 2.764e+48 1.31985e-21 4.64348e+42 0 0 0
0.294273 0.260016 0.260016 2.12084e+51 2.12145e+51 2.12151e+51 0 0 3.18876e+48 0.00342848 4.64348e+42 0 0 0
0.339821 8.75555e+12 8.75555e+12 1.63517e+51 1.63558e+51 1.63561e+51 0 0 3.67826e+48 1.29667e+11 4.64348e+42 0 0 0
0.392419 7.87802e+22 7.87802e+22 1.25944e+51 1.25972e+51 1.25973e+51 0 0 4.24218e+48 1.31173e+21 4.64348e+42 0 0 0
0.453158 1.62722e+30 1.62722e+30 9.69069e+50 9.69252e+50 9.69258e+50 0 0 4.89158e+48 3.04926e+28 4.64348e+42 0 0 0
0.523299 3.77984e+35 3.77984e+35 7.44883e+50 7.45005e+50 7.45011e+50 0 0 5.6391e+48 7.97968e+33 4.64348e+42 0 0 0
0.604296 3.19402e+39 3.19402e+39 5.71983e+50 5.72064e+50 5.72067e+50 0 0 6.49913e+48 7.60416e+37 4.64348e+42 0 0 0
0.697831 2.337e+42 2.337e+42 4.38769e+50 4.38822e+50 4.38824e+50 0 0 7.48804e+48 6.28082e+40 4.64348e+42 0 0 0
0.805842 2.80951e+44 2.80951e+44 3.36239e+50 3.36274e+50 3.36275e+50 0 0 8.62436e+48 8.53241e+42 4.64348e+42 0 0 0
0.930572 8.90675e+45 8.90675e+45 2.57409e+50 2.57432e+50 2.57433e+50 0 0 9.92906e+48 3.05971e+44 4.64348e+42 0 0 0
1.07461 1.05598e+47 1.05598e+47 1.96865e+50 1.9688e+50 1.96881e+50 0 0 1.14257e+49 4.10739e+45 4.64348e+42 0 0 0
1.24094 6.06011e+47 6.06011e+47 1.50415e+50 1.50426e+50 1.50426e+50 0 0 1.31408e+49 2.67153e+46 4.64348e+42 0 0 0
1.43301 2.03661e+48 2.03661e+48 1.14818e+50 1.14824e+50 1.14824e+50 0 0 1.51037e+49 1.0185e+47 4.64348e+42 0 0 0
1.65482 4.61313e+48 4.61313e+48 8.75663e+49 8.75708e+49 8.75708e+49 0 0 1.7347e+49 2.61947e+47 4.64348e+42 0 0 0
1.91095 7.8129e+48 7.8129e+48 6.67268e+49 6.67298e+49 6.67298e+49 0 0 1.99066e+49 5.04145e+47 4.64348e+42 0 0 0
2.20673 1.0681e+49 1.0681e+49 5.08074e+49 5.08094e+49 5.08094e+49 0 0 2.28212e+49 7.83821e+47 4.64348e+42 0 0 0
2.5483 1.2472e+49 1.2472e+49 3.8659e+49 3.86603e+49 3.86603e+49 0 0 2.61327e+49 1.0416e+48 4.64348e+42 0 0 0
2.94273 1.29684e+49 1.29684e+49 2.93976e+49 2.93984e+49 2.93984e+49 0 0 2.98848e+49 1.23332e+48 4.64348e+42 0 0 0
3.39821 1.23828e+49 1.23828e+49 2.23435e+49 2.23441e+49 2.23441e+49 0 0 3.41229e+49 1.34168e+48 4.64348e+42 0 0 0
3.92419 1.11067e+49 1.11067e+49 1.69753e+49 1.69757e+49 1.69757e+49 0 0 3.8892e+49 1.3716e+48 4.64348e+42 0 0 0
4.53158 9.51597e+48 9.51597e+48 1.28933e+49 1.28935e+49 1.28935e+49 0 0 4.42349e+49 1.33976e+48 4.64348e+42 0 0 0
5.23299 7.88471e+48 7.88471e+48 9.79121e+48 9.79137e+48 9.79137e+48 0 0 5.01893e+49 1.26577e+48 4.64348e+42 0 0 0
6.04296 6.37584e+48 6.37584e+48 7.43521e+48 7.43531e+48 7.43531e+48 0 0 5.67833e+49 1.16713e+48 4.64348e+42 0 0 0
6.97831 5.06556e+48 5.06556e+48 5.64659e+48 5.64666e+48 5.64666e+48 0 0 6.40302e+49 1.05725e+48 4.64348e+42 0 0 0
8.05842 3.97384e+48 3.97384e+48 4.28911e+48 4.28916e+48 4.28916e+48 0 0 7.19214e+49 9.45441e+47 4.64348e+42 0 0 0
9.30572 3.08941e+48 3.08941e+48 3.25902e+48 3.25905e+48 3.25905e+48 0 0 8.0417e+49 8.37583e+47 4.64348e+42 0 0 0
10.7461 2.38669e+48 2.38669e+48 2.47739e+48 2.47741e+48 2.47741e+48 0 0 8.94348e+49 7.37026e+47 4.64348e+42 0 0 0
12.4094 1.83586e+48 1.83586e+48 1.88423e+48 1.88424e+48 1.88424e+48 0 0 9.88373e+49 6.45386e+47 4.64348e+42 0 0 0
14.3301 1.40815e+48 1.40815e+48 1.434e+48 1.43401e+48 1.43401e+48 0 0 1.08416e+50 5.63162e+47 4.64348e+42 0 0 0
16.5482 1.07819e+48 1.07819e+48 1.09215e+48 1.09215e+48 1.09215e+48 0 0 1.17878e+50 4.90181e+47 4.64348e+42 0 0 0
19.1095 8.24764e+47 8.24764e+47 8.32472e+47 8.32476e+47 8.32476e+47 0 0 1.2683e+50 4.25891e+47 4.64348e+42 0 0 0
22.0673 6.30692e+47 6.30692e+47 6.35114e+47 6.35116e+47 6.35116e+47 0 0 1.34771e+50 3.69558e+47 4.64348e+42 0 0 0
25.483 4.82342e+47 4.82342e+47 4.85028e+47 4.8503e+47 4.8503e+47 0 0 1.41094e+50 3.2038e+47 4.64348e+42 0 0 0
29.4273 3.69058e+47 3.69058e+47 3.70813e+47 3.70814e+47 3.70814e+47 0 0 1.45107e+50 2.7756e+47 4.64348e+42 0 0 0
33.9821 2.82589e+47 2.82589e+47 2.83829e+47 2.8383e+47 2.8383e+47 0 0 1.46082e+50 2.40341e+47 4.64348e+42 0 0 0
39.2419 2.16587e+47 2.16587e+47 2.17529e+47 2.17529e+47 2.17529e+47 0 0 1.43341e+50 2.08032e+47 4.64348e+42 0 0 0
45.3158 1.66189e+47 1.66189e+47 1.66946e+47 1.66947e+47 1.66947e+47 0 0 1.36378e+50 1.80008e+47 4.64348e+42 0 0 0
52.3299 1.27681e+47 1.27681e+47 1.28315e+47 1.28315e+47 1.28315e+47 0 0 1.25028e+50 1.55715e+47 4.64348e+42 0 0 0
60.4296 9.82307e+46 9.82307e+46 9.87745e+46 9.87747e+46 9.87747e+46 0 0 1.09623e+50 1.34664e+47 4.64348e+42 0 0 0
69.7831 7.56805e+46 7.56805e+46 7.61551e+46 7.61552e+46 7.61552e+46 0 0 9.11138e+49 1.16427e+47 4.64348e+42 0 0 0
80.5842 5.83898e+46 5.83898e+46 5.88081e+46 5.88082e+46 5.88082e+46 0 0 7.10459e+49 1.0063e+47 4.64348e+42 0 0 0
93.0572 4.51112e+46 4.51112e+46 4.54823e+46 4.54823e+46 4.54823e+46 0 0 5.13508e+49 8.69483e+46 4.64348e+42 0 0 0
107.461 3.48973e+46 3.48973e+46 3.52279e+46 3.52279e+46 3.52279e+46 0 0 3.39335e+49 7.50997e+46 4.64348e+42 0 0 0
124.094 2.70287e+46 2.70287e+46 2.7324e+46 2.73241e+46 2.73241e+46 0 0 2.01837e+49 6.48392e+46 4.64348e+42 0 0 0
143.301 2.09584e+46 2.09584e+46 2.12228e+46 2.12228e+46 2.12228e+46 0 0 1.06167e+49 5.59543e+46 4.64348e+42 0 0 0
165.482 1.62697e+46 1.62697e+46 1.65068e+46 1.65068e+46 1.65068e+46 0 0 4.84082e+48 4.8261e+46 4.64348e+42 0 0 0
191.095 1.26438e+46 1.26438e+46 1.28568e+46 1.28568e+46 1.28568e+46 0 0 1.87037e+48 4.15997e+46 4.64348e+42 0 0 0
220.673 9.83669e+45 9.83669e+45 1.00282e+46 1.00282e+46 1.00282e+46 0 0 5.96697e+47 3.58324e+46 4.64348e+42 0 0 0
254.83 7.66076e+45 7.66076e+45 7.83325e+45 7.83325e+45 7.83325e+45 0 0 1.52567e+47 3.08394e+46 4.64348e+42 0 0 0
294.273 5.97197e+45 5.97197e+45 6.1275e+45 6.1275e+45 6.1275e+45 0 0 3.02102e+46 2.65171e+46 4.64348e+42 0 0 0
339.821 4.65958e+45 4.65958e+45 4.79999e+45 4.79999e+45 4.79999e+45 0 0 4.45286e+45 2.2776e+46 4.64348e+42 0 0 0
392.419 3.63843e+45 3.63843e+45 3.76534e+45 3.76534e+45 3.76534e+45 0 0 4.66739e+44 1.95383e+46 4.64348e+42 0 0 0
453.158 2.84293e+45 2.84293e+45 2.95774e+45 2.95774e+45 2.95774e+45 0 0 3.30021e+43 1.67368e+46 4.64348e+42 0 0 0
523.299 2.22245e+45 2.22245e+45 2.32642e+45 2.32642e+45 2.32642e+45 0 0 1.48109e+42 1.43134e+46 4.64348e+42 0 0 0
604.296 1.73788e+45 1.73788e+45 1.83209e+45 1.83209e+45 1.83209e+45 0 0 3.93216e+40 1.22178e+46 4.64348e+42 0 0 0
697.831 1.35894e+45 1.35894e+45 1.44437e+45 1.44437e+45 1.44437e+45 0 0 5.69385e+38 1.04063e+46 4.64348e+42 0 0 0
805.842 1.06223e+45 1.06223e+45 1.13971e+45 1.13971e+45 1.13971e+45 0 0 4.09406e+36 8.84141e+45 4.64348e+42 0 0 0
930.572 8.29631e+44 8.29631e+44 8.99897e+44 8.99897e+44 8.99897e+44 0 0 1.31165e+34 7.49043e+45 4.64348e+42 0 0 0
1074.61 6.47093e+44 6.47093e+44 7.10788e+44 7.10788e+44 7.10788e+44 0 0 1.65217e+31 6.3252e+45 4.64348e+42 0 0 0
1240.94 5.03737e+44 5.03737e+44 5.6142e+44 5.6142e+44 5.6142e+44 0 0 7.08131e+27 5.32133e+45 4.64348e+42 0 0 0
1433.01 3.9111e+44 3.9111e+44 4.43273e+44 4.43273e+44 4.43273e+44 0 0 8.74033e+23 4.45776e+45 4.64348e+42 0 0 0
1654.82 3.02635e+44 3.02635e+44 3.49709e+44 3.49709e+44 3.49709e+44 0 0 2.56222e+19 3.71623e+45 4.64348e+42 0 0 0
1910.95 2.3318e+44 2.3318e+44 2.75548e+44 2.75548e+44 2.75548e+44 0 0 1.42805e+14 3.08098e+45 4.64348e+42 0 0 0
2206.73 1.78733e+44 1.78733e+44 2.16738e+44 2.16738e+44 2.16738e+44 0 0 1.17035e+08 2.53831e+45 4.64348e+42 0 0 0
2548.3 1.36147e+44 1.36147e+44 1.70097e+44 1.70097e+44 1.70097e+44 0 0 10.4827 2.07636e+45 4.64348e+42 0 0 0
2942.73 1.02945e+44 1.02945e+44 1.33125e+44 1.33125e+44 1.33125e+44 0 0 7.28459e-08 1.68482e+45 4.64348e+42 0 0 0
3398.21 7.71719e+43 7.71719e+43 1.03847e+44 1.03847e+44 1.03847e+44 0 0 2.64403e-17 1.35468e+45 4.64348e+42 0 0 0
3924.19 5.72772e+43 5.72772e+43 8.07003e+43 8.07003e+43 8.07003e+43 0 0 3.17406e-28 1.07806e+45 4.64348e+42 0 0 0
4531.58 4.20279e+43 4.20279e+43 6.2442e+43 6.2442e+43 6.2442e+43 0 0 7.43527e-41 8.48001e+44 4.64348e+42 0 0 0
5232.99 3.14321e+43 3.14321e+43 4.87172e+43 4.87172e+43 4.87172e+43 0 0 1.84793e-55 6.79839e+44 4.64348e+42 0 0 0
6042.96 2.26504e+43 2.26504e+43 3.74478e+43 3.74478e+43 3.74478e+43 0 0 2.41099e-72 5.25172e+44 4.64348e+42 0 0 0
6978.31 1.60983e+43 1.60983e+43 2.8646e+43 2.8646e+43 2.8646e+43 0 0 7.32727e-92 4.00173e+44 4.64348e+42 0 0 0
8058.42 1.12704e+43 1.12704e+43 2.18026e+43 2.18026e+43 2.18026e+43 0 0 2.02966e-114 3.00408e+44 4.64348e+42 0 0 0
9305.72 7.76258e+42 7.76258e+42 1.65086e+43 1.65086e+43 1.65086e+43 0 0 1.73403e-140 2.21892e+44 4.64348e+42 0 0 0
10746.1 5.25354e+42 5.25354e+42 1.24353e+43 1.24353e+43 1.24353e+43 0 0 1.30747e-170 1.6106e+44 4.64348e+42 0 0 0
12409.4 3.48957e+42 3.48957e+42 9.31927e+42 9.31927e+42 9.31927e+42 0 0 2.05124e-205 1.14735e+44 4.64348e+42 0 0 0
14330.1 2.27249e+42 2.27249e+42 6.94953e+42 6.94953e+42 6.94953e+42 0 0 1.26229e-245 8.01184e+43 4.64348e+42 0 0 0
16548.2 1.44955e+42 1.44955e+42 5.15814e+42 5.15814e+42 5.15814e+42 0 0 0 5.47769e+43 4.64348e+42 0 0 0
19109.5 9.04983e+41 9.04983e+41 3.81196e+42 3.81196e+42 3.81196e+42 0 0 0 3.66302e+43 4.64348e+42 0 0 0
22067.3 5.52714e+41 5.52714e+41 2.80618e+42 2.80618e+42 2.80618e+42 0 0 0 2.39378e+43 4.64348e+42 0 0 0
25483 3.30164e+41 3.30164e+41 2.05882e+42 2.05882e+42 2.05882e+42 0 0 0 1.52779e+43 4.64348e+42 0 0 0
29427.3 1.92938e+41 1.92938e+41 1.50631e+42 1.50631e+42 1.50631e+42 0 0 0 9.52024e+42 4.64348e+42 0 0 0
33982.1 1.10375e+41 1.10375e+41 1.09971e+42 1.09971e+42 1.09971e+42 0 0 0 5.79264e+42 4.64348e+42 0 0 0
39241.9 6.18926e+40 6.18926e+40 8.01705e+41 8.01705e+41 8.01705e+41 0 0 0 3.44351e+42 4.64348e+42 0 0 0
45315.8 3.40855e+40 3.40855e+40 5.84017e+41 5.84017e+41 5.84017e+41 0 0 0 2.00222e+42 4.64348e+42 0 0 0
52329.9 1.84852e+40 1.84852e+40 4.25427e+41 4.25427e+41 4.25427e+41 0 0 0 1.14067e+42 4.64348e+42 0 0 0
60429.6 9.90589e+39 9.90589e+39 3.10116e+41 3.10116e+41 3.10116e+41 0 0 0 6.38222e+41 4.64348e+42 0 0 0
69783.1 5.26743e+39 5.26743e+39 2.2637e+41 2.2637e+41 2.2637e+41 0 0 0 3.51738e+41 4.64348e+42 0 0 0
80584.2 2.79288e+39 2.79288e+39 1.65574e+41 1.65574e+41 1.65574e+41 0 0 0 1.916e+41 4.64348e+42 0 0 0
93057.2 1.48457e+39 1.48457e+39 1.21423e+41 1.21423e+41 1.21423e+41 0 0 0 1.03546e+41 4.64348e+42 0 0 0
107461 7.95693e+38 7.95693e+38 8.93227e+40 8.93227e+40 8.93227e+40 0 0 0 5.57326e+40 4.64348e+42 0 0 0
124094 4.32534e+38 4.32534e+38 6.59422e+40 6.59422e+40 6.59422e+40 0 0 0 2.99858e+40 4.64348e+42 0 0 0
143301 2.39818e+38 2.39818e+38 4.88705e+40 4.88705e+40 4.88705e+40 0 0 0 1.61781e+40 4.64348e+42 0 0 0
165482 1.3633e+38 1.3633e+38 3.63674e+40 3.63674e+40 3.63674e+40 0 0 0 8.77313e+39 4.64348e+42 0 0 0
191095 7.9819e+37 7.9819e+37 2.7178e+40 2.7178e+40 2.7178e+40 0 0 0 4.78771e+39 4.64348e+42 0 0 0
220673 4.83093e+37 4.83093e+37 2.03976e+40 2.03976e+40 2.03976e+40 0 0 0 2.62904e+39 4.64348e+42 0 0 0
254830 3.03092e+37 3.03092e+37 1.53739e+40 1.53739e+40 1.53739e+40 0 0 0 1.45035e+39 4.64348e+42 0 0 0
294273 1.97504e+37 1.97504e+37 1.16359e+40 1.16359e+40 1.16359e+40 0 0 0 8.01325e+38 4.64348e+42 0 0 0
339821 1.33825e+37 1.33825e+37 8.84243e+39 8.84243e+39 8.84243e+39 0 0 0 4.41351e+38 4.64348e+42 0 0 0
392419 9.43405e+36 9.43405e+36 6.74594e+39 6.74594e+39 6.74594e+39 0 0 0 2.4084e+38 4.64348e+42 0 0 0
453158 6.91962e+36 6.91962e+36 5.16602e+39 5.16602e+39 5.16602e+39 0 0 0 1.29216e+38 4.64348e+42 0 0 0
523299 5.27902e+36 5.27902e+36 3.97062e+39 3.97062e+39 3.97062e+39 7.51208e+31 2.67209e+36 0 6.75375e+37 4.64348e+42 0 0 0
604296 4.18632e+36 4.18632e+36 3.06267e+39 3.06267e+39 3.06267e+39 1.16787e+32 2.68319e+36 0 3.40152e+37 4.64348e+42 0 0 0
697831 3.44748e+36 3.44748e+36 2.37049e+39 2.37049e+39 2.37049e+39 1.58453e+32 2.6943e+36 0 1.62981e+37 4.64348e+42 0 0 0
805842 2.94432e+36 2.94432e+36 1.84087e+39 1.84087e+39 1.84087e+39 2.00118e+32 2.7054e+36 0 7.31845e+36 4.64348e+42 0 0 0
930572 2.60331e+36 2.60331e+36 1.43418e+39 1.43418e+39 1.43418e+39 2.41784e+32 2.7165e+36 0 3.02626e+36 4.64348e+42 0 0 0
1.07461e+06 2.37775e+36 2.37775e+36 1.12077e+39 1.12077e+39 1.12077e+39 3.07268e+32 2.73036e+36 0 1.12907e+36 4.64348e+42 0 0 0
1.24094e+06 2.23688e+36 2.23688e+36 8.78369e+38 8.78369e+38 8.78369e+38 4.14187e+32 2.7334e+36 0 3.71083e+35 4.64348e+42 0 0 0
1.43301e+06 2.15869e+36 2.15869e+36 6.90176e+38 6.90176e+38 6.90176e+38 5.55542e+32 2.73724e+36 0 1.04438e+35 4.64348e+42 0 0 0
1.65482e+06 2.12704e+36 2.12704e+36 5.43512e+38 5.43512e+38 5.43512e+38 7.43098e+32 2.74214e+36 0 2.43614e+34 4.64348e+42 0 0 0
1.91095e+06 2.12973e+36 2.12973e+36 4.28793e+38 4.28793e+38 4.28793e+38 1.01249e+33 2.74891e+36 0 4.53823e+33 4.64348e+42 0 0 0
2.20673e+06 2.15683e+36 2.15683e+36 3.38751e+38 3.38751e+38 3.38751e+38 1.35921e+33 2.7576e+36 0 6.47377e+32 4.64348e+42 0 0 0
2.5483e+06 2.19952e+36 2.19952e+36 2.67854e+38 2.67854e+38 2.67854e+38 1.8163e+33 2.76897e+36 0 6.74284e+31 4.64348e+42 0 0 0
2.94273e+06 2.24928e+36 2.24928e+36 2.11871e+38 2.11871e+38 2.11871e+38 2.42523e+33 2.78387e+36 0 4.85798e+30 4.64348e+42 0 0 0
3.39821e+06 2.29758e+36 2.29758e+36 1.67554e+38 1.67554e+38 1.67554e+38 3.30737e+33 2.8048e+36 0 2.27652e+29 4.64348e+42 0 0 0
3.92419e+06 2.33592e+36 2.33592e+36 1.324e+38 1.324e+38 1.324e+38 4.46361e+33 2.83214e+36 0 6.46875e+27 4.64348e+42 0 0 0
4.53158e+06 2.35619e+36 2.35619e+36 1.0447e+38 1.0447e+38 1.0447e+38 6.02983e+33 2.86775e+36 0 1.02872e+26 4.64348e+42 0 0 0
5.23299e+06 2.3512e+36 2.3512e+36 8.22593e+37 8.22593e+37 8.22593e+37 8.13047e+33 2.91358e+36 0 8.35359e+23 4.64348e+42 0 0 0
6.04296e+06 2.31545e+36 2.31545e+36 6.45913e+37 6.45913e+37 6.45913e+37 1.11245e+34 2.97686e+36 0 3.11813e+21 4.64348e+42 0 0 0
6.97831e+06 2.24573e+36 2.24573e+36 5.05448e+37 5.05448e+37 5.05448e+37 1.50237e+34 3.05331e+36 0 4.74187e+18 4.64348e+42 0 0 0
8.05842e+06 2.14166e+36 2.14166e+36 3.93946e+37 3.93946e+37 3.93946e+37 2.01563e+34 3.14695e+36 0 2.55734e+15 4.64348e+42 0 0 0
9.30572e+06 2.00583e+36 2.00583e+36 3.05659e+37 3.05659e+37 3.05659e+37 2.7021e+34 3.25443e+36 0 4.16941e+11 4.64348e+42 0 0 0
1.07461e+07 1.84354e+36 1.84354e+36 2.36e+37 2.36e+37 2.36e+37 3.64829e+34 3.4049e+36 0 1.70979e+07 4.64348e+42 0 0 0
1.24094e+07 1.66206e+36 1.66206e+36 1.81276e+37 1.81276e+37 1.81276e+37 4.82414e+34 3.5458e+36 0 142.669 4.64348e+42 0 0 0
1.43301e+07 1.46971e+36 1.46971e+36 1.38501e+37 1.38501e+37 1.38501e+37 6.26558e+34 3.68515e+36 0 0.000189693 4.64348e+42 0 0 0
1.65482e+07 1.27494e+36 1.27494e+36 1.05246e+37 1.05246e+37 1.05246e+37 7.99598e+34 3.81722e+36 0 3.03106e-11 4.64348e+42 0 0 0
1.91095e+07 1.08547e+36 1.08547e+36 7.95471e+36 7.95471e+36 7.95471e+36 1.0134e+35 3.93487e+36 0 4.20292e-19 4.64348e+42 0 0 0
2.20673e+07 9.07559e+35 9.07559e+35 5.98054e+36 5.98054e+36 5.98054e+36 1.24005e+35 4.03409e+36 0 3.47277e-28 4.64348e+42 0 0 0
2.5483e+07 7.459e+35 7.459e+35 4.47419e+36 4.47419e+36 4.47419e+36 1.48676e+35 4.10225e+36 0 1.10786e-38 4.64348e+42 0 0 0
2.94273e+07 6.03321e+35 6.03321e+35 3.33252e+36 3.33252e+36 3.33252e+36 1.73462e+35 4.10273e+36 0 8.26666e-51 4.64348e+42 0 0 0
3.39821e+07 4.81066e+35 4.81066e+35 2.47367e+36 2.47367e+36 2.47367e+36 1.98336e+35 4.02369e+36 0 8.08862e-65 4.64348e+42 0 0 0
3.92419e+07 3.78717e+35 3.78717e+35 1.83138e+36 1.83138e+36 1.83138e+36 2.19014e+35 3.8636e+36 0 5.31942e-81 4.64348e+42 0 0 0
4.53158e+07 2.9506e+35 2.9506e+35 1.35458e+36 1.35458e+36 1.35458e+36 2.3701e+35 3.6515e+36 0 1.08667e-99 4.64348e+42 0 0 0
5.23299e+07 2.28012e+35 2.28012e+35 1.0025e+36 1.0025e+36 1.0025e+36 2.51087e+35 3.40584e+36 0 2.82787e-121 4.64348e+42 0 0 0
6.04296e+07 1.75081e+35 1.75081e+35 7.43194e+35 7.43194e+35 7.43194e+35 2.5923e+35 3.10127e+36 0 3.34875e-146 4.64348e+42 0 0 0
6.97831e+07 1.33795e+35 1.33795e+35 5.52405e+35 5.52405e+35 5.52405e+35 2.60696e+35 2.75267e+36 0 5.49622e-175 4.64348e+42 0 0 0
8.05842e+07 1.01899e+35 1.01899e+35 4.11997e+35 4.11997e+35 4.11997e+35 2.56138e+35 2.36357e+36 0 3.16771e-208 4.64348e+42 0 0 0
9.30572e+07 7.73881e+34 7.73881e+34 3.08313e+35 3.08313e+35 3.08313e+35 2.45721e+35 1.94873e+36 0 1.31321e-246 4.64348e+42 0 0 0
1.07461e+08 5.85633e+34 5.85633e+34 2.312e+35 2.312e+35 2.312e+35 2.2937e+35 1.52264e+36 0 0 4.64348e+42 267.337 0 0
1.24094e+08 4.42281e+34 4.42281e+34 1.73913e+35 1.73913e+35 1.73913e+35 2.1035e+35 1.17766e+36 0 0 4.64348e+42 234.86 0 0
1.43301e+08 3.32787e+34 3.32787e+34 1.30945e+35 1.30945e+35 1.30945e+35 1.88601e+35 8.93599e+35 0 0 4.64348e+42 206.329 0 0
1.65482e+08 2.48959e+34 2.48959e+34 9.84378e+34 9.84378e+34 9.84378e+34 1.64841e+35 6.67039e+35 0 0 4.64348e+42 181.263 0 0
1.91095e+08 1.83792e+34 1.83792e+34 7.33023e+34 7.33023e+34 7.33023e+34 1.38139e+35 4.8082e+35 0 0 4.64348e+42 159.243 0 0
2.20673e+08 1.35124e+34 1.35124e+34 5.45461e+34 5.45461e+34 5.45461e+34 1.1451e+35 3.53461e+35 0 0 4.64348e+42 139.897 0 0
2.5483e+08 9.84415e+33 9.84415e+33 4.03447e+34 4.03447e+34 4.03447e+34 9.27941e+34 2.5766e+35 0 0 4.64348e+42 122.902 0 0
2.94273e+08 7.10283e+33 7.10283e+33 2.96356e+34 2.96356e+34 2.96356e+34 7.35793e+34 1.86193e+35 0 0 4.64348e+42 107.972 0 0
3.39821e+08 5.03238e+33 5.03238e+33 2.14291e+34 2.14291e+34 2.14291e+34 5.60626e+34 1.32019e+35 0 0 4.64348e+42 99.0397 0 0
3.92419e+08 3.5664e+33 3.5664e+33 1.55337e+34 1.55337e+34 1.55337e+34 4.28877e+34 9.57773e+34 0 0 4.64348e+42 94.8548 0 0
4.53158e+08 2.51008e+33 2.51008e+33 1.12049e+34 1.12049e+34 1.12049e+34 3.23915e+34 6.92496e+34 0 0 4.64348e+42 90.8468 0 0
5.23299e+08 1.74993e+33 1.74993e+33 8.02034e+33 8.02034e+33 8.02034e+33 2.40188e+34 4.99069e+34 0 0 4.64348e+42 87.0081 0 0
6.04296e+08 1.21258e+33 1.21258e+33 5.71726e+33 5.71726e+33 5.71726e+33 1.76376e+34 3.55882e+34 0 0 4.64348e+42 83.3316 0 0
6.97831e+08 8.39845e+32 8.39845e+32 4.10131e+33 4.10131e+33 4.10131e+33 1.31697e+34 2.59467e+34 0 0 4.64348e+42 79.8104 0 0
8.05842e+08 5.42325e+32 5.42325e+32 2.8933e+33 2.8933e+33 2.8933e+33 9.78168e+33 1.88901e+34 0 0 4.64348e+42 76.438 0 0
9.30572e+08 2.20824e+32 2.20824e+32 1.85559e+33 1.85559e+33 1.85559e+33 7.21475e+33 1.37211e+34 0 0 4.64348e+42 73.2082 0 0
1.07461e+09 9.51033e+30 9.51033e+30 8.49127e+32 8.49127e+32 8.49127e+32 5.24924e+33 9.82107e+33 0 0 4.64348e+42 73.472 0 0
1.24094e+09 1.16495e+26 1.16495e+26 2.44555e+32 2.44555e+32 2.44555e+32 3.91088e+33 7.1975e+33 0 0 4.64348e+42 77.2675 0 0
1.43301e+09 2.21734e+10 2.21734e+10 5.81276e+31 5.81276e+31 5.81276e+31 2.91875e+33 5.25994e+33 0 0 4.64348e+42 81.2591 0 0
1.65482e+09 4.02376e-34 4.02376e-34 1.45336e+31 1.45336e+31 1.45336e+31 2.1708e+33 3.8317e+33 0 0 4.64348e+42 85.4569 0 0
1.91095e+09 5.36922e-139 5.36922e-139 4.07726e+30 4.07726e+30 4.07726e+30 1.594e+33 2.74339e+33 0 0 4.64348e+42 89.8715 0 0
2.20673e+09 0 0 1.31068e+30 1.31068e+30 1.31068e+30 1.1962e+33 2.01403e+33 0 0 4.64348e+42 94.5142 0 0
2.5483e+09 0 0 4.71695e+29 4.71695e+29 4.71695e+29 8.94916e+32 1.47414e+33 0 0 4.64348e+42 99.3967 0 0
2.94273e+09 0 0 1.87284e+29 1.87284e+29 1.87284e+29 6.6621e+32 1.07526e+33 0 0 4.64348e+42 104.531 0 0
3.39821e+09 0 0 8.03935e+28 8.03935e+28 8.03935e+28 4.86702e+32 7.70727e+32 0 0 4.64348e+42 109.931 0 0
3.92419e+09 0 0 3.77226e+28 3.77226e+28 3.77226e+28 3.6399e+32 5.65838e+32 0 0 4.64348e+42 115.61 0 0
4.53158e+09 0 0 1.88889e+28 1.88889e+28 1.88889e+28 2.71278e+32 4.13811e+32 0 0 4.64348e+42 121.583 0 0
5.23299e+09 0 0 1.00019e+28 1.00019e+28 1.00019e+28 2.0146e+32 3.01293e+32 0 0 4.64348e+42 127.864 0 0
6.04296e+09 0 0 5.49914e+27 5.49914e+27 5.49914e+27 1.46469e+32 2.15718e+32 0 0 4.64348e+42 134.469 0 0
6.97831e+09 0 0 3.20341e+27 3.20341e+27 3.20341e+27 1.09293e+32 1.58053e+32 0 0 4.64348e+42 141.416 0 0
8.05842e+09 0 0 1.93274e+27 1.93274e+27 1.93274e+27 8.12704e+31 1.1545e+32 0 0 4.64348e+42 148.721 0 0
9.30572e+09 0 0 1.19912e+27 1.19912e+27 1.19912e+27 6.00341e+31 8.40687e+31 0 0 4.64348e+42 156.404 0 0
1.07461e+10 0 0 7.55645e+26 7.55645e+26 7.55645e+26 4.35248e+31 6.03306e+31 0 0 4.64348e+42 175.488 0 0
1.24094e+10 0 0 4.93916e+26 4.93916e+26 4.93916e+26 3.2199e+31 4.4321e+31 0 0 4.64348e+42 210.074 0 0
1.43301e+10 0 0 3.2836e+26 3.2836e+26 3.2836e+26 2.36668e+31 3.24697e+31 0 0 4.64348e+42 251.476 0 0
1.65482e+10 0 0 2.21948e+26 2.21948e+26 2.21948e+26 1.7338e+31 2.37071e+31 0 0 4.64348e+42 301.038 0 0
1.91095e+10 0 0 1.50382e+26 1.50382e+26 1.50382e+26 1.24478e+31 1.69988e+31 0 0 4.64348e+42 360.369 0 0
2.20673e+10 0 0 1.05182e+26 1.05182e+26 1.05182e+26 9.15201e+30 1.24861e+31 0 0 4.64348e+42 431.392 34.7254 0
2.5483e+10 0 0 7.44167e+25 7.44167e+25 7.44167e+25 6.70418e+30 9.13759e+30 0 0 4.64348e+42 516.413 22.9578 0
2.94273e+10 0 0 5.32117e+25 5.32117e+25 5.32117e+25 4.8948e+30 6.66107e+30 0 0 4.64348e+42 618.19 15.5417 0
3.39821e+10 0 0 3.78872e+25 3.78872e+25 3.78872e+25 3.50108e+30 4.75951e+30 0 0 4.64348e+42 740.026 10.7604 0
3.92419e+10 0 0 2.78899e+25 2.78899e+25 2.78899e+25 2.57572e+30 3.49276e+30 0 0 4.64348e+42 885.874 7.61059 0
4.53158e+10 0 0 2.07112e+25 2.07112e+25 2.07112e+25 1.89013e+30 2.55594e+30 0 0 4.64348e+42 1060.47 5.49245 0
5.23299e+10 0 0 1.55114e+25 1.55114e+25 1.55114e+25 1.38437e+30 1.86442e+30 0 0 4.64348e+42 1269.47 4.04008 0
6.04296e+10 0 0 1.15405e+25 1.15405e+25 1.15405e+25 9.9562e+29 1.33261e+30 0 0 4.64348e+42 1519.66 3.02568 0
6.97831e+10 0 0 8.86709e+24 8.86709e+24 8.86709e+24 7.35985e+29 9.79525e+29 0 0 4.64348e+42 1819.16 2.3047 0
8.05842e+10 0 0 6.84942e+24 6.84942e+24 6.84942e+24 5.42408e+29 7.18052e+29 0 0 4.64348e+42 2177.69 1.78376 0
9.30572e+10 0 0 5.31443e+24 5.31443e+24 5.31443e+24 3.98508e+29 5.24645e+29 0 0 4.64348e+42 2606.89 1.40144 0
1.07461e+11 0 0 4.07081e+24 4.07081e+24 4.07081e+24 2.86723e+29 3.75138e+29 0 0 4.64348e+42 3120.66 1.11671 0
1.24094e+11 0 0 3.21082e+24 3.21082e+24 3.21082e+24 2.11665e+29 2.75834e+29 0 0 4.64348e+42 3735.7 0.901709 0
1.43301e+11 0 0 2.53647e+24 2.53647e+24 2.53647e+24 1.55643e+29 2.02156e+29 0 0 4.64348e+42 4471.95 0.737233 0
1.65482e+11 0 0 2.0047e+24 2.0047e+24 2.0047e+24 1.13945e+29 1.47586e+29 0 0 4.64348e+42 5353.31 0.609868 0
1.91095e+11 0 0 1.55824e+24 1.55824e+24 1.55824e+24 8.16205e+28 1.05318e+29 0 0 4.64348e+42 6408.36 0.510106 0
2.20673e+11 0 0 1.24653e+24 1.24653e+24 1.24653e+24 6.00393e+28 7.73055e+28 0 0 4.64348e+42 7671.35 0.431129 0
2.5483e+11 0 0 9.9682e+23 9.9682e+23 9.9682e+23 4.39978e+28 5.6542e+28 0 0 4.64348e+42 9183.26 0.367983 0
2.94273e+11 0 0 7.96449e+23 7.96449e+23 7.96449e+23 3.21172e+28 4.11854e+28 0 0 4.64348e+42 10993.1 0.317029 0
3.39821e+11 0 0 6.24811e+23 6.24811e+23 6.24811e+23 2.29444e+28 2.93e+28 0 0 4.64348e+42 0 0.275565 0
3.92419e+11 0 0 5.04385e+23 5.04385e+23 5.04385e+23 1.68448e+28 2.14503e+28 0 0 4.64348e+42 0 0.241562 0
4.53158e+11 0 0 4.06516e+23 4.06516e+23 4.06516e+23 1.23199e+28 1.56434e+28 0 0 4.64348e+42 0 0.213483 0
5.23299e+11 0 0 3.26956e+23 3.26956e+23 3.26956e+23 8.97436e+27 1.1358e+28 0 0 4.64348e+42 0 0.190154 0
6.04296e+11 0 0 2.57676e+23 2.57676e+23 2.57676e+23 6.39209e+27 8.04619e+27 0 0 4.64348e+42 0 0.170669 0
6.97831e+11 0 0 2.08945e+23 2.08945e+23 2.08945e+23 4.68091e+27 5.86862e+27 0 0 4.64348e+42 0 0.154323 0
8.05842e+11 0 0 1.68975e+23 1.68975e+23 1.68975e+23 3.414e+27 4.26234e+27 0 0 4.64348e+42 0 0.140565 0
9.30572e+11 0 0 1.36225e+23 1.36225e+23 1.36225e+23 2.47933e+27 3.08068e+27 0 0 4.64348e+42 0 0.12896 0
1.07461e+12 0 0 1.07405e+23 1.07405e+23 1.07405e+23 1.75866e+27 2.16961e+27 0 0 4.64348e+42 0 0.119166 0
1.24094e+12 0 0 8.71277e+22 8.71277e+22 8.71277e+22 1.28323e+27 1.57421e+27 0 0 4.64348e+42 0 0.110908 0
1.43301e+12 0 0 7.04097e+22 7.04097e+22 7.04097e+22 9.32235e+26 1.13681e+27 0 0 4.64348e+42 0 0.103969 0
1.65482e+12 0 0 5.66519e+22 5.66519e+22 5.66519e+22 6.74069e+26 8.16472e+26 0 0 4.64348e+42 0 0.098177 0
1.91095e+12 0 0 4.44756e+22 4.44756e+22 4.44756e+22 4.75417e+26 5.70342e+26 0 0 4.64348e+42 0 0.0933933 0
2.20673e+12 0 0 3.59169e+22 3.59169e+22 3.59169e+22 3.45142e+26 4.10845e+26 0 0 4.64348e+42 0 0.0895108 0
2.5483e+12 0 0 2.88479e+22 2.88479e+22 2.88479e+22 2.49346e+26 2.94353e+26 0 0 4.64348e+42 0 0.0864461 0
2.94273e+12 0 0 2.3027e+22 2.3027e+22 2.3027e+22 1.792e+26 2.0958e+26 0 0 4.64348e+42 0 0.0841374 0
3.39821e+12 0 0 1.78723e+22 1.78723e+22 1.78723e+22 1.25386e+26 1.44758e+26 0 0 4.64348e+42 0 0.082541 0
3.92419e+12 0 0 1.42584e+22 1.42584e+22 1.42584e+22 9.03887e+25 1.0325e+26 0 0 4.64348e+42 0 0.08163 0
4.53158e+12 0 0 1.12823e+22 1.12823e+22 1.12823e+22 6.47988e+25 7.31794e+25 0 0 4.64348e+42 0 0.0813928 0
5.23299e+12 0 0 8.84414e+21 8.84414e+21 8.84414e+21 4.61774e+25 5.14904e+25 0 0 4.64348e+42 0 0.0818329 0
6.04296e+12 0 0 6.70465e+21 6.70465e+21 6.70465e+21 3.19554e+25 3.50175e+25 0 0 4.64348e+42 0 0.0829683 0
6.97831e+12 0 0 5.21523e+21 5.21523e+21 5.21523e+21 2.28133e+25 2.46433e+25 0 0 4.64348e+42 0 0.0848322 0
8.05842e+12 0 0 4.00561e+21 4.00561e+21 4.00561e+21 1.61817e+25 1.72124e+25 0 0 4.64348e+42 0 0.0874729 0
9.30572e+12 0 0 3.03299e+21 3.03299e+21 3.03299e+21 1.1398e+25 1.19184e+25 0 0 4.64348e+42 0 0.0909553 0
1.07461e+13 0 0 2.20373e+21 2.20373e+21 2.20373e+21 7.76798e+24 7.93514e+24 0 0 4.64348e+42 0 0.0953611 0
1.24094e+13 0 0 1.63944e+21 1.63944e+21 1.63944e+21 5.47234e+24 5.48407e+24 0 0 4.64348e+42 0 0.10079 0
1.43301e+13 0 0 1.19797e+21 1.19797e+21 1.19797e+21 3.82558e+24 3.75568e+24 0 0 4.64348e+42 0 0.10736 0
1.65482e+13 0 0 8.58632e+20 8.58632e+20 8.58632e+20 2.65205e+24 2.5451e+24 0 0 4.64348e+42 0 0.115206 0
1.91095e+13 0 0 5.85754e+20 5.85754e+20 5.85754e+20 1.76976e+24 1.64599e+24 0 0 4.64348e+42 0 0.12448 0
2.20673e+13 3.67605e-280 3.67606e-280 4.0949e+20 4.0949e+20 4.0949e+20 1.22432e+24 1.11022e+24 0 0 4.64348e+42 0 0.135345 0
2.5483e+13 9.02868e-246 9.02871e-246 2.80425e+20 2.80425e+20 2.80425e+20 8.39079e+23 7.40484e+23 0 0 4.64348e+42 0 0.147968 0
2.94273e+13 2.62056e-215 2.62057e-215 1.8806e+20 1.8806e+20 1.8806e+20 5.69217e+23 4.87516e+23 0 0 4.64348e+42 0 0.162507 0
3.39821e+13 2.34023e-188 2.34024e-188 1.19308e+20 1.19308e+20 1.19308e+20 3.68924e+23 3.02968e+23 0 0 4.64348e+42 0 0.179093 0
3.92419e+13 1.70335e-164 1.70336e-164 7.81093e+19 7.81093e+19 7.81093e+19 2.48991e+23 1.97799e+23 0 0 4.64348e+42 0 0.197804 0
4.53158e+13 2.12267e-143 2.12269e-143 5.01497e+19 5.01497e+19 5.01497e+19 1.66097e+23 1.2734e+23 0 0 4.64348e+42 0 0.218621 0
5.23299e+13 9.19938e-125 9.19951e-125 3.15802e+19 3.15802e+19 3.15802e+19 1.09399e+23 8.06599e+22 0 0 4.64348e+42 0 0.241387 0
6.04296e+13 2.5002e-108 2.50024e-108 1.86871e+19 1.86871e+19 1.86871e+19 6.80798e+22 4.74403e+22 0 0 4.64348e+42 0 0.265741 0
6.97831e+13 8.32003e-94 8.32022e-94 1.15429e+19 1.15429e+19 1.15429e+19 4.44224e+22 2.96488e+22 0 0 4.64348e+42 0 0.291055 0
8.05842e+13 5.27151e-81 5.27165e-81 7.00146e+18 7.00146e+18 7.00146e+18 2.85591e+22 1.82055e+22 0 0 4.64348e+42 0 0.316368 0
9.30572e+13 9.94483e-70 9.94514e-70 4.16853e+18 4.16853e+18 4.16853e+18 1.80662e+22 1.09514e+22 0 0 4.64348e+42 0 0.340344 0
1.07461e+14 7.86008e-60 7.86039e-60 2.30165e+18 2.30165e+18 2.30165e+18 1.06156e+22 5.96456e+21 0 0 4.64348e+42 0 0 0
1.24094e+14 4.23551e-51 4.23575e-51 1.3459e+18 1.3459e+18 1.3459e+18 6.61248e+21 3.51574e+21 0 0 4.64348e+42 0 0 0
1.43301e+14 1.97386e-43 1.97406e-43 7.71742e+17 7.71742e+17 7.71742e+17 4.04032e+21 2.02654e+21 0 0 4.64348e+42 0 0 0
1.65482e+14 1.05098e-36 1.05119e-36 4.33434e+17 4.33434e+17 4.33434e+17 2.41761e+21 1.13792e+21 0 0 4.64348e+42 0 0 0
1.91095e+14 7.56972e-31 7.57297e-31 2.20255e+17 2.20255e+17 2.20255e+17 1.3081e+21 5.55941e+20 0 0 4.64348e+42 0 0 0
2.20673e+14 1.09735e-25 1.09827e-25 1.20901e+17 1.20901e+17 1.20901e+17 7.63861e+20 3.02941e+20 0 0 4.64348e+42 0 0 0
2.5483e+14 3.51602e-21 3.5214e-21 6.47609e+16 6.47609e+16 6.47609e+16 4.34754e+20 1.60485e+20 0 0 4.64348e+42 0 0 0
2.94273e+14 2.9562e-17 2.96379e-17 3.38035e+16 3.38035e+16 3.38035e+16 2.40778e+20 8.22283e+19 0 0 4.64348e+42 0 0 0
3.39821e+14 6.76117e-14 6.78825e-14 1.52906e+16 1.52906e+16 1.52906e+16 1.15367e+20 3.43619e+19 0 0 4.64348e+42 0 0 0
3.92419e+14 6.19603e-11 6.23225e-11 7.70776e+15 7.70776e+15 7.70776e+15 6.14973e+19 1.68459e+19 0 0 4.64348e+42 0 0 0
4.53158e+14 2.22687e-08 2.24482e-08 3.75793e+15 3.75793e+15 3.75793e+15 3.16476e+19 7.97227e+18 0 0 4.64348e+42 0 0 0
5.23299e+14 3.48871e-06 3.52556e-06 1.77082e+15 1.77082e+15 1.77082e+15 1.571e+19 3.61726e+18 0 0 4.64348e+42 0 0 0
6.04296e+14 0.000217961 0.000220848 6.71544e+14 6.71544e+14 6.71544e+14 6.26351e+18 1.20048e+18 0 0 4.64348e+42 0 0 0
6.97831e+14 0.00861459 0.00875224 2.99156e+14 2.99156e+14 2.99156e+14 2.92776e+18 5.09383e+17 0 0 4.64348e+42 0 0 0
8.05842e+14 0.187983 0.191486 1.26935e+14 1.26935e+14 1.26935e+14 1.30086e+18 2.06986e+17 0 0 4.64348e+42 0 0 0
9.30572e+14 2.42089 2.47197 5.13873e+13 5.13873e+13 5.13873e+13 5.50332e+17 7.99255e+16 0 0 4.64348e+42 0 0 0
1.07461e+15 14.5353 14.8736 1.48054e+13 1.48054e+13 1.48054e+13 1.65295e+17 1.85796e+16 0 0 4.64348e+42 0 0 0
1.24094e+15 77.1991 79.1357 5.47574e+12 5.47574e+12 5.47574e+12 6.36418e+16 6.41412e+15 0 0 4.64348e+42 0 0 0
1.43301e+15 273.485 280.732 1.87469e+12 1.87469e+12 1.87469e+12 2.26312e+16 2.10277e+15 0 0 4.64348e+42 0 0 0
1.65482e+15 673.201 691.708 5.95041e+11 5.95041e+11 5.95041e+11 7.44637e+15 6.55809e+14 0 0 4.64348e+42 0 0 0
1.91095e+15 761.392 782.766 1.11839e+11 1.11839e+11 1.11839e+11 1.44784e+15 8.58951e+13 0 0 4.64348e+42 0 0 0
2.20673e+15 1017.13 1045.87 3.10353e+10 3.10353e+10 3.10353e+10 4.14769e+14 2.15863e+13 0 0 4.64348e+42 0 0 0
2.5483e+15 978.661 1006.16 7.548e+09 7.548e+09 7.548e+09 1.03991e+14 5.03715e+12 0 0 4.64348e+42 0 0 0
2.94273e+15 676.99 695.691 1.56832e+09 1.56832e+09 1.56832e+09 2.22254e+13 1.14134e+12 0 0 4.64348e+42 0 0 0
3.39821e+15 187.216 192.25 1.51608e+08 1.51608e+08 1.51608e+08 2.20685e+12 6.40936e+10 0 0 4.64348e+42 0 0 0
3.92419e+15 81.0558 83.1584 2.62177e+07 2.62177e+07 2.62177e+07 3.91262e+11 9.62938e+09 0 0 4.64348e+42 0 0 0
4.53158e+15 25.0583 25.6804 3.63982e+06 3.63982e+06 3.63982e+06 5.55985e+10 1.23614e+09 0 0 4.64348e+42 0 0 0
5.23299e+15 5.10313 5.22353 368976 368976 368976 5.7598e+09 1.54482e+08 0 0 4.64348e+42 0 0 0
6.04296e+15 0.296556 0.303163 11683.8 11683.8 11683.8 1.86104e+08 2.77021e+06 0 0 4.64348e+42 0 0 0
6.97831e+15 0.0384785 0.0392834 894.372 894.372 894.372 1.45149e+07 177260 0 0 4.64348e+42 0 0 0
8.05842e+15 0.00316388 0.00322569 46.521 46.521 46.521 768143 7940.46 0 0 4.64348e+42 0 0 0
9.30572e+15 0.000152419 0.000155188 1.50734 1.50734 1.50734 25286.6 288.854 0 0 4.64348e+42 0 0 0
1.07461e+16 1.03694e-06 1.05438e-06 0.00727835 0.00727835 0.00727835 123.877 1.00694 0 0 4.64348e+42 0 0 0
1.24094e+16 2.53498e-08 2.57431e-08 0.000132395 0.000132395 0.000132395 2.28296 0.0156193 0 0 4.64348e+42 0 0 0
1.43301e+16 2.69001e-10 2.72839e-10 1.08961e-06 1.08961e-06 1.08961e-06 0.0190091 0.000118478 0 0 4.64348e+42 0 0 0
1.65482e+16 1.21326e-12 1.22913e-12 3.95267e-09 3.95267e-09 3.95267e-09 6.96688e-05 4.2742e-07 0 0 4.64348e+42 0 0 0
1.91095e+16 3.88932e-16 3.9358e-16 1.05218e-12 1.05218e-12 1.05218e-12 1.87116e-08 1.09636e-10 0 0 4.64348e+42 0 0 0
2.20673e+16 4.00591e-19 4.04955e-19 9.25457e-16 9.25457e-16 9.25457e-16 1.65841e-11 9.56747e-14 0 0 4.64348e+42 0 0 0
2.5483e+16 9.70299e-23 9.79915e-23 1.96185e-19 1.96185e-19 1.96185e-19 3.53851e-15 2.03385e-17 0 0 4.64348e+42 0 0 0
2.94273e+16 5.45846e-27 5.50756e-27 9.8694e-24 9.8694e-24 9.8694e-24 1.79001e-19 1.02803e-21 0 0 4.64348e+42 0 0 0
3.39821e+16 1.0893e-32 1.09818e-32 1.79485e-29 1.79485e-29 1.79485e-29 3.27137e-25 1.87802e-27 0 0 4.64348e+42 0 0 0
3.92419e+16 3.29726e-38 3.32156e-38 5.0337e-35 5.0337e-35 5.0337e-35 9.2173e-31 5.29119e-33 0 0 4.64348e+42 0 0 0
4.53158e+16 9.60591e-45 9.66981e-45 1.37857e-41 1.37857e-41 1.37857e-41 2.53645e-37 1.45613e-39 0 0 4.64348e+42 0 0 0
5.23299e+16 2.33177e-52 2.34576e-52 3.18609e-49 3.18609e-49 3.18609e-49 5.89385e-45 3.38333e-47 0 0 4.64348e+42 0 0 0
6.04296e+16 6.14526e-62 6.17843e-62 8.08416e-59 8.08416e-59 8.08416e-59 1.50512e-54 8.64001e-57 0 0 4.64348e+42 0 0 0
6.97831e+16 6.2474e-72 6.27771e-72 7.99023e-69 7.99023e-69 7.99023e-69 1.49938e-64 8.60757e-67 0 0 4.64348e+42 0 0 0
8.05842e+16 1.25644e-83 1.26192e-83 1.57574e-80 1.57574e-80 1.57574e-80 2.98543e-76 1.71378e-78 0 0 4.64348e+42 0 0 0
9.30572e+16 0 0 0 0 0 0 0 0 0 4.64348e+42 0 0 0