
1.07461e-07 0 0 0 4.05919e+48 1.03673e+59 0 0 1.96455e+41 0 4.64348e+42 0 0 0
1.24094e-07 0 0 0 4.66692e+48 9.37799e+58 0 0 2.26862e+41 0 4.64348e+42 0 0 0
1.43301e-07 0 0 0 5.36295e+48 8.47886e+58 0 0 2.61976e+41 0 4.64348e+42 0 0 0
1.65482e-07 0 0 0 6.15934e+48 7.66167e+58 0 0 3.02526e+41 0 4.64348e+42 0 0 0
1.91095e-07 0 0 0 7.06961e+48 6.91895e+58 0 0 3.49351e+41 0 4.64348e+42 0 0 0
2.20673e-07 0 0 0 8.10876e+48 6.24389e+58 0 0 4.03424e+41 0 4.64348e+42 0 0 0
2.5483e-07 0 0 1.02196e-255 9.29344e+48 5.63034e+58 0 0 4.65867e+41 0 4.64348e+42 0 0 0
2.94273e-07 0 0 6.45056e-215 1.0642e+49 5.0727e+58 0 0 5.37975e+41 0 4.64348e+42 0 0 0
3.39821e-07 0 0 1.40783e-179 1.21744e+49 4.56587e+58 0 0 6.21244e+41 0 4.64348e+42 0 0 0
3.92419e-07 0 0 5.73039e-149 1.39126e+49 4.10526e+58 0 0 7.17401e+41 0 4.64348e+42 0 0 0
4.53158e-07 0 0 1.87189e-122 1.58797e+49 3.68668e+58 0 0 8.28442e+41 0 4.64348e+42 0 0 0
5.23299e-07 0 0 1.73643e-99 1.81006e+49 3.30634e+58 0 0 9.5667e+41 0 4.64348e+42 0 0 0
6.04296e-07 0 0 1.36633e-79 2.06012e+49 2.9608e+58 0 0 1.10475e+42 0 4.64348e+42 0 0 0
6.97831e-07 0 0 2.35235e-62 2.34083e+49 2.64695e+58 0 0 1.27574e+42 0 4.64348e+42 0 0 0
8.05842e-07 0 0 2.01301e-47 2.65484e+49 2.36196e+58 0 0 1.4732e+42 0 4.64348e+42 0 0 0
9.30572e-07 0 0 1.74242e-34 3.00478e+49 2.10329e+58 0 0 1.70123e+42 0 4.64348e+42 0 0 0
1.07461e-06 0 0 2.82237e-23 3.39305e+49 1.86863e+58 0 0 1.96455e+42 0 4.64348e+42 0 0 0
1.24094e-06 0 0 1.4574e-13 3.82178e+49 1.65589e+58 0 0 2.26862e+42 0 4.64348e+42 0 0 0
1.43301e-06 0 0 3.80508e-05 4.2926e+49 1.46319e+58 0 0 2.61976e+42 0 4.64348e+42 0 0 0
1.65482e-06 0 0 748.883 4.80648e+49 1.28883e+58 0 0 3.02526e+42 0 4.64348e+42 0 0 0
1.91095e-06 0 0 1.56999e+09 5.36347e+49 1.13128e+58 0 0 3.49351e+42 0 4.64348e+42 0 0 0
2.20673e-06 0 0 4.72954e+14 5.96248e+49 9.89161e+57 0 0 4.03424e+42 0 4.64348e+42 0 0 0
2.5483e-06 0 0 2.65301e+19 6.60104e+49 8.61229e+57 0 0 4.65867e+42 0 4.64348e+42 0 0 0
2.94273e-06 0 0 3.46812e+23 7.27505e+49 7.46364e+57 0 0 5.37975e+42 0 4.64348e+42 0 0 0
3.39821e-06 0 0 1.28304e+27 7.97864e+49 6.43557e+57 0 0 6.21244e+42 0 4.64348e+42 0 0 0
3.92419e-06 0 0 1.5893e+30 8.70419e+49 5.5189e+57 0 0 7.17401e+42 0 4.64348e+42 0 0 0
4.53158e-06 0 0 7.62482e+32 9.44247e+49 4.70531e+57 0 0 8.28442e+42 0 4.64348e+42 0 0 0
5.23299e-06 0 0 1.60724e+35 1.01832e+50 3.98715e+57 0 0 9.5667e+42 0 4.64348e+42 0 0 0
6.04296e-06 0 0 1.66043e+37 1.09158e+50 3.35731e+57 0 0 1.10475e+43 0 4.64348e+42 0 0 0
6.97831e-06 0 0 9.24322e+38 1.16308e+50 2.8091e+57 0 0 1.27574e+43 0 4.64348e+42 0 0 0
8.05842e-06 0 0 3.01059e+40 1.23217e+50 2.33611e+57 0 0 1.4732e+43 0 4.64348e+42 0 0 0
9.30572e-06 0 0 6.16368e+41 1.29869e+50 1.93207e+57 0 0 1.70123e+43 0 4.64348e+42 0 0 0
1.07461e-05 0 0 8.44462e+42 1.36326e+50 1.59074e+57 0 0 1.96455e+43 0 4.64348e+42 0 0 0
1.24094e-05 0 0 8.17898e+43 1.42747e+50 1.30588e+57 0 0 2.26862e+43 0 4.64348e+42 0 0 0
1.43301e-05 0 0 5.87695e+44 1.49413e+50 1.07113e+57 0 0 2.61976e+43 0 4.64348e+42 0 0 0
1.65482e-05 0 0 3.26884e+45 1.56724e+50 8.80096e+56 0 0 3.02526e+43 0 4.64348e+42 0 0 0
1.91095e-05 0 0 1.46094e+46 1.65191e+50 7.26392e+56 0 0 3.49351e+43 0 4.64348e+42 0 0 0
2.20673e-05 0 0 5.41953e+46 1.75397e+50 6.03774e+56 0 0 4.03424e+43 0 4.64348e+42 0 0 0
2.5483e-05 0 0 1.7156e+47 1.87933e+50 5.06333e+56 0 0 4.65867e+43 0 4.64348e+42 0 0 0
2.94273e-05 0 0 4.7427e+47 2.03329e+50 4.28689e+56 0 0 5.37975e+43 0 4.64348e+42 0 0 0
3.39821e-05 0 0 1.16669e+48 2.21985e+50 3.6618e+56 0 0 6.21244e+43 0 4.64348e+42 0 0 0
3.92419e-05 0 0 2.59286e+48 2.44136e+50 3.14989e+56 0 0 7.17401e+43 0 4.64348e+42 0 0 0
4.53158e-05 0 0 5.27055e+48 2.69862e+50 2.72186e+56 0 0 8.28442e+43 0 4.64348e+42 0 0 0
5.23299e-05 0 0 9.90171e+48 2.99151e+50 2.35669e+56 0 0 9.5667e+43 0 4.64348e+42 0 0 0
6.04296e-05 0 0 1.73517e+49 3.3199e+50 2.04024e+56 0 0 1.10474e+44 0 4.64348e+42 0 0 0
6.97831e-05 0 0 2.86027e+49 3.68456e+50 1.76343e+56 0 0 1.27574e+44 0 4.64348e+42 0 0 0
8.05842e-05 0 0 4.4699e+49 4.08789e+50 1.52047e+56 0 0 1.4732e+44 0 4.64348e+42 0 0 0
9.30572e-05 0 0 6.67013e+49 4.5342e+50 1.30739e+56 0 0 1.70122e+44 0 4.64348e+42 0 0 0
0.000107461 0 0 9.56651e+49 5.02983e+50 1.12113e+56 0 0 1.96454e+44 0 4.64348e+42 0 0 0
0.000124094 0 0 1.32645e+50 5.58313e+50 9.59021e+55 0 0 2.26862e+44 0 4.64348e+42 0 0 0
0.000143301 0 0 1.78723e+50 6.20446e+50 8.18561e+55 0 0 2.61976e+44 0 4.64348e+42 0 0 0
0.000165482 0 0 2.35051e+50 6.90615e+50 6.97373e+55 0 0 3.02525e+44 0 4.64348e+42 0 0 0
0.000191095 0 0 3.02899e+50 7.70252e+50 5.93187e+55 0 0 3.4935e+44 0 4.64348e+42 0 0 0
0.000220673 0 0 3.83698e+50 8.60986e+50 5.03868e+55 0 0 4.03423e+44 0 4.64348e+42 0 0 0
0.00025483 0 0 4.79094e+50 9.64672e+50 4.27444e+55 0 0 4.65866e+44 0 4.64348e+42 0 0 0
0.000294273 0 0 5.91003e+50 1.08345e+51 3.62135e+55 0 0 5.37973e+44 0 4.64348e+42 0 0 0
0.000339821 0 0 7.21711e+50 1.21983e+51 3.06367e+55 0 0 6.21241e+44 0 4.64348e+42 0 0 0
0.000392419 0 0 8.74004e+50 1.37689e+51 2.58779e+55 0 0 7.17398e+44 0 4.64348e+42 0 0 0
0.000453158 0 0 1.05132e+51 1.55835e+51 2.18206e+55 0 0 8.28438e+44 0 4.64348e+42 0 0 0
0.000523299 0 0 1.25791e+51 1.76875e+51 1.83653e+55 0 0 9.56664e+44 0 4.64348e+42 0 0 0
0.000604296 0 0 1.49894e+51 2.01356e+51 1.54272e+55 0 0 1.10474e+45 0 4.64348e+42 0 0 0
0.000697831 0 0 1.78065e+51 2.2992e+51 1.29331e+55 0 0 1.27573e+45 0 4.64348e+42 0 0 0
0.000805842 0 0 2.1105e+51 2.63334e+51 1.08198e+55 0 0 1.47319e+45 0 4.64348e+42 0 0 0
0.000930572 0 0 2.49749e+51 3.02511e+51 9.03257e+54 0 0 1.70121e+45 0 4.64348e+42 0 0 0
0.00107461 0 0 2.95251e+51 3.48555e+51 7.52399e+54 0 0 1.96452e+45 0 4.64348e+42 0 0 0
0.00124094 0 0 3.48882e+51 4.02808e+51 6.2532e+54 0 0 2.26859e+45 0 4.64348e+42 0 0 0
0.00143301 0 0 4.12248e+51 4.66886e+51 5.18502e+54 0 0 2.61972e+45 0 4.64348e+42 0 0 0
0.00165482 0 0 4.87291e+51 5.42745e+51 4.28914e+54 0 0 3.0252e+45 0 4.64348e+42 0 0 0
0.00191095 0 0 5.76362e+51 6.32746e+51 3.53952e+54 0 0 3.49343e+45 0 4.64348e+42 0 0 0
0.00220673 0 0 6.82314e+51 7.3975e+51 2.91379e+54 0 0 4.03414e+45 0 4.64348e+42 0 0 0
0.0025483 0 0 8.08613e+51 8.67234e+51 2.39277e+54 0 0 4.65853e+45 0 4.64348e+42 0 0 0
0.00294273 0 0 9.59477e+51 1.01943e+52 1.96004e+54 0 0 5.37956e+45 0 4.64348e+42 0 0 0
0.00339821 0 0 1.14004e+52 1.20147e+52 1.60158e+54 0 0 6.21218e+45 0 4.64348e+42 0 0 0
0.00392419 0 0 1.35657e+52 1.41964e+52 1.30541e+54 0 0 7.17367e+45 0 4.64348e+42 0 0 0
0.00453158 0 0 1.6167e+52 1.6816e+52 1.06138e+54 0 0 8.28397e+45 0 4.64348e+42 0 0 0
0.00523299 0 0 1.92979e+52 1.9967e+52 8.60841e+53 0 0 9.56609e+45 0 4.64348e+42 0 0 0
0.00604296 0 0 2.30728e+52 2.37639e+52 6.96497e+53 0 0 1.10466e+46 0 4.64348e+42 0 0 0
0.00697831 0 0 2.76317e+52 2.8347e+52 5.62178e+53 0 0 1.27563e+46 0 4.64348e+42 0 0 0
0.00805842 0 0 3.31465e+52 3.38883e+52 4.52695e+53 0 0 1.47306e+46 0 4.64348e+42 0 0 0
0.00930572 0 0 3.98232e+52 4.05939e+52 3.63696e+53 0 0 1.70103e+46 0 4.64348e+42 0 0 0
0.0107461 0 0 4.78152e+52 4.86154e+52 2.91539e+53 0 0 1.96429e+46 0 4.64348e+42 0 0 0
0.0124094 0 0 5.67063e+52 5.75272e+52 2.33189e+53 0 0 2.26828e+46 0 4.64348e+42 0 0 0
0.0143301 0 0 6.47703e+52 6.55815e+52 1.86124e+53 0 0 2.61931e+46 0 4.64348e+42 0 0 0
0.0165482 0 0 6.95456e+52 7.02992e+52 1.48257e+53 0 0 3.02465e+46 0 4.64348e+42 0 0 0
0.0191095 0 0 6.95996e+52 7.02523e+52 1.17862e+53 0 0 3.4927e+46 0 4.64348e+42 0 0 0
0.0220673 0 0 6.53134e+52 6.58434e+52 9.35225e+52 0 0 4.03316e+46 0 4.64348e+42 0 0 0
0.025483 0 0 5.8194e+52 5.86027e+52 7.40761e+52 0 0 4.65723e+46 0 4.64348e+42 0 0 0
0.0294273 0 0 4.98737e+52 5.01769e+52 5.85725e+52 0 0 5.37783e+46 0 4.64348e+42 0 0 0
0.0339821 0 0 4.15642e+52 4.17829e+52 4.62381e+52 0 0 6.20987e+46 0 4.64348e+42 0 0 0
0.0392419 0 0 3.39642e+52 3.41189e+52 3.64445e+52 0 0 7.17059e+46 0 4.64348e+42 0 0 0
0.0453158 0 0 2.7376e+52 2.74839e+52 2.8683e+52 0 0 8.27986e+46 0 4.64348e+42 0 0 0
0.0523299 0 0 2.1856e+52 2.19306e+52 2.2543e+52 0 0 9.56062e+46 0 4.64348e+42 0 0 0
0.0604296 0 0 1.73323e+52 1.73836e+52 1.76941e+52 0 0 1.10393e+47 0 4.64348e+42 0 0 0
0.0697831 0 0 1.36794e+52 1.37144e+52 1.3871e+52 0 0 1.27466e+47 0 4.64348e+42 0 0 0
0.0805842 0 0 1.07589e+52 1.07827e+52 1.08612e+52 0 0 1.47176e+47 0 4.64348e+42 0 0 0
0.0930572 0 0 8.43981e+51 8.456e+51 8.49524e+51 0 0 1.6993e+47 0 4.64348e+42 0 0 0
0.107461 0 0 6.60729e+51 6.61826e+51 6.6378e+51 0 0 1.96198e+47 0 4.64348e+42 0 0 0
0.124094 0 0 5.16434e+51 5.17177e+51 5.18146e+51 0 0 2.2652e+47 0 4.64348e+42 0 0 0
0.143301 0 0 4.03115e+51 4.03617e+51 4.04097e+51 0 0 2.6152e+47 0 4.64348e+42 0 0 0
0.165482 0 0 3.14307e+51 3.14646e+51 3.14883e+51 0 0 3.01918e+47 0 4.64348e+42 0 0 0
0.191095 0 0 2.44822e+51 2.4505e+51 2.45167e+51 0 0 3.4854e+47 0 4.64348e+42 0 0 0
0.220673 0 0 1.9053e+51 1.90684e+51 1.90741e+51 0 0 4.02343e+47 0 4.64348e+42 0 0 0
0.25483 0 0 1.48159e+51 1.48263e+51 1.48291e+51 0 0 4.64426e+47 0 4.64348e+42 0 0 0
0.294273 0 0 1.15126e+51 1.15195e+51 1.15209e+51 0 0 5.36053e+47 0 4.64348e+42 0 0 0
0.339821 0 0 8.93949e+50 8.94419e+50 8.94486e+50 0 0 6.18682e+47 0 4.64348e+42 0 0 0
0.392419 0 0 6.9369e+50 6.94005e+50 6.94038e+50 0 0 7.13985e+47 0 4.64348e+42 0 0 0
0.453158 9.15321e-200 9.15321e-200 5.37948e+50 5.3816e+50 5.38176e+50 0 0 8.23887e+47 3.38778e-201 4.64348e+42 0 0 0
0.523299 5.47676e-134 5.47676e-134 4.16912e+50 4.17054e+50 4.17062e+50 0 0 9.50598e+47 2.26493e-135 4.64348e+42 0 0 0
0.604296 1.65173e-85 1.65173e-85 3.22911e+50 3.23006e+50 3.2301e+50 0 0 1.09665e+48 7.63704e-87 4.64348e+42 0 0 0
0.697831 8.46915e-50 8.46915e-50 2.49951e+50 2.50015e+50 2.50017e+50 0 0 1.26495e+48 4.38071e-51 4.64348e+42 0 0 0
0.805842 1.63238e-23 1.63238e-23 1.93358e+50 1.93401e+50 1.93402e+50 0 0 1.45882e+48 9.45171e-25 4.64348e+42 0 0 0
0.930572 0.000349208 0.000349208 1.49487e+50 1.49516e+50 1.49516e+50 0 0 1.68206e+48 2.26474e-05 4.64348e+42 0 0 0
1.07461 5.53062e+10 5.53062e+10 1.15498e+50 1.15517e+50 1.15518e+50 0 0 1.939e+48 4.01999e+09 4.64348e+42 0 0 0
1.24094 1.44134e+21 1.44134e+21 8.91811e+49 8.91939e+49 8.91941e+49 0 0 2.23458e+48 1.17491e+20 4.64348e+42 0 0 0
1.43301 6.10033e+28 6.10033e+28 6.88167e+49 6.88253e+49 6.88254e+49 0 0 2.5744e+48 5.58024e+27 4.64348e+42 0 0 0
1.65482 2.27199e+34 2.27199e+34 5.30684e+49 5.30741e+49 5.30741e+49 0 0 2.96481e+48 2.3337e+33 4.64348e+42 0 0 0
1.91095 2.59091e+38 2.59091e+38 4.08975e+49 4.09013e+49 4.09013e+49 0 0 3.41299e+48 2.99024e+37 4.64348e+42 0 0 0
2.20673 2.26976e+41 2.26976e+41 3.14976e+49 3.15001e+49 3.15001e+49 0 0 3.927e+48 2.94529e+40 4.64348e+42 0 0 0
2.5483 3.0103e+43 3.0103e+43 2.42426e+49 2.42443e+49 2.42443e+49 0 0 4.51586e+48 4.39465e+42 4.64348e+42 0 0 0
2.94273 9.9664e+44 9.9664e+44 1.86471e+49 1.86482e+49 1.86482e+49 0 0 5.18962e+48 1.63789e+44 4.64348e+42 0 0 0
3.39821 1.19077e+46 1.19077e+46 1.43344e+49 1.43352e+49 1.43352e+49 0 0 5.95937e+48 2.20426e+45 4.64348e+42 0 0 0
3.92419 6.7355e+46 6.7355e+46 1.10129e+49 1.10134e+49 1.10134e+49 0 0 6.83726e+48 1.4052e+46 4.64348e+42 0 0 0
4.53158 2.20274e+47 2.20274e+47 8.45652e+48 8.45685e+48 8.45685e+48 0 0 7.83648e+48 5.18189e+46 4.64348e+42 0 0 0
5.23299 4.82462e+47 4.82462e+47 6.4904e+48 6.49062e+48 6.49062e+48 0 0 8.97109e+48 1.2804e+47 4.64348e+42 0 0 0
6.04296 7.8853e+47 7.8853e+47 4.9793e+48 4.97944e+48 4.97944e+48 0 0 1.02559e+49 2.36174e+47 4.64348e+42 0 0 0
6.97831 1.04116e+48 1.04116e+48 3.81865e+48 3.81875e+48 3.81875e+48 0 0 1.17059e+49 3.5205e+47 4.64348e+42 0 0 0
8.05842 1.17725e+48 1.17725e+48 2.92773e+48 2.9278e+48 2.9278e+48 0 0 1.33361e+49 4.49509e+47 4.64348e+42 0 0 0
9.30572 1.18968e+48 1.18968e+48 2.24423e+48 2.24428e+48 2.24428e+48 0 0 1.51605e+49 5.13039e+47 4.64348e+42 0 0 0
10.7461 1.10861e+48 1.10861e+48 1.72012e+48 1.72015e+48 1.72015e+48 0 0 1.7191e+49 5.39984e+47 4.64348e+42 0 0 0
12.4094 9.74632e+47 9.74632e+47 1.31838e+48 1.3184e+48 1.3184e+48 0 0 1.94361e+49 5.36181e+47 4.64348e+42 0 0 0
14.3301 8.21972e+47 8.21972e+47 1.01056e+48 1.01057e+48 1.01057e+48 0 0 2.18989e+49 5.10666e+47 4.64348e+42 0 0 0
16.5482 6.73121e+47 6.73121e+47 7.74747e+47 7.74755e+47 7.74755e+47 0 0 2.45744e+49 4.72146e+47 4.64348e+42 0 0 0
19.1095 5.39966e+47 5.39966e+47 5.9413e+47 5.94136e+47 5.94136e+47 0 0 2.74465e+49 4.27465e+47 4.64348e+42 0 0 0
22.0673 4.27011e+47 4.27011e+47 4.55799e+47 4.55803e+47 4.55803e+47 0 0 3.04843e+49 3.81344e+47 4.64348e+42 0 0 0
25.483 3.34426e+47 3.34426e+47 3.49854e+47 3.49857e+47 3.49857e+47 0 0 3.36371e+49 3.36713e+47 4.64348e+42 0 0 0
29.4273 2.60243e+47 2.60243e+47 2.68708e+47 2.68709e+47 2.68709e+47 0 0 3.68297e+49 2.95185e+47 4.64348e+42 0 0 0
33.9821 2.01699e+47 2.01699e+47 2.06547e+47 2.06548e+47 2.06548e+47 0 0 3.99573e+49 2.57499e+47 4.64348e+42 0 0 0
39.2419 1.55962e+47 1.55962e+47 1.58922e+47 1.58923e+47 1.58923e+47 0 0 4.2881e+49 2.2385e+47 4.64348e+42 0 0 0
45.3158 1.20469e+47 1.20469e+47 1.22427e+47 1.22427e+47 1.22427e+47 0 0 4.54259e+49 1.94127e+47 4.64348e+42 0 0 0
52.3299 9.30455e+46 9.30455e+46 9.44514e+46 9.44518e+46 9.44518e+46 0 0 4.73828e+49 1.68054e+47 4.64348e+42 0 0 0
60.4296 7.19136e+46 7.19136e+46 7.30001e+46 7.30003e+46 7.30003e+46 0 0 4.85166e+49 1.4529e+47 4.64348e+42 0 0 0
69.7831 5.56552e+46 5.56552e+46 5.65429e+46 5.6543e+46 5.6543e+46 0 0 4.85854e+49 1.25472e+47 4.64348e+42 0 0 0
80.5842 4.3154e+46 4.3154e+46 4.39078e+46 4.39079e+46 4.39079e+46 0 0 4.73717e+49 1.08255e+47 4.64348e+42 0 0 0
93.0572 3.35397e+46 3.35397e+46 3.41962e+46 3.41963e+46 3.41963e+46 0 0 4.47277e+49 9.33148e+46 4.64348e+42 0 0 0
107.461 2.61377e+46 2.61377e+46 2.6719e+46 2.6719e+46 2.6719e+46 0 0 4.063e+49 8.03625e+46 4.64348e+42 0 0 0
124.094 2.04279e+46 2.04279e+46 2.09481e+46 2.09481e+46 2.09481e+46 0 0 3.52333e+49 6.91398e+46 4.64348e+42 0 0 0
143.301 1.60105e+46 1.60105e+46 1.64796e+46 1.64796e+46 1.64796e+46 0 0 2.89004e+49 5.942e+46 4.64348e+42 0 0 0
165.482 1.25803e+46 1.25803e+46 1.30056e+46 1.30056e+46 1.30056e+46 0 0 2.21837e+49 5.10045e+46 4.64348e+42 0 0 0
191.095 9.90547e+45 9.90547e+45 1.02925e+46 1.02925e+46 1.02925e+46 0 0 1.57384e+49 4.37207e+46 4.64348e+42 0 0 0
220.673 7.81084e+45 7.81084e+45 8.16397e+45 8.16398e+45 8.16398e+45 0 0 1.01749e+49 3.74183e+46 4.64348e+42 0 0 0
254.83 6.16442e+45 6.16442e+45 6.48719e+45 6.4872e+45 6.4872e+45 0 0 5.89884e+48 3.1967e+46 4.64348e+42 0 0 0
294.273 4.86648e+45 4.86648e+45 5.16182e+45 5.16182e+45 5.16182e+45 0 0 3.01156e+48 2.72539e+46 4.64348e+42 0 0 0
339.821 3.84102e+45 3.84102e+45 4.11141e+45 4.11141e+45 4.11141e+45 0 0 1.32642e+48 2.3181e+46 4.64348e+42 0 0 0
392.419 3.0295e+45 3.0295e+45 3.27706e+45 3.27706e+45 3.27706e+45 0 0 4.92361e+47 1.96639e+46 4.64348e+42 0 0 0
453.158 2.38639e+45 2.38639e+45 2.61296e+45 2.61296e+45 2.61296e+45 0 0 1.49965e+47 1.66291e+46 4.64348e+42 0 0 0
523.299 1.87619e+45 1.87619e+45 2.08335e+45 2.08335e+45 2.08335e+45 0 0 3.63462e+46 1.40132e+46 4.64348e+42 0 0 0
604.296 1.47118e+45 1.47118e+45 1.66033e+45 1.66033e+45 1.66033e+45 0 0 6.76569e+45 1.17616e+46 4.64348e+42 0 0 0
697.831 1.14972e+45 1.14972e+45 1.32206e+45 1.32206e+45 1.32206e+45 0 0 9.2855e+44 9.8266e+45 4.64348e+42 0 0 0
805.842 8.94815e+44 8.94815e+44 1.05143e+45 1.05143e+45 1.05143e+45 0 0 8.96293e+43 8.16729e+45 4.64348e+42 0 0 0
930.572 6.93029e+44 6.93029e+44 8.34906e+44 8.34907e+44 8.34907e+44 0 0 5.7622e+42 6.74808e+45 4.64348e+42 0 0 0
1074.61 5.33674e+44 5.33674e+44 6.61733e+44 6.61733e+44 6.61733e+44 0 0 2.31687e+41 5.53815e+45 4.64348e+42 0 0 0
1240.94 4.08212e+44 4.08212e+44 5.23299e+44 5.23299e+44 5.23299e+44 0 0 5.41798e+39 4.51069e+45 4.64348e+42 0 0 0
1433.01 3.09808e+44 3.09808e+44 4.12716e+44 4.12716e+44 4.12716e+44 0 0 6.77591e+37 3.64238e+45 4.64348e+42 0 0 0
1654.82 2.32991e+44 2.32991e+44 3.24472e+44 3.24472e+44 3.24472e+44 0 0 4.11358e+35 2.91279e+45 4.64348e+42 0 0 0
1910.95 1.73382e+44 1.73382e+44 2.5416e+44 2.5416e+44 2.5416e+44 0 0 1.08396e+33 2.30398e+45 4.64348e+42 0 0 0
2206.73 1.2747e+44 1.2747e+44 1.98253e+44 1.98253e+44 1.98253e+44 0 0 1.08953e+30 1.80013e+45 4.64348e+42 0 0 0
2548.3 9.24268e+43 9.24268e+43 1.53921e+44 1.53921e+44 1.53921e+44 0 0 3.5985e+26 1.38714e+45 4.64348e+42 0 0 0
2942.73 6.59728e+43 6.59728e+43 1.18891e+44 1.18891e+44 1.18891e+44 0 0 3.28731e+22 1.05244e+45 4.64348e+42 0 0 0
3398.21 4.62615e+43 4.62615e+43 9.13264e+43 9.13264e+43 9.13264e+43 0 0 6.80773e+17 7.84719e+44 4.64348e+42 0 0 0
3924.19 3.17972e+43 3.17972e+43 6.97402e+43 6.97402e+43 6.97402e+43 0 0 2.54006e+12 5.73796e+44 4.64348e+42 0 0 0
4531.58 2.13696e+43 2.13696e+43 5.29282e+43 5.29282e+43 5.29282e+43 0 0 1.30965e+06 4.10489e+44 4.64348e+42 0 0 0
5232.99 1.49439e+43 1.49439e+43 4.0779e+43 4.0779e+43 4.0779e+43 0 0 0.0686909 3.05774e+44 4.64348e+42 0 0 0
6042.96 9.70446e+42 9.70446e+42 3.07033e+43 3.07033e+43 3.07033e+43 0 0 2.57302e-10 2.1167e+44 4.64348e+42 0 0 0
6978.31 6.13931e+42 6.13931e+42 2.29872e+43 2.29872e+43 2.29872e+43 0 0 4.57482e-20 1.42851e+44 4.64348e+42 0 0 0
8058.42 3.77494e+42 3.77494e+42 1.71161e+43 1.71161e+43 1.71161e+43 0 0 2.40893e-31 9.37709e+43 4.64348e+42 0 0 0
9305.72 2.25068e+42 2.25068e+42 1.26777e+43 1.26777e+43 1.26777e+43 0 0 2.17875e-44 5.97255e+43 4.64348e+42 0 0 0
10746.1 1.298e+42 1.298e+42 9.34395e+42 9.34395e+42 9.34395e+42 0 0 1.80438e-59 3.68182e+43 4.64348e+42 0 0 0
12409.4 7.22326e+41 7.22326e+41 6.85551e+42 6.85551e+42 6.85551e+42 0 0 6.61756e-77 2.19108e+43 4.64348e+42 0 0 0
14330.1 3.86948e+41 3.86948e+41 5.00913e+42 5.00913e+42 5.00913e+42 0 0 4.64514e-97 1.25555e+43 4.64348e+42 0 0 0
16548.2 1.99093e+41 1.99093e+41 3.64684e+42 3.64684e+42 3.64684e+42 0 0 2.36876e-120 6.91053e+42 4.64348e+42 0 0 0
19109.5 9.81921e+40 9.81921e+40 2.64693e+42 2.64693e+42 2.64693e+42 0 0 2.86709e-147 3.64511e+42 4.64348e+42 0 0 0
22067.3 4.63473e+40 4.63473e+40 1.91644e+42 1.91644e+42 1.91644e+42 0 0 2.26325e-178 1.83906e+42 4.64348e+42 0 0 0
25483 2.09151e+40 2.09151e+40 1.38498e+42 1.38498e+42 1.38498e+42 0 0 2.62143e-214 8.86266e+41 4.64348e+42 0 0 0
29427.3 9.02158e+39 9.02158e+39 9.99703e+41 9.99703e+41 9.99703e+41 0 0 0 4.0768e+41 4.64348e+42 0 0 0
33982.1 3.72252e+39 3.72252e+39 7.21212e+41 7.21212e+41 7.21212e+41 0 0 0 1.79053e+41 4.64348e+42 0 0 0
39241.9 1.47232e+39 1.47232e+39 5.20367e+41 5.20367e+41 5.20367e+41 0 0 0 7.51914e+40 4.64348e+42 0 0 0
45315.8 5.60144e+38 5.60144e+38 3.75751e+41 3.75751e+41 3.75751e+41 0 0 0 3.02762e+40 4.64348e+42 0 0 0
52329.9 2.06041e+38 2.06041e+38 2.71719e+41 2.71719e+41 2.71719e+41 0 0 0 1.17399e+40 4.64348e+42 0 0 0
60429.6 7.37819e+37 7.37819e+37 1.96898e+41 1.96898e+41 1.96898e+41 0 0 0 4.41012e+39 4.64348e+42 0 0 0
69783.1 2.59435e+37 2.59435e+37 1.43062e+41 1.43062e+41 1.43062e+41 0 0 0 1.61714e+39 4.64348e+42 0 0 0
80584.2 9.04957e+36 9.04957e+36 1.0428e+41 1.0428e+41 1.0428e+41 0 0 0 5.84081e+38 4.64348e+42 0 0 0
93057.2 3.16777e+36 3.16777e+36 7.62944e+40 7.62944e+40 7.62944e+40 0 0 0 2.09914e+38 4.64348e+42 0 0 0
107461 1.12667e+36 1.12667e+36 5.60493e+40 5.60493e+40 5.60493e+40 0 0 0 7.58857e+37 4.64348e+42 0 0 0
124094 4.12371e+35 4.12371e+35 4.13598e+40 4.13598e+40 4.13598e+40 0 0 0 2.78981e+37 4.64348e+42 0 0 0
143301 1.57265e+35 1.57265e+35 3.06636e+40 3.06636e+40 3.06636e+40 0 0 0 1.05388e+37 4.64348e+42 0 0 0
165482 6.32177e+34 6.32177e+34 2.28436e+40 2.28436e+40 2.28436e+40 0 0 0 4.12833e+36 4.64348e+42 0 0 0
191095 2.70582e+34 2.70582e+34 1.71013e+40 1.71013e+40 1.71013e+40 0 0 0 1.68938e+36 4.64348e+42 0 0 0
220673 1.24345e+34 1.24345e+34 1.28651e+40 1.28651e+40 1.28651e+40 0 0 0 7.25918e+35 4.64348e+42 0 0 0
254830 6.17438e+33 6.17438e+33 9.72462e+39 9.72462e+39 9.72462e+39 0 0 0 3.28427e+35 4.64348e+42 0 0 0
294273 3.32768e+33 3.32768e+33 7.38516e+39 7.38516e+39 7.38516e+39 0 0 0 1.56496e+35 4.64348e+42 0 0 0
339821 1.95203e+33 1.95203e+33 5.6339e+39 5.6339e+39 5.6339e+39 0 0 0 7.83771e+34 4.64348e+42 0 0 0
392419 1.24805e+33 1.24805e+33 4.31673e+39 4.31673e+39 4.31673e+39 0 0 0 4.10844e+34 4.64348e+42 0 0 0
453158 8.69976e+32 8.69976e+32 3.32153e+39 3.32153e+39 3.32153e+39 0 0 0 2.24029e+34 4.64348e+42 0 0 0
523299 6.60804e+32 6.60804e+32 2.5663e+39 2.5663e+39 2.5663e+39 1.00075e+32 3.56192e+36 0 1.26067e+34 4.64348e+42 0 0 0
604296 5.46207e+32 5.46207e+32 1.99075e+39 1.99075e+39 1.99075e+39 1.55602e+32 3.57672e+36 0 7.24906e+33 4.64348e+42 0 0 0
697831 4.90313e+32 4.90313e+32 1.55037e+39 1.55037e+39 1.55037e+39 2.11128e+32 3.59152e+36 0 4.20892e+33 4.64348e+42 0 0 0
805842 4.76622e+32 4.76622e+32 1.21207e+39 1.21207e+39 1.21207e+39 2.66655e+32 3.60632e+36 0 2.43262e+33 4.64348e+42 0 0 0
930572 4.99816e+32 4.99816e+32 9.51161e+38 9.51161e+38 9.51161e+38 3.22181e+32 3.62112e+36 0 1.37604e+33 4.64348e+42 0 0 0
1.07461e+06 5.62705e+32 5.62705e+32 7.49158e+38 7.49158e+38 7.49158e+38 4.09455e+32 3.6396e+36 0 7.46711e+32 4.64348e+42 0 0 0
1.24094e+06 6.75815e+32 6.75815e+32 5.92133e+38 5.92133e+38 5.92133e+38 5.51956e+32 3.64365e+36 0 3.79562e+32 4.64348e+42 0 0 0
1.43301e+06 8.58199e+32 8.58199e+32 4.69552e+38 4.69552e+38 4.69552e+38 7.40356e+32 3.64876e+36 0 1.75552e+32 4.64348e+42 0 0 0
1.65482e+06 1.14055e+33 1.14055e+33 3.73445e+38 3.73445e+38 3.73445e+38 9.90341e+32 3.6553e+36 0 7.14462e+31 4.64348e+42 0 0 0
1.91095e+06 1.57002e+33 1.57002e+33 2.97774e+38 2.97774e+38 2.97774e+38 1.34941e+33 3.66432e+36 0 2.46514e+31 4.64348e+42 0 0 0
2.20673e+06 2.21609e+33 2.21609e+33 2.37948e+38 2.37948e+38 2.37948e+38 1.81155e+33 3.67591e+36 0 6.92049e+30 4.64348e+42 0 0 0
2.5483e+06 3.17725e+33 3.17725e+33 1.90465e+38 1.90465e+38 1.90465e+38 2.42081e+33 3.69106e+36 0 1.51071e+30 4.64348e+42 0 0 0
2.94273e+06 4.58597e+33 4.58597e+33 1.5264e+38 1.5264e+38 1.5264e+38 3.23247e+33 3.71093e+36 0 2.43842e+29 4.64348e+42 0 0 0
3.39821e+06 6.60978e+33 6.60978e+33 1.22408e+38 1.22408e+38 1.22408e+38 4.40832e+33 3.73883e+36 0 2.75158e+28 4.64348e+42 0 0 0
3.92419e+06 9.44339e+33 9.44339e+33 9.81755e+37 9.81755e+37 9.81755e+37 5.94952e+33 3.77527e+36 0 2.0388e+27 4.64348e+42 0 0 0
4.53158e+06 1.32878e+34 1.32878e+34 7.87075e+37 7.87075e+37 7.87075e+37 8.03724e+33 3.82273e+36 0 9.24471e+25 4.64348e+42 0 0 0
5.23299e+06 1.83131e+34 1.83131e+34 6.30407e+37 6.30407e+37 6.30407e+37 1.08373e+34 3.88383e+36 0 2.36932e+24 4.64348e+42 0 0 0
6.04296e+06 2.46069e+34 2.46069e+34 5.04189e+37 5.04189e+37 5.04189e+37 1.48284e+34 3.96818e+36 0 3.13658e+22 4.64348e+42 0 0 0
6.97831e+06 3.21153e+34 3.21153e+34 4.02436e+37 4.02436e+37 4.02436e+37 2.00259e+34 4.07009e+36 0 1.936e+20 4.64348e+42 0 0 0
8.05842e+06 4.05924e+34 4.05924e+34 3.20386e+37 3.20386e+37 3.20386e+37 2.68676e+34 4.19491e+36 0 4.95675e+17 4.64348e+42 0 0 0
9.30572e+06 4.95752e+34 4.95752e+34 2.5423e+37 2.5423e+37 2.5423e+37 3.60182e+34 4.33819e+36 0 4.60479e+14 4.64348e+42 0 0 0
1.07461e+07 5.84039e+34 5.84039e+34 2.0092e+37 2.0092e+37 2.0092e+37 4.86308e+34 4.53877e+36 0 1.33122e+11 4.64348e+42 0 0 0
1.24094e+07 6.62943e+34 6.62943e+34 1.58016e+37 1.58016e+37 1.58016e+37 6.43049e+34 4.72658e+36 0 1.00378e+07 4.64348e+42 0 0 0
1.43301e+07 7.24585e+34 7.24585e+34 1.23566e+37 1.23566e+37 1.23566e+37 8.35193e+34 4.91234e+36 0 161.101 4.64348e+42 0 0 0
1.65482e+07 7.6248e+34 7.6248e+34 9.60066e+36 9.60066e+36 9.60066e+36 1.06586e+35 5.08839e+36 0 0.000435376 4.64348e+42 0 0 0
1.91095e+07 7.72833e+34 7.72833e+34 7.40797e+36 7.40797e+36 7.40797e+36 1.35086e+35 5.24521e+36 0 1.51201e-10 4.64348e+42 0 0 0
2.20673e+07 7.55155e+34 7.55155e+34 5.67477e+36 5.67477e+36 5.67477e+36 1.65298e+35 5.37748e+36 0 4.93952e-18 4.64348e+42 0 0 0
2.5483e+07 7.12355e+34 7.12355e+34 4.31588e+36 4.31588e+36 4.31588e+36 1.98185e+35 5.46833e+36 0 1.05883e-26 4.64348e+42 0 0 0
2.94273e+07 6.49857e+34 6.49857e+34 3.25954e+36 3.25954e+36 3.25954e+36 2.31224e+35 5.46898e+36 0 9.82473e-37 4.64348e+42 0 0 0
3.39821e+07 5.74576e+34 5.74576e+34 2.44607e+36 2.44607e+36 2.44607e+36 2.64382e+35 5.36362e+36 0 2.44066e-48 4.64348e+42 0 0 0
3.92419e+07 4.93387e+34 4.93387e+34 1.82475e+36 1.82475e+36 1.82475e+36 2.91947e+35 5.15021e+36 0 9.31882e-62 4.64348e+42 0 0 0
4.53158e+07 4.12632e+34 4.12632e+34 1.35481e+36 1.35481e+36 1.35481e+36 3.15934e+35 4.86748e+36 0 2.88047e-77 4.64348e+42 0 0 0
5.23299e+07 3.37049e+34 3.37049e+34 1.00233e+36 1.00233e+36 1.00233e+36 3.347e+35 4.54001e+36 0 3.43721e-95 4.64348e+42 0 0 0
6.04296e+07 2.69597e+34 2.69597e+34 7.39719e+35 7.39719e+35 7.39719e+35 3.45555e+35 4.13402e+36 0 6.73137e-116 4.64348e+42 0 0 0
6.97831e+07 2.11737e+34 2.11737e+34 5.45199e+35 5.45199e+35 5.45199e+35 3.47508e+35 3.66933e+36 0 8.05488e-140 4.64348e+42 0 0 0
8.05842e+07 1.63703e+34 1.63703e+34 4.01771e+35 4.01771e+35 4.01771e+35 3.41433e+35 3.15065e+36 0 1.88128e-167 4.64348e+42 0 0 0
9.30572e+07 1.24829e+34 1.24829e+34 2.96185e+35 2.96185e+35 2.96185e+35 3.27546e+35 2.59767e+36 0 2.29535e-199 4.64348e+42 0 0 0
1.07461e+08 9.39495e+33 9.39495e+33 2.18314e+35 2.18314e+35 2.18314e+35 3.0575e+35 2.02969e+36 0 3.19226e-236 4.64348e+42 423.701 0 0
1.24094e+08 6.99743e+33 6.99743e+33 1.61126e+35 1.61126e+35 1.61126e+35 2.80397e+35 1.56983e+36 0 8.72207e-279 4.64348e+42 372.228 0 0
1.43301e+08 5.15618e+33 5.15618e+33 1.18909e+35 1.18909e+35 1.18909e+35 2.51405e+35 1.19117e+36 0 0 4.64348e+42 327.009 0 0
1.65482e+08 3.75585e+33 3.75585e+33 8.75856e+34 8.75856e+34 8.75856e+34 2.19732e+35 8.89161e+35 0 0 4.64348e+42 287.283 0 0
1.91095e+08 2.68871e+33 2.68871e+33 6.39555e+34 6.39555e+34 6.39555e+34 1.84138e+35 6.4093e+35 0 0 4.64348e+42 252.383 0 0
2.20673e+08 1.90838e+33 1.90838e+33 4.66664e+34 4.66664e+34 4.66664e+34 1.52642e+35 4.71159e+35 0 0 4.64348e+42 221.722 0 0
2.5483e+08 1.33783e+33 1.33783e+33 3.38701e+34 3.38701e+34 3.38701e+34 1.23694e+35 3.43457e+35 0 0 4.64348e+42 194.787 0 0
2.94273e+08 9.2561e+32 9.2561e+32 2.44326e+34 2.44326e+34 2.44326e+34 9.80804e+34 2.48191e+35 0 0 4.64348e+42 171.123 0 0
3.39821e+08 6.20077e+32 6.20077e+32 1.73471e+34 1.73471e+34 1.73471e+34 7.47306e+34 1.75978e+35 0 0 4.64348e+42 156.967 0 0
3.92419e+08 3.63117e+32 3.63117e+32 1.21124e+34 1.21124e+34 1.21124e+34 5.71685e+34 1.27668e+35 0 0 4.64348e+42 150.335 0 0
4.53158e+08 7.98152e+31 7.98152e+31 7.43291e+33 7.43291e+33 7.43291e+33 4.3177e+34 9.23065e+34 0 0 4.64348e+42 143.982 0 0
5.23299e+08 1.02883e+29 1.02883e+29 2.97771e+33 2.97771e+33 2.97771e+33 3.20162e+34 6.6523e+34 0 0 4.64348e+42 137.898 0 0
6.04296e+08 1.54161e+17 1.54161e+17 7.28298e+32 7.28298e+32 7.28298e+32 2.35101e+34 4.74364e+34 0 0 4.64348e+42 132.072 0 0
6.97831e+08 9.10077e-25 9.10077e-25 1.58131e+32 1.58131e+32 1.58131e+32 1.75545e+34 3.45847e+34 0 0 4.64348e+42 126.491 0 0
8.05842e+08 4.36827e-146 4.36827e-146 3.7553e+31 3.7553e+31 3.7553e+31 1.30384e+34 2.51784e+34 0 0 4.64348e+42 121.146 0 0
9.30572e+08 0 0 1.02032e+31 1.02032e+31 1.02032e+31 9.61671e+33 1.82884e+34 0 0 4.64348e+42 116.027 0 0
1.07461e+09 0 0 3.14957e+30 3.14957e+30 3.14957e+30 6.99675e+33 1.30899e+34 0 0 4.64348e+42 116.445 0 0
1.24094e+09 0 0 1.10642e+30 1.10642e+30 1.10642e+30 5.21276e+33 9.59292e+33 0 0 4.64348e+42 122.461 0 0
1.43301e+09 0 0 4.31819e+29 4.31819e+29 4.31819e+29 3.8903e+33 7.01034e+33 0 0 4.64348e+42 128.787 0 0
1.65482e+09 0 0 1.84313e+29 1.84313e+29 1.84313e+29 2.89333e+33 5.10666e+33 0 0 4.64348e+42 135.44 0 0
1.91095e+09 0 0 8.46606e+28 8.46606e+28 8.46606e+28 2.1245e+33 3.65609e+33 0 0 4.64348e+42 142.437 0 0
2.20673e+09 0 0 4.20692e+28 4.20692e+28 4.20692e+28 1.59427e+33 2.68397e+33 0 0 4.64348e+42 149.795 0 0
2.5483e+09 0 0 2.21637e+28 2.21637e+28 2.21637e+28 1.1927e+33 1.9644e+33 0 0 4.64348e+42 157.533 0 0
2.94273e+09 0 0 1.22664e+28 1.22664e+28 1.22664e+28 8.87862e+32 1.43279e+33 0 0 4.64348e+42 165.671 0 0
3.39821e+09 0 0 7.03054e+27 7.03054e+27 7.03054e+27 6.48605e+32 1.02693e+33 0 0 4.64348e+42 174.23 0 0
3.92419e+09 0 0 4.2328e+27 4.2328e+27 4.2328e+27 4.85054e+32 7.53878e+32 0 0 4.64348e+42 183.23 0 0
4.53158e+09 0 0 2.62823e+27 2.62823e+27 2.62823e+27 3.6149e+32 5.51285e+32 0 0 4.64348e+42 192.696 0 0
5.23299e+09 0 0 1.67509e+27 1.67509e+27 1.67509e+27 2.6844e+32 4.01348e+32 0 0 4.64348e+42 202.65 0 0
6.04296e+09 0 0 1.08103e+27 1.08103e+27 1.08103e+27 1.95153e+32 2.8732e+32 0 0 4.64348e+42 213.119 0 0
6.97831e+09 0 0 7.22163e+26 7.22163e+26 7.22163e+26 1.45611e+32 2.10489e+32 0 0 4.64348e+42 224.128 0 0
8.05842e+09 0 0 4.90421e+26 4.90421e+26 4.90421e+26 1.08269e+32 1.53731e+32 0 0 4.64348e+42 235.707 0 0
9.30572e+09 0 0 3.37196e+26 3.37196e+26 3.37196e+26 7.99706e+31 1.11925e+32 0 0 4.64348e+42 247.883 0 0
1.07461e+10 0 0 2.3247e+26 2.3247e+26 2.3247e+26 5.79724e+31 8.03047e+31 0 0 4.64348e+42 278.129 0 0
1.24094e+10 0 0 1.64288e+26 1.64288e+26 1.64288e+26 4.28823e+31 5.89826e+31 0 0 4.64348e+42 332.945 0 0
1.43301e+10 0 0 1.16988e+26 1.16988e+26 1.16988e+26 3.1515e+31 4.32005e+31 0 0 4.64348e+42 398.563 0 0
1.65482e+10 0 0 8.40301e+25 8.40301e+25 8.40301e+25 2.3084e+31 3.15333e+31 0 0 4.64348e+42 477.114 0 0
1.91095e+10 0 0 6.00996e+25 6.00996e+25 6.00996e+25 1.65698e+31 2.26026e+31 0 0 4.64348e+42 571.146 0 0
2.20673e+10 0 0 4.41073e+25 4.41073e+25 4.41073e+25 1.21802e+31 1.65966e+31 0 0 4.64348e+42 683.71 34.7254 0
2.5483e+10 0 0 3.25844e+25 3.25844e+25 3.25844e+25 8.92042e+30 1.21409e+31 0 0 4.64348e+42 818.459 22.9578 0
2.94273e+10 0 0 2.42271e+25 2.42271e+25 2.42271e+25 6.51117e+30 8.84636e+30 0 0 4.64348e+42 979.765 15.5417 0
3.39821e+10 0 0 1.78692e+25 1.78692e+25 1.78692e+25 4.65562e+30 6.31724e+30 0 0 4.64348e+42 1172.86 10.7604 0
3.92419e+10 0 0 1.35851e+25 1.35851e+25 1.35851e+25 3.42396e+30 4.63326e+30 0 0 4.64348e+42 1404.02 7.61059 0
4.53158e+10 0 0 1.03894e+25 1.03894e+25 1.03894e+25 2.51164e+30 3.38834e+30 0 0 4.64348e+42 1680.73 5.49245 0
5.23299e+10 0 0 7.99267e+24 7.99267e+24 7.99267e+24 1.83878e+30 2.4698e+30 0 0 4.64348e+42 2011.97 4.04008 0
6.04296e+10 0 0 6.0928e+24 6.0928e+24 6.0928e+24 1.32171e+30 1.76364e+30 0 0 4.64348e+42 2408.5 3.02568 0
6.97831e+10 0 0 4.78743e+24 4.78743e+24 4.78743e+24 9.7653e+29 1.29519e+30 0 0 4.64348e+42 2883.18 2.3047 0
8.05842e+10 0 0 3.77403e+24 3.77403e+24 3.77403e+24 7.19262e+29 9.48496e+29 0 0 4.64348e+42 3451.41 1.78376 0
9.30572e+10 0 0 2.98261e+24 2.98261e+24 2.98261e+24 5.28091e+29 6.92231e+29 0 0 4.64348e+42 4131.64 1.40144 0
1.07461e+11 0 0 2.32245e+24 2.32245e+24 2.32245e+24 3.79631e+29 4.94242e+29 0 0 4.64348e+42 4945.92 1.11671 0
1.24094e+11 0 0 1.85953e+24 1.85953e+24 1.85953e+24 2.80021e+29 3.6291e+29 0 0 4.64348e+42 5920.69 0.901709 0
1.43301e+11 0 0 1.48891e+24 1.48891e+24 1.48891e+24 2.05715e+29 2.65563e+29 0 0 4.64348e+42 7087.56 0.737233 0
1.65482e+11 0 0 1.19102e+24 1.19102e+24 1.19102e+24 1.50443e+29 1.93541e+29 0 0 4.64348e+42 8484.42 0.609868 0
1.91095e+11 0 0 9.3558e+23 9.3558e+23 9.3558e+23 1.07617e+29 1.37802e+29 0 0 4.64348e+42 10156.6 0.510106 0
2.20673e+11 0 0 7.55686e+23 7.55686e+23 7.55686e+23 7.90597e+28 1.00939e+29 0 0 4.64348e+42 12158.3 0.431129 0
2.5483e+11 0 0 6.09501e+23 6.09501e+23 6.09501e+23 5.78516e+28 7.3657e+28 0 0 4.64348e+42 14554.5 0.367983 0
2.94273e+11 0 0 4.9068e+23 4.9068e+23 4.9068e+23 4.21604e+28 5.35128e+28 0 0 4.64348e+42 17423 0.317029 0
3.39821e+11 0 0 3.87395e+23 3.87395e+23 3.87395e+23 3.00555e+28 3.79421e+28 0 0 4.64348e+42 0 0.275565 0
3.92419e+11 0 0 3.14574e+23 3.14574e+23 3.14574e+23 2.20218e+28 2.76917e+28 0 0 4.64348e+42 0 0.241562 0
4.53158e+11 0 0 2.54827e+23 2.54827e+23 2.54827e+23 1.60706e+28 2.01263e+28 0 0 4.64348e+42 0 0.213483 0
5.23299e+11 0 0 2.05843e+23 2.05843e+23 2.05843e+23 1.16775e+28 1.45573e+28 0 0 4.64348e+42 0 0.190154 0
6.04296e+11 0 0 1.62746e+23 1.62746e+23 1.62746e+23 8.29087e+27 1.02619e+28 0 0 4.64348e+42 0 0.170669 0
6.97831e+11 0 0 1.32374e+23 1.32374e+23 1.32374e+23 6.05348e+27 7.45137e+27 0 0 4.64348e+42 0 0.154323 0
8.05842e+11 0 0 1.07313e+23 1.07313e+23 1.07313e+23 4.40059e+27 5.38529e+27 0 0 4.64348e+42 0 0.140565 0
9.30572e+11 0 0 8.66719e+22 8.66719e+22 8.66719e+22 3.18413e+27 3.87112e+27 0 0 4.64348e+42 0 0.12896 0
1.07461e+12 0 0 6.83768e+22 6.83768e+22 6.83768e+22 2.24796e+27 2.70701e+27 0 0 4.64348e+42 0 0.119166 0
1.24094e+12 0 0 5.5517e+22 5.5517e+22 5.5517e+22 1.63321e+27 1.95172e+27 0 0 4.64348e+42 0 0.110908 0
1.43301e+12 0 0 4.48818e+22 4.48818e+22 4.48818e+22 1.18083e+27 1.39965e+27 0 0 4.64348e+42 0 0.103969 0
1.65482e+12 0 0 3.61088e+22 3.61088e+22 3.61088e+22 8.49311e+26 9.9755e+26 0 0 4.64348e+42 0 0.098177 0
1.91095e+12 0 0 2.83061e+22 2.83061e+22 2.83061e+22 5.94934e+26 6.89874e+26 0 0 4.64348e+42 0 0.0933933 0
2.20673e+12 0 0 2.28456e+22 2.28456e+22 2.28456e+22 4.29255e+26 4.92575e+26 0 0 4.64348e+42 0 0.0895108 0
2.5483e+12 0 0 1.83333e+22 1.83333e+22 1.83333e+22 3.0801e+26 3.49509e+26 0 0 4.64348e+42 0 0.0864461 0
2.94273e+12 0 0 1.46183e+22 1.46183e+22 1.46183e+22 2.19705e+26 2.46215e+26 0 0 4.64348e+42 0 0.0841374 0
3.39821e+12 0 0 1.13162e+22 1.13162e+22 1.13162e+22 1.52237e+26 1.67696e+26 0 0 4.64348e+42 0 0.082541 0
3.92419e+12 0 0 9.02141e+21 9.02141e+21 9.02141e+21 1.08798e+26 1.18165e+26 0 0 4.64348e+42 0 0.08163 0
4.53158e+12 0 0 7.13456e+21 7.13456e+21 7.13456e+21 7.72557e+25 8.26453e+25 0 0 4.64348e+42 0 0.0813928 0
5.23299e+12 0 0 5.5916e+21 5.5916e+21 5.5916e+21 5.44798e+25 5.73094e+25 0 0 4.64348e+42 0 0.0818329 0
6.04296e+12 0 0 4.23103e+21 4.23103e+21 4.23103e+21 3.71874e+25 3.82267e+25 0 0 4.64348e+42 0 0.0829683 0
6.97831e+12 0 0 3.29622e+21 3.29622e+21 3.29622e+21 2.62307e+25 2.64599e+25 0 0 4.64348e+42 0 0.0848322 0
8.05842e+12 0 0 2.53777e+21 2.53777e+21 2.53777e+21 1.83615e+25 1.81507e+25 0 0 4.64348e+42 0 0.0874729 0
9.30572e+12 0 0 1.92795e+21 1.92795e+21 1.92795e+21 1.27473e+25 1.23222e+25 0 0 4.64348e+42 0 0.0909553 0
1.07461e+13 0 0 1.40226e+21 1.40226e+21 1.40226e+21 8.52269e+24 7.98768e+24 0 0 4.64348e+42 0 0.0953611 0
1.24094e+13 0 0 1.04939e+21 1.04939e+21 1.04939e+21 5.90527e+24 5.39812e+24 0 0 4.64348e+42 0 0.10079 0
1.43301e+13 0 0 7.71879e+20 7.71879e+20 7.71879e+20 4.05391e+24 3.60785e+24 0 0 4.64348e+42 0 0.10736 0
1.65482e+13 0 0 5.57037e+20 5.57037e+20 5.57037e+20 2.75496e+24 2.3806e+24 0 0 4.64348e+42 0 0.115206 0
1.91095e+13 0 0 3.80631e+20 3.80631e+20 3.80631e+20 1.78995e+24 1.48387e+24 0 0 4.64348e+42 0 0.12448 0
2.20673e+13 0 0 2.67861e+20 2.67861e+20 2.67861e+20 1.21044e+24 9.71112e+23 0 0 4.64348e+42 0 0.135345 0
2.5483e+13 0 0 1.84333e+20 1.84333e+20 1.84333e+20 8.09155e+23 6.2681e+23 0 0 4.64348e+42 0 0.147968 0
2.94273e+13 0 0 1.239e+20 1.239e+20 1.239e+20 5.34146e+23 3.9814e+23 0 0 4.64348e+42 0 0.162507 0
3.39821e+13 0 0 7.7918e+19 7.7918e+19 7.7918e+19 3.33463e+23 2.35081e+23 0 0 4.64348e+42 0 0.179093 0
3.92419e+13 0 0 5.08088e+19 5.08088e+19 5.08088e+19 2.18134e+23 1.47364e+23 0 0 4.64348e+42 0 0.197804 0
4.53158e+13 9.44189e-292 9.44199e-292 3.23346e+19 3.23346e+19 3.23346e+19 1.40614e+23 9.07813e+22 0 0 4.64348e+42 0 0.218621 0
5.23299e+13 1.2605e-255 1.26052e-255 2.00747e+19 2.00747e+19 2.00747e+19 8.92072e+22 5.47996e+22 0 0 4.64348e+42 0 0.241387 0
6.04296e+13 8.6032e-224 8.60335e-224 1.15039e+19 1.15039e+19 1.15039e+19 5.26412e+22 2.99997e+22 0 0 4.64348e+42 0 0.265741 0
6.97831e+13 1.05267e-195 1.05269e-195 6.93404e+18 6.93404e+18 6.93404e+18 3.28967e+22 1.77503e+22 0 0 4.64348e+42 0 0.291055 0
8.05842e+13 5.81346e-171 5.81361e-171 4.07773e+18 4.07773e+18 4.07773e+18 2.01697e+22 1.02732e+22 0 0 4.64348e+42 0 0.316368 0
9.30572e+13 3.51466e-149 3.51477e-149 2.33839e+18 2.33839e+18 2.33839e+18 1.2114e+22 5.79367e+21 0 0 4.64348e+42 0 0.340344 0
1.07461e+14 4.73006e-130 4.73024e-130 1.21078e+18 1.21078e+18 1.21078e+18 6.59237e+21 2.84998e+21 0 0 4.64348e+42 0 0 0
1.24094e+14 3.38822e-113 3.38841e-113 6.73687e+17 6.73687e+17 6.73687e+17 3.86594e+21 1.56044e+21 0 0 4.64348e+42 0 0 0
1.43301e+14 2.17111e-98 2.17133e-98 3.64754e+17 3.64754e+17 3.64754e+17 2.21028e+21 8.30879e+20 0 0 4.64348e+42 0 0 0
1.65482e+14 2.15039e-85 2.15083e-85 1.91984e+17 1.91984e+17 1.91984e+17 1.22996e+21 4.28036e+20 0 0 4.64348e+42 0 0 0
1.91095e+14 4.77281e-74 4.77486e-74 8.76683e+16 8.76683e+16 8.76683e+16 5.9413e+20 1.80549e+20 0 0 4.64348e+42 0 0 0
2.20673e+14 4.66354e-64 4.66747e-64 4.4412e+16 4.4412e+16 4.4412e+16 3.18483e+20 8.90506e+19 0 0 4.64348e+42 0 0 0
2.5483e+14 2.55408e-55 2.55799e-55 2.17336e+16 2.17336e+16 2.17336e+16 1.64877e+20 4.24139e+19 0 0 4.64348e+42 0 0 0
2.94273e+14 1.09673e-47 1.09955e-47 1.02703e+16 1.02703e+16 1.02703e+16 8.23589e+19 1.93763e+19 0 0 4.64348e+42 0 0 0
3.39821e+14 4.15985e-41 4.1765e-41 3.92292e+15 3.92292e+15 3.92292e+15 3.32229e+19 6.51569e+18 0 0 4.64348e+42 0 0 0
3.92419e+14 2.61869e-35 2.634e-35 1.75033e+15 1.75033e+15 1.75033e+15 1.5648e+19 2.78655e+18 0 0 4.64348e+42 0 0 0
4.53158e+14 2.81365e-30 2.83633e-30 7.43917e+14 7.43917e+14 7.43917e+14 7.00955e+18 1.14169e+18 0 0 4.64348e+42 0 0 0
5.23299e+14 6.34393e-26 6.41094e-26 3.01702e+14 3.01702e+14 3.01702e+14 2.99052e+18 4.44682e+17 0 0 4.64348e+42 0 0 0
6.04296e+14 2.70193e-22 2.73772e-22 8.77121e+13 8.77121e+13 8.77121e+13 9.13902e+17 1.05437e+17 0 0 4.64348e+42 0 0 0
6.97831e+14 4.53853e-19 4.61104e-19 3.2534e+13 3.2534e+13 3.2534e+13 3.55647e+17 3.67983e+16 0 0 4.64348e+42 0 0 0
8.05842e+14 2.51265e-16 2.55947e-16 1.11766e+13 1.11766e+13 1.11766e+13 1.27971e+17 1.22007e+16 0 0 4.64348e+42 0 0 0
9.30572e+14 5.19896e-14 5.30865e-14 3.56156e+12 3.56156e+12 3.56156e+12 4.26401e+16 3.84781e+15 0 0 4.64348e+42 0 0 0
1.07461e+15 2.90041e-12 2.96791e-12 6.80739e+11 6.80739e+11 6.80739e+11 8.50348e+15 5.19639e+14 0 0 4.64348e+42 0 0 0
1.24094e+15 1.17023e-10 1.19959e-10 1.90089e+11 1.90089e+11 1.90089e+11 2.47496e+15 1.32762e+14 0 0 4.64348e+42 0 0 0
1.43301e+15 2.23686e-09 2.29613e-09 4.66617e+10 4.66617e+10 4.66617e+10 6.31953e+14 3.15354e+13 0 0 4.64348e+42 0 0 0
1.65482e+15 2.12606e-08 2.1845e-08 9.80665e+09 9.80665e+09 9.80665e+09 1.3792e+14 7.26816e+12 0 0 4.64348e+42 0 0 0
1.91095e+15 5.93222e-08 6.09875e-08 9.75395e+08 9.75395e+08 9.75395e+08 1.4221e+13 4.25773e+11 0 0 4.64348e+42 0 0 0
2.20673e+15 1.92263e-07 1.97697e-07 1.71437e+08 1.71437e+08 1.71437e+08 2.58675e+12 6.56888e+10 0 0 4.64348e+42 0 0 0
2.5483e+15 3.47447e-07 3.5721e-07 2.42903e+07 2.42903e+07 2.42903e+07 3.78758e+11 8.69901e+09 0 0 4.64348e+42 0 0 0
2.94273e+15 3.33281e-07 3.42488e-07 2.52527e+06 2.52527e+06 2.52527e+06 4.06211e+10 1.12253e+09 0 0 4.64348e+42 0 0 0
3.39821e+15 7.70968e-08 7.91698e-08 84135.2 84135.2 84135.2 1.39413e+09 2.13091e+07 0 0 4.64348e+42 0 0 0
3.92419e+15 3.30155e-08 3.38719e-08 6660.98 6660.98 6660.98 1.13505e+08 1.42462e+06 0 0 4.64348e+42 0 0 0
4.53158e+15 7.79076e-09 7.98419e-09 361.807 361.807 361.807 6.32986e+06 67319.2 0 0 4.64348e+42 0 0 0
5.23299e+15 9.51411e-10 9.73859e-10 12.3284 12.3284 12.3284 221075 2615.09 0 0 4.64348e+42 0 0 0
6.04296e+15 1.512e-11 1.54569e-11 0.0647255 0.0647255 0.0647255 1187.64 9.87965 0 0 4.64348e+42 0 0 0
6.97831e+15 7.71114e-13 7.87244e-13 0.00126469 0.00126469 0.00126469 23.7047 0.16494 0 0 4.64348e+42 0 0 0
8.05842e+15 1.59773e-14 1.62895e-14 1.14335e-05 1.14335e-05 1.14335e-05 0.218555 0.00137637 0 0 4.64348e+42 0 0 0
9.30572e+15 1.328e-16 1.35213e-16 4.64752e-08 4.64752e-08 4.64752e-08 0.000904633 5.60348e-06 0 0 4.64348e+42 0 0 0
1.07461e+16 7.50726e-20 7.63354e-20 1.42004e-11 1.42004e-11 1.42004e-11 2.81098e-07 1.65314e-09 0 0 4.64348e+42 0 0 0
1.24094e+16 1.3105e-22 1.33083e-22 1.4627e-14 1.4627e-14 1.4627e-14 2.94169e-10 1.69894e-12 0 0 4.64348e+42 0 0 0
1.43301e+16 5.24632e-26 5.32116e-26 3.73155e-18 3.73155e-18 3.73155e-18 7.62034e-14 4.38017e-16 0 0 4.64348e+42 0 0 0
1.65482e+16 4.79692e-30 4.85964e-30 2.32599e-22 2.32599e-22 2.32599e-22 4.82297e-18 2.77024e-20 0 0 4.64348e+42 0 0 0
1.91095e+16 1.54591e-35 1.56438e-35 5.42148e-28 5.42148e-28 5.42148e-28 1.142e-23 6.55613e-26 0 0 4.64348e+42 0 0 0
2.20673e+16 7.58604e-41 7.66869e-41 2.0265e-33 2.0265e-33 2.0265e-33 4.34102e-29 2.49195e-31 0 0 4.64348e+42 0 0 0
2.5483e+16 3.63369e-47 3.6697e-47 7.73754e-40 7.73754e-40 7.73754e-40 1.68815e-35 9.69159e-38 0 0 4.64348e+42 0 0 0
2.94273e+16 1.48734e-54 1.50072e-54 2.62708e-47 2.62708e-47 2.62708e-47 5.84889e-43 3.35749e-45 0 0 4.64348e+42 0 0 0
3.39821e+16 6.85717e-64 6.91304e-64 1.0403e-56 1.0403e-56 1.0403e-56 2.36856e-52 1.35965e-54 0 0 4.64348e+42 0 0 0
3.92419e+16 1.28231e-73 1.29176e-73 1.72275e-66 1.72275e-66 1.72275e-66 4.02012e-62 2.30773e-64 0 0 4.64348e+42 0 0 0
4.53158e+16 5.05632e-85 5.08996e-85 6.1787e-78 6.1787e-78 6.1787e-78 1.48089e-73 8.50152e-76 0 0 4.64348e+42 0 0 0
5.23299e+16 2.89027e-98 2.9076e-98 3.2886e-91 3.2886e-91 3.2886e-91 8.11049e-87 4.65578e-89 0 0 4.64348e+42 0 0 0
6.04296e+16 2.39021e-114 2.40311e-114 2.58483e-107 2.58483e-107 2.58483e-107 6.56921e-103 3.77101e-105 0 0 4.64348e+42 0 0 0
6.97831e+16 7.46434e-132 7.50056e-132 7.81106e-125 7.81106e-125 7.81106e-125 2.0477e-120 1.17553e-122 0 0 4.64348e+42 0 0 0
8.05842e+16 3.16007e-152 3.17384e-152 3.25064e-145 3.25064e-145 3.25064e-145 8.79426e-141 5.04831e-143 0 0 4.64348e+42 0 0 0
9.30572e+16 0 0 0 0 0 0 0 0 0 4.64348e+42 0 0 0