
1.07461e-07 0 0 8.24524e+47 7.99686e+52 2.99203e+59 0 0 3.30967e+45 0 4.64348e+42 0 0 1
1.24094e-07 0 0 4.38341e+48 9.12284e+52 2.67118e+59 0 0 3.82195e+45 0 4.64348e+42 0 0 1
1.43301e-07 0 0 1.89735e+49 1.0415e+53 2.38394e+59 0 0 4.41351e+45 0 4.64348e+42 0 0 1
1.65482e-07 0 0 6.87458e+49 1.18995e+53 2.12651e+59 0 0 5.09665e+45 0 4.64348e+42 0 0 1
1.91095e-07 0 0 2.13594e+50 1.3609e+53 1.89587e+59 0 0 5.88552e+45 0 4.64348e+42 0 0 1
2.20673e-07 0 0 5.81158e+50 1.55834e+53 1.68947e+59 0 0 6.79649e+45 0 4.64348e+42 0 0 1
2.5483e-07 0 0 1.41015e+51 1.78709e+53 1.505e+59 0 0 7.84846e+45 0 4.64348e+42 0 0 1
2.94273e-07 0 0 3.09992e+51 2.05291e+53 1.34034e+59 0 0 9.06326e+45 0 4.64348e+42 0 0 1
3.39821e-07 0 0 6.25835e+51 2.36264e+53 1.19352e+59 0 0 1.04661e+46 0 4.64348e+42 0 0 1
3.92419e-07 0 0 1.17407e+52 2.72437e+53 1.06268e+59 0 0 1.20861e+46 0 4.64348e+42 0 0 1
4.53158e-07 0 0 2.0675e+52 3.14762e+53 9.46124e+58 0 0 1.39568e+46 0 4.64348e+42 0 0 1
5.23299e-07 0 0 3.44756e+52 3.64374e+53 8.42297e+58 0 0 1.6117e+46 0 4.64348e+42 0 0 1
6.04296e-07 0 0 5.48498e+52 4.22623e+53 7.4979e+58 0 0 1.86116e+46 0 4.64348e+42 0 0 1
6.97831e-07 0 0 8.38088e+52 4.91142e+53 6.67345e+58 0 0 2.14924e+46 0 4.64348e+42 0 0 1
8.05842e-07 0 0 1.23691e+53 5.71911e+53 5.93848e+58 0 0 2.4819e+46 0 4.64348e+42 0 0 1
9.30572e-07 0 0 1.77208e+53 6.67331e+53 5.28314e+58 0 0 2.86605e+46 0 4.64348e+42 0 0 1
1.07461e-06 0 0 2.47508e+53 7.80297e+53 4.69875e+58 0 0 3.30967e+46 0 4.64348e+42 0 0 1
1.24094e-06 0 0 3.38258e+53 9.14282e+53 4.17764e+58 0 0 3.82194e+46 0 4.64348e+42 0 0 1
1.43301e-06 0 0 4.53757e+53 1.07343e+54 3.71298e+58 0 0 4.41351e+46 0 4.64348e+42 0 0 1
1.65482e-06 0 0 5.99064e+53 1.2627e+54 3.29869e+58 0 0 5.09664e+46 0 4.64348e+42 0 0 1
1.91095e-06 0 0 7.80172e+53 1.48804e+54 2.92935e+58 0 0 5.88551e+46 0 4.64348e+42 0 0 1
2.20673e-06 0 0 1.00422e+54 1.75658e+54 2.60012e+58 0 0 6.79648e+46 0 4.64348e+42 0 0 1
2.5483e-06 0 0 1.27975e+54 2.0769e+54 2.30671e+58 0 0 7.84845e+46 0 4.64348e+42 0 0 1
2.94273e-06 0 0 1.61696e+54 2.45925e+54 2.04526e+58 0 0 9.06325e+46 0 4.64348e+42 0 0 1
3.39821e-06 0 0 2.02806e+54 2.91591e+54 1.81235e+58 0 0 1.04661e+47 0 4.64348e+42 0 0 1
3.92419e-06 0 0 2.52762e+54 3.46153e+54 1.60494e+58 0 0 1.2086e+47 0 4.64348e+42 0 0 1
4.53158e-06 0 0 3.13308e+54 4.11363e+54 1.42028e+58 0 0 1.39567e+47 0 4.64348e+42 0 0 1
5.23299e-06 0 0 3.86529e+54 4.89311e+54 1.25594e+58 0 0 1.6117e+47 0 4.64348e+42 0 0 1
6.04296e-06 0 0 4.7491e+54 5.8249e+54 1.10976e+58 0 0 1.86116e+47 0 4.64348e+42 0 0 1
6.97831e-06 0 0 5.81417e+54 6.93872e+54 9.79768e+57 0 0 2.14923e+47 0 4.64348e+42 0 0 1
8.05842e-06 0 0 7.09584e+54 8.26995e+54 8.64243e+57 0 0 2.48189e+47 0 4.64348e+42 0 0 1
9.30572e-06 0 0 8.6362e+54 9.86072e+54 7.61629e+57 0 0 2.86604e+47 0 4.64348e+42 0 0 1
1.07461e-05 0 0 1.04853e+55 1.17611e+55 6.70535e+57 0 0 3.30965e+47 0 4.64348e+42 0 0 1
1.24094e-05 0 0 1.27027e+55 1.40307e+55 5.8972e+57 0 0 3.82192e+47 0 4.64348e+42 0 0 1
1.43301e-05 0 0 1.53592e+55 1.67403e+55 5.18074e+57 0 0 4.41348e+47 0 4.64348e+42 0 0 1
1.65482e-05 0 0 1.85386e+55 1.99738e+55 4.54604e+57 0 0 5.0966e+47 0 4.64348e+42 0 0 1
1.91095e-05 0 0 2.23409e+55 2.3831e+55 3.98421e+57 0 0 5.88545e+47 0 4.64348e+42 0 0 1
2.20673e-05 0 0 2.68841e+55 2.84301e+55 3.48732e+57 0 0 6.7964e+47 0 4.64348e+42 0 0 1
2.5483e-05 0 0 3.23085e+55 3.39113e+55 3.04826e+57 0 0 7.84835e+47 0 4.64348e+42 0 0 1
2.94273e-05 0 0 3.87802e+55 4.04408e+55 2.66068e+57 0 0 9.06311e+47 0 4.64348e+42 0 0 1
3.39821e-05 0 0 4.6496e+55 4.82153e+55 2.3189e+57 0 0 1.04659e+48 0 4.64348e+42 0 0 1
3.92419e-05 0 0 5.5689e+55 5.74678e+55 2.01785e+57 0 0 1.20858e+48 0 4.64348e+42 0 0 1
4.53158e-05 0 0 6.66348e+55 6.84741e+55 1.75299e+57 0 0 1.39564e+48 0 4.64348e+42 0 0 1
5.23299e-05 0 0 7.966e+55 8.15606e+55 1.52026e+57 0 0 1.61165e+48 0 4.64348e+42 0 0 1
6.04296e-05 0 0 9.51503e+55 9.71132e+55 1.31605e+57 0 0 1.8611e+48 0 4.64348e+42 0 0 1
6.97831e-05 0 0 1.13557e+56 1.15583e+56 1.1371e+57 0 0 2.14915e+48 0 4.64348e+42 0 0 1
8.05842e-05 0 0 1.35329e+56 1.37417e+56 9.80537e+56 0 0 2.48179e+48 0 4.64348e+42 0 0 1
9.30572e-05 0 0 1.60485e+56 1.62627e+56 8.43778e+56 0 0 2.8659e+48 0 4.64348e+42 0 0 1
0.000107461 0 0 1.87613e+56 1.8978e+56 7.24521e+56 0 0 3.30946e+48 0 4.64348e+42 0 0 1
0.000124094 0 0 2.13229e+56 2.1536e+56 6.20713e+56 0 0 3.82167e+48 0 4.64348e+42 0 0 1
0.000143301 9.76724e-239 9.76724e-239 2.32793e+56 2.34807e+56 5.30525e+56 0 0 4.41315e+48 2.97923e-243 4.64348e+42 0 0 1
0.000165482 6.13663e-162 6.13663e-162 2.42819e+56 2.44637e+56 4.52329e+56 0 0 5.09616e+48 1.55399e-166 4.64348e+42 0 0 1
0.000191095 3.47501e-105 3.47501e-105 2.42244e+56 2.43813e+56 3.84673e+56 0 0 5.88486e+48 7.63848e-110 4.64348e+42 0 0 1
0.000220673 2.97965e-63 2.97965e-63 2.32301e+56 2.33604e+56 3.26268e+56 0 0 6.79562e+48 5.91448e-68 4.64348e+42 0 0 1
0.00025483 2.82612e-32 2.82612e-32 2.15516e+56 2.16562e+56 2.75968e+56 0 0 7.8473e+48 5.23618e-37 4.64348e+42 0 0 1
0.000294273 2.13124e-09 2.13124e-09 1.94663e+56 1.95481e+56 2.32755e+56 0 0 9.06172e+48 3.78576e-14 4.64348e+42 0 0 1
0.000339821 1.65345e+08 1.65345e+08 1.7213e+56 1.72756e+56 1.95727e+56 0 0 1.0464e+49 2876.33 4.64348e+42 0 0 1
0.000392419 4.8052e+20 4.8052e+20 1.4967e+56 1.50141e+56 1.64086e+56 0 0 1.20833e+49 8.32491e+15 4.64348e+42 0 0 1
0.000453158 7.45941e+29 7.45941e+29 1.28419e+56 1.28769e+56 1.37125e+56 0 0 1.39531e+49 1.30431e+25 4.64348e+42 0 0 1
0.000523299 4.41056e+36 4.41056e+36 1.09012e+56 1.0927e+56 1.1422e+56 0 0 1.61121e+49 7.86722e+31 4.64348e+42 0 0 1
0.000604296 4.24315e+41 4.24315e+41 9.17314e+55 9.19189e+55 9.48214e+55 0 0 1.86051e+49 7.78884e+36 4.64348e+42 0 0 1
0.000697831 1.94272e+45 1.94272e+45 7.66246e+55 7.67602e+55 7.84459e+55 0 0 2.14837e+49 3.69697e+40 4.64348e+42 0 0 1
0.000805842 9.35831e+47 9.35831e+47 6.3601e+55 6.36985e+55 6.46687e+55 0 0 2.48074e+49 1.85796e+43 4.64348e+42 0 0 1
0.000930572 8.52522e+49 8.52522e+49 5.24947e+55 5.25644e+55 5.31179e+55 0 0 2.86451e+49 1.77579e+45 4.64348e+42 0 0 1
0.00107461 2.26548e+51 2.26548e+51 4.31061e+55 4.31556e+55 4.34686e+55 0 0 3.30761e+49 4.97651e+46 4.64348e+42 0 0 1
0.00124094 2.41925e+52 2.41925e+52 3.52273e+55 3.52624e+55 3.54379e+55 0 0 3.81919e+49 5.63124e+47 4.64348e+42 0 0 1
0.00143301 1.31551e+53 1.31551e+53 2.86576e+55 2.86823e+55 2.87799e+55 0 0 4.40985e+49 3.25954e+48 4.64348e+42 0 0 1
0.00165482 4.33907e+53 4.33907e+53 2.32105e+55 2.32278e+55 2.32816e+55 0 0 5.09176e+49 1.14952e+49 4.64348e+42 0 0 1
0.00191095 9.88008e+53 9.88008e+53 1.87179e+55 1.873e+55 1.87594e+55 0 0 5.87899e+49 2.81065e+49 4.64348e+42 0 0 1
0.00220673 1.70885e+54 1.70885e+54 1.5031e+55 1.50394e+55 1.50553e+55 0 0 6.78779e+49 5.24228e+49 4.64348e+42 0 0 1
0.0025483 2.40942e+54 2.40942e+54 1.20197e+55 1.20255e+55 1.20341e+55 0 0 7.83686e+49 8.00428e+49 4.64348e+42 0 0 1
0.00294273 2.9179e+54 2.9179e+54 9.57177e+54 9.57578e+54 9.58033e+54 0 0 9.0478e+49 1.0541e+50 4.64348e+42 0 0 1
0.00339821 3.15463e+54 3.15463e+54 7.59097e+54 7.59373e+54 7.59613e+54 0 0 1.04455e+50 1.24438e+50 4.64348e+42 0 0 1
0.00392419 3.13291e+54 3.13291e+54 5.99548e+54 5.99736e+54 5.99862e+54 0 0 1.20586e+50 1.35496e+50 4.64348e+42 0 0 1
0.00453158 2.91904e+54 2.91904e+54 4.71617e+54 4.71746e+54 4.71811e+54 0 0 1.39201e+50 1.3898e+50 4.64348e+42 0 0 1
0.00523299 2.59188e+54 2.59188e+54 3.69502e+54 3.69589e+54 3.69622e+54 0 0 1.60681e+50 1.36396e+50 4.64348e+42 0 0 1
0.00604296 2.21872e+54 2.21872e+54 2.88358e+54 2.88417e+54 2.88434e+54 0 0 1.85465e+50 1.29561e+50 4.64348e+42 0 0 1
0.00697831 1.84686e+54 1.84686e+54 2.24166e+54 2.24205e+54 2.24214e+54 0 0 2.14055e+50 1.20134e+50 4.64348e+42 0 0 1
0.00805842 1.50446e+54 1.50446e+54 1.73607e+54 1.73634e+54 1.73638e+54 0 0 2.47032e+50 1.09425e+50 4.64348e+42 0 0 1
0.00930572 1.20506e+54 1.20506e+54 1.3396e+54 1.33977e+54 1.33979e+54 0 0 2.85061e+50 9.83645e+49 4.64348e+42 0 0 1
0.0107461 9.52507e+53 9.52507e+53 1.03001e+54 1.03013e+54 1.03014e+54 0 0 3.28908e+50 8.75648e+49 4.64348e+42 0 0 1
0.0124094 7.44939e+53 7.44939e+53 7.8928e+53 7.89358e+53 7.89363e+53 0 0 3.79449e+50 7.73915e+49 4.64348e+42 0 0 1
0.0143301 5.77628e+53 5.77628e+53 6.02847e+53 6.02899e+53 6.02904e+53 0 0 4.37692e+50 6.80369e+49 4.64348e+42 0 0 1
0.0165482 4.44765e+53 4.44765e+53 4.59036e+53 4.5907e+53 4.59072e+53 0 0 5.04787e+50 5.95781e+49 4.64348e+42 0 0 1
0.0191095 3.40476e+53 3.40476e+53 3.48517e+53 3.4854e+53 3.48541e+53 0 0 5.8205e+50 5.20194e+49 4.64348e+42 0 0 1
0.0220673 2.59376e+53 2.59376e+53 2.63889e+53 2.63904e+53 2.63905e+53 0 0 6.70984e+50 4.53222e+49 4.64348e+42 0 0 1
0.025483 1.96782e+53 1.96782e+53 1.99307e+53 1.99317e+53 1.99317e+53 0 0 7.73299e+50 3.94245e+49 4.64348e+42 0 0 1
0.0294273 1.48772e+53 1.48772e+53 1.5018e+53 1.50186e+53 1.50187e+53 0 0 8.90939e+50 3.4254e+49 4.64348e+42 0 0 1
0.0339821 1.12138e+53 1.12138e+53 1.12921e+53 1.12926e+53 1.12926e+53 0 0 1.02611e+51 2.97358e+49 4.64348e+42 0 0 1
0.0392419 8.43072e+52 8.43072e+52 8.47421e+52 8.47447e+52 8.47448e+52 0 0 1.1813e+51 2.57969e+49 4.64348e+42 0 0 1
0.0453158 6.32428e+52 6.32428e+52 6.34837e+52 6.34854e+52 6.34855e+52 0 0 1.3593e+51 2.23693e+49 4.64348e+42 0 0 1
0.0523299 4.73507e+52 4.73507e+52 4.74839e+52 4.7485e+52 4.7485e+52 0 0 1.56326e+51 1.93902e+49 4.64348e+42 0 0 1
0.0604296 3.53937e+52 3.53937e+52 3.54672e+52 3.5468e+52 3.5468e+52 0 0 1.79667e+51 1.68036e+49 4.64348e+42 0 0 1
0.0697831 2.64188e+52 2.64188e+52 2.64593e+52 2.64598e+52 2.64598e+52 0 0 2.06339e+51 1.45592e+49 4.64348e+42 0 0 1
0.0805842 1.96961e+52 1.96961e+52 1.97184e+52 1.97187e+52 1.97187e+52 0 0 2.36766e+51 1.26128e+49 4.64348e+42 0 0 1
0.0930572 1.46693e+52 1.46693e+52 1.46816e+52 1.46818e+52 1.46818e+52 0 0 2.71409e+51 1.09254e+49 4.64348e+42 0 0 1
0.107461 1.09164e+52 1.09164e+52 1.09231e+52 1.09233e+52 1.09233e+52 0 0 3.10759e+51 9.46311e+48 4.64348e+42 0 0 1
0.124094 8.11812e+51 8.11812e+51 8.12183e+51 8.12191e+51 8.12191e+51 0 0 3.55336e+51 8.19603e+48 4.64348e+42 0 0 1
0.143301 6.034e+51 6.034e+51 6.03603e+51 6.03608e+51 6.03608e+51 0 0 4.05671e+51 7.09832e+48 4.64348e+42 0 0 1
0.165482 4.48318e+51 4.48318e+51 4.48429e+51 4.48433e+51 4.48433e+51 0 0 4.62294e+51 6.14743e+48 4.64348e+42 0 0 1
0.191095 3.33006e+51 3.33006e+51 3.33067e+51 3.3307e+51 3.3307e+51 0 0 5.25704e+51 5.3238e+48 4.64348e+42 0 0 1
0.220673 2.47317e+51 2.47317e+51 2.47351e+51 2.47352e+51 2.47352e+51 0 0 5.96337e+51 4.61044e+48 4.64348e+42 0 0 1
0.25483 1.8367e+51 1.8367e+51 1.83688e+51 1.83689e+51 1.83689e+51 0 0 6.74511e+51 3.99261e+48 4.64348e+42 0 0 1
0.294273 1.3641e+51 1.3641e+51 1.3642e+51 1.3642e+51 1.3642e+51 0 0 7.60367e+51 3.45755e+48 4.64348e+42 0 0 1
0.339821 1.01324e+51 1.01324e+51 1.01329e+51 1.0133e+51 1.0133e+51 0 0 8.53775e+51 2.99417e+48 4.64348e+42 0 0 1
0.392419 7.52786e+50 7.52786e+50 7.52817e+50 7.52819e+50 7.52819e+50 0 0 9.54231e+51 2.59288e+48 4.64348e+42 0 0 1
0.453158 5.59443e+50 5.59443e+50 5.59459e+50 5.59461e+50 5.59461e+50 0 0 1.06072e+52 2.24536e+48 4.64348e+42 0 0 1
0.523299 4.159e+50 4.159e+50 4.1591e+50 4.15911e+50 4.15911e+50 0 0 1.17157e+52 1.94441e+48 4.64348e+42 0 0 1
0.604296 3.09312e+50 3.09312e+50 3.09317e+50 3.09318e+50 3.09318e+50 0 0 1.28424e+52 1.6838e+48 4.64348e+42 0 0 1
0.697831 2.30144e+50 2.30144e+50 2.30147e+50 2.30148e+50 2.30148e+50 0 0 1.3952e+52 1.45811e+48 4.64348e+42 0 0 1
0.805842 1.71324e+50 1.71324e+50 1.71326e+50 1.71326e+50 1.71326e+50 0 0 1.49972e+52 1.26268e+48 4.64348e+42 0 0 1
0.930572 1.27606e+50 1.27606e+50 1.27607e+50 1.27607e+50 1.27607e+50 0 0 1.59181e+52 1.09343e+48 4.64348e+42 0 0 1
1.07461 9.50992e+49 9.50992e+49 9.50997e+49 9.50998e+49 9.50998e+49 0 0 1.66422e+52 9.46871e+47 4.64348e+42 0 0 1
1.24094 7.0917e+49 7.0917e+49 7.09173e+49 7.09174e+49 7.09174e+49 0 0 1.70878e+52 8.19955e+47 4.64348e+42 0 0 1
1.43301 5.29187e+49 5.29187e+49 5.29189e+49 5.29189e+49 5.29189e+49 0 0 1.7169e+52 7.10049e+47 4.64348e+42 0 0 1
1.65482 3.95156e+49 3.95156e+49 3.95158e+49 3.95158e+49 3.95158e+49 0 0 1.68073e+52 6.14875e+47 4.64348e+42 0 0 1
1.91095 2.95288e+49 2.95288e+49 2.95289e+49 2.95289e+49 2.95289e+49 0 0 1.59458e+52 5.32457e+47 4.64348e+42 0 0 1
2.20673 2.20829e+49 2.20829e+49 2.2083e+49 2.2083e+49 2.2083e+49 0 0 1.4569e+52 4.61086e+47 4.64348e+42 0 0 1
2.5483 1.65279e+49 1.65279e+49 1.6528e+49 1.6528e+49 1.6528e+49 0 0 1.2722e+52 3.99281e+47 4.64348e+42 0 0 1
2.94273 1.23807e+49 1.23807e+49 1.23808e+49 1.23808e+49 1.23808e+49 0 0 1.05224e+52 3.4576e+47 4.64348e+42 0 0 1
3.39821 9.28242e+48 9.28242e+48 9.28245e+48 9.28245e+48 9.28245e+48 0 0 8.15723e+51 2.99413e+47 4.64348e+42 0 0 1
3.92419 6.96592e+48 6.96592e+48 6.96595e+48 6.96595e+48 6.96595e+48 0 0 5.8554e+51 2.59278e+47 4.64348e+42 0 0 1
4.53158 5.23259e+48 5.23259e+48 5.23261e+48 5.23261e+48 5.23261e+48 0 0 3.83807e+51 2.24522e+47 4.64348e+42 0 0 1
5.23299 3.93452e+48 3.93452e+48 3.93454e+48 3.93454e+48 3.93454e+48 0 0 2.2613e+51 1.94425e+47 4.64348e+42 0 0 1
6.04296 2.96157e+48 2.96157e+48 2.96159e+48 2.96159e+48 2.96159e+48 0 0 1.17636e+51 1.68363e+47 4.64348e+42 0 0 1
6.97831 2.23164e+48 2.23164e+48 2.23165e+48 2.23165e+48 2.23165e+48 0 0 5.29528e+50 1.45793e+47 4.64348e+42 0 0 1
8.05842 1.6835e+48 1.6835e+48 1.68351e+48 1.68351e+48 1.68351e+48 0 0 2.01577e+50 1.26249e+47 4.64348e+42 0 0 1
9.30572 1.27147e+48 1.27147e+48 1.27148e+48 1.27148e+48 1.27148e+48 0 0 6.32125e+49 1.09324e+47 4.64348e+42 0 0 1
10.7461 9.61427e+47 9.61427e+47 9.61435e+47 9.61435e+47 9.61435e+47 0 0 1.58449e+49 9.46675e+46 4.64348e+42 0 0 1
12.4094 7.27874e+47 7.27874e+47 7.27881e+47 7.27881e+47 7.27881e+47 0 0 3.06636e+48 8.19757e+46 4.64348e+42 0 0 1
14.3301 5.51743e+47 5.51743e+47 5.51749e+47 5.51749e+47 5.51749e+47 0 0 4.40161e+47 7.0985e+46 4.64348e+42 0 0 1
16.5482 4.18762e+47 4.18762e+47 4.18767e+47 4.18767e+47 4.18767e+47 0 0 4.47474e+46 6.14675e+46 4.64348e+42 0 0 1
19.1095 3.18239e+47 3.18239e+47 3.18243e+47 3.18243e+47 3.18243e+47 0 0 3.05424e+45 5.32257e+46 4.64348e+42 0 0 1
22.0673 2.42158e+47 2.42158e+47 2.42162e+47 2.42162e+47 2.42162e+47 0 0 1.31594e+44 4.60886e+46 4.64348e+42 0 0 1
25.483 1.84503e+47 1.84503e+47 1.84507e+47 1.84507e+47 1.84507e+47 0 0 3.33303e+42 3.99081e+46 4.64348e+42 0 0 1
29.4273 1.40756e+47 1.40756e+47 1.40759e+47 1.40759e+47 1.40759e+47 0 0 4.57089e+40 3.4556e+46 4.64348e+42 0 0 1
33.9821 1.07518e+47 1.07518e+47 1.0752e+47 1.0752e+47 1.0752e+47 0 0 3.08661e+38 2.99213e+46 4.64348e+42 0 0 1
39.2419 8.22302e+46 8.22302e+46 8.22326e+46 8.22326e+46 8.22326e+46 0 0 9.19726e+35 2.59078e+46 4.64348e+42 0 0 1
45.3158 6.29658e+46 6.29658e+46 6.29679e+46 6.29679e+46 6.29679e+46 0 0 1.06545e+33 2.24322e+46 4.64348e+42 0 0 1
52.3299 4.82701e+46 4.82701e+46 4.8272e+46 4.8272e+46 4.8272e+46 0 0 4.14576e+29 1.94225e+46 4.64348e+42 0 0 1
60.4296 3.70444e+46 3.70444e+46 3.70461e+46 3.70461e+46 3.70461e+46 0 0 4.57646e+25 1.68162e+46 4.64348e+42 0 0 1
69.7831 2.8458e+46 2.8458e+46 2.84595e+46 2.84595e+46 2.84595e+46 0 0 1.1793e+21 1.45593e+46 4.64348e+42 0 0 1
80.5842 2.18817e+46 2.18817e+46 2.18831e+46 2.18831e+46 2.18831e+46 0 0 5.66358e+15 1.26048e+46 4.64348e+42 0 0 1
93.0572 1.68387e+46 1.68387e+46 1.68399e+46 1.68399e+46 1.68399e+46 0 0 3.90838e+09 1.09123e+46 4.64348e+42 0 0 1
107.461 1.29668e+46 1.29668e+46 1.29678e+46 1.29678e+46 1.29678e+46 0 0 287.031 9.44672e+45 4.64348e+42 0 0 1
124.094 9.99056e+45 9.99056e+45 9.99148e+45 9.99148e+45 9.99148e+45 0 0 1.58594e-06 8.17754e+45 4.64348e+42 0 0 1
143.301 7.70043e+45 7.70043e+45 7.70125e+45 7.70125e+45 7.70125e+45 0 0 4.41738e-16 7.07848e+45 4.64348e+42 0 0 1
165.482 5.93656e+45 5.93656e+45 5.93729e+45 5.93729e+45 5.93729e+45 0 0 3.90601e-27 6.12673e+45 4.64348e+42 0 0 1
191.095 4.57689e+45 4.57689e+45 4.57754e+45 4.57754e+45 4.57754e+45 0 0 6.42808e-40 5.30256e+45 4.64348e+42 0 0 1
220.673 3.52808e+45 3.52808e+45 3.52866e+45 3.52866e+45 3.52866e+45 0 0 1.06268e-54 4.58885e+45 4.64348e+42 0 0 1
254.83 2.71865e+45 2.71865e+45 2.71917e+45 2.71917e+45 2.71917e+45 0 0 8.65844e-72 3.97081e+45 4.64348e+42 0 0 1
294.273 2.09376e+45 2.09376e+45 2.09422e+45 2.09422e+45 2.09422e+45 0 0 1.52779e-91 3.43561e+45 4.64348e+42 0 0 1
339.821 1.61127e+45 1.61127e+45 1.61168e+45 1.61168e+45 1.61168e+45 0 0 2.25879e-114 2.97215e+45 4.64348e+42 0 0 1
392.419 1.23878e+45 1.23878e+45 1.23914e+45 1.23914e+45 1.23914e+45 0 0 9.34622e-141 2.57081e+45 4.64348e+42 0 0 1
453.158 9.51303e+44 9.51303e+44 9.51624e+44 9.51624e+44 9.51624e+44 0 0 3.0507e-171 2.22327e+45 4.64348e+42 0 0 1
523.299 7.29567e+44 7.29567e+44 7.29851e+44 7.29851e+44 7.29851e+44 0 0 1.8201e-206 1.92232e+45 4.64348e+42 0 0 1
604.296 5.58683e+44 5.58683e+44 5.58934e+44 5.58934e+44 5.58934e+44 0 0 3.66736e-247 1.66171e+45 4.64348e+42 0 0 1
697.831 4.27132e+44 4.27132e+44 4.27354e+44 4.27354e+44 4.27354e+44 0 0 0 1.43604e+45 4.64348e+42 0 0 1
805.842 3.25998e+44 3.25998e+44 3.26194e+44 3.26194e+44 3.26194e+44 0 0 0 1.24062e+45 4.64348e+42 0 0 1
930.572 2.48369e+44 2.48369e+44 2.48541e+44 2.48541e+44 2.48541e+44 0 0 0 1.0714e+45 4.64348e+42 0 0 1
1074.61 1.88887e+44 1.88887e+44 1.89038e+44 1.89038e+44 1.89038e+44 0 0 0 9.24873e+44 4.64348e+42 0 0 1
1240.94 1.43398e+44 1.43398e+44 1.4353e+44 1.4353e+44 1.4353e+44 0 0 0 7.97995e+44 4.64348e+42 0 0 1
1433.01 1.08679e+44 1.08679e+44 1.08795e+44 1.08795e+44 1.08795e+44 0 0 0 6.88134e+44 4.64348e+42 0 0 1
1654.82 8.22364e+43 8.22364e+43 8.23377e+43 8.23377e+43 8.23377e+43 0 0 0 5.93012e+44 4.64348e+42 0 0 1
1910.95 6.21382e+43 6.21382e+43 6.22266e+43 6.22266e+43 6.22266e+43 0 0 0 5.10655e+44 4.64348e+42 0 0 1
2206.73 4.68928e+43 4.68928e+43 4.69698e+43 4.69698e+43 4.69698e+43 0 0 0 4.39354e+44 4.64348e+42 0 0 1
2548.3 3.53499e+43 3.53499e+43 3.5417e+43 3.5417e+43 3.5417e+43 0 0 0 3.77629e+44 4.64348e+42 0 0 1
2942.73 2.66251e+43 2.66251e+43 2.66834e+43 2.66834e+43 2.66834e+43 0 0 0 3.24201e+44 4.64348e+42 0 0 1
3398.21 2.00401e+43 2.00401e+43 2.00908e+43 2.00908e+43 2.00908e+43 0 0 0 2.7796e+44 4.64348e+42 0 0 1
3924.19 1.50762e+43 1.50762e+43 1.51203e+43 1.51203e+43 1.51203e+43 0 0 0 2.37947e+44 4.64348e+42 0 0 1
4531.58 1.13381e+43 1.13381e+43 1.13764e+43 1.13764e+43 1.13764e+43 0 0 0 2.03331e+44 4.64348e+42 0 0 1
5232.99 8.52794e+42 8.52794e+42 8.5598e+42 8.5598e+42 8.5598e+42 0 0 0 1.73449e+44 4.64348e+42 0 0 1
6042.96 6.41235e+42 6.41235e+42 6.43985e+42 6.43985e+42 6.43985e+42 0 0 0 1.47576e+44 4.64348e+42 0 0 1
6978.31 4.82178e+42 4.82178e+42 4.84549e+42 4.84549e+42 4.84549e+42 0 0 0 1.25222e+44 4.64348e+42 0 0 1
8058.42 3.62616e+42 3.62616e+42 3.64658e+42 3.64658e+42 3.64658e+42 0 0 0 1.05923e+44 4.64348e+42 0 0 1
9305.72 2.72744e+42 2.72744e+42 2.74501e+42 2.74501e+42 2.74501e+42 0 0 0 8.92755e+43 4.64348e+42 0 0 1
10746.1 2.05185e+42 2.05185e+42 2.06695e+42 2.06695e+42 2.06695e+42 0 0 0 7.49331e+43 4.64348e+42 0 0 1
12409.4 1.54391e+42 1.54391e+42 1.55687e+42 1.55687e+42 1.55687e+42 0 0 0 6.25949e+43 4.64348e+42 0 0 1
14330.1 1.16192e+42 1.16192e+42 1.17303e+42 1.17303e+42 1.17303e+42 0 0 0 5.20011e+43 4.64348e+42 0 0 1
16548.2 8.74585e+41 8.74585e+41 8.84085e+41 8.84085e+41 8.84085e+41 0 0 0 4.29273e+43 4.64348e+42 0 0 1
19109.5 6.5838e+41 6.5838e+41 6.66487e+41 6.66487e+41 6.66487e+41 0 0 0 3.51792e+43 4.64348e+42 0 0 1
22067.3 4.9565e+41 4.9565e+41 5.02552e+41 5.02552e+41 5.02552e+41 0 0 0 2.85885e+43 4.64348e+42 0 0 1
25483 3.73138e+41 3.73138e+41 3.78996e+41 3.78996e+41 3.78996e+41 0 0 0 2.30091e+43 4.64348e+42 0 0 1
29427.3 2.80882e+41 2.80882e+41 2.85838e+41 2.85838e+41 2.85838e+41 0 0 0 1.8314e+43 4.64348e+42 0 0 1
33982.1 2.11398e+41 2.11398e+41 2.15575e+41 2.15575e+41 2.15575e+41 0 0 0 1.43918e+43 4.64348e+42 0 0 1
39241.9 1.59062e+41 1.59062e+41 1.62567e+41 1.62567e+41 1.62567e+41 0 0 0 1.11446e+43 4.64348e+42 0 0 1
45315.8 1.19641e+41 1.19641e+41 1.22569e+41 1.22569e+41 1.22569e+41 0 0 0 8.48534e+42 4.64348e+42 0 0 1
52329.9 8.99511e+40 8.99511e+40 9.23845e+40 9.23845e+40 9.23845e+40 0 0 0 6.33622e+42 4.64348e+42 0 0 1
60429.6 6.75955e+40 6.75955e+40 6.96062e+40 6.96062e+40 6.96062e+40 0 0 0 4.62676e+42 4.64348e+42 0 0 1
69783.1 5.07678e+40 5.07678e+40 5.24191e+40 5.24191e+40 5.24191e+40 0 0 0 3.29265e+42 4.64348e+42 0 0 1
80584.2 3.81065e+40 3.81065e+40 3.94539e+40 3.94539e+40 3.94539e+40 0 0 0 2.27481e+42 4.64348e+42 0 0 1
93057.2 2.8585e+40 2.8585e+40 2.96769e+40 2.96769e+40 2.96769e+40 0 0 0 1.51889e+42 4.64348e+42 0 0 1
107461 2.1429e+40 2.1429e+40 2.23076e+40 2.23076e+40 2.23076e+40 0 0 0 9.75063e+41 4.64348e+42 0 0 1
124094 1.60542e+40 1.60542e+40 1.6756e+40 1.6756e+40 1.6756e+40 0 0 0 5.98208e+41 4.64348e+42 0 0 1
143301 1.20201e+40 1.20201e+40 1.25765e+40 1.25765e+40 1.25765e+40 0 0 0 3.48309e+41 4.64348e+42 0 0 1
165482 8.99423e+39 8.99423e+39 9.43221e+39 9.43221e+39 9.43221e+39 0 0 0 1.9093e+41 4.64348e+42 0 0 1
191095 6.72626e+39 6.72626e+39 7.06847e+39 7.06847e+39 7.06847e+39 0 0 0 9.7618e+40 4.64348e+42 0 0 1
220673 5.02749e+39 5.02749e+39 5.29296e+39 5.29296e+39 5.29296e+39 0 0 0 4.60519e+40 4.64348e+42 0 0 1
254830 3.75589e+39 3.75589e+39 3.96039e+39 3.96039e+39 3.96039e+39 0 0 0 1.97974e+40 4.64348e+42 0 0 1
294273 2.80463e+39 2.80463e+39 2.96111e+39 2.96111e+39 2.96111e+39 0 0 0 7.64434e+39 4.64348e+42 0 0 1
339821 2.09343e+39 2.09343e+39 2.21239e+39 2.21239e+39 2.21239e+39 0 0 0 2.60735e+39 4.64348e+42 0 0 1
392419 1.56199e+39 1.56199e+39 1.65186e+39 1.65186e+39 1.65186e+39 0 0 0 7.70572e+38 4.64348e+42 0 0 1
453158 1.16509e+39 1.16509e+39 1.23257e+39 1.23257e+39 1.23257e+39 0 0 0 1.92978e+38 4.64348e+42 0 0 1
523299 8.68789e+38 8.68789e+38 9.19169e+38 9.19169e+38 9.19169e+38 7.38362e+30 1.83113e+35 0 3.99125e+37 4.64348e+42 0 0 1
604296 6.4769e+38 6.4769e+38 6.85088e+38 6.85088e+38 6.85088e+38 1.13731e+31 1.83904e+35 0 6.6178e+36 4.64348e+42 0 0 1
697831 4.82764e+38 4.82764e+38 5.10369e+38 5.10369e+38 5.10369e+38 1.53625e+31 1.84694e+35 0 8.49997e+35 4.64348e+42 0 0 1
805842 3.59777e+38 3.59777e+38 3.80042e+38 3.80042e+38 3.80042e+38 1.9352e+31 1.85485e+35 0 8.12843e+34 4.64348e+42 0 0 1
930572 2.68088e+38 2.68088e+38 2.82883e+38 2.82883e+38 2.82883e+38 2.33414e+31 1.86275e+35 0 5.52847e+33 4.64348e+42 0 0 1
1.07461e+06 1.99744e+38 1.99744e+38 2.10488e+38 2.10488e+38 2.10488e+38 2.95564e+31 1.87185e+35 0 2.53662e+32 4.64348e+42 0 0 1
1.24094e+06 1.48809e+38 1.48809e+38 1.5657e+38 1.5657e+38 1.5657e+38 3.96533e+31 1.87433e+35 0 7.38664e+30 4.64348e+42 0 0 1
1.43301e+06 1.10852e+38 1.10852e+38 1.1643e+38 1.1643e+38 1.1643e+38 5.29482e+31 1.87751e+35 0 1.27222e+29 4.64348e+42 0 0 1
1.65482e+06 8.25675e+37 8.25675e+37 8.65565e+37 8.65565e+37 8.65565e+37 7.05181e+31 1.8816e+35 0 1.19467e+27 4.64348e+42 0 0 1
1.91095e+06 6.14916e+37 6.14916e+37 6.43318e+37 6.43318e+37 6.43318e+37 9.56229e+31 1.88729e+35 0 5.56772e+24 4.64348e+42 0 0 1
2.20673e+06 4.57885e+37 4.57885e+37 4.78022e+37 4.78022e+37 4.78022e+37 1.27824e+32 1.89467e+35 0 1.15534e+22 4.64348e+42 0 0 1
2.5483e+06 3.40896e+37 3.40896e+37 3.55118e+37 3.55118e+37 3.55118e+37 1.70116e+32 1.90435e+35 0 9.41715e+18 4.64348e+42 0 0 1
2.94273e+06 2.53749e+37 2.53749e+37 2.63758e+37 2.63758e+37 2.63758e+37 2.26223e+32 1.91707e+35 0 2.60886e+15 4.64348e+42 0 0 1
3.39821e+06 1.8884e+37 1.8884e+37 1.95862e+37 1.95862e+37 1.95862e+37 3.07062e+32 1.93481e+35 0 2.07843e+11 4.64348e+42 0 0 1
3.92419e+06 1.40504e+37 1.40504e+37 1.45416e+37 1.45416e+37 1.45416e+37 4.12558e+32 1.95783e+35 0 3.92619e+06 4.64348e+42 0 0 1
4.53158e+06 1.04515e+37 1.04515e+37 1.07943e+37 1.07943e+37 1.07943e+37 5.5476e+32 1.98751e+35 0 14.0734 4.64348e+42 0 0 1
5.23299e+06 7.77257e+36 7.77257e+36 8.01135e+36 8.01135e+36 8.01135e+36 7.44451e+32 2.02505e+35 0 7.4008e-06 4.64348e+42 0 0 1
6.04296e+06 5.77891e+36 5.77891e+36 5.94497e+36 5.94497e+36 5.94497e+36 1.01266e+33 2.07482e+35 0 4.24219e-13 4.64348e+42 0 0 1
6.97831e+06 4.29565e+36 4.29565e+36 4.41102e+36 4.41102e+36 4.41102e+36 1.35941e+33 2.1335e+35 0 1.8808e-21 4.64348e+42 0 0 1
8.05842e+06 3.19248e+36 3.19248e+36 3.2726e+36 3.2726e+36 3.2726e+36 1.81148e+33 2.20283e+35 0 4.34e-31 4.64348e+42 0 0 1
9.30572e+06 2.37235e+36 2.37235e+36 2.42799e+36 2.42799e+36 2.42799e+36 2.40519e+33 2.28138e+35 0 3.29883e-42 4.64348e+42 0 0 1
1.07461e+07 1.76297e+36 1.76297e+36 1.80164e+36 1.80164e+36 1.80164e+36 3.20218e+33 2.37548e+35 0 4.87006e-55 4.64348e+42 0 0 1
1.24094e+07 1.31043e+36 1.31043e+36 1.33735e+36 1.33735e+36 1.33735e+36 4.17433e+33 2.46794e+35 0 7.58726e-70 4.64348e+42 0 0 1
1.43301e+07 9.7463e+35 9.7463e+35 9.93418e+35 9.93418e+35 9.93418e+35 5.34324e+33 2.55826e+35 0 6.16712e-87 4.64348e+42 0 0 1
1.65482e+07 7.25699e+35 7.25699e+35 7.38854e+35 7.38854e+35 7.38854e+35 6.71647e+33 2.64212e+35 0 1.15943e-106 4.64348e+42 0 0 1
1.91095e+07 5.41458e+35 5.41458e+35 5.50715e+35 5.50715e+35 5.50715e+35 8.35231e+33 2.71441e+35 0 1.97064e-129 4.64348e+42 0 0 1
2.20673e+07 4.0521e+35 4.0521e+35 4.11765e+35 4.11765e+35 4.11765e+35 1.0092e+34 2.77678e+35 0 1.02345e-155 4.64348e+42 0 0 1
2.5483e+07 3.04677e+35 3.04677e+35 3.09359e+35 3.09359e+35 3.09359e+35 1.19667e+34 2.82053e+35 0 4.64078e-186 4.64348e+42 0 0 1
2.94273e+07 2.30566e+35 2.30566e+35 2.33944e+35 2.33944e+35 2.33944e+35 1.38306e+34 2.82108e+35 0 4.3247e-221 4.64348e+42 0 0 1
3.39821e+07 1.7603e+35 1.7603e+35 1.78501e+35 1.78501e+35 1.78501e+35 1.56423e+34 2.77069e+35 0 1.55843e-261 4.64348e+42 0 0 1
3.92419e+07 1.35803e+35 1.35803e+35 1.37637e+35 1.37637e+35 1.37637e+35 1.71863e+34 2.668e+35 0 0 4.64348e+42 0 0 1
4.53158e+07 1.06187e+35 1.06187e+35 1.07573e+35 1.07573e+35 1.07573e+35 1.85258e+34 2.53109e+35 0 0 4.64348e+42 0 0 1
5.23299e+07 8.43106e+34 8.43106e+34 8.538e+34 8.538e+34 8.538e+34 1.95808e+34 2.37322e+35 0 0 4.64348e+42 0 0 1
6.04296e+07 6.79408e+34 6.79408e+34 6.87819e+34 6.87819e+34 6.87819e+34 2.01863e+34 2.17884e+35 0 0 4.64348e+42 0 0 1
6.97831e+07 5.54921e+34 5.54921e+34 5.61658e+34 5.61658e+34 5.61658e+34 2.02956e+34 1.9523e+35 0 0 4.64348e+42 0 0 1
8.05842e+07 4.58646e+34 4.58646e+34 4.64132e+34 4.64132e+34 4.64132e+34 1.99521e+34 1.69736e+35 0 0 4.64348e+42 0 0 1
9.30572e+07 3.82235e+34 3.82235e+34 3.86759e+34 3.86759e+34 3.86759e+34 1.9168e+34 1.42295e+35 0 0 4.64348e+42 0 0 1
1.07461e+08 3.19424e+34 3.19424e+34 3.2318e+34 3.2318e+34 3.2318e+34 1.79449e+34 1.14461e+35 0 0 4.64348e+42 18.926 0 1
1.24094e+08 2.67894e+34 2.67894e+34 2.71035e+34 2.71035e+34 2.71035e+34 1.65213e+34 9.06004e+34 0 0 4.64348e+42 16.6268 0 1
1.43301e+08 2.24116e+34 2.24116e+34 2.26744e+34 2.26744e+34 2.26744e+34 1.48883e+34 7.04434e+34 0 0 4.64348e+42 14.6069 0 1
1.65482e+08 1.86077e+34 1.86077e+34 1.88267e+34 1.88267e+34 1.88267e+34 1.31008e+34 5.38997e+34 0 0 4.64348e+42 12.8324 0 1
1.91095e+08 1.51674e+34 1.51674e+34 1.5347e+34 1.5347e+34 1.5347e+34 1.1136e+34 4.01857e+34 0 0 4.64348e+42 11.2735 0 1
2.20673e+08 1.22789e+34 1.22789e+34 1.24256e+34 1.24256e+34 1.24256e+34 9.32976e+33 3.01179e+34 0 0 4.64348e+42 9.90397 0 1
2.5483e+08 9.81564e+33 9.81564e+33 9.9342e+33 9.9342e+33 9.9342e+33 7.6579e+33 2.23183e+34 0 0 4.64348e+42 8.70081 0 1
2.94273e+08 7.7367e+33 7.7367e+33 7.83134e+33 7.83134e+33 7.83134e+33 6.15691e+33 1.6356e+34 0 0 4.64348e+42 7.6438 0 1
3.39821e+08 5.958e+33 5.958e+33 6.03193e+33 6.03193e+33 6.03193e+33 4.79867e+33 1.17739e+34 0 0 4.64348e+42 7.01148 0 1
3.92419e+08 4.57774e+33 4.57774e+33 4.63543e+33 4.63543e+33 4.63543e+33 3.72693e+33 8.6139e+33 0 0 4.64348e+42 6.71521 0 1
4.53158e+08 3.47598e+33 3.47598e+33 3.52052e+33 3.52052e+33 3.52052e+33 2.85067e+33 6.27308e+33 0 0 4.64348e+42 6.43146 0 1
5.23299e+08 2.60347e+33 2.60347e+33 2.63743e+33 2.63743e+33 2.63743e+33 2.143e+33 4.54938e+33 0 0 4.64348e+42 6.1597 0 1
6.04296e+08 1.92923e+33 1.92923e+33 1.95486e+33 1.95486e+33 1.95486e+33 1.5896e+33 3.26451e+33 0 0 4.64348e+42 5.89942 0 1
6.97831e+08 1.4445e+33 1.4445e+33 1.46406e+33 1.46406e+33 1.46406e+33 1.19442e+33 2.39088e+33 0 0 4.64348e+42 5.65014 0 1
8.05842e+08 1.07636e+33 1.07636e+33 1.09121e+33 1.09121e+33 1.09121e+33 8.92102e+32 1.74813e+33 0 0 4.64348e+42 5.4114 0 1
9.30572e+08 7.97357e+32 7.97357e+32 8.08579e+32 8.08579e+32 8.08579e+32 6.61501e+32 1.27512e+33 0 0 4.64348e+42 5.18274 0 1
1.07461e+09 5.84308e+32 5.84308e+32 5.92697e+32 5.92697e+32 5.92697e+32 4.83967e+32 9.1694e+32 0 0 4.64348e+42 5.20142 0 1
1.24094e+09 4.36013e+32 4.36013e+32 4.42399e+32 4.42399e+32 4.42399e+32 3.62149e+32 6.74647e+32 0 0 4.64348e+42 5.47012 0 1
1.43301e+09 3.25742e+32 3.25742e+32 3.3061e+32 3.3061e+32 3.3061e+32 2.71399e+32 4.9505e+32 0 0 4.64348e+42 5.7527 0 1
1.65482e+09 2.4271e+32 2.4271e+32 2.46411e+32 2.46411e+32 2.46411e+32 2.02729e+32 3.6217e+32 0 0 4.64348e+42 6.04988 0 1
1.91095e+09 1.7901e+32 1.7901e+32 1.81795e+32 1.81795e+32 1.81795e+32 1.49555e+32 2.60617e+32 0 0 4.64348e+42 6.36242 0 1
2.20673e+09 1.34292e+32 1.34292e+32 1.36423e+32 1.36423e+32 1.36423e+32 1.12684e+32 1.92172e+32 0 0 4.64348e+42 6.69109 0 1
2.5483e+09 1.00489e+32 1.00489e+32 1.02116e+32 1.02116e+32 1.02116e+32 8.46513e+31 1.41309e+32 0 0 4.64348e+42 7.03675 0 1
2.94273e+09 7.48899e+31 7.48899e+31 7.61263e+31 7.61263e+31 7.61263e+31 6.32906e+31 1.03577e+32 0 0 4.64348e+42 7.40026 0 1
3.39821e+09 5.49812e+31 5.49812e+31 5.59068e+31 5.59068e+31 5.59068e+31 4.64749e+31 7.46767e+31 0 0 4.64348e+42 7.78255 0 1
3.92419e+09 4.11073e+31 4.11073e+31 4.18128e+31 4.18128e+31 4.18128e+31 3.49118e+31 5.51048e+31 0 0 4.64348e+42 8.18459 0 1
4.53158e+09 3.06399e+31 3.06399e+31 3.11759e+31 3.11759e+31 3.11759e+31 2.61396e+31 4.05175e+31 0 0 4.64348e+42 8.6074 0 1
5.23299e+09 2.27616e+31 2.27616e+31 2.31674e+31 2.31674e+31 2.31674e+31 1.95036e+31 2.96708e+31 0 0 4.64348e+42 9.05205 0 1
6.04296e+09 1.66202e+31 1.66202e+31 1.69221e+31 1.69221e+31 1.69221e+31 1.42618e+31 2.13894e+31 0 0 4.64348e+42 9.51967 0 1
6.97831e+09 1.23809e+31 1.23809e+31 1.261e+31 1.261e+31 1.261e+31 1.06932e+31 1.57667e+31 0 0 4.64348e+42 10.0115 0 1
8.05842e+09 9.19155e+30 9.19155e+30 9.36472e+30 9.36472e+30 9.36472e+30 7.99111e+30 1.15903e+31 0 0 4.64348e+42 10.5286 0 1
9.30572e+09 6.78282e+30 6.78282e+30 6.91292e+30 6.91292e+30 6.91292e+30 5.93412e+30 8.49652e+30 0 0 4.64348e+42 11.0725 0 1
1.07461e+10 4.92777e+30 4.92777e+30 5.02397e+30 5.02397e+30 5.02397e+30 4.32954e+30 6.14455e+30 0 0 4.64348e+42 12.4236 0 1
1.24094e+10 3.6363e+30 3.6363e+30 3.70854e+30 3.70854e+30 3.70854e+30 3.22093e+30 4.54457e+30 0 0 4.64348e+42 14.8721 0 1
1.43301e+10 2.66775e+30 2.66775e+30 2.72166e+30 2.72166e+30 2.72166e+30 2.38163e+30 3.35284e+30 0 0 4.64348e+42 17.8032 0 1
1.65482e+10 1.95081e+30 1.95081e+30 1.99091e+30 1.99091e+30 1.99091e+30 1.75558e+30 2.46609e+30 0 0 4.64348e+42 21.3119 0 1
1.91095e+10 1.40258e+30 1.40258e+30 1.43192e+30 1.43192e+30 1.43192e+30 1.26985e+30 1.78374e+30 0 0 4.64348e+42 25.5121 0 1
2.20673e+10 1.02694e+30 1.02694e+30 1.04891e+30 1.04891e+30 1.04891e+30 9.39705e+29 1.32021e+30 0 0 4.64348e+42 30.5402 34.7254 1
2.5483e+10 7.45874e+29 7.45874e+29 7.62646e+29 7.62646e+29 7.62646e+29 6.93067e+29 9.73926e+29 0 0 4.64348e+42 36.5592 22.9578 1
2.94273e+10 5.29838e+29 5.29838e+29 5.43664e+29 5.43664e+29 5.43664e+29 5.09662e+29 7.15991e+29 0 0 4.64348e+42 43.7645 15.5417 1
3.39821e+10 3.48679e+29 3.48679e+29 3.61933e+29 3.61933e+29 3.61933e+29 3.67768e+29 5.16825e+29 0 0 4.64348e+42 52.3898 10.7604 1
3.92419e+10 2.0542e+29 2.0542e+29 2.20351e+29 2.20351e+29 2.20351e+29 2.72583e+29 3.82587e+29 0 0 4.64348e+42 62.7151 7.61059 1
4.53158e+10 9.81072e+28 9.81072e+28 1.14007e+29 1.14007e+29 1.14007e+29 2.01592e+29 2.82522e+29 0 0 4.64348e+42 75.0753 5.49245 1
5.23299e+10 3.74523e+28 3.74523e+28 5.15237e+28 5.15237e+28 5.15237e+28 1.48847e+29 2.0805e+29 0 0 4.64348e+42 89.8715 4.04008 1
6.04296e+10 1.15541e+28 1.15541e+28 2.17407e+28 2.17407e+28 2.17407e+28 1.08084e+29 1.50414e+29 0 0 4.64348e+42 107.584 3.02568 1
6.97831e+10 3.00859e+27 3.00859e+27 9.51631e+27 9.51631e+27 9.51631e+27 8.05442e+28 1.1163e+29 0 0 4.64348e+42 128.787 2.3047 1
8.05842e+10 6.30406e+26 6.30406e+26 4.35268e+27 4.35268e+27 4.35268e+27 5.98603e+28 8.26536e+28 0 0 4.64348e+42 154.169 1.78376 1
9.30572e+10 1.03791e+26 1.03791e+26 2.10271e+27 2.10271e+27 2.10271e+27 4.43657e+28 6.10246e+28 0 0 4.64348e+42 184.553 1.40144 1
1.07461e+11 1.3178e+25 1.3178e+25 1.05693e+27 1.05693e+27 1.05693e+27 3.22618e+28 4.41931e+28 0 0 4.64348e+42 220.926 1.11671 1
1.24094e+11 1.37947e+24 1.37947e+24 5.73191e+26 5.73191e+26 5.73191e+26 2.40331e+28 3.28448e+28 0 0 4.64348e+42 264.467 0.901709 1
1.43301e+11 1.22757e+23 1.22757e+23 3.25188e+26 3.25188e+26 3.25188e+26 1.78415e+28 2.43432e+28 0 0 4.64348e+42 316.59 0.737233 1
1.65482e+11 1.00378e+22 1.00378e+22 1.91871e+26 1.91871e+26 1.91871e+26 1.31939e+28 1.7983e+28 0 0 4.64348e+42 378.985 0.609868 1
1.91095e+11 8.12444e+20 8.12445e+20 1.15405e+26 1.15405e+26 1.15405e+26 9.56812e+27 1.3021e+28 0 0 4.64348e+42 453.677 0.510106 1
2.20673e+11 7.42414e+19 7.42414e+19 7.3468e+25 7.3468e+25 7.3468e+25 7.11269e+27 9.6762e+27 0 0 4.64348e+42 543.09 0.431129 1
2.5483e+11 8.08147e+18 8.08147e+18 4.80145e+25 4.80145e+25 4.80145e+25 5.2704e+27 7.16969e+27 0 0 4.64348e+42 650.125 0.367983 1
2.94273e+11 1.11769e+18 1.11769e+18 3.20981e+25 3.20981e+25 3.20981e+25 3.89241e+27 5.29461e+27 0 0 4.64348e+42 778.255 0.317029 1
3.39821e+11 2.02456e+17 2.02456e+17 2.15505e+25 2.15505e+25 2.15505e+25 2.82044e+27 3.83135e+27 0 0 4.64348e+42 0 0.275565 1
3.92419e+11 5.14611e+16 5.14612e+16 1.51269e+25 1.51269e+25 1.51269e+25 2.0959e+27 2.84585e+27 0 0 4.64348e+42 0 0.241562 1
4.53158e+11 1.8005e+16 1.8005e+16 1.07764e+25 1.07764e+25 1.07764e+25 1.55264e+27 2.1075e+27 0 0 4.64348e+42 0 0.213483 1
5.23299e+11 8.60612e+15 8.60612e+15 7.77439e+24 7.77439e+24 7.77439e+24 1.14641e+27 1.55533e+27 0 0 4.64348e+42 0 0.190154 1
6.04296e+11 5.4252e+15 5.4252e+15 5.58056e+24 5.58056e+24 5.58056e+24 8.30173e+26 1.12448e+27 0 0 4.64348e+42 0 0.170669 1
6.97831e+11 4.58261e+15 4.58261e+15 4.15802e+24 4.15802e+24 4.15802e+24 6.1664e+26 8.34581e+26 0 0 4.64348e+42 0 0.154323 1
8.05842e+11 4.8782e+15 4.8782e+15 3.1229e+24 3.1229e+24 3.1229e+24 4.56579e+26 6.17494e+26 0 0 4.64348e+42 0 0.140565 1
9.30572e+11 6.31158e+15 6.31158e+15 2.36089e+24 2.36089e+24 2.36089e+24 3.36935e+26 4.55243e+26 0 0 4.64348e+42 0 0.12896 1
1.07461e+12 9.41671e+15 9.41671e+15 1.76565e+24 1.76565e+24 1.76565e+24 2.4377e+26 3.28696e+26 0 0 4.64348e+42 0 0.119166 1
1.24094e+12 1.63599e+16 1.63599e+16 1.36475e+24 1.36475e+24 1.36475e+24 1.80933e+26 2.43659e+26 0 0 4.64348e+42 0 0.110908 1
1.43301e+12 3.11408e+16 3.11408e+16 1.05876e+24 1.05876e+24 1.05876e+24 1.33858e+26 1.80035e+26 0 0 4.64348e+42 0 0.103969 1
1.65482e+12 6.3062e+16 6.30621e+16 8.23529e+23 8.23529e+23 8.23529e+23 9.86885e+25 1.32526e+26 0 0 4.64348e+42 0 0.098177 1
1.91095e+12 1.30256e+17 1.30256e+17 6.31217e+23 6.31217e+23 6.31217e+23 7.13082e+25 9.5502e+25 0 0 4.64348e+42 0 0.0933933 1
2.20673e+12 2.80997e+17 2.80997e+17 4.98589e+23 4.98589e+23 4.98589e+23 5.28656e+25 7.06673e+25 0 0 4.64348e+42 0 0.0895108 1
2.5483e+12 6.04026e+17 6.04027e+17 3.94049e+23 3.94049e+23 3.94049e+23 3.90606e+25 5.21103e+25 0 0 4.64348e+42 0 0.0864461 1
2.94273e+12 1.2745e+18 1.27451e+18 3.1133e+23 3.1133e+23 3.1133e+23 2.87575e+25 3.82742e+25 0 0 4.64348e+42 0 0.0841374 1
3.39821e+12 2.56495e+18 2.56496e+18 2.41594e+23 2.41594e+23 2.41594e+23 2.07395e+25 2.75041e+25 0 0 4.64348e+42 0 0.082541 1
3.92419e+12 5.11044e+18 5.11044e+18 1.92734e+23 1.92734e+23 1.92734e+23 1.53494e+25 2.02993e+25 0 0 4.64348e+42 0 0.08163 1
4.53158e+12 9.72362e+18 9.72363e+18 1.53387e+23 1.53387e+23 1.53387e+23 1.13198e+25 1.49261e+25 0 0 4.64348e+42 0 0.0813928 1
5.23299e+12 1.75797e+19 1.75798e+19 1.21657e+23 1.21657e+23 1.21657e+23 8.31658e+24 1.09283e+25 0 0 4.64348e+42 0 0.0818329 1
6.04296e+12 2.95825e+19 2.95825e+19 9.44132e+22 9.44132e+22 9.44132e+22 5.98151e+24 7.82174e+24 0 0 4.64348e+42 0 0.0829683 1
6.97831e+12 4.84817e+19 4.84817e+19 7.50914e+22 7.50914e+22 7.50914e+22 4.416e+24 5.75169e+24 0 0 4.64348e+42 0 0.0848322 1
8.05842e+12 7.50284e+19 7.50284e+19 5.93412e+22 5.93412e+22 5.93412e+22 3.24784e+24 4.21217e+24 0 0 4.64348e+42 0 0.0874729 1
9.30572e+12 1.09576e+20 1.09576e+20 4.65241e+22 4.65241e+22 4.65241e+22 2.379e+24 3.07029e+24 0 0 4.64348e+42 0 0.0909553 1
1.07461e+13 1.48343e+20 1.48343e+20 3.54906e+22 3.54906e+22 3.54906e+22 1.7044e+24 2.18508e+24 0 0 4.64348e+42 0 0.0953611 1
1.24094e+13 1.95522e+20 1.95522e+20 2.76137e+22 2.76137e+22 2.76137e+22 1.2539e+24 1.59858e+24 0 0 4.64348e+42 0 0.10079 1
1.43301e+13 2.43515e+20 2.43516e+20 2.12201e+22 2.12201e+22 2.12201e+22 9.18652e+23 1.16414e+24 0 0 4.64348e+42 0 0.10736 1
1.65482e+13 2.86768e+20 2.86768e+20 1.6076e+22 1.6076e+22 1.6076e+22 6.70023e+23 8.43309e+23 0 0 4.64348e+42 0 0.115206 1
1.91095e+13 3.13722e+20 3.13723e+20 1.17659e+22 1.17659e+22 1.17659e+22 4.77415e+23 5.95451e+23 0 0 4.64348e+42 0 0.12448 1
2.20673e+13 3.35782e+20 3.35783e+20 8.73855e+21 8.73855e+21 8.73855e+21 3.4949e+23 4.32551e+23 0 0 4.64348e+42 0 0.135345 1
2.5483e+13 3.41289e+20 3.4129e+20 6.37581e+21 6.37581e+21 6.37581e+21 2.54659e+23 3.12565e+23 0 0 4.64348e+42 0 0.147968 1
2.94273e+13 3.30017e+20 3.30018e+20 4.56662e+21 4.56662e+21 4.56662e+21 1.84631e+23 2.24508e+23 0 0 4.64348e+42 0 0.162507 1
3.39821e+13 2.9836e+20 2.98362e+20 3.14765e+21 3.14765e+21 3.14765e+21 1.30549e+23 1.56798e+23 0 0 4.64348e+42 0 0.179093 1
3.92419e+13 2.66679e+20 2.66681e+20 2.20257e+21 2.20257e+21 2.20257e+21 9.4913e+22 1.12806e+23 0 0 4.64348e+42 0 0.197804 1
4.53158e+13 2.28737e+20 2.28739e+20 1.51532e+21 1.51532e+21 1.51532e+21 6.86398e+22 8.0659e+22 0 0 4.64348e+42 0 0.218621 1
5.23299e+13 1.88839e+20 1.88842e+20 1.02588e+21 1.02588e+21 1.02588e+21 4.93548e+22 5.72692e+22 0 0 4.64348e+42 0 0.241387 1
6.04296e+13 1.47356e+20 1.47359e+20 6.6982e+20 6.6982e+20 6.6982e+20 3.45278e+22 3.94024e+22 0 0 4.64348e+42 0 0.265741 1
6.97831e+13 1.15391e+20 1.15393e+20 4.46983e+20 4.46983e+20 4.46983e+20 2.4866e+22 2.79786e+22 0 0 4.64348e+42 0 0.291055 1
8.05842e+13 8.783e+19 8.78324e+19 2.94779e+20 2.94779e+20 2.94779e+20 1.77976e+22 1.9722e+22 0 0 4.64348e+42 0 0.316368 1
9.30572e+13 6.51417e+19 6.51438e+19 1.92292e+20 1.92292e+20 1.92292e+20 1.26528e+22 1.37862e+22 0 0 4.64348e+42 0 0.340344 1
1.07461e+14 4.60851e+19 4.60869e+19 1.21283e+20 1.21283e+20 1.21283e+20 8.72227e+21 9.29286e+21 0 0 4.64348e+42 0 0 1
1.24094e+14 3.31576e+19 3.31595e+19 7.87535e+19 7.87535e+19 7.87535e+19 6.20086e+21 6.48341e+21 0 0 4.64348e+42 0 0 1
1.43301e+14 2.34042e+19 2.34066e+19 5.07247e+19 5.07247e+19 5.07247e+19 4.37602e+21 4.4834e+21 0 0 4.64348e+42 0 0 1
1.65482e+14 1.62253e+19 1.62287e+19 3.24102e+19 3.24102e+19 3.24102e+19 3.06329e+21 3.06903e+21 0 0 4.64348e+42 0 0 1
1.91095e+14 1.07656e+19 1.07702e+19 1.99985e+19 1.99985e+19 1.99985e+19 2.06934e+21 2.01171e+21 0 0 4.64348e+42 0 0 1
2.20673e+14 7.33553e+18 7.34172e+18 1.27765e+19 1.27765e+19 1.27765e+19 1.4455e+21 1.37074e+21 0 0 4.64348e+42 0 0 1
2.5483e+14 4.92555e+18 4.93309e+18 8.10359e+18 8.10359e+18 8.10359e+18 1.0007e+21 9.23862e+20 0 0 4.64348e+42 0 0 1
2.94273e+14 3.25955e+18 3.26792e+18 5.09977e+18 5.09977e+18 5.09977e+18 6.85972e+20 6.14919e+20 0 0 4.64348e+42 0 0 1
3.39821e+14 2.05919e+18 2.06743e+18 3.0826e+18 3.0826e+18 3.0826e+18 4.50593e+20 3.87913e+20 0 0 4.64348e+42 0 0 1
3.92419e+14 1.3467e+18 1.35458e+18 1.93962e+18 1.93962e+18 1.93962e+18 3.07321e+20 2.56085e+20 0 0 4.64348e+42 0 0 1
4.53158e+14 8.69021e+17 8.76025e+17 1.21015e+18 1.21015e+18 1.21015e+18 2.07275e+20 1.6677e+20 0 0 4.64348e+42 0 0 1
5.23299e+14 5.53062e+17 5.58904e+17 7.47891e+17 7.47891e+17 7.47891e+17 1.38087e+20 1.06917e+20 0 0 4.64348e+42 0 0 1
6.04296e+14 3.33478e+17 3.37895e+17 4.39579e+17 4.39579e+17 4.39579e+17 8.72372e+19 6.39775e+19 0 0 4.64348e+42 0 0 1
6.97831e+14 2.10046e+17 2.13402e+17 2.70778e+17 2.70778e+17 2.70778e+17 5.75898e+19 4.04885e+19 0 0 4.64348e+42 0 0 1
8.05842e+14 1.30461e+17 1.32892e+17 1.64939e+17 1.64939e+17 1.64939e+17 3.74823e+19 2.51895e+19 0 0 4.64348e+42 0 0 1
9.30572e+14 7.98226e+16 8.15067e+16 9.9206e+16 9.9206e+16 9.9206e+16 2.40168e+19 1.53655e+19 0 0 4.64348e+42 0 0 1
1.07461e+15 4.56255e+16 4.66872e+16 5.58538e+16 5.58538e+16 5.58538e+16 1.43616e+19 8.5479e+18 0 0 4.64348e+42 0 0 1
1.24094e+15 2.75678e+16 2.82594e+16 3.32971e+16 3.32971e+16 3.32971e+16 9.06651e+18 5.11595e+18 0 0 4.64348e+42 0 0 1
1.43301e+15 1.63802e+16 1.68142e+16 1.95474e+16 1.95474e+16 1.95474e+16 5.61989e+18 2.99735e+18 0 0 4.64348e+42 0 0 1
1.65482e+15 9.55578e+15 9.81848e+15 1.12802e+16 1.12802e+16 1.12802e+16 3.41427e+18 1.71313e+18 0 0 4.64348e+42 0 0 1
1.91095e+15 5.08409e+15 5.22681e+15 5.94268e+15 5.94268e+15 5.94268e+15 1.88827e+18 8.61778e+17 0 0 4.64348e+42 0 0 1
2.20673e+15 2.91037e+15 2.99262e+15 3.37144e+15 3.37144e+15 3.37144e+15 1.12143e+18 4.79387e+17 0 0 4.64348e+42 0 0 1
2.5483e+15 1.63016e+15 1.67596e+15 1.87297e+15 1.87297e+15 1.87297e+15 6.50376e+17 2.59671e+17 0 0 4.64348e+42 0 0 1
2.94273e+15 8.91888e+14 9.16526e+14 1.01704e+15 1.01704e+15 1.01704e+15 3.67685e+17 1.36329e+17 0 0 4.64348e+42 0 0 1
3.39821e+15 4.27883e+14 4.39388e+14 4.8456e+14 4.8456e+14 4.8456e+14 1.81903e+17 5.95346e+16 0 0 4.64348e+42 0 0 1
3.92419e+15 2.27191e+14 2.33085e+14 2.55655e+14 2.55655e+14 2.55655e+14 9.93981e+16 3.00545e+16 0 0 4.64348e+42 0 0 1
4.53158e+15 1.17098e+14 1.20005e+14 1.31002e+14 1.31002e+14 1.31002e+14 5.26187e+16 1.46752e+16 0 0 4.64348e+42 0 0 1
5.23299e+15 5.85075e+13 5.9888e+13 6.51051e+13 6.51051e+13 6.51051e+13 2.69495e+16 6.88789e+15 0 0 4.64348e+42 0 0 1
6.04296e+15 2.40033e+13 2.45381e+13 2.65794e+13 2.65794e+13 2.65794e+13 1.13114e+16 2.44875e+15 0 0 4.64348e+42 0 0 1
6.97831e+15 1.14143e+13 1.16531e+13 1.25829e+13 1.25829e+13 1.25829e+13 5.49262e+15 1.08392e+15 0 0 4.64348e+42 0 0 1
8.05842e+15 5.20097e+12 5.30259e+12 5.71007e+12 5.71007e+12 5.71007e+12 2.55088e+15 4.60442e+14 0 0 4.64348e+42 0 0 1
9.30572e+15 2.27282e+12 2.31411e+12 2.48606e+12 2.48606e+12 2.48606e+12 1.13411e+15 1.86231e+14 0 0 4.64348e+42 0 0 1
1.07461e+16 7.30004e+11 7.42284e+11 7.95813e+11 7.95813e+11 7.95813e+11 3.69938e+14 4.84528e+13 0 0 4.64348e+42 0 0 1
1.24094e+16 2.94161e+11 2.98725e+11 3.19706e+11 3.19706e+11 3.19706e+11 1.51129e+14 1.78375e+13 0 0 4.64348e+42 0 0 1
1.43301e+16 1.10966e+11 1.12549e+11 1.20274e+11 1.20274e+11 1.20274e+11 5.77004e+13 6.25217e+12 0 0 4.64348e+42 0 0 1
1.65482e+16 3.93604e+10 3.9875e+10 4.25571e+10 4.25571e+10 4.25571e+10 2.06801e+13 2.07782e+12 0 0 4.64348e+42 0 0 1
1.91095e+16 8.63553e+09 8.73873e+09 9.3164e+09 9.3164e+09 9.3164e+09 4.5771e+12 3.27471e+11 0 0 4.64348e+42 0 0 1
2.20673e+16 2.69931e+09 2.72872e+09 2.90645e+09 2.90645e+09 2.90645e+09 1.44105e+12 9.13405e+10 0 0 4.64348e+42 0 0 1
2.5483e+16 7.54745e+08 7.62224e+08 8.11253e+08 8.11253e+08 8.11253e+08 4.05217e+11 2.39145e+10 0 0 4.64348e+42 0 0 1
2.94273e+16 1.87284e+08 1.88968e+08 2.00997e+08 2.00997e+08 2.00997e+08 1.00973e+11 6.03019e+09 0 0 4.64348e+42 0 0 1
3.39821e+16 2.28876e+07 2.30741e+07 2.45304e+07 2.45304e+07 2.45304e+07 1.23734e+10 4.38307e+08 0 0 4.64348e+42 0 0 1
3.92419e+16 4.75758e+06 4.79263e+06 5.09305e+06 5.09305e+06 5.09305e+06 2.57544e+09 7.80721e+07 0 0 4.64348e+42 0 0 1
4.53158e+16 817803 823243 874573 874573 874573 4.42687e+08 1.22669e+07 0 0 4.64348e+42 0 0 1
5.23299e+16 108197 108846 115606 115606 115606 5.84885e+07 1.87252e+06 0 0 4.64348e+42 0 0 1
6.04296e+16 4907 4933.48 5239 5239 5239 2.64555e+06 41762.3 0 0 4.64348e+42 0 0 1
6.97831e+16 448.585 450.762 478.628 478.628 478.628 240908 2657.41 0 0 4.64348e+42 0 0 1
8.05842e+16 17.7737 17.8511 18.9538 18.9538 18.9538 9496.49 54.5142 0 0 4.64348e+42 0 0 1
9.30572e+16 0 0 0 0 0 0 0 0 0 4.64348e+42 0 0 1