
1.07461e-07 0 0 0 8.44615e+48 1.51336e+59 0 0 4.80448e+41 0 4.64348e+42 0 0 0
1.24094e-07 0 0 0 9.69442e+48 1.36666e+59 0 0 5.54813e+41 0 4.64348e+42 0 0 0
1.43301e-07 0 0 0 1.11195e+49 1.23333e+59 0 0 6.40688e+41 0 4.64348e+42 0 0 0
1.65482e-07 0 0 0 1.27441e+49 1.11215e+59 0 0 7.39855e+41 0 4.64348e+42 0 0 0
1.91095e-07 0 0 5.50188e-232 1.45935e+49 1.002e+59 0 0 8.54371e+41 0 4.64348e+42 0 0 0
2.20673e-07 0 0 2.43061e-194 1.66952e+49 9.01903e+58 0 0 9.86612e+41 0 4.64348e+42 0 0 0
2.5483e-07 0 0 9.82846e-162 1.9079e+49 8.1093e+58 0 0 1.13932e+42 0 4.64348e+42 0 0 0
2.94273e-07 0 0 1.722e-133 2.17771e+49 7.2826e+58 0 0 1.31567e+42 0 4.64348e+42 0 0 0
3.39821e-07 0 0 5.02407e-109 2.48234e+49 6.53145e+58 0 0 1.51931e+42 0 4.64348e+42 0 0 0
3.92419e-07 0 0 7.83189e-88 2.82538e+49 5.84906e+58 0 0 1.75447e+42 0 4.64348e+42 0 0 0
4.53158e-07 0 0 1.79019e-69 3.21049e+49 5.22927e+58 0 0 2.02603e+42 0 4.64348e+42 0 0 0
5.23299e-07 0 0 1.43815e-53 3.64137e+49 4.66652e+58 0 0 2.33963e+42 0 4.64348e+42 0 0 0
6.04296e-07 0 0 8.65617e-40 4.12164e+49 4.15577e+58 0 0 2.70176e+42 0 4.64348e+42 0 0 0
6.97831e-07 0 0 7.51841e-28 4.65467e+49 3.69246e+58 0 0 3.11994e+42 0 4.64348e+42 0 0 0
8.05842e-07 0 0 1.66222e-17 5.24344e+49 3.27248e+58 0 0 3.60285e+42 0 4.64348e+42 0 0 0
9.30572e-07 0 0 1.52911e-08 5.89031e+49 2.8921e+58 0 0 4.16051e+42 0 4.64348e+42 0 0 0
1.07461e-06 0 0 0.895715 6.59675e+49 2.54799e+58 0 0 4.80448e+42 0 4.64348e+42 0 0 0
1.24094e-06 0 0 4.82922e+06 7.36306e+49 2.2371e+58 0 0 5.54813e+42 0 4.64348e+42 0 0 0
1.43301e-06 0 0 3.29675e+12 8.18805e+49 1.95672e+58 0 0 6.40688e+42 0 4.64348e+42 0 0 0
1.65482e-06 0 0 3.75603e+17 9.06874e+49 1.7044e+58 0 0 7.39855e+42 0 4.64348e+42 0 0 0
1.91095e-06 0 0 9.07065e+21 1.00001e+50 1.47792e+58 0 0 8.54371e+42 0 4.64348e+42 0 0 0
2.20673e-06 0 0 5.71096e+25 1.09748e+50 1.27528e+58 0 0 9.86612e+42 0 4.64348e+42 0 0 0
2.5483e-06 0 0 1.12144e+29 1.19835e+50 1.09467e+58 0 0 1.13932e+43 0 4.64348e+42 0 0 0
2.94273e-06 0 0 8.02136e+31 1.3015e+50 9.34438e+57 0 0 1.31567e+43 0 4.64348e+42 0 0 0
3.39821e-06 0 0 2.39062e+34 1.4057e+50 7.93067e+57 0 0 1.51931e+43 0 4.64348e+42 0 0 0
3.92419e-06 0 0 3.33564e+36 1.50973e+50 6.69143e+57 0 0 1.75447e+43 0 4.64348e+42 0 0 0
4.53158e-06 0 0 2.41079e+38 1.6126e+50 5.61333e+57 0 0 2.02603e+43 0 4.64348e+42 0 0 0
5.23299e-06 0 0 9.85378e+39 1.71376e+50 4.68352e+57 0 0 2.33963e+43 0 4.64348e+42 0 0 0
6.04296e-06 0 0 2.45879e+41 1.81341e+50 3.88946e+57 0 0 2.70176e+43 0 4.64348e+42 0 0 0
6.97831e-06 0 0 4.00411e+42 1.91286e+50 3.21867e+57 0 0 3.11994e+43 0 4.64348e+42 0 0 0
8.05842e-06 0 0 4.51169e+43 2.0148e+50 2.65858e+57 0 0 3.60285e+43 0 4.64348e+42 0 0 0
9.30572e-06 0 0 3.70246e+44 2.12354e+50 2.19649e+57 0 0 4.16051e+43 0 4.64348e+42 0 0 0
1.07461e-05 0 0 2.31474e+45 2.24501e+50 1.81962e+57 0 0 4.80448e+43 0 4.64348e+42 0 0 0
1.24094e-05 0 0 1.14671e+46 2.38655e+50 1.51527e+57 0 0 5.54813e+43 0 4.64348e+42 0 0 0
1.43301e-05 0 0 4.65695e+46 2.5563e+50 1.27112e+57 0 0 6.40688e+43 0 4.64348e+42 0 0 0
1.65482e-05 0 0 1.59591e+47 2.76241e+50 1.07558e+57 0 0 7.39855e+43 0 4.64348e+42 0 0 0
1.91095e-05 0 0 4.72754e+47 3.01211e+50 9.18197e+56 0 0 8.54371e+43 0 4.64348e+42 0 0 0
2.20673e-05 0 0 1.23473e+48 3.31086e+50 7.90007e+56 0 0 9.86612e+43 0 4.64348e+42 0 0 0
2.5483e-05 0 0 2.88965e+48 3.66206e+50 6.83753e+56 0 0 1.13932e+44 0 4.64348e+42 0 0 0
2.94273e-05 0 0 6.14172e+48 4.06733e+50 5.93919e+56 0 0 1.31567e+44 0 4.64348e+42 0 0 0
3.39821e-05 0 0 1.19927e+49 4.52748e+50 5.16588e+56 0 0 1.51931e+44 0 4.64348e+42 0 0 0
3.92419e-05 0 0 2.1736e+49 5.04372e+50 4.49134e+56 0 0 1.75447e+44 0 4.64348e+42 0 0 0
4.53158e-05 0 0 3.69077e+49 5.61893e+50 3.89865e+56 0 0 2.02603e+44 0 4.64348e+42 0 0 0
5.23299e-05 0 0 5.92147e+49 6.25841e+50 3.37673e+56 0 0 2.33962e+44 0 4.64348e+42 0 0 0
6.04296e-05 0 0 9.04646e+49 6.97037e+50 2.91773e+56 0 0 2.70175e+44 0 4.64348e+42 0 0 0
6.97831e-05 0 0 1.32519e+50 7.76599e+50 2.51533e+56 0 0 3.11994e+44 0 4.64348e+42 0 0 0
8.05842e-05 0 0 1.87285e+50 8.65949e+50 2.16395e+56 0 0 3.60285e+44 0 4.64348e+42 0 0 0
9.30572e-05 0 0 2.56736e+50 9.66816e+50 1.85831e+56 0 0 4.1605e+44 0 4.64348e+42 0 0 0
0.000107461 0 0 3.42966e+50 1.08124e+51 1.5934e+56 0 0 4.80447e+44 0 4.64348e+42 0 0 0
0.000124094 0 0 4.4825e+50 1.21158e+51 1.36447e+56 0 0 5.54812e+44 0 4.64348e+42 0 0 0
0.000143301 0 0 5.75117e+50 1.36053e+51 1.16706e+56 0 0 6.40686e+44 0 4.64348e+42 0 0 0
0.000165482 0 0 7.26428e+50 1.53116e+51 9.97074e+55 0 0 7.39853e+44 0 4.64348e+42 0 0 0
0.000191095 0 0 9.05486e+50 1.72705e+51 8.50833e+55 0 0 8.54368e+44 0 4.64348e+42 0 0 0
0.000220673 0 0 1.1162e+51 1.95245e+51 7.25088e+55 0 0 9.86608e+44 0 4.64348e+42 0 0 0
0.00025483 0 0 1.36331e+51 2.21249e+51 6.17022e+55 0 0 1.13932e+45 0 4.64348e+42 0 0 0
0.000294273 0 0 1.65258e+51 2.51342e+51 5.24219e+55 0 0 1.31566e+45 0 4.64348e+42 0 0 0
0.000339821 0 0 1.9911e+51 2.86277e+51 4.44606e+55 0 0 1.5193e+45 0 4.64348e+42 0 0 0
0.000392419 0 0 2.3874e+51 3.2695e+51 3.76398e+55 0 0 1.75446e+45 0 4.64348e+42 0 0 0
0.000453158 0 0 2.85171e+51 3.7442e+51 3.18051e+55 0 0 2.02602e+45 0 4.64348e+42 0 0 0
0.000523299 0 0 3.39627e+51 4.29938e+51 2.68219e+55 0 0 2.3396e+45 0 4.64348e+42 0 0 0
0.000604296 0 0 4.03577e+51 4.94999e+51 2.2573e+55 0 0 2.70173e+45 0 4.64348e+42 0 0 0
0.000697831 0 0 4.78795e+51 5.71401e+51 1.89567e+55 0 0 3.1199e+45 0 4.64348e+42 0 0 0
0.000805842 0 0 5.67425e+51 6.61313e+51 1.58844e+55 0 0 3.6028e+45 0 4.64348e+42 0 0 0
0.000930572 0 0 6.72049e+51 7.67338e+51 1.32795e+55 0 0 4.16044e+45 0 4.64348e+42 0 0 0
0.00107461 0 0 7.95775e+51 8.92602e+51 1.10755e+55 0 0 4.80439e+45 0 4.64348e+42 0 0 0
0.00124094 0 0 9.42346e+51 1.04086e+52 9.21488e+54 0 0 5.54801e+45 0 4.64348e+42 0 0 0
0.00143301 0 0 1.11628e+52 1.21666e+52 7.64776e+54 0 0 6.40672e+45 0 4.64348e+42 0 0 0
0.00165482 0 0 1.32304e+52 1.42546e+52 6.33102e+54 0 0 7.39834e+45 0 4.64348e+42 0 0 0
0.00191095 0 0 1.56923e+52 1.6739e+52 5.22744e+54 0 0 8.54343e+45 0 4.64348e+42 0 0 0
0.00220673 0 0 1.86286e+52 1.96999e+52 4.30491e+54 0 0 9.86575e+45 0 4.64348e+42 0 0 0
0.0025483 0 0 2.21365e+52 2.32347e+52 3.53579e+54 0 0 1.13927e+46 0 4.64348e+42 0 0 0
0.00294273 0 0 2.63341e+52 2.74617e+52 2.89633e+54 0 0 1.3156e+46 0 4.64348e+42 0 0 0
0.00339821 0 0 3.13651e+52 3.25249e+52 2.36616e+54 0 0 1.51922e+46 0 4.64348e+42 0 0 0
0.00392419 0 0 3.74048e+52 3.85996e+52 1.92786e+54 0 0 1.75435e+46 0 4.64348e+42 0 0 0
0.00453158 0 0 4.46671e+52 4.59001e+52 1.56656e+54 0 0 2.02587e+46 0 4.64348e+42 0 0 0
0.00523299 0 0 5.34135e+52 5.4688e+52 1.26961e+54 0 0 2.33942e+46 0 4.64348e+42 0 0 0
0.00604296 0 0 6.39641e+52 6.52836e+52 1.02625e+54 0 0 2.70148e+46 0 4.64348e+42 0 0 0
0.00697831 0 0 7.6709e+52 7.80774e+52 8.274e+53 0 0 3.11957e+46 0 4.64348e+42 0 0 0
0.00805842 0 0 9.206e+52 9.34805e+52 6.65396e+53 0 0 3.60235e+46 0 4.64348e+42 0 0 0
0.00930572 0 0 1.09871e+53 1.11338e+53 5.33792e+53 0 0 4.15984e+46 0 4.64348e+42 0 0 0
0.0107461 0 0 1.27867e+53 1.29343e+53 4.27188e+53 0 0 4.80359e+46 0 4.64348e+42 0 0 0
0.0124094 0 0 1.4129e+53 1.42702e+53 3.41077e+53 0 0 5.54695e+46 0 4.64348e+42 0 0 0
0.0143301 0 0 1.45871e+53 1.47133e+53 2.71712e+53 0 0 6.4053e+46 0 4.64348e+42 0 0 0
0.0165482 0 0 1.40747e+53 1.418e+53 2.15984e+53 0 0 7.39645e+46 0 4.64348e+42 0 0 0
0.0191095 0 0 1.28219e+53 1.29049e+53 1.71328e+53 0 0 8.54091e+46 0 4.64348e+42 0 0 0
0.0220673 0 0 1.11723e+53 1.12349e+53 1.35635e+53 0 0 9.86239e+46 0 4.64348e+42 0 0 0
0.025483 0 0 9.42191e+52 9.46764e+52 1.07174e+53 0 0 1.13882e+47 0 4.64348e+42 0 0 0
0.0294273 0 0 7.76273e+52 7.79535e+52 8.45327e+52 0 0 1.315e+47 0 4.64348e+42 0 0 0
0.0339821 0 0 6.29177e+52 6.31466e+52 6.65601e+52 0 0 1.51842e+47 0 4.64348e+42 0 0 0
0.0392419 0 0 5.04133e+52 5.05721e+52 5.23237e+52 0 0 1.75329e+47 0 4.64348e+42 0 0 0
0.0453158 0 0 4.00689e+52 4.01781e+52 4.10692e+52 0 0 2.02446e+47 0 4.64348e+42 0 0 0
0.0523299 0 0 3.16639e+52 3.17386e+52 3.21888e+52 0 0 2.33753e+47 0 4.64348e+42 0 0 0
0.0604296 0 0 2.49171e+52 2.49681e+52 2.51942e+52 0 0 2.69896e+47 0 4.64348e+42 0 0 0
0.0697831 0 0 1.95465e+52 1.95811e+52 1.96942e+52 0 0 3.11621e+47 0 4.64348e+42 0 0 0
0.0805842 0 0 1.52965e+52 1.53199e+52 1.53762e+52 0 0 3.59788e+47 0 4.64348e+42 0 0 0
0.0930572 0 0 1.19474e+52 1.19633e+52 1.19912e+52 0 0 4.15387e+47 0 4.64348e+42 0 0 0
0.107461 0 0 9.3168e+51 9.3275e+51 9.34132e+51 0 0 4.79563e+47 0 4.64348e+42 0 0 0
0.124094 0 0 7.25555e+51 7.26277e+51 7.26958e+51 0 0 5.53633e+47 0 4.64348e+42 0 0 0
0.143301 0 0 5.64362e+51 5.64848e+51 5.65183e+51 0 0 6.39115e+47 0 4.64348e+42 0 0 0
0.165482 0 0 4.38512e+51 4.38839e+51 4.39003e+51 0 0 7.37757e+47 0 4.64348e+42 0 0 0
0.191095 0 0 3.40391e+51 3.40611e+51 3.40692e+51 0 0 8.51574e+47 0 4.64348e+42 0 0 0
0.220673 0 0 2.63984e+51 2.64132e+51 2.64171e+51 0 0 9.82883e+47 0 4.64348e+42 0 0 0
0.25483 1.76867e-193 1.76867e-193 2.04551e+51 2.0465e+51 2.04669e+51 0 0 1.13435e+48 2.92384e-195 4.64348e+42 0 0 0
0.294273 1.59719e-129 1.59719e-129 1.58366e+51 1.58432e+51 1.58442e+51 0 0 1.30904e+48 2.95324e-131 4.64348e+42 0 0 0
0.339821 2.441e-82 2.441e-82 1.2251e+51 1.22554e+51 1.22559e+51 0 0 1.51047e+48 5.05242e-84 4.64348e+42 0 0 0
0.392419 1.52591e-47 1.52591e-47 9.46967e+50 9.47265e+50 9.47287e+50 0 0 1.74269e+48 3.53829e-49 4.64348e+42 0 0 0
0.453158 6.75972e-22 6.75972e-22 7.31405e+50 7.31604e+50 7.31615e+50 0 0 2.01033e+48 1.75738e-23 4.64348e+42 0 0 0
0.523299 0.00524342 0.00524342 5.64471e+50 5.64604e+50 5.64609e+50 0 0 2.31869e+48 0.000152955 4.64348e+42 0 0 0
0.604296 4.17228e+11 4.17228e+11 4.35297e+50 4.35386e+50 4.35388e+50 0 0 2.67386e+48 1.3667e+10 4.64348e+42 0 0 0
0.697831 6.88807e+21 6.88807e+21 3.35418e+50 3.35477e+50 3.35479e+50 0 0 3.08276e+48 2.53566e+20 4.64348e+42 0 0 0
0.805842 2.1746e+29 2.1746e+29 2.58253e+50 2.58292e+50 2.58293e+50 0 0 3.55329e+48 9.00344e+27 4.64348e+42 0 0 0
0.930572 6.77062e+34 6.77062e+34 1.98682e+50 1.98708e+50 1.98708e+50 0 0 4.09447e+48 3.15527e+33 4.64348e+42 0 0 0
1.07461 6.98125e+38 6.98125e+38 1.52729e+50 1.52747e+50 1.52747e+50 0 0 4.71649e+48 3.66495e+37 4.64348e+42 0 0 0
1.24094 5.83091e+41 5.83091e+41 1.17311e+50 1.17323e+50 1.17323e+50 0 0 5.4309e+48 3.451e+40 4.64348e+42 0 0 0
1.43301 7.63484e+43 7.63484e+43 9.00342e+49 9.0042e+49 9.0042e+49 0 0 6.25073e+48 5.09833e+42 4.64348e+42 0 0 0
1.65482 2.55139e+45 2.55139e+45 6.90453e+49 6.90505e+49 6.90505e+49 0 0 7.19058e+48 1.92382e+44 4.64348e+42 0 0 0
1.91095 3.11785e+46 3.11785e+46 5.29085e+49 5.2912e+49 5.2912e+49 0 0 8.26679e+48 2.65666e+45 4.64348e+42 0 0 0
2.20673 1.8166e+47 1.8166e+47 4.05129e+49 4.05152e+49 4.05152e+49 0 0 9.49748e+48 1.75047e+46 4.64348e+42 0 0 0
2.5483 6.1372e+47 6.1372e+47 3.09994e+49 3.10009e+49 3.10009e+49 0 0 1.09026e+49 6.69246e+46 4.64348e+42 0 0 0
2.94273 1.38883e+48 1.38883e+48 2.37042e+49 2.37052e+49 2.37052e+49 0 0 1.25039e+49 1.71502e+47 4.64348e+42 0 0 0
3.39821 2.34144e+48 2.34144e+48 1.81148e+49 1.81155e+49 1.81155e+49 0 0 1.43249e+49 3.27616e+47 4.64348e+42 0 0 0
3.92419 3.1805e+48 3.1805e+48 1.3836e+49 1.38365e+49 1.38365e+49 0 0 1.63906e+49 5.04509e+47 4.64348e+42 0 0 0
4.53158 3.68764e+48 3.68764e+48 1.05631e+49 1.05634e+49 1.05634e+49 0 0 1.87267e+49 6.63447e+47 4.64348e+42 0 0 0
5.23299 3.80794e+48 3.80794e+48 8.06142e+48 8.06161e+48 8.06162e+48 0 0 2.13595e+49 7.77295e+47 4.64348e+42 0 0 0
6.04296 3.61324e+48 3.61324e+48 6.15058e+48 6.1507e+48 6.1507e+48 0 0 2.43145e+49 8.37027e+47 4.64348e+42 0 0 0
6.97831 3.22366e+48 3.22366e+48 4.69189e+48 4.69198e+48 4.69198e+48 0 0 2.76147e+49 8.47624e+47 4.64348e+42 0 0 0
8.05842 2.75032e+48 2.75032e+48 3.57895e+48 3.579e+48 3.579e+48 0 0 3.12789e+49 8.20854e+47 4.64348e+42 0 0 0
9.30572 2.27189e+48 2.27189e+48 2.73014e+48 2.73017e+48 2.73017e+48 0 0 3.53185e+49 7.696e+47 4.64348e+42 0 0 0
10.7461 1.83364e+48 1.83364e+48 2.08297e+48 2.08299e+48 2.08299e+48 0 0 3.97339e+49 7.04864e+47 4.64348e+42 0 0 0
12.4094 1.45565e+48 1.45565e+48 1.58964e+48 1.58965e+48 1.58965e+48 0 0 4.45099e+49 6.34797e+47 4.64348e+42 0 0 0
14.3301 1.1422e+48 1.1422e+48 1.2136e+48 1.21361e+48 1.21361e+48 0 0 4.96093e+49 5.64839e+47 4.64348e+42 0 0 0
16.5482 8.89023e+47 8.89023e+47 9.26959e+47 9.26966e+47 9.26966e+47 0 0 5.49659e+49 4.98286e+47 4.64348e+42 0 0 0
19.1095 6.88187e+47 6.88187e+47 7.08432e+47 7.08436e+47 7.08436e+47 0 0 6.04764e+49 4.36899e+47 4.64348e+42 0 0 0
22.0673 5.30821e+47 5.30821e+47 5.41793e+47 5.41796e+47 5.41796e+47 0 0 6.59914e+49 3.81425e+47 4.64348e+42 0 0 0
25.483 4.08547e+47 4.08547e+47 4.14683e+47 4.14685e+47 4.14685e+47 0 0 7.13068e+49 3.31983e+47 4.64348e+42 0 0 0
29.4273 3.14077e+47 3.14077e+47 3.17686e+47 3.17687e+47 3.17687e+47 0 0 7.61577e+49 2.88331e+47 4.64348e+42 0 0 0
33.9821 2.41359e+47 2.41359e+47 2.43634e+47 2.43635e+47 2.43635e+47 0 0 8.02165e+49 2.50037e+47 4.64348e+42 0 0 0
39.2419 1.85516e+47 1.85516e+47 1.87071e+47 1.87071e+47 1.87071e+47 0 0 8.31004e+49 2.1659e+47 4.64348e+42 0 0 0
45.3158 1.4269e+47 1.4269e+47 1.43839e+47 1.4384e+47 1.4384e+47 0 0 8.43923e+49 1.87463e+47 4.64348e+42 0 0 0
52.3299 1.09868e+47 1.09868e+47 1.10775e+47 1.10775e+47 1.10775e+47 0 0 8.36817e+49 1.62147e+47 4.64348e+42 0 0 0
60.4296 8.47139e+46 8.47139e+46 8.5465e+46 8.54652e+46 8.54652e+46 0 0 8.06282e+49 1.40172e+47 4.64348e+42 0 0 0
69.7831 6.54288e+46 6.54288e+46 6.60707e+46 6.60708e+46 6.60708e+46 0 0 7.50481e+49 1.21115e+47 4.64348e+42 0 0 0
80.5842 5.06293e+46 5.06293e+46 5.11893e+46 5.11894e+46 5.11894e+46 0 0 6.70121e+49 1.04596e+47 4.64348e+42 0 0 0
93.0572 3.92562e+46 3.92562e+46 3.9751e+46 3.9751e+46 3.9751e+46 0 0 5.69269e+49 9.02839e+46 4.64348e+42 0 0 0
107.461 3.04996e+46 3.04996e+46 3.09404e+46 3.09405e+46 3.09405e+46 0 0 4.55599e+49 7.78862e+46 4.64348e+42 0 0 0
124.094 2.37422e+46 2.37422e+46 2.41372e+46 2.41372e+46 2.41372e+46 0 0 3.39632e+49 6.7149e+46 4.64348e+42 0 0 0
143.301 1.85145e+46 1.85145e+46 1.88698e+46 1.88698e+46 1.88698e+46 0 0 2.32764e+49 5.78513e+46 4.64348e+42 0 0 0
165.482 1.44602e+46 1.44602e+46 1.47806e+46 1.47806e+46 1.47806e+46 0 0 1.4449e+49 4.9801e+46 4.64348e+42 0 0 0
191.095 1.13087e+46 1.13087e+46 1.15984e+46 1.15984e+46 1.15984e+46 0 0 7.9884e+48 4.28316e+46 4.64348e+42 0 0 0
220.673 8.85439e+45 8.85439e+45 9.11671e+45 9.11672e+45 9.11672e+45 0 0 3.8593e+48 3.67987e+46 4.64348e+42 0 0 0
254.83 6.93966e+45 6.93966e+45 7.17756e+45 7.17756e+45 7.17756e+45 0 0 1.59444e+48 3.15773e+46 4.64348e+42 0 0 0
294.273 5.44346e+45 5.44346e+45 5.65949e+45 5.65949e+45 5.65949e+45 0 0 5.49622e+47 2.70592e+46 4.64348e+42 0 0 0
339.821 4.27237e+45 4.27237e+45 4.46875e+45 4.46875e+45 4.46875e+45 0 0 1.53683e+47 2.31506e+46 4.64348e+42 0 0 0
392.419 3.35421e+45 3.35421e+45 3.53287e+45 3.53287e+45 3.53287e+45 0 0 3.37435e+46 1.97703e+46 4.64348e+42 0 0 0
453.158 2.63326e+45 2.63326e+45 2.79588e+45 2.79588e+45 2.79588e+45 0 0 5.60397e+45 1.68482e+46 4.64348e+42 0 0 0
523.299 2.06642e+45 2.06642e+45 2.21447e+45 2.21447e+45 2.21447e+45 0 0 6.74174e+44 1.43233e+46 4.64348e+42 0 0 0
604.296 1.62029e+45 1.62029e+45 1.75508e+45 1.75508e+45 1.75508e+45 0 0 5.58913e+43 1.21433e+46 4.64348e+42 0 0 0
697.831 1.26892e+45 1.26892e+45 1.39159e+45 1.39159e+45 1.39159e+45 0 0 3.01427e+42 1.02626e+46 4.64348e+42 0 0 0
805.842 9.92023e+44 9.92023e+44 1.10357e+45 1.10357e+45 1.10357e+45 0 0 9.89429e+40 8.64191e+45 4.64348e+42 0 0 0
930.572 7.7374e+44 7.7374e+44 8.75056e+44 8.75056e+44 8.75056e+44 0 0 1.83052e+39 7.24722e+45 4.64348e+42 0 0 0
1074.61 6.01654e+44 6.01654e+44 6.93521e+44 6.93521e+44 6.93521e+44 0 0 1.74666e+37 6.04913e+45 4.64348e+42 0 0 0
1240.94 4.66037e+44 4.66037e+44 5.49143e+44 5.49143e+44 5.49143e+44 0 0 7.75848e+34 5.02216e+45 4.64348e+42 0 0 0
1433.01 3.59264e+44 3.59264e+44 4.34219e+44 4.34219e+44 4.34219e+44 0 0 1.42523e+32 4.14426e+45 4.64348e+42 0 0 0
1654.82 2.75345e+44 2.75345e+44 3.42697e+44 3.42697e+44 3.42697e+44 0 0 9.44448e+28 3.39632e+45 4.64348e+42 0 0 0
1910.95 2.09566e+44 2.09566e+44 2.69813e+44 2.69813e+44 2.69813e+44 0 0 1.92804e+25 2.76171e+45 4.64348e+42 0 0 0
2206.73 1.58199e+44 1.58199e+44 2.11804e+44 2.11804e+44 2.11804e+44 0 0 1.01054e+21 2.22592e+45 4.64348e+42 0 0 0
2548.3 1.18289e+44 1.18289e+44 1.65687e+44 1.65687e+44 1.65687e+44 0 0 1.10176e+16 1.77628e+45 4.64348e+42 0 0 0
2942.73 8.74793e+43 8.74793e+43 1.29093e+44 1.29093e+44 1.29093e+44 0 0 1.95963e+10 1.40163e+45 4.64348e+42 0 0 0
3398.21 6.38843e+43 6.38843e+43 1.00126e+44 1.00126e+44 1.00126e+44 0 0 4294.67 1.09211e+45 4.64348e+42 0 0 0
3924.19 4.59896e+43 4.59896e+43 7.72714e+43 7.72714e+43 7.72714e+43 0 0 8.387e-05 8.38937e+44 4.64348e+42 0 0 0
4531.58 3.25751e+43 3.25751e+43 5.93098e+43 5.93098e+43 5.93098e+43 0 0 1.00386e-13 6.34259e+44 4.64348e+42 0 0 0
5232.99 2.37189e+43 2.37189e+43 4.60403e+43 4.60404e+43 4.60404e+43 0 0 4.78006e-24 4.93117e+44 4.64348e+42 0 0 0
6042.96 1.63836e+43 1.63836e+43 3.50669e+43 3.50669e+43 3.50669e+43 0 0 5.49732e-36 3.63864e+44 4.64348e+42 0 0 0
6978.31 1.11032e+43 1.11032e+43 2.65624e+43 2.65624e+43 2.65624e+43 0 0 8.58095e-50 2.63555e+44 4.64348e+42 0 0 0
8058.42 7.37043e+42 7.37043e+42 2.00094e+43 2.00094e+43 2.00094e+43 0 0 9.34451e-66 1.87084e+44 4.64348e+42 0 0 0
9305.72 4.78436e+42 4.78436e+42 1.49908e+43 1.49908e+43 1.49908e+43 0 0 3.29192e-84 1.29926e+44 4.64348e+42 0 0 0
10746.1 3.03193e+42 3.03193e+42 1.11713e+43 1.11713e+43 1.11713e+43 0 0 1.54449e-105 8.81255e+43 4.64348e+42 0 0 0
12409.4 1.87273e+42 1.87273e+42 8.28276e+42 8.28276e+42 8.28276e+42 0 0 3.46321e-130 5.82766e+43 4.64348e+42 0 0 0
14330.1 1.1257e+42 1.1257e+42 6.11203e+42 6.11203e+42 6.11203e+42 0 0 1.13647e-158 3.75086e+43 4.64348e+42 0 0 0
16548.2 6.57577e+41 6.57577e+41 4.49067e+42 4.49067e+42 4.49067e+42 0 0 1.39152e-191 2.34587e+43 4.64348e+42 0 0 0
19109.5 3.72847e+41 3.72847e+41 3.28672e+42 3.28672e+42 3.28672e+42 0 0 1.31184e-229 1.42354e+43 4.64348e+42 0 0 0
22067.3 2.05015e+41 2.05015e+41 2.3976e+42 2.3976e+42 2.3976e+42 0 0 0 8.37135e+42 4.64348e+42 0 0 0
25483 1.0927e+41 1.0927e+41 1.74428e+42 1.74428e+42 1.74428e+42 0 0 0 4.76643e+42 4.64348e+42 0 0 0
29427.3 5.64564e+40 5.64564e+40 1.26637e+42 1.26637e+42 1.26637e+42 0 0 0 2.62655e+42 4.64348e+42 0 0 0
33982.1 2.82974e+40 2.82974e+40 9.18123e+41 9.18123e+41 9.18123e+41 0 0 0 1.40107e+42 4.64348e+42 0 0 0
39241.9 1.37815e+40 1.37815e+40 6.65188e+41 6.65188e+41 6.65188e+41 0 0 0 7.24145e+41 4.64348e+42 0 0 0
45315.8 6.53852e+39 6.53852e+39 4.81943e+41 4.81943e+41 4.81943e+41 0 0 0 3.63307e+41 4.64348e+42 0 0 0
52329.9 3.0331e+39 3.0331e+39 3.4943e+41 3.4943e+41 3.4943e+41 0 0 0 1.77426e+41 4.64348e+42 0 0 0
60429.6 1.38231e+39 1.38231e+39 2.53708e+41 2.53708e+41 2.53708e+41 0 0 0 8.46669e+40 4.64348e+42 0 0 0
69783.1 6.22614e+38 6.22614e+38 1.84586e+41 1.84586e+41 1.84586e+41 0 0 0 3.96687e+40 4.64348e+42 0 0 0
80584.2 2.79101e+38 2.79101e+38 1.34654e+41 1.34654e+41 1.34654e+41 0 0 0 1.83521e+40 4.64348e+42 0 0 0
93057.2 1.25499e+38 1.25499e+38 9.85429e+40 9.85429e+40 9.85429e+40 0 0 0 8.43679e+39 4.64348e+42 0 0 0
107461 5.70815e+37 5.70815e+37 7.23808e+40 7.23808e+40 7.23808e+40 0 0 0 3.87988e+39 4.64348e+42 0 0 0
124094 2.64884e+37 2.64884e+37 5.33797e+40 5.33797e+40 5.33797e+40 0 0 0 1.79668e+39 4.64348e+42 0 0 0
143301 1.26458e+37 1.26458e+37 3.95374e+40 3.95374e+40 3.95374e+40 0 0 0 8.42883e+38 4.64348e+42 0 0 0
165482 6.25915e+36 6.25915e+36 2.94172e+40 2.94172e+40 2.94172e+40 0 0 0 4.02645e+38 4.64348e+42 0 0 0
191095 3.23363e+36 3.23363e+36 2.19885e+40 2.19885e+40 2.19885e+40 0 0 0 1.96585e+38 4.64348e+42 0 0 0
220673 1.75336e+36 1.75336e+36 1.6512e+40 1.6512e+40 1.6512e+40 0 0 0 9.82971e+37 4.64348e+42 0 0 0
254830 1.00204e+36 1.00204e+36 1.24562e+40 1.24562e+40 1.24562e+40 0 0 0 5.03487e+37 4.64348e+42 0 0 0
294273 6.05355e+35 6.05355e+35 9.43875e+39 9.43875e+39 9.43875e+39 0 0 0 2.63736e+37 4.64348e+42 0 0 0
339821 3.87286e+35 3.87286e+35 7.18332e+39 7.18332e+39 7.18332e+39 0 0 0 1.40788e+37 4.64348e+42 0 0 0
392419 2.62623e+35 2.62623e+35 5.48982e+39 5.48982e+39 5.48982e+39 0 0 0 7.61905e+36 4.64348e+42 0 0 0
453158 1.88792e+35 1.88792e+35 4.21266e+39 4.21266e+39 4.21266e+39 0 0 0 4.1513e+36 4.64348e+42 0 0 0
523299 1.43814e+35 1.43814e+35 3.24539e+39 3.24539e+39 3.24539e+39 8.66937e+31 3.08457e+36 0 2.2579e+36 4.64348e+42 0 0 0
604296 1.15984e+35 1.15984e+35 2.50983e+39 2.50983e+39 2.50983e+39 1.34786e+32 3.09739e+36 0 1.21338e+36 4.64348e+42 0 0 0
697831 9.88938e+34 9.88938e+34 1.94828e+39 1.94828e+39 1.94828e+39 1.82878e+32 3.1102e+36 0 6.36441e+35 4.64348e+42 0 0 0
805842 8.8976e+34 8.8976e+34 1.51791e+39 1.51791e+39 1.51791e+39 2.3097e+32 3.12302e+36 0 3.21164e+35 4.64348e+42 0 0 0
930572 8.42558e+34 8.42558e+34 1.18683e+39 1.18683e+39 1.18683e+39 2.79062e+32 3.13583e+36 0 1.53298e+35 4.64348e+42 0 0 0
1.07461e+06 8.37024e+34 8.37024e+34 9.31147e+38 9.31147e+38 9.31147e+38 3.54648e+32 3.15184e+36 0 6.78506e+34 4.64348e+42 0 0 0
1.24094e+06 8.68628e+34 8.68628e+34 7.32934e+38 7.32934e+38 7.32934e+38 4.78063e+32 3.15534e+36 0 2.72015e+34 4.64348e+42 0 0 0
1.43301e+06 9.36025e+34 9.36025e+34 5.78642e+38 5.78642e+38 5.78642e+38 6.41228e+32 3.15977e+36 0 9.60413e+33 4.64348e+42 0 0 0
1.65482e+06 1.04017e+35 1.04017e+35 4.58041e+38 4.58041e+38 4.58041e+38 8.57726e+32 3.16543e+36 0 2.89122e+33 4.64348e+42 0 0 0
1.91095e+06 1.18372e+35 1.18372e+35 3.63394e+38 3.63394e+38 3.63394e+38 1.16869e+33 3.17324e+36 0 7.15532e+32 4.64348e+42 0 0 0
2.20673e+06 1.37012e+35 1.37012e+35 2.88828e+38 2.88828e+38 2.88828e+38 1.56891e+33 3.18328e+36 0 1.3975e+32 4.64348e+42 0 0 0
2.5483e+06 1.60267e+35 1.60267e+35 2.2987e+38 2.2987e+38 2.2987e+38 2.09655e+33 3.1964e+36 0 2.05765e+31 4.64348e+42 0 0 0
2.94273e+06 1.88307e+35 1.88307e+35 1.83096e+38 1.83096e+38 1.83096e+38 2.79945e+33 3.21361e+36 0 2.16924e+30 4.64348e+42 0 0 0
3.39821e+06 2.20999e+35 2.20999e+35 1.45875e+38 1.45875e+38 1.45875e+38 3.81775e+33 3.23777e+36 0 1.54494e+29 4.64348e+42 0 0 0
3.92419e+06 2.57749e+35 2.57749e+35 1.16177e+38 1.16177e+38 1.16177e+38 5.15245e+33 3.26932e+36 0 6.96023e+27 4.64348e+42 0 0 0
4.53158e+06 2.97382e+35 2.97382e+35 9.2432e+37 9.2432e+37 9.2432e+37 6.96041e+33 3.31043e+36 0 1.84085e+26 4.64348e+42 0 0 0
5.23299e+06 3.38084e+35 3.38084e+35 7.34184e+37 7.34184e+37 7.34184e+37 9.38529e+33 3.36334e+36 0 2.62545e+24 4.64348e+42 0 0 0
6.04296e+06 3.77472e+35 3.77472e+35 5.81829e+37 5.81829e+37 5.81829e+37 1.28415e+34 3.43638e+36 0 1.83259e+22 4.64348e+42 0 0 0
6.97831e+06 4.12783e+35 4.12783e+35 4.59769e+37 4.59769e+37 4.59769e+37 1.73426e+34 3.52464e+36 0 5.60324e+19 4.64348e+42 0 0 0
8.05842e+06 4.41187e+35 4.41187e+35 3.62079e+37 3.62079e+37 3.62079e+37 2.32674e+34 3.63273e+36 0 6.60844e+16 4.64348e+42 0 0 0
9.30572e+06 4.60163e+35 4.60163e+35 2.84031e+37 2.84031e+37 2.84031e+37 3.11917e+34 3.7568e+36 0 2.59789e+13 4.64348e+42 0 0 0
1.07461e+07 4.6785e+35 4.6785e+35 2.21824e+37 2.21824e+37 2.21824e+37 4.21141e+34 3.9305e+36 0 2.87775e+09 4.64348e+42 0 0 0
1.24094e+07 4.63324e+35 4.63324e+35 1.72386e+37 1.72386e+37 1.72386e+37 5.56877e+34 4.09315e+36 0 74025.9 4.64348e+42 0 0 0
1.43301e+07 4.4675e+35 4.4675e+35 1.33231e+37 1.33231e+37 1.33231e+37 7.23271e+34 4.25401e+36 0 0.353821 4.64348e+42 0 0 0
1.65482e+07 4.19366e+35 4.19366e+35 1.02352e+37 1.02352e+37 1.02352e+37 9.23023e+34 4.40647e+36 0 2.4298e-07 4.64348e+42 0 0 0
1.91095e+07 3.83339e+35 3.83339e+35 7.81307e+36 7.81307e+36 7.81307e+36 1.16983e+35 4.54227e+36 0 1.78182e-14 4.64348e+42 0 0 0
2.20673e+07 3.41403e+35 3.41403e+35 5.92476e+36 5.92476e+36 5.92476e+36 1.43147e+35 4.65682e+36 0 9.90606e-23 4.64348e+42 0 0 0
2.5483e+07 2.96563e+35 2.96563e+35 4.46394e+36 4.46394e+36 4.46394e+36 1.71626e+35 4.73549e+36 0 2.81132e-32 4.64348e+42 0 0 0
2.94273e+07 2.51626e+35 2.51626e+35 3.34316e+36 3.34316e+36 3.34316e+36 2.00238e+35 4.73605e+36 0 2.57953e-43 4.64348e+42 0 0 0
3.39821e+07 2.08949e+35 2.08949e+35 2.49109e+36 2.49109e+36 2.49109e+36 2.28951e+35 4.64481e+36 0 4.51565e-56 4.64348e+42 0 0 0
3.92419e+07 1.70129e+35 1.70129e+35 1.84823e+36 1.84823e+36 1.84823e+36 2.52822e+35 4.46001e+36 0 8.20137e-71 4.64348e+42 0 0 0
4.53158e+07 1.36174e+35 1.36174e+35 1.36745e+36 1.36745e+36 1.36745e+36 2.73595e+35 4.21517e+36 0 7.64682e-88 4.64348e+42 0 0 0
5.23299e+07 1.0741e+35 1.0741e+35 1.01031e+36 1.01031e+36 1.01031e+36 2.89846e+35 3.93158e+36 0 1.62405e-107 4.64348e+42 0 0 0
6.04296e+07 8.36646e+34 8.36646e+34 7.46193e+35 7.46193e+35 7.46193e+35 2.99246e+35 3.58e+36 0 3.07362e-130 4.64348e+42 0 0 0
6.97831e+07 6.44862e+34 6.44862e+34 5.51501e+35 5.51501e+35 5.51501e+35 3.00938e+35 3.17759e+36 0 1.75347e-156 4.64348e+42 0 0 0
8.05842e+07 4.92777e+34 4.92777e+34 4.08284e+35 4.08284e+35 4.08284e+35 2.95677e+35 2.72842e+36 0 8.62331e-187 4.64348e+42 0 0 0
9.30572e+07 3.7376e+34 3.7376e+34 3.02838e+35 3.02838e+35 3.02838e+35 2.83651e+35 2.24954e+36 0 8.61186e-222 4.64348e+42 0 0 0
1.07461e+08 2.81371e+34 2.81371e+34 2.24859e+35 2.24859e+35 2.24859e+35 2.64776e+35 1.75768e+36 0 3.28879e-262 4.64348e+42 336.558 0 0
1.24094e+08 2.10667e+34 2.10667e+34 1.67345e+35 1.67345e+35 1.67345e+35 2.4282e+35 1.35945e+36 0 0 4.64348e+42 295.672 0 0
1.43301e+08 1.56716e+34 1.56716e+34 1.24613e+35 1.24613e+35 1.24613e+35 2.17714e+35 1.03154e+36 0 0 4.64348e+42 259.752 0 0
1.65482e+08 1.15663e+34 1.15663e+34 9.26488e+34 9.26488e+34 9.26488e+34 1.90286e+35 7.70004e+35 0 0 4.64348e+42 228.197 0 0
1.91095e+08 8.41279e+33 8.41279e+33 6.8277e+34 6.8277e+34 6.8277e+34 1.59462e+35 5.55039e+35 0 0 4.64348e+42 200.475 0 0
2.20673e+08 6.08442e+33 6.08442e+33 5.02906e+34 5.02906e+34 5.02906e+34 1.32186e+35 4.0802e+35 0 0 4.64348e+42 176.12 0 0
2.5483e+08 4.35614e+33 4.35614e+33 3.68401e+34 3.68401e+34 3.68401e+34 1.07118e+35 2.97431e+35 0 0 4.64348e+42 154.725 0 0
2.94273e+08 3.08635e+33 3.08635e+33 2.68183e+34 2.68183e+34 2.68183e+34 8.49368e+34 2.14932e+35 0 0 4.64348e+42 135.928 0 0
3.39821e+08 2.14675e+33 2.14675e+33 1.92382e+34 1.92382e+34 1.92382e+34 6.47162e+34 1.52396e+35 0 0 4.64348e+42 124.684 0 0
3.92419e+08 1.4919e+33 1.4919e+33 1.38365e+34 1.38365e+34 1.38365e+34 4.95076e+34 1.1056e+35 0 0 4.64348e+42 119.415 0 0
4.53158e+08 1.02656e+33 1.02656e+33 9.90325e+33 9.90325e+33 9.90325e+33 3.73912e+34 7.99379e+34 0 0 4.64348e+42 114.369 0 0
5.23299e+08 6.7845e+32 6.7845e+32 6.99984e+33 6.99984e+33 6.99984e+33 2.7726e+34 5.76096e+34 0 0 4.64348e+42 109.537 0 0
6.04296e+08 3.44398e+32 3.44398e+32 4.71892e+33 4.71892e+33 4.71892e+33 2.03599e+34 4.10807e+34 0 0 4.64348e+42 104.908 0 0
6.97831e+08 3.72676e+31 3.72676e+31 2.5797e+33 2.5797e+33 2.5797e+33 1.52023e+34 2.9951e+34 0 0 4.64348e+42 100.475 0 0
8.05842e+08 4.57329e+27 4.57329e+27 8.62591e+32 8.62591e+32 8.62591e+32 1.12914e+34 2.18052e+34 0 0 4.64348e+42 96.2298 0 0
9.30572e+08 3.49846e+13 3.49846e+13 2.02625e+32 2.02625e+32 2.02625e+32 8.32822e+33 1.58384e+34 0 0 4.64348e+42 92.1636 0 0
1.07461e+09 5.26066e-31 5.26066e-31 4.65082e+31 4.65082e+31 4.65082e+31 6.05934e+33 1.13365e+34 0 0 4.64348e+42 92.4958 0 0
1.24094e+09 5.55418e-147 5.55418e-147 1.20787e+31 1.20787e+31 1.20787e+31 4.51441e+33 8.30801e+33 0 0 4.64348e+42 97.2741 0 0
1.43301e+09 0 0 3.58441e+30 3.58441e+30 3.58441e+30 3.36914e+33 6.07144e+33 0 0 4.64348e+42 102.299 0 0
1.65482e+09 0 0 1.20186e+30 1.20186e+30 1.20186e+30 2.50576e+33 4.42279e+33 0 0 4.64348e+42 107.584 0 0
1.91095e+09 0 0 4.46984e+29 4.46984e+29 4.46984e+29 1.83994e+33 3.16655e+33 0 0 4.64348e+42 113.142 0 0
2.20673e+09 0 0 1.84837e+29 1.84837e+29 1.84837e+29 1.38074e+33 2.32464e+33 0 0 4.64348e+42 118.986 0 0
2.5483e+09 0 0 8.29854e+28 8.29854e+28 8.29854e+28 1.03297e+33 1.70146e+33 0 0 4.64348e+42 125.133 0 0
2.94273e+09 0 0 3.99711e+28 3.99711e+28 3.99711e+28 7.68973e+32 1.24104e+33 0 0 4.64348e+42 131.597 0 0
3.39821e+09 0 0 2.03098e+28 2.03098e+28 2.03098e+28 5.61767e+32 8.89527e+32 0 0 4.64348e+42 138.396 0 0
3.92419e+09 0 0 1.10279e+28 1.10279e+28 1.10279e+28 4.20122e+32 6.53037e+32 0 0 4.64348e+42 145.545 0 0
4.53158e+09 0 0 6.26587e+27 6.26587e+27 6.26587e+27 3.13107e+32 4.77565e+32 0 0 4.64348e+42 153.064 0 0
5.23299e+09 0 0 3.69999e+27 3.69999e+27 3.69999e+27 2.32518e+32 3.47697e+32 0 0 4.64348e+42 160.971 0 0
6.04296e+09 0 0 2.23515e+27 2.23515e+27 2.23515e+27 1.69044e+32 2.48928e+32 0 0 4.64348e+42 169.286 0 0
6.97831e+09 0 0 1.41097e+27 1.41097e+27 1.41097e+27 1.26135e+32 1.82376e+32 0 0 4.64348e+42 178.032 0 0
8.05842e+09 0 0 9.12244e+26 9.12244e+26 9.12244e+26 9.37909e+31 1.33209e+32 0 0 4.64348e+42 187.229 0 0
9.30572e+09 0 0 6.00867e+26 6.00867e+26 6.00867e+26 6.92803e+31 9.69931e+31 0 0 4.64348e+42 196.901 0 0
1.07461e+10 0 0 3.98901e+26 3.98901e+26 3.98901e+26 5.02259e+31 6.95992e+31 0 0 4.64348e+42 220.926 0 0
1.24094e+10 0 0 2.72755e+26 2.72755e+26 2.72755e+26 3.71545e+31 5.11255e+31 0 0 4.64348e+42 264.467 0 0
1.43301e+10 0 0 1.88638e+26 1.88638e+26 1.88638e+26 2.73076e+31 3.74507e+31 0 0 4.64348e+42 316.59 0 0
1.65482e+10 0 0 1.32024e+26 1.32024e+26 1.32024e+26 2.00039e+31 2.73406e+31 0 0 4.64348e+42 378.985 0 0
1.91095e+10 0 0 9.22613e+25 9.22613e+25 9.22613e+25 1.43605e+31 1.96011e+31 0 0 4.64348e+42 453.677 0 0
2.20673e+10 0 0 6.63196e+25 6.63196e+25 6.63196e+25 1.05574e+31 1.43954e+31 0 0 4.64348e+42 543.09 34.7254 0
2.5483e+10 0 0 4.80839e+25 4.80839e+25 4.80839e+25 7.73288e+30 1.0533e+31 0 0 4.64348e+42 650.125 22.9578 0
2.94273e+10 0 0 3.51481e+25 3.51481e+25 3.51481e+25 5.64519e+30 7.67673e+30 0 0 4.64348e+42 778.255 15.5417 0
3.39821e+10 0 0 2.55276e+25 2.55276e+25 2.55276e+25 4.0372e+30 5.48379e+30 0 0 4.64348e+42 931.638 10.7604 0
3.92419e+10 0 0 1.91337e+25 1.91337e+25 1.91337e+25 2.9697e+30 4.02326e+30 0 0 4.64348e+42 1115.25 7.61059 0
4.53158e+10 0 0 1.44439e+25 1.44439e+25 1.44439e+25 2.17888e+30 2.94329e+30 0 0 4.64348e+42 1335.05 5.49245 0
5.23299e+10 0 0 1.09804e+25 1.09804e+25 1.09804e+25 1.59555e+30 2.14627e+30 0 0 4.64348e+42 1598.17 4.04008 0
6.04296e+10 0 0 8.28067e+24 8.28067e+24 8.28067e+24 1.14722e+30 1.53342e+30 0 0 4.64348e+42 1913.14 3.02568 0
6.97831e+10 0 0 6.44201e+24 6.44201e+24 6.44201e+24 8.47856e+29 1.12668e+30 0 0 4.64348e+42 2290.19 2.3047 0
8.05842e+10 0 0 5.03264e+24 5.03264e+24 5.03264e+24 6.24691e+29 8.25551e+29 0 0 4.64348e+42 2741.56 1.78376 0
9.30572e+10 0 0 3.94491e+24 3.94491e+24 3.94491e+24 4.58826e+29 6.02881e+29 0 0 4.64348e+42 3281.87 1.40144 0
1.07461e+11 0 0 3.04952e+24 3.04952e+24 3.04952e+24 3.29995e+29 4.30796e+29 0 0 4.64348e+42 3928.68 1.11671 0
1.24094e+11 0 0 2.42547e+24 2.42547e+24 2.42547e+24 2.43519e+29 3.16562e+29 0 0 4.64348e+42 4702.97 0.901709 0
1.43301e+11 0 0 1.9305e+24 1.9305e+24 1.9305e+24 1.78992e+29 2.31844e+29 0 0 4.64348e+42 5629.85 0.737233 0
1.65482e+11 0 0 1.53606e+24 1.53606e+24 1.53606e+24 1.30976e+29 1.69128e+29 0 0 4.64348e+42 6739.41 0.609868 0
1.91095e+11 0 0 1.20106e+24 1.20106e+24 1.20106e+24 9.37629e+28 1.20569e+29 0 0 4.64348e+42 8067.65 0.510106 0
2.20673e+11 0 0 9.6601e+23 9.6601e+23 9.6601e+23 6.89309e+28 8.84164e+28 0 0 4.64348e+42 9657.66 0.431129 0
2.5483e+11 0 0 7.76226e+23 7.76226e+23 7.76226e+23 5.04806e+28 6.46007e+28 0 0 4.64348e+42 11561 0.367983 0
2.94273e+11 0 0 6.22855e+23 6.22855e+23 6.22855e+23 3.6822e+28 4.7e+28 0 0 4.64348e+42 13839.6 0.317029 0
3.39821e+11 0 0 4.9042e+23 4.9042e+23 4.9042e+23 2.62804e+28 3.33856e+28 0 0 4.64348e+42 0 0.275565 0
3.92419e+11 0 0 3.97236e+23 3.97236e+23 3.97236e+23 1.92767e+28 2.44071e+28 0 0 4.64348e+42 0 0.241562 0
4.53158e+11 0 0 3.21105e+23 3.21105e+23 3.21105e+23 1.40844e+28 1.77721e+28 0 0 4.64348e+42 0 0.213483 0
5.23299e+11 0 0 2.58923e+23 2.58923e+23 2.58923e+23 1.02482e+28 1.28811e+28 0 0 4.64348e+42 0 0.190154 0
6.04296e+11 0 0 2.04469e+23 2.04469e+23 2.04469e+23 7.28883e+27 9.10474e+27 0 0 4.64348e+42 0 0.170669 0
6.97831e+11 0 0 1.66117e+23 1.66117e+23 1.66117e+23 5.33044e+27 6.62715e+27 0 0 4.64348e+42 0 0.154323 0
8.05842e+11 0 0 1.34553e+23 1.34553e+23 1.34553e+23 3.88193e+27 4.80241e+27 0 0 4.64348e+42 0 0.140565 0
9.30572e+11 0 0 1.08613e+23 1.08613e+23 1.08613e+23 2.81445e+27 3.46235e+27 0 0 4.64348e+42 0 0.12896 0
1.07461e+12 0 0 8.56945e+22 8.56945e+22 8.56945e+22 1.99209e+27 2.43049e+27 0 0 4.64348e+42 0 0.119166 0
1.24094e+12 0 0 6.95722e+22 6.95722e+22 6.95722e+22 1.4507e+27 1.75837e+27 0 0 4.64348e+42 0 0.110908 0
1.43301e+12 0 0 5.62548e+22 5.62548e+22 5.62548e+22 1.0516e+27 1.26574e+27 0 0 4.64348e+42 0 0.103969 0
1.65482e+12 0 0 4.52784e+22 4.52784e+22 4.52784e+22 7.58537e+26 9.05857e+26 0 0 4.64348e+42 0 0.098177 0
1.91095e+12 0 0 3.55365e+22 3.55365e+22 3.55365e+22 5.33322e+26 6.29867e+26 0 0 4.64348e+42 0 0.0933933 0
2.20673e+12 0 0 2.87016e+22 2.87016e+22 2.87016e+22 3.86086e+26 4.51876e+26 0 0 4.64348e+42 0 0.0895108 0
2.5483e+12 0 0 2.30529e+22 2.30529e+22 2.30529e+22 2.78056e+26 3.22305e+26 0 0 4.64348e+42 0 0.0864461 0
2.94273e+12 0 0 1.84002e+22 1.84002e+22 1.84002e+22 1.99145e+26 2.28355e+26 0 0 4.64348e+42 0 0.0841374 0
3.39821e+12 0 0 1.42708e+22 1.42708e+22 1.42708e+22 1.3872e+26 1.56709e+26 0 0 4.64348e+42 0 0.082541 0
3.92419e+12 0 0 1.1387e+22 1.1387e+22 1.1387e+22 9.96021e+25 1.11147e+26 0 0 4.64348e+42 0 0.08163 0
4.53158e+12 0 0 9.01301e+21 9.01301e+21 9.01301e+21 7.10906e+25 7.8293e+25 0 0 4.64348e+42 0 0.0813928 0
5.23299e+12 0 0 7.06887e+21 7.06887e+21 7.06887e+21 5.04165e+25 5.47174e+25 0 0 4.64348e+42 0 0.0818329 0
6.04296e+12 0 0 5.35785e+21 5.35785e+21 5.35785e+21 3.46694e+25 3.68803e+25 0 0 4.64348e+42 0 0.0829683 0
6.97831e+12 0 0 4.17359e+21 4.17359e+21 4.17359e+21 2.46135e+25 2.57555e+25 0 0 4.64348e+42 0 0.0848322 0
8.05842e+12 0 0 3.21156e+21 3.21156e+21 3.21156e+21 1.73524e+25 1.78391e+25 0 0 4.64348e+42 0 0.0874729 0
9.30572e+12 0 0 2.43741e+21 2.43741e+21 2.43741e+21 1.2141e+25 1.22395e+25 0 0 4.64348e+42 0 0.0909553 0
1.07461e+13 0 0 1.77329e+21 1.77329e+21 1.77329e+21 8.20158e+24 8.0489e+24 0 0 4.64348e+42 0 0.0953611 0
1.24094e+13 0 0 1.32385e+21 1.32385e+21 1.32385e+21 5.73364e+24 5.5051e+24 0 0 4.64348e+42 0 0.10079 0
1.43301e+13 0 0 9.70981e+20 9.70981e+20 9.70981e+20 3.97469e+24 3.72763e+24 0 0 4.64348e+42 0 0.10736 0
1.65482e+13 0 0 6.98545e+20 6.98545e+20 6.98545e+20 2.73016e+24 2.49497e+24 0 0 4.64348e+42 0 0.115206 0
1.91095e+13 0 0 4.77122e+20 4.77122e+20 4.77122e+20 1.79958e+24 1.58633e+24 0 0 4.64348e+42 0 0.12448 0
2.20673e+13 0 0 3.34639e+20 3.34639e+20 3.34639e+20 1.23191e+24 1.05507e+24 0 0 4.64348e+42 0 0.135345 0
2.5483e+13 0 0 2.29679e+20 2.29679e+20 2.29679e+20 8.34608e+23 6.93053e+23 0 0 4.64348e+42 0 0.147968 0
2.94273e+13 0 0 1.54154e+20 1.54154e+20 1.54154e+20 5.59082e+23 4.48742e+23 0 0 4.64348e+42 0 0.162507 0
3.39821e+13 9.03042e-269 9.03048e-269 9.73688e+19 9.73688e+19 9.73688e+19 3.56166e+23 2.72372e+23 0 0 4.64348e+42 0 0.179093 0
3.92419e+13 1.95593e-235 1.95594e-235 6.35905e+19 6.35905e+19 6.35905e+19 2.36933e+23 1.74496e+23 0 0 4.64348e+42 0 0.197804 0
4.53158e+13 5.51831e-206 5.51837e-206 4.06322e+19 4.06322e+19 4.06322e+19 1.55572e+23 1.10059e+23 0 0 4.64348e+42 0 0.218621 0
5.23299e+13 5.54713e-180 5.54721e-180 2.53991e+19 2.53991e+19 2.53991e+19 1.00707e+23 6.81698e+22 0 0 4.64348e+42 0 0.241387 0
6.04296e+13 4.6398e-157 4.63989e-157 1.47991e+19 1.47991e+19 1.47991e+19 6.1164e+22 3.87948e+22 0 0 4.64348e+42 0 0.265741 0
6.97831e+13 8.0605e-137 8.06067e-137 9.03129e+18 9.03129e+18 9.03129e+18 3.91227e+22 2.36367e+22 0 0 4.64348e+42 0 0.291055 0
8.05842e+13 5.5307e-119 5.53084e-119 5.39617e+18 5.39617e+18 5.39617e+18 2.46082e+22 1.41199e+22 0 0 4.64348e+42 0 0.316368 0
9.30572e+13 2.81679e-103 2.81688e-103 3.15534e+18 3.15534e+18 3.15534e+18 1.51991e+22 8.24255e+21 0 0 4.64348e+42 0 0.340344 0
1.07461e+14 1.74752e-89 1.74759e-89 1.69093e+18 1.69093e+18 1.69093e+18 8.62418e+21 4.28485e+21 0 0 4.64348e+42 0 0 0
1.24094e+14 2.52782e-77 2.52796e-77 9.65871e+17 9.65871e+17 9.65871e+17 5.22511e+21 2.44061e+21 0 0 4.64348e+42 0 0 0
1.43301e+14 1.21628e-66 1.2164e-66 5.39153e+17 5.39153e+17 5.39153e+17 3.09671e+21 1.35586e+21 0 0 4.64348e+42 0 0 0
1.65482e+14 2.87828e-57 2.87888e-57 2.93777e+17 2.93777e+17 2.93777e+17 1.79223e+21 7.31381e+20 0 0 4.64348e+42 0 0 0
1.91095e+14 4.31599e-49 4.31785e-49 1.4219e+17 1.4219e+17 1.4219e+17 9.21226e+20 3.34208e+20 0 0 4.64348e+42 0 0 0
2.20673e+14 6.86614e-42 6.87193e-42 7.52136e+16 7.52136e+16 7.52136e+16 5.17297e+20 1.73891e+20 0 0 4.64348e+42 0 0 0
2.5483e+14 1.35328e-35 1.35535e-35 3.86506e+16 3.86506e+16 3.86506e+16 2.81959e+20 8.76769e+19 0 0 4.64348e+42 0 0 0
2.94273e+14 4.20276e-30 4.21355e-30 1.92736e+16 1.92736e+16 1.92736e+16 1.48969e+20 4.25856e+19 0 0 4.64348e+42 0 0 0
3.39821e+14 2.20622e-25 2.21505e-25 8.07914e+15 8.07914e+15 8.07914e+15 6.60668e+19 1.61335e+19 0 0 4.64348e+42 0 0 0
3.92419e+14 3.20091e-21 3.21963e-21 3.85266e+15 3.85266e+15 3.85266e+15 3.32902e+19 7.42708e+18 0 0 4.64348e+42 0 0 0
4.53158e+14 1.28137e-17 1.2917e-17 1.7651e+15 1.7651e+15 1.7651e+15 1.60894e+19 3.28817e+18 0 0 4.64348e+42 0 0 0
5.23299e+14 1.64153e-14 1.65887e-14 7.77252e+14 7.77252e+14 7.77252e+14 7.45956e+18 1.38945e+18 0 0 4.64348e+42 0 0 0
6.04296e+14 6.10043e-12 6.18123e-12 2.61663e+14 2.61663e+14 2.61663e+14 2.64007e+18 3.97119e+17 0 0 4.64348e+42 0 0 0
6.97831e+14 1.17611e-09 1.1949e-09 1.07302e+14 1.07302e+14 1.07302e+14 1.13601e+18 1.54228e+17 0 0 4.64348e+42 0 0 0
8.05842e+14 1.00656e-07 1.02532e-07 4.14213e+13 4.14213e+13 4.14213e+13 4.59286e+17 5.7143e+16 0 0 4.64348e+42 0 0 0
9.30572e+14 4.19584e-06 4.28436e-06 1.50937e+13 1.50937e+13 1.50937e+13 1.74949e+17 2.00846e+16 0 0 4.64348e+42 0 0 0
1.07461e+15 6.42382e-05 6.57331e-05 3.6164e+12 3.6164e+12 3.6164e+12 4.37109e+16 3.66904e+15 0 0 4.64348e+42 0 0 0
1.24094e+15 0.000802048 0.000822168 1.17953e+12 1.17953e+12 1.17953e+12 1.48511e+16 1.10803e+15 0 0 4.64348e+42 0 0 0
1.43301e+15 0.0057761 0.00592916 3.48265e+11 3.48265e+11 3.48265e+11 4.55734e+15 3.15539e+14 0 0 4.64348e+42 0 0 0
1.65482e+15 0.0251677 0.0258596 9.24759e+10 9.24759e+10 9.24759e+10 1.25538e+15 8.62015e+13 0 0 4.64348e+42 0 0 0
1.91095e+15 0.041278 0.0424367 1.3097e+10 1.3097e+10 1.3097e+10 1.84092e+14 7.78163e+12 0 0 4.64348e+42 0 0 0
2.20673e+15 0.0799634 0.0822234 2.97631e+09 2.97631e+09 2.97631e+09 4.32333e+13 1.57731e+12 0 0 4.64348e+42 0 0 0
2.5483e+15 0.0999369 0.102745 5.71215e+08 5.71215e+08 5.71215e+08 8.56254e+12 2.885e+11 0 0 4.64348e+42 0 0 0
2.94273e+15 0.0784766 0.0806444 8.72729e+07 8.72729e+07 8.72729e+07 1.34736e+12 5.16964e+10 0 0 4.64348e+42 0 0 0
3.39821e+15 0.0199575 0.0204941 5.3164e+06 5.3164e+06 5.3164e+06 8.44146e+10 1.75918e+09 0 0 4.64348e+42 0 0 0
3.92419e+15 0.00853586 0.00875728 653833 653833 653833 1.06589e+10 1.85273e+08 0 0 4.64348e+42 0 0 0
4.53158e+15 0.00234122 0.00239935 60541.7 60541.7 60541.7 1.01174e+09 1.53769e+07 0 0 4.64348e+42 0 0 0
5.23299e+15 0.000377292 0.000386193 3792.12 3792.12 3792.12 6.48627e+07 1.18477e+06 0 0 4.64348e+42 0 0 0
6.04296e+15 1.22133e-05 1.24854e-05 53.9968 53.9968 53.9968 943881 10475.6 0 0 4.64348e+42 0 0 0
6.97831e+15 1.06785e-06 1.09019e-06 2.31502 2.31502 2.31502 41293.1 371.399 0 0 4.64348e+42 0 0 0
8.05842e+15 4.95599e-08 5.05282e-08 0.0579557 0.0579557 0.0579557 1053.23 8.05267 0 0 4.64348e+42 0 0 0
9.30572e+15 1.16363e-09 1.18477e-09 0.00079809 0.00079809 0.00079809 14.7539 0.113837 0 0 4.64348e+42 0 0 0
1.07461e+16 2.6101e-12 2.65401e-12 1.12995e-06 1.12995e-06 1.12995e-06 0.0212166 0.000137781 0 0 4.64348e+42 0 0 0
1.24094e+16 2.16393e-14 2.1975e-14 6.30664e-09 6.30664e-09 6.30664e-09 0.000120094 7.20169e-07 0 0 4.64348e+42 0 0 0
1.43301e+16 5.73958e-17 5.82146e-17 1.19162e-11 1.19162e-11 1.19162e-11 2.29804e-07 1.33889e-09 0 0 4.64348e+42 0 0 0
1.65482e+16 4.89801e-20 4.96206e-20 7.61229e-15 7.61229e-15 7.61229e-15 1.48488e-10 8.60063e-13 0 0 4.64348e+42 0 0 0
1.91095e+16 2.16296e-24 2.1888e-24 2.62824e-19 2.62824e-19 2.62824e-19 5.18059e-15 2.97977e-17 0 0 4.64348e+42 0 0 0
2.20673e+16 2.2385e-28 2.26289e-28 2.2093e-23 2.2093e-23 2.2093e-23 4.39781e-19 2.52536e-21 0 0 4.64348e+42 0 0 0
2.5483e+16 3.71244e-33 3.74923e-33 3.0772e-28 3.0772e-28 3.0772e-28 6.18476e-24 3.55083e-26 0 0 4.64348e+42 0 0 0
2.94273e+16 9.28174e-39 9.36523e-39 6.65349e-34 6.65349e-34 6.65349e-34 1.35061e-29 7.75311e-32 0 0 4.64348e+42 0 0 0
3.39821e+16 5.01649e-46 5.05737e-46 3.1908e-41 3.1908e-41 3.1908e-41 6.54688e-37 3.75817e-39 0 0 4.64348e+42 0 0 0
3.92419e+16 2.32727e-53 2.34442e-53 1.34338e-48 1.34338e-48 1.34338e-48 2.78956e-44 1.60133e-46 0 0 4.64348e+42 0 0 0
4.53158e+16 5.39481e-62 5.4307e-62 2.88237e-57 2.88237e-57 2.88237e-57 6.06739e-53 3.48318e-55 0 0 4.64348e+42 0 0 0
5.23299e+16 4.89707e-72 4.92643e-72 2.46396e-67 2.46396e-67 2.46396e-67 5.26793e-63 3.02403e-65 0 0 4.64348e+42 0 0 0
6.04296e+16 2.02155e-84 2.03246e-84 9.72477e-80 9.72477e-80 9.72477e-80 2.11611e-75 1.21474e-77 0 0 4.64348e+42 0 0 0
6.97831e+16 1.18047e-97 1.1862e-97 5.50181e-93 5.50181e-93 5.50181e-93 1.22099e-88 7.00939e-91 0 0 4.64348e+42 0 0 0
8.05842e+16 4.28807e-113 4.30675e-113 1.95888e-108 1.95888e-108 1.95888e-108 4.44205e-104 2.54994e-106 0 0 4.64348e+42 0 0 0
9.30572e+16 0 0 0 0 0 0 0 0 0 4.64348e+42 0 0 0