1.07461e-07 0 0 0 2.82978e+48 8.41203e+58 0 0 1.25561e+41 0 4.64348e+42 0 0 0
1.24094e-07 0 0 0 3.25556e+48 7.61425e+58 0 0 1.44995e+41 0 4.64348e+42 0 0 0
1.43301e-07 0 0 0 3.74382e+48 6.88922e+58 0 0 1.67438e+41 0 4.64348e+42 0 0 0
1.65482e-07 0 0 0 4.30327e+48 6.23028e+58 0 0 1.93354e+41 0 4.64348e+42 0 0 0
1.91095e-07 0 0 0 4.94371e+48 5.63141e+58 0 0 2.23282e+41 0 4.64348e+42 0 0 0
2.20673e-07 0 0 0 5.67612e+48 5.08711e+58 0 0 2.57842e+41 0 4.64348e+42 0 0 0
2.5483e-07 0 0 0 6.51275e+48 4.59241e+58 0 0 2.97751e+41 0 4.64348e+42 0 0 0
2.94273e-07 0 0 2.60741e-268 7.4672e+48 4.14277e+58 0 0 3.43837e+41 0 4.64348e+42 0 0 0
3.39821e-07 0 0 7.79413e-226 8.55451e+48 3.7341e+58 0 0 3.97057e+41 0 4.64348e+42 0 0 0
3.92419e-07 0 0 4.80398e-189 9.79118e+48 3.36267e+58 0 0 4.58515e+41 0 4.64348e+42 0 0 0
4.53158e-07 0 0 3.5294e-157 1.11952e+49 3.02509e+58 0 0 5.29484e+41 0 4.64348e+42 0 0 0
5.23299e-07 0 0 1.41224e-129 1.27859e+49 2.7183e+58 0 0 6.11439e+41 0 4.64348e+42 0 0 0
6.04296e-07 0 0 1.14715e-105 1.4584e+49 2.43951e+58 0 0 7.06079e+41 0 4.64348e+42 0 0 0
6.97831e-07 0 0 5.91038e-85 1.66113e+49 2.18621e+58 0 0 8.15367e+41 0 4.64348e+42 0 0 0
8.05842e-07 0 0 5.18029e-67 1.88905e+49 1.95611e+58 0 0 9.41571e+41 0 4.64348e+42 0 0 0
9.30572e-07 0 0 1.81486e-51 2.14445e+49 1.74713e+58 0 0 1.08731e+42 0 4.64348e+42 0 0 0
1.07461e-06 0 0 5.32529e-38 2.42961e+49 1.5574e+58 0 0 1.25561e+42 0 4.64348e+42 0 0 0
1.24094e-06 0 0 2.48335e-26 2.74667e+49 1.38522e+58 0 0 1.44995e+42 0 4.64348e+42 0 0 0
1.43301e-06 0 0 3.20478e-16 3.09759e+49 1.22907e+58 0 0 1.67438e+42 0 4.64348e+42 0 0 0
1.65482e-06 0 0 1.85007e-07 3.48398e+49 1.08756e+58 0 0 1.93354e+42 0 4.64348e+42 0 0 0
1.91095e-06 0 0 7.24086 3.90693e+49 9.59428e+57 0 0 2.23282e+42 0 4.64348e+42 0 0 0
2.20673e-06 0 0 2.75395e+07 4.36684e+49 8.43559e+57 0 0 2.57842e+42 0 4.64348e+42 0 0 0
2.5483e-06 0 0 1.3901e+13 4.86324e+49 7.38936e+57 0 0 2.97751e+42 0 4.64348e+42 0 0 0
2.94273e-06 0 0 1.21971e+18 5.3945e+49 6.44642e+57 0 0 3.43837e+42 0 4.64348e+42 0 0 0
3.39821e-06 0 0 2.34981e+22 5.95766e+49 5.59853e+57 0 0 3.97057e+42 0 4.64348e+42 0 0 0
3.92419e-06 0 0 1.21675e+26 6.54825e+49 4.83827e+57 0 0 4.58515e+42 0 4.64348e+42 0 0 0
4.53158e-06 0 0 2.01739e+29 7.16016e+49 4.15892e+57 0 0 5.29484e+42 0 4.64348e+42 0 0 0
5.23299e-06 0 0 1.24629e+32 7.78575e+49 3.5544e+57 0 0 6.11439e+42 0 4.64348e+42 0 0 0
6.04296e-06 0 0 3.27101e+34 8.41604e+49 3.01913e+57 0 0 7.06079e+42 0 4.64348e+42 0 0 0
6.97831e-06 0 0 4.08651e+36 9.0413e+49 2.548e+57 0 0 8.15367e+42 0 4.64348e+42 0 0 0
8.05842e-06 0 0 2.6818e+38 9.65196e+49 2.13622e+57 0 0 9.41571e+42 0 4.64348e+42 0 0 0
9.30572e-06 0 0 1.00704e+40 1.02399e+50 1.77923e+57 0 0 1.08731e+43 0 4.64348e+42 0 0 0
1.07461e-05 0 0 2.33081e+41 1.08001e+50 1.47266e+57 0 0 1.25561e+43 0 4.64348e+42 0 0 0
1.24094e-05 0 0 3.54784e+42 1.13329e+50 1.21217e+57 0 0 1.44995e+43 0 4.64348e+42 0 0 0
1.43301e-05 0 0 3.75883e+43 1.18461e+50 9.93443e+56 0 0 1.67438e+43 0 4.64348e+42 0 0 0
1.65482e-05 0 0 2.91352e+44 1.23568e+50 8.12109e+56 0 0 1.93354e+43 0 4.64348e+42 0 0 0
1.91095e-05 0 0 1.72642e+45 1.28929e+50 6.63743e+56 0 0 2.23282e+43 0 4.64348e+42 0 0 0
2.20673e-05 0 0 8.12975e+45 1.34927e+50 5.43887e+56 0 0 2.57842e+43 0 4.64348e+42 0 0 0
2.5483e-05 0 0 3.14766e+46 1.42028e+50 4.48126e+56 0 0 2.97751e+43 0 4.64348e+42 0 0 0
2.94273e-05 0 0 1.03197e+47 1.50743e+50 3.72191e+56 0 0 3.43837e+43 0 4.64348e+42 0 0 0
3.39821e-05 0 0 2.93723e+47 1.61563e+50 3.12099e+56 0 0 3.97057e+43 0 4.64348e+42 0 0 0
3.92419e-05 0 0 7.40786e+47 1.74898e+50 2.64292e+56 0 0 4.58515e+43 0 4.64348e+42 0 0 0
4.53158e-05 0 0 1.68296e+48 1.91023e+50 2.25754e+56 0 0 5.29484e+43 0 4.64348e+42 0 0 0
5.23299e-05 0 0 3.48967e+48 2.10064e+50 1.94079e+56 0 0 6.11439e+43 0 4.64348e+42 0 0 0
6.04296e-05 0 0 6.67557e+48 2.32023e+50 1.67471e+56 0 0 7.06078e+43 0 4.64348e+42 0 0 0
6.97831e-05 0 0 1.189e+49 2.56845e+50 1.44678e+56 0 0 8.15366e+43 0 4.64348e+42 0 0 0
8.05842e-05 0 0 1.98823e+49 2.84503e+50 1.24881e+56 0 0 9.4157e+43 0 4.64348e+42 0 0 0
9.30572e-05 0 0 3.14547e+49 3.15072e+50 1.07562e+56 0 0 1.08731e+44 0 4.64348e+42 0 0 0
0.000107461 0 0 4.74193e+49 3.48776e+50 9.23853e+55 0 0 1.2556e+44 0 4.64348e+42 0 0 0
0.000124094 0 0 6.85733e+49 3.86005e+50 7.9115e+55 0 0 1.44995e+44 0 4.64348e+42 0 0 0
0.000143301 0 0 9.56965e+49 4.27315e+50 6.75584e+55 0 0 1.67437e+44 0 4.64348e+42 0 0 0
0.000165482 0 0 1.29571e+50 4.7343e+50 5.75421e+55 0 0 1.93354e+44 0 4.64348e+42 0 0 0
0.000191095 0 0 1.71014e+50 5.25234e+50 4.89022e+55 0 0 2.23281e+44 0 4.64348e+42 0 0 0
0.000220673 0 0 2.20923e+50 5.83771e+50 4.14814e+55 0 0 2.57841e+44 0 4.64348e+42 0 0 0
0.00025483 0 0 2.80308e+50 6.5024e+50 3.51304e+55 0 0 2.9775e+44 0 4.64348e+42 0 0 0
0.000294273 0 0 3.50334e+50 7.26004e+50 2.97097e+55 0 0 3.43836e+44 0 4.64348e+42 0 0 0
0.000339821 0 0 4.32356e+50 8.1261e+50 2.50914e+55 0 0 3.97056e+44 0 4.64348e+42 0 0 0
0.000392419 0 0 5.2798e+50 9.11858e+50 2.11612e+55 0 0 4.58513e+44 0 4.64348e+42 0 0 0
0.000453158 0 0 6.3915e+50 1.0259e+51 1.78193e+55 0 0 5.29482e+44 0 4.64348e+42 0 0 0
0.000523299 0 0 7.68264e+50 1.15736e+51 1.49798e+55 0 0 6.11436e+44 0 4.64348e+42 0 0 0
0.000604296 0 0 9.18304e+50 1.30946e+51 1.25698e+55 0 0 7.06074e+44 0 4.64348e+42 0 0 0
0.000697831 0 0 1.09295e+51 1.4861e+51 1.0527e+55 0 0 8.15361e+44 0 4.64348e+42 0 0 0
0.000805842 0 0 1.29667e+51 1.69196e+51 8.79846e+54 0 0 9.41563e+44 0 4.64348e+42 0 0 0
0.000930572 0 0 1.53484e+51 1.93258e+51 7.33864e+54 0 0 1.0873e+45 0 4.64348e+42 0 0 0
0.00107461 0 0 1.81393e+51 2.21453e+51 6.10812e+54 0 0 1.25559e+45 0 4.64348e+42 0 0 0
0.00124094 0 0 2.14176e+51 2.54574e+51 5.07295e+54 0 0 1.44993e+45 0 4.64348e+42 0 0 0
0.00143301 0 0 2.52784e+51 2.93586e+51 4.20389e+54 0 0 1.67435e+45 0 4.64348e+42 0 0 0
0.00165482 0 0 2.98379e+51 3.39659e+51 3.47582e+54 0 0 1.93351e+45 0 4.64348e+42 0 0 0
0.00191095 0 0 3.52367e+51 3.9421e+51 2.86724e+54 0 0 2.23277e+45 0 4.64348e+42 0 0 0
0.00220673 0 0 4.16458e+51 4.58956e+51 2.3597e+54 0 0 2.57836e+45 0 4.64348e+42 0 0 0
0.0025483 0 0 4.92723e+51 5.35978e+51 1.93742e+54 0 0 2.97743e+45 0 4.64348e+42 0 0 0
0.00294273 0 0 5.83688e+51 6.27807e+51 1.58694e+54 0 0 3.43827e+45 0 4.64348e+42 0 0 0
0.00339821 0 0 6.9243e+51 7.3753e+51 1.29678e+54 0 0 3.97043e+45 0 4.64348e+42 0 0 0
0.00392419 0 0 8.22702e+51 8.68908e+51 1.05715e+54 0 0 4.58496e+45 0 4.64348e+42 0 0 0
0.00453158 0 0 9.7909e+51 1.02653e+52 8.59759e+53 0 0 5.2946e+45 0 4.64348e+42 0 0 0
0.00523299 0 0 1.1672e+52 1.21602e+52 6.97586e+53 0 0 6.11406e+45 0 4.64348e+42 0 0 0
0.00604296 0 0 1.39388e+52 1.44423e+52 5.6469e+53 0 0 7.06035e+45 0 4.64348e+42 0 0 0
0.00697831 0 0 1.66755e+52 1.71958e+52 4.56066e+53 0 0 8.15309e+45 0 4.64348e+42 0 0 0
0.00805842 0 0 1.99851e+52 2.0524e+52 3.6751e+53 0 0 9.41494e+45 0 4.64348e+42 0 0 0
0.00930572 0 0 2.39939e+52 2.45532e+52 2.955e+53 0 0 1.08721e+46 0 4.64348e+42 0 0 0
0.0107461 0 0 2.88486e+52 2.943e+52 2.3709e+53 0 0 1.25547e+46 0 4.64348e+42 0 0 0
0.0124094 0 0 3.46049e+52 3.5208e+52 1.8983e+53 0 0 1.44977e+46 0 4.64348e+42 0 0 0
0.0143301 0 0 4.07661e+52 4.13806e+52 1.51684e+53 0 0 1.67413e+46 0 4.64348e+42 0 0 0
0.0165482 0 0 4.5902e+52 4.65007e+52 1.20968e+53 0 0 1.93321e+46 0 4.64348e+42 0 0 0
0.0191095 0 0 4.83794e+52 4.89254e+52 9.62901e+52 0 0 2.23238e+46 0 4.64348e+42 0 0 0
0.0220673 0 0 4.75437e+52 4.80079e+52 7.65087e+52 0 0 2.57783e+46 0 4.64348e+42 0 0 0
0.025483 0 0 4.39431e+52 4.43144e+52 6.06861e+52 0 0 2.97673e+46 0 4.64348e+42 0 0 0
0.0294273 0 0 3.87044e+52 3.89875e+52 4.80562e+52 0 0 3.43734e+46 0 4.64348e+42 0 0 0
0.0339821 0 0 3.28988e+52 3.31071e+52 3.79949e+52 0 0 3.96919e+46 0 4.64348e+42 0 0 0
0.0392419 0 0 2.72641e+52 2.74135e+52 2.99951e+52 0 0 4.58331e+46 0 4.64348e+42 0 0 0
0.0453158 0 0 2.21974e+52 2.23027e+52 2.36459e+52 0 0 5.29239e+46 0 4.64348e+42 0 0 0
0.0523299 0 0 1.78511e+52 1.79244e+52 1.86156e+52 0 0 6.11112e+46 0 4.64348e+42 0 0 0
0.0604296 0 0 1.42335e+52 1.42841e+52 1.46367e+52 0 0 7.05642e+46 0 4.64348e+42 0 0 0
0.0697831 0 0 1.1281e+52 1.13157e+52 1.14944e+52 0 0 8.14785e+46 0 4.64348e+42 0 0 0
0.0805842 0 0 8.90264e+51 8.92636e+51 9.01645e+51 0 0 9.40795e+46 0 4.64348e+42 0 0 0
0.0930572 0 0 7.00379e+51 7.01995e+51 7.06516e+51 0 0 1.08627e+47 0 4.64348e+42 0 0 0
0.107461 0 0 5.49702e+51 5.508e+51 5.53061e+51 0 0 1.25423e+47 0 4.64348e+42 0 0 0
0.124094 0 0 4.30658e+51 4.31403e+51 4.32529e+51 0 0 1.44811e+47 0 4.64348e+42 0 0 0
0.143301 0 0 3.36903e+51 3.37407e+51 3.37967e+51 0 0 1.67192e+47 0 4.64348e+42 0 0 0
0.165482 0 0 2.63242e+51 2.63583e+51 2.63861e+51 0 0 1.93027e+47 0 4.64348e+42 0 0 0
0.191095 0 0 2.05476e+51 2.05707e+51 2.05844e+51 0 0 2.22845e+47 0 4.64348e+42 0 0 0
0.220673 0 0 1.60243e+51 1.60399e+51 1.60466e+51 0 0 2.5726e+47 0 4.64348e+42 0 0 0
0.25483 0 0 1.24868e+51 1.24973e+51 1.25007e+51 0 0 2.96975e+47 0 4.64348e+42 0 0 0
0.294273 0 0 9.72321e+50 9.73029e+50 9.73193e+50 0 0 3.42803e+47 0 4.64348e+42 0 0 0
0.339821 0 0 7.5662e+50 7.57097e+50 7.57178e+50 0 0 3.95678e+47 0 4.64348e+42 0 0 0
0.392419 0 0 5.88401e+50 5.88723e+50 5.88763e+50 0 0 4.56676e+47 0 4.64348e+42 0 0 0
0.453158 0 0 4.57311e+50 4.57528e+50 4.57547e+50 0 0 5.27033e+47 0 4.64348e+42 0 0 0
0.523299 0 0 3.55224e+50 3.55369e+50 3.55379e+50 0 0 6.08171e+47 0 4.64348e+42 0 0 0
0.604296 3.28614e-202 3.28614e-202 2.75772e+50 2.7587e+50 2.75874e+50 0 0 7.01722e+47 1.82051e-203 4.64348e+42 0 0 0
0.697831 1.28399e-135 1.28399e-135 2.13974e+50 2.1404e+50 2.14042e+50 0 0 8.09559e+47 7.93867e-137 4.64348e+42 0 0 0
0.805842 1.41476e-86 1.41476e-86 1.65934e+50 1.65978e+50 1.65979e+50 0 0 9.33829e+47 9.76743e-88 4.64348e+42 0 0 0
0.930572 1.74888e-50 1.74888e-50 1.28609e+50 1.28639e+50 1.2864e+50 0 0 1.07699e+48 1.34899e-51 4.64348e+42 0 0 0
1.07461 6.04696e-24 6.04696e-24 9.96262e+49 9.9646e+49 9.96466e+49 0 0 1.24185e+48 5.21396e-25 4.64348e+42 0 0 0
1.24094 0.000188367 0.000188367 7.71317e+49 7.7145e+49 7.71452e+49 0 0 1.43162e+48 1.81659e-05 4.64348e+42 0 0 0
1.43301 3.75519e+10 3.75519e+10 5.96825e+49 5.96914e+49 5.96915e+49 0 0 1.64995e+48 4.05276e+09 4.64348e+42 0 0 0
1.65482 1.11416e+21 1.11416e+21 4.61543e+49 4.61602e+49 4.61603e+49 0 0 1.90099e+48 1.34641e+20 4.64348e+42 0 0 0
1.91095 5.0156e+28 5.0156e+28 3.56718e+49 3.56758e+49 3.56758e+49 0 0 2.18944e+48 6.79065e+27 4.64348e+42 0 0 0
2.20673 1.8995e+34 1.8995e+34 2.75539e+49 2.75565e+49 2.75566e+49 0 0 2.52064e+48 2.88295e+33 4.64348e+42 0 0 0
2.5483 2.14039e+38 2.14039e+38 2.12708e+49 2.12726e+49 2.12726e+49 0 0 2.90055e+48 3.64378e+37 4.64348e+42 0 0 0
2.94273 1.82105e+41 1.82105e+41 1.64109e+49 1.64121e+49 1.64121e+49 0 0 3.33589e+48 3.47928e+40 4.64348e+42 0 0 0
3.39821 2.32356e+43 2.32356e+43 1.2654e+49 1.26548e+49 1.26548e+49 0 0 3.83412e+48 4.98513e+42 4.64348e+42 0 0 0
3.92419 7.37066e+44 7.37066e+44 9.7517e+48 9.75223e+48 9.75223e+48 0 0 4.40351e+48 1.77672e+44 4.64348e+42 0 0 0
4.53158 8.43286e+45 8.43286e+45 7.51099e+48 7.51134e+48 7.51134e+48 0 0 5.05314e+48 2.2851e+45 4.64348e+42 0 0 0
5.23299 4.57552e+46 4.57552e+46 5.78219e+48 5.78243e+48 5.78243e+48 0 0 5.79285e+48 1.39443e+46 4.64348e+42 0 0 0
6.04296 1.43978e+47 1.43978e+47 4.44922e+48 4.44938e+48 4.44938e+48 0 0 6.63321e+48 4.93711e+46 4.64348e+42 0 0 0
6.97831 3.04597e+47 3.04597e+47 3.4221e+48 3.4222e+48 3.4222e+48 0 0 7.58534e+48 1.17569e+47 4.64348e+42 0 0 0
8.05842 4.82866e+47 4.82866e+47 2.63113e+48 2.6312e+48 2.6312e+48 0 0 8.66069e+48 2.09858e+47 4.64348e+42 0 0 0
9.30572 6.21025e+47 6.21025e+47 2.02238e+48 2.02243e+48 2.02243e+48 0 0 9.87066e+48 3.03985e+47 4.64348e+42 0 0 0
10.7461 6.86789e+47 6.86789e+47 1.55412e+48 1.55415e+48 1.55415e+48 0 0 1.12261e+49 3.78693e+47 4.64348e+42 0 0 0
12.4094 6.81417e+47 6.81417e+47 1.1941e+48 1.19412e+48 1.19412e+48 0 0 1.27363e+49 4.23292e+47 4.64348e+42 0 0 0
14.3301 6.25629e+47 6.25629e+47 9.17418e+47 9.17432e+47 9.17432e+47 0 0 1.44086e+49 4.37831e+47 4.64348e+42 0 0 0
16.5482 5.43629e+47 5.43629e+47 7.04865e+47 7.04874e+47 7.04874e+47 0 0 1.6246e+49 4.2856e+47 4.64348e+42 0 0 0
19.1095 4.54403e+47 4.54403e+47 5.41622e+47 5.41628e+47 5.41628e+47 0 0 1.82463e+49 4.03443e+47 4.64348e+42 0 0 0
22.0673 3.69687e+47 3.69687e+47 4.16278e+47 4.16282e+47 4.16282e+47 0 0 2.03991e+49 3.69544e+47 4.64348e+42 0 0 0
25.483 2.95218e+47 2.95218e+47 3.20049e+47 3.20052e+47 3.20052e+47 0 0 2.26833e+49 3.321e+47 4.64348e+42 0 0 0
29.4273 2.32801e+47 2.32801e+47 2.46181e+47 2.46183e+47 2.46183e+47 0 0 2.50638e+49 2.9454e+47 4.64348e+42 0 0 0
33.9821 1.82062e+47 1.82062e+47 1.8948e+47 1.89481e+47 1.89481e+47 0 0 2.74874e+49 2.58867e+47 4.64348e+42 0 0 0
39.2419 1.41635e+47 1.41635e+47 1.45956e+47 1.45957e+47 1.45957e+47 0 0 2.98793e+49 2.26099e+47 4.64348e+42 0 0 0
45.3158 1.09848e+47 1.09848e+47 1.12548e+47 1.12548e+47 1.12548e+47 0 0 3.21393e+49 1.96629e+47 4.64348e+42 0 0 0
52.3299 8.50693e+46 8.50693e+46 8.69015e+46 8.69019e+46 8.69019e+46 0 0 3.41399e+49 1.70482e+47 4.64348e+42 0 0 0
60.4296 6.58626e+46 6.58626e+46 6.72119e+46 6.72121e+46 6.72121e+46 0 0 3.57272e+49 1.47487e+47 4.64348e+42 0 0 0
69.7831 5.1028e+46 5.1028e+46 5.20922e+46 5.20924e+46 5.20924e+46 0 0 3.67257e+49 1.27376e+47 4.64348e+42 0 0 0
80.5842 3.95941e+46 3.95941e+46 4.04771e+46 4.04772e+46 4.04772e+46 0 0 3.69512e+49 1.09853e+47 4.64348e+42 0 0 0
93.0572 3.07896e+46 3.07896e+46 3.1548e+46 3.1548e+46 3.1548e+46 0 0 3.62325e+49 9.46213e+46 4.64348e+42 0 0 0
107.461 2.4009e+46 2.4009e+46 2.46752e+46 2.46752e+46 2.46752e+46 0 0 3.44438e+49 8.14014e+46 4.64348e+42 0 0 0
124.094 1.87807e+46 1.87807e+46 1.93747e+46 1.93747e+46 1.93747e+46 0 0 3.15453e+49 6.99399e+46 4.64348e+42 0 0 0
143.301 1.47396e+46 1.47396e+46 1.52747e+46 1.52747e+46 1.52747e+46 0 0 2.76252e+49 6.00104e+46 4.64348e+42 0 0 0
165.482 1.16048e+46 1.16048e+46 1.20903e+46 1.20903e+46 1.20903e+46 0 0 2.29276e+49 5.14131e+46 4.64348e+42 0 0 0
191.095 9.16149e+45 9.16149e+45 9.60434e+45 9.60435e+45 9.60435e+45 0 0 1.7847e+49 4.39729e+46 4.64348e+42 0 0 0
220.673 7.24689e+45 7.24689e+45 7.6523e+45 7.65231e+45 7.65231e+45 0 0 1.28731e+49 3.75373e+46 4.64348e+42 0 0 0
254.83 5.73855e+45 5.73855e+45 6.11055e+45 6.11055e+45 6.11055e+45 0 0 8.48636e+48 3.19737e+46 4.64348e+42 0 0 0
294.273 4.54481e+45 4.54481e+45 4.88654e+45 4.88654e+45 4.88654e+45 0 0 5.03349e+48 2.71667e+46 4.64348e+42 0 0 0
339.821 3.59686e+45 3.59686e+45 3.91087e+45 3.91087e+45 3.91087e+45 0 0 2.63896e+48 2.30167e+46 4.64348e+42 0 0 0
392.419 2.84248e+45 2.84248e+45 3.1309e+45 3.1309e+45 3.1309e+45 0 0 1.19869e+48 1.94372e+46 4.64348e+42 0 0 0
453.158 2.24144e+45 2.24144e+45 2.50606e+45 2.50606e+45 2.50606e+45 0 0 4.61107e+47 1.63535e+46 4.64348e+42 0 0 0
523.299 1.7623e+45 1.7623e+45 2.00466e+45 2.00466e+45 2.00466e+45 0 0 1.46357e+47 1.37008e+46 4.64348e+42 0 0 0
604.296 1.38031e+45 1.38031e+45 1.60177e+45 1.60177e+45 1.60177e+45 0 0 3.72017e+46 1.1423e+46 4.64348e+42 0 0 0
697.831 1.07602e+45 1.07602e+45 1.27774e+45 1.27774e+45 1.27774e+45 0 0 7.31647e+45 9.47174e+45 4.64348e+42 0 0 0
805.842 8.3405e+44 8.3405e+44 1.01711e+45 1.01711e+45 1.01711e+45 0 0 1.06998e+45 7.80494e+45 4.64348e+42 0 0 0
930.572 6.42221e+44 6.42221e+44 8.07601e+44 8.07601e+44 8.07601e+44 0 0 1.11141e+44 6.38613e+45 4.64348e+42 0 0 0
1074.61 4.90765e+44 4.90765e+44 6.39423e+44 6.39423e+44 6.39423e+44 0 0 7.77666e+42 5.18358e+45 4.64348e+42 0 0 0
1240.94 3.71795e+44 3.71795e+44 5.04667e+44 5.04667e+44 5.04667e+44 0 0 3.4481e+41 4.1696e+45 4.64348e+42 0 0 0
1433.01 2.78907e+44 2.78907e+44 3.96918e+44 3.96918e+44 3.96918e+44 0 0 9.02747e+39 3.31995e+45 4.64348e+42 0 0 0
1654.82 2.06893e+44 2.06893e+44 3.10962e+44 3.10962e+44 3.10962e+44 0 0 1.28628e+38 2.61326e+45 4.64348e+42 0 0 0
1910.95 1.51527e+44 1.51527e+44 2.42571e+44 2.42571e+44 2.42571e+44 0 0 9.07815e+35 2.03063e+45 4.64348e+42 0 0 0
2206.73 1.09377e+44 1.09377e+44 1.88324e+44 1.88324e+44 1.88324e+44 0 0 2.84657e+33 1.5552e+45 4.64348e+42 0 0 0
2548.3 7.76632e+43 7.76632e+43 1.45452e+44 1.45452e+44 1.45452e+44 0 0 3.49763e+30 1.17188e+45 4.64348e+42 0 0 0
2942.73 5.41295e+43 5.41295e+43 1.11717e+44 1.11717e+44 1.11717e+44 0 0 1.45673e+27 8.67095e+44 4.64348e+42 0 0 0
3398.21 3.69457e+43 3.69457e+43 8.53014e+43 8.53014e+43 8.53014e+43 0 0 1.73944e+23 6.28614e+44 4.64348e+42 0 0 0
3924.19 2.46309e+43 2.46309e+43 6.47319e+43 6.47319e+43 6.47319e+43 0 0 4.90783e+18 4.45412e+44 4.64348e+42 0 0 0
4531.58 1.59931e+43 1.59931e+43 4.88116e+43 4.88116e+43 4.88116e+43 0 0 2.6172e+13 3.07602e+44 4.64348e+42 0 0 0
5232.99 1.08899e+43 1.08899e+43 3.74445e+43 3.74445e+43 3.74445e+43 0 0 2.03828e+07 2.22945e+44 4.64348e+42 0 0 0
6042.96 6.79275e+42 6.79275e+42 2.80184e+43 2.80184e+43 2.80184e+43 0 0 1.72126 1.48147e+44 4.64348e+42 0 0 0
6978.31 4.10876e+42 4.10876e+42 2.085e+43 2.085e+43 2.085e+43 0 0 1.11749e-08 9.554e+43 4.64348e+42 0 0 0
8058.42 2.40333e+42 2.40333e+42 1.54339e+43 1.54339e+43 1.54339e+43 0 0 3.7497e-18 5.96292e+43 4.64348e+42 0 0 0
9305.72 1.35548e+42 1.35548e+42 1.13681e+43 1.13681e+43 1.13681e+43 0 0 4.11114e-29 3.59107e+43 4.64348e+42 0 0 0
10746.1 7.34933e+41 7.34933e+41 8.33495e+42 8.33495e+42 8.33495e+42 0 0 8.67287e-42 2.08033e+43 4.64348e+42 0 0 0
12409.4 3.81906e+41 3.81906e+41 6.08563e+42 6.08563e+42 6.08563e+42 0 0 1.90999e-56 1.15558e+43 4.64348e+42 0 0 0
14330.1 1.89632e+41 1.89632e+41 4.42697e+42 4.42697e+42 4.42697e+42 0 0 2.16716e-73 6.13548e+42 4.64348e+42 0 0 0
16548.2 8.9717e+40 8.9717e+40 3.21021e+42 3.21021e+42 3.21021e+42 0 0 5.60534e-93 3.10409e+42 4.64348e+42 0 0 0
19109.5 4.03392e+40 4.03392e+40 2.32183e+42 2.32183e+42 2.32183e+42 0 0 1.28886e-115 1.4922e+42 4.64348e+42 0 0 0
22067.3 1.72013e+40 1.72013e+40 1.67592e+42 1.67592e+42 1.67592e+42 0 0 8.88063e-142 6.79952e+41 4.64348e+42 0 0 0
25483 6.94656e+39 6.94656e+39 1.20801e+42 1.20801e+42 1.20801e+42 0 0 5.22355e-172 2.93172e+41 4.64348e+42 0 0 0
29427.3 2.6556e+39 2.6556e+39 8.70071e+41 8.70071e+41 8.70071e+41 0 0 6.15187e-207 1.19504e+41 4.64348e+42 0 0 0
33982.1 9.61796e+38 9.61796e+38 6.26593e+41 6.26593e+41 6.26593e+41 0 0 2.71849e-247 4.60663e+40 4.64348e+42 0 0 0
39241.9 3.30781e+38 3.30781e+38 4.51483e+41 4.51483e+41 4.51483e+41 0 0 0 1.68225e+40 4.64348e+42 0 0 0
45315.8 1.08473e+38 1.08473e+38 3.25688e+41 3.25688e+41 3.25688e+41 0 0 0 5.83985e+39 4.64348e+42 0 0 0
52329.9 3.41267e+37 3.41267e+37 2.35362e+41 2.35362e+41 2.35362e+41 0 0 0 1.93757e+39 4.64348e+42 0 0 0
60429.6 1.0386e+37 1.0386e+37 1.70494e+41 1.70494e+41 1.70494e+41 0 0 0 6.18983e+38 4.64348e+42 0 0 0
69783.1 3.08974e+36 3.08974e+36 1.23869e+41 1.23869e+41 1.23869e+41 0 0 0 1.92205e+38 4.64348e+42 0 0 0
80584.2 9.09702e+35 9.09702e+35 9.03084e+40 9.03084e+40 9.03084e+40 0 0 0 5.867e+37 4.64348e+42 0 0 0
93057.2 2.68834e+35 2.68834e+35 6.60998e+40 6.60998e+40 6.60998e+40 0 0 0 1.78306e+37 4.64348e+42 0 0 0
107461 8.09568e+34 8.09568e+34 4.85901e+40 4.85901e+40 4.85901e+40 0 0 0 5.46942e+36 4.64348e+42 0 0 0
124094 2.52331e+34 2.52331e+34 3.58842e+40 3.58842e+40 3.58842e+40 0 0 0 1.71695e+36 4.64348e+42 0 0 0
143301 8.26516e+33 8.26516e+33 2.66294e+40 2.66294e+40 2.66294e+40 0 0 0 5.58949e+35 4.64348e+42 0 0 0
165482 2.88559e+33 2.88559e+33 1.98599e+40 1.98599e+40 1.98599e+40 0 0 0 1.90956e+35 4.64348e+42 0 0 0
191095 1.0872e+33 1.0872e+33 1.48856e+40 1.48856e+40 1.48856e+40 0 0 0 6.91339e+34 4.64348e+42 0 0 0
220673 4.46597e+32 4.46597e+32 1.12129e+40 1.12129e+40 1.12129e+40 0 0 0 2.67162e+34 4.64348e+42 0 0 0
254830 2.01588e+32 2.01588e+32 8.4876e+39 8.4876e+39 8.4876e+39 0 0 0 1.10683e+34 4.64348e+42 0 0 0
294273 1.00544e+32 1.00544e+32 6.45522e+39 6.45522e+39 6.45522e+39 0 0 0 4.92346e+33 4.64348e+42 0 0 0
339821 5.56025e+31 5.56025e+31 4.93206e+39 4.93206e+39 4.93206e+39 0 0 0 2.34874e+33 4.64348e+42 0 0 0
392419 3.41533e+31 3.41533e+31 3.78502e+39 3.78502e+39 3.78502e+39 0 0 0 1.19734e+33 4.64348e+42 0 0 0
453158 2.33103e+31 2.33103e+31 2.91721e+39 2.91721e+39 2.91721e+39 0 0 0 6.4852e+32 4.64348e+42 0 0 0
523299 1.76663e+31 1.76663e+31 2.25775e+39 2.25775e+39 2.25775e+39 1.07533e+32 3.82814e+36 0 3.70324e+32 4.64348e+42 0 0 0
604296 1.48437e+31 1.48437e+31 1.75448e+39 1.75448e+39 1.75448e+39 1.67204e+32 3.84404e+36 0 2.20777e+32 4.64348e+42 0 0 0
697831 1.37927e+31 1.37927e+31 1.36883e+39 1.36883e+39 1.36883e+39 2.26875e+32 3.85995e+36 0 1.35787e+32 4.64348e+42 0 0 0
805842 1.41236e+31 1.41236e+31 1.07214e+39 1.07214e+39 1.07214e+39 2.86546e+32 3.87585e+36 0 8.49276e+31 4.64348e+42 0 0 0
930572 1.5864e+31 1.5864e+31 8.42977e+38 8.42977e+38 8.42977e+38 3.46217e+32 3.89176e+36 0 5.30946e+31 4.64348e+42 0 0 0
1.07461e+06 1.94302e+31 1.94302e+31 6.65278e+38 6.65278e+38 6.65278e+38 4.40007e+32 3.91162e+36 0 3.25087e+31 4.64348e+42 0 0 0
1.24094e+06 2.57494e+31 2.57494e+31 5.26928e+38 5.26928e+38 5.26928e+38 5.9315e+32 3.91597e+36 0 1.90225e+31 4.64348e+42 0 0 0
1.43301e+06 3.65222e+31 3.65222e+31 4.18752e+38 4.18752e+38 4.18752e+38 7.95621e+32 3.92147e+36 0 1.03221e+31 4.64348e+42 0 0 0
1.65482e+06 5.47536e+31 5.47536e+31 3.33799e+38 3.33799e+38 3.33799e+38 1.06428e+33 3.92849e+36 0 5.01689e+30 4.64348e+42 0 0 0
1.91095e+06 8.56724e+31 8.56724e+31 2.66795e+38 2.66795e+38 2.66795e+38 1.45017e+33 3.93818e+36 0 2.10201e+30 4.64348e+42 0 0 0
2.20673e+06 1.38199e+32 1.38199e+32 2.13727e+38 2.13727e+38 2.13727e+38 1.94683e+33 3.95064e+36 0 7.28047e+29 4.64348e+42 0 0 0
2.5483e+06 2.27199e+32 2.27199e+32 1.7153e+38 1.7153e+38 1.7153e+38 2.60162e+33 3.96693e+36 0 1.99129e+29 4.64348e+42 0 0 0
2.94273e+06 3.76577e+32 3.76577e+32 1.37854e+38 1.37854e+38 1.37854e+38 3.47391e+33 3.98828e+36 0 4.08958e+28 4.64348e+42 0 0 0
3.39821e+06 6.23111e+32 6.23111e+32 1.10889e+38 1.10889e+38 1.10889e+38 4.73763e+33 4.01826e+36 0 5.96529e+27 4.64348e+42 0 0 0
3.92419e+06 1.02025e+33 1.02025e+33 8.92364e+37 8.92364e+37 8.92364e+37 6.394e+33 4.05742e+36 0 5.81003e+26 4.64348e+42 0 0 0
4.53158e+06 1.64026e+33 1.64026e+33 7.1809e+37 7.1809e+37 7.1809e+37 8.63772e+33 4.10843e+36 0 3.52694e+25 4.64348e+42 0 0 0
5.23299e+06 2.57221e+33 2.57221e+33 5.77556e+37 5.77556e+37 5.77556e+37 1.16471e+34 4.1741e+36 0 1.23517e+24 4.64348e+42 0 0 0
6.04296e+06 3.91278e+33 3.91278e+33 4.64051e+37 4.64051e+37 4.64051e+37 1.59364e+34 4.26475e+36 0 2.28734e+22 4.64348e+42 0 0 0
6.97831e+06 5.7476e+33 5.7476e+33 3.72255e+37 3.72255e+37 3.72255e+37 2.15223e+34 4.37429e+36 0 2.02927e+20 4.64348e+42 0 0 0
8.05842e+06 8.12362e+33 8.12362e+33 2.97934e+37 2.97934e+37 2.97934e+37 2.88753e+34 4.50843e+36 0 7.70878e+17 4.64348e+42 0 0 0
9.30572e+06 1.10174e+34 1.10174e+34 2.37717e+37 2.37717e+37 2.37717e+37 3.87098e+34 4.66242e+36 0 1.10298e+15 4.64348e+42 0 0 0
1.07461e+07 1.43089e+34 1.43089e+34 1.88922e+37 1.88922e+37 1.88922e+37 5.2265e+34 4.87799e+36 0 5.13202e+11 4.64348e+42 0 0 0
1.24094e+07 1.77734e+34 1.77734e+34 1.49416e+37 1.49416e+37 1.49416e+37 6.91105e+34 5.07984e+36 0 6.55966e+07 4.64348e+42 0 0 0
1.43301e+07 2.11012e+34 2.11012e+34 1.17498e+37 1.17498e+37 1.17498e+37 8.97609e+34 5.27948e+36 0 1896.97 4.64348e+42 0 0 0
1.65482e+07 2.39455e+34 2.39455e+34 9.18076e+36 9.18076e+36 9.18076e+36 1.14551e+35 5.46869e+36 0 0.00992462 4.64348e+42 0 0 0
1.91095e+07 2.59902e+34 2.59902e+34 7.12404e+36 7.12404e+36 7.12404e+36 1.45181e+35 5.63723e+36 0 7.25862e-09 4.64348e+42 0 0 0
2.20673e+07 2.70103e+34 2.70103e+34 5.48791e+36 5.48791e+36 5.48791e+36 1.77652e+35 5.77939e+36 0 5.51104e-16 4.64348e+42 0 0 0
2.5483e+07 2.69204e+34 2.69204e+34 4.19642e+36 4.19642e+36 4.19642e+36 2.12996e+35 5.87703e+36 0 3.08053e-24 4.64348e+42 0 0 0
2.94273e+07 2.57798e+34 2.57798e+34 3.18532e+36 3.18532e+36 3.18532e+36 2.48505e+35 5.87773e+36 0 8.52472e-34 4.64348e+42 0 0 0
3.39821e+07 2.3776e+34 2.3776e+34 2.40103e+36 2.40103e+36 2.40103e+36 2.84141e+35 5.76449e+36 0 7.38432e-45 4.64348e+42 0 0 0
3.92419e+07 2.11667e+34 2.11667e+34 1.79777e+36 1.79777e+36 1.79777e+36 3.13766e+35 5.53513e+36 0 1.17903e-57 4.64348e+42 0 0 0
4.53158e+07 1.82453e+34 1.82453e+34 1.33852e+36 1.33852e+36 1.33852e+36 3.39546e+35 5.23127e+36 0 1.88202e-72 4.64348e+42 0 0 0
5.23299e+07 1.52749e+34 1.52749e+34 9.92106e+35 9.92106e+35 9.92106e+35 3.59714e+35 4.87933e+36 0 1.48135e-89 4.64348e+42 0 0 0
6.04296e+07 1.24575e+34 1.24575e+34 7.32806e+35 7.32806e+35 7.32806e+35 3.71381e+35 4.44299e+36 0 2.54114e-109 4.64348e+42 0 0 0
6.97831e+07 9.92743e+33 9.92743e+33 5.4007e+35 5.4007e+35 5.4007e+35 3.7348e+35 3.94357e+36 0 3.6993e-132 4.64348e+42 0 0 0
8.05842e+07 7.75336e+33 7.75336e+33 3.97618e+35 3.97618e+35 3.97618e+35 3.66951e+35 3.38613e+36 0 1.53736e-158 4.64348e+42 0 0 0
9.30572e+07 5.9481e+33 5.9481e+33 2.92619e+35 2.92619e+35 2.92619e+35 3.52026e+35 2.79181e+36 0 5.18158e-189 4.64348e+42 0 0 0
1.07461e+08 4.48749e+33 4.48749e+33 2.1517e+35 2.1517e+35 2.1517e+35 3.28601e+35 2.18138e+36 0 3.31074e-224 4.64348e+42 475.4 0 0
1.24094e+08 3.33923e+33 3.33923e+33 1.58326e+35 1.58326e+35 1.58326e+35 3.01352e+35 1.68715e+36 0 7.48292e-265 4.64348e+42 417.647 0 0
1.43301e+08 2.45104e+33 2.45104e+33 1.16431e+35 1.16431e+35 1.16431e+35 2.70194e+35 1.28019e+36 0 0 4.64348e+42 366.91 0 0
1.65482e+08 1.77386e+33 1.77386e+33 8.54255e+34 8.54255e+34 8.54255e+34 2.36154e+35 9.55613e+35 0 0 4.64348e+42 322.337 0 0
1.91095e+08 1.25899e+33 1.25899e+33 6.21272e+34 6.21272e+34 6.21272e+34 1.979e+35 6.8883e+35 0 0 4.64348e+42 283.178 0 0
2.20673e+08 8.8403e+32 8.8403e+32 4.51371e+34 4.51371e+34 4.51371e+34 1.6405e+35 5.06371e+35 0 0 4.64348e+42 248.777 0 0
2.5483e+08 6.10878e+32 6.10878e+32 3.26074e+34 3.26074e+34 3.26074e+34 1.32938e+35 3.69124e+35 0 0 4.64348e+42 218.554 0 0
2.94273e+08 4.04909e+32 4.04909e+32 2.33228e+34 2.33228e+34 2.33228e+34 1.0541e+35 2.66739e+35 0 0 4.64348e+42 192.004 0 0
3.39821e+08 2.00574e+32 2.00574e+32 1.58759e+34 1.58759e+34 1.58759e+34 8.03153e+34 1.89128e+35 0 0 4.64348e+42 176.12 0 0
3.92419e+08 1.54218e+31 1.54218e+31 8.84699e+33 8.84699e+33 8.84699e+33 6.14407e+34 1.37208e+35 0 0 4.64348e+42 168.678 0 0
4.53158e+08 1.13879e+26 1.13879e+26 2.92962e+33 2.92962e+33 2.92962e+33 4.64036e+34 9.92039e+34 0 0 4.64348e+42 161.551 0 0
5.23299e+08 228386 228386 6.45464e+32 6.45464e+32 6.45464e+32 3.44087e+34 7.14936e+34 0 0 4.64348e+42 154.725 0 0
6.04296e+08 1.09739e-65 1.09739e-65 1.3813e+32 1.3813e+32 1.3813e+32 2.52669e+34 5.09807e+34 0 0 4.64348e+42 148.187 0 0
6.97831e+08 2.83265e-266 2.83265e-266 3.36053e+31 3.36053e+31 3.36053e+31 1.88662e+34 3.71685e+34 0 0 4.64348e+42 141.925 0 0
8.05842e+08 0 0 9.40389e+30 9.40389e+30 9.40389e+30 1.40126e+34 2.70594e+34 0 0 4.64348e+42 135.928 0 0
9.30572e+08 0 0 2.99413e+30 2.99413e+30 2.99413e+30 1.03352e+34 1.96546e+34 0 0 4.64348e+42 130.185 0 0
1.07461e+09 0 0 1.06515e+30 1.06515e+30 1.06515e+30 7.51947e+33 1.40677e+34 0 0 4.64348e+42 130.654 0 0
1.24094e+09 0 0 4.23656e+29 4.23656e+29 4.23656e+29 5.60218e+33 1.03094e+34 0 0 4.64348e+42 137.403 0 0
1.43301e+09 0 0 1.84269e+29 1.84269e+29 1.84269e+29 4.1809e+33 7.53384e+33 0 0 4.64348e+42 144.501 0 0
1.65482e+09 0 0 8.64466e+28 8.64466e+28 8.64466e+28 3.10944e+33 5.48794e+33 0 0 4.64348e+42 151.966 0 0
1.91095e+09 0 0 4.31192e+28 4.31192e+28 4.31192e+28 2.28317e+33 3.92901e+33 0 0 4.64348e+42 159.817 0 0
2.20673e+09 0 0 2.30132e+28 2.30132e+28 2.30132e+28 1.71332e+33 2.88429e+33 0 0 4.64348e+42 168.073 0 0
2.5483e+09 0 0 1.28975e+28 1.28975e+28 1.28975e+28 1.28175e+33 2.11099e+33 0 0 4.64348e+42 176.755 0 0
2.94273e+09 0 0 7.52903e+27 7.52903e+27 7.52903e+27 9.54145e+32 1.53968e+33 0 0 4.64348e+42 185.886 0 0
3.39821e+09 0 0 4.51847e+27 4.51847e+27 4.51847e+27 6.97018e+32 1.10351e+33 0 0 4.64348e+42 195.489 0 0
3.92419e+09 0 0 2.82937e+27 2.82937e+27 2.82937e+27 5.21252e+32 8.1008e+32 0 0 4.64348e+42 205.588 0 0
4.53158e+09 0 0 1.8172e+27 1.8172e+27 1.8172e+27 3.88461e+32 5.92367e+32 0 0 4.64348e+42 216.208 0 0
5.23299e+09 0 0 1.19249e+27 1.19249e+27 1.19249e+27 2.88464e+32 4.31243e+32 0 0 4.64348e+42 227.377 0 0
6.04296e+09 0 0 7.89418e+26 7.89418e+26 7.89418e+26 2.09706e+32 3.08708e+32 0 0 4.64348e+42 239.123 0 0
6.97831e+09 0 0 5.3907e+26 5.3907e+26 5.3907e+26 1.56466e+32 2.26149e+32 0 0 4.64348e+42 251.476 0 0
8.05842e+09 0 0 3.73187e+26 3.73187e+26 3.73187e+26 1.16337e+32 1.6516e+32 0 0 4.64348e+42 264.467 0 0
9.30572e+09 0 0 2.60968e+26 2.60968e+26 2.60968e+26 8.59273e+31 1.2024e+32 0 0 4.64348e+42 278.129 0 0
1.07461e+10 0 0 1.8263e+26 1.8263e+26 1.8263e+26 6.22882e+31 8.62644e+31 0 0 4.64348e+42 312.066 0 0
1.24094e+10 0 0 1.30777e+26 1.30777e+26 1.30777e+26 4.60729e+31 6.33555e+31 0 0 4.64348e+42 373.57 0 0
1.43301e+10 0 0 9.42233e+25 9.42233e+25 9.42233e+25 3.38584e+31 4.63997e+31 0 0 4.64348e+42 447.195 0 0
1.65482e+10 0 0 6.83918e+25 6.83918e+25 6.83918e+25 2.47992e+31 3.38655e+31 0 0 4.64348e+42 535.331 0 0
1.91095e+10 0 0 4.9377e+25 4.9377e+25 4.9377e+25 1.77998e+31 2.42715e+31 0 0 4.64348e+42 640.836 0 0
2.20673e+10 0 0 3.65475e+25 3.65475e+25 3.65475e+25 1.30835e+31 1.782e+31 0 0 4.64348e+42 767.135 34.7254 0
2.5483e+10 0 0 2.72093e+25 2.72093e+25 2.72093e+25 9.58123e+30 1.30341e+31 0 0 4.64348e+42 918.326 22.9578 0
2.94273e+10 0 0 2.03742e+25 2.03742e+25 2.03742e+25 6.9929e+30 9.49579e+30 0 0 4.64348e+42 1099.31 15.5417 0
3.39821e+10 0 0 1.51243e+25 1.51243e+25 1.51243e+25 4.99949e+30 6.7797e+30 0 0 4.64348e+42 1315.97 10.7604 0
3.92419e+10 0 0 1.15674e+25 1.15674e+25 1.15674e+25 3.67646e+30 4.97152e+30 0 0 4.64348e+42 1575.33 7.61059 0
4.53158e+10 0 0 8.89522e+24 8.89522e+24 8.89522e+24 2.69652e+30 3.63494e+30 0 0 4.64348e+42 1885.81 5.49245 0
5.23299e+10 0 0 6.87783e+24 6.87783e+24 6.87783e+24 1.97386e+30 2.64892e+30 0 0 4.64348e+42 2257.47 4.04008 0
6.04296e+10 0 0 5.26694e+24 5.26694e+24 5.26694e+24 1.41855e+30 1.89097e+30 0 0 4.64348e+42 2702.38 3.02568 0
6.97831e+10 0 0 4.15612e+24 4.15612e+24 4.15612e+24 1.0479e+30 1.38829e+30 0 0 4.64348e+42 3234.98 2.3047 0
8.05842e+10 0 0 3.28898e+24 3.28898e+24 3.28898e+24 7.71679e+29 1.01635e+30 0 0 4.64348e+42 3872.55 1.78376 0
9.30572e+10 0 0 2.60831e+24 2.60831e+24 2.60831e+24 5.66454e+29 7.41479e+29 0 0 4.64348e+42 4635.77 1.40144 0
1.07461e+11 0 0 2.03722e+24 2.03722e+24 2.03722e+24 4.07095e+29 5.29156e+29 0 0 4.64348e+42 5549.41 1.11671 0
1.24094e+11 0 0 1.63576e+24 1.63576e+24 1.63576e+24 3.00199e+29 3.88376e+29 0 0 4.64348e+42 6643.12 0.901709 0
1.43301e+11 0 0 1.31303e+24 1.31303e+24 1.31303e+24 2.20473e+29 2.84059e+29 0 0 4.64348e+42 7952.38 0.737233 0
1.65482e+11 0 0 1.05267e+24 1.05267e+24 1.05267e+24 1.61181e+29 2.06907e+29 0 0 4.64348e+42 9519.67 0.609868 0
1.91095e+11 0 0 8.2848e+23 8.2848e+23 8.2848e+23 1.15248e+29 1.47214e+29 0 0 4.64348e+42 11395.9 0.510106 0
2.20673e+11 0 0 6.70352e+23 6.70352e+23 6.70352e+23 8.46299e+28 1.07763e+29 0 0 4.64348e+42 13641.8 0.431129 0
2.5483e+11 0 0 5.415e+23 5.415e+23 5.415e+23 6.18987e+28 7.8579e+28 0 0 4.64348e+42 16330.4 0.367983 0
2.94273e+11 0 0 4.3651e+23 4.3651e+23 4.3651e+23 4.50862e+28 5.70424e+28 0 0 4.64348e+42 19548.9 0.317029 0
3.39821e+11 0 0 3.44983e+23 3.44983e+23 3.44983e+23 3.21196e+28 4.0402e+28 0 0 4.64348e+42 0 0.275565 0
3.92419e+11 0 0 2.80403e+23 2.80403e+23 2.80403e+23 2.35194e+28 2.94589e+28 0 0 4.64348e+42 0 0.241562 0
4.53158e+11 0 0 2.27323e+23 2.27323e+23 2.27323e+23 1.71515e+28 2.1388e+28 0 0 4.64348e+42 0 0.213483 0
5.23299e+11 0 0 1.83737e+23 1.83737e+23 1.83737e+23 1.24532e+28 1.54517e+28 0 0 4.64348e+42 0 0.190154 0
6.04296e+11 0 0 1.45313e+23 1.45313e+23 1.45313e+23 8.83275e+27 1.08758e+28 0 0 4.64348e+42 0 0.170669 0
6.97831e+11 0 0 1.18232e+23 1.18232e+23 1.18232e+23 6.44319e+27 7.88629e+27 0 0 4.64348e+42 0 0.154323 0
8.05842e+11 0 0 9.5864e+22 9.5864e+22 9.5864e+22 4.6791e+27 5.69102e+27 0 0 4.64348e+42 0 0.140565 0
9.30572e+11 0 0 7.74252e+22 7.74252e+22 7.74252e+22 3.38179e+27 4.08407e+27 0 0 4.64348e+42 0 0.12896 0
1.07461e+12 0 0 6.10606e+22 6.10606e+22 6.10606e+22 2.38401e+27 2.84971e+27 0 0 4.64348e+42 0 0.119166 0
1.24094e+12 0 0 4.9565e+22 4.9565e+22 4.9565e+22 1.72975e+27 2.05066e+27 0 0 4.64348e+42 0 0.110908 0
1.43301e+12 0 0 4.00548e+22 4.00548e+22 4.00548e+22 1.2488e+27 1.4675e+27 0 0 4.64348e+42 0 0.103969 0
1.65482e+12 0 0 3.22086e+22 3.22086e+22 3.22086e+22 8.96737e+26 1.04347e+27 0 0 4.64348e+42 0 0.098177 0
1.91095e+12 0 0 2.52245e+22 2.52245e+22 2.52245e+22 6.26837e+26 7.19437e+26 0 0 4.64348e+42 0 0.0933933 0
2.20673e+12 0 0 2.03444e+22 2.03444e+22 2.03444e+22 4.51423e+26 5.12317e+26 0 0 4.64348e+42 0 0.0895108 0
2.5483e+12 0 0 1.63131e+22 1.63131e+22 1.63131e+22 3.23246e+26 3.62459e+26 0 0 4.64348e+42 0 0.0864461 0
2.94273e+12 0 0 1.29958e+22 1.29958e+22 1.29958e+22 2.30046e+26 2.54522e+26 0 0 4.64348e+42 0 0.0841374 0
3.39821e+12 0 0 1.00458e+22 1.00458e+22 1.00458e+22 1.5893e+26 1.72622e+26 0 0 4.64348e+42 0 0.082541 0
3.92419e+12 0 0 8.00141e+21 8.00141e+21 8.00141e+21 1.13283e+26 1.21194e+26 0 0 4.64348e+42 0 0.08163 0
4.53158e+12 0 0 6.32209e+21 6.32209e+21 6.32209e+21 8.02088e+25 8.44281e+25 0 0 4.64348e+42 0 0.0813928 0
5.23299e+12 0 0 4.95037e+21 4.95037e+21 4.95037e+21 5.63834e+25 5.82915e+25 0 0 4.64348e+42 0 0.0818329 0
6.04296e+12 0 0 3.74012e+21 3.74012e+21 3.74012e+21 3.8327e+25 3.86556e+25 0 0 4.64348e+42 0 0.0829683 0
6.97831e+12 0 0 2.91213e+21 2.91213e+21 2.91213e+21 2.69367e+25 2.6625e+25 0 0 4.64348e+42 0 0.0848322 0
8.05842e+12 0 0 2.24114e+21 2.24114e+21 2.24114e+21 1.87809e+25 1.81661e+25 0 0 4.64348e+42 0 0.0874729 0
9.30572e+12 0 0 1.70225e+21 1.70225e+21 1.70225e+21 1.29817e+25 1.22604e+25 0 0 4.64348e+42 0 0.0909553 0
1.07461e+13 0 0 1.23686e+21 1.23686e+21 1.23686e+21 8.62923e+24 7.88392e+24 0 0 4.64348e+42 0 0.0953611 0
1.24094e+13 0 0 9.26085e+20 9.26085e+20 9.26085e+20 5.9494e+24 5.29263e+24 0 0 4.64348e+42 0 0.10079 0
1.43301e+13 0 0 6.81688e+20 6.81688e+20 6.81688e+20 4.062e+24 3.51184e+24 0 0 4.64348e+42 0 0.10736 0
1.65482e+13 0 0 4.9241e+20 4.9241e+20 4.9241e+20 2.74401e+24 2.29896e+24 0 0 4.64348e+42 0 0.115206 0
1.91095e+13 0 0 3.3629e+20 3.3629e+20 3.3629e+20 1.76844e+24 1.41713e+24 0 0 4.64348e+42 0 0.12448 0
2.20673e+13 0 0 2.36962e+20 2.36962e+20 2.36962e+20 1.18775e+24 9.19145e+23 0 0 4.64348e+42 0 0.135345 0
2.5483e+13 0 0 1.63239e+20 1.63239e+20 1.63239e+20 7.8807e+23 5.87519e+23 0 0 4.64348e+42 0 0.147968 0
2.94273e+13 0 0 1.09785e+20 1.09785e+20 1.09785e+20 5.15981e+23 3.69232e+23 0 0 4.64348e+42 0 0.162507 0
3.39821e+13 0 0 6.88628e+19 6.88628e+19 6.88628e+19 3.1846e+23 2.14651e+23 0 0 4.64348e+42 0 0.179093 0
3.92419e+13 0 0 4.48711e+19 4.48711e+19 4.48711e+19 2.06369e+23 1.32941e+23 0 0 4.64348e+42 0 0.197804 0
4.53158e+13 0 0 2.84996e+19 2.84996e+19 2.84996e+19 1.31663e+23 8.08314e+22 0 0 4.64348e+42 0 0.218621 0
5.23299e+13 2.43933e-303 2.43936e-303 1.76333e+19 1.76333e+19 1.76333e+19 8.25892e+22 4.81012e+22 0 0 4.64348e+42 0 0.241387 0
6.04296e+13 6.98293e-266 6.98305e-266 1.00138e+19 1.00138e+19 1.00138e+19 4.79445e+22 2.57614e+22 0 0 4.64348e+42 0 0.265741 0
6.97831e+13 7.71472e-233 7.71489e-233 5.99721e+18 5.99721e+18 5.99721e+18 2.9572e+22 1.49962e+22 0 0 4.64348e+42 0 0.291055 0
8.05842e+13 9.73396e-204 9.73422e-204 3.49723e+18 3.49723e+18 3.49723e+18 1.7872e+22 8.52811e+21 0 0 4.64348e+42 0 0.316368 0
9.30572e+13 4.00173e-178 4.00186e-178 1.98466e+18 1.98466e+18 1.98466e+18 1.05663e+22 4.71846e+21 0 0 4.64348e+42 0 0.340344 0
1.07461e+14 1.24965e-155 1.2497e-155 1.008e+18 1.008e+18 1.008e+18 5.61401e+21 2.24926e+21 0 0 4.64348e+42 0 0 0
1.24094e+14 8.15657e-136 8.15703e-136 5.52837e+17 5.52837e+17 5.52837e+17 3.23204e+21 1.20476e+21 0 0 4.64348e+42 0 0 0
1.43301e+14 2.0763e-118 2.07651e-118 2.94299e+17 2.94299e+17 2.94299e+17 1.81059e+21 6.26559e+20 0 0 4.64348e+42 0 0 0
1.65482e+14 3.93217e-103 3.93298e-103 1.5194e+17 1.5194e+17 1.5194e+17 9.85392e+20 3.14656e+20 0 0 4.64348e+42 0 0 0
1.91095e+14 8.66111e-90 8.66484e-90 6.70997e+16 6.70997e+16 6.70997e+16 4.59178e+20 1.26768e+20 0 0 4.64348e+42 0 0 0
2.20673e+14 4.81782e-78 4.82188e-78 3.31718e+16 3.31718e+16 3.31718e+16 2.39716e+20 6.06849e+19 0 0 4.64348e+42 0 0 0
2.5483e+14 9.10781e-68 9.12175e-68 1.57877e+16 1.57877e+16 1.57877e+16 1.20496e+20 2.80016e+19 0 0 4.64348e+42 0 0 0
2.94273e+14 8.69501e-59 8.71733e-59 7.23586e+15 7.23586e+15 7.23586e+15 5.82891e+19 1.23652e+19 0 0 4.64348e+42 0 0 0
3.39821e+14 4.87543e-51 4.89495e-51 2.61812e+15 2.61812e+15 2.61812e+15 2.22488e+19 3.87923e+18 0 0 4.64348e+42 0 0 0
3.92419e+14 3.28797e-44 3.30719e-44 1.12442e+15 1.12442e+15 1.12442e+15 1.00806e+19 1.59127e+18 0 0 4.64348e+42 0 0 0
4.53158e+14 2.79683e-38 2.81937e-38 4.57588e+14 4.57588e+14 4.57588e+14 4.32111e+18 6.24149e+17 0 0 4.64348e+42 0 0 0
5.23299e+14 3.82647e-33 3.86688e-33 1.76845e+14 1.76845e+14 1.76845e+14 1.7559e+18 2.32418e+17 0 0 4.64348e+42 0 0 0
6.04296e+14 7.57392e-29 7.67423e-29 4.72035e+13 4.72035e+13 4.72035e+13 4.92573e+17 4.93117e+16 0 0 4.64348e+42 0 0 0
6.97831e+14 4.96639e-25 5.04575e-25 1.65192e+13 1.65192e+13 1.65192e+13 1.80831e+17 1.61723e+16 0 0 4.64348e+42 0 0 0
8.05842e+14 8.89962e-22 9.06546e-22 5.2996e+12 5.2996e+12 5.2996e+12 6.07648e+16 5.02431e+15 0 0 4.64348e+42 0 0 0
9.30572e+14 5.03606e-19 5.14231e-19 1.55673e+12 1.55673e+12 1.55673e+12 1.86667e+16 1.48979e+15 0 0 4.64348e+42 0 0 0
1.07461e+15 6.37553e-17 6.5239e-17 2.6088e+11 2.6088e+11 2.6088e+11 3.26506e+15 1.6884e+14 0 0 4.64348e+42 0 0 0
1.24094e+15 5.38715e-15 5.52229e-15 6.64517e+10 6.64517e+10 6.64517e+10 8.6717e+14 3.90619e+13 0 0 4.64348e+42 0 0 0
1.43301e+15 1.90777e-13 1.95832e-13 1.46236e+10 1.46236e+10 1.46236e+10 1.98607e+14 8.30491e+12 0 0 4.64348e+42 0 0 0
1.65482e+15 2.96539e-12 3.04691e-12 2.66728e+09 2.66728e+09 2.66728e+09 3.76413e+13 1.7224e+12 0 0 4.64348e+42 0 0 0
1.91095e+15 1.16357e-11 1.19624e-11 2.14688e+08 2.14688e+08 2.14688e+08 3.14311e+12 7.94631e+10 0 0 4.64348e+42 0 0 0
2.20673e+15 5.22257e-11 5.37017e-11 3.22853e+07 3.22853e+07 3.22853e+07 4.89559e+11 1.04119e+10 0 0 4.64348e+42 0 0 0
2.5483e+15 1.1935e-10 1.22704e-10 3.80369e+06 3.80369e+06 3.80369e+06 5.9651e+10 1.13029e+09 0 0 4.64348e+42 0 0 0
2.94273e+15 1.31754e-10 1.35393e-10 316046 316046 316046 5.11713e+09 1.17779e+08 0 0 4.64348e+42 0 0 0
3.39821e+15 2.89664e-11 2.97453e-11 7291.01 7291.01 7291.01 1.21689e+08 1.60373e+06 0 0 4.64348e+42 0 0 0
3.92419e+15 1.25269e-11 1.28519e-11 442.914 442.914 442.914 7.60689e+06 81646.6 0 0 4.64348e+42 0 0 0
4.53158e+15 2.69846e-12 2.76545e-12 17.3124 17.3124 17.3124 305431 2759.77 0 0 4.64348e+42 0 0 0
5.23299e+15 2.76966e-13 2.835e-13 0.403655 0.403655 0.403655 7302.46 69.7333 0 0 4.64348e+42 0 0 0
6.04296e+15 2.95909e-15 3.02501e-15 0.00119318 0.00119318 0.00119318 22.0959 0.161436 0 0 4.64348e+42 0 0 0
6.97831e+15 1.04818e-16 1.0701e-16 1.39016e-05 1.39016e-05 1.39016e-05 0.263088 0.00167781 0 0 4.64348e+42 0 0 0
8.05842e+15 1.28256e-18 1.30761e-18 6.51145e-08 6.51145e-08 6.51145e-08 0.00125752 7.539e-06 0 0 4.64348e+42 0 0 0
9.30572e+15 5.45397e-21 5.55305e-21 1.21082e-10 1.21082e-10 1.21082e-10 2.38352e-06 1.41136e-08 0 0 4.64348e+42 0 0 0
1.07461e+16 1.33688e-24 1.35937e-24 1.45848e-14 1.45848e-14 1.45848e-14 2.92434e-10 1.69297e-12 0 0 4.64348e+42 0 0 0
1.24094e+16 8.7198e-28 8.85511e-28 5.17839e-18 5.17839e-18 5.17839e-18 1.05732e-13 6.08039e-16 0 0 4.64348e+42 0 0 0
1.43301e+16 1.08196e-31 1.0974e-31 3.82592e-22 3.82592e-22 3.82592e-22 7.95769e-18 4.56894e-20 0 0 4.64348e+42 0 0 0
1.65482e+16 2.49679e-36 2.52944e-36 5.68709e-27 5.68709e-27 5.68709e-27 1.20609e-22 6.92419e-25 0 0 4.64348e+42 0 0 0
1.91095e+16 1.60931e-42 1.62854e-42 2.52964e-33 2.52964e-33 2.52964e-33 5.47807e-29 3.14467e-31 0 0 4.64348e+42 0 0 0
2.20673e+16 1.21175e-48 1.22496e-48 1.39628e-39 1.39628e-39 1.39628e-39 3.09345e-35 1.77577e-37 0 0 4.64348e+42 0 0 0
2.5483e+16 6.57582e-56 6.64099e-56 5.85632e-47 5.85632e-47 5.85632e-47 1.3303e-42 7.63722e-45 0 0 4.64348e+42 0 0 0
2.94273e+16 2.15366e-64 2.17303e-64 1.55275e-55 1.55275e-55 1.55275e-55 3.62478e-51 2.08076e-53 0 0 4.64348e+42 0 0 0
3.39821e+16 5.32867e-75 5.37209e-75 3.23912e-66 3.23912e-66 3.23912e-66 7.78805e-62 4.47065e-64 0 0 4.64348e+42 0 0 0
3.92419e+16 3.37839e-86 3.40328e-86 1.7941e-77 1.7941e-77 1.7941e-77 4.45176e-73 2.55552e-75 0 0 4.64348e+42 0 0 0
4.53158e+16 2.66176e-99 2.67947e-99 1.27398e-90 1.27398e-90 1.27398e-90 3.26756e-86 1.87585e-88 0 0 4.64348e+42 0 0 0
5.23299e+16 1.65321e-114 1.66312e-114 7.32861e-106 7.32861e-106 7.32861e-106 1.94507e-101 1.11656e-103 0 0 4.64348e+42 0 0 0
6.04296e+16 7.3596e-133 7.39933e-133 3.0947e-124 3.0947e-124 3.0947e-124 8.50407e-120 4.8817e-122 0 0 4.64348e+42 0 0 0
6.97831e+16 5.50283e-153 5.52954e-153 2.24129e-144 2.24129e-144 2.24129e-144 6.37666e-140 3.66069e-142 0 0 4.64348e+42 0 0 0
8.05842e+16 2.19008e-176 2.19962e-176 8.79962e-168 8.79962e-168 8.79962e-168 2.5906e-163 1.48712e-165 0 0 4.64348e+42 0 0 0
9.30572e+16 0 0 0 0 0 0 0 0 0 4.64348e+42 0 0 0