
1.07461e-07 0 0 7.36168e+53 1.01669e+54 1.97927e+56 0 0 1.31449e+44 0 4.64348e+42 0 0 1
1.24094e-07 0 0 9.05216e+53 1.19721e+54 1.77341e+56 0 0 1.51795e+44 0 4.64348e+42 0 0 1
1.43301e-07 0 0 1.10814e+54 1.4117e+54 1.58828e+56 0 0 1.7529e+44 0 4.64348e+42 0 0 1
1.65482e-07 0 0 1.35148e+54 1.66672e+54 1.42181e+56 0 0 2.02422e+44 0 4.64348e+42 0 0 1
1.91095e-07 0 0 1.64302e+54 1.97011e+54 1.27217e+56 0 0 2.33753e+44 0 4.64348e+42 0 0 1
2.20673e-07 0 0 1.99205e+54 2.3312e+54 1.13768e+56 0 0 2.69934e+44 0 4.64348e+42 0 0 1
2.5483e-07 0 0 2.40968e+54 2.76112e+54 1.01686e+56 0 0 3.11715e+44 0 4.64348e+42 0 0 1
2.94273e-07 0 0 2.90909e+54 3.2731e+54 9.08335e+55 0 0 3.59963e+44 0 4.64348e+42 0 0 1
3.39821e-07 0 0 3.506e+54 3.88285e+54 8.10894e+55 0 0 4.15679e+44 0 4.64348e+42 0 0 1
3.92419e-07 0 0 4.2191e+54 4.6091e+54 7.23435e+55 0 0 4.80018e+44 0 4.64348e+42 0 0 1
4.53158e-07 0 0 5.07054e+54 5.47399e+54 6.44965e+55 0 0 5.54317e+44 0 4.64348e+42 0 0 1
5.23299e-07 4.61548e-241 4.61548e-241 6.08592e+54 6.50308e+54 5.74588e+55 0 0 6.40115e+44 6.43168e-246 4.64348e+42 0 0 1
6.04296e-07 5.19885e-164 5.19885e-164 7.28928e+54 7.72002e+54 5.11498e+55 0 0 7.39193e+44 5.23789e-169 4.64348e+42 0 0 1
6.97831e-07 4.88638e-107 4.88638e-107 8.68248e+54 9.12505e+54 4.54966e+55 0 0 8.53607e+44 3.57913e-112 4.64348e+42 0 0 1
8.05842e-07 6.5536e-65 6.5536e-65 1.02081e+55 1.06571e+55 4.04336e+55 0 0 9.8573e+44 3.53566e-70 4.64348e+42 0 0 1
9.30572e-07 9.21709e-34 9.21709e-34 1.17283e+55 1.21738e+55 3.59015e+55 0 0 1.1383e+45 3.74793e-39 4.64348e+42 0 0 1
1.07461e-06 9.78697e-11 9.78697e-11 1.30559e+55 1.34843e+55 3.18471e+55 0 0 1.31449e+45 3.09582e-16 4.64348e+42 0 0 1
1.24094e-06 1.01764e+07 1.01764e+07 1.40211e+55 1.44187e+55 2.82222e+55 0 0 1.51795e+45 25.9563 4.64348e+42 0 0 1
1.43301e-06 3.79051e+19 3.79051e+19 1.45281e+55 1.48841e+55 2.49834e+55 0 0 1.7529e+45 8.08024e+13 4.64348e+42 0 0 1
1.65482e-06 7.25786e+28 7.25786e+28 1.45685e+55 1.48771e+55 2.20916e+55 0 0 2.02422e+45 1.33607e+23 4.64348e+42 0 0 1
1.91095e-06 5.12858e+35 5.12858e+35 1.42019e+55 1.44621e+55 1.95116e+55 0 0 2.33753e+45 8.38655e+29 4.64348e+42 0 0 1
2.20673e-06 5.75018e+40 5.75018e+40 1.35229e+55 1.37372e+55 1.72116e+55 0 0 2.69934e+45 8.55154e+34 4.64348e+42 0 0 1
2.5483e-06 3.00924e+44 3.00924e+44 1.26327e+55 1.28058e+55 1.51629e+55 0 0 3.11715e+45 4.14854e+38 4.64348e+42 0 0 1
2.94273e-06 1.63277e+47 1.63277e+47 1.16214e+55 1.17592e+55 1.33398e+55 0 0 3.59962e+45 2.11885e+41 4.64348e+42 0 0 1
3.39821e-06 1.65735e+49 1.65735e+49 1.05609e+55 1.06693e+55 1.1719e+55 0 0 4.15678e+45 2.0495e+43 4.64348e+42 0 0 1
3.92419e-06 4.86944e+50 4.86944e+50 9.5036e+54 9.588e+54 1.02796e+55 0 0 4.80017e+45 5.79461e+44 4.64348e+42 0 0 1
4.53158e-06 5.71828e+51 5.71828e+51 8.48493e+54 8.55015e+54 9.0026e+54 0 0 5.54315e+45 6.6001e+45 4.64348e+42 0 0 1
5.23299e-06 3.40714e+52 3.40714e+52 7.52682e+54 7.57689e+54 7.8711e+54 0 0 6.40113e+45 3.83894e+46 4.64348e+42 0 0 1
6.04296e-06 1.22871e+53 1.22871e+53 6.64126e+54 6.6795e+54 6.86977e+54 0 0 7.39191e+45 1.35873e+47 4.64348e+42 0 0 1
6.97831e-06 3.05538e+53 3.05538e+53 5.83332e+54 5.8624e+54 5.98482e+54 0 0 8.53603e+45 3.33106e+47 4.64348e+42 0 0 1
8.05842e-06 5.76878e+53 5.76878e+53 5.10344e+54 5.12546e+54 5.20385e+54 0 0 9.85725e+45 6.22522e+47 4.64348e+42 0 0 1
9.30572e-06 8.88042e+53 8.88042e+53 4.44911e+54 4.46573e+54 4.51569e+54 0 0 1.1383e+46 9.51906e+47 4.64348e+42 0 0 1
1.07461e-05 1.17481e+54 1.17481e+54 3.8661e+54 3.8786e+54 3.9103e+54 0 0 1.31448e+46 1.25495e+48 4.64348e+42 0 0 1
1.24094e-05 1.38855e+54 1.38855e+54 3.34924e+54 3.35861e+54 3.37863e+54 0 0 1.51794e+46 1.48269e+48 4.64348e+42 0 0 1
1.43301e-05 1.50902e+54 1.50902e+54 2.89297e+54 2.89998e+54 2.91256e+54 0 0 1.75289e+46 1.61541e+48 4.64348e+42 0 0 1
1.65482e-05 1.54016e+54 1.54016e+54 2.49169e+54 2.49692e+54 2.50478e+54 0 0 2.0242e+46 1.6577e+48 4.64348e+42 0 0 1
1.91095e-05 1.49958e+54 1.49958e+54 2.13996e+54 2.14384e+54 2.14874e+54 0 0 2.33751e+46 1.62741e+48 4.64348e+42 0 0 1
2.20673e-05 1.40902e+54 1.40902e+54 1.83262e+54 1.83551e+54 1.83854e+54 0 0 2.69931e+46 1.54624e+48 4.64348e+42 0 0 1
2.5483e-05 1.28856e+54 1.28856e+54 1.56489e+54 1.56703e+54 1.56889e+54 0 0 3.11711e+46 1.43401e+48 4.64348e+42 0 0 1
2.94273e-05 1.1541e+54 1.1541e+54 1.33235e+54 1.33392e+54 1.33506e+54 0 0 3.59957e+46 1.30635e+48 4.64348e+42 0 0 1
3.39821e-05 1.01705e+54 1.01705e+54 1.13095e+54 1.13211e+54 1.13281e+54 0 0 4.15671e+46 1.17443e+48 4.64348e+42 0 0 1
3.92419e-05 8.84821e+53 8.84821e+53 9.57052e+53 9.57898e+53 9.58319e+53 0 0 4.80008e+46 1.04557e+48 4.64348e+42 0 0 1
4.53158e-05 7.61841e+53 7.61841e+53 8.07338e+53 8.07957e+53 8.0821e+53 0 0 5.54302e+46 9.2415e+47 4.64348e+42 0 0 1
5.23299e-05 6.50354e+53 6.50354e+53 6.78845e+53 6.79295e+53 6.79446e+53 0 0 6.40095e+46 8.1248e+47 4.64348e+42 0 0 1
6.04296e-05 5.51165e+53 5.51165e+53 5.68912e+53 5.69239e+53 5.69329e+53 0 0 7.39167e+46 7.11491e+47 4.64348e+42 0 0 1
6.97831e-05 4.64162e+53 4.64162e+53 4.75165e+53 4.75401e+53 4.75454e+53 0 0 8.53572e+46 6.2124e+47 4.64348e+42 0 0 1
8.05842e-05 3.88697e+53 3.88697e+53 3.95487e+53 3.95657e+53 3.95688e+53 0 0 9.85684e+46 5.41269e+47 4.64348e+42 0 0 1
9.30572e-05 3.2383e+53 3.2383e+53 3.28002e+53 3.28124e+53 3.28142e+53 0 0 1.13824e+47 4.70841e+47 4.64348e+42 0 0 1
0.000107461 2.68495e+53 2.68495e+53 2.71047e+53 2.71135e+53 2.71145e+53 0 0 1.31441e+47 4.09095e+47 4.64348e+42 0 0 1
0.000124094 2.21601e+53 2.21601e+53 2.23156e+53 2.23218e+53 2.23224e+53 0 0 1.51784e+47 3.55137e+47 4.64348e+42 0 0 1
0.000143301 1.82094e+53 1.82094e+53 1.83038e+53 1.83082e+53 1.83086e+53 0 0 1.75276e+47 3.08098e+47 4.64348e+42 0 0 1
0.000165482 1.48991e+53 1.48991e+53 1.49561e+53 1.49593e+53 1.49595e+53 0 0 2.02403e+47 2.67162e+47 4.64348e+42 0 0 1
0.000191095 1.21394e+53 1.21394e+53 1.21738e+53 1.2176e+53 1.21761e+53 0 0 2.33727e+47 2.31583e+47 4.64348e+42 0 0 1
0.000220673 9.84998e+52 9.84998e+52 9.87056e+52 9.87212e+52 9.87217e+52 0 0 2.699e+47 2.00691e+47 4.64348e+42 0 0 1
0.00025483 7.95957e+52 7.95957e+52 7.97186e+52 7.97295e+52 7.97301e+52 0 0 3.11669e+47 1.73885e+47 4.64348e+42 0 0 1
0.000294273 6.40593e+52 6.40593e+52 6.41325e+52 6.414e+52 6.41404e+52 0 0 3.59902e+47 1.50639e+47 4.64348e+42 0 0 1
0.000339821 5.13487e+52 5.13487e+52 5.1392e+52 5.13973e+52 5.13975e+52 0 0 4.15597e+47 1.30487e+47 4.64348e+42 0 0 1
0.000392419 4.09969e+52 4.09969e+52 4.10225e+52 4.10261e+52 4.10262e+52 0 0 4.79909e+47 1.13022e+47 4.64348e+42 0 0 1
0.000453158 3.2604e+52 3.2604e+52 3.2619e+52 3.26215e+52 3.26216e+52 0 0 5.54171e+47 9.78889e+46 4.64348e+42 0 0 1
0.000523299 2.58296e+52 2.58296e+52 2.58384e+52 2.58402e+52 2.58402e+52 0 0 6.39921e+47 8.47785e+46 4.64348e+42 0 0 1
0.000604296 2.03858e+52 2.03858e+52 2.03909e+52 2.03921e+52 2.03921e+52 0 0 7.38934e+47 7.34217e+46 4.64348e+42 0 0 1
0.000697831 1.60303e+52 1.60303e+52 1.60332e+52 1.6034e+52 1.6034e+52 0 0 8.53261e+47 6.35847e+46 4.64348e+42 0 0 1
0.000805842 1.25604e+52 1.25604e+52 1.25621e+52 1.25626e+52 1.25626e+52 0 0 9.85269e+47 5.50648e+46 4.64348e+42 0 0 1
0.000930572 9.8077e+51 9.8077e+51 9.8087e+51 9.80906e+51 9.80906e+51 0 0 1.13769e+48 4.76858e+46 4.64348e+42 0 0 1
0.00107461 7.63296e+51 7.63296e+51 7.63353e+51 7.63378e+51 7.63378e+51 0 0 1.31367e+48 4.12953e+46 4.64348e+42 0 0 1
0.00124094 5.92164e+51 5.92164e+51 5.92197e+51 5.92214e+51 5.92214e+51 0 0 1.51686e+48 3.5761e+46 4.64348e+42 0 0 1
0.00143301 4.58018e+51 4.58018e+51 4.58037e+51 4.58048e+51 4.58048e+51 0 0 1.75145e+48 3.09682e+46 4.64348e+42 0 0 1
0.00165482 3.5325e+51 3.5325e+51 3.53261e+51 3.53268e+51 3.53268e+51 0 0 2.02228e+48 2.68176e+46 4.64348e+42 0 0 1
0.00191095 2.71714e+51 2.71714e+51 2.7172e+51 2.71725e+51 2.71725e+51 0 0 2.33494e+48 2.32233e+46 4.64348e+42 0 0 1
0.00220673 2.0847e+51 2.0847e+51 2.08474e+51 2.08477e+51 2.08477e+51 0 0 2.69589e+48 2.01107e+46 4.64348e+42 0 0 1
0.0025483 1.59568e+51 1.59568e+51 1.5957e+51 1.59573e+51 1.59573e+51 0 0 3.11254e+48 1.74152e+46 4.64348e+42 0 0 1
0.00294273 1.21868e+51 1.21868e+51 1.21869e+51 1.21871e+51 1.21871e+51 0 0 3.59349e+48 1.5081e+46 4.64348e+42 0 0 1
0.00339821 9.28838e+50 9.28838e+50 9.28844e+50 9.28854e+50 9.28854e+50 0 0 4.1486e+48 1.30596e+46 4.64348e+42 0 0 1
0.00392419 7.06579e+50 7.06579e+50 7.06582e+50 7.06589e+50 7.06589e+50 0 0 4.78926e+48 1.13092e+46 4.64348e+42 0 0 1
0.00453158 5.36554e+50 5.36554e+50 5.36556e+50 5.36561e+50 5.36561e+50 0 0 5.5286e+48 9.79337e+45 4.64348e+42 0 0 1
0.00523299 4.06779e+50 4.06779e+50 4.0678e+50 4.06783e+50 4.06783e+50 0 0 6.38173e+48 8.48071e+45 4.64348e+42 0 0 1
0.00604296 3.07929e+50 3.07929e+50 3.0793e+50 3.07931e+50 3.07931e+50 0 0 7.36604e+48 7.344e+45 4.64348e+42 0 0 1
0.00697831 2.32779e+50 2.32779e+50 2.32779e+50 2.32781e+50 2.32781e+50 0 0 8.50155e+48 6.35965e+45 4.64348e+42 0 0 1
0.00805842 1.75748e+50 1.75748e+50 1.75748e+50 1.75749e+50 1.75749e+50 0 0 9.81128e+48 5.50723e+45 4.64348e+42 0 0 1
0.00930572 1.32536e+50 1.32536e+50 1.32537e+50 1.32537e+50 1.32537e+50 0 0 1.13217e+49 4.76906e+45 4.64348e+42 0 0 1
0.0107461 9.98452e+49 9.98452e+49 9.98452e+49 9.98455e+49 9.98455e+49 0 0 1.30631e+49 4.12984e+45 4.64348e+42 0 0 1
0.0124094 7.51463e+49 7.51463e+49 7.51464e+49 7.51466e+49 7.51466e+49 0 0 1.50705e+49 3.5763e+45 4.64348e+42 0 0 1
0.0143301 5.65091e+49 5.65091e+49 5.65091e+49 5.65092e+49 5.65092e+49 0 0 1.73837e+49 3.09694e+45 4.64348e+42 0 0 1
0.0165482 4.24616e+49 4.24616e+49 4.24616e+49 4.24617e+49 4.24617e+49 0 0 2.00485e+49 2.68184e+45 4.64348e+42 0 0 1
0.0191095 3.18843e+49 3.18843e+49 3.18843e+49 3.18843e+49 3.18843e+49 0 0 2.31171e+49 2.32238e+45 4.64348e+42 0 0 1
0.0220673 2.39272e+49 2.39272e+49 2.39272e+49 2.39273e+49 2.39273e+49 0 0 2.66493e+49 2.0111e+45 4.64348e+42 0 0 1
0.025483 1.79462e+49 1.79462e+49 1.79462e+49 1.79462e+49 1.79462e+49 0 0 3.07129e+49 1.74154e+45 4.64348e+42 0 0 1
0.0294273 1.34538e+49 1.34538e+49 1.34538e+49 1.34538e+49 1.34538e+49 0 0 3.53852e+49 1.50811e+45 4.64348e+42 0 0 1
0.0339821 1.00817e+49 1.00817e+49 1.00818e+49 1.00818e+49 1.00818e+49 0 0 4.07537e+49 1.30597e+45 4.64348e+42 0 0 1
0.0392419 7.55209e+48 7.55209e+48 7.5521e+48 7.5521e+48 7.5521e+48 0 0 4.69172e+49 1.13092e+45 4.64348e+42 0 0 1
0.0453158 5.65538e+48 5.65538e+48 5.65538e+48 5.65539e+48 5.65539e+48 0 0 5.3987e+49 9.7934e+44 4.64348e+42 0 0 1
0.0523299 4.2339e+48 4.2339e+48 4.2339e+48 4.2339e+48 4.2339e+48 0 0 6.20876e+49 8.48073e+44 4.64348e+42 0 0 1
0.0604296 3.16901e+48 3.16901e+48 3.16901e+48 3.16901e+48 3.16901e+48 0 0 7.13578e+49 7.34401e+44 4.64348e+42 0 0 1
0.0697831 2.37152e+48 2.37152e+48 2.37152e+48 2.37153e+48 2.37153e+48 0 0 8.19511e+49 6.35965e+44 4.64348e+42 0 0 1
0.0805842 1.77449e+48 1.77449e+48 1.77449e+48 1.77449e+48 1.77449e+48 0 0 9.40358e+49 5.50723e+44 4.64348e+42 0 0 1
0.0930572 1.32762e+48 1.32762e+48 1.32762e+48 1.32762e+48 1.32762e+48 0 0 1.07795e+50 4.76906e+44 4.64348e+42 0 0 1
0.107461 9.93233e+47 9.93233e+47 9.93233e+47 9.93233e+47 9.93233e+47 0 0 1.23423e+50 4.12984e+44 4.64348e+42 0 0 1
0.124094 7.43052e+47 7.43052e+47 7.43052e+47 7.43052e+47 7.43052e+47 0 0 1.41128e+50 3.57629e+44 4.64348e+42 0 0 1
0.143301 5.55897e+47 5.55897e+47 5.55897e+47 5.55898e+47 5.55898e+47 0 0 1.61119e+50 3.09694e+44 4.64348e+42 0 0 1
0.165482 4.15906e+47 4.15906e+47 4.15906e+47 4.15906e+47 4.15906e+47 0 0 1.83608e+50 2.68184e+44 4.64348e+42 0 0 1
0.191095 3.11199e+47 3.11199e+47 3.11199e+47 3.11199e+47 3.11199e+47 0 0 2.08792e+50 2.32238e+44 4.64348e+42 0 0 1
0.220673 2.32884e+47 2.32884e+47 2.32884e+47 2.32884e+47 2.32884e+47 0 0 2.36845e+50 2.0111e+44 4.64348e+42 0 0 1
0.25483 1.74307e+47 1.74307e+47 1.74307e+47 1.74307e+47 1.74307e+47 0 0 2.67894e+50 1.74154e+44 4.64348e+42 0 0 1
0.294273 1.30492e+47 1.30492e+47 1.30492e+47 1.30492e+47 1.30492e+47 0 0 3.01993e+50 1.50811e+44 4.64348e+42 0 0 1
0.339821 9.7714e+46 9.7714e+46 9.7714e+46 9.7714e+46 9.7714e+46 0 0 3.39091e+50 1.30597e+44 4.64348e+42 0 0 1
0.392419 7.31905e+46 7.31905e+46 7.31905e+46 7.31905e+46 7.31905e+46 0 0 3.78989e+50 1.13092e+44 4.64348e+42 0 0 1
0.453158 5.48392e+46 5.48392e+46 5.48392e+46 5.48392e+46 5.48392e+46 0 0 4.21284e+50 9.79336e+43 4.64348e+42 0 0 1
0.523299 4.1104e+46 4.1104e+46 4.1104e+46 4.1104e+46 4.1104e+46 0 0 4.65307e+50 8.48069e+43 4.64348e+42 0 0 1
0.604296 3.0821e+46 3.0821e+46 3.0821e+46 3.0821e+46 3.0821e+46 0 0 5.10058e+50 7.34397e+43 4.64348e+42 0 0 1
0.697831 2.31205e+46 2.31205e+46 2.31205e+46 2.31205e+46 2.31205e+46 0 0 5.54128e+50 6.35961e+43 4.64348e+42 0 0 1
0.805842 1.7352e+46 1.7352e+46 1.7352e+46 1.7352e+46 1.7352e+46 0 0 5.95641e+50 5.50719e+43 4.64348e+42 0 0 1
0.930572 1.30292e+46 1.30292e+46 1.30292e+46 1.30292e+46 1.30292e+46 0 0 6.32214e+50 4.76903e+43 4.64348e+42 0 0 1
1.07461 9.78853e+45 9.78853e+45 9.78853e+45 9.78853e+45 9.78853e+45 0 0 6.60975e+50 4.1298e+43 4.64348e+42 0 0 1
1.24094 7.35806e+45 7.35806e+45 7.35806e+45 7.35806e+45 7.35806e+45 0 0 6.7867e+50 3.57625e+43 4.64348e+42 0 0 1
1.43301 5.53439e+45 5.53439e+45 5.53439e+45 5.53439e+45 5.53439e+45 0 0 6.81898e+50 3.0969e+43 4.64348e+42 0 0 1
1.65482 4.16535e+45 4.16535e+45 4.16535e+45 4.16535e+45 4.16535e+45 0 0 6.6753e+50 2.6818e+43 4.64348e+42 0 0 1
1.91095 3.13705e+45 3.13705e+45 3.13705e+45 3.13705e+45 3.13705e+45 0 0 6.33314e+50 2.32234e+43 4.64348e+42 0 0 1
2.20673 2.36426e+45 2.36426e+45 2.36426e+45 2.36426e+45 2.36426e+45 0 0 5.78634e+50 2.01106e+43 4.64348e+42 0 0 1
2.5483 1.78314e+45 1.78314e+45 1.78314e+45 1.78314e+45 1.78314e+45 0 0 5.05275e+50 1.7415e+43 4.64348e+42 0 0 1
2.94273 1.34586e+45 1.34586e+45 1.34586e+45 1.34586e+45 1.34586e+45 0 0 4.17915e+50 1.50807e+43 4.64348e+42 0 0 1
3.39821 1.01661e+45 1.01661e+45 1.01661e+45 1.01661e+45 1.01661e+45 0 0 3.23978e+50 1.30593e+43 4.64348e+42 0 0 1
3.92419 7.68513e+44 7.68513e+44 7.68513e+44 7.68513e+44 7.68513e+44 0 0 2.32557e+50 1.13088e+43 4.64348e+42 0 0 1
4.53158 5.81438e+44 5.81438e+44 5.81438e+44 5.81438e+44 5.81438e+44 0 0 1.52436e+50 9.79296e+42 4.64348e+42 0 0 1
5.23299 4.40265e+44 4.40265e+44 4.40265e+44 4.40265e+44 4.40265e+44 0 0 8.98112e+49 8.4803e+42 4.64348e+42 0 0 1
6.04296 3.33647e+44 3.33647e+44 3.33647e+44 3.33647e+44 3.33647e+44 0 0 4.6721e+49 7.34358e+42 4.64348e+42 0 0 1
6.97831 2.53061e+44 2.53061e+44 2.53061e+44 2.53061e+44 2.53061e+44 0 0 2.10311e+49 6.35922e+42 4.64348e+42 0 0 1
8.05842 1.92098e+44 1.92098e+44 1.92098e+44 1.92098e+44 1.92098e+44 0 0 8.00599e+48 5.5068e+42 4.64348e+42 0 0 1
9.30572 1.45941e+44 1.45941e+44 1.45941e+44 1.45941e+44 1.45941e+44 0 0 2.51059e+48 4.76863e+42 4.64348e+42 0 0 1
10.7461 1.10963e+44 1.10963e+44 1.10963e+44 1.10963e+44 1.10963e+44 0 0 6.29307e+47 4.1294e+42 4.64348e+42 0 0 1
12.4094 8.44341e+43 8.44341e+43 8.44341e+43 8.44341e+43 8.44341e+43 0 0 1.21786e+47 3.57586e+42 4.64348e+42 0 0 1
14.3301 6.42948e+43 6.42948e+43 6.42948e+43 6.42948e+43 6.42948e+43 0 0 1.74817e+46 3.09651e+42 4.64348e+42 0 0 1
16.5482 4.89932e+43 4.89932e+43 4.89932e+43 4.89932e+43 4.89932e+43 0 0 1.77722e+45 2.68141e+42 4.64348e+42 0 0 1
19.1095 3.73573e+43 3.73573e+43 3.73573e+43 3.73573e+43 3.73573e+43 0 0 1.21304e+44 2.32194e+42 4.64348e+42 0 0 1
22.0673 2.85014e+43 2.85014e+43 2.85014e+43 2.85014e+43 2.85014e+43 0 0 5.22647e+42 2.01066e+42 4.64348e+42 0 0 1
25.483 2.1756e+43 2.1756e+43 2.1756e+43 2.1756e+43 2.1756e+43 0 0 1.32377e+41 1.7411e+42 4.64348e+42 0 0 1
29.4273 1.66141e+43 1.66141e+43 1.66142e+43 1.66142e+43 1.66142e+43 0 0 1.81541e+39 1.50767e+42 4.64348e+42 0 0 1
33.9821 1.26919e+43 1.26919e+43 1.26919e+43 1.26919e+43 1.26919e+43 0 0 1.2259e+37 1.30553e+42 4.64348e+42 0 0 1
39.2419 9.69793e+42 9.69793e+42 9.69793e+42 9.69793e+42 9.69793e+42 0 0 3.65285e+34 1.13049e+42 4.64348e+42 0 0 1
45.3158 7.41128e+42 7.41128e+42 7.41128e+42 7.41128e+42 7.41128e+42 0 0 4.23163e+31 9.78901e+41 4.64348e+42 0 0 1
52.3299 5.66395e+42 5.66395e+42 5.66395e+42 5.66395e+42 5.66395e+42 0 0 1.64656e+28 8.47634e+41 4.64348e+42 0 0 1
60.4296 4.3282e+42 4.3282e+42 4.32821e+42 4.32821e+42 4.32821e+42 0 0 1.81762e+24 7.33962e+41 4.64348e+42 0 0 1
69.7831 3.30677e+42 3.30677e+42 3.30678e+42 3.30678e+42 3.30678e+42 0 0 4.68379e+19 6.35526e+41 4.64348e+42 0 0 1
80.5842 2.52555e+42 2.52555e+42 2.52555e+42 2.52555e+42 2.52555e+42 0 0 2.24939e+14 5.50284e+41 4.64348e+42 0 0 1
93.0572 1.928e+42 1.928e+42 1.928e+42 1.928e+42 1.928e+42 0 0 1.55228e+08 4.76468e+41 4.64348e+42 0 0 1
107.461 1.47097e+42 1.47097e+42 1.47097e+42 1.47097e+42 1.47097e+42 0 0 11.3999 4.12545e+41 4.64348e+42 0 0 1
124.094 1.12149e+42 1.12149e+42 1.12149e+42 1.12149e+42 1.12149e+42 0 0 6.29885e-08 3.57191e+41 4.64348e+42 0 0 1
143.301 8.54333e+41 8.54333e+41 8.54334e+41 8.54334e+41 8.54334e+41 0 0 1.75444e-17 3.09256e+41 4.64348e+42 0 0 1
165.482 6.50215e+41 6.50215e+41 6.50216e+41 6.50216e+41 6.50216e+41 0 0 1.55134e-28 2.67745e+41 4.64348e+42 0 0 1
191.095 4.94358e+41 4.94358e+41 4.94358e+41 4.94358e+41 4.94358e+41 0 0 2.55302e-41 2.31799e+41 4.64348e+42 0 0 1
220.673 3.75442e+41 3.75442e+41 3.75442e+41 3.75442e+41 3.75442e+41 0 0 4.22062e-56 2.00671e+41 4.64348e+42 0 0 1
254.83 2.84793e+41 2.84793e+41 2.84794e+41 2.84794e+41 2.84794e+41 0 0 3.43885e-73 1.73715e+41 4.64348e+42 0 0 1
294.273 2.15763e+41 2.15763e+41 2.15763e+41 2.15763e+41 2.15763e+41 0 0 6.06789e-93 1.50372e+41 4.64348e+42 0 0 1
339.821 1.63255e+41 1.63255e+41 1.63255e+41 1.63255e+41 1.63255e+41 0 0 8.97116e-116 1.30158e+41 4.64348e+42 0 0 1
392.419 1.23362e+41 1.23362e+41 1.23362e+41 1.23362e+41 1.23362e+41 0 0 3.71201e-142 1.12654e+41 4.64348e+42 0 0 1
453.158 9.30941e+40 9.30941e+40 9.30943e+40 9.30943e+40 9.30943e+40 0 0 1.21164e-172 9.74956e+40 4.64348e+42 0 0 1
523.299 7.01592e+40 7.01592e+40 7.01593e+40 7.01593e+40 7.01593e+40 0 0 7.22882e-208 8.43691e+40 4.64348e+42 0 0 1
604.296 5.2805e+40 5.2805e+40 5.28051e+40 5.28051e+40 5.28051e+40 0 0 1.45656e-248 7.30021e+40 4.64348e+42 0 0 1
697.831 3.96922e+40 3.96922e+40 3.96922e+40 3.96922e+40 3.96922e+40 0 0 0 6.31587e+40 4.64348e+42 0 0 1
805.842 2.9798e+40 2.9798e+40 2.97981e+40 2.97981e+40 2.97981e+40 0 0 0 5.46347e+40 4.64348e+42 0 0 1
930.572 2.23431e+40 2.23431e+40 2.23431e+40 2.23431e+40 2.23431e+40 0 0 0 4.72533e+40 4.64348e+42 0 0 1
1074.61 1.67337e+40 1.67337e+40 1.67337e+40 1.67337e+40 1.67337e+40 0 0 0 4.08614e+40 4.64348e+42 0 0 1
1240.94 1.25186e+40 1.25186e+40 1.25187e+40 1.25187e+40 1.25187e+40 0 0 0 3.53263e+40 4.64348e+42 0 0 1
1433.01 9.35546e+39 9.35546e+39 9.3555e+39 9.3555e+39 9.3555e+39 0 0 0 3.05332e+40 4.64348e+42 0 0 1
1654.82 6.98465e+39 6.98465e+39 6.98469e+39 6.98469e+39 6.98469e+39 0 0 0 2.63826e+40 4.64348e+42 0 0 1
1910.95 5.20983e+39 5.20983e+39 5.20987e+39 5.20987e+39 5.20987e+39 0 0 0 2.27886e+40 4.64348e+42 0 0 1
2206.73 3.88269e+39 3.88269e+39 3.88272e+39 3.88272e+39 3.88272e+39 0 0 0 1.96764e+40 4.64348e+42 0 0 1
2548.3 2.89135e+39 2.89135e+39 2.89138e+39 2.89138e+39 2.89138e+39 0 0 0 1.69815e+40 4.64348e+42 0 0 1
2942.73 2.1516e+39 2.1516e+39 2.15162e+39 2.15162e+39 2.15162e+39 0 0 0 1.46481e+40 4.64348e+42 0 0 1
3398.21 1.6001e+39 1.6001e+39 1.60011e+39 1.60011e+39 1.60011e+39 0 0 0 1.26276e+40 4.64348e+42 0 0 1
3924.19 1.18929e+39 1.18929e+39 1.18931e+39 1.18931e+39 1.18931e+39 0 0 0 1.08783e+40 4.64348e+42 0 0 1
4531.58 8.83538e+38 8.83538e+38 8.83552e+38 8.83552e+38 8.83552e+38 0 0 0 9.36374e+39 4.64348e+42 0 0 1
5232.99 6.56133e+38 6.56133e+38 6.56145e+38 6.56145e+38 6.56145e+38 0 0 0 8.05256e+39 4.64348e+42 0 0 1
6042.96 4.8711e+38 4.8711e+38 4.8712e+38 4.8712e+38 4.8712e+38 0 0 0 6.91754e+39 4.64348e+42 0 0 1
6978.31 3.6155e+38 3.6155e+38 3.61559e+38 3.61559e+38 3.61559e+38 0 0 0 5.93513e+39 4.64348e+42 0 0 1
8058.42 2.68323e+38 2.68323e+38 2.6833e+38 2.6833e+38 2.6833e+38 0 0 0 5.08495e+39 4.64348e+42 0 0 1
9305.72 1.99129e+38 1.99129e+38 1.99135e+38 1.99135e+38 1.99135e+38 0 0 0 4.34935e+39 4.64348e+42 0 0 1
10746.1 1.4779e+38 1.4779e+38 1.47795e+38 1.47795e+38 1.47795e+38 0 0 0 3.71306e+39 4.64348e+42 0 0 1
12409.4 1.09705e+38 1.09705e+38 1.09709e+38 1.09709e+38 1.09709e+38 0 0 0 3.16286e+39 4.64348e+42 0 0 1
14330.1 8.14556e+37 8.14556e+37 8.14593e+37 8.14593e+37 8.14593e+37 0 0 0 2.68734e+39 4.64348e+42 0 0 1
16548.2 6.05025e+37 6.05025e+37 6.05055e+37 6.05055e+37 6.05055e+37 0 0 0 2.2766e+39 4.64348e+42 0 0 1
19109.5 4.49593e+37 4.49593e+37 4.49619e+37 4.49619e+37 4.49619e+37 0 0 0 1.9221e+39 4.64348e+42 0 0 1
22067.3 3.34269e+37 3.34269e+37 3.34291e+37 3.34291e+37 3.34291e+37 0 0 0 1.61645e+39 4.64348e+42 0 0 1
25483 2.48676e+37 2.48676e+37 2.48694e+37 2.48694e+37 2.48694e+37 0 0 0 1.35325e+39 4.64348e+42 0 0 1
29427.3 1.85121e+37 1.85121e+37 1.85137e+37 1.85137e+37 1.85137e+37 0 0 0 1.127e+39 4.64348e+42 0 0 1
33982.1 1.37906e+37 1.37906e+37 1.37919e+37 1.37919e+37 1.37919e+37 0 0 0 9.3292e+38 4.64348e+42 0 0 1
39241.9 1.02808e+37 1.02808e+37 1.02818e+37 1.02818e+37 1.02818e+37 0 0 0 7.66894e+38 4.64348e+42 0 0 1
45315.8 7.66983e+36 7.66983e+36 7.67069e+36 7.67069e+36 7.67069e+36 0 0 0 6.25357e+38 4.64348e+42 0 0 1
52329.9 5.72606e+36 5.72606e+36 5.72677e+36 5.72677e+36 5.72677e+36 0 0 0 5.0522e+38 4.64348e+42 0 0 1
60429.6 4.2778e+36 4.2778e+36 4.27839e+36 4.27839e+36 4.27839e+36 0 0 0 4.03802e+38 4.64348e+42 0 0 1
69783.1 3.19782e+36 3.19782e+36 3.1983e+36 3.1983e+36 3.1983e+36 0 0 0 3.18763e+38 4.64348e+42 0 0 1
80584.2 2.39179e+36 2.39179e+36 2.39218e+36 2.39218e+36 2.39218e+36 0 0 0 2.48055e+38 4.64348e+42 0 0 1
93057.2 1.78971e+36 1.78971e+36 1.79002e+36 1.79002e+36 1.79002e+36 0 0 0 1.89865e+38 4.64348e+42 0 0 1
107461 1.33963e+36 1.33963e+36 1.33989e+36 1.33989e+36 1.33989e+36 0 0 0 1.42576e+38 4.64348e+42 0 0 1
124094 1.00295e+36 1.00295e+36 1.00316e+36 1.00316e+36 1.00316e+36 0 0 0 1.0473e+38 4.64348e+42 0 0 1
143301 7.50952e+35 7.50952e+35 7.51111e+35 7.51111e+35 7.51111e+35 0 0 0 7.49948e+37 4.64348e+42 0 0 1
165482 5.62242e+35 5.62242e+35 5.62367e+35 5.62367e+35 5.62367e+35 0 0 0 5.21458e+37 4.64348e+42 0 0 1
191095 4.20884e+35 4.20884e+35 4.20982e+35 4.20982e+35 4.20982e+35 0 0 0 3.50476e+37 4.64348e+42 0 0 1
220673 3.14977e+35 3.14977e+35 3.15052e+35 3.15052e+35 3.15052e+35 0 0 0 2.26497e+37 4.64348e+42 0 0 1
254830 2.35628e+35 2.35628e+35 2.35686e+35 2.35686e+35 2.35686e+35 0 0 0 1.39894e+37 4.64348e+42 0 0 1
294273 1.76184e+35 1.76184e+35 1.76229e+35 1.76229e+35 1.76229e+35 0 0 0 8.2001e+36 4.64348e+42 0 0 1
339821 1.31665e+35 1.31665e+35 1.31699e+35 1.31699e+35 1.31699e+35 0 0 0 4.52491e+36 4.64348e+42 0 0 1
392419 9.83348e+34 9.83348e+34 9.83605e+34 9.83605e+34 9.83605e+34 0 0 0 2.32868e+36 4.64348e+42 0 0 1
453158 7.33946e+34 7.33946e+34 7.34139e+34 7.34139e+34 7.34139e+34 0 0 0 1.10568e+36 4.64348e+42 0 0 1
523299 5.47429e+34 5.47429e+34 5.47574e+34 5.47574e+34 5.47574e+34 9.72168e+26 2.41172e+31 0 4.78365e+35 4.64348e+42 0 0 1
604296 4.08031e+34 4.08031e+34 4.08138e+34 4.08138e+34 4.08138e+34 1.49754e+27 2.42213e+31 0 1.85884e+35 4.64348e+42 0 0 1
697831 3.03918e+34 3.03918e+34 3.03997e+34 3.03997e+34 3.03997e+34 2.02291e+27 2.43255e+31 0 6.38054e+34 4.64348e+42 0 0 1
805842 2.26214e+34 2.26214e+34 2.26272e+34 2.26272e+34 2.26272e+34 2.54828e+27 2.44296e+31 0 1.89788e+34 4.64348e+42 0 0 1
930572 1.68263e+34 1.68263e+34 1.68305e+34 1.68305e+34 1.68305e+34 3.07365e+27 2.45337e+31 0 4.78466e+33 4.64348e+42 0 0 1
1.07461e+06 1.25075e+34 1.25075e+34 1.25105e+34 1.25105e+34 1.25105e+34 3.89214e+27 2.46535e+31 0 9.96509e+32 4.64348e+42 0 0 1
1.24094e+06 9.29125e+33 9.29125e+33 9.29346e+33 9.29346e+33 9.29346e+33 5.22187e+27 2.46862e+31 0 1.66465e+32 4.64348e+42 0 0 1
1.43301e+06 6.89785e+33 6.89785e+33 6.89943e+33 6.89943e+33 6.89943e+33 6.97278e+27 2.47281e+31 0 2.15549e+31 4.64348e+42 0 0 1
1.65482e+06 5.11802e+33 5.11802e+33 5.11915e+33 5.11915e+33 5.11915e+33 9.28672e+27 2.4782e+31 0 2.07985e+30 4.64348e+42 0 0 1
1.91095e+06 3.79536e+33 3.79536e+33 3.79617e+33 3.79617e+33 3.79617e+33 1.2593e+28 2.48568e+31 0 1.42892e+29 4.64348e+42 0 0 1
2.20673e+06 2.8131e+33 2.8131e+33 2.81367e+33 2.81367e+33 2.81367e+33 1.68339e+28 2.4954e+31 0 6.63196e+27 4.64348e+42 0 0 1
2.5483e+06 2.08408e+33 2.08408e+33 2.08447e+33 2.08447e+33 2.08447e+33 2.2404e+28 2.50816e+31 0 1.9569e+26 4.64348e+42 0 0 1
2.94273e+06 1.54332e+33 1.54332e+33 1.5436e+33 1.5436e+33 1.5436e+33 2.97933e+28 2.5249e+31 0 3.42246e+24 4.64348e+42 0 0 1
3.39821e+06 1.14244e+33 1.14244e+33 1.14263e+33 1.14263e+33 1.14263e+33 4.04402e+28 2.54827e+31 0 3.27185e+22 4.64348e+42 0 0 1
3.92419e+06 8.45402e+32 8.45402e+32 8.45538e+32 8.45538e+32 8.45538e+32 5.43345e+28 2.57859e+31 0 1.55715e+20 4.64348e+42 0 0 1
4.53158e+06 6.25415e+32 6.25415e+32 6.25509e+32 6.25509e+32 6.25509e+32 7.30631e+28 2.61768e+31 0 3.31182e+17 4.64348e+42 0 0 1
5.23299e+06 4.62563e+32 4.62563e+32 4.62629e+32 4.62629e+32 4.62629e+32 9.80464e+28 2.66712e+31 0 2.77879e+14 4.64348e+42 0 0 1
6.04296e+06 3.42061e+32 3.42061e+32 3.42106e+32 3.42106e+32 3.42106e+32 1.33371e+29 2.73268e+31 0 7.96481e+10 4.64348e+42 0 0 1
6.97831e+06 2.52931e+32 2.52931e+32 2.52962e+32 2.52962e+32 2.52962e+32 1.79039e+29 2.80996e+31 0 6.60425e+06 4.64348e+42 0 0 1
8.05842e+06 1.87035e+32 1.87035e+32 1.87057e+32 1.87057e+32 1.87057e+32 2.3858e+29 2.90127e+31 0 130.745 4.64348e+42 0 0 1
9.30572e+06 1.38344e+32 1.38344e+32 1.38359e+32 1.38359e+32 1.38359e+32 3.16775e+29 3.00473e+31 0 0.000495104 4.64348e+42 0 0 1
1.07461e+07 1.02397e+32 1.02397e+32 1.02407e+32 1.02407e+32 1.02407e+32 4.21744e+29 3.12866e+31 0 2.77623e-10 4.64348e+42 0 0 1
1.24094e+07 7.58782e+31 7.58782e+31 7.58854e+31 7.58854e+31 7.58854e+31 5.49782e+29 3.25044e+31 0 1.71517e-17 4.64348e+42 0 0 1
1.43301e+07 5.63407e+31 5.63407e+31 5.63458e+31 5.63458e+31 5.63458e+31 7.03735e+29 3.3694e+31 0 8.29818e-26 4.64348e+42 0 0 1
1.65482e+07 4.19724e+31 4.19724e+31 4.19759e+31 4.19759e+31 4.19759e+31 8.84598e+29 3.47985e+31 0 2.11968e-35 4.64348e+42 0 0 1
1.91095e+07 3.14394e+31 3.14394e+31 3.14419e+31 3.14419e+31 3.14419e+31 1.10005e+30 3.57506e+31 0 1.81322e-46 4.64348e+42 0 0 1
2.20673e+07 2.37289e+31 2.37289e+31 2.37307e+31 2.37307e+31 2.37307e+31 1.32918e+30 3.6572e+31 0 3.07048e-59 4.64348e+42 0 0 1
2.5483e+07 1.81118e+31 1.81118e+31 1.8113e+31 1.8113e+31 1.8113e+31 1.57609e+30 3.71483e+31 0 5.60887e-74 4.64348e+42 0 0 1
2.94273e+07 1.40266e+31 1.40266e+31 1.40276e+31 1.40276e+31 1.40276e+31 1.82158e+30 3.71555e+31 0 5.48263e-91 4.64348e+42 0 0 1
3.39821e+07 1.10675e+31 1.10675e+31 1.10682e+31 1.10682e+31 1.10682e+31 2.0602e+30 3.64919e+31 0 1.2763e-110 4.64348e+42 0 0 1
3.92419e+07 8.9099e+30 8.9099e+30 8.91046e+30 8.91046e+30 8.91046e+30 2.26354e+30 3.51394e+31 0 2.77809e-133 4.64348e+42 0 0 1
4.53158e+07 7.3434e+30 7.3434e+30 7.34385e+30 7.34385e+30 7.34385e+30 2.43997e+30 3.33361e+31 0 1.92094e-159 4.64348e+42 0 0 1
5.23299e+07 6.19584e+30 6.19584e+30 6.1962e+30 6.1962e+30 6.1962e+30 2.57892e+30 3.12568e+31 0 1.21289e-189 4.64348e+42 0 0 1
6.04296e+07 5.32608e+30 5.32608e+30 5.32638e+30 5.32638e+30 5.32638e+30 2.65867e+30 2.86968e+31 0 1.65742e-224 4.64348e+42 0 0 1
6.97831e+07 4.63978e+30 4.63978e+30 4.64004e+30 4.64004e+30 4.64004e+30 2.67307e+30 2.57131e+31 0 9.29695e-265 4.64348e+42 0 0 1
8.05842e+07 4.07752e+30 4.07752e+30 4.07775e+30 4.07775e+30 4.07775e+30 2.62782e+30 2.23554e+31 0 0 4.64348e+42 0 0 1
9.30572e+07 3.59283e+30 3.59283e+30 3.59303e+30 3.59303e+30 3.59303e+30 2.52455e+30 1.87412e+31 0 0 4.64348e+42 0 0 1
1.07461e+08 3.15039e+30 3.15039e+30 3.15056e+30 3.15056e+30 3.15056e+30 2.36345e+30 1.50752e+31 0 0 4.64348e+42 13.3986 0 1
1.24094e+08 2.75542e+30 2.75542e+30 2.75557e+30 2.75557e+30 2.75557e+30 2.17596e+30 1.19326e+31 0 0 4.64348e+42 11.7709 0 1
1.43301e+08 2.38739e+30 2.38739e+30 2.38752e+30 2.38752e+30 2.38752e+30 1.96089e+30 9.27784e+30 0 0 4.64348e+42 10.3409 0 1
1.65482e+08 2.03923e+30 2.03923e+30 2.03934e+30 2.03934e+30 2.03934e+30 1.72546e+30 7.09892e+30 0 0 4.64348e+42 9.08468 0 1
1.91095e+08 1.69743e+30 1.69743e+30 1.69753e+30 1.69753e+30 1.69753e+30 1.46668e+30 5.2927e+30 0 0 4.64348e+42 7.98104 0 1
2.20673e+08 1.39842e+30 1.39842e+30 1.39849e+30 1.39849e+30 1.39849e+30 1.22879e+30 3.9667e+30 0 0 4.64348e+42 7.01148 0 1
2.5483e+08 1.13327e+30 1.13327e+30 1.13333e+30 1.13333e+30 1.13333e+30 1.00859e+30 2.93944e+30 0 0 4.64348e+42 6.1597 0 1
2.94273e+08 9.0254e+29 9.0254e+29 9.02591e+29 9.02591e+29 9.02591e+29 8.10901e+29 2.15417e+30 0 0 4.64348e+42 5.4114 0 1
3.39821e+08 6.99378e+29 6.99378e+29 6.99419e+29 6.99419e+29 6.99419e+29 6.32011e+29 1.55068e+30 0 0 4.64348e+42 4.96375 0 1
3.92419e+08 5.40394e+29 5.40394e+29 5.40426e+29 5.40426e+29 5.40426e+29 4.90857e+29 1.13449e+30 0 0 4.64348e+42 4.754 0 1
4.53158e+08 4.11885e+29 4.11885e+29 4.11909e+29 4.11909e+29 4.11909e+29 3.75448e+29 8.2619e+29 0 0 4.64348e+42 4.55312 0 1
5.23299e+08 3.0905e+29 3.0905e+29 3.09069e+29 3.09069e+29 3.09069e+29 2.82244e+29 5.99169e+29 0 0 4.64348e+42 4.36073 0 1
6.04296e+08 2.29078e+29 2.29078e+29 2.29092e+29 2.29092e+29 2.29092e+29 2.09357e+29 4.29946e+29 0 0 4.64348e+42 4.17647 0 1
6.97831e+08 1.71815e+29 1.71815e+29 1.71826e+29 1.71826e+29 1.71826e+29 1.5731e+29 3.14885e+29 0 0 4.64348e+42 4 0 1
8.05842e+08 1.28159e+29 1.28159e+29 1.28167e+29 1.28167e+29 1.28167e+29 1.17493e+29 2.30232e+29 0 0 4.64348e+42 3.83098 0 1
9.30572e+08 9.49619e+28 9.49619e+28 9.49681e+28 9.49681e+28 9.49681e+28 8.71215e+28 1.67934e+29 0 0 4.64348e+42 3.6691 0 1
1.07461e+09 6.95009e+28 6.95009e+28 6.95055e+28 6.95055e+28 6.95055e+28 6.37394e+28 1.2076e+29 0 0 4.64348e+42 3.68232 0 1
1.24094e+09 5.19282e+28 5.19282e+28 5.19317e+28 5.19317e+28 5.19317e+28 4.76954e+28 8.88492e+28 0 0 4.64348e+42 3.87255 0 1
1.43301e+09 3.88524e+28 3.88524e+28 3.88551e+28 3.88551e+28 3.88551e+28 3.57433e+28 6.51959e+28 0 0 4.64348e+42 4.0726 0 1
1.65482e+09 2.89826e+28 2.89826e+28 2.89847e+28 2.89847e+28 2.89847e+28 2.66991e+28 4.76954e+28 0 0 4.64348e+42 4.28299 0 1
1.91095e+09 2.13727e+28 2.13727e+28 2.13743e+28 2.13743e+28 2.13743e+28 1.9696e+28 3.43209e+28 0 0 4.64348e+42 4.50425 0 1
2.20673e+09 1.60708e+28 1.60708e+28 1.6072e+28 1.6072e+28 1.6072e+28 1.484e+28 2.53068e+28 0 0 4.64348e+42 4.73693 0 1
2.5483e+09 1.20512e+28 1.20512e+28 1.20521e+28 1.20521e+28 1.20521e+28 1.11481e+28 1.86083e+28 0 0 4.64348e+42 4.98164 0 1
2.94273e+09 8.99728e+27 8.99728e+27 8.99797e+27 8.99797e+27 8.99797e+27 8.33488e+27 1.36392e+28 0 0 4.64348e+42 5.23898 0 1
3.39821e+09 6.60587e+27 6.60587e+27 6.60639e+27 6.60639e+27 6.60639e+27 6.12026e+27 9.83317e+27 0 0 4.64348e+42 5.50962 0 1
3.92419e+09 4.9532e+27 4.9532e+27 4.9536e+27 4.9536e+27 4.9536e+27 4.59743e+27 7.25574e+27 0 0 4.64348e+42 5.79425 0 1
4.53158e+09 3.70263e+27 3.70263e+27 3.70293e+27 3.70293e+27 3.70293e+27 3.44217e+27 5.33477e+27 0 0 4.64348e+42 6.09357 0 1
5.23299e+09 2.75877e+27 2.75877e+27 2.75899e+27 2.75899e+27 2.75899e+27 2.56824e+27 3.90643e+27 0 0 4.64348e+42 6.40836 0 1
6.04296e+09 2.01717e+27 2.01717e+27 2.01734e+27 2.01734e+27 2.01734e+27 1.87794e+27 2.81592e+27 0 0 4.64348e+42 6.73941 0 1
6.97831e+09 1.50961e+27 1.50961e+27 1.50974e+27 1.50974e+27 1.50974e+27 1.40799e+27 2.07555e+27 0 0 4.64348e+42 7.08756 0 1
8.05842e+09 1.1262e+27 1.1262e+27 1.1263e+27 1.1263e+27 1.1263e+27 1.05216e+27 1.52565e+27 0 0 4.64348e+42 7.4537 0 1
9.30572e+09 8.35136e+26 8.35136e+26 8.3521e+26 8.3521e+26 8.3521e+26 7.81286e+26 1.1183e+27 0 0 4.64348e+42 7.83875 0 1
1.07461e+10 6.09067e+26 6.09067e+26 6.09122e+26 6.09122e+26 6.09122e+26 5.69992e+26 8.08642e+26 0 0 4.64348e+42 8.79523 0 1
1.24094e+10 4.5229e+26 4.5229e+26 4.52331e+26 4.52331e+26 4.52331e+26 4.24016e+26 5.98008e+26 0 0 4.64348e+42 10.5286 0 1
1.43301e+10 3.33897e+26 3.33897e+26 3.33928e+26 3.33928e+26 3.33928e+26 3.13504e+26 4.41131e+26 0 0 4.64348e+42 12.6037 0 1
1.65482e+10 2.45728e+26 2.45728e+26 2.45751e+26 2.45751e+26 2.45751e+26 2.31074e+26 3.2441e+26 0 0 4.64348e+42 15.0877 0 1
1.91095e+10 1.77607e+26 1.77607e+26 1.77624e+26 1.77624e+26 1.77624e+26 1.67122e+26 2.346e+26 0 0 4.64348e+42 18.0612 0 1
2.20673e+10 1.31123e+26 1.31123e+26 1.31136e+26 1.31136e+26 1.31136e+26 1.23659e+26 1.736e+26 0 0 4.64348e+42 21.6208 34.7254 1
2.5483e+10 9.64711e+25 9.64711e+25 9.64807e+25 9.64807e+25 9.64807e+25 9.11911e+25 1.28035e+26 0 0 4.64348e+42 25.882 22.9578 1
2.94273e+10 7.07492e+25 7.07492e+25 7.07564e+25 7.07564e+25 7.07564e+25 6.70491e+25 9.41003e+25 0 0 4.64348e+42 30.9829 15.5417 1
3.39821e+10 5.09188e+25 5.09188e+25 5.09241e+25 5.09241e+25 5.09241e+25 4.83726e+25 6.79003e+25 0 0 4.64348e+42 37.0892 10.7604 1
3.92419e+10 3.75233e+25 3.75233e+25 3.75273e+25 3.75273e+25 3.75273e+25 3.58458e+25 5.02465e+25 0 0 4.64348e+42 44.3989 7.61059 1
4.53158e+10 2.74951e+25 2.74951e+25 2.74983e+25 2.74983e+25 2.74983e+25 2.65042e+25 3.70897e+25 0 0 4.64348e+42 53.1492 5.49245 1
5.23299e+10 1.99851e+25 1.99851e+25 1.99877e+25 1.99877e+25 1.99877e+25 1.95646e+25 2.73003e+25 0 0 4.64348e+42 63.6242 4.04008 1
6.04296e+10 1.41506e+25 1.41506e+25 1.41527e+25 1.41527e+25 1.41527e+25 1.42021e+25 1.97256e+25 0 0 4.64348e+42 76.1635 3.02568 1
6.97831e+10 1.01333e+25 1.01333e+25 1.01352e+25 1.01352e+25 1.01352e+25 1.058e+25 1.46309e+25 0 0 4.64348e+42 91.1742 2.3047 1
8.05842e+10 7.12574e+24 7.12574e+24 7.12742e+24 7.12742e+24 7.12742e+24 7.86017e+24 1.0826e+25 0 0 4.64348e+42 109.143 1.78376 1
9.30572e+10 4.92163e+24 4.92163e+24 4.92315e+24 4.92315e+24 4.92315e+24 5.82318e+24 7.98703e+24 0 0 4.64348e+42 130.654 1.40144 1
1.07461e+11 3.29542e+24 3.29542e+24 3.29673e+24 3.29673e+24 3.29673e+24 4.23224e+24 5.77851e+24 0 0 4.64348e+42 156.404 1.11671 1
1.24094e+11 2.24155e+24 2.24155e+24 2.24268e+24 2.24268e+24 2.24268e+24 3.15111e+24 4.29068e+24 0 0 4.64348e+42 187.229 0.901709 1
1.43301e+11 1.51572e+24 1.51572e+24 1.51668e+24 1.51668e+24 1.51668e+24 2.33789e+24 3.17673e+24 0 0 4.64348e+42 224.128 0.737233 1
1.65482e+11 1.02334e+24 1.02334e+24 1.02412e+24 1.02412e+24 1.02412e+24 1.72771e+24 2.34395e+24 0 0 4.64348e+42 268.301 0.609868 1
1.91095e+11 6.81762e+23 6.81762e+23 6.82368e+23 6.82368e+23 6.82368e+23 1.25181e+24 1.69457e+24 0 0 4.64348e+42 321.179 0.510106 1
2.20673e+11 4.69463e+23 4.69463e+23 4.6994e+23 4.6994e+23 4.6994e+23 9.29762e+23 1.25743e+24 0 0 4.64348e+42 384.478 0.431129 1
2.5483e+11 3.25539e+23 3.25539e+23 3.25908e+23 3.25908e+23 3.25908e+23 6.88266e+23 9.30161e+23 0 0 4.64348e+42 460.253 0.367983 1
2.94273e+11 2.27453e+23 2.27453e+23 2.27734e+23 2.27734e+23 2.27734e+23 5.07747e+23 6.8561e+23 0 0 4.64348e+42 550.962 0.317029 1
3.39821e+11 1.57628e+23 1.57628e+23 1.57837e+23 1.57837e+23 1.57837e+23 3.67388e+23 4.9493e+23 0 0 4.64348e+42 0 0.275565 1
3.92419e+11 1.13212e+23 1.13212e+23 1.1337e+23 1.1337e+23 1.1337e+23 2.72635e+23 3.66786e+23 0 0 4.64348e+42 0 0.241562 1
4.53158e+11 8.18695e+22 8.18695e+22 8.19875e+22 8.19875e+22 8.19875e+22 2.01654e+23 2.70929e+23 0 0 4.64348e+42 0 0.213483 1
5.23299e+11 5.95517e+22 5.95518e+22 5.96392e+22 5.96392e+22 5.96392e+22 1.48631e+23 1.99368e+23 0 0 4.64348e+42 0 0.190154 1
6.04296e+11 4.28283e+22 4.28283e+22 4.28917e+22 4.28917e+22 4.28917e+22 1.07389e+23 1.43606e+23 0 0 4.64348e+42 0 0.170669 1
6.97831e+11 3.18343e+22 3.18343e+22 3.18812e+22 3.18812e+22 3.18812e+22 7.9596e+22 1.06213e+23 0 0 4.64348e+42 0 0.154323 1
8.05842e+11 2.37405e+22 2.37405e+22 2.37749e+22 2.37749e+22 2.37749e+22 5.8793e+22 7.82804e+22 0 0 4.64348e+42 0 0.140565 1
9.30572e+11 1.77438e+22 1.77438e+22 1.7769e+22 1.7769e+22 1.7769e+22 4.32685e+22 5.7461e+22 0 0 4.64348e+42 0 0.12896 1
1.07461e+12 1.30582e+22 1.30582e+22 1.30762e+22 1.30762e+22 1.30762e+22 3.11954e+22 4.12566e+22 0 0 4.64348e+42 0 0.119166 1
1.24094e+12 9.90252e+21 9.90252e+21 9.91563e+21 9.91563e+21 9.91563e+21 2.30782e+22 3.0425e+22 0 0 4.64348e+42 0 0.110908 1
1.43301e+12 7.50871e+21 7.50872e+21 7.51823e+21 7.51823e+21 7.51823e+21 1.70109e+22 2.23512e+22 0 0 4.64348e+42 0 0.103969 1
1.65482e+12 5.68772e+21 5.68772e+21 5.69458e+21 5.69458e+21 5.69458e+21 1.24898e+22 1.63476e+22 0 0 4.64348e+42 0 0.098177 1
1.91095e+12 4.22713e+21 4.22713e+21 4.23196e+21 4.23196e+21 4.23196e+21 8.97705e+21 1.16837e+22 0 0 4.64348e+42 0 0.0933933 1
2.20673e+12 3.2299e+21 3.2299e+21 3.23339e+21 3.23339e+21 3.23339e+21 6.62257e+21 8.58026e+21 0 0 4.64348e+42 0 0.0895108 1
2.5483e+12 2.46108e+21 2.46108e+21 2.46358e+21 2.46358e+21 2.46358e+21 4.86637e+21 6.27436e+21 0 0 4.64348e+42 0 0.0864461 1
2.94273e+12 1.86867e+21 1.86867e+21 1.87046e+21 1.87046e+21 1.87046e+21 3.56084e+21 4.56579e+21 0 0 4.64348e+42 0 0.0841374 1
3.39821e+12 1.38789e+21 1.38789e+21 1.38913e+21 1.38913e+21 1.38913e+21 2.54797e+21 3.24205e+21 0 0 4.64348e+42 0 0.082541 1
3.92419e+12 1.05836e+21 1.05836e+21 1.05925e+21 1.05925e+21 1.05925e+21 1.87215e+21 2.36702e+21 0 0 4.64348e+42 0 0.08163 1
4.53158e+12 8.03218e+20 8.03219e+20 8.03847e+20 8.03847e+20 8.03847e+20 1.36961e+21 1.71983e+21 0 0 4.64348e+42 0 0.0813928 1
5.23299e+12 6.06313e+20 6.06314e+20 6.06756e+20 6.06756e+20 6.06756e+20 9.97305e+20 1.24271e+21 0 0 4.64348e+42 0 0.0818329 1
6.04296e+12 4.46499e+20 4.465e+20 4.46804e+20 4.46804e+20 4.46804e+20 7.09144e+20 8.7448e+20 0 0 4.64348e+42 0 0.0829683 1
6.97831e+12 3.37459e+20 3.37459e+20 3.37674e+20 3.37674e+20 3.37674e+20 5.18109e+20 6.33337e+20 0 0 4.64348e+42 0 0.0848322 1
8.05842e+12 2.53466e+20 2.53466e+20 2.53617e+20 2.53617e+20 2.53617e+20 3.76687e+20 4.5614e+20 0 0 4.64348e+42 0 0.0874729 1
9.30572e+12 1.89102e+20 1.89102e+20 1.89207e+20 1.89207e+20 1.89207e+20 2.72425e+20 3.26432e+20 0 0 4.64348e+42 0 0.0909553 1
1.07461e+13 1.37284e+20 1.37284e+20 1.37355e+20 1.37355e+20 1.37355e+20 1.92013e+20 2.26866e+20 0 0 4.64348e+42 0 0.0953611 1
1.24094e+13 1.02339e+20 1.02339e+20 1.02389e+20 1.02389e+20 1.02389e+20 1.39191e+20 1.62519e+20 0 0 4.64348e+42 0 0.10079 1
1.43301e+13 7.57353e+19 7.57354e+19 7.57701e+19 7.57701e+19 7.57701e+19 1.00333e+20 1.15662e+20 0 0 4.64348e+42 0 0.10736 1
1.65482e+13 5.56127e+19 5.56128e+19 5.56368e+19 5.56368e+19 5.56368e+19 7.18812e+19 8.16987e+19 0 0 4.64348e+42 0 0.115206 1
1.91095e+13 3.96246e+19 3.96247e+19 3.96408e+19 3.96408e+19 3.96408e+19 5.00519e+19 5.58238e+19 0 0 4.64348e+42 0 0.12448 1
2.20673e+13 2.90301e+19 2.90302e+19 2.90414e+19 2.90414e+19 2.90414e+19 3.58945e+19 3.94052e+19 0 0 4.64348e+42 0 0.135345 1
2.5483e+13 2.10942e+19 2.10943e+19 2.1102e+19 2.1102e+19 2.1102e+19 2.55716e+19 2.75981e+19 0 0 4.64348e+42 0 0.147968 1
2.94273e+13 1.51941e+19 1.51942e+19 1.51995e+19 1.51995e+19 1.51995e+19 1.80865e+19 1.91559e+19 0 0 4.64348e+42 0 0.162507 1
3.39821e+13 1.05799e+19 1.058e+19 1.05835e+19 1.05835e+19 1.05835e+19 1.23848e+19 1.27899e+19 0 0 4.64348e+42 0 0.179093 1
3.92419e+13 7.59285e+18 7.59291e+18 7.59531e+18 7.59531e+18 7.59531e+18 8.75286e+18 8.85201e+18 0 0 4.64348e+42 0 0.197804 1
4.53158e+13 5.39869e+18 5.39875e+18 5.40039e+18 5.40039e+18 5.40039e+18 6.13699e+18 6.06829e+18 0 0 4.64348e+42 0 0.218621 1
5.23299e+13 3.80058e+18 3.80063e+18 3.80174e+18 3.80174e+18 3.80174e+18 4.26567e+18 4.11468e+18 0 0 4.64348e+42 0 0.241387 1
6.04296e+13 2.57288e+18 2.57293e+18 2.57366e+18 2.57366e+18 2.57366e+18 2.85458e+18 2.66226e+18 0 0 4.64348e+42 0 0.265741 1
6.97831e+13 1.80145e+18 1.80149e+18 1.80198e+18 1.80198e+18 1.80198e+18 1.97794e+18 1.79474e+18 0 0 4.64348e+42 0 0.291055 1
8.05842e+13 1.2478e+18 1.24783e+18 1.24816e+18 1.24816e+18 1.24816e+18 1.35722e+18 1.19573e+18 0 0 4.64348e+42 0 0.316368 1
9.30572e+13 8.54306e+17 8.54333e+17 8.54554e+17 8.54554e+17 8.54554e+17 9.21404e+17 7.85926e+17 0 0 4.64348e+42 0 0.340344 1
1.07461e+14 5.58085e+17 5.58107e+17 5.58248e+17 5.58248e+17 5.58248e+17 5.97387e+17 4.87116e+17 0 0 4.64348e+42 0 0 1
1.24094e+14 3.79019e+17 3.7904e+17 3.79134e+17 3.79134e+17 3.79134e+17 4.02992e+17 3.17077e+17 0 0 4.64348e+42 0 0 1
1.43301e+14 2.54093e+17 2.54118e+17 2.5418e+17 2.5418e+17 2.5418e+17 2.68565e+17 2.03378e+17 0 0 4.64348e+42 0 0 1
1.65482e+14 1.67947e+17 1.67982e+17 1.68023e+17 1.68023e+17 1.68023e+17 1.76597e+17 1.28247e+17 0 0 4.64348e+42 0 0 1
1.91095e+14 1.04666e+17 1.04711e+17 1.04736e+17 1.04736e+17 1.04736e+17 1.09572e+17 7.49187e+16 0 0 4.64348e+42 0 0 1
2.20673e+14 6.83289e+16 6.83865e+16 6.84025e+16 6.84025e+16 6.84025e+16 7.12727e+16 4.65392e+16 0 0 4.64348e+42 0 0 1
2.5483e+14 4.38826e+16 4.39497e+16 4.39599e+16 4.39599e+16 4.39599e+16 4.56452e+16 2.83782e+16 0 0 4.64348e+42 0 0 1
2.94273e+14 2.76826e+16 2.77537e+16 2.77601e+16 2.77601e+16 2.77601e+16 2.87386e+16 1.69348e+16 0 0 4.64348e+42 0 0 1
3.39821e+14 1.61603e+16 1.6225e+16 1.62287e+16 1.62287e+16 1.62287e+16 1.67588e+16 9.10898e+15 0 0 4.64348e+42 0 0 1
3.92419e+14 1.0002e+16 1.00605e+16 1.00627e+16 1.00627e+16 1.00627e+16 1.037e+16 5.31596e+15 0 0 4.64348e+42 0 0 1
4.53158e+14 6.06149e+15 6.11035e+15 6.11174e+15 6.11174e+15 6.11174e+15 6.28792e+15 3.0303e+15 0 0 4.64348e+42 0 0 1
5.23299e+14 3.59101e+15 3.62894e+15 3.62977e+15 3.62977e+15 3.62977e+15 3.72964e+15 1.68053e+15 0 0 4.64348e+42 0 0 1
6.04296e+14 1.91184e+15 1.93716e+15 1.9376e+15 1.9376e+15 1.9376e+15 1.98908e+15 8.04321e+14 0 0 4.64348e+42 0 0 1
6.97831e+14 1.10138e+15 1.11898e+15 1.11923e+15 1.11923e+15 1.11923e+15 1.14829e+15 4.31763e+14 0 0 4.64348e+42 0 0 1
8.05842e+14 6.17407e+14 6.28913e+14 6.29055e+14 6.29055e+14 6.29055e+14 6.45211e+14 2.25002e+14 0 0 4.64348e+42 0 0 1
9.30572e+14 3.36242e+14 3.43336e+14 3.43414e+14 3.43414e+14 3.43414e+14 3.52239e+14 1.13221e+14 0 0 4.64348e+42 0 0 1
1.07461e+15 1.56761e+14 1.60409e+14 1.60446e+14 1.60446e+14 1.60446e+14 1.64617e+14 4.5798e+13 0 0 4.64348e+42 0 0 1
1.24094e+15 8.1855e+13 8.39084e+13 8.39275e+13 8.39275e+13 8.39275e+13 8.61567e+13 2.19703e+13 0 0 4.64348e+42 0 0 1
1.43301e+15 4.11852e+13 4.22765e+13 4.22862e+13 4.22862e+13 4.22862e+13 4.34437e+13 1.01567e+13 0 0 4.64348e+42 0 0 1
1.65482e+15 1.99533e+13 2.05018e+13 2.05065e+13 2.05065e+13 2.05065e+13 2.10892e+13 4.49266e+12 0 0 4.64348e+42 0 0 1
1.91095e+15 7.61701e+12 7.83084e+12 7.83264e+12 7.83264e+12 7.83264e+12 8.06507e+12 1.41604e+12 0 0 4.64348e+42 0 0 1
2.20673e+15 3.45438e+12 3.552e+12 3.55283e+12 3.55283e+12 3.55283e+12 3.66344e+12 5.82242e+11 0 0 4.64348e+42 0 0 1
2.5483e+15 1.48414e+12 1.52584e+12 1.52619e+12 1.52619e+12 1.52619e+12 1.57622e+12 2.28843e+11 0 0 4.64348e+42 0 0 1
2.94273e+15 6.05537e+11 6.22264e+11 6.2241e+11 6.2241e+11 6.2241e+11 6.43939e+11 8.53246e+10 0 0 4.64348e+42 0 0 1
3.39821e+15 1.69691e+11 1.74254e+11 1.74295e+11 1.74295e+11 1.74295e+11 1.80666e+11 1.82115e+10 0 0 4.64348e+42 0 0 1
3.92419e+15 6.23997e+10 6.40184e+10 6.40335e+10 6.40335e+10 6.40335e+10 6.65085e+10 5.99248e+09 0 0 4.64348e+42 0 0 1
4.53158e+15 2.1043e+10 2.15654e+10 2.15706e+10 2.15706e+10 2.15706e+10 2.24521e+10 1.86803e+09 0 0 4.64348e+42 0 0 1
5.23299e+15 6.51749e+09 6.67127e+09 6.67286e+09 6.67286e+09 6.67286e+09 6.96103e+09 5.54857e+08 0 0 4.64348e+42 0 0 1
6.04296e+15 1.13685e+09 1.16218e+09 1.16246e+09 1.16246e+09 1.16246e+09 1.21544e+09 6.32137e+07 0 0 4.64348e+42 0 0 1
6.97831e+15 3.02628e+08 3.08958e+08 3.09033e+08 3.09033e+08 3.09033e+08 3.23881e+08 1.46928e+07 0 0 4.64348e+42 0 0 1
8.05842e+15 6.95809e+07 7.09404e+07 7.09577e+07 7.09577e+07 7.09577e+07 7.45448e+07 3.14363e+06 0 0 4.64348e+42 0 0 1
9.30572e+15 1.33451e+07 1.35875e+07 1.35909e+07 1.35909e+07 1.35909e+07 1.43124e+07 655379 0 0 4.64348e+42 0 0 1
1.07461e+16 1.11314e+06 1.13187e+06 1.13214e+06 1.13214e+06 1.13214e+06 1.19513e+06 30277.3 0 0 4.64348e+42 0 0 1
1.24094e+16 173970 176670 176714 176714 176714 186992 3988.97 0 0 4.64348e+42 0 0 1
1.43301e+16 21290.4 21594.1 21599.5 21599.5 21599.5 22910 436.827 0 0 4.64348e+42 0 0 1
1.65482e+16 1844.65 1868.77 1869.23 1869.23 1869.23 1987.26 46.061 0 0 4.64348e+42 0 0 1
1.91095e+16 44.1465 44.6741 44.6853 44.6853 44.6853 47.6145 0.627871 0 0 4.64348e+42 0 0 1
2.20673e+16 2.77064 2.80082 2.80153 2.80153 2.80153 2.99171 0.0321705 0 0 4.64348e+42 0 0 1
2.5483e+16 0.1119 0.113009 0.113038 0.113038 0.113038 0.120965 0.00109655 0 0 4.64348e+42 0 0 1
2.94273e+16 0.00269747 0.00272174 0.00272244 0.00272244 0.00272244 0.0029192 2.81284e-05 0 0 4.64348e+42 0 0 1
3.39821e+16 8.25858e-06 8.32587e-06 8.32802e-06 8.32802e-06 8.32802e-06 8.94687e-06 6.54918e-08 0 0 4.64348e+42 0 0 1
3.92419e+16 9.91971e-08 9.9928e-08 9.9954e-08 9.9954e-08 9.9954e-08 1.07572e-07 6.86807e-10 0 0 4.64348e+42 0 0 1
4.53158e+16 4.79426e-10 4.82616e-10 4.82742e-10 4.82742e-10 4.82742e-10 5.20394e-10 3.12178e-12 0 0 4.64348e+42 0 0 1
5.23299e+16 9.20011e-13 9.25528e-13 9.25771e-13 9.25771e-13 9.25771e-13 9.99494e-13 5.92316e-15 0 0 4.64348e+42 0 0 1
6.04296e+16 1.14447e-16 1.15065e-16 1.15095e-16 1.15095e-16 1.15095e-16 1.24432e-16 7.20413e-19 0 0 4.64348e+42 0 0 1
6.97831e+16 4.19343e-20 4.21377e-20 4.21489e-20 4.21489e-20 4.21489e-20 4.56246e-20 2.62388e-22 0 0 4.64348e+42 0 0 1
8.05842e+16 3.19954e-24 3.21348e-24 3.21434e-24 3.21434e-24 3.21434e-24 3.4832e-24 1.99952e-26 0 0 4.64348e+42 0 0 1
9.30572e+16 0 0 0 0 0 0 0 0 0 4.64348e+42 0 0 1