
1.07461e-07 0 0 2.87701e-238 2.59714e+49 2.40183e+59 0 0 1.83053e+42 0 4.64348e+42 0 0 0
1.24094e-07 0 0 9.5374e-200 2.96964e+49 2.16076e+59 0 0 2.11386e+42 0 4.64348e+42 0 0 0
1.43301e-07 0 0 2.20856e-166 3.39171e+49 1.9417e+59 0 0 2.44105e+42 0 4.64348e+42 0 0 0
1.65482e-07 0 0 1.75356e-137 3.86889e+49 1.74265e+59 0 0 2.81888e+42 0 4.64348e+42 0 0 0
1.91095e-07 0 0 1.89312e-112 4.40701e+49 1.56181e+59 0 0 3.25519e+42 0 4.64348e+42 0 0 0
2.20673e-07 0 0 9.16194e-91 5.01215e+49 1.39755e+59 0 0 3.75904e+42 0 4.64348e+42 0 0 0
2.5483e-07 0 0 5.58465e-72 5.69049e+49 1.2484e+59 0 0 4.34087e+42 0 4.64348e+42 0 0 0
2.94273e-07 0 0 1.04881e-55 6.44823e+49 1.11301e+59 0 0 5.01276e+42 0 4.64348e+42 0 0 0
3.39821e-07 0 0 1.31671e-41 7.2913e+49 9.90177e+58 0 0 5.78864e+42 0 4.64348e+42 0 0 0
3.92419e-07 0 0 2.16109e-29 8.2252e+49 8.78808e+58 0 0 6.68462e+42 0 4.64348e+42 0 0 0
4.53158e-07 0 0 8.28844e-19 9.25462e+49 7.77912e+58 0 0 7.71928e+42 0 4.64348e+42 0 0 0
5.23299e-07 0 0 1.22825e-09 1.03831e+50 6.86601e+58 0 0 8.91408e+42 0 4.64348e+42 0 0 0
6.04296e-07 0 0 0.108697 1.16127e+50 6.04068e+58 0 0 1.02938e+43 0 4.64348e+42 0 0 0
6.97831e-07 0 0 837518 1.29432e+50 5.29591e+58 0 0 1.18871e+43 0 4.64348e+42 0 0 0
8.05842e-07 0 0 7.78723e+11 1.43721e+50 4.62515e+58 0 0 1.3727e+43 0 4.64348e+42 0 0 0
9.30572e-07 0 0 1.15911e+17 1.5894e+50 4.02253e+58 0 0 1.58517e+43 0 4.64348e+42 0 0 0
1.07461e-06 0 0 3.5277e+21 1.75004e+50 3.48271e+58 0 0 1.83053e+43 0 4.64348e+42 0 0 0
1.24094e-06 0 0 2.71337e+25 1.91794e+50 3.00089e+58 0 0 2.11386e+43 0 4.64348e+42 0 0 0
1.43301e-06 0 0 6.33678e+28 2.0917e+50 2.57269e+58 0 0 2.44105e+43 0 4.64348e+42 0 0 0
1.65482e-06 0 0 5.26753e+31 2.26973e+50 2.19408e+58 0 0 2.81888e+43 0 4.64348e+42 0 0 0
1.91095e-06 0 0 1.78877e+34 2.45048e+50 1.86133e+58 0 0 3.25519e+43 0 4.64348e+42 0 0 0
2.20673e-06 0 0 2.7964e+36 2.63271e+50 1.57094e+58 0 0 3.75904e+43 0 4.64348e+42 0 0 0
2.5483e-06 0 0 2.23252e+38 2.81586e+50 1.31955e+58 0 0 4.34087e+43 0 4.64348e+42 0 0 0
2.94273e-06 0 0 9.96146e+39 3.00053e+50 1.10391e+58 0 0 5.01276e+43 0 4.64348e+42 0 0 0
3.39821e-06 0 0 2.68731e+41 3.18896e+50 9.20771e+57 0 0 5.78864e+43 0 4.64348e+42 0 0 0
3.92419e-06 0 0 4.69445e+42 3.38557e+50 7.66913e+57 0 0 6.68462e+43 0 4.64348e+42 0 0 0
4.53158e-06 0 0 5.63885e+43 3.59732e+50 6.3907e+57 0 0 7.71928e+43 0 4.64348e+42 0 0 0
5.23299e-06 0 0 4.90824e+44 3.83381e+50 5.33963e+57 0 0 8.91408e+43 0 4.64348e+42 0 0 0
6.04296e-06 0 0 3.24082e+45 4.10701e+50 4.48326e+57 0 0 1.02938e+44 0 4.64348e+42 0 0 0
6.97831e-06 0 0 1.6887e+46 4.43054e+50 3.78976e+57 0 0 1.18871e+44 0 4.64348e+42 0 0 0
8.05842e-06 0 0 7.18272e+46 4.8184e+50 3.22901e+57 0 0 1.3727e+44 0 4.64348e+42 0 0 0
9.30572e-06 0 0 2.56578e+47 5.2836e+50 2.77362e+57 0 0 1.58517e+44 0 4.64348e+42 0 0 0
1.07461e-05 0 0 7.88182e+47 5.8369e+50 2.3998e+57 0 0 1.83053e+44 0 4.64348e+42 0 0 0
1.24094e-05 0 0 2.1235e+48 6.48613e+50 2.08803e+57 0 0 2.11386e+44 0 4.64348e+42 0 0 0
1.43301e-05 0 0 5.10117e+48 7.23658e+50 1.82325e+57 0 0 2.44105e+44 0 4.64348e+42 0 0 0
1.65482e-05 0 0 1.10824e+49 8.0923e+50 1.59453e+57 0 0 2.81888e+44 0 4.64348e+42 0 0 0
1.91095e-05 0 0 2.2048e+49 9.05812e+50 1.39443e+57 0 0 3.25519e+44 0 4.64348e+42 0 0 0
2.20673e-05 0 0 4.06189e+49 1.01416e+51 1.21804e+57 0 0 3.75903e+44 0 4.64348e+42 0 0 0
2.5483e-05 0 0 6.99997e+49 1.13548e+51 1.06214e+57 0 0 4.34087e+44 0 4.64348e+42 0 0 0
2.94273e-05 0 0 1.13871e+50 1.27145e+51 9.24419e+56 0 0 5.01275e+44 0 4.64348e+42 0 0 0
3.39821e-05 0 0 1.76274e+50 1.42436e+51 8.03063e+56 0 0 5.78864e+44 0 4.64348e+42 0 0 0
3.92419e-05 0 0 2.61525e+50 1.59705e+51 6.96473e+56 0 0 6.68461e+44 0 4.64348e+42 0 0 0
4.53158e-05 0 0 3.7419e+50 1.79296e+51 6.0316e+56 0 0 7.71927e+44 0 4.64348e+42 0 0 0
5.23299e-05 0 0 5.19109e+50 2.01618e+51 5.21715e+56 0 0 8.91407e+44 0 4.64348e+42 0 0 0
6.04296e-05 0 0 7.01475e+50 2.27143e+51 4.50802e+56 0 0 1.02938e+45 0 4.64348e+42 0 0 0
6.97831e-05 0 0 9.26949e+50 2.56417e+51 3.89171e+56 0 0 1.18871e+45 0 4.64348e+42 0 0 0
8.05842e-05 0 0 1.20181e+51 2.90065e+51 3.35667e+56 0 0 1.3727e+45 0 4.64348e+42 0 0 0
9.30572e-05 0 0 1.53315e+51 3.28818e+51 2.89249e+56 0 0 1.58517e+45 0 4.64348e+42 0 0 0
0.000107461 0 0 1.92921e+51 3.73537e+51 2.48991e+56 0 0 1.83052e+45 0 4.64348e+42 0 0 0
0.000124094 0 0 2.39974e+51 4.25263e+51 2.14085e+56 0 0 2.11385e+45 0 4.64348e+42 0 0 0
0.000143301 0 0 2.95651e+51 4.85251e+51 1.83833e+56 0 0 2.44104e+45 0 4.64348e+42 0 0 0
0.000165482 0 0 3.61377e+51 5.55015e+51 1.57631e+56 0 0 2.81887e+45 0 4.64348e+42 0 0 0
0.000191095 0 0 4.38865e+51 6.36353e+51 1.3496e+56 0 0 3.25517e+45 0 4.64348e+42 0 0 0
0.000220673 0 0 5.30163e+51 7.31387e+51 1.15364e+56 0 0 3.75901e+45 0 4.64348e+42 0 0 0
0.00025483 0 0 6.37711e+51 8.42621e+51 9.84487e+55 0 0 4.34084e+45 0 4.64348e+42 0 0 0
0.000294273 0 0 7.64428e+51 9.73027e+51 8.38648e+55 0 0 5.01271e+45 0 4.64348e+42 0 0 0
0.000339821 0 0 9.13813e+51 1.12616e+52 7.13085e+55 0 0 5.78858e+45 0 4.64348e+42 0 0 0
0.000392419 0 0 1.09008e+52 1.30628e+52 6.05139e+55 0 0 6.68454e+45 0 4.64348e+42 0 0 0
0.000453158 0 0 1.29826e+52 1.51848e+52 5.12484e+55 0 0 7.71918e+45 0 4.64348e+42 0 0 0
0.000523299 0 0 1.5444e+52 1.76883e+52 4.33092e+55 0 0 8.91395e+45 0 4.64348e+42 0 0 0
0.000604296 0 0 1.8357e+52 2.06457e+52 3.65187e+55 0 0 1.02936e+46 0 4.64348e+42 0 0 0
0.000697831 0 0 2.18081e+52 2.41439e+52 3.0722e+55 0 0 1.18869e+46 0 4.64348e+42 0 0 0
0.000805842 0 0 2.59011e+52 2.82869e+52 2.5784e+55 0 0 1.37267e+46 0 4.64348e+42 0 0 0
0.000930572 0 0 3.07604e+52 3.31993e+52 2.15864e+55 0 0 1.58513e+46 0 4.64348e+42 0 0 0
0.00107461 0 0 3.65355e+52 3.90311e+52 1.80265e+55 0 0 1.83047e+46 0 4.64348e+42 0 0 0
0.00124094 0 0 4.34065e+52 4.59625e+52 1.50146e+55 0 0 2.11379e+46 0 4.64348e+42 0 0 0
0.00143301 0 0 5.15901e+52 5.42107e+52 1.24728e+55 0 0 2.44095e+46 0 4.64348e+42 0 0 0
0.00165482 0 0 6.13483e+52 6.40378e+52 1.03332e+55 0 0 2.81875e+46 0 4.64348e+42 0 0 0
0.00191095 0 0 7.29973e+52 7.57607e+52 8.53702e+54 0 0 3.25501e+46 0 4.64348e+42 0 0 0
0.00220673 0 0 8.69206e+52 8.97628e+52 7.0334e+54 0 0 3.7588e+46 0 4.64348e+42 0 0 0
0.0025483 0 0 1.03583e+53 1.0651e+53 5.77828e+54 0 0 4.34055e+46 0 4.64348e+42 0 0 0
0.00294273 0 0 1.23549e+53 1.26566e+53 4.73368e+54 0 0 5.01233e+46 0 4.64348e+42 0 0 0
0.00339821 0 0 1.47507e+53 1.50621e+53 3.8669e+54 0 0 5.78808e+46 0 4.64348e+42 0 0 0
0.00392419 0 0 1.76294e+53 1.79513e+53 3.14986e+54 0 0 6.68387e+46 0 4.64348e+42 0 0 0
0.00453158 0 0 2.10933e+53 2.14264e+53 2.55852e+54 0 0 7.71827e+46 0 4.64348e+42 0 0 0
0.00523299 0 0 2.52602e+53 2.56053e+53 2.07238e+54 0 0 8.91274e+46 0 4.64348e+42 0 0 0
0.00604296 0 0 3.01771e+53 3.05337e+53 1.67396e+54 0 0 1.0292e+47 0 4.64348e+42 0 0 0
0.00697831 0 0 3.54663e+53 3.5829e+53 1.34847e+54 0 0 1.18847e+47 0 4.64348e+42 0 0 0
0.00805842 0 0 4.00043e+53 4.03583e+53 1.08337e+54 0 0 1.37239e+47 0 4.64348e+42 0 0 0
0.00930572 0 0 4.24262e+53 4.27512e+53 8.68122e+53 0 0 1.58475e+47 0 4.64348e+42 0 0 0
0.0107461 0 0 4.20716e+53 4.23505e+53 6.93887e+53 0 0 1.82996e+47 0 4.64348e+42 0 0 0
0.0124094 0 0 3.92705e+53 3.94958e+53 5.53266e+53 0 0 2.11311e+47 0 4.64348e+42 0 0 0
0.0143301 0 0 3.49116e+53 3.5085e+53 4.40104e+53 0 0 2.44005e+47 0 4.64348e+42 0 0 0
0.0165482 0 0 2.99137e+53 3.00423e+53 3.49295e+53 0 0 2.81754e+47 0 4.64348e+42 0 0 0
0.0191095 0 0 2.49523e+53 2.50452e+53 2.76623e+53 0 0 3.25341e+47 0 4.64348e+42 0 0 0
0.0220673 0 0 2.0418e+53 2.04838e+53 2.18616e+53 0 0 3.75666e+47 0 4.64348e+42 0 0 0
0.025483 0 0 1.64813e+53 1.65273e+53 1.72433e+53 0 0 4.33769e+47 0 4.64348e+42 0 0 0
0.0294273 0 0 1.31749e+53 1.32068e+53 1.3575e+53 0 0 5.00852e+47 0 4.64348e+42 0 0 0
0.0339821 0 0 1.04584e+53 1.04803e+53 1.06681e+53 0 0 5.783e+47 0 4.64348e+42 0 0 0
0.0392419 0 0 8.25936e+52 8.27432e+52 8.36948e+52 0 0 6.67709e+47 0 4.64348e+42 0 0 0
0.0453158 0 0 6.49746e+52 6.50764e+52 6.55558e+52 0 0 7.70924e+47 0 4.64348e+42 0 0 0
0.0523299 0 0 5.09601e+52 5.10293e+52 5.12695e+52 0 0 8.9007e+47 0 4.64348e+42 0 0 0
0.0604296 0 0 3.98715e+52 3.99183e+52 4.00382e+52 0 0 1.0276e+48 0 4.64348e+42 0 0 0
0.0697831 0 0 3.11325e+52 3.11642e+52 3.12238e+52 0 0 1.18633e+48 0 4.64348e+42 0 0 0
0.0805842 0 0 2.42665e+52 2.42879e+52 2.43174e+52 0 0 1.36953e+48 0 4.64348e+42 0 0 0
0.0930572 6.59082e-265 6.59082e-265 1.88853e+52 1.88997e+52 1.89143e+52 0 0 1.58094e+48 3.01602e-267 4.64348e+42 0 0 0
0.107461 2.77298e-182 2.77298e-182 1.46766e+52 1.46863e+52 1.46935e+52 0 0 1.82489e+48 1.41397e-184 4.64348e+42 0 0 0
0.124094 2.87768e-121 2.87768e-121 1.13907e+52 1.13972e+52 1.14007e+52 0 0 2.10634e+48 1.63723e-123 4.64348e+42 0 0 0
0.143301 3.2144e-76 3.2144e-76 8.82935e+51 8.83373e+51 8.83544e+51 0 0 2.43102e+48 2.04309e-78 4.64348e+42 0 0 0
0.165482 5.69353e-43 5.69353e-43 6.83565e+51 6.83858e+51 6.83942e+51 0 0 2.80551e+48 4.04779e-45 4.64348e+42 0 0 0
0.191095 1.92511e-18 1.92511e-18 5.28587e+51 5.28783e+51 5.28824e+51 0 0 3.23737e+48 1.53269e-20 4.64348e+42 0 0 0
0.220673 2.34943 2.34943 4.0827e+51 4.08401e+51 4.08421e+51 0 0 3.73528e+48 0.0209715 4.64348e+42 0 0 0
0.25483 4.98156e+13 4.98156e+13 3.14976e+51 3.15064e+51 3.15073e+51 0 0 4.3092e+48 4.99115e+11 4.64348e+42 0 0 0
0.294273 3.21348e+23 3.21348e+23 2.42722e+51 2.42781e+51 2.42785e+51 0 0 4.97054e+48 3.61808e+21 4.64348e+42 0 0 0
0.339821 5.23053e+30 5.23053e+30 1.86828e+51 1.86867e+51 1.8687e+51 0 0 5.73237e+48 6.62542e+28 4.64348e+42 0 0 0
0.392419 1.02555e+36 1.02555e+36 1.43641e+51 1.43667e+51 1.43668e+51 0 0 6.60962e+48 1.46315e+34 4.64348e+42 0 0 0
0.453158 7.68814e+39 7.68814e+39 1.10309e+51 1.10327e+51 1.10328e+51 0 0 7.61932e+48 1.23685e+38 4.64348e+42 0 0 0
0.523299 5.1731e+42 5.1731e+42 8.46157e+50 8.46272e+50 8.46277e+50 0 0 8.78088e+48 9.39516e+40 4.64348e+42 0 0 0
0.604296 5.86871e+44 5.86871e+44 6.48325e+50 6.48401e+50 6.48403e+50 0 0 1.01163e+49 1.20462e+43 4.64348e+42 0 0 0
0.697831 1.78838e+46 1.78838e+46 4.96181e+50 4.96231e+50 4.96232e+50 0 0 1.16506e+49 4.15353e+44 4.64348e+42 0 0 0
0.805842 2.06492e+47 2.06492e+47 3.79314e+50 3.79348e+50 3.79348e+50 0 0 1.3412e+49 5.43247e+45 4.64348e+42 0 0 0
0.930572 1.16472e+48 1.16472e+48 2.89655e+50 2.89677e+50 2.89677e+50 0 0 1.54322e+49 3.47483e+46 4.64348e+42 0 0 0
1.07461 3.87183e+48 3.87183e+48 2.20951e+50 2.20966e+50 2.20966e+50 0 0 1.77466e+49 1.31131e+47 4.64348e+42 0 0 0
1.24094 8.71288e+48 8.71288e+48 1.6837e+50 1.6838e+50 1.6838e+50 0 0 2.03947e+49 3.35333e+47 4.64348e+42 0 0 0
1.43301 1.47027e+49 1.47027e+49 1.28177e+50 1.28183e+50 1.28183e+50 0 0 2.34204e+49 6.43667e+47 4.64348e+42 0 0 0
1.65482 2.00645e+49 2.00645e+49 9.7489e+49 9.74932e+49 9.74932e+49 0 0 2.68713e+49 1.00009e+48 4.64348e+42 0 0 0
1.91095 2.34143e+49 2.34143e+49 7.40866e+49 7.40893e+49 7.40893e+49 0 0 3.07993e+49 1.32984e+48 4.64348e+42 0 0 0
2.20673 2.43465e+49 2.43465e+49 5.62599e+49 5.62617e+49 5.62617e+49 0 0 3.526e+49 1.57683e+48 4.64348e+42 0 0 0
2.5483 2.3254e+49 2.3254e+49 4.26949e+49 4.26961e+49 4.26961e+49 0 0 4.03115e+49 1.71853e+48 4.64348e+42 0 0 0
2.94273 2.08648e+49 2.08648e+49 3.23833e+49 3.23841e+49 3.23841e+49 0 0 4.60133e+49 1.76042e+48 4.64348e+42 0 0 0
3.39821 1.78809e+49 1.78809e+49 2.45518e+49 2.45523e+49 2.45523e+49 0 0 5.24245e+49 1.7231e+48 4.64348e+42 0 0 0
3.92419 1.48162e+49 1.48162e+49 1.86088e+49 1.86091e+49 1.86091e+49 0 0 5.96004e+49 1.6312e+48 4.64348e+42 0 0 0
4.53158 1.19782e+49 1.19782e+49 1.4102e+49 1.41022e+49 1.41022e+49 0 0 6.75885e+49 1.50689e+48 4.64348e+42 0 0 0
5.23299 9.51182e+48 9.51182e+48 1.06863e+49 1.06864e+49 1.06864e+49 0 0 7.64229e+49 1.36735e+48 4.64348e+42 0 0 0
6.04296 7.45589e+48 7.45589e+48 8.09865e+48 8.09875e+48 8.09875e+48 0 0 8.61161e+49 1.22462e+48 4.64348e+42 0 0 0
6.97831 5.79021e+48 5.79021e+48 6.13893e+48 6.13899e+48 6.13899e+48 0 0 9.66501e+49 1.08639e+48 4.64348e+42 0 0 0
8.05842 4.46712e+48 4.46712e+48 4.65499e+48 4.65503e+48 4.65503e+48 0 0 1.07963e+50 9.57099e+47 4.64348e+42 0 0 0
9.30572 3.43065e+48 3.43065e+48 3.53134e+48 3.53137e+48 3.53137e+48 0 0 1.19934e+50 8.38961e+47 4.64348e+42 0 0 0
10.7461 2.62658e+48 2.62658e+48 2.68042e+48 2.68043e+48 2.68043e+48 0 0 1.32367e+50 7.32731e+47 4.64348e+42 0 0 0
12.4094 2.00703e+48 2.00703e+48 2.03586e+48 2.03588e+48 2.03588e+48 0 0 1.44967e+50 6.3827e+47 4.64348e+42 0 0 0
14.3301 1.53189e+48 1.53189e+48 1.54746e+48 1.54747e+48 1.54747e+48 0 0 1.57325e+50 5.54933e+47 4.64348e+42 0 0 0
16.5482 1.16863e+48 1.16863e+48 1.1772e+48 1.17721e+48 1.17721e+48 0 0 1.68897e+50 4.8182e+47 4.64348e+42 0 0 0
19.1095 8.91475e+47 8.91475e+47 8.96353e+47 8.96356e+47 8.96356e+47 0 0 1.78997e+50 4.17928e+47 4.64348e+42 0 0 0
22.0673 6.8026e+47 6.8026e+47 6.8318e+47 6.83183e+47 6.83183e+47 0 0 1.86804e+50 3.62252e+47 4.64348e+42 0 0 0
25.483 5.19387e+47 5.19387e+47 5.21258e+47 5.21259e+47 5.21259e+47 0 0 1.91391e+50 3.13829e+47 4.64348e+42 0 0 0
29.4273 3.9687e+47 3.9687e+47 3.98164e+47 3.98165e+47 3.98165e+47 0 0 1.91803e+50 2.71773e+47 4.64348e+42 0 0 0
33.9821 3.03541e+47 3.03541e+47 3.04505e+47 3.04506e+47 3.04506e+47 0 0 1.87178e+50 2.35282e+47 4.64348e+42 0 0 0
39.2419 2.3241e+47 2.3241e+47 2.33172e+47 2.33173e+47 2.33173e+47 0 0 1.76919e+50 2.03641e+47 4.64348e+42 0 0 0
45.3158 1.78155e+47 1.78155e+47 1.78786e+47 1.78786e+47 1.78786e+47 0 0 1.60916e+50 1.76216e+47 4.64348e+42 0 0 0
52.3299 1.36734e+47 1.36734e+47 1.37271e+47 1.37271e+47 1.37271e+47 0 0 1.39757e+50 1.52455e+47 4.64348e+42 0 0 0
60.4296 1.05074e+47 1.05074e+47 1.0554e+47 1.0554e+47 1.0554e+47 0 0 1.14847e+50 1.31871e+47 4.64348e+42 0 0 0
69.7831 8.08444e+46 8.08444e+46 8.12528e+46 8.12528e+46 8.12528e+46 0 0 8.8349e+49 1.14041e+47 4.64348e+42 0 0 0
80.5842 6.22755e+46 6.22755e+46 6.26362e+46 6.26362e+46 6.26362e+46 0 0 6.28421e+49 9.85998e+46 4.64348e+42 0 0 0
93.0572 4.80251e+46 4.80251e+46 4.83451e+46 4.83452e+46 4.83452e+46 0 0 4.07513e+49 8.5227e+46 4.64348e+42 0 0 0
107.461 3.70745e+46 3.70745e+46 3.73593e+46 3.73593e+46 3.73593e+46 0 0 2.37097e+49 7.36463e+46 4.64348e+42 0 0 0
124.094 2.86496e+46 2.86496e+46 2.89035e+46 2.89036e+46 2.89036e+46 0 0 1.21549e+49 6.36178e+46 4.64348e+42 0 0 0
143.301 2.2161e+46 2.2161e+46 2.23878e+46 2.23878e+46 2.23878e+46 0 0 5.3793e+48 5.49339e+46 4.64348e+42 0 0 0
165.482 1.71587e+46 1.71587e+46 1.73616e+46 1.73616e+46 1.73616e+46 0 0 2.00791e+48 4.74143e+46 4.64348e+42 0 0 0
191.095 1.32986e+46 1.32986e+46 1.34803e+46 1.34803e+46 1.34803e+46 0 0 6.15521e+47 4.09032e+46 4.64348e+42 0 0 0
220.673 1.03168e+46 1.03168e+46 1.04798e+46 1.04798e+46 1.04798e+46 0 0 1.50292e+47 3.52657e+46 4.64348e+42 0 0 0
254.83 8.01125e+45 8.01125e+45 8.15756e+45 8.15756e+45 8.15756e+45 0 0 2.82171e+46 3.03846e+46 4.64348e+42 0 0 0
294.273 6.22672e+45 6.22672e+45 6.35821e+45 6.35821e+45 6.35821e+45 0 0 3.91116e+45 2.61587e+46 4.64348e+42 0 0 0
339.821 4.84407e+45 4.84407e+45 4.96239e+45 4.9624e+45 4.9624e+45 0 0 3.8187e+44 2.25005e+46 4.64348e+42 0 0 0
392.419 3.77172e+45 3.77172e+45 3.87831e+45 3.87831e+45 3.87831e+45 0 0 2.48764e+43 1.93339e+46 4.64348e+42 0 0 0
453.158 2.93912e+45 2.93912e+45 3.03524e+45 3.03524e+45 3.03524e+45 0 0 1.0156e+42 1.65933e+46 4.64348e+42 0 0 0
523.299 2.29192e+45 2.29192e+45 2.37869e+45 2.37869e+45 2.37869e+45 0 0 2.41716e+40 1.42217e+46 4.64348e+42 0 0 0
604.296 1.78819e+45 1.78819e+45 1.8666e+45 1.8666e+45 1.8666e+45 0 0 3.08507e+38 1.217e+46 4.64348e+42 0 0 0
697.831 1.39562e+45 1.39562e+45 1.46652e+45 1.46652e+45 1.46652e+45 0 0 1.91741e+36 1.03956e+46 4.64348e+42 0 0 0
805.842 1.08926e+45 1.08926e+45 1.15341e+45 1.15341e+45 1.15341e+45 0 0 5.19137e+33 8.8615e+45 4.64348e+42 0 0 0
930.572 8.49874e+44 8.49874e+44 9.07934e+44 9.07934e+44 9.07934e+44 0 0 5.38405e+30 7.53591e+45 4.64348e+42 0 0 0
1074.61 6.62598e+44 6.62598e+44 7.15141e+44 7.15141e+44 7.15141e+44 0 0 1.84371e+27 6.39121e+45 4.64348e+42 0 0 0
1240.94 5.15945e+44 5.15945e+44 5.63475e+44 5.63476e+44 5.63476e+44 0 0 1.75607e+23 5.40353e+45 4.64348e+42 0 0 0
1433.01 4.01021e+44 4.01021e+44 4.43979e+44 4.43979e+44 4.43979e+44 0 0 3.81632e+18 4.55225e+45 4.64348e+42 0 0 0
1654.82 3.10929e+44 3.10929e+44 3.49701e+44 3.49701e+44 3.49701e+44 0 0 1.50545e+13 3.8195e+45 4.64348e+42 0 0 0
1910.95 2.40307e+44 2.40307e+44 2.75233e+44 2.75233e+44 2.75233e+44 0 0 8.27755e+06 3.18985e+45 4.64348e+42 0 0 0
2206.73 1.84982e+44 1.84982e+44 2.16365e+44 2.16365e+44 2.16365e+44 0 0 0.467617 2.64995e+45 4.64348e+42 0 0 0
2548.3 1.41697e+44 1.41697e+44 1.69806e+44 1.69806e+44 1.69806e+44 0 0 1.9084e-09 2.18822e+45 4.64348e+42 0 0 0
2942.73 1.07902e+44 1.07902e+44 1.3298e+44 1.3298e+44 1.3298e+44 0 0 3.74629e-19 1.79464e+45 4.64348e+42 0 0 0
3398.21 8.15946e+43 8.15946e+43 1.03864e+44 1.03864e+44 1.03864e+44 0 0 2.2116e-30 1.46048e+45 4.64348e+42 0 0 0
3924.19 6.11987e+43 6.11987e+43 8.08663e+43 8.08663e+43 8.08663e+43 0 0 2.28261e-43 1.17817e+45 4.64348e+42 0 0 0
4531.58 4.54686e+43 4.54686e+43 6.27291e+43 6.27291e+43 6.27291e+43 0 0 2.20176e-58 9.41045e+44 4.64348e+42 0 0 0
5232.99 3.4322e+43 3.4322e+43 4.90074e+43 4.90074e+43 4.90074e+43 0 0 9.62951e-76 7.6343e+44 4.64348e+42 0 0 0
6042.96 2.51176e+43 2.51176e+43 3.77973e+43 3.77973e+43 3.77973e+43 0 0 8.28334e-96 6.00314e+44 4.64348e+42 0 0 0
6978.31 1.81686e+43 1.81686e+43 2.90242e+43 2.90242e+43 2.90242e+43 0 0 5.34191e-119 4.66516e+44 4.64348e+42 0 0 0
8058.42 1.29752e+43 1.29752e+43 2.21844e+43 2.21844e+43 2.21844e+43 0 0 8.47945e-146 3.57899e+44 4.64348e+42 0 0 0
9305.72 9.13849e+42 9.13849e+42 1.68749e+43 1.6875e+43 1.6875e+43 0 0 9.15455e-177 2.70754e+44 4.64348e+42 0 0 0
10746.1 6.34063e+42 6.34063e+42 1.27732e+43 1.27732e+43 1.27732e+43 0 0 1.52218e-212 2.01754e+44 4.64348e+42 0 0 0
12409.4 4.3296e+42 4.3296e+42 9.62075e+42 9.62075e+42 9.62075e+42 0 0 0 1.47917e+44 4.64348e+42 0 0 0
14330.1 2.90682e+42 2.90682e+42 7.21124e+42 7.21124e+42 7.21124e+42 0 0 0 1.06584e+44 4.64348e+42 0 0 0
16548.2 1.91733e+42 1.91733e+42 5.37994e+42 5.37994e+42 5.37994e+42 0 0 0 7.5406e+43 4.64348e+42 0 0 0
19109.5 1.24169e+42 1.24169e+42 3.99607e+42 3.99607e+42 3.99607e+42 0 0 0 5.23316e+43 4.64348e+42 0 0 0
22067.3 7.89208e+41 7.89208e+41 2.95622e+42 2.95622e+42 2.95622e+42 0 0 0 3.55989e+43 4.64348e+42 0 0 0
25483 4.92241e+41 4.92241e+41 2.17915e+42 2.17915e+42 2.17915e+42 0 0 0 2.37237e+43 4.64348e+42 0 0 0
29427.3 3.01349e+41 3.01349e+41 1.60147e+42 1.60147e+42 1.60147e+42 0 0 0 1.54837e+43 4.64348e+42 0 0 0
33982.1 1.81197e+41 1.81197e+41 1.17406e+42 1.17406e+42 1.17406e+42 0 0 0 9.89743e+42 4.64348e+42 0 0 0
39241.9 1.0713e+41 1.0713e+41 8.59183e+41 8.59183e+41 8.59183e+41 0 0 0 6.19881e+42 4.64348e+42 0 0 0
45315.8 6.23868e+40 6.23868e+40 6.28071e+41 6.28071e+41 6.28071e+41 0 0 0 3.80716e+42 4.64348e+42 0 0 0
52329.9 3.58665e+40 3.58665e+40 4.58951e+41 4.58951e+41 4.58951e+41 0 0 0 2.29602e+42 4.64348e+42 0 0 0
60429.6 2.04161e+40 2.04161e+40 3.3548e+41 3.3548e+41 3.3548e+41 0 0 0 1.36211e+42 4.64348e+42 0 0 0
69783.1 1.15473e+40 1.15473e+40 2.45479e+41 2.45479e+41 2.45479e+41 0 0 0 7.96681e+41 4.64348e+42 0 0 0
80584.2 6.51613e+39 6.51613e+39 1.79925e+41 1.79925e+41 1.79925e+41 0 0 0 4.60593e+41 4.64348e+42 0 0 0
93057.2 3.6852e+39 3.6852e+39 1.32178e+41 1.32178e+41 1.32178e+41 0 0 0 2.63954e+41 4.64348e+42 0 0 0
107461 2.09881e+39 2.09881e+39 9.73758e+40 9.73758e+40 9.73758e+40 0 0 0 1.50363e+41 4.64348e+42 0 0 0
124094 1.20957e+39 1.20957e+39 7.19708e+40 7.19708e+40 7.19708e+40 0 0 0 8.53634e+40 4.64348e+42 0 0 0
143301 7.08707e+38 7.08707e+38 5.33859e+40 5.33859e+40 5.33859e+40 0 0 0 4.83974e+40 4.64348e+42 0 0 0
165482 4.23976e+38 4.23976e+38 3.97528e+40 3.97528e+40 3.97528e+40 0 0 0 2.7438e+40 4.64348e+42 0 0 0
191095 2.59936e+38 2.59936e+38 2.97197e+40 2.97197e+40 2.97197e+40 0 0 0 1.55588e+40 4.64348e+42 0 0 0
220673 1.63815e+38 1.63815e+38 2.2309e+40 2.2309e+40 2.2309e+40 0 0 0 8.81621e+39 4.64348e+42 0 0 0
254830 1.06363e+38 1.06363e+38 1.68139e+40 1.68139e+40 1.68139e+40 0 0 0 4.98047e+39 4.64348e+42 0 0 0
294273 7.12614e+37 7.12614e+37 1.27227e+40 1.27227e+40 1.27227e+40 0 0 0 2.79467e+39 4.64348e+42 0 0 0
339821 4.93115e+37 4.93115e+37 9.664e+39 9.664e+39 9.664e+39 0 0 0 1.54964e+39 4.64348e+42 0 0 0
392419 3.52577e+37 3.52577e+37 7.36804e+39 7.36804e+39 7.36804e+39 0 0 0 8.43555e+38 4.64348e+42 0 0 0
453158 2.60485e+37 2.60485e+37 5.63773e+39 5.63773e+39 5.63773e+39 0 0 0 4.47178e+38 4.64348e+42 0 0 0
523299 1.98798e+37 1.98798e+37 4.32874e+39 4.32874e+39 4.32874e+39 6.9934e+31 2.48732e+36 0 2.28646e+38 4.64348e+42 0 0 0
604296 1.56642e+37 1.56642e+37 3.33482e+39 3.33482e+39 3.33482e+39 1.08721e+32 2.49766e+36 0 1.11496e+38 4.64348e+42 0 0 0
697831 1.27325e+37 1.27325e+37 2.57743e+39 2.57743e+39 2.57743e+39 1.47507e+32 2.50799e+36 0 5.11711e+37 4.64348e+42 0 0 0
805842 1.06648e+37 1.06648e+37 1.99829e+39 1.99829e+39 1.99829e+39 1.86294e+32 2.51832e+36 0 2.17653e+37 4.64348e+42 0 0 0
930572 9.19178e+36 9.19178e+36 1.55393e+39 1.55393e+39 1.55393e+39 2.2508e+32 2.52866e+36 0 8.42691e+36 4.64348e+42 0 0 0
1.07461e+06 8.13679e+36 8.13679e+36 1.21181e+39 1.21181e+39 1.21181e+39 2.86038e+32 2.54156e+36 0 2.90838e+36 4.64348e+42 0 0 0
1.24094e+06 7.38027e+36 7.38027e+36 9.47508e+38 9.47508e+38 9.47508e+38 3.85567e+32 2.54439e+36 0 8.73178e+35 4.64348e+42 0 0 0
1.43301e+06 6.83589e+36 6.83589e+36 7.42589e+38 7.42589e+38 7.42589e+38 5.1715e+32 2.54796e+36 0 2.21582e+35 4.64348e+42 0 0 0
1.65482e+06 6.44074e+36 6.44074e+36 5.83139e+38 5.83139e+38 5.83139e+38 6.91741e+32 2.55253e+36 0 4.59756e+34 4.64348e+42 0 0 0
1.91095e+06 6.14863e+36 6.14863e+36 4.58646e+38 4.58646e+38 4.58646e+38 9.42508e+32 2.55882e+36 0 7.51027e+33 4.64348e+42 0 0 0
2.20673e+06 5.92434e+36 5.92434e+36 3.61135e+38 3.61135e+38 3.61135e+38 1.26526e+33 2.56692e+36 0 9.25194e+32 4.64348e+42 0 0 0
2.5483e+06 5.74017e+36 5.74017e+36 2.84537e+38 2.84537e+38 2.84537e+38 1.69075e+33 2.5775e+36 0 8.18492e+31 4.64348e+42 0 0 0
2.94273e+06 5.5733e+36 5.5733e+36 2.24214e+38 2.24214e+38 2.24214e+38 2.25757e+33 2.59137e+36 0 4.91789e+30 4.64348e+42 0 0 0
3.39821e+06 5.40492e+36 5.40492e+36 1.76603e+38 1.76603e+38 1.76603e+38 3.07873e+33 2.61086e+36 0 1.88314e+29 4.64348e+42 0 0 0
3.92419e+06 5.21979e+36 5.21979e+36 1.38961e+38 1.38961e+38 1.38961e+38 4.15502e+33 2.6363e+36 0 4.27291e+27 4.64348e+42 0 0 0
4.53158e+06 5.00642e+36 5.00642e+36 1.09165e+38 1.09165e+38 1.09165e+38 5.61295e+33 2.66944e+36 0 5.28596e+25 4.64348e+42 0 0 0
5.23299e+06 4.75738e+36 4.75738e+36 8.55644e+37 8.55644e+37 8.55644e+37 7.56834e+33 2.71211e+36 0 3.24042e+23 4.64348e+42 0 0 0
6.04296e+06 4.46958e+36 4.46958e+36 6.6872e+37 6.6872e+37 6.6872e+37 1.03554e+34 2.77101e+36 0 8.82139e+20 4.64348e+42 0 0 0
6.97831e+06 4.14436e+36 4.14436e+36 5.20791e+37 5.20791e+37 5.20791e+37 1.3985e+34 2.84218e+36 0 9.40146e+17 4.64348e+42 0 0 0
8.05842e+06 3.7872e+36 3.7872e+36 4.03919e+37 4.03919e+37 4.03919e+37 1.87626e+34 2.92934e+36 0 3.39312e+14 4.64348e+42 0 0 0
9.30572e+06 3.40712e+36 3.40712e+36 3.1183e+37 3.1183e+37 3.1183e+37 2.51527e+34 3.02939e+36 0 3.50931e+10 4.64348e+42 0 0 0
1.07461e+07 3.01551e+36 3.01551e+36 2.39538e+37 2.39538e+37 2.39538e+37 3.39603e+34 3.16946e+36 0 857988 4.64348e+42 0 0 0
1.24094e+07 2.62478e+36 2.62478e+36 1.83047e+37 1.83047e+37 1.83047e+37 4.49057e+34 3.30061e+36 0 3.97192 4.64348e+42 0 0 0
1.43301e+07 2.24692e+36 2.24692e+36 1.39144e+37 1.39144e+37 1.39144e+37 5.83234e+34 3.43032e+36 0 2.69524e-06 4.64348e+42 0 0 0
1.65482e+07 1.89227e+36 1.89227e+36 1.05224e+37 1.05224e+37 1.05224e+37 7.44309e+34 3.55327e+36 0 1.99511e-13 4.64348e+42 0 0 0
1.91095e+07 1.5687e+36 1.5687e+36 7.91849e+36 7.91849e+36 7.91849e+36 9.43326e+34 3.66278e+36 0 1.14554e-21 4.64348e+42 0 0 0
2.20673e+07 1.28106e+36 1.28106e+36 5.93153e+36 5.93153e+36 5.93153e+36 1.15431e+35 3.75514e+36 0 3.44154e-31 4.64348e+42 0 0 0
2.5483e+07 1.03163e+36 1.03163e+36 4.42519e+36 4.42519e+36 4.42519e+36 1.38395e+35 3.81858e+36 0 3.43386e-42 4.64348e+42 0 0 0
2.94273e+07 8.20178e+35 8.20178e+35 3.29011e+36 3.29011e+36 3.29011e+36 1.61467e+35 3.81903e+36 0 6.73203e-55 4.64348e+42 0 0 0
3.39821e+07 6.44774e+35 6.44774e+35 2.44029e+36 2.44029e+36 2.44029e+36 1.84621e+35 3.74546e+36 0 1.41452e-69 4.64348e+42 0 0 0
3.92419e+07 5.01884e+35 5.01884e+35 1.80699e+36 1.80699e+36 1.80699e+36 2.0387e+35 3.59644e+36 0 1.58193e-86 4.64348e+42 0 0 0
4.53158e+07 3.87662e+35 3.87662e+35 1.33802e+36 1.33802e+36 1.33802e+36 2.20621e+35 3.399e+36 0 4.19593e-106 4.64348e+42 0 0 0
5.23299e+07 2.97751e+35 2.97751e+35 9.92216e+35 9.92216e+35 9.92216e+35 2.33725e+35 3.17033e+36 0 1.03781e-128 4.64348e+42 0 0 0
6.04296e+07 2.27781e+35 2.27781e+35 7.37672e+35 7.37672e+35 7.37672e+35 2.41305e+35 2.88682e+36 0 8.14461e-155 4.64348e+42 0 0 0
6.97831e+07 1.73804e+35 1.73804e+35 5.5032e+35 5.5032e+35 5.5032e+35 2.42669e+35 2.56233e+36 0 5.83981e-185 4.64348e+42 0 0 0
8.05842e+07 1.32441e+35 1.32441e+35 4.12273e+35 4.12273e+35 4.12273e+35 2.38427e+35 2.20013e+36 0 9.0844e-220 4.64348e+42 0 0 0
9.30572e+07 1.00819e+35 1.00819e+35 3.10097e+35 3.10097e+35 3.10097e+35 2.2873e+35 1.81398e+36 0 5.82736e-260 4.64348e+42 0 0 0
1.07461e+08 7.65891e+34 7.65891e+34 2.33835e+35 2.33835e+35 2.33835e+35 2.13509e+35 1.41735e+36 0 0 4.64348e+42 238.265 0 0
1.24094e+08 5.81413e+34 5.81413e+34 1.76938e+35 1.76938e+35 1.76938e+35 1.95805e+35 1.09623e+36 0 0 4.64348e+42 209.319 0 0
1.43301e+08 4.40179e+34 4.40179e+34 1.34029e+35 1.34029e+35 1.34029e+35 1.7556e+35 8.31808e+35 0 0 4.64348e+42 183.891 0 0
1.65482e+08 3.31571e+34 3.31571e+34 1.01359e+35 1.01359e+35 1.01359e+35 1.53442e+35 6.20915e+35 0 0 4.64348e+42 161.551 0 0
1.91095e+08 2.46539e+34 2.46539e+34 7.58974e+34 7.58974e+34 7.58974e+34 1.28587e+35 4.47573e+35 0 0 4.64348e+42 141.925 0 0
2.20673e+08 1.82643e+34 1.82643e+34 5.67812e+34 5.67812e+34 5.67812e+34 1.06592e+35 3.2902e+35 0 0 4.64348e+42 124.684 0 0
2.5483e+08 1.34104e+34 1.34104e+34 4.22074e+34 4.22074e+34 4.22074e+34 8.63777e+34 2.39844e+35 0 0 4.64348e+42 109.537 0 0
2.94273e+08 9.75277e+33 9.75277e+33 3.11454e+34 3.11454e+34 3.11454e+34 6.84915e+34 1.73319e+35 0 0 4.64348e+42 96.2298 0 0
3.39821e+08 6.96335e+33 6.96335e+33 2.26088e+34 2.26088e+34 2.26088e+34 5.21861e+34 1.22891e+35 0 0 4.64348e+42 88.2693 0 0
3.92419e+08 4.97442e+33 4.97442e+33 1.64504e+34 1.64504e+34 1.64504e+34 3.99222e+34 8.9155e+34 0 0 4.64348e+42 84.5395 0 0
4.53158e+08 3.52925e+33 3.52925e+33 1.19068e+34 1.19068e+34 1.19068e+34 3.01518e+34 6.44615e+34 0 0 4.64348e+42 80.9673 0 0
5.23299e+08 2.48016e+33 2.48016e+33 8.54859e+33 8.54859e+33 8.54859e+33 2.2358e+34 4.64564e+34 0 0 4.64348e+42 77.546 0 0
6.04296e+08 1.73318e+33 1.73318e+33 6.11118e+33 6.11118e+33 6.11118e+33 1.64181e+34 3.31277e+34 0 0 4.64348e+42 74.2693 0 0
6.97831e+08 1.21912e+33 1.21912e+33 4.40314e+33 4.40314e+33 4.40314e+33 1.22591e+34 2.41528e+34 0 0 4.64348e+42 71.1311 0 0
8.05842e+08 8.51842e+32 8.51842e+32 3.16234e+33 3.16234e+33 3.16234e+33 9.10537e+33 1.75841e+34 0 0 4.64348e+42 68.1255 0 0
9.30572e+08 5.73076e+32 5.73076e+32 2.2449e+33 2.2449e+33 2.2449e+33 6.71594e+33 1.27725e+34 0 0 4.64348e+42 65.2468 0 0
1.07461e+09 2.99222e+32 2.99222e+32 1.49444e+33 1.49444e+33 1.49444e+33 4.88633e+33 9.14216e+33 0 0 4.64348e+42 65.482 0 0
1.24094e+09 4.36992e+31 4.36992e+31 7.8721e+32 7.8721e+32 7.8721e+32 3.64051e+33 6.69998e+33 0 0 4.64348e+42 68.8648 0 0
1.43301e+09 4.92317e+28 4.92317e+28 2.6007e+32 2.6007e+32 2.6007e+32 2.71697e+33 4.89637e+33 0 0 4.64348e+42 72.4223 0 0
1.65482e+09 1.70488e+19 1.70488e+19 6.43003e+31 6.43003e+31 6.43003e+31 2.02074e+33 3.56687e+33 0 0 4.64348e+42 76.1635 0 0
1.91095e+09 2.74604e-08 2.74604e-08 1.58225e+31 1.58225e+31 1.58225e+31 1.48382e+33 2.5538e+33 0 0 4.64348e+42 80.0981 0 0
2.20673e+09 4.1586e-74 4.1586e-74 4.38905e+30 4.38905e+30 4.38905e+30 1.11351e+33 1.87486e+33 0 0 4.64348e+42 84.2359 0 0
2.5483e+09 1.25529e-214 1.25529e-214 1.37701e+30 1.37701e+30 1.37701e+30 8.33063e+32 1.37229e+33 0 0 4.64348e+42 88.5874 0 0
2.94273e+09 0 0 4.83992e+29 4.83992e+29 4.83992e+29 6.20167e+32 1.00098e+33 0 0 4.64348e+42 93.1638 0 0
3.39821e+09 0 0 1.8668e+29 1.8668e+29 1.8668e+29 4.53069e+32 7.1749e+32 0 0 4.64348e+42 97.9765 0 0
3.92419e+09 0 0 7.98074e+28 7.98074e+28 7.98074e+28 3.38839e+32 5.2676e+32 0 0 4.64348e+42 103.038 0 0
4.53158e+09 0 0 3.68509e+28 3.68509e+28 3.68509e+28 2.52536e+32 3.85238e+32 0 0 4.64348e+42 108.361 0 0
5.23299e+09 0 0 1.81874e+28 1.81874e+28 1.81874e+28 1.87543e+32 2.80494e+32 0 0 4.64348e+42 113.959 0 0
6.04296e+09 0 0 9.40766e+27 9.40766e+27 9.40766e+27 1.36352e+32 2.0083e+32 0 0 4.64348e+42 119.846 0 0
6.97831e+09 0 0 5.20124e+27 5.20124e+27 5.20124e+27 1.01745e+32 1.47149e+32 0 0 4.64348e+42 126.037 0 0
8.05842e+09 0 0 3.0003e+27 3.0003e+27 3.0003e+27 7.56589e+31 1.07488e+32 0 0 4.64348e+42 132.548 0 0
9.30572e+09 0 0 1.79085e+27 1.79085e+27 1.79085e+27 5.58897e+31 7.82731e+31 0 0 4.64348e+42 139.395 0 0
1.07461e+10 0 0 1.09139e+27 1.09139e+27 1.09139e+27 4.0521e+31 5.61736e+31 0 0 4.64348e+42 156.404 0 0
1.24094e+10 0 0 6.93155e+26 6.93155e+26 6.93155e+26 2.99774e+31 4.12687e+31 0 0 4.64348e+42 187.229 0 0
1.43301e+10 0 0 4.49434e+26 4.49434e+26 4.49434e+26 2.20344e+31 3.02349e+31 0 0 4.64348e+42 224.128 0 0
1.65482e+10 0 0 2.97211e+26 2.97211e+26 2.97211e+26 1.61426e+31 2.20765e+31 0 0 4.64348e+42 268.301 0 0
1.91095e+10 0 0 1.97526e+26 1.97526e+26 1.97526e+26 1.159e+31 1.58306e+31 0 0 4.64348e+42 321.179 0 0
2.20673e+10 0 0 1.35836e+26 1.35836e+26 1.35836e+26 8.52164e+30 1.16288e+31 0 0 4.64348e+42 384.478 34.7254 0
2.5483e+10 0 0 9.46682e+25 9.46682e+25 9.46682e+25 6.24267e+30 8.51082e+30 0 0 4.64348e+42 460.253 22.9578 0
2.94273e+10 0 0 6.67873e+25 6.67873e+25 6.67873e+25 4.55806e+30 6.2047e+30 0 0 4.64348e+42 550.962 15.5417 0
3.39821e+10 0 0 4.69816e+25 4.69816e+25 4.69816e+25 3.26043e+30 4.43391e+30 0 0 4.64348e+42 659.549 10.7604 0
3.92419e+10 0 0 3.42104e+25 3.42104e+25 3.42104e+25 2.39882e+30 3.25417e+30 0 0 4.64348e+42 789.536 7.61059 0
4.53158e+10 0 0 2.51559e+25 2.51559e+25 2.51559e+25 1.76044e+30 2.38163e+30 0 0 4.64348e+42 945.142 5.49245 0
5.23299e+10 0 0 1.86727e+25 1.86727e+25 1.86727e+25 1.28949e+30 1.73751e+30 0 0 4.64348e+42 1131.42 4.04008 0
6.04296e+10 0 0 1.37807e+25 1.37807e+25 1.37807e+25 9.27477e+29 1.24213e+30 0 0 4.64348e+42 1354.4 3.02568 0
6.97831e+10 0 0 1.05106e+25 1.05106e+25 1.05106e+25 6.85679e+29 9.1317e+29 0 0 4.64348e+42 1621.33 2.3047 0
8.05842e+10 0 0 8.06484e+24 8.06484e+24 8.06484e+24 5.05389e+29 6.69538e+29 0 0 4.64348e+42 1940.87 1.78376 0
9.30572e+10 0 0 6.21967e+24 6.21967e+24 6.21967e+24 3.71357e+29 4.89305e+29 0 0 4.64348e+42 2323.39 1.40144 0
1.07461e+11 0 0 4.73838e+24 4.73838e+24 4.73838e+24 2.67231e+29 3.49967e+29 0 0 4.64348e+42 2781.29 1.11671 0
1.24094e+11 0 0 3.71887e+24 3.71887e+24 3.71887e+24 1.97306e+29 2.57394e+29 0 0 4.64348e+42 3329.45 0.901709 0
1.43301e+11 0 0 2.92474e+24 2.92474e+24 2.92474e+24 1.4511e+29 1.88698e+29 0 0 4.64348e+42 3985.63 0.737233 0
1.65482e+11 0 0 2.30233e+24 2.30233e+24 2.30233e+24 1.06255e+29 1.37807e+29 0 0 4.64348e+42 4771.14 0.609868 0
1.91095e+11 0 0 1.78324e+24 1.78324e+24 1.78324e+24 7.61325e+28 9.83825e+28 0 0 4.64348e+42 5711.46 0.510106 0
2.20673e+11 0 0 1.42192e+24 1.42192e+24 1.42192e+24 5.60163e+28 7.22439e+28 0 0 4.64348e+42 6837.1 0.431129 0
2.5483e+11 0 0 1.1338e+24 1.1338e+24 1.1338e+24 4.10612e+28 5.28639e+28 0 0 4.64348e+42 8184.59 0.367983 0
2.94273e+11 0 0 9.0356e+23 9.0356e+23 9.0356e+23 2.99831e+28 3.85259e+28 0 0 4.64348e+42 9797.65 0.317029 0
3.39821e+11 0 0 7.07252e+23 7.07252e+23 7.07252e+23 2.14286e+28 2.74261e+28 0 0 4.64348e+42 0 0.275565 0
3.92419e+11 0 0 5.69761e+23 5.69761e+23 5.69761e+23 1.5738e+28 2.00907e+28 0 0 4.64348e+42 0 0.241562 0
4.53158e+11 0 0 4.58369e+23 4.58369e+23 4.58369e+23 1.15154e+28 1.46618e+28 0 0 4.64348e+42 0 0.213483 0
5.23299e+11 0 0 3.68068e+23 3.68068e+23 3.68068e+23 8.3924e+27 1.06533e+28 0 0 4.64348e+42 0 0.190154 0
6.04296e+11 0 0 2.89692e+23 2.89692e+23 2.89692e+23 5.98132e+27 7.55443e+27 0 0 4.64348e+42 0 0.170669 0
6.97831e+11 0 0 2.34612e+23 2.34612e+23 2.34612e+23 4.38265e+27 5.51487e+27 0 0 4.64348e+42 0 0.154323 0
8.05842e+11 0 0 1.89529e+23 1.89529e+23 1.89529e+23 3.19855e+27 4.00938e+27 0 0 4.64348e+42 0 0.140565 0
9.30572e+11 0 0 1.52655e+23 1.52655e+23 1.52655e+23 2.32455e+27 2.90104e+27 0 0 4.64348e+42 0 0.12896 0
1.07461e+12 0 0 1.2028e+23 1.2028e+23 1.2028e+23 1.65041e+27 2.04602e+27 0 0 4.64348e+42 0 0.119166 0
1.24094e+12 0 0 9.75059e+22 9.75059e+22 9.75059e+22 1.20528e+27 1.48644e+27 0 0 4.64348e+42 0 0.110908 0
1.43301e+12 0 0 7.87526e+22 7.87526e+22 7.87526e+22 8.76444e+26 1.07495e+27 0 0 4.64348e+42 0 0.103969 0
1.65482e+12 0 0 6.33359e+22 6.33359e+22 6.33359e+22 6.34402e+26 7.73255e+26 0 0 4.64348e+42 0 0.098177 0
1.91095e+12 0 0 4.97143e+22 4.97143e+22 4.97143e+22 4.48054e+26 5.41257e+26 0 0 4.64348e+42 0 0.0933933 0
2.20673e+12 0 0 4.01334e+22 4.01334e+22 4.01334e+22 3.25682e+26 3.90601e+26 0 0 4.64348e+42 0 0.0895108 0
2.5483e+12 0 0 3.22246e+22 3.22246e+22 3.22246e+22 2.35611e+26 2.80406e+26 0 0 4.64348e+42 0 0.0864461 0
2.94273e+12 0 0 2.5715e+22 2.5715e+22 2.5715e+22 1.69587e+26 2.00088e+26 0 0 4.64348e+42 0 0.0841374 0
3.39821e+12 0 0 1.99583e+22 1.99583e+22 1.99583e+22 1.18894e+26 1.38599e+26 0 0 4.64348e+42 0 0.082541 0
3.92419e+12 0 0 1.59159e+22 1.59159e+22 1.59159e+22 8.58606e+25 9.91061e+25 0 0 4.64348e+42 0 0.08163 0
4.53158e+12 0 0 1.25875e+22 1.25875e+22 1.25875e+22 6.16728e+25 7.04358e+25 0 0 4.64348e+42 0 0.0813928 0
5.23299e+12 0 0 9.86116e+21 9.86116e+21 9.86116e+21 4.40442e+25 4.97099e+25 0 0 4.64348e+42 0 0.0818329 0
6.04296e+12 0 0 7.47309e+21 7.47309e+21 7.47309e+21 3.05645e+25 3.39418e+25 0 0 4.64348e+42 0 0.0829683 0
6.97831e+12 0 0 5.80677e+21 5.80677e+21 5.80677e+21 2.18744e+25 2.39688e+25 0 0 4.64348e+42 0 0.0848322 0
8.05842e+12 0 0 4.4543e+21 4.4543e+21 4.4543e+21 1.5558e+25 1.68042e+25 0 0 4.64348e+42 0 0.0874729 0
9.30572e+12 0 0 3.36781e+21 3.36781e+21 3.36781e+21 1.09915e+25 1.16839e+25 0 0 4.64348e+42 0 0.0909553 0
1.07461e+13 0 0 2.4446e+21 2.4446e+21 2.4446e+21 7.52035e+24 7.82194e+24 0 0 4.64348e+42 0 0.0953611 0
1.24094e+13 0 0 1.8152e+21 1.8152e+21 1.8152e+21 5.31606e+24 5.43117e+24 0 0 4.64348e+42 0 0.10079 0
1.43301e+13 0 0 1.32387e+21 1.32387e+21 1.32387e+21 3.7303e+24 3.73843e+24 0 0 4.64348e+42 0 0.10736 0
1.65482e+13 0 0 9.47172e+20 9.47172e+20 9.47172e+20 2.59667e+24 2.54756e+24 0 0 4.64348e+42 0 0.115206 0
1.91095e+13 6.49347e-267 6.49348e-267 6.45793e+20 6.45793e+20 6.45793e+20 1.7423e+24 1.66014e+24 0 0 4.64348e+42 0 0.12448 0
2.20673e+13 3.28586e-234 3.28587e-234 4.50874e+20 4.50874e+20 4.50874e+20 1.21101e+24 1.12685e+24 0 0 4.64348e+42 0 0.135345 0
2.5483e+13 3.31167e-205 3.31168e-205 3.08548e+20 3.08548e+20 3.08548e+20 8.34244e+23 7.56748e+23 0 0 4.64348e+42 0 0.147968 0
2.94273e+13 1.67185e-179 1.67186e-179 2.06934e+20 2.06934e+20 2.06934e+20 5.69138e+23 5.01976e+23 0 0 4.64348e+42 0 0.162507 0
3.39821e+13 9.3552e-157 9.35526e-157 1.31602e+20 1.31602e+20 1.31602e+20 3.71701e+23 3.15243e+23 0 0 4.64348e+42 0 0.179093 0
3.92419e+13 1.32409e-136 1.3241e-136 8.63049e+19 8.63049e+19 8.63049e+19 2.52488e+23 2.07568e+23 0 0 4.64348e+42 0 0.197804 0
4.53158e+13 8.76082e-119 8.76092e-119 5.55671e+19 5.55671e+19 5.55671e+19 1.69624e+23 1.34867e+23 0 0 4.64348e+42 0 0.218621 0
5.23299e+13 4.90475e-103 4.90482e-103 3.51305e+19 3.51305e+19 3.51305e+19 1.1259e+23 8.62932e+22 0 0 4.64348e+42 0 0.241387 0
6.04296e+13 3.79046e-89 3.79053e-89 2.09434e+19 2.09434e+19 2.09434e+19 7.08217e+22 5.14998e+22 0 0 4.64348e+42 0 0.265741 0
6.97831e+13 7.17383e-77 7.17399e-77 1.3015e+19 1.3015e+19 1.3015e+19 4.66232e+22 3.25559e+22 0 0 4.64348e+42 0 0.291055 0
8.05842e+13 4.78252e-66 4.78265e-66 7.95228e+18 7.95228e+18 7.95228e+18 3.02669e+22 2.02396e+22 0 0 4.64348e+42 0 0.316368 0
9.30572e+13 1.63515e-56 1.63521e-56 4.7755e+18 4.7755e+18 4.7755e+18 1.93514e+22 1.23407e+22 0 0 4.64348e+42 0 0.340344 0
1.07461e+14 3.80075e-48 3.8009e-48 2.67287e+18 2.67287e+18 2.67287e+18 1.15463e+22 6.86066e+21 0 0 4.64348e+42 0 0 0
1.24094e+14 9.16952e-41 9.17004e-41 1.58004e+18 1.58004e+18 1.58004e+18 7.28118e+21 4.10664e+21 0 0 4.64348e+42 0 0 0
1.43301e+14 2.78304e-34 2.78332e-34 9.17228e+17 9.17228e+17 9.17228e+17 4.50941e+21 2.40678e+21 0 0 4.64348e+42 0 0 0
1.65482e+14 1.34351e-28 1.34378e-28 5.22295e+17 5.22295e+17 5.22295e+17 2.73844e+21 1.37609e+21 0 0 4.64348e+42 0 0 0
1.91095e+14 1.18215e-23 1.18265e-23 2.71174e+17 2.71174e+17 2.71174e+17 1.51508e+21 6.92283e+20 0 0 4.64348e+42 0 0 0
2.20673e+14 2.69154e-19 2.69381e-19 1.51344e+17 1.51344e+17 1.51344e+17 9.00126e+20 3.85138e+20 0 0 4.64348e+42 0 0 0
2.5483e+14 1.70075e-15 1.70335e-15 8.25822e+16 8.25822e+16 8.25822e+16 5.22146e+20 2.08618e+20 0 0 4.64348e+42 0 0 0
2.94273e+14 3.44703e-12 3.45588e-12 4.39917e+16 4.39917e+16 4.39917e+16 2.95239e+20 1.09498e+20 0 0 4.64348e+42 0 0 0
3.39821e+14 2.29312e-09 2.3023e-09 2.05655e+16 2.05655e+16 2.05655e+16 1.46244e+20 4.77465e+19 0 0 4.64348e+42 0 0 0
3.92419e+14 7.07175e-07 7.1131e-07 1.0623e+16 1.0623e+16 1.0623e+16 7.98999e+19 2.40742e+19 0 0 4.64348e+42 0 0 0
4.53158e+14 9.82491e-05 9.9041e-05 5.32203e+15 5.32203e+15 5.32203e+15 4.22567e+19 1.17384e+19 0 0 4.64348e+42 0 0 0
5.23299e+14 0.00672213 0.00679313 2.58325e+15 2.58325e+15 2.58325e+15 2.16087e+19 5.49975e+18 0 0 4.64348e+42 0 0 0
6.04296e+14 0.208146 0.210902 1.0308e+15 1.0308e+15 1.0308e+15 9.06505e+18 1.94533e+18 0 0 4.64348e+42 0 0 0
6.97831e+14 4.40642 4.47682 4.76012e+14 4.76012e+14 4.76012e+14 4.39209e+18 8.58126e+17 0 0 4.64348e+42 0 0 0
8.05842e+14 56.1322 57.1783 2.10352e+14 2.10352e+14 2.10352e+14 2.03211e+18 3.63207e+17 0 0 4.64348e+42 0 0 0
9.30572e+14 455.1 464.701 8.90363e+13 8.90363e+13 8.90363e+13 8.98679e+17 1.46352e+17 0 0 4.64348e+42 0 0 0
1.07461e+15 1896.09 1940.21 2.77597e+13 2.77597e+13 2.77597e+13 2.92059e+17 3.76289e+16 0 0 4.64348e+42 0 0 0
1.24094e+15 7203.38 7384.08 1.08364e+13 1.08364e+13 1.08364e+13 1.18643e+17 1.37522e+16 0 0 4.64348e+42 0 0 0
1.43301e+15 19331.9 19844.2 3.95039e+12 3.95039e+12 3.95039e+12 4.491e+16 4.78377e+15 0 0 4.64348e+42 0 0 0
1.65482e+15 38002.1 39046.8 1.3486e+12 1.3486e+12 1.3486e+12 1.58876e+16 1.57958e+15 0 0 4.64348e+42 0 0 0
1.91095e+15 37395.6 38445.4 2.86088e+11 2.86088e+11 2.86088e+11 3.48524e+15 2.43281e+14 0 0 4.64348e+42 0 0 0
2.20673e+15 43268.9 44491.8 8.63105e+10 8.63105e+10 8.63105e+10 1.08503e+15 6.69e+13 0 0 4.64348e+42 0 0 0
2.5483e+15 37707.8 38767.3 2.31842e+10 2.31842e+10 2.31842e+10 3.00328e+14 1.72313e+13 0 0 4.64348e+42 0 0 0
2.94273e+15 24915.9 25604.2 5.47043e+09 5.47043e+09 5.47043e+09 7.28544e+13 4.28433e+12 0 0 4.64348e+42 0 0 0
3.39821e+15 7170.71 7363.52 6.39864e+08 6.39864e+08 6.39864e+08 8.74847e+12 3.01698e+11 0 0 4.64348e+42 0 0 0
3.92419e+15 3130.84 3212.06 1.27228e+08 1.27228e+08 1.27228e+08 1.78237e+12 5.25393e+10 0 0 4.64348e+42 0 0 0
4.53158e+15 1018.52 1043.81 2.08316e+07 2.08316e+07 2.08316e+07 2.98523e+11 8.0499e+09 0 0 4.64348e+42 0 0 0
5.23299e+15 230.89 236.337 2.59517e+06 2.59517e+06 2.59517e+06 3.79805e+10 1.2086e+09 0 0 4.64348e+42 0 0 0
6.04296e+15 17.108 17.4892 114162 114162 114162 1.70362e+09 2.95018e+07 0 0 4.64348e+42 0 0 0
6.97831e+15 2.61712 2.67186 11096.6 11096.6 11096.6 1.68595e+08 2.41476e+06 0 0 4.64348e+42 0 0 0
8.05842e+15 0.270265 0.275545 772.849 772.849 772.849 1.1938e+07 146692 0 0 4.64348e+42 0 0 0
9.30572e+15 0.017191 0.0175034 34.938 34.938 34.938 547910 7804.86 0 0 4.64348e+42 0 0 0
1.07461e+16 0.000189814 0.000193007 0.287073 0.287073 0.287073 4564.42 42.7199 0 0 4.64348e+42 0 0 0
1.24094e+16 6.92089e-06 7.02828e-06 0.0081103 0.0081103 0.0081103 130.566 1.00005 0 0 4.64348e+42 0 0 0
1.43301e+16 1.25397e-07 1.27186e-07 0.000117971 0.000117971 0.000117971 1.9204 0.0129006 0 0 4.64348e+42 0 0 0
1.65482e+16 1.08636e-09 1.10057e-09 8.46435e-07 8.46435e-07 8.46435e-07 0.0139141 9.22554e-05 0 0 4.64348e+42 0 0 0
1.91095e+16 7.80573e-13 7.89901e-13 5.17641e-10 5.17641e-10 5.17641e-10 8.58162e-06 5.18602e-08 0 0 4.64348e+42 0 0 0
2.20673e+16 2.01136e-15 2.03328e-15 1.16282e-12 1.16282e-12 1.16282e-12 1.94162e-08 1.13124e-10 0 0 4.64348e+42 0 0 0
2.5483e+16 1.4376e-18 1.45185e-18 7.39953e-16 7.39953e-16 7.39953e-16 1.24285e-11 7.16531e-14 0 0 4.64348e+42 0 0 0
2.94273e+16 2.85e-22 2.87563e-22 1.33034e-19 1.33034e-19 1.33034e-19 2.24511e-15 1.29145e-17 0 0 4.64348e+42 0 0 0
3.39821e+16 2.45238e-27 2.47236e-27 1.05509e-24 1.05509e-24 1.05509e-24 1.78725e-20 1.02632e-22 0 0 4.64348e+42 0 0 0
3.92419e+16 4.03107e-32 4.06078e-32 1.62132e-29 1.62132e-29 1.62132e-29 2.75452e-25 1.58129e-27 0 0 4.64348e+42 0 0 0
4.53158e+16 8.32e-38 8.37535e-38 3.16752e-35 3.16752e-35 3.16752e-35 5.39476e-31 3.09706e-33 0 0 4.64348e+42 0 0 0
5.23299e+16 1.94364e-44 1.9553e-44 7.08105e-42 7.08105e-42 7.08105e-42 1.20887e-37 6.93948e-40 0 0 4.64348e+42 0 0 0
6.04296e+16 7.0172e-53 7.05507e-53 2.46992e-50 2.46992e-50 2.46992e-50 4.22797e-46 2.42704e-48 0 0 4.64348e+42 0 0 0
6.97831e+16 1.46839e-61 1.47552e-61 5.03546e-59 5.03546e-59 5.03546e-59 8.64918e-55 4.96529e-57 0 0 4.64348e+42 0 0 0
8.05842e+16 9.72157e-72 9.76392e-72 3.2719e-69 3.2719e-69 3.2719e-69 5.6458e-65 3.24095e-67 0 0 4.64348e+42 0 0 0
9.30572e+16 0 0 0 0 0 0 0 0 0 4.64348e+42 0 0 0