
1.07461e-07 0 0 0 5.84443e+48 1.26094e+59 0 0 3.07282e+41 0 4.64348e+42 0 0 0
1.24094e-07 0 0 0 6.71427e+48 1.13974e+59 0 0 3.54843e+41 0 4.64348e+42 0 0 0
1.43301e-07 0 0 0 7.70902e+48 1.02958e+59 0 0 4.09767e+41 0 4.64348e+42 0 0 0
1.65482e-07 0 0 0 8.84535e+48 9.29466e+58 0 0 4.73191e+41 0 4.64348e+42 0 0 0
1.91095e-07 0 0 0 1.01417e+49 8.38469e+58 0 0 5.46433e+41 0 4.64348e+42 0 0 0
2.20673e-07 0 0 1.29126e-243 1.16186e+49 7.55763e+58 0 0 6.31011e+41 0 4.64348e+42 0 0 0
2.5483e-07 0 0 2.00415e-204 1.32984e+49 6.80594e+58 0 0 7.2868e+41 0 4.64348e+42 0 0 0
2.94273e-07 0 0 1.76718e-170 1.52055e+49 6.12278e+58 0 0 8.41466e+41 0 4.64348e+42 0 0 0
3.39821e-07 0 0 4.46737e-141 1.73663e+49 5.50194e+58 0 0 9.7171e+41 0 4.64348e+42 0 0 0
3.92419e-07 0 0 1.31518e-115 1.9809e+49 4.93779e+58 0 0 1.12211e+42 0 4.64348e+42 0 0 0
4.53158e-07 0 0 1.51782e-93 2.25634e+49 4.42522e+58 0 0 1.2958e+42 0 4.64348e+42 0 0 0
5.23299e-07 0 0 1.96436e-74 2.56603e+49 3.95961e+58 0 0 1.49636e+42 0 4.64348e+42 0 0 0
6.04296e-07 0 0 7.08366e-58 2.9131e+49 3.53677e+58 0 0 1.72797e+42 0 4.64348e+42 0 0 0
6.97831e-07 0 0 1.5653e-43 3.30067e+49 3.1529e+58 0 0 1.99543e+42 0 4.64348e+42 0 0 0
8.05842e-07 0 0 4.19387e-31 3.73172e+49 2.80457e+58 0 0 2.30429e+42 0 4.64348e+42 0 0 0
9.30572e-07 0 0 2.46001e-20 4.20895e+49 2.48869e+58 0 0 2.66095e+42 0 4.64348e+42 0 0 0
1.07461e-06 0 0 5.26952e-11 4.73461e+49 2.20245e+58 0 0 3.07282e+42 0 4.64348e+42 0 0 0
1.24094e-06 0 0 0.00641973 5.31031e+49 1.94333e+58 0 0 3.54843e+42 0 4.64348e+42 0 0 0
1.43301e-06 0 0 65276.5 5.93676e+49 1.70903e+58 0 0 4.09767e+42 0 4.64348e+42 0 0 0
1.65482e-06 0 0 7.72185e+10 6.6135e+49 1.49752e+58 0 0 4.73191e+42 0 4.64348e+42 0 0 0
1.91095e-06 0 0 1.4167e+16 7.33864e+49 1.30693e+58 0 0 5.46433e+42 0 4.64348e+42 0 0 0
2.20673e-06 0 0 5.17047e+20 8.10856e+49 1.1356e+58 0 0 6.31011e+42 0 4.64348e+42 0 0 0
2.5483e-06 0 0 4.6566e+24 8.91776e+49 9.82026e+57 0 0 7.2868e+42 0 4.64348e+42 0 0 0
2.94273e-06 0 0 1.24716e+28 9.75872e+49 8.44846e+57 0 0 8.41466e+42 0 4.64348e+42 0 0 0
3.39821e-06 0 0 1.16747e+31 1.06221e+50 7.22824e+57 0 0 9.7171e+42 0 4.64348e+42 0 0 0
3.92419e-06 0 0 4.39337e+33 1.1497e+50 6.14831e+57 0 0 1.12211e+43 0 4.64348e+42 0 0 0
4.53158e-06 0 0 7.50285e+35 1.23721e+50 5.19822e+57 0 0 1.2958e+43 0 4.64348e+42 0 0 0
5.23299e-06 0 0 6.4591e+37 1.32366e+50 4.36822e+57 0 0 1.49636e+43 0 4.64348e+42 0 0 0
6.04296e-06 0 0 3.07085e+39 1.40821e+50 3.649e+57 0 0 1.72797e+43 0 4.64348e+42 0 0 0
6.97831e-06 0 0 8.72853e+40 1.49053e+50 3.03156e+57 0 0 1.99543e+43 0 4.64348e+42 0 0 0
8.05842e-06 0 0 1.58949e+42 1.57104e+50 2.50703e+57 0 0 2.30429e+43 0 4.64348e+42 0 0 0
9.30572e-06 0 0 1.97004e+43 1.6512e+50 2.0665e+57 0 0 2.66095e+43 0 4.64348e+42 0 0 0
1.07461e-05 0 0 1.75243e+44 1.73377e+50 1.70102e+57 0 0 3.07282e+43 0 4.64348e+42 0 0 0
1.24094e-05 0 0 1.17223e+45 1.82294e+50 1.4015e+57 0 0 3.54843e+43 0 4.64348e+42 0 0 0
1.43301e-05 0 0 6.14296e+45 1.92423e+50 1.15885e+57 0 0 4.09767e+43 0 4.64348e+42 0 0 0
1.65482e-05 0 0 2.61369e+46 2.04421e+50 9.64085e+56 0 0 4.73191e+43 0 4.64348e+42 0 0 0
1.91095e-05 0 0 9.31079e+46 2.18988e+50 8.08601e+56 0 0 5.46433e+43 0 4.64348e+42 0 0 0
2.20673e-05 0 0 2.84983e+47 2.36789e+50 6.84425e+56 0 0 6.31011e+43 0 4.64348e+42 0 0 0
2.5483e-05 0 0 7.6564e+47 2.58371e+50 5.84505e+56 0 0 7.2868e+43 0 4.64348e+42 0 0 0
2.94273e-05 0 0 1.83712e+48 2.84109e+50 5.02926e+56 0 0 8.41466e+43 0 4.64348e+42 0 0 0
3.39821e-05 0 0 3.99302e+48 3.14194e+50 4.35021e+56 0 0 9.7171e+43 0 4.64348e+42 0 0 0
3.92419e-05 0 0 7.95522e+48 3.48683e+50 3.77342e+56 0 0 1.12211e+44 0 4.64348e+42 0 0 0
4.53158e-05 0 0 1.46777e+49 3.87597e+50 3.27509e+56 0 0 1.2958e+44 0 4.64348e+42 0 0 0
5.23299e-05 0 0 2.53131e+49 4.31028e+50 2.83963e+56 0 0 1.49636e+44 0 4.64348e+42 0 0 0
6.04296e-05 0 0 4.11534e+49 4.79233e+50 2.45706e+56 0 0 1.72797e+44 0 4.64348e+42 0 0 0
6.97831e-05 0 0 6.35675e+49 5.32691e+50 2.12075e+56 0 0 1.99543e+44 0 4.64348e+42 0 0 0
8.05842e-05 0 0 9.39549e+49 5.92123e+50 1.8258e+56 0 0 2.30429e+44 0 4.64348e+42 0 0 0
9.30572e-05 0 0 1.33728e+50 6.58497e+50 1.56811e+56 0 0 2.66095e+44 0 4.64348e+42 0 0 0
0.000107461 0 0 1.84325e+50 7.33025e+50 1.34392e+56 0 0 3.07281e+44 0 4.64348e+42 0 0 0
0.000124094 0 0 2.4725e+50 8.17169e+50 1.14967e+56 0 0 3.54843e+44 0 4.64348e+42 0 0 0
0.000143301 0 0 3.24123e+50 9.12636e+50 9.81969e+55 0 0 4.09766e+44 0 4.64348e+42 0 0 0
0.000165482 0 0 4.16737e+50 1.02139e+51 8.37601e+55 0 0 4.7319e+44 0 4.64348e+42 0 0 0
0.000191095 0 0 5.27118e+50 1.14565e+51 7.13576e+55 0 0 5.46431e+44 0 4.64348e+42 0 0 0
0.000220673 0 0 6.5759e+50 1.28798e+51 6.07171e+55 0 0 6.31009e+44 0 4.64348e+42 0 0 0
0.00025483 0 0 8.10883e+50 1.45138e+51 5.15957e+55 0 0 7.28677e+44 0 4.64348e+42 0 0 0
0.000294273 0 0 9.90276e+50 1.63942e+51 4.37811e+55 0 0 8.41463e+44 0 4.64348e+42 0 0 0
0.000339821 0 0 1.19978e+51 1.85649e+51 3.70906e+55 0 0 9.71705e+44 0 4.64348e+42 0 0 0
0.000392419 0 0 1.44433e+51 2.10788e+51 3.13679e+55 0 0 1.12211e+45 0 4.64348e+42 0 0 0
0.000453158 0 0 1.72996e+51 2.39998e+51 2.64793e+55 0 0 1.29579e+45 0 4.64348e+42 0 0 0
0.000523299 0 0 2.06394e+51 2.74039e+51 2.23096e+55 0 0 1.49635e+45 0 4.64348e+42 0 0 0
0.000604296 0 0 2.45497e+51 3.13805e+51 1.8759e+55 0 0 1.72796e+45 0 4.64348e+42 0 0 0
0.000697831 0 0 2.9135e+51 3.60362e+51 1.57409e+55 0 0 1.99541e+45 0 4.64348e+42 0 0 0
0.000805842 0 0 3.45212e+51 4.14988e+51 1.31801e+55 0 0 2.30426e+45 0 4.64348e+42 0 0 0
0.000930572 0 0 4.0861e+51 4.79228e+51 1.10115e+55 0 0 2.66091e+45 0 4.64348e+42 0 0 0
0.00107461 0 0 4.83392e+51 5.54948e+51 9.17867e+54 0 0 3.07277e+45 0 4.64348e+42 0 0 0
0.00124094 0 0 5.71786e+51 6.44394e+51 7.63293e+54 0 0 3.54837e+45 0 4.64348e+42 0 0 0
0.00143301 0 0 6.76484e+51 7.50268e+51 6.33223e+54 0 0 4.09758e+45 0 4.64348e+42 0 0 0
0.00165482 0 0 8.00737e+51 8.75836e+51 5.24027e+54 0 0 4.7318e+45 0 4.64348e+42 0 0 0
0.00191095 0 0 9.48484e+51 1.02505e+52 4.32577e+54 0 0 5.46418e+45 0 4.64348e+42 0 0 0
0.00220673 0 0 1.1245e+52 1.2027e+52 3.5618e+54 0 0 6.30991e+45 0 4.64348e+42 0 0 0
0.0025483 0 0 1.33459e+52 1.41459e+52 2.92525e+54 0 0 7.28653e+45 0 4.64348e+42 0 0 0
0.00294273 0 0 1.5858e+52 1.66779e+52 2.39625e+54 0 0 8.41431e+45 0 4.64348e+42 0 0 0
0.00339821 0 0 1.88671e+52 1.9709e+52 1.95783e+54 0 0 9.71662e+45 0 4.64348e+42 0 0 0
0.00392419 0 0 2.2478e+52 2.3344e+52 1.59548e+54 0 0 1.12205e+46 0 4.64348e+42 0 0 0
0.00453158 0 0 2.68182e+52 2.77107e+52 1.29684e+54 0 0 1.29571e+46 0 4.64348e+42 0 0 0
0.00523299 0 0 3.20441e+52 3.29655e+52 1.0514e+54 0 0 1.49625e+46 0 4.64348e+42 0 0 0
0.00604296 0 0 3.83467e+52 3.92997e+52 8.5026e+53 0 0 1.72782e+46 0 4.64348e+42 0 0 0
0.00697831 0 0 4.596e+52 4.69475e+52 6.85882e+53 0 0 1.99523e+46 0 4.64348e+42 0 0 0
0.00805842 0 0 5.51685e+52 5.61935e+52 5.5193e+53 0 0 2.30402e+46 0 4.64348e+42 0 0 0
0.00930572 0 0 6.62407e+52 6.73052e+52 4.43076e+53 0 0 2.66059e+46 0 4.64348e+42 0 0 0
0.0107461 0 0 7.88801e+52 7.99765e+52 3.54863e+53 0 0 3.07234e+46 0 4.64348e+42 0 0 0
0.0124094 0 0 9.10844e+52 9.21798e+52 2.83569e+53 0 0 3.5478e+46 0 4.64348e+42 0 0 0
0.0143301 0 0 9.93625e+52 1.00396e+53 2.26103e+53 0 0 4.09682e+46 0 4.64348e+42 0 0 0
0.0165482 0 0 1.01109e+53 1.02019e+53 1.79903e+53 0 0 4.73078e+46 0 4.64348e+42 0 0 0
0.0191095 0 0 9.62702e+52 9.70204e+52 1.42853e+53 0 0 5.46282e+46 0 4.64348e+42 0 0 0
0.0220673 0 0 8.67592e+52 8.73444e+52 1.13213e+53 0 0 6.3081e+46 0 4.64348e+42 0 0 0
0.025483 0 0 7.49801e+52 7.54179e+52 8.95563e+52 0 0 7.28412e+46 0 4.64348e+42 0 0 0
0.0294273 0 0 6.2857e+52 6.31747e+52 7.07178e+52 0 0 8.41109e+46 0 4.64348e+42 0 0 0
0.0339821 0 0 5.15699e+52 5.17955e+52 5.57482e+52 0 0 9.71233e+46 0 4.64348e+42 0 0 0
0.0392419 0 0 4.1676e+52 4.18338e+52 4.38775e+52 0 0 1.12148e+47 0 4.64348e+42 0 0 0
0.0453158 0 0 3.33273e+52 3.34365e+52 3.44824e+52 0 0 1.29495e+47 0 4.64348e+42 0 0 0
0.0523299 0 0 2.64543e+52 2.65294e+52 2.70604e+52 0 0 1.49523e+47 0 4.64348e+42 0 0 0
0.0604296 0 0 2.08882e+52 2.09396e+52 2.12075e+52 0 0 1.72646e+47 0 4.64348e+42 0 0 0
0.0697831 0 0 1.643e+52 1.6465e+52 1.65994e+52 0 0 1.99342e+47 0 4.64348e+42 0 0 0
0.0805842 0 0 1.28863e+52 1.291e+52 1.29772e+52 0 0 2.30161e+47 0 4.64348e+42 0 0 0
0.0930572 0 0 1.00845e+52 1.01006e+52 1.0134e+52 0 0 2.65738e+47 0 4.64348e+42 0 0 0
0.107461 0 0 7.87795e+51 7.88883e+51 7.90541e+51 0 0 3.06805e+47 0 4.64348e+42 0 0 0
0.124094 0 0 6.14524e+51 6.15259e+51 6.16079e+51 0 0 3.54208e+47 0 4.64348e+42 0 0 0
0.143301 0 0 4.7877e+51 4.79266e+51 4.7967e+51 0 0 4.0892e+47 0 4.64348e+42 0 0 0
0.165482 0 0 3.726e+51 3.72935e+51 3.73133e+51 0 0 4.72062e+47 0 4.64348e+42 0 0 0
0.191095 0 0 2.89693e+51 2.89918e+51 2.90016e+51 0 0 5.44927e+47 0 4.64348e+42 0 0 0
0.220673 0 0 2.25034e+51 2.25185e+51 2.25233e+51 0 0 6.29002e+47 0 4.64348e+42 0 0 0
0.25483 0 0 1.74663e+51 1.74764e+51 1.74788e+51 0 0 7.26002e+47 0 4.64348e+42 0 0 0
0.294273 0 0 1.35461e+51 1.35529e+51 1.35541e+51 0 0 8.37896e+47 0 4.64348e+42 0 0 0
0.339821 8.33747e-197 8.33747e-197 1.0498e+51 1.05026e+51 1.05031e+51 0 0 9.6695e+47 2.06075e-198 4.64348e+42 0 0 0
0.392419 6.47704e-132 6.47704e-132 8.12992e+50 8.133e+50 8.13327e+50 0 0 1.11577e+48 1.79012e-133 4.64348e+42 0 0 0
0.453158 4.62133e-84 4.62133e-84 6.29161e+50 6.29367e+50 6.2938e+50 0 0 1.28734e+48 1.4292e-85 4.64348e+42 0 0 0
0.523299 8.64769e-49 8.64769e-49 4.8656e+50 4.86698e+50 4.86704e+50 0 0 1.48508e+48 2.99466e-50 4.64348e+42 0 0 0
0.604296 8.30905e-23 8.30905e-23 3.7602e+50 3.76113e+50 3.76116e+50 0 0 1.71294e+48 3.22417e-24 4.64348e+42 0 0 0
0.697831 0.00110767 0.00110767 2.90394e+50 2.90456e+50 2.90457e+50 0 0 1.97539e+48 4.8194e-05 4.64348e+42 0 0 0
0.805842 1.28123e+11 1.28123e+11 2.2411e+50 2.24151e+50 2.24152e+50 0 0 2.27758e+48 6.25503e+09 4.64348e+42 0 0 0
0.930572 2.72759e+21 2.72759e+21 1.72835e+50 1.72863e+50 1.72863e+50 0 0 2.62536e+48 1.4952e+20 4.64348e+42 0 0 0
1.07461 1.01974e+29 1.01974e+29 1.33198e+50 1.33216e+50 1.33216e+50 0 0 3.02539e+48 6.28108e+27 4.64348e+42 0 0 0
1.24094 3.54051e+34 3.54051e+34 1.02577e+50 1.02589e+50 1.0259e+50 0 0 3.48524e+48 2.45214e+33 4.64348e+42 0 0 0
1.43301 3.90376e+38 3.90376e+38 7.89394e+49 7.89476e+49 7.89477e+49 0 0 4.01347e+48 3.04233e+37 4.64348e+42 0 0 0
1.65482 3.38727e+41 3.38727e+41 6.07051e+49 6.07105e+49 6.07106e+49 0 0 4.61976e+48 2.97253e+40 4.64348e+42 0 0 0
1.91095 4.51844e+43 4.51844e+43 4.66495e+49 4.66531e+49 4.66532e+49 0 0 5.31495e+48 4.4681e+42 4.64348e+42 0 0 0
2.20673 1.51859e+45 1.51859e+45 3.58232e+49 3.58256e+49 3.58256e+49 0 0 6.11119e+48 1.69331e+44 4.64348e+42 0 0 0
2.5483 1.85111e+46 1.85111e+46 2.74907e+49 2.74923e+49 2.74923e+49 0 0 7.02198e+48 2.32906e+45 4.64348e+42 0 0 0
2.94273 1.07057e+47 1.07057e+47 2.10826e+49 2.10837e+49 2.10837e+49 0 0 8.06221e+48 1.52089e+46 4.64348e+42 0 0 0
3.39821 3.58063e+47 3.58063e+47 1.61583e+49 1.6159e+49 1.6159e+49 0 0 9.24814e+48 5.74693e+46 4.64348e+42 0 0 0
3.92419 8.01293e+47 8.01293e+47 1.23772e+49 1.23777e+49 1.23777e+49 0 0 1.05974e+49 1.4538e+47 4.64348e+42 0 0 0
4.53158 1.3358e+48 1.3358e+48 9.47609e+48 9.47641e+48 9.47641e+48 0 0 1.21286e+49 2.74094e+47 4.64348e+42 0 0 0
5.23299 1.79521e+48 1.79521e+48 7.25182e+48 7.25203e+48 7.25203e+48 0 0 1.38615e+49 4.1678e+47 4.64348e+42 0 0 0
6.04296 2.06135e+48 2.06135e+48 5.54766e+48 5.5478e+48 5.5478e+48 0 0 1.58159e+49 5.41653e+47 4.64348e+42 0 0 0
6.97831 2.11053e+48 2.11053e+48 4.24283e+48 4.24292e+48 4.24292e+48 0 0 1.80113e+49 6.27836e+47 4.64348e+42 0 0 0
8.05842 1.98815e+48 1.98815e+48 3.24434e+48 3.2444e+48 3.2444e+48 0 0 2.04657e+49 6.69661e+47 4.64348e+42 0 0 0
9.30572 1.76324e+48 1.76324e+48 2.48063e+48 2.48067e+48 2.48067e+48 0 0 2.31942e+49 6.72496e+47 4.64348e+42 0 0 0
10.7461 1.49725e+48 1.49725e+48 1.89674e+48 1.89677e+48 1.89677e+48 0 0 2.62067e+49 6.46579e+47 4.64348e+42 0 0 0
12.4094 1.2324e+48 1.2324e+48 1.45047e+48 1.45049e+48 1.45049e+48 0 0 2.95055e+49 6.02499e+47 4.64348e+42 0 0 0
14.3301 9.92186e+47 9.92186e+47 1.10946e+48 1.10947e+48 1.10947e+48 0 0 3.30816e+49 5.48978e+47 4.64348e+42 0 0 0
16.5482 7.86439e+47 7.86439e+47 8.48901e+47 8.48908e+47 8.48908e+47 0 0 3.69104e+49 4.92287e+47 4.64348e+42 0 0 0
19.1095 6.16653e+47 6.16653e+47 6.49821e+47 6.49826e+47 6.49826e+47 0 0 4.09464e+49 4.36485e+47 4.64348e+42 0 0 0
22.0673 4.7998e+47 4.7998e+47 4.97701e+47 4.97704e+47 4.97704e+47 0 0 4.51172e+49 3.83938e+47 4.64348e+42 0 0 0
25.483 3.71793e+47 3.71793e+47 3.81445e+47 3.81447e+47 3.81447e+47 0 0 4.93166e+49 3.35836e+47 4.64348e+42 0 0 0
29.4273 2.87123e+47 2.87123e+47 2.92577e+47 2.92578e+47 2.92578e+47 0 0 5.33981e+49 2.92616e+47 4.64348e+42 0 0 0
33.9821 2.21362e+47 2.21362e+47 2.24624e+47 2.24625e+47 2.24625e+47 0 0 5.71699e+49 2.54262e+47 4.64348e+42 0 0 0
39.2419 1.70543e+47 1.70543e+47 1.72647e+47 1.72648e+47 1.72648e+47 0 0 6.03922e+49 2.20509e+47 4.64348e+42 0 0 0
45.3158 1.31399e+47 1.31399e+47 1.32874e+47 1.32874e+47 1.32874e+47 0 0 6.27815e+49 1.9097e+47 4.64348e+42 0 0 0
52.3299 1.01309e+47 1.01309e+47 1.02423e+47 1.02423e+47 1.02423e+47 0 0 6.40242e+49 1.65214e+47 4.64348e+42 0 0 0
60.4296 7.8201e+46 7.8201e+46 7.90966e+46 7.90968e+46 7.90968e+46 0 0 6.38042e+49 1.42812e+47 4.64348e+42 0 0 0
69.7831 6.04619e+46 6.04619e+46 6.12132e+46 6.12133e+46 6.12133e+46 0 0 6.1848e+49 1.23359e+47 4.64348e+42 0 0 0
80.5842 4.68396e+46 4.68396e+46 4.7488e+46 4.74881e+46 4.74881e+46 0 0 5.79868e+49 1.06483e+47 4.64348e+42 0 0 0
93.0572 3.63687e+46 3.63687e+46 3.69386e+46 3.69386e+46 3.69386e+46 0 0 5.22312e+49 9.18534e+46 4.64348e+42 0 0 0
107.461 2.83069e+46 2.83069e+46 2.88137e+46 2.88137e+46 2.88137e+46 0 0 4.48367e+49 7.91775e+46 4.64348e+42 0 0 0
124.094 2.20856e+46 2.20856e+46 2.25397e+46 2.25398e+46 2.25398e+46 0 0 3.63347e+49 6.81976e+46 4.64348e+42 0 0 0
143.301 1.72706e+46 1.72706e+46 1.76798e+46 1.76798e+46 1.76798e+46 0 0 2.74911e+49 5.86893e+46 4.64348e+42 0 0 0
165.482 1.35319e+46 1.35319e+46 1.39021e+46 1.39021e+46 1.39021e+46 0 0 1.9174e+49 5.04569e+46 4.64348e+42 0 0 0
191.095 1.06195e+46 1.06195e+46 1.09554e+46 1.09554e+46 1.09554e+46 0 0 1.21499e+49 4.33306e+46 4.64348e+42 0 0 0
220.673 8.34418e+45 8.34418e+45 8.64942e+45 8.64942e+45 8.64942e+45 0 0 6.88074e+48 3.71629e+46 4.64348e+42 0 0 0
254.83 6.56215e+45 6.56215e+45 6.84004e+45 6.84004e+45 6.84004e+45 0 0 3.41838e+48 3.18263e+46 4.64348e+42 0 0 0
294.273 5.16372e+45 5.16372e+45 5.41699e+45 5.417e+45 5.417e+45 0 0 1.45875e+48 2.72101e+46 4.64348e+42 0 0 0
339.821 4.06436e+45 4.06436e+45 4.29541e+45 4.29541e+45 4.29541e+45 0 0 5.22039e+47 2.32183e+46 4.64348e+42 0 0 0
392.419 3.19866e+45 3.19866e+45 3.40954e+45 3.40954e+45 3.40954e+45 0 0 1.52426e+47 1.97682e+46 4.64348e+42 0 0 0
453.158 2.5159e+45 2.5159e+45 2.70839e+45 2.70839e+45 2.70839e+45 0 0 3.51826e+46 1.6788e+46 4.64348e+42 0 0 0
523.299 1.97671e+45 1.97671e+45 2.15236e+45 2.15236e+45 2.15236e+45 0 0 6.19015e+45 1.42156e+46 4.64348e+42 0 0 0
604.296 1.55053e+45 1.55053e+45 1.71071e+45 1.71071e+45 1.71071e+45 0 0 7.96021e+44 1.19973e+46 4.64348e+42 0 0 0
697.831 1.21358e+45 1.21358e+45 1.35948e+45 1.35948e+45 1.35948e+45 0 0 7.12728e+43 1.00867e+46 4.64348e+42 0 0 0
805.842 9.4721e+44 9.4721e+44 1.07989e+45 1.07989e+45 1.07989e+45 0 0 4.20111e+42 8.44365e+45 4.64348e+42 0 0 0
930.572 7.36755e+44 7.36755e+44 8.57176e+44 8.57176e+44 8.57176e+44 0 0 1.52807e+41 7.03334e+45 4.64348e+42 0 0 0
1074.61 5.70637e+44 5.70637e+44 6.79647e+44 6.79647e+44 6.79647e+44 0 0 3.18278e+39 5.82573e+45 4.64348e+42 0 0 0
1240.94 4.39707e+44 4.39707e+44 5.3807e+44 5.3807e+44 5.3807e+44 0 0 3.48244e+37 4.79473e+45 4.64348e+42 0 0 0
1433.01 3.3673e+44 3.3673e+44 4.25136e+44 4.25136e+44 4.25136e+44 0 0 1.81175e+35 3.91771e+45 4.64348e+42 0 0 0
1654.82 2.55983e+44 2.55983e+44 3.35064e+44 3.35064e+44 3.35064e+44 0 0 3.99462e+32 3.17498e+45 4.64348e+42 0 0 0
1910.95 1.92927e+44 1.92927e+44 2.63272e+44 2.63273e+44 2.63273e+44 0 0 3.26819e+29 2.54935e+45 4.64348e+42 0 0 0
2206.73 1.43952e+44 1.43952e+44 2.06124e+44 2.06124e+44 2.06124e+44 0 0 8.51046e+25 2.02574e+45 4.64348e+42 0 0 0
2548.3 1.06176e+44 1.06176e+44 1.6072e+44 1.6072e+44 1.6072e+44 0 0 5.90824e+21 1.59087e+45 4.64348e+42 0 0 0
2942.73 7.72862e+43 7.72862e+43 1.24742e+44 1.24742e+44 1.24742e+44 0 0 8.91159e+16 1.23295e+45 4.64348e+42 0 0 0
3398.21 5.5419e+43 5.5419e+43 9.63273e+43 9.63273e+43 9.63273e+43 0 0 2.3058e+11 9.41476e+44 4.64348e+42 0 0 0
3924.19 3.90702e+43 3.90702e+43 7.39773e+43 7.39773e+43 7.39773e+43 0 0 77903.1 7.07039e+44 4.64348e+42 0 0 0
4531.58 2.70229e+43 2.70229e+43 5.64804e+43 5.64804e+43 5.64804e+43 0 0 0.00250786 5.2116e+44 4.64348e+42 0 0 0
5232.99 1.93202e+43 1.93202e+43 4.36902e+43 4.36902e+43 4.36902e+43 0 0 5.34613e-12 3.9731e+44 4.64348e+42 0 0 0
6042.96 1.29759e+43 1.29759e+43 3.30924e+43 3.30924e+43 3.30924e+43 0 0 4.95761e-22 2.8471e+44 4.64348e+42 0 0 0
6978.31 8.52265e+42 8.52265e+42 2.49244e+43 2.49244e+43 2.49244e+43 0 0 1.23102e-33 1.99648e+44 4.64348e+42 0 0 0
8058.42 5.46363e+42 5.46363e+42 1.86681e+43 1.86681e+43 1.86681e+43 0 0 4.67374e-47 1.36734e+44 4.64348e+42 0 0 0
9305.72 3.41196e+42 3.41196e+42 1.39065e+43 1.39065e+43 1.39065e+43 0 0 1.42052e-62 9.1278e+43 4.64348e+42 0 0 0
10746.1 2.07147e+42 2.07147e+42 1.03058e+43 1.03058e+43 1.03058e+43 0 0 1.63719e-80 5.92695e+43 4.64348e+42 0 0 0
12409.4 1.22024e+42 1.22024e+42 7.60031e+42 7.60031e+42 7.60031e+42 0 0 3.01905e-101 3.73559e+43 4.64348e+42 0 0 0
14330.1 6.96113e+41 6.96113e+41 5.58003e+42 5.58003e+42 5.58003e+42 0 0 3.28857e-125 2.28058e+43 4.64348e+42 0 0 0
16548.2 3.8389e+41 3.8389e+41 4.08037e+42 4.08037e+42 4.08037e+42 0 0 6.69541e-153 1.34593e+43 4.64348e+42 0 0 0
19109.5 2.04343e+41 2.04343e+41 2.97337e+42 2.97337e+42 2.97337e+42 0 0 6.74677e-185 7.66478e+42 4.64348e+42 0 0 0
22067.3 1.04862e+41 1.04862e+41 2.1604e+42 2.1604e+42 2.1604e+42 0 0 7.25365e-222 4.20546e+42 4.64348e+42 0 0 0
25483 5.18408e+40 5.18408e+40 1.56611e+42 1.56611e+42 1.56611e+42 0 0 0 2.22067e+42 4.64348e+42 0 0 0
29427.3 2.46887e+40 2.46887e+40 1.13345e+42 1.13345e+42 1.13345e+42 0 0 0 1.12793e+42 4.64348e+42 0 0 0
33982.1 1.13353e+40 1.13353e+40 8.19519e+41 8.19519e+41 8.19519e+41 0 0 0 5.51204e+41 4.64348e+42 0 0 0
39241.9 5.02637e+39 5.02637e+39 5.92373e+41 5.92373e+41 5.92373e+41 0 0 0 2.59467e+41 4.64348e+42 0 0 0
45315.8 2.15905e+39 2.15905e+39 4.28361e+41 4.28361e+41 4.28361e+41 0 0 0 1.17917e+41 4.64348e+42 0 0 0
52329.9 9.02259e+38 9.02259e+38 3.10097e+41 3.10097e+41 3.10097e+41 0 0 0 5.19169e+40 4.64348e+42 0 0 0
60429.6 3.68935e+38 3.68935e+38 2.24877e+41 2.24877e+41 2.24877e+41 0 0 0 2.22515e+40 4.64348e+42 0 0 0
69783.1 1.48669e+38 1.48669e+38 1.63464e+41 1.63464e+41 1.63464e+41 0 0 0 9.34013e+39 4.64348e+42 0 0 0
80584.2 5.95395e+37 5.95395e+37 1.19173e+41 1.19173e+41 1.19173e+41 0 0 0 3.86733e+39 4.64348e+42 0 0 0
93057.2 2.39236e+37 2.39236e+37 8.7184e+40 8.7184e+40 8.7184e+40 0 0 0 1.59232e+39 4.64348e+42 0 0 0
107461 9.74337e+36 9.74337e+36 6.4031e+40 6.4031e+40 6.4031e+40 0 0 0 6.57537e+38 4.64348e+42 0 0 0
124094 4.06433e+36 4.06433e+36 4.7227e+40 4.7227e+40 4.7227e+40 0 0 0 2.74658e+38 4.64348e+42 0 0 0
143301 1.75423e+36 1.75423e+36 3.49906e+40 3.49906e+40 3.49906e+40 0 0 0 1.16983e+38 4.64348e+42 0 0 0
165482 7.90852e+35 7.90852e+35 2.60463e+40 2.60463e+40 2.60463e+40 0 0 0 5.11587e+37 4.64348e+42 0 0 0
191095 3.75489e+35 3.75489e+35 1.94809e+40 1.94809e+40 1.94809e+40 0 0 0 2.30946e+37 4.64348e+42 0 0 0
220673 1.89033e+35 1.89033e+35 1.46399e+40 1.46399e+40 1.46399e+40 0 0 0 1.07993e+37 4.64348e+42 0 0 0
254830 1.01429e+35 1.01429e+35 1.10535e+40 1.10535e+40 1.10535e+40 0 0 0 5.23809e+36 4.64348e+42 0 0 0
294273 5.82174e+34 5.82174e+34 8.38402e+39 8.38402e+39 8.38402e+39 0 0 0 2.63332e+36 4.64348e+42 0 0 0
339821 3.58247e+34 3.58247e+34 6.3875e+39 6.3875e+39 6.3875e+39 0 0 0 1.36824e+36 4.64348e+42 0 0 0
392419 2.36612e+34 2.36612e+34 4.88736e+39 4.88736e+39 4.88736e+39 0 0 0 7.31296e+35 4.64348e+42 0 0 0
453158 1.67768e+34 1.67768e+34 3.75511e+39 3.75511e+39 3.75511e+39 0 0 0 3.99455e+35 4.64348e+42 0 0 0
523299 1.27643e+34 1.27643e+34 2.89685e+39 2.89685e+39 2.89685e+39 9.31415e+31 3.31452e+36 0 2.21159e+35 4.64348e+42 0 0 0
604296 1.04093e+34 1.04093e+34 2.24358e+39 2.24358e+39 2.24358e+39 1.44815e+32 3.32829e+36 0 1.22869e+35 4.64348e+42 0 0 0
697831 9.08367e+33 9.08367e+33 1.74433e+39 1.74433e+39 1.74433e+39 1.96489e+32 3.34206e+36 0 6.76794e+34 4.64348e+42 0 0 0
805842 8.46231e+33 8.46231e+33 1.3613e+39 1.3613e+39 1.3613e+39 2.48163e+32 3.35584e+36 0 3.64376e+34 4.64348e+42 0 0 0
930572 8.38985e+33 8.38985e+33 1.0663e+39 1.0663e+39 1.0663e+39 2.99837e+32 3.36961e+36 0 1.88536e+34 4.64348e+42 0 0 0
1.07461e+06 8.81733e+33 8.81733e+33 8.38203e+38 8.38203e+38 8.38203e+38 3.81053e+32 3.3868e+36 0 9.19112e+33 4.64348e+42 0 0 0
1.24094e+06 9.77191e+33 9.77191e+33 6.61148e+38 6.61148e+38 6.61148e+38 5.13663e+32 3.39057e+36 0 4.12345e+33 4.64348e+42 0 0 0
1.43301e+06 1.13374e+34 1.13374e+34 5.23136e+38 5.23136e+38 5.23136e+38 6.88985e+32 3.39533e+36 0 1.65477e+33 4.64348e+42 0 0 0
1.65482e+06 1.36552e+34 1.36552e+34 4.15098e+38 4.15098e+38 4.15098e+38 9.21615e+32 3.40141e+36 0 5.74891e+32 4.64348e+42 0 0 0
1.91095e+06 1.69293e+34 1.69293e+34 3.30174e+38 3.30174e+38 3.30174e+38 1.25575e+33 3.4098e+36 0 1.66684e+32 4.64348e+42 0 0 0
2.20673e+06 2.14258e+34 2.14258e+34 2.6315e+38 2.6315e+38 2.6315e+38 1.6858e+33 3.42059e+36 0 3.8721e+31 4.64348e+42 0 0 0
2.5483e+06 2.74673e+34 2.74673e+34 2.10053e+38 2.10053e+38 2.10053e+38 2.25276e+33 3.43469e+36 0 6.88732e+30 4.64348e+42 0 0 0
2.94273e+06 3.54065e+34 3.54065e+34 1.6784e+38 1.6784e+38 1.6784e+38 3.00805e+33 3.45317e+36 0 8.91593e+29 4.64348e+42 0 0 0
3.39821e+06 4.55831e+34 4.55831e+34 1.34171e+38 1.34171e+38 1.34171e+38 4.10225e+33 3.47914e+36 0 7.93569e+28 4.64348e+42 0 0 0
3.92419e+06 5.82535e+34 5.82535e+34 1.07241e+38 1.07241e+38 1.07241e+38 5.53643e+33 3.51305e+36 0 4.55498e+27 4.64348e+42 0 0 0
4.53158e+06 7.34999e+34 7.34999e+34 8.56528e+37 8.56528e+37 8.56528e+37 7.47916e+33 3.55721e+36 0 1.56835e+26 4.64348e+42 0 0 0
5.23299e+06 9.11331e+34 9.11331e+34 6.83192e+37 6.83192e+37 6.83192e+37 1.00848e+34 3.61407e+36 0 2.98416e+24 4.64348e+42 0 0 0
6.04296e+06 1.10612e+35 1.10612e+35 5.439e+37 5.439e+37 5.439e+37 1.37986e+34 3.69256e+36 0 2.85816e+22 4.64348e+42 0 0 0
6.97831e+06 1.31008e+35 1.31008e+35 4.3195e+37 4.3195e+37 4.3195e+37 1.86352e+34 3.7874e+36 0 1.23874e+20 4.64348e+42 0 0 0
8.05842e+06 1.5104e+35 1.5104e+35 3.42018e+37 3.42018e+37 3.42018e+37 2.50017e+34 3.90354e+36 0 2.1507e+17 4.64348e+42 0 0 0
9.30572e+06 1.6919e+35 1.6919e+35 2.69846e+37 2.69846e+37 2.69846e+37 3.35168e+34 4.03687e+36 0 1.30072e+14 4.64348e+42 0 0 0
1.07461e+07 1.83886e+35 1.83886e+35 2.12012e+37 2.12012e+37 2.12012e+37 4.52534e+34 4.22351e+36 0 2.33374e+10 4.64348e+42 0 0 0
1.24094e+07 1.9373e+35 1.9373e+35 1.65759e+37 1.65759e+37 1.65759e+37 5.98388e+34 4.39829e+36 0 1.03259e+06 4.64348e+42 0 0 0
1.43301e+07 1.9773e+35 1.9773e+35 1.28871e+37 1.28871e+37 1.28871e+37 7.77186e+34 4.57114e+36 0 9.10646 4.64348e+42 0 0 0
1.65482e+07 1.9548e+35 1.9548e+35 9.95649e+36 9.95649e+36 9.95649e+36 9.91829e+34 4.73496e+36 0 1.25228e-05 4.64348e+42 0 0 0
1.91095e+07 1.87246e+35 1.87246e+35 7.64062e+36 7.64062e+36 7.64062e+36 1.25703e+35 4.88089e+36 0 2.02292e-12 4.64348e+42 0 0 0
2.20673e+07 1.73898e+35 1.73898e+35 5.82228e+36 5.82228e+36 5.82228e+36 1.53818e+35 5.00398e+36 0 2.76818e-20 4.64348e+42 0 0 0
2.5483e+07 1.56778e+35 1.56778e+35 4.40608e+36 4.40608e+36 4.40608e+36 1.8442e+35 5.08852e+36 0 2.19995e-29 4.64348e+42 0 0 0
2.94273e+07 1.37429e+35 1.37429e+35 3.31258e+36 3.31258e+36 3.31258e+36 2.15165e+35 5.08912e+36 0 6.56623e-40 4.64348e+42 0 0 0
3.39821e+07 1.17377e+35 1.17377e+35 2.47618e+36 2.47618e+36 2.47618e+36 2.46019e+35 4.99108e+36 0 4.44895e-52 4.64348e+42 0 0 0
3.92419e+07 9.78683e+34 9.78683e+34 1.84151e+36 1.84151e+36 1.84151e+36 2.71669e+35 4.79249e+36 0 3.82557e-66 4.64348e+42 0 0 0
4.53158e+07 7.98768e+34 7.98768e+34 1.36436e+36 1.36436e+36 1.36436e+36 2.93991e+35 4.5294e+36 0 2.13275e-82 4.64348e+42 0 0 0
5.23299e+07 6.39795e+34 6.39795e+34 1.00832e+36 1.00832e+36 1.00832e+36 3.11453e+35 4.22468e+36 0 3.54877e-101 4.64348e+42 0 0 0
6.04296e+07 5.04098e+34 5.04098e+34 7.44134e+35 7.44134e+35 7.44134e+35 3.21554e+35 3.84688e+36 0 7.19401e-123 4.64348e+42 0 0 0
6.97831e+07 3.91611e+34 3.91611e+34 5.48988e+35 5.48988e+35 5.48988e+35 3.23372e+35 3.41447e+36 0 6.31198e-148 4.64348e+42 0 0 0
8.05842e+07 3.00629e+34 3.00629e+34 4.05322e+35 4.05322e+35 4.05322e+35 3.17718e+35 2.93182e+36 0 7.2537e-177 4.64348e+42 0 0 0
9.30572e+07 2.284e+34 2.284e+34 2.99598e+35 2.99598e+35 2.99598e+35 3.04796e+35 2.41724e+36 0 2.74547e-210 4.64348e+42 0 0 0
1.07461e+08 1.71791e+34 1.71791e+34 2.21554e+35 2.21554e+35 2.21554e+35 2.84514e+35 1.88871e+36 0 6.94904e-249 4.64348e+42 377.624 0 0
1.24094e+08 1.28221e+34 1.28221e+34 1.64141e+35 1.64141e+35 1.64141e+35 2.60921e+35 1.4608e+36 0 0 4.64348e+42 331.749 0 0
1.43301e+08 9.49054e+33 9.49054e+33 1.21643e+35 1.21643e+35 1.21643e+35 2.33943e+35 1.10843e+36 0 0 4.64348e+42 291.447 0 0
1.65482e+08 6.95828e+33 6.95828e+33 8.99974e+34 8.99974e+34 8.99974e+34 2.04471e+35 8.27404e+35 0 0 4.64348e+42 256.041 0 0
1.91095e+08 5.02193e+33 5.02193e+33 6.60079e+34 6.60079e+34 6.60079e+34 1.71349e+35 5.96415e+35 0 0 4.64348e+42 224.936 0 0
2.20673e+08 3.59942e+33 3.59942e+33 4.83857e+34 4.83857e+34 4.83857e+34 1.4204e+35 4.38436e+35 0 0 4.64348e+42 197.61 0 0
2.5483e+08 2.55145e+33 2.55145e+33 3.5279e+34 3.5279e+34 3.5279e+34 1.15103e+35 3.19603e+35 0 0 4.64348e+42 173.604 0 0
2.94273e+08 1.78837e+33 1.78837e+33 2.55662e+34 2.55662e+34 2.55662e+34 9.12684e+34 2.30954e+35 0 0 4.64348e+42 152.514 0 0
3.39821e+08 1.22965e+33 1.22965e+33 1.82641e+34 1.82641e+34 1.82641e+34 6.95403e+34 1.63756e+35 0 0 4.64348e+42 139.897 0 0
3.92419e+08 8.39422e+32 8.39422e+32 1.30693e+34 1.30693e+34 1.30693e+34 5.3198e+34 1.18801e+35 0 0 4.64348e+42 133.986 0 0
4.53158e+08 5.33374e+32 5.33374e+32 9.21735e+33 9.21735e+33 9.21735e+33 4.01784e+34 8.58962e+34 0 0 4.64348e+42 128.324 0 0
5.23299e+08 2.02975e+32 2.02975e+32 5.99186e+33 5.99186e+33 5.99186e+33 2.97927e+34 6.19035e+34 0 0 4.64348e+42 122.902 0 0
6.04296e+08 4.5299e+30 4.5299e+30 2.84048e+33 2.84048e+33 2.84048e+33 2.18774e+34 4.41424e+34 0 0 4.64348e+42 117.709 0 0
6.97831e+08 7.61515e+23 7.61515e+23 8.07196e+32 8.07196e+32 8.07196e+32 1.63354e+34 3.21832e+34 0 0 4.64348e+42 112.735 0 0
8.05842e+08 0.57788 0.57788 1.79975e+32 1.79975e+32 1.79975e+32 1.21329e+34 2.34302e+34 0 0 4.64348e+42 107.972 0 0
9.30572e+08 5.24548e-74 5.24548e-74 4.19114e+31 4.19114e+31 4.19114e+31 8.94893e+33 1.70187e+34 0 0 4.64348e+42 103.409 0 0
1.07461e+09 7.35718e-262 7.35718e-262 1.10333e+31 1.10333e+31 1.10333e+31 6.51092e+33 1.21812e+34 0 0 4.64348e+42 103.782 0 0
1.24094e+09 0 0 3.35455e+30 3.35455e+30 3.35455e+30 4.85083e+33 8.92701e+33 0 0 4.64348e+42 109.143 0 0
1.43301e+09 0 0 1.15284e+30 1.15284e+30 1.15284e+30 3.62021e+33 6.52375e+33 0 0 4.64348e+42 114.782 0 0
1.65482e+09 0 0 4.40292e+29 4.40292e+29 4.40292e+29 2.69247e+33 4.75225e+33 0 0 4.64348e+42 120.711 0 0
1.91095e+09 0 0 1.83532e+29 1.83532e+29 1.83532e+29 1.97703e+33 3.40239e+33 0 0 4.64348e+42 126.947 0 0
2.20673e+09 0 0 8.38202e+28 8.38202e+28 8.38202e+28 1.48361e+33 2.49776e+33 0 0 4.64348e+42 133.505 0 0
2.5483e+09 0 0 4.10362e+28 4.10362e+28 4.10362e+28 1.10992e+33 1.82814e+33 0 0 4.64348e+42 140.402 0 0
2.94273e+09 0 0 2.13123e+28 2.13123e+28 2.13123e+28 8.26249e+32 1.33342e+33 0 0 4.64348e+42 147.655 0 0
3.39821e+09 0 0 1.15616e+28 1.15616e+28 1.15616e+28 6.03603e+32 9.55727e+32 0 0 4.64348e+42 155.282 0 0
3.92419e+09 0 0 6.6409e+27 6.6409e+27 6.6409e+27 4.51405e+32 7.01624e+32 0 0 4.64348e+42 163.304 0 0
4.53158e+09 0 0 3.96019e+27 3.96019e+27 3.96019e+27 3.36417e+32 5.13085e+32 0 0 4.64348e+42 171.74 0 0
5.23299e+09 0 0 2.43774e+27 2.43774e+27 2.43774e+27 2.49825e+32 3.73549e+32 0 0 4.64348e+42 180.612 0 0
6.04296e+09 0 0 1.52648e+27 1.52648e+27 1.52648e+27 1.81624e+32 2.67428e+32 0 0 4.64348e+42 189.942 0 0
6.97831e+09 0 0 9.9367e+26 9.9367e+26 9.9367e+26 1.35519e+32 1.95924e+32 0 0 4.64348e+42 199.755 0 0
8.05842e+09 0 0 6.59759e+26 6.59759e+26 6.59759e+26 1.00767e+32 1.43099e+32 0 0 4.64348e+42 210.074 0 0
9.30572e+09 0 0 4.44754e+26 4.44754e+26 4.44754e+26 7.44315e+31 1.0419e+32 0 0 4.64348e+42 220.926 0 0
1.07461e+10 0 0 3.0133e+26 3.0133e+26 3.0133e+26 5.39588e+31 7.47592e+31 0 0 4.64348e+42 247.883 0 0
1.24094e+10 0 0 2.09728e+26 2.09728e+26 2.09728e+26 3.99147e+31 5.49128e+31 0 0 4.64348e+42 296.737 0 0
1.43301e+10 0 0 1.47339e+26 1.47339e+26 1.47339e+26 2.93352e+31 4.02225e+31 0 0 4.64348e+42 355.22 0 0
1.65482e+10 0 0 1.04563e+26 1.04563e+26 1.04563e+26 2.14883e+31 2.9362e+31 0 0 4.64348e+42 425.228 0 0
1.91095e+10 0 0 7.39827e+25 7.39827e+25 7.39827e+25 1.54253e+31 2.10484e+31 0 0 4.64348e+42 509.034 0 0
2.20673e+10 0 0 5.37727e+25 5.37727e+25 5.37727e+25 1.13396e+31 1.54569e+31 0 0 4.64348e+42 609.357 34.7254 0
2.5483e+10 0 0 3.93779e+25 3.93779e+25 3.93779e+25 8.30535e+30 1.13085e+31 0 0 4.64348e+42 729.453 22.9578 0
2.94273e+10 0 0 2.90456e+25 2.90456e+25 2.90456e+25 6.06269e+30 8.24097e+30 0 0 4.64348e+42 873.217 15.5417 0
3.39821e+10 0 0 2.12687e+25 2.12687e+25 2.12687e+25 4.33539e+30 5.88594e+30 0 0 4.64348e+42 1045.31 10.7604 0
3.92419e+10 0 0 1.60617e+25 1.60617e+25 1.60617e+25 3.18876e+30 4.31765e+30 0 0 4.64348e+42 1251.33 7.61059 0
4.53158e+10 0 0 1.22083e+25 1.22083e+25 1.22083e+25 2.33937e+30 3.15813e+30 0 0 4.64348e+42 1497.95 5.49245 0
5.23299e+10 0 0 9.33933e+24 9.33933e+24 9.33933e+24 1.71288e+30 2.30249e+30 0 0 4.64348e+42 1793.17 4.04008 0
6.04296e+10 0 0 7.08324e+24 7.08324e+24 7.08324e+24 1.23141e+30 1.64462e+30 0 0 4.64348e+42 2146.58 3.02568 0
6.97831e+10 0 0 5.53948e+24 5.53948e+24 5.53948e+24 9.09951e+29 1.2081e+30 0 0 4.64348e+42 2569.64 2.3047 0
8.05842e+10 0 0 4.34824e+24 4.34824e+24 4.34824e+24 6.70338e+29 8.84977e+29 0 0 4.64348e+42 3076.08 1.78376 0
9.30572e+10 0 0 3.42316e+24 3.42316e+24 3.42316e+24 4.92267e+29 6.46086e+29 0 0 4.64348e+42 3682.32 1.40144 0
1.07461e+11 0 0 2.65637e+24 2.65637e+24 2.65637e+24 3.53966e+29 4.61492e+29 0 0 4.64348e+42 4408.06 1.11671 0
1.24094e+11 0 0 2.12022e+24 2.12022e+24 2.12022e+24 2.61153e+29 3.38997e+29 0 0 4.64348e+42 5276.82 0.901709 0
1.43301e+11 0 0 1.69287e+24 1.69287e+24 1.69287e+24 1.91906e+29 2.48175e+29 0 0 4.64348e+42 6316.8 0.737233 0
1.65482e+11 0 0 1.35078e+24 1.35078e+24 1.35078e+24 1.40387e+29 1.80959e+29 0 0 4.64348e+42 7561.75 0.609868 0
1.91095e+11 0 0 1.05878e+24 1.05878e+24 1.05878e+24 1.00464e+29 1.28927e+29 0 0 4.64348e+42 9052.05 0.510106 0
2.20673e+11 0 0 8.53499e+23 8.53499e+23 8.53499e+23 7.38323e+28 9.44946e+28 0 0 4.64348e+42 10836.1 0.431129 0
2.5483e+11 0 0 6.87188e+23 6.87188e+23 6.87188e+23 5.40493e+28 6.89999e+28 0 0 4.64348e+42 12971.7 0.367983 0
2.94273e+11 0 0 5.52378e+23 5.52378e+23 5.52378e+23 3.94082e+28 5.01666e+28 0 0 4.64348e+42 15528.2 0.317029 0
3.39821e+11 0 0 4.35565e+23 4.35565e+23 4.35565e+23 2.81107e+28 3.56037e+28 0 0 4.64348e+42 0 0.275565 0
3.92419e+11 0 0 3.53282e+23 3.53282e+23 3.53282e+23 2.06085e+28 2.60079e+28 0 0 4.64348e+42 0 0.241562 0
4.53158e+11 0 0 2.85907e+23 2.85907e+23 2.85907e+23 1.50488e+28 1.89208e+28 0 0 4.64348e+42 0 0.213483 0
5.23299e+11 0 0 2.30767e+23 2.30767e+23 2.30767e+23 1.09428e+28 1.37002e+28 0 0 4.64348e+42 0 0.190154 0
6.04296e+11 0 0 1.82361e+23 1.82361e+23 1.82361e+23 7.77637e+27 9.67124e+27 0 0 4.64348e+42 0 0.170669 0
6.97831e+11 0 0 1.48255e+23 1.48255e+23 1.48255e+23 5.68261e+27 7.03134e+27 0 0 4.64348e+42 0 0.154323 0
8.05842e+11 0 0 1.20147e+23 1.20147e+23 1.20147e+23 4.13486e+27 5.0888e+27 0 0 4.64348e+42 0 0.140565 0
9.30572e+11 0 0 9.70196e+22 9.70196e+22 9.70196e+22 2.99497e+27 3.66363e+27 0 0 4.64348e+42 0 0.12896 0
1.07461e+12 0 0 7.65515e+22 7.65515e+22 7.65515e+22 2.11726e+27 2.56705e+27 0 0 4.64348e+42 0 0.119166 0
1.24094e+12 0 0 6.21575e+22 6.21575e+22 6.21575e+22 1.54013e+27 1.85411e+27 0 0 4.64348e+42 0 0.110908 0
1.43301e+12 0 0 5.02596e+22 5.02596e+22 5.02596e+22 1.11504e+27 1.33225e+27 0 0 4.64348e+42 0 0.103969 0
1.65482e+12 0 0 4.04483e+22 4.04483e+22 4.04483e+22 8.03191e+26 9.5156e+26 0 0 4.64348e+42 0 0.098177 0
1.91095e+12 0 0 3.17304e+22 3.17304e+22 3.17304e+22 5.63717e+26 6.59926e+26 0 0 4.64348e+42 0 0.0933933 0
2.20673e+12 0 0 2.56212e+22 2.56212e+22 2.56212e+22 4.07438e+26 4.72358e+26 0 0 4.64348e+42 0 0.0895108 0
2.5483e+12 0 0 2.05722e+22 2.05722e+22 2.05722e+22 2.92915e+26 3.3607e+26 0 0 4.64348e+42 0 0.0864461 0
2.94273e+12 0 0 1.64139e+22 1.64139e+22 1.64139e+22 2.09379e+26 2.37452e+26 0 0 4.64348e+42 0 0.0841374 0
3.39821e+12 0 0 1.27202e+22 1.27202e+22 1.27202e+22 1.4548e+26 1.62363e+26 0 0 4.64348e+42 0 0.082541 0
3.92419e+12 0 0 1.01467e+22 1.01467e+22 1.01467e+22 1.04222e+26 1.14795e+26 0 0 4.64348e+42 0 0.08163 0
4.53158e+12 0 0 8.02912e+21 8.02912e+21 8.02912e+21 7.42044e+25 8.05854e+25 0 0 4.64348e+42 0 0.0813928 0
5.23299e+12 0 0 6.29603e+21 6.29603e+21 6.29603e+21 5.24819e+25 5.61077e+25 0 0 4.64348e+42 0 0.0818329 0
6.04296e+12 0 0 4.76907e+21 4.76907e+21 4.76907e+21 3.59617e+25 3.76282e+25 0 0 4.64348e+42 0 0.0829683 0
6.97831e+12 0 0 3.71588e+21 3.71588e+21 3.71588e+21 2.54516e+25 2.61656e+25 0 0 4.64348e+42 0 0.0848322 0
8.05842e+12 0 0 2.86069e+21 2.86069e+21 2.86069e+21 1.78819e+25 1.80389e+25 0 0 4.64348e+42 0 0.0874729 0
9.30572e+12 0 0 2.17265e+21 2.17265e+21 2.17265e+21 1.24646e+25 1.23136e+25 0 0 4.64348e+42 0 0.0909553 0
1.07461e+13 0 0 1.58085e+21 1.58085e+21 1.58085e+21 8.37854e+24 8.04182e+24 0 0 4.64348e+42 0 0.0953611 0
1.24094e+13 0 0 1.18184e+21 1.18184e+21 1.18184e+21 5.83229e+24 5.46854e+24 0 0 4.64348e+42 0 0.10079 0
1.43301e+13 0 0 8.68214e+20 8.68214e+20 8.68214e+20 4.02413e+24 3.67966e+24 0 0 4.64348e+42 0 0.10736 0
1.65482e+13 0 0 6.25679e+20 6.25679e+20 6.25679e+20 2.74992e+24 2.44597e+24 0 0 4.64348e+42 0 0.115206 0
1.91095e+13 0 0 4.27522e+20 4.27522e+20 4.27522e+20 1.80011e+24 1.54041e+24 0 0 4.64348e+42 0 0.12448 0
2.20673e+13 0 0 3.00375e+20 3.00375e+20 3.00375e+20 1.22505e+24 1.01658e+24 0 0 4.64348e+42 0 0.135345 0
2.5483e+13 0 0 2.0644e+20 2.0644e+20 2.0644e+20 8.24627e+23 6.62139e+23 0 0 4.64348e+42 0 0.147968 0
2.94273e+13 0 0 1.38656e+20 1.38656e+20 1.38656e+20 5.48513e+23 4.24776e+23 0 0 4.64348e+42 0 0.162507 0
3.39821e+13 0 0 8.73946e+19 8.73946e+19 8.73946e+19 3.46057e+23 2.54432e+23 0 0 4.64348e+42 0 0.179093 0
3.92419e+13 3.05316e-280 3.05319e-280 5.70287e+19 5.70287e+19 5.70287e+19 2.28356e+23 1.61301e+23 0 0 4.64348e+42 0 0.197804 0
4.53158e+13 1.67963e-245 1.67965e-245 3.63641e+19 3.63641e+19 3.63641e+19 1.48617e+23 1.00586e+23 0 0 4.64348e+42 0 0.218621 0
5.23299e+13 7.73536e-215 7.73546e-215 2.26528e+19 2.26528e+19 2.26528e+19 9.52769e+22 6.15328e+22 0 0 4.64348e+42 0 0.241387 0
6.04296e+13 8.21874e-188 8.21888e-188 1.30922e+19 1.30922e+19 1.30922e+19 5.70735e+22 3.43727e+22 0 0 4.64348e+42 0 0.265741 0
6.97831e+13 5.87886e-164 5.87899e-164 7.94084e+18 7.94084e+18 7.94084e+18 3.61004e+22 2.06486e+22 0 0 4.64348e+42 0 0.291055 0
8.05842e+13 6.12314e-143 6.1233e-143 4.70769e+18 4.70769e+18 4.70769e+18 2.24301e+22 1.21479e+22 0 0 4.64348e+42 0 0.316368 0
9.30572e+13 1.96215e-124 1.96221e-124 2.72665e+18 2.72665e+18 2.72665e+18 1.36689e+22 6.97431e+21 0 0 4.64348e+42 0 0.340344 0
1.07461e+14 3.50279e-108 3.50293e-108 1.43721e+18 1.43721e+18 1.43721e+18 7.60279e+21 3.531e+21 0 0 4.64348e+42 0 0 0
1.24094e+14 7.38753e-94 7.38795e-94 8.10559e+17 8.10559e+17 8.10559e+17 4.53481e+21 1.97328e+21 0 0 4.64348e+42 0 0 0
1.43301e+14 2.83103e-81 2.83132e-81 4.45835e+17 4.45835e+17 4.45835e+17 2.64169e+21 1.07402e+21 0 0 4.64348e+42 0 0 0
1.65482e+14 3.13115e-70 3.1318e-70 2.38905e+17 2.38905e+17 2.38905e+17 1.50039e+21 5.6662e+20 0 0 4.64348e+42 0 0 0
1.91095e+14 1.3593e-60 1.35989e-60 1.12466e+17 1.12466e+17 1.12466e+17 7.48757e+20 2.49217e+20 0 0 4.64348e+42 0 0 0
2.20673e+14 4.17546e-52 4.17898e-52 5.82695e+16 5.82695e+16 5.82695e+16 4.11213e+20 1.26374e+20 0 0 4.64348e+42 0 0 0
2.5483e+14 1.10258e-44 1.10427e-44 2.92509e+16 2.92509e+16 2.92509e+16 2.18688e+20 6.19923e+19 0 0 4.64348e+42 0 0 0
2.94273e+14 3.32556e-38 3.3341e-38 1.42154e+16 1.42154e+16 1.42154e+16 1.12485e+20 2.92324e+19 0 0 4.64348e+42 0 0 0
3.39821e+14 1.25678e-32 1.26181e-32 5.70168e+15 5.70168e+15 5.70168e+15 4.76938e+19 1.0465e+19 0 0 4.64348e+42 0 0 0
3.92419e+14 1.03791e-27 1.04398e-27 2.63404e+15 2.63404e+15 2.63404e+15 2.3271e+19 4.65033e+18 0 0 4.64348e+42 0 0 0
4.53158e+14 1.89516e-23 1.91043e-23 1.16443e+15 1.16443e+15 1.16443e+15 1.0848e+19 1.98354e+18 0 0 4.64348e+42 0 0 0
5.23299e+14 9.11603e-20 9.21232e-20 4.9312e+14 4.9312e+14 4.9312e+14 4.83492e+18 8.05798e+17 0 0 4.64348e+42 0 0 0
6.04296e+14 1.04287e-16 1.05669e-16 1.54857e+14 1.54857e+14 1.54857e+14 1.59615e+18 2.10898e+17 0 0 4.64348e+42 0 0 0
6.97831e+14 5.45663e-14 5.54381e-14 6.05437e+13 6.05437e+13 6.05437e+13 6.54776e+17 7.78498e+16 0 0 4.64348e+42 0 0 0
8.05842e+14 1.10478e-11 1.12537e-11 2.21164e+13 2.21164e+13 2.21164e+13 2.50521e+17 2.73617e+16 0 0 4.64348e+42 0 0 0
9.30572e+14 9.64628e-10 9.8498e-10 7.56867e+12 7.56867e+12 7.56867e+12 8.96323e+16 9.12905e+15 0 0 4.64348e+42 0 0 0
1.07461e+15 2.67665e-08 2.73894e-08 1.62897e+12 1.62897e+12 1.62897e+12 2.01216e+16 1.44549e+15 0 0 4.64348e+42 0 0 0
1.24094e+15 5.73765e-07 5.88158e-07 4.93706e+11 4.93706e+11 4.93706e+11 6.35446e+15 4.0343e+14 0 0 4.64348e+42 0 0 0
1.43301e+15 6.47669e-06 6.64832e-06 1.33601e+11 1.33601e+11 1.33601e+11 1.78788e+15 1.05558e+14 0 0 4.64348e+42 0 0 0
1.65482e+15 4.04331e-05 4.15446e-05 3.18073e+10 3.18073e+10 3.18073e+10 4.41774e+14 2.66432e+13 0 0 4.64348e+42 0 0 0
1.91095e+15 8.45403e-05 8.69135e-05 3.8143e+09 3.8143e+09 3.8143e+09 5.48839e+13 1.95176e+12 0 0 4.64348e+42 0 0 0
2.20673e+15 0.000207524 0.000213389 7.68672e+08 7.68672e+08 7.68672e+08 1.14378e+13 3.47994e+11 0 0 4.64348e+42 0 0 0
2.5483e+15 0.000307144 0.000315775 1.28e+08 1.28e+08 1.28e+08 1.9668e+12 5.47806e+10 0 0 4.64348e+42 0 0 0
2.94273e+15 0.000263492 0.000270771 1.6296e+07 1.6296e+07 1.6296e+07 2.58095e+11 8.45043e+09 0 0 4.64348e+42 0 0 0
3.39821e+15 6.40095e-05 6.57307e-05 749268 749268 749268 1.22143e+10 2.17401e+08 0 0 4.64348e+42 0 0 0
3.92419e+15 2.73254e-05 2.80343e-05 74957.4 74957.4 74957.4 1.2556e+09 1.84996e+07 0 0 4.64348e+42 0 0 0
4.53158e+15 6.98274e-06 7.1561e-06 5414.99 5414.99 5414.99 9.30587e+07 1.17841e+06 0 0 4.64348e+42 0 0 0
5.23299e+15 9.87679e-07 1.01098e-06 255.296 255.296 255.296 4.49408e+06 66302.4 0 0 4.64348e+42 0 0 0
6.04296e+15 2.27258e-08 2.32321e-08 2.26255 2.26255 2.26255 40732.2 390.756 0 0 4.64348e+42 0 0 0
6.97831e+15 1.55619e-09 1.58874e-09 0.0677504 0.0677504 0.0677504 1245.35 9.74673 0 0 4.64348e+42 0 0 0
8.05842e+15 5.00537e-11 5.10317e-11 0.00106519 0.00106519 0.00106519 19.959 0.136229 0 0 4.64348e+42 0 0 0
9.30572e+15 7.32743e-13 7.46054e-13 8.4047e-06 8.4047e-06 8.4047e-06 0.160277 0.00108077 0 0 4.64348e+42 0 0 0
1.07461e+16 8.60749e-16 8.75228e-16 5.79783e-09 5.79783e-09 5.79783e-09 0.000112354 6.84188e-07 0 0 4.64348e+42 0 0 0
1.24094e+16 3.49429e-18 3.54851e-18 1.49015e-11 1.49015e-11 1.49015e-11 2.9304e-07 1.71199e-09 0 0 4.64348e+42 0 0 0
1.43301e+16 3.86034e-21 3.91541e-21 1.11333e-14 1.11333e-14 1.11333e-14 2.21923e-10 1.28026e-12 0 0 4.64348e+42 0 0 0
1.65482e+16 1.16745e-24 1.18271e-24 2.41261e-18 2.41261e-18 2.41261e-18 4.87075e-14 2.80319e-16 0 0 4.64348e+42 0 0 0
1.91095e+16 1.52564e-29 1.54388e-29 2.37673e-23 2.37673e-23 2.37673e-23 4.85805e-19 2.79002e-21 0 0 4.64348e+42 0 0 0
2.20673e+16 3.82407e-34 3.86573e-34 4.69504e-28 4.69504e-28 4.69504e-28 9.71737e-24 5.57853e-26 0 0 4.64348e+42 0 0 0
2.5483e+16 1.21905e-39 1.23113e-39 1.22644e-33 1.22644e-33 1.22644e-33 2.57197e-29 1.47657e-31 0 0 4.64348e+42 0 0 0
2.94273e+16 4.49736e-46 4.53781e-46 3.83646e-40 3.83646e-40 3.83646e-40 8.16134e-36 4.68493e-38 0 0 4.64348e+42 0 0 0
3.39821e+16 2.64744e-54 2.66901e-54 1.97308e-48 1.97308e-48 1.97308e-48 4.26463e-44 2.44806e-46 0 0 4.64348e+42 0 0 0
3.92419e+16 9.43478e-63 9.5043e-63 6.30646e-57 6.30646e-57 6.30646e-57 1.38759e-52 7.96541e-55 0 0 4.64348e+42 0 0 0
4.53158e+16 1.12408e-72 1.13156e-72 6.8955e-67 6.8955e-67 6.8955e-67 1.54774e-62 8.8853e-65 0 0 4.64348e+42 0 0 0
5.23299e+16 3.30138e-84 3.32118e-84 1.89634e-78 1.89634e-78 1.89634e-78 4.35143e-74 2.49791e-76 0 0 4.64348e+42 0 0 0
6.04296e+16 2.58673e-98 2.60069e-98 1.41605e-92 1.41605e-92 1.41605e-92 3.32849e-88 1.9107e-90 0 0 4.64348e+42 0 0 0
6.97831e+16 1.55009e-113 1.55761e-113 8.21287e-108 8.21287e-108 8.21287e-108 1.98092e-103 1.1372e-105 0 0 4.64348e+42 0 0 0
8.05842e+16 2.84267e-131 2.85506e-131 1.47757e-125 1.47757e-125 1.47757e-125 3.66189e-121 2.10209e-123 0 0 4.64348e+42 0 0 0
9.30572e+16 0 0 0 0 0 0 0 0 0 4.64348e+42 0 0 0