
1.07461e-07 0 0 0 3.75652e+48 3.92465e+58 0 0 3.13458e+40 0 4.64348e+42 0 0 0
1.24094e-07 0 0 0 4.32929e+48 3.55861e+58 0 0 3.61975e+40 0 4.64348e+42 0 0 0
1.43301e-07 0 0 0 4.98827e+48 3.22599e+58 0 0 4.18003e+40 0 4.64348e+42 0 0 0
1.65482e-07 0 0 0 5.74612e+48 2.92374e+58 0 0 4.82702e+40 0 4.64348e+42 0 0 0
1.91095e-07 0 0 0 6.61727e+48 2.64908e+58 0 0 5.57415e+40 0 4.64348e+42 0 0 0
2.20673e-07 0 0 0 7.61813e+48 2.39949e+58 0 0 6.43693e+40 0 4.64348e+42 0 0 0
2.5483e-07 0 0 0 8.76735e+48 2.17266e+58 0 0 7.43325e+40 0 4.64348e+42 0 0 0
2.94273e-07 0 0 0 1.0086e+49 1.96653e+58 0 0 8.58379e+40 0 4.64348e+42 0 0 0
3.39821e-07 0 0 0 1.15981e+49 1.77919e+58 0 0 9.9124e+40 0 4.64348e+42 0 0 0
3.92419e-07 0 0 0 1.33305e+49 1.60893e+58 0 0 1.14467e+41 0 4.64348e+42 0 0 0
4.53158e-07 0 0 0 1.53134e+49 1.45418e+58 0 0 1.32184e+41 0 4.64348e+42 0 0 0
5.23299e-07 0 0 0 1.75808e+49 1.31354e+58 0 0 1.52644e+41 0 4.64348e+42 0 0 0
6.04296e-07 0 0 0 2.01705e+49 1.18571e+58 0 0 1.7627e+41 0 4.64348e+42 0 0 0
6.97831e-07 0 0 0 2.31244e+49 1.06952e+58 0 0 2.03554e+41 0 4.64348e+42 0 0 0
8.05842e-07 0 0 0 2.64889e+49 9.63912e+57 0 0 2.3506e+41 0 4.64348e+42 0 0 0
9.30572e-07 0 0 0 3.03147e+49 8.67926e+57 0 0 2.71443e+41 0 4.64348e+42 0 0 0
1.07461e-06 0 0 0 3.46571e+49 7.80687e+57 0 0 3.13458e+41 0 4.64348e+42 0 0 0
1.24094e-06 0 0 5.79333e-264 3.95753e+49 7.01401e+57 0 0 3.61975e+41 0 4.64348e+42 0 0 0
1.43301e-06 0 0 5.63612e-222 4.51329e+49 6.29348e+57 0 0 4.18003e+41 0 4.64348e+42 0 0 0
1.65482e-06 0 0 1.31266e-185 5.13962e+49 5.63878e+57 0 0 4.82702e+41 0 4.64348e+42 0 0 0
1.91095e-06 0 0 4.14656e-154 5.84337e+49 5.04398e+57 0 0 5.57415e+41 0 4.64348e+42 0 0 0
2.20673e-06 0 0 7.97707e-127 6.63145e+49 4.50374e+57 0 0 6.43693e+41 0 4.64348e+42 0 0 0
2.5483e-06 0 0 3.43112e-103 7.51064e+49 4.01322e+57 0 0 7.43325e+41 0 4.64348e+42 0 0 0
2.94273e-06 0 0 1.01755e-82 8.48726e+49 3.56802e+57 0 0 8.58379e+41 0 4.64348e+42 0 0 0
3.39821e-06 0 0 5.51704e-65 9.56689e+49 3.16418e+57 0 0 9.9124e+41 0 4.64348e+42 0 0 0
3.92419e-06 0 0 1.27236e-49 1.07539e+50 2.79813e+57 0 0 1.14467e+42 0 4.64348e+42 0 0 0
4.53158e-06 0 0 2.59301e-36 1.20508e+50 2.46663e+57 0 0 1.32184e+42 0 4.64348e+42 0 0 0
5.23299e-06 0 0 8.79488e-25 1.3458e+50 2.16678e+57 0 0 1.52644e+42 0 4.64348e+42 0 0 0
6.04296e-06 0 0 8.58904e-15 1.49724e+50 1.89594e+57 0 0 1.7627e+42 0 4.64348e+42 0 0 0
6.97831e-06 0 0 3.88204e-06 1.65872e+50 1.65175e+57 0 0 2.03554e+42 0 4.64348e+42 0 0 0
8.05842e-06 0 0 122.468 1.82909e+50 1.4321e+57 0 0 2.3506e+42 0 4.64348e+42 0 0 0
9.30572e-06 0 0 3.84871e+08 2.00662e+50 1.23505e+57 0 0 2.71443e+42 0 4.64348e+42 0 0 0
1.07461e-05 0 0 1.63939e+14 2.189e+50 1.05888e+57 0 0 3.13458e+42 0 4.64348e+42 0 0 0
1.24094e-05 0 0 1.23567e+19 2.37329e+50 9.02031e+56 0 0 3.61975e+42 0 4.64348e+42 0 0 0
1.43301e-05 0 0 2.0759e+23 2.55598e+50 7.63073e+56 0 0 4.18003e+42 0 4.64348e+42 0 0 0
1.65482e-05 0 0 9.49248e+26 2.73311e+50 6.40696e+56 0 0 4.82702e+42 0 4.64348e+42 0 0 0
1.91095e-05 0 0 1.4047e+30 2.90056e+50 5.33683e+56 0 0 5.57415e+42 0 4.64348e+42 0 0 0
2.20673e-05 0 0 7.81528e+32 3.05436e+50 4.40885e+56 0 0 6.43693e+42 0 4.64348e+42 0 0 0
2.5483e-05 0 0 1.86184e+35 3.1913e+50 3.61194e+56 0 0 7.43325e+42 0 4.64348e+42 0 0 0
2.94273e-05 0 0 2.12637e+37 3.30949e+50 2.93522e+56 0 0 8.58379e+42 0 4.64348e+42 0 0 0
3.39821e-05 0 0 1.28453e+39 3.40918e+50 2.36786e+56 0 0 9.9124e+42 0 4.64348e+42 0 0 0
3.92419e-05 0 0 4.47261e+40 3.49347e+50 1.89887e+56 0 0 1.14467e+43 0 4.64348e+42 0 0 0
4.53158e-05 0 0 9.67841e+41 3.56882e+50 1.51708e+56 0 0 1.32184e+43 0 4.64348e+42 0 0 0
5.23299e-05 0 0 1.39079e+43 3.64534e+50 1.21116e+56 0 0 1.52644e+43 0 4.64348e+42 0 0 0
6.04296e-05 0 0 1.40704e+44 3.73628e+50 9.69757e+55 0 0 1.7627e+43 0 4.64348e+42 0 0 0
6.97831e-05 0 0 1.05483e+45 3.85703e+50 7.81752e+55 0 0 2.03554e+43 0 4.64348e+42 0 0 0
8.05842e-05 0 0 6.12555e+45 4.02315e+50 6.366e+55 0 0 2.3506e+43 0 4.64348e+42 0 0 0
9.30572e-05 0 0 2.86079e+46 4.24815e+50 5.24704e+55 0 0 2.71443e+43 0 4.64348e+42 0 0 0
0.000107461 0 0 1.10821e+47 4.5413e+50 4.37757e+55 0 0 3.13458e+43 0 4.64348e+42 0 0 0
0.000124094 0 0 3.65099e+47 4.90632e+50 3.68984e+55 0 0 3.61975e+43 0 4.64348e+42 0 0 0
0.000143301 0 0 1.04385e+48 5.34161e+50 3.13219e+55 0 0 4.18002e+43 0 4.64348e+42 0 0 0
0.000165482 0 0 2.63408e+48 5.84194e+50 2.668e+55 0 0 4.82701e+43 0 4.64348e+42 0 0 0
0.000191095 0 0 5.95348e+48 6.40119e+50 2.27314e+55 0 0 5.57415e+43 0 4.64348e+42 0 0 0
0.000220673 0 0 1.22132e+49 7.01501e+50 1.93264e+55 0 0 6.43693e+43 0 4.64348e+42 0 0 0
0.00025483 0 0 2.30207e+49 7.68282e+50 1.63744e+55 0 0 7.43325e+43 0 4.64348e+42 0 0 0
0.000294273 0 0 4.03188e+49 8.40853e+50 1.38169e+55 0 0 8.58378e+43 0 4.64348e+42 0 0 0
0.000339821 0 0 6.62871e+49 9.20067e+50 1.16112e+55 0 0 9.91239e+43 0 4.64348e+42 0 0 0
0.000392419 0 0 1.0324e+50 1.00721e+51 9.72065e+54 0 0 1.14466e+44 0 4.64348e+42 0 0 0
0.000453158 0 0 1.53562e+50 1.10396e+51 8.11095e+54 0 0 1.32184e+44 0 4.64348e+42 0 0 0
0.000523299 0 0 2.19684e+50 1.2124e+51 6.74917e+54 0 0 1.52643e+44 0 4.64348e+42 0 0 0
0.000604296 0 0 3.04123e+50 1.33494e+51 5.60364e+54 0 0 1.7627e+44 0 4.64348e+42 0 0 0
0.000697831 0 0 4.09533e+50 1.47433e+51 4.64442e+54 0 0 2.03553e+44 0 4.64348e+42 0 0 0
0.000805842 0 0 5.38786e+50 1.63365e+51 3.84386e+54 0 0 2.35059e+44 0 4.64348e+42 0 0 0
0.000930572 0 0 6.95082e+50 1.81638e+51 3.17713e+54 0 0 2.71442e+44 0 4.64348e+42 0 0 0
0.00107461 0 0 8.82113e+50 2.02665e+51 2.62253e+54 0 0 3.13456e+44 0 4.64348e+42 0 0 0
0.00124094 0 0 1.10432e+51 2.26951e+51 2.16157e+54 0 0 3.61974e+44 0 4.64348e+42 0 0 0
0.00143301 0 0 1.36726e+51 2.55125e+51 1.77877e+54 0 0 4.18e+44 0 4.64348e+42 0 0 0
0.00165482 0 0 1.6779e+51 2.87977e+51 1.46128e+54 0 0 4.82699e+44 0 4.64348e+42 0 0 0
0.00191095 0 0 2.045e+51 3.2647e+51 1.19839e+54 0 0 5.57411e+44 0 4.64348e+42 0 0 0
0.00220673 0 0 2.47937e+51 3.71758e+51 9.81122e+53 0 0 6.43688e+44 0 4.64348e+42 0 0 0
0.0025483 0 0 2.99417e+51 4.25223e+51 8.01913e+53 0 0 7.43318e+44 0 4.64348e+42 0 0 0
0.00294273 0 0 3.60557e+51 4.88534e+51 6.54372e+53 0 0 8.58369e+44 0 4.64348e+42 0 0 0
0.00339821 0 0 4.33352e+51 5.63741e+51 5.3312e+53 0 0 9.91227e+44 0 4.64348e+42 0 0 0
0.00392419 0 0 5.20276e+51 6.53372e+51 4.33649e+53 0 0 1.14465e+45 0 4.64348e+42 0 0 0
0.00453158 0 0 6.24387e+51 7.60538e+51 3.5219e+53 0 0 1.32182e+45 0 4.64348e+42 0 0 0
0.00523299 0 0 7.49447e+51 8.89049e+51 2.85599e+53 0 0 1.52641e+45 0 4.64348e+42 0 0 0
0.00604296 0 0 9.00079e+51 1.04357e+52 2.31256e+53 0 0 1.76266e+45 0 4.64348e+42 0 0 0
0.00697831 0 0 1.08197e+52 1.22984e+52 1.86986e+53 0 0 2.03548e+45 0 4.64348e+42 0 0 0
0.00805842 0 0 1.30211e+52 1.45486e+52 1.5098e+53 0 0 2.35053e+45 0 4.64348e+42 0 0 0
0.00930572 0 0 1.5679e+52 1.72598e+52 1.21744e+53 0 0 2.71433e+45 0 4.64348e+42 0 0 0
0.0107461 0 0 1.87782e+52 2.0407e+52 9.80434e+52 0 0 3.13445e+45 0 4.64348e+42 0 0 0
0.0124094 0 0 2.19663e+52 2.3607e+52 7.88591e+52 0 0 3.61958e+45 0 4.64348e+42 0 0 0
0.0143301 0 0 2.44824e+52 2.60582e+52 6.33537e+52 0 0 4.17979e+45 0 4.64348e+42 0 0 0
0.0165482 0 0 2.55946e+52 2.70152e+52 5.08397e+52 0 0 4.82671e+45 0 4.64348e+42 0 0 0
0.0191095 0 0 2.50799e+52 2.6281e+52 4.0754e+52 0 0 5.57374e+45 0 4.64348e+42 0 0 0
0.0220673 0 0 2.32426e+52 2.42035e+52 3.2636e+52 0 0 6.43638e+45 0 4.64348e+42 0 0 0
0.025483 0 0 2.06187e+52 2.13548e+52 2.61101e+52 0 0 7.43252e+45 0 4.64348e+42 0 0 0
0.0294273 0 0 1.77078e+52 1.82539e+52 2.08703e+52 0 0 8.58281e+45 0 4.64348e+42 0 0 0
0.0339821 0 0 1.48584e+52 1.52545e+52 1.6668e+52 0 0 9.9111e+45 0 4.64348e+42 0 0 0
0.0392419 0 0 1.22653e+52 1.25479e+52 1.33013e+52 0 0 1.14449e+46 0 4.64348e+42 0 0 0
0.0453158 0 0 1.00098e+52 1.02092e+52 1.06068e+52 0 0 1.32161e+46 0 4.64348e+42 0 0 0
0.0523299 0 0 8.10448e+51 8.24411e+51 8.45239e+51 0 0 1.52613e+46 0 4.64348e+42 0 0 0
0.0604296 0 0 6.52556e+51 6.6228e+51 6.73128e+51 0 0 1.76229e+46 0 4.64348e+42 0 0 0
0.0697831 0 0 5.23377e+51 5.30124e+51 5.35749e+51 0 0 2.03499e+46 0 4.64348e+42 0 0 0
0.0805842 0 0 4.18601e+51 4.23271e+51 4.26176e+51 0 0 2.34987e+46 0 4.64348e+42 0 0 0
0.0930572 0 0 3.34123e+51 3.37348e+51 3.38845e+51 0 0 2.71346e+46 0 4.64348e+42 0 0 0
0.107461 0 0 2.66293e+51 2.68517e+51 2.69286e+51 0 0 3.13328e+46 0 4.64348e+42 0 0 0
0.124094 0 0 2.11989e+51 2.13522e+51 2.13916e+51 0 0 3.61802e+46 0 4.64348e+42 0 0 0
0.143301 0 0 1.68608e+51 1.69663e+51 1.69865e+51 0 0 4.17772e+46 0 4.64348e+42 0 0 0
0.165482 0 0 1.34008e+51 1.34734e+51 1.34837e+51 0 0 4.82394e+46 0 4.64348e+42 0 0 0
0.191095 0 0 1.06444e+51 1.06943e+51 1.06996e+51 0 0 5.57005e+46 0 4.64348e+42 0 0 0
0.220673 0 0 8.45076e+50 8.48506e+50 8.48774e+50 0 0 6.43146e+46 0 4.64348e+42 0 0 0
0.25483 0 0 6.70621e+50 6.72977e+50 6.73114e+50 0 0 7.42596e+46 0 4.64348e+42 0 0 0
0.294273 0 0 5.3197e+50 5.33588e+50 5.33657e+50 0 0 8.57406e+46 0 4.64348e+42 0 0 0
0.339821 0 0 4.21832e+50 4.22943e+50 4.22979e+50 0 0 9.89943e+46 0 4.64348e+42 0 0 0
0.392419 0 0 3.34384e+50 3.35146e+50 3.35164e+50 0 0 1.14294e+47 0 4.64348e+42 0 0 0
0.453158 0 0 2.64977e+50 2.65501e+50 2.6551e+50 0 0 1.31953e+47 0 4.64348e+42 0 0 0
0.523299 0 0 2.0991e+50 2.10269e+50 2.10273e+50 0 0 1.52336e+47 0 4.64348e+42 0 0 0
0.604296 0 0 1.66232e+50 1.66479e+50 1.66481e+50 0 0 1.7586e+47 0 4.64348e+42 0 0 0
0.697831 0 0 1.316e+50 1.31768e+50 1.31769e+50 0 0 2.03007e+47 0 4.64348e+42 0 0 0
0.805842 0 0 1.04146e+50 1.04261e+50 1.04262e+50 0 0 2.34331e+47 0 4.64348e+42 0 0 0
0.930572 0 0 8.23887e+49 8.24679e+49 8.24685e+49 0 0 2.70471e+47 0 4.64348e+42 0 0 0
1.07461 0 0 6.51514e+49 6.52056e+49 6.52059e+49 0 0 3.12162e+47 0 4.64348e+42 0 0 0
1.24094 0 0 5.14982e+49 5.15353e+49 5.15354e+49 0 0 3.60248e+47 0 4.64348e+42 0 0 0
1.43301 0 0 4.0687e+49 4.07124e+49 4.07125e+49 0 0 4.15699e+47 0 4.64348e+42 0 0 0
1.65482 0 0 3.2129e+49 3.21463e+49 3.21464e+49 0 0 4.79631e+47 0 4.64348e+42 0 0 0
1.91095 0 0 2.53566e+49 2.53685e+49 2.53685e+49 0 0 5.53322e+47 0 4.64348e+42 0 0 0
2.20673 0 0 1.99993e+49 2.00075e+49 2.00075e+49 0 0 6.38237e+47 0 4.64348e+42 0 0 0
2.5483 0 0 1.57632e+49 1.57687e+49 1.57687e+49 0 0 7.36052e+47 0 4.64348e+42 0 0 0
2.94273 0 0 1.2415e+49 1.24187e+49 1.24187e+49 0 0 8.48684e+47 0 4.64348e+42 0 0 0
3.39821 0 0 9.76996e+48 9.77253e+48 9.77254e+48 0 0 9.7832e+47 0 4.64348e+42 0 0 0
3.92419 0 0 7.68164e+48 7.68339e+48 7.68339e+48 0 0 1.12745e+48 0 4.64348e+42 0 0 0
4.53158 5.74297e-268 5.74297e-268 6.03388e+48 6.03507e+48 6.03507e+48 0 0 1.2989e+48 1.48838e-267 4.64348e+42 0 0 0
5.23299 3.41542e-177 3.41542e-177 4.73467e+48 4.73547e+48 4.73548e+48 0 0 1.49587e+48 9.7514e-177 4.64348e+42 0 0 0
6.04296 9.48314e-112 9.48314e-112 3.71109e+48 3.71164e+48 3.71164e+48 0 0 1.72199e+48 2.98528e-111 4.64348e+42 0 0 0
6.97831 9.23187e-65 9.23187e-65 2.90539e+48 2.90576e+48 2.90576e+48 0 0 1.98131e+48 3.20708e-64 4.64348e+42 0 0 0
8.05842 3.48526e-31 3.48526e-31 2.2718e+48 2.27206e+48 2.27206e+48 0 0 2.27838e+48 1.33729e-30 4.64348e+42 0 0 0
9.30572 2.52853e-07 2.52853e-07 1.7741e+48 1.77427e+48 1.77427e+48 0 0 2.61828e+48 1.07253e-06 4.64348e+42 0 0 0
10.7461 1.7776e+10 1.7776e+10 1.3836e+48 1.38371e+48 1.38371e+48 0 0 3.0066e+48 8.34257e+10 4.64348e+42 0 0 0
12.4094 1.13753e+22 1.13753e+22 1.07759e+48 1.07766e+48 1.07766e+48 0 0 3.44947e+48 5.91167e+22 4.64348e+42 0 0 0
14.3301 1.81035e+30 1.81035e+30 8.38107e+47 8.38159e+47 8.38159e+47 0 0 3.95351e+48 1.04261e+31 4.64348e+42 0 0 0
16.5482 7.90592e+35 7.90592e+35 6.50958e+47 6.50993e+47 6.50993e+47 0 0 4.52583e+48 5.0491e+36 4.64348e+42 0 0 0
19.1095 5.37542e+39 5.37542e+39 5.04918e+47 5.04941e+47 5.04941e+47 0 0 5.17387e+48 3.80902e+40 4.64348e+42 0 0 0
22.0673 1.98362e+42 1.98362e+42 3.91126e+47 3.91142e+47 3.91142e+47 0 0 5.90522e+48 1.56018e+43 4.64348e+42 0 0 0
25.483 9.69975e+43 9.69975e+43 3.02595e+47 3.02606e+47 3.02606e+47 0 0 6.7274e+48 8.47014e+44 4.64348e+42 0 0 0
29.4273 1.18379e+45 1.18379e+45 2.3382e+47 2.33827e+47 2.33827e+47 0 0 7.64743e+48 1.14772e+46 4.64348e+42 0 0 0
33.9821 5.6258e+45 5.6258e+45 1.8047e+47 1.80474e+47 1.80474e+47 0 0 8.67132e+48 6.0546e+46 4.64348e+42 0 0 0
39.2419 1.41808e+46 1.41808e+46 1.39145e+47 1.39148e+47 1.39148e+47 0 0 9.80329e+48 1.69336e+47 4.64348e+42 0 0 0
45.3158 2.34374e+46 2.34374e+46 1.07179e+47 1.07181e+47 1.07181e+47 0 0 1.10448e+49 3.103e+47 4.64348e+42 0 0 0
52.3299 2.93179e+46 2.93179e+46 8.24879e+46 8.24893e+46 8.24893e+46 0 0 1.23934e+49 4.29895e+47 4.64348e+42 0 0 0
60.4296 3.0548e+46 3.0548e+46 6.34422e+46 6.34432e+46 6.34432e+46 0 0 1.38408e+49 4.9537e+47 4.64348e+42 0 0 0
69.7831 2.82411e+46 2.82411e+46 4.87729e+46 4.87735e+46 4.87735e+46 0 0 1.53712e+49 5.05474e+47 4.64348e+42 0 0 0
80.5842 2.4139e+46 2.4139e+46 3.74918e+46 3.74923e+46 3.74923e+46 0 0 1.69591e+49 4.75659e+47 4.64348e+42 0 0 0
93.0572 1.95917e+46 1.95917e+46 2.88311e+46 2.88313e+46 2.88313e+46 0 0 1.85663e+49 4.23618e+47 4.64348e+42 0 0 0
107.461 1.53609e+46 1.53609e+46 2.21937e+46 2.21939e+46 2.21939e+46 0 0 2.01398e+49 3.62918e+47 4.64348e+42 0 0 0
124.094 1.1765e+46 1.1765e+46 1.71163e+46 1.71164e+46 1.71164e+46 0 0 2.16095e+49 3.02095e+47 4.64348e+42 0 0 0
143.301 8.86606e+45 8.86606e+45 1.32386e+46 1.32386e+46 1.32386e+46 0 0 2.28869e+49 2.45782e+47 4.64348e+42 0 0 0
165.482 6.60493e+45 6.60493e+45 1.02807e+46 1.02808e+46 1.02808e+46 0 0 2.38666e+49 1.96083e+47 4.64348e+42 0 0 0
191.095 4.87821e+45 4.87821e+45 8.02525e+45 8.02529e+45 8.02529e+45 0 0 2.443e+49 1.5362e+47 4.64348e+42 0 0 0
220.673 3.57721e+45 3.57721e+45 6.30317e+45 6.30319e+45 6.30319e+45 0 0 2.44553e+49 1.18222e+47 4.64348e+42 0 0 0
254.83 2.60484e+45 2.60484e+45 4.98354e+45 4.98356e+45 4.98356e+45 0 0 2.38336e+49 8.93176e+46 4.64348e+42 0 0 0
294.273 1.88114e+45 1.88114e+45 3.96547e+45 3.96548e+45 3.96548e+45 0 0 2.2491e+49 6.61669e+46 4.64348e+42 0 0 0
339.821 1.34365e+45 1.34365e+45 3.172e+45 3.17201e+45 3.17201e+45 0 0 2.0417e+49 4.79807e+46 4.64348e+42 0 0 0
392.419 9.45326e+44 9.45326e+44 2.5454e+45 2.54541e+45 2.54541e+45 0 0 1.76911e+49 3.3984e+46 4.64348e+42 0 0 0
453.158 6.51612e+44 6.51612e+44 2.04341e+45 2.04341e+45 2.04341e+45 0 0 1.44976e+49 2.34498e+46 4.64348e+42 0 0 0
523.299 4.3736e+44 4.3736e+44 1.636e+45 1.636e+45 1.636e+45 0 0 1.11157e+49 1.57161e+46 4.64348e+42 0 0 0
604.296 2.83988e+44 2.83988e+44 1.30246e+45 1.30246e+45 1.30246e+45 0 0 7.87561e+48 1.01943e+46 4.64348e+42 0 0 0
697.831 1.77234e+44 1.77234e+44 1.02871e+45 1.02871e+45 1.02871e+45 0 0 5.08361e+48 6.37396e+45 4.64348e+42 0 0 0
805.842 1.05642e+44 1.05642e+44 8.04876e+44 8.04876e+44 8.04876e+44 0 0 2.9418e+48 3.82347e+45 4.64348e+42 0 0 0
930.572 5.97661e+43 5.97661e+43 6.23457e+44 6.23457e+44 6.23457e+44 0 0 1.49869e+48 2.18846e+45 4.64348e+42 0 0 0
1074.61 3.1884e+43 3.1884e+43 4.78102e+44 4.78102e+44 4.78102e+44 0 0 6.58456e+47 1.18774e+45 4.64348e+42 0 0 0
1240.94 1.59238e+43 1.59238e+43 3.63071e+44 3.63072e+44 3.63072e+44 0 0 2.43717e+47 6.06794e+44 4.64348e+42 0 0 0
1433.01 7.38334e+42 7.38334e+42 2.73132e+44 2.73132e+44 2.73132e+44 0 0 7.39873e+46 2.89353e+44 4.64348e+42 0 0 0
1654.82 3.14771e+42 3.14771e+42 2.03622e+44 2.03622e+44 2.03622e+44 0 0 1.78635e+46 1.27536e+44 4.64348e+42 0 0 0
1910.95 1.22026e+42 1.22026e+42 1.50509e+44 1.50509e+44 1.50509e+44 0 0 3.31057e+45 5.13717e+43 4.64348e+42 0 0 0
2206.73 4.24739e+41 4.24739e+41 1.10381e+44 1.10381e+44 1.10381e+44 0 0 4.52046e+44 1.86634e+43 4.64348e+42 0 0 0
2548.3 1.30825e+41 1.30825e+41 8.0394e+43 8.0394e+43 8.0394e+43 0 0 4.33782e+43 6.02296e+42 4.64348e+42 0 0 0
2942.73 3.50638e+40 3.50638e+40 5.8211e+43 5.8211e+43 5.8211e+43 0 0 2.76987e+42 1.69634e+42 4.64348e+42 0 0 0
3398.21 8.01881e+39 8.01881e+39 4.19446e+43 4.19446e+43 4.19446e+43 0 0 1.105e+41 4.08528e+41 4.64348e+42 0 0 0
3924.19 1.52921e+39 1.52921e+39 3.01023e+43 3.01023e+43 3.01023e+43 0 0 2.56073e+39 8.21589e+40 4.64348e+42 0 0 0
4531.58 2.36729e+38 2.36729e+38 2.15297e+43 2.15298e+43 2.15298e+43 0 0 3.1692e+37 1.34251e+40 4.64348e+42 0 0 0
5232.99 5.18426e+37 5.18426e+37 1.59684e+43 1.59684e+43 1.59684e+43 0 0 1.90088e+35 3.10522e+39 4.64348e+42 0 0 0
6042.96 5.76336e+36 5.76336e+36 1.14285e+43 1.14285e+43 1.14285e+43 0 0 4.93953e+32 3.6474e+38 4.64348e+42 0 0 0
6978.31 4.94052e+35 4.94052e+35 8.16638e+42 8.16639e+42 8.16639e+42 0 0 4.88558e+29 3.30418e+37 4.64348e+42 0 0 0
8058.42 3.16771e+34 3.16771e+34 5.82785e+42 5.82785e+42 5.82785e+42 0 0 1.58385e+26 2.2388e+36 4.64348e+42 0 0 0
9305.72 1.47051e+33 1.47051e+33 4.15485e+42 4.15485e+42 4.15485e+42 0 0 1.41612e+22 1.09803e+35 4.64348e+42 0 0 0
10746.1 4.77638e+31 4.77638e+31 2.96011e+42 2.96011e+42 2.96011e+42 0 0 2.86079e+17 3.76622e+33 4.64348e+42 0 0 0
12409.4 1.04797e+30 1.04797e+30 2.10817e+42 2.10817e+42 2.10817e+42 0 0 1.03724e+12 8.71894e+31 4.64348e+42 0 0 0
14330.1 1.4992e+28 1.4992e+28 1.5014e+42 1.5014e+42 1.5014e+42 0 0 517394 1.31458e+30 4.64348e+42 0 0 0
16548.2 1.3513e+26 1.3513e+26 1.06962e+42 1.06962e+42 1.06962e+42 0 0 0.0261197 1.24683e+28 4.64348e+42 0 0 0
19109.5 7.43475e+23 7.43475e+23 7.62563e+41 7.62563e+41 7.62563e+41 0 0 9.36153e-11 7.20397e+25 4.64348e+42 0 0 0
22067.3 2.43022e+21 2.43022e+21 5.44249e+41 5.44249e+41 5.44249e+41 0 0 1.58178e-20 2.46655e+23 4.64348e+42 0 0 0
25483 4.62522e+18 4.62522e+18 3.89021e+41 3.89021e+41 3.89021e+41 0 0 7.85307e-32 4.90164e+20 4.64348e+42 0 0 0
29427.3 5.07163e+15 5.07163e+15 2.78605e+41 2.78605e+41 2.78605e+41 0 0 6.63608e-45 5.5904e+17 4.64348e+42 0 0 0
33982.1 3.21044e+12 3.21044e+12 2.00001e+41 2.00001e+41 2.00001e+41 0 0 5.08103e-60 3.66371e+14 4.64348e+42 0 0 0
39241.9 1.19407e+09 1.19407e+09 1.43979e+41 1.43979e+41 1.43979e+41 0 0 1.70202e-77 1.40288e+11 4.64348e+42 0 0 0
45315.8 270514 270514 1.03988e+41 1.03988e+41 1.03988e+41 0 0 1.07601e-97 3.25043e+07 4.64348e+42 0 0 0
52329.9 39.5112 39.5112 7.53851e+40 7.53851e+40 7.53851e+40 0 0 4.8625e-121 4817.56 4.64348e+42 0 0 0
60429.6 0.00402663 0.00402663 5.4877e+40 5.4877e+40 5.4877e+40 0 0 5.11887e-148 0.493626 4.64348e+42 0 0 0
69783.1 3.16858e-07 3.16858e-07 4.01309e+40 4.01309e+40 4.01309e+40 0 0 3.43938e-179 3.86343e-05 4.64348e+42 0 0 0
80584.2 2.17527e-11 2.17527e-11 2.94927e+40 2.94927e+40 2.94927e+40 0 0 3.30726e-215 2.60483e-09 4.64348e+42 0 0 0
93057.2 1.49767e-15 1.49767e-15 2.17891e+40 2.17891e+40 2.17891e+40 0 0 0 1.73551e-13 4.64348e+42 0 0 0
107461 1.20307e-19 1.20307e-19 1.61871e+40 1.61871e+40 1.61871e+40 0 0 0 1.3261e-17 4.64348e+42 0 0 0
124094 1.31844e-23 1.31844e-23 1.20944e+40 1.20944e+40 1.20944e+40 0 0 0 1.35499e-21 4.64348e+42 0 0 0
143301 2.2988e-27 2.2988e-27 9.08947e+39 9.08947e+39 9.08947e+39 0 0 0 2.15218e-25 4.64348e+42 0 0 0
165482 7.36041e-31 7.36041e-31 6.87134e+39 6.87134e+39 6.87134e+39 0 0 0 6.1104e-29 4.64348e+42 0 0 0
191095 4.91128e-34 4.91128e-34 5.22484e+39 5.22484e+39 5.22484e+39 0 0 0 3.5041e-32 4.64348e+42 0 0 0
220673 7.58462e-37 7.58462e-37 3.99559e+39 3.99559e+39 3.99559e+39 0 0 0 4.48539e-35 4.64348e+42 0 0 0
254830 2.94009e-39 2.94009e-39 3.07249e+39 3.07249e+39 3.07249e+39 0 0 0 1.38196e-37 4.64348e+42 0 0 0
294273 3.03082e-41 3.03082e-41 2.37526e+39 2.37526e+39 2.37526e+39 0 0 0 1.07864e-39 4.64348e+42 0 0 0
339821 8.61972e-43 8.61972e-43 1.84564e+39 1.84564e+39 1.84564e+39 0 0 0 2.19582e-41 4.64348e+42 0 0 0
392419 6.89477e-44 6.89477e-44 1.44114e+39 1.44114e+39 1.44114e+39 0 0 0 1.17813e-42 4.64348e+42 0 0 0
453158 1.55942e-44 1.55942e-44 1.13059e+39 1.13059e+39 1.13059e+39 0 0 0 1.65796e-43 4.64348e+42 0 0 0
523299 9.91577e-45 9.91577e-45 8.90982e+38 8.90982e+38 8.90982e+38 5.26137e+32 1.88873e+37 0 6.01378e-44 4.64348e+42 0 0 0
604296 1.74557e-44 1.74557e-44 7.0525e+38 7.0525e+38 7.0525e+38 8.19439e+32 1.89657e+37 0 5.46214e-44 4.64348e+42 0 0 0
697831 8.29858e-44 8.29858e-44 5.60635e+38 5.60635e+38 5.60635e+38 1.11274e+33 1.90442e+37 0 1.19299e-43 4.64348e+42 0 0 0
805842 1.02857e-42 1.02857e-42 4.47549e+38 4.47549e+38 4.47549e+38 1.40604e+33 1.91227e+37 0 5.94069e-43 4.64348e+42 0 0 0
930572 3.17156e-41 3.17156e-41 3.5875e+38 3.5875e+38 3.5875e+38 1.69935e+33 1.92011e+37 0 6.30296e-42 4.64348e+42 0 0 0
1.07461e+06 2.292e-39 2.292e-39 2.88734e+38 2.88734e+38 2.88734e+38 2.1608e+33 1.92991e+37 0 1.31038e-40 4.64348e+42 0 0 0
1.24094e+06 3.5903e-37 3.5903e-37 2.33304e+38 2.33304e+38 2.33304e+38 2.91458e+33 1.93206e+37 0 4.80146e-39 4.64348e+42 0 0 0
1.43301e+06 1.09309e-34 1.09309e-34 1.89236e+38 1.89236e+38 1.89236e+38 3.91147e+33 1.93477e+37 0 2.69256e-37 4.64348e+42 0 0 0
1.65482e+06 5.70829e-32 5.70829e-32 1.54054e+38 1.54054e+38 1.54054e+38 5.23462e+33 1.93823e+37 0 1.96505e-35 4.64348e+42 0 0 0
1.91095e+06 4.50825e-29 4.50825e-29 1.25852e+38 1.25852e+38 1.25852e+38 7.13577e+33 1.94302e+37 0 1.57654e-33 4.64348e+42 0 0 0
2.20673e+06 4.76722e-26 4.76722e-26 1.03154e+38 1.03154e+38 1.03154e+38 9.5831e+33 1.94916e+37 0 1.17152e-31 4.64348e+42 0 0 0
2.5483e+06 6.02506e-23 6.02506e-23 8.48104e+37 8.48104e+37 8.48104e+37 1.28102e+34 1.95719e+37 0 6.79758e-30 4.64348e+42 0 0 0
2.94273e+06 8.18545e-20 8.18545e-20 6.99229e+37 6.99229e+37 6.99229e+37 1.71099e+34 1.96772e+37 0 2.59305e-28 4.64348e+42 0 0 0
3.39821e+06 1.08552e-16 1.08552e-16 5.77854e+37 5.77854e+37 5.77854e+37 2.33403e+34 1.98252e+37 0 5.47242e-27 4.64348e+42 0 0 0
3.92419e+06 1.28934e-13 1.28934e-13 4.78442e+37 4.78442e+37 4.78442e+37 3.15074e+34 2.00184e+37 0 5.36924e-26 4.64348e+42 0 0 0
4.53158e+06 1.27246e-10 1.27246e-10 3.96648e+37 3.96648e+37 3.96648e+37 4.25718e+34 2.027e+37 0 2.05288e-25 4.64348e+42 0 0 0
5.23299e+06 9.79183e-08 9.79183e-08 3.29066e+37 3.29066e+37 3.29066e+37 5.74129e+34 2.0594e+37 0 2.55286e-25 4.64348e+42 0 0 0
6.04296e+06 5.57729e-05 5.57729e-05 2.73022e+37 2.73022e+37 2.73022e+37 7.85683e+34 2.10412e+37 0 8.56058e-26 4.64348e+42 0 0 0
6.97831e+06 0.0225726 0.0225726 2.26411e+37 2.26411e+37 2.26411e+37 1.0612e+35 2.15816e+37 0 6.355e-27 4.64348e+42 0 0 0
8.05842e+06 6.29762 6.29762 1.87556e+37 1.87556e+37 1.87556e+37 1.4239e+35 2.22435e+37 0 8.45713e-29 4.64348e+42 0 0 0
9.30572e+06 1186.4 1186.4 1.55112e+37 1.55112e+37 1.55112e+37 1.90902e+35 2.30032e+37 0 1.604e-31 4.64348e+42 0 0 0
1.07461e+07 149107 149107 1.2799e+37 1.2799e+37 1.2799e+37 2.57772e+35 2.40668e+37 0 3.36609e-35 4.64348e+42 0 0 0
1.24094e+07 1.24439e+07 1.24439e+07 1.05302e+37 1.05302e+37 1.05302e+37 3.40875e+35 2.50627e+37 0 5.88942e-40 4.64348e+42 0 0 0
1.43301e+07 6.90787e+08 6.90787e+08 8.63265e+36 8.63265e+36 8.63265e+36 4.42751e+35 2.60477e+37 0 6.23948e-46 4.64348e+42 0 0 0
1.65482e+07 2.5686e+10 2.5686e+10 7.04773e+36 7.04773e+36 7.04773e+36 5.65052e+35 2.69813e+37 0 2.78023e-53 4.64348e+42 0 0 0
1.91095e+07 6.47027e+11 6.47027e+11 5.72739e+36 5.72739e+36 5.72739e+36 7.16166e+35 2.78129e+37 0 3.43102e-62 4.64348e+42 0 0 0
2.20673e+07 1.12034e+13 1.12034e+13 4.6312e+36 4.6312e+36 4.6312e+36 8.76364e+35 2.85143e+37 0 7.24878e-73 4.64348e+42 0 0 0
2.5483e+07 1.3566e+14 1.3566e+14 3.7256e+36 3.7256e+36 3.7256e+36 1.05074e+36 2.89961e+37 0 1.50453e-85 4.64348e+42 0 0 0
2.94273e+07 1.17074e+15 1.17074e+15 2.98166e+36 2.98166e+36 2.98166e+36 1.22593e+36 2.89995e+37 0 1.61378e-100 4.64348e+42 0 0 0
3.39821e+07 7.34767e+15 7.34767e+15 2.37454e+36 2.37454e+36 2.37454e+36 1.40175e+36 2.84408e+37 0 4.25204e-118 4.64348e+42 0 0 0
3.92419e+07 3.42295e+16 3.42295e+16 1.88172e+36 1.88172e+36 1.88172e+36 1.54791e+36 2.73092e+37 0 1.16292e-138 4.64348e+42 0 0 0
4.53158e+07 1.20866e+17 1.20866e+17 1.48447e+36 1.48447e+36 1.48447e+36 1.67511e+36 2.58099e+37 0 1.21715e-162 4.64348e+42 0 0 0
5.23299e+07 3.30192e+17 3.30192e+17 1.16615e+36 1.16615e+36 1.16615e+36 1.77461e+36 2.40734e+37 0 1.53476e-190 4.64348e+42 0 0 0
6.04296e+07 7.11797e+17 7.11797e+17 9.12278e+35 9.12278e+35 9.12278e+35 1.83217e+36 2.19205e+37 0 6.11555e-223 4.64348e+42 0 0 0
6.97831e+07 1.23404e+18 1.23404e+18 7.10792e+35 7.10792e+35 7.10792e+35 1.84253e+36 1.94564e+37 0 1.63573e-260 4.64348e+42 0 0 0
8.05842e+07 1.75101e+18 1.75101e+18 5.51654e+35 5.51654e+35 5.51654e+35 1.81032e+36 1.6706e+37 0 0 4.64348e+42 0 0 0
9.30572e+07 2.0331e+18 2.0331e+18 4.25962e+35 4.25962e+35 4.25962e+35 1.73668e+36 1.37737e+37 0 0 4.64348e+42 0 0 0
1.07461e+08 1.51575e+18 1.51575e+18 3.22057e+35 3.22057e+35 3.22057e+35 1.6211e+36 1.07619e+37 0 0 4.64348e+42 423.701 0 0
1.24094e+08 5.36704e+16 5.36704e+16 2.08305e+35 2.08305e+35 2.08305e+35 1.48667e+36 8.32345e+36 0 0 4.64348e+42 372.228 0 0
1.43301e+08 911611 911611 7.18723e+34 7.18723e+34 7.18723e+34 1.33294e+36 6.31557e+36 0 0 4.64348e+42 327.009 0 0
1.65482e+08 4.27107e-56 4.27107e-56 1.30705e+34 1.30705e+34 1.30705e+34 1.165e+36 4.71419e+36 0 0 4.64348e+42 287.283 0 0
1.91095e+08 0 0 2.23089e+33 2.23089e+33 2.23089e+33 9.76262e+35 3.39796e+36 0 0 4.64348e+42 252.383 0 0
2.20673e+08 0 0 4.45104e+32 4.45104e+32 4.45104e+32 8.09257e+35 2.49779e+36 0 0 4.64348e+42 221.722 0 0
2.5483e+08 0 0 1.05404e+32 1.05404e+32 1.05404e+32 6.55766e+35 1.82069e+36 0 0 4.64348e+42 194.787 0 0
2.94273e+08 0 0 2.91391e+31 2.91391e+31 2.91391e+31 5.19958e+35 1.31559e+36 0 0 4.64348e+42 171.123 0 0
3.39821e+08 0 0 9.15588e+30 9.15588e+30 9.15588e+30 3.96153e+35 9.32728e+35 0 0 4.64348e+42 156.967 0 0
3.92419e+08 0 0 3.25542e+30 3.25542e+30 3.25542e+30 3.03038e+35 6.7661e+35 0 0 4.64348e+42 150.335 0 0
4.53158e+08 0 0 1.28135e+30 1.28135e+30 1.28135e+30 2.28857e+35 4.8915e+35 0 0 4.64348e+42 143.982 0 0
5.23299e+08 0 0 5.49363e+29 5.49363e+29 5.49363e+29 1.69686e+35 3.52473e+35 0 0 4.64348e+42 137.898 0 0
6.04296e+08 0 0 2.54238e+29 2.54238e+29 2.54238e+29 1.24591e+35 2.51301e+35 0 0 4.64348e+42 132.072 0 0
6.97831e+08 0 0 1.26883e+29 1.26883e+29 1.26883e+29 9.30195e+34 1.83185e+35 0 0 4.64348e+42 126.491 0 0
8.05842e+08 0 0 6.71421e+28 6.71421e+28 6.71421e+28 6.908e+34 1.33336e+35 0 0 4.64348e+42 121.146 0 0
9.30572e+08 0 0 3.73384e+28 3.73384e+28 3.73384e+28 5.09435e+34 9.68259e+34 0 0 4.64348e+42 116.027 0 0
1.07461e+09 0 0 2.16076e+28 2.16076e+28 2.16076e+28 3.70573e+34 6.92822e+34 0 0 4.64348e+42 116.445 0 0
1.24094e+09 0 0 1.31066e+28 1.31066e+28 1.31066e+28 2.76032e+34 5.07575e+34 0 0 4.64348e+42 122.461 0 0
1.43301e+09 0 0 8.22165e+27 8.22165e+27 8.22165e+27 2.05957e+34 3.70793e+34 0 0 4.64348e+42 128.787 0 0
1.65482e+09 0 0 5.29805e+27 5.29805e+27 5.29805e+27 1.53136e+34 2.69989e+34 0 0 4.64348e+42 135.44 0 0
1.91095e+09 0 0 3.47995e+27 3.47995e+27 3.47995e+27 1.12407e+34 1.93193e+34 0 0 4.64348e+42 142.437 0 0
2.20673e+09 0 0 2.3531e+27 2.3531e+27 2.3531e+27 8.43248e+33 1.41748e+34 0 0 4.64348e+42 149.795 0 0
2.5483e+09 0 0 1.61812e+27 1.61812e+27 1.61812e+27 6.30611e+33 1.03681e+34 0 0 4.64348e+42 157.533 0 0
2.94273e+09 0 0 1.12805e+27 1.12805e+27 1.12805e+27 4.69234e+33 7.55674e+33 0 0 4.64348e+42 165.671 0 0
3.39821e+09 0 0 7.90646e+26 7.90646e+26 7.90646e+26 3.42598e+33 5.41113e+33 0 0 4.64348e+42 174.23 0 0
3.92419e+09 0 0 5.66187e+26 5.66187e+26 5.66187e+26 2.56071e+33 3.9687e+33 0 0 4.64348e+42 183.23 0 0
4.53158e+09 0 0 4.09037e+26 4.09037e+26 4.09037e+26 1.90721e+33 2.89907e+33 0 0 4.64348e+42 192.696 0 0
5.23299e+09 0 0 2.97745e+26 2.97745e+26 2.97745e+26 1.4153e+33 2.10796e+33 0 0 4.64348e+42 202.65 0 0
6.04296e+09 0 0 2.16184e+26 2.16184e+26 2.16184e+26 1.02797e+33 1.50668e+33 0 0 4.64348e+42 213.119 0 0
6.97831e+09 0 0 1.6001e+26 1.6001e+26 1.6001e+26 7.66346e+32 1.10205e+33 0 0 4.64348e+42 224.128 0 0
8.05842e+09 0 0 1.1896e+26 1.1896e+26 1.1896e+26 5.69253e+32 8.03424e+32 0 0 4.64348e+42 235.707 0 0
9.30572e+09 0 0 8.86219e+25 8.86219e+25 8.86219e+25 4.19988e+32 5.83728e+32 0 0 4.64348e+42 247.883 0 0
1.07461e+10 0 0 6.56151e+25 6.56151e+25 6.56151e+25 3.04013e+32 4.17739e+32 0 0 4.64348e+42 278.129 0 0
1.24094e+10 0 0 4.93216e+25 4.93216e+25 4.93216e+25 2.2455e+32 3.06046e+32 0 0 4.64348e+42 332.945 0 0
1.43301e+10 0 0 3.70686e+25 3.70686e+25 3.70686e+25 1.64745e+32 2.23513e+32 0 0 4.64348e+42 398.563 0 0
1.65482e+10 0 0 2.79034e+25 2.79034e+25 2.79034e+25 1.20438e+32 1.62616e+32 0 0 4.64348e+42 477.114 0 0
1.91095e+10 0 0 2.07861e+25 2.07861e+25 2.07861e+25 8.6235e+31 1.1608e+32 0 0 4.64348e+42 571.146 0 0
2.20673e+10 0 0 1.57829e+25 1.57829e+25 1.57829e+25 6.32346e+31 8.48923e+31 0 0 4.64348e+42 683.71 34.7254 0
2.5483e+10 0 0 1.20007e+25 1.20007e+25 1.20007e+25 4.61813e+31 6.18182e+31 0 0 4.64348e+42 818.459 22.9578 0
2.94273e+10 0 0 9.1429e+24 9.1429e+24 9.1429e+24 3.36007e+31 4.481e+31 0 0 4.64348e+42 979.765 15.5417 0
3.39821e+10 0 0 6.88198e+24 6.88198e+24 6.88198e+24 2.39259e+31 3.17872e+31 0 0 4.64348e+42 1172.86 10.7604 0
3.92419e+10 0 0 5.323e+24 5.323e+24 5.323e+24 1.75273e+31 2.31673e+31 0 0 4.64348e+42 1404.02 7.61059 0
4.53158e+10 0 0 4.13142e+24 4.13142e+24 4.13142e+24 1.28004e+31 1.68232e+31 0 0 4.64348e+42 1680.73 5.49245 0
5.23299e+10 0 0 3.21933e+24 3.21933e+24 3.21933e+24 9.32497e+30 1.21658e+31 0 0 4.64348e+42 2011.97 4.04008 0
6.04296e+10 0 0 2.4794e+24 2.4794e+24 2.4794e+24 6.66098e+30 8.59998e+30 0 0 4.64348e+42 2408.5 3.02568 0
6.97831e+10 0 0 1.96795e+24 1.96795e+24 1.96795e+24 4.89286e+30 6.25685e+30 0 0 4.64348e+42 2883.18 2.3047 0
8.05842e+10 0 0 1.56509e+24 1.56509e+24 1.56509e+24 3.5805e+30 4.53474e+30 0 0 4.64348e+42 3451.41 1.78376 0
9.30572e+10 0 0 1.24621e+24 1.24621e+24 1.24621e+24 2.60987e+30 3.27157e+30 0 0 4.64348e+42 4131.64 1.40144 0
1.07461e+11 0 0 9.74726e+23 9.74726e+23 9.74726e+23 1.85881e+30 2.30146e+30 0 0 4.64348e+42 4945.92 1.11671 0
1.24094e+11 0 0 7.84493e+23 7.84493e+23 7.84493e+23 1.35924e+30 1.66721e+30 0 0 4.64348e+42 5920.69 0.901709 0
1.43301e+11 0 0 6.30371e+23 6.30371e+23 6.30371e+23 9.8891e+29 1.20191e+30 0 0 4.64348e+42 7087.56 0.737233 0
1.65482e+11 0 0 5.05126e+23 5.05126e+23 5.05126e+23 7.15365e+29 8.61539e+29 0 0 4.64348e+42 8484.42 0.609868 0
1.91095e+11 0 0 3.95803e+23 3.95803e+23 3.95803e+23 5.04587e+29 6.00386e+29 0 0 4.64348e+42 10156.6 0.510106 0
2.20673e+11 0 0 3.19297e+23 3.19297e+23 3.19297e+23 3.6591e+29 4.31363e+29 0 0 4.64348e+42 12158.3 0.431129 0
2.5483e+11 0 0 2.56673e+23 2.56673e+23 2.56673e+23 2.63915e+29 3.08147e+29 0 0 4.64348e+42 14554.5 0.367983 0
2.94273e+11 0 0 2.05491e+23 2.05491e+23 2.05491e+23 1.89267e+29 2.18672e+29 0 0 4.64348e+42 17423 0.317029 0
3.39821e+11 0 0 1.60455e+23 1.60455e+23 1.60455e+23 1.32175e+29 1.50373e+29 0 0 4.64348e+42 0 0.275565 0
3.92419e+11 0 0 1.29129e+23 1.29129e+23 1.29129e+23 9.50479e+28 1.0681e+29 0 0 4.64348e+42 0 0.241562 0
4.53158e+11 0 0 1.03411e+23 1.03411e+23 1.03411e+23 6.79394e+28 7.53537e+28 0 0 4.64348e+42 0 0.213483 0
5.23299e+11 0 0 8.23614e+22 8.23614e+22 8.23614e+22 4.82477e+28 5.27464e+28 0 0 4.64348e+42 0 0.190154 0
6.04296e+11 0 0 6.37335e+22 6.37335e+22 6.37335e+22 3.32579e+28 3.56195e+28 0 0 4.64348e+42 0 0.170669 0
6.97831e+11 0 0 5.09057e+22 5.09057e+22 5.09057e+22 2.36474e+28 2.49111e+28 0 0 4.64348e+42 0 0.154323 0
8.05842e+11 0 0 4.04036e+22 4.04036e+22 4.04036e+22 1.66954e+28 1.72802e+28 0 0 4.64348e+42 0 0.140565 0
9.30572e+11 0 0 3.18453e+22 3.18453e+22 3.18453e+22 1.16972e+28 1.18742e+28 0 0 4.64348e+42 0 0.12896 0
1.07461e+12 0 0 2.4273e+22 2.4273e+22 2.4273e+22 7.91994e+27 7.82244e+27 0 0 4.64348e+42 0 0.119166 0
1.24094e+12 0 0 1.91408e+22 1.91408e+22 1.91408e+22 5.54498e+27 5.35762e+27 0 0 4.64348e+42 0 0.110908 0
1.43301e+12 0 0 1.49741e+22 1.49741e+22 1.49741e+22 3.84929e+27 3.63296e+27 0 0 4.64348e+42 0 0.103969 0
1.65482e+12 0 0 1.16123e+22 1.16123e+22 1.16123e+22 2.64751e+27 2.43512e+27 0 0 4.64348e+42 0 0.098177 0
1.91095e+12 0 0 8.65377e+21 8.65377e+21 8.65377e+21 1.74897e+27 1.55072e+27 0 0 4.64348e+42 0 0.0933933 0
2.20673e+12 0 0 6.69489e+21 6.69489e+21 6.69489e+21 1.19897e+27 1.03267e+27 0 0 4.64348e+42 0 0.0895108 0
2.5483e+12 0 0 5.12744e+21 5.12744e+21 5.12744e+21 8.1335e+26 6.79199e+26 0 0 4.64348e+42 0 0.0864461 0
2.94273e+12 0 0 3.88393e+21 3.88393e+21 3.88393e+21 5.45505e+26 4.4032e+26 0 0 4.64348e+42 0 0.0841374 0
3.39821e+12 0 0 2.80137e+21 2.80137e+21 2.80137e+21 3.48255e+26 2.67589e+26 0 0 4.64348e+42 0 0.082541 0
3.92419e+12 0 0 2.10871e+21 2.10871e+21 2.10871e+21 2.31969e+26 1.71593e+26 0 0 4.64348e+42 0 0.08163 0
4.53158e+12 0 0 1.56683e+21 1.56683e+21 1.56683e+21 1.52481e+26 1.08328e+26 0 0 4.64348e+42 0 0.0813928 0
5.23299e+12 0 0 1.14783e+21 1.14783e+21 1.14783e+21 9.8802e+25 6.71526e+25 0 0 4.64348e+42 0 0.0818329 0
6.04296e+12 0 0 7.8981e+20 7.8981e+20 7.8981e+20 6.01223e+25 3.82353e+25 0 0 4.64348e+42 0 0.0829683 0
6.97831e+12 0 0 5.71837e+20 5.71837e+20 5.71837e+20 3.84934e+25 2.33033e+25 0 0 4.64348e+42 0 0.0848322 0
8.05842e+12 0 0 4.07009e+20 4.07009e+20 4.07009e+20 2.4228e+25 1.39238e+25 0 0 4.64348e+42 0 0.0874729 0
9.30572e+12 0 0 2.84363e+20 2.84363e+20 2.84363e+20 1.497e+25 8.12815e+24 0 0 4.64348e+42 0 0.0909553 0
1.07461e+13 0 0 1.82674e+20 1.82674e+20 1.82674e+20 8.5062e+24 4.22133e+24 0 0 4.64348e+42 0 0.0953611 0
1.24094e+13 0 0 1.25114e+20 1.25114e+20 1.25114e+20 5.15484e+24 2.40243e+24 0 0 4.64348e+42 0 0.10079 0
1.43301e+13 0 0 8.37369e+19 8.37369e+19 8.37369e+19 3.05399e+24 1.33329e+24 0 0 4.64348e+42 0 0.10736 0
1.65482e+13 0 0 5.46668e+19 5.46668e+19 5.46668e+19 1.76596e+24 7.18212e+23 0 0 4.64348e+42 0 0.115206 0
1.91095e+13 0 0 3.17047e+19 3.17047e+19 3.17047e+19 9.07893e+23 3.26962e+23 0 0 4.64348e+42 0 0.12448 0
2.20673e+13 0 0 2.00375e+19 2.00375e+19 2.00375e+19 5.09174e+23 1.69651e+23 0 0 4.64348e+42 0 0.135345 0
2.5483e+13 0 0 1.22627e+19 1.22627e+19 1.22627e+19 2.76879e+23 8.52784e+22 0 0 4.64348e+42 0 0.147968 0
2.94273e+13 0 0 7.25447e+18 7.25447e+18 7.25447e+18 1.4578e+23 4.12752e+22 0 0 4.64348e+42 0 0.162507 0
3.39821e+13 0 0 3.59929e+18 3.59929e+18 3.59929e+18 6.45002e+22 1.54993e+22 0 0 4.64348e+42 0 0.179093 0
3.92419e+13 0 0 2.02064e+18 2.02064e+18 2.02064e+18 3.23702e+22 7.09319e+21 0 0 4.64348e+42 0 0.197804 0
4.53158e+13 0 0 1.0826e+18 1.0826e+18 1.0826e+18 1.55489e+22 3.12083e+21 0 0 4.64348e+42 0 0.218621 0
5.23299e+13 0 0 5.53129e+17 5.53129e+17 5.53129e+17 7.14703e+21 1.3102e+21 0 0 4.64348e+42 0 0.241387 0
6.04296e+13 0 0 2.152e+17 2.152e+17 2.152e+17 2.51162e+21 3.67686e+20 0 0 4.64348e+42 0 0.265741 0
6.97831e+13 0 0 1.0114e+17 1.0114e+17 1.0114e+17 1.07122e+21 1.41194e+20 0 0 4.64348e+42 0 0.291055 0
8.05842e+13 0 0 4.42442e+16 4.42442e+16 4.42442e+16 4.27566e+20 5.17006e+19 0 0 4.64348e+42 0 0.316368 0
9.30572e+13 0 0 1.80123e+16 1.80123e+16 1.80123e+16 1.59777e+20 1.79813e+19 0 0 4.64348e+42 0 0.340344 0
1.07461e+14 0 0 4.79716e+15 4.79716e+15 4.79716e+15 3.93201e+19 3.1721e+18 0 0 4.64348e+42 0 0 0
1.24094e+14 0 0 1.72169e+15 1.72169e+15 1.72169e+15 1.31348e+19 9.37842e+17 0 0 4.64348e+42 0 0 0
1.43301e+14 0 0 5.50094e+14 5.50094e+14 5.50094e+14 3.9377e+18 2.6075e+17 0 0 4.64348e+42 0 0 0
1.65482e+14 0 0 1.54089e+14 1.54089e+14 1.54089e+14 1.04345e+18 6.97715e+16 0 0 4.64348e+42 0 0 0
1.91095e+14 0 0 2.29448e+13 2.29448e+13 2.29448e+13 1.48242e+17 5.97407e+15 0 0 4.64348e+42 0 0 0
2.20673e+14 0 0 5.42232e+12 5.42232e+12 5.42232e+12 3.37156e+16 1.16616e+15 0 0 4.64348e+42 0 0 0
2.5483e+14 0 0 1.06288e+12 1.06288e+12 1.06288e+12 6.41535e+15 2.03384e+14 0 0 4.64348e+42 0 0 0
2.94273e+14 0 0 1.60212e+11 1.60212e+11 1.60212e+11 9.4646e+14 3.4732e+13 0 0 4.64348e+42 0 0 0
3.39821e+14 0 0 9.45751e+09 9.45751e+09 9.45751e+09 5.51275e+13 1.09923e+12 0 0 4.64348e+42 0 0 0
3.92419e+14 0 0 1.13121e+09 1.13121e+09 1.13121e+09 6.55475e+12 1.08531e+11 0 0 4.64348e+42 0 0 0
4.53158e+14 0 0 9.96988e+07 9.96988e+07 9.96988e+07 5.78155e+11 8.27843e+09 0 0 4.64348e+42 0 0 0
5.23299e+14 0 0 5.7957e+06 5.7957e+06 5.7957e+06 3.38398e+10 5.73102e+08 0 0 4.64348e+42 0 0 0
6.04296e+14 0 0 71878.9 71878.9 71878.9 4.24887e+08 4.51083e+06 0 0 4.64348e+42 0 0 0
6.97831e+14 2.29647e-298 2.33316e-298 2775.75 2775.75 2775.75 1.66878e+07 143306 0 0 4.64348e+42 0 0 0
8.05842e+14 1.24286e-271 1.26602e-271 60.0926 60.0926 60.0926 368879 2707.02 0 0 4.64348e+42 0 0 0
9.30572e+14 1.00561e-248 1.02683e-248 0.690756 0.690756 0.690756 4343.33 31.7026 0 0 4.64348e+42 0 0 0
1.07461e+15 5.99314e-230 6.13261e-230 0.00076723 0.00076723 0.00076723 4.95383 0.0313706 0 0 4.64348e+42 0 0 0
1.24094e+15 2.53802e-213 2.60169e-213 3.30869e-06 3.30869e-06 3.30869e-06 0.0219787 0.000130368 0 0 4.64348e+42 0 0 0
1.43301e+15 1.36298e-199 1.39909e-199 4.57765e-09 4.57765e-09 4.57765e-09 3.13216e-05 1.81697e-07 0 0 4.64348e+42 0 0 0
1.65482e+15 1.82819e-188 1.87845e-188 2.03389e-12 2.03389e-12 2.03389e-12 1.4344e-08 8.28268e-11 0 0 4.64348e+42 0 0 0
1.91095e+15 1.76329e-180 1.81279e-180 4.6093e-17 4.6093e-17 4.6093e-17 3.35112e-13 1.92608e-15 0 0 4.64348e+42 0 0 0
2.20673e+15 9.26624e-174 9.52813e-174 2.39396e-21 2.39396e-21 2.39396e-21 1.79388e-17 1.02997e-19 0 0 4.64348e+42 0 0 0
2.5483e+15 2.82648e-169 2.9059e-169 1.91825e-26 1.91825e-26 1.91825e-26 1.48088e-22 8.50188e-25 0 0 4.64348e+42 0 0 0
2.94273e+15 6.94573e-167 7.1376e-167 2.19929e-32 2.19929e-32 2.19929e-32 1.74829e-28 1.00359e-30 0 0 4.64348e+42 0 0 0
3.39821e+15 2.76153e-167 2.83579e-167 5.0856e-40 5.0856e-40 5.0856e-40 4.16141e-36 2.38882e-38 0 0 4.64348e+42 0 0 0
3.92419e+15 9.47822e-169 9.72409e-169 9.27468e-48 9.27468e-48 9.27468e-48 7.81196e-44 4.48443e-46 0 0 4.64348e+42 0 0 0
4.53158e+15 2.10265e-172 2.15485e-172 7.60335e-57 7.60335e-57 7.60335e-57 6.5955e-53 3.78634e-55 0 0 4.64348e+42 0 0 0
5.23299e+15 2.93525e-178 3.0045e-178 2.14716e-67 2.14716e-67 2.14716e-67 1.92037e-63 1.10238e-65 0 0 4.64348e+42 0 0 0
6.04296e+15 3.5982e-187 3.67836e-187 2.36252e-80 2.36252e-80 2.36252e-80 2.18255e-76 1.25288e-78 0 0 4.64348e+42 0 0 0
6.97831e+15 1.4108e-197 1.44031e-197 3.06819e-94 3.06819e-94 3.06819e-94 2.93495e-90 1.68488e-92 0 0 4.64348e+42 0 0 0
8.05842e+15 8.84327e-211 9.01606e-211 1.99989e-110 1.99989e-110 1.99989e-110 1.98669e-106 1.14044e-108 0 0 4.64348e+42 0 0 0
9.30572e+15 5.57594e-227 5.67724e-227 3.57245e-129 3.57245e-129 3.57245e-129 3.69733e-125 2.12249e-127 0 0 4.64348e+42 0 0 0
1.07461e+16 3.06605e-247 3.11763e-247 1.33897e-151 1.33897e-151 1.33897e-151 1.44842e-147 8.31501e-150 0 0 4.64348e+42 0 0 0
1.24094e+16 3.16129e-270 3.21035e-270 2.03027e-176 2.03027e-176 2.03027e-176 2.30237e-172 1.3217e-174 0 0 4.64348e+42 0 0 0
1.43301e+16 1.69859e-297 1.72283e-297 3.1458e-205 3.1458e-205 3.1458e-205 3.7492e-201 2.15185e-203 0 0 4.64348e+42 0 0 0
1.65482e+16 0 0 1.4895e-238 1.4895e-238 1.4895e-238 1.86914e-234 1.07295e-236 0 0 4.64348e+42 0 0 0
1.91095e+16 0 0 0 0 0 0 0 0 0 4.64348e+42 0 0 0
2.20673e+16 0 0 0 0 0 0 0 0 0 4.64348e+42 0 0 0
2.5483e+16 0 0 0 0 0 0 0 0 0 4.64348e+42 0 0 0
2.94273e+16 0 0 0 0 0 0 0 0 0 4.64348e+42 0 0 0
3.39821e+16 0 0 0 0 0 0 0 0 0 4.64348e+42 0 0 0
3.92419e+16 0 0 0 0 0 0 0 0 0 4.64348e+42 0 0 0
4.53158e+16 0 0 0 0 0 0 0 0 0 4.64348e+42 0 0 0
5.23299e+16 0 0 0 0 0 0 0 0 0 4.64348e+42 0 0 0
6.04296e+16 0 0 0 0 0 0 0 0 0 4.64348e+42 0 0 0
6.97831e+16 0 0 0 0 0 0 0 0 0 4.64348e+42 0 0 0
8.05842e+16 0 0 0 0 0 0 0 0 0 4.64348e+42 0 0 0
9.30572e+16 0 0 0 0 0 0 0 0 0 4.64348e+42 0 0 0