
1.07461e-07 0 0 0 2.17753e+49 1.29924e+59 0 0 2.9561e+41 0 4.64348e+42 0 0 0
1.24094e-07 0 0 0 2.50337e+49 1.17518e+59 0 0 3.41365e+41 0 4.64348e+42 0 0 0
1.43301e-07 0 0 0 2.87651e+49 1.06243e+59 0 0 3.94203e+41 0 4.64348e+42 0 0 0
1.65482e-07 0 0 0 3.30339e+49 9.59951e+58 0 0 4.55218e+41 0 4.64348e+42 0 0 0
1.91095e-07 0 0 0 3.79123e+49 8.66812e+58 0 0 5.25678e+41 0 4.64348e+42 0 0 0
2.20673e-07 0 0 0 4.34803e+49 7.82159e+58 0 0 6.07043e+41 0 4.64348e+42 0 0 0
2.5483e-07 0 0 0 4.98269e+49 7.05218e+58 0 0 7.01002e+41 0 4.64348e+42 0 0 0
2.94273e-07 0 0 0 5.70496e+49 6.35287e+58 0 0 8.09505e+41 0 4.64348e+42 0 0 0
3.39821e-07 0 0 0 6.52551e+49 5.71729e+58 0 0 9.34802e+41 0 4.64348e+42 0 0 0
3.92419e-07 0 0 0 7.4559e+49 5.13967e+58 0 0 1.07949e+42 0 4.64348e+42 0 0 0
4.53158e-07 0 0 0 8.5085e+49 4.61475e+58 0 0 1.24658e+42 0 4.64348e+42 0 0 0
5.23299e-07 0 0 4.48542e-246 9.69643e+49 4.13778e+58 0 0 1.43953e+42 0 4.64348e+42 0 0 0
6.04296e-07 0 0 1.96472e-206 1.10334e+50 3.70445e+58 0 0 1.66234e+42 0 4.64348e+42 0 0 0
6.97831e-07 0 0 4.24819e-172 1.25333e+50 3.31087e+58 0 0 1.91964e+42 0 4.64348e+42 0 0 0
8.05842e-07 0 0 2.33132e-142 1.42103e+50 2.95349e+58 0 0 2.21676e+42 0 4.64348e+42 0 0 0
9.30572e-07 0 0 1.34047e-116 1.60777e+50 2.62911e+58 0 0 2.55988e+42 0 4.64348e+42 0 0 0
1.07461e-06 0 0 2.75657e-94 1.81481e+50 2.33485e+58 0 0 2.9561e+42 0 4.64348e+42 0 0 0
1.24094e-06 0 0 5.87023e-75 2.0432e+50 2.06808e+58 0 0 3.41365e+42 0 4.64348e+42 0 0 0
1.43301e-06 0 0 3.25022e-58 2.29374e+50 1.82646e+58 0 0 3.94203e+42 0 4.64348e+42 0 0 0
1.65482e-06 0 0 1.03832e-43 2.56683e+50 1.60785e+58 0 0 4.55218e+42 0 4.64348e+42 0 0 0
1.91095e-06 0 0 3.81648e-31 2.86237e+50 1.41033e+58 0 0 5.25678e+42 0 4.64348e+42 0 0 0
2.20673e-06 0 0 2.93398e-20 3.17963e+50 1.23218e+58 0 0 6.07043e+42 0 4.64348e+42 0 0 0
2.5483e-06 0 0 7.91478e-11 3.51707e+50 1.07183e+58 0 0 7.01002e+42 0 4.64348e+42 0 0 0
2.94273e-06 0 0 0.0117269 3.87226e+50 9.27892e+57 0 0 8.09505e+42 0 4.64348e+42 0 0 0
3.39821e-06 0 0 140656 4.24179e+50 7.99093e+57 0 0 9.34802e+42 0 4.64348e+42 0 0 0
3.92419e-06 0 0 1.91085e+11 4.62123e+50 6.84288e+57 0 0 1.07949e+43 0 4.64348e+42 0 0 0
4.53158e-06 0 0 3.93273e+16 5.00525e+50 5.82433e+57 0 0 1.24658e+43 0 4.64348e+42 0 0 0
5.23299e-06 0 0 1.57739e+21 5.38791e+50 4.9257e+57 0 0 1.43953e+43 0 4.64348e+42 0 0 0
6.04296e-06 0 0 1.5336e+25 5.76306e+50 4.13809e+57 0 0 1.66234e+43 0 4.64348e+42 0 0 0
6.97831e-06 0 0 4.36642e+28 6.12508e+50 3.4531e+57 0 0 1.91964e+43 0 4.64348e+42 0 0 0
8.05842e-06 0 0 4.28939e+31 6.46987e+50 2.8627e+57 0 0 2.21676e+43 0 4.64348e+42 0 0 0
9.30572e-06 0 0 1.67631e+34 6.79598e+50 2.359e+57 0 0 2.55988e+43 0 4.64348e+42 0 0 0
1.07461e-05 0 0 2.94973e+36 7.10605e+50 1.93419e+57 0 0 2.9561e+43 0 4.64348e+42 0 0 0
1.24094e-05 0 0 2.60338e+38 7.40804e+50 1.58036e+57 0 0 3.41365e+43 0 4.64348e+42 0 0 0
1.43301e-05 0 0 1.26632e+40 7.71623e+50 1.28954e+57 0 0 3.94203e+43 0 4.64348e+42 0 0 0
1.65482e-05 0 0 3.68614e+41 8.05154e+50 1.05363e+57 0 0 4.55218e+43 0 4.64348e+42 0 0 0
1.91095e-05 0 0 6.90038e+42 8.44072e+50 8.64587e+56 0 0 5.25678e+43 0 4.64348e+42 0 0 0
2.20673e-05 0 0 8.84294e+43 8.91433e+50 7.14509e+56 0 0 6.07043e+43 0 4.64348e+42 0 0 0
2.5483e-05 0 0 8.18661e+44 9.50338e+50 5.95929e+56 0 0 7.01002e+43 0 4.64348e+42 0 0 0
2.94273e-05 0 0 5.73094e+45 1.02354e+51 5.02048e+56 0 0 8.09505e+43 0 4.64348e+42 0 0 0
3.39821e-05 0 0 3.15195e+46 1.11306e+51 4.26973e+56 0 0 9.34802e+43 0 4.64348e+42 0 0 0
3.92419e-05 0 0 1.40608e+47 1.22e+51 3.65887e+56 0 0 1.07949e+44 0 4.64348e+42 0 0 0
4.53158e-05 0 0 5.22546e+47 1.34461e+51 3.15096e+56 0 0 1.24658e+44 0 4.64348e+42 0 0 0
5.23299e-05 0 0 1.65516e+48 1.48658e+51 2.71956e+56 0 0 1.43953e+44 0 4.64348e+42 0 0 0
6.04296e-05 0 0 4.55846e+48 1.64555e+51 2.34698e+56 0 0 1.66234e+44 0 4.64348e+42 0 0 0
6.97831e-05 0 0 1.11112e+49 1.82163e+51 2.02194e+56 0 0 1.91964e+44 0 4.64348e+42 0 0 0
8.05842e-05 0 0 2.43548e+49 2.01574e+51 1.73732e+56 0 0 2.21676e+44 0 4.64348e+42 0 0 0
9.30572e-05 0 0 4.86936e+49 2.22978e+51 1.48831e+56 0 0 2.55988e+44 0 4.64348e+42 0 0 0
0.000107461 0 0 8.99352e+49 2.46669e+51 1.27121e+56 0 0 2.9561e+44 0 4.64348e+42 0 0 0
0.000124094 0 0 1.55172e+50 2.73042e+51 1.08283e+56 0 0 3.41365e+44 0 4.64348e+42 0 0 0
0.000143301 0 0 2.52564e+50 3.02593e+51 9.20161e+55 0 0 3.94202e+44 0 4.64348e+42 0 0 0
0.000165482 0 0 3.91107e+50 3.35912e+51 7.80349e+55 0 0 4.55217e+44 0 4.64348e+42 0 0 0
0.000191095 0 0 5.80444e+50 3.7369e+51 6.60656e+55 0 0 5.25677e+44 0 4.64348e+42 0 0 0
0.000220673 0 0 8.30775e+50 4.16709e+51 5.58508e+55 0 0 6.07042e+44 0 4.64348e+42 0 0 0
0.00025483 0 0 1.15287e+51 4.65861e+51 4.71524e+55 0 0 7.01001e+44 0 4.64348e+42 0 0 0
0.000294273 0 0 1.55821e+51 5.22171e+51 3.97558e+55 0 0 8.09503e+44 0 4.64348e+42 0 0 0
0.000339821 0 0 2.05937e+51 5.86853e+51 3.34716e+55 0 0 9.34799e+44 0 4.64348e+42 0 0 0
0.000392419 0 0 2.67064e+51 6.61379e+51 2.81365e+55 0 0 1.07949e+45 0 4.64348e+42 0 0 0
0.000453158 0 0 3.4088e+51 7.47565e+51 2.36111e+55 0 0 1.24657e+45 0 4.64348e+42 0 0 0
0.000523299 0 0 4.29408e+51 8.47628e+51 1.97773e+55 0 0 1.43952e+45 0 4.64348e+42 0 0 0
0.000604296 0 0 5.35101e+51 9.64241e+51 1.65344e+55 0 0 1.66233e+45 0 4.64348e+42 0 0 0
0.000697831 0 0 6.60926e+51 1.10058e+52 1.37963e+55 0 0 1.91963e+45 0 4.64348e+42 0 0 0
0.000805842 0 0 8.1047e+51 1.26044e+52 1.14888e+55 0 0 2.21675e+45 0 4.64348e+42 0 0 0
0.000930572 0 0 9.88087e+51 1.44835e+52 9.54782e+54 0 0 2.55986e+45 0 4.64348e+42 0 0 0
0.00107461 0 0 1.19911e+52 1.66985e+52 7.91838e+54 0 0 2.95607e+45 0 4.64348e+42 0 0 0
0.00124094 0 0 1.45006e+52 1.93165e+52 6.5532e+54 0 0 3.41362e+45 0 4.64348e+42 0 0 0
0.00143301 0 0 1.74895e+52 2.24195e+52 5.41181e+54 0 0 3.94198e+45 0 4.64348e+42 0 0 0
0.00165482 0 0 2.10553e+52 2.61068e+52 4.45959e+54 0 0 4.55211e+45 0 4.64348e+42 0 0 0
0.00191095 0 0 2.53169e+52 3.0499e+52 3.66696e+54 0 0 5.25669e+45 0 4.64348e+42 0 0 0
0.00220673 0 0 3.04199e+52 3.57432e+52 3.00865e+54 0 0 6.07031e+45 0 4.64348e+42 0 0 0
0.0025483 0 0 3.65422e+52 4.20187e+52 2.46318e+54 0 0 7.00986e+45 0 4.64348e+42 0 0 0
0.00294273 0 0 4.39017e+52 4.95451e+52 2.01225e+54 0 0 8.09483e+45 0 4.64348e+42 0 0 0
0.00339821 0 0 5.27651e+52 5.85904e+52 1.64035e+54 0 0 9.34773e+45 0 4.64348e+42 0 0 0
0.00392419 0 0 6.34593e+52 6.94831e+52 1.33436e+54 0 0 1.07945e+46 0 4.64348e+42 0 0 0
0.00453158 0 0 7.63853e+52 8.26256e+52 1.0832e+54 0 0 1.24653e+46 0 4.64348e+42 0 0 0
0.00523299 0 0 9.20235e+52 9.84991e+52 8.7752e+53 0 0 1.43946e+46 0 4.64348e+42 0 0 0
0.00604296 0 0 1.10747e+53 1.17465e+53 7.09479e+53 0 0 1.66225e+46 0 4.64348e+42 0 0 0
0.00697831 0 0 1.31751e+53 1.38644e+53 5.72506e+53 0 0 1.91952e+46 0 4.64348e+42 0 0 0
0.00805842 0 0 1.51446e+53 1.58284e+53 4.61107e+53 0 0 2.2166e+46 0 4.64348e+42 0 0 0
0.00930572 0 0 1.64398e+53 1.70806e+53 3.70709e+53 0 0 2.55966e+46 0 4.64348e+42 0 0 0
0.0107461 0 0 1.66952e+53 1.72573e+53 2.97509e+53 0 0 2.95581e+46 0 4.64348e+42 0 0 0
0.0124094 0 0 1.5929e+53 1.63924e+53 2.38359e+53 0 0 3.41327e+46 0 4.64348e+42 0 0 0
0.0143301 0 0 1.44367e+53 1.47997e+53 1.90659e+53 0 0 3.94151e+46 0 4.64348e+42 0 0 0
0.0165482 0 0 1.25802e+53 1.28537e+53 1.52267e+53 0 0 4.55149e+46 0 4.64348e+42 0 0 0
0.0191095 0 0 1.06518e+53 1.0852e+53 1.21426e+53 0 0 5.25586e+46 0 4.64348e+42 0 0 0
0.0220673 0 0 8.83564e+52 8.97928e+52 9.66937e+52 0 0 6.06921e+46 0 4.64348e+42 0 0 0
0.025483 0 0 7.22354e+52 7.32513e+52 7.68949e+52 0 0 7.00839e+46 0 4.64348e+42 0 0 0
0.0294273 0 0 5.84549e+52 5.9166e+52 6.10713e+52 0 0 8.09288e+46 0 4.64348e+42 0 0 0
0.0339821 0 0 4.69614e+52 4.74558e+52 4.84446e+52 0 0 9.34512e+46 0 4.64348e+42 0 0 0
0.0392419 0 0 3.75318e+52 3.78737e+52 3.83838e+52 0 0 1.07911e+47 0 4.64348e+42 0 0 0
0.0453158 0 0 2.98814e+52 3.0117e+52 3.03789e+52 0 0 1.24606e+47 0 4.64348e+42 0 0 0
0.0523299 0 0 2.37224e+52 2.38843e+52 2.40181e+52 0 0 1.43884e+47 0 4.64348e+42 0 0 0
0.0604296 0 0 1.87912e+52 1.89021e+52 1.89703e+52 0 0 1.66142e+47 0 4.64348e+42 0 0 0
0.0697831 0 0 1.48587e+52 1.49346e+52 1.49692e+52 0 0 1.91842e+47 0 4.64348e+42 0 0 0
0.0805842 0 0 1.1732e+52 1.17839e+52 1.18014e+52 0 0 2.21513e+47 0 4.64348e+42 0 0 0
0.0930572 0 0 9.25173e+51 9.28718e+51 9.29603e+51 0 0 2.5577e+47 0 4.64348e+42 0 0 0
0.107461 0 0 7.28792e+51 7.31209e+51 7.31655e+51 0 0 2.9532e+47 0 4.64348e+42 0 0 0
0.124094 0 0 5.73538e+51 5.75185e+51 5.75409e+51 0 0 3.40979e+47 0 4.64348e+42 0 0 0
0.143301 0 0 4.50957e+51 4.52079e+51 4.52191e+51 0 0 3.93687e+47 0 4.64348e+42 0 0 0
0.165482 0 0 3.54284e+51 3.55047e+51 3.55103e+51 0 0 4.54531e+47 0 4.64348e+42 0 0 0
0.191095 0 0 2.7812e+51 2.78638e+51 2.78666e+51 0 0 5.24761e+47 0 4.64348e+42 0 0 0
0.220673 0 0 2.18168e+51 2.1852e+51 2.18534e+51 0 0 6.05821e+47 0 4.64348e+42 0 0 0
0.25483 0 0 1.71019e+51 1.71258e+51 1.71265e+51 0 0 6.99372e+47 0 4.64348e+42 0 0 0
0.294273 0 0 1.33966e+51 1.34128e+51 1.34132e+51 0 0 8.07332e+47 0 4.64348e+42 0 0 0
0.339821 0 0 1.04871e+51 1.0498e+51 1.04982e+51 0 0 9.31904e+47 0 4.64348e+42 0 0 0
0.392419 0 0 8.20391e+50 8.21135e+50 8.21144e+50 0 0 1.07563e+48 0 4.64348e+42 0 0 0
0.453158 0 0 6.41355e+50 6.41859e+50 6.41863e+50 0 0 1.24143e+48 0 4.64348e+42 0 0 0
0.523299 0 0 5.01053e+50 5.01394e+50 5.01398e+50 0 0 1.43266e+48 0 4.64348e+42 0 0 0
0.604296 0 0 3.91182e+50 3.91413e+50 3.91415e+50 0 0 1.65318e+48 0 4.64348e+42 0 0 0
0.697831 0 0 3.05196e+50 3.05351e+50 3.05352e+50 0 0 1.90743e+48 0 4.64348e+42 0 0 0
0.805842 0 0 2.37945e+50 2.3805e+50 2.38051e+50 0 0 2.20049e+48 0 4.64348e+42 0 0 0
0.930572 0 0 1.85383e+50 1.85454e+50 1.85454e+50 0 0 2.53819e+48 0 4.64348e+42 0 0 0
1.07461 0 0 1.44329e+50 1.44376e+50 1.44377e+50 0 0 2.92719e+48 0 4.64348e+42 0 0 0
1.24094 2.79394e-207 2.79394e-207 1.12285e+50 1.12317e+50 1.12317e+50 0 0 3.37512e+48 1.27947e-207 4.64348e+42 0 0 0
1.43301 2.05275e-138 2.05275e-138 8.72909e+49 8.73125e+49 8.73126e+49 0 0 3.89066e+48 1.04695e-138 4.64348e+42 0 0 0
1.65482 7.25545e-88 7.25545e-88 6.78102e+49 6.78248e+49 6.78248e+49 0 0 4.48373e+48 4.12421e-88 4.64348e+42 0 0 0
1.91095 8.2714e-51 8.2714e-51 5.26377e+49 5.26475e+49 5.26475e+49 0 0 5.16557e+48 5.24388e-51 4.64348e+42 0 0 0
2.20673 1.10545e-23 1.10545e-23 4.08296e+49 4.08362e+49 4.08362e+49 0 0 5.94892e+48 7.82199e-24 4.64348e+42 0 0 0
2.5483 0.000731651 0.000731651 3.1647e+49 3.16514e+49 3.16514e+49 0 0 6.84816e+48 0.000578219 4.64348e+42 0 0 0
2.94273 2.06833e+11 2.06833e+11 2.45117e+49 2.45146e+49 2.45146e+49 0 0 7.87946e+48 1.8269e+11 4.64348e+42 0 0 0
3.39821 6.66724e+21 6.66724e+21 1.89716e+49 1.89736e+49 1.89736e+49 0 0 9.06092e+48 6.58611e+21 4.64348e+42 0 0 0
3.92419 2.75378e+29 2.75378e+29 1.46736e+49 1.46749e+49 1.46749e+49 0 0 1.04127e+49 3.04421e+29 4.64348e+42 0 0 0
4.53158 8.6494e+34 8.6494e+34 1.13419e+49 1.13427e+49 1.13427e+49 0 0 1.1957e+49 1.07064e+35 4.64348e+42 0 0 0
5.23299 7.65721e+38 7.65721e+38 8.76119e+48 8.76179e+48 8.76179e+48 0 0 1.37183e+49 1.06188e+39 4.64348e+42 0 0 0
6.04296 5.005e+41 5.005e+41 6.76383e+48 6.76422e+48 6.76422e+48 0 0 1.57229e+49 7.7797e+41 4.64348e+42 0 0 0
6.97831 4.89923e+43 4.89923e+43 5.21908e+48 5.21934e+48 5.21934e+48 0 0 1.7999e+49 8.53925e+43 4.64348e+42 0 0 0
8.05842 1.20659e+45 1.20659e+45 4.02523e+48 4.02541e+48 4.02541e+48 0 0 2.05763e+49 2.35901e+45 4.64348e+42 0 0 0
9.30572 1.09337e+46 1.09337e+46 3.1032e+48 3.10332e+48 3.10332e+48 0 0 2.3485e+49 2.39846e+46 4.64348e+42 0 0 0
10.7461 4.81385e+46 4.81385e+46 2.39153e+48 2.39161e+48 2.39161e+48 0 0 2.67549e+49 1.18503e+47 4.64348e+42 0 0 0
12.4094 1.26148e+47 1.26148e+47 1.84255e+48 1.84261e+48 1.84261e+48 0 0 3.0414e+49 3.48521e+47 4.64348e+42 0 0 0
14.3301 2.28095e+47 2.28095e+47 1.41929e+48 1.41932e+48 1.41932e+48 0 0 3.44863e+49 7.07239e+47 4.64348e+42 0 0 0
16.5482 3.16804e+47 3.16804e+47 1.09309e+48 1.09312e+48 1.09312e+48 0 0 3.89885e+49 1.10228e+48 4.64348e+42 0 0 0
19.1095 3.65256e+47 3.65256e+47 8.41811e+47 8.41827e+47 8.41827e+47 0 0 4.39266e+49 1.42577e+48 4.64348e+42 0 0 0
22.0673 3.69641e+47 3.69641e+47 6.48308e+47 6.48319e+47 6.48319e+47 0 0 4.92906e+49 1.61817e+48 4.64348e+42 0 0 0
25.483 3.41726e+47 3.41726e+47 4.99346e+47 4.99353e+47 4.99353e+47 0 0 5.50478e+49 1.67681e+48 4.64348e+42 0 0 0
29.4273 2.96894e+47 2.96894e+47 3.84706e+47 3.84711e+47 3.84711e+47 0 0 6.11356e+49 1.6318e+48 4.64348e+42 0 0 0
33.9821 2.47297e+47 2.47297e+47 2.96505e+47 2.96508e+47 2.96508e+47 0 0 6.74522e+49 1.52103e+48 4.64348e+42 0 0 0
39.2419 2.00253e+47 2.00253e+47 2.28664e+47 2.28666e+47 2.28666e+47 0 0 7.38461e+49 1.37666e+48 4.64348e+42 0 0 0
45.3158 1.59172e+47 1.59172e+47 1.76496e+47 1.76497e+47 1.76497e+47 0 0 8.01066e+49 1.22116e+48 4.64348e+42 0 0 0
52.3299 1.25014e+47 1.25014e+47 1.36391e+47 1.36392e+47 1.36392e+47 0 0 8.59548e+49 1.06824e+48 4.64348e+42 0 0 0
60.4296 9.74621e+46 9.74621e+46 1.05566e+47 1.05566e+47 1.05566e+47 0 0 9.10392e+49 9.25287e+47 4.64348e+42 0 0 0
69.7831 7.56608e+46 7.56608e+46 8.18755e+46 8.18759e+46 8.18759e+46 0 0 9.49398e+49 7.95611e+47 4.64348e+42 0 0 0
80.5842 5.86175e+46 5.86175e+46 6.36675e+46 6.36678e+46 6.36678e+46 0 0 9.71858e+49 6.80156e+47 4.64348e+42 0 0 0
93.0572 4.5393e+46 4.5393e+46 4.96668e+46 4.9667e+46 4.9667e+46 0 0 9.72925e+49 5.78581e+47 4.64348e+42 0 0 0
107.461 3.51743e+46 3.51743e+46 3.88897e+46 3.88898e+46 3.88898e+46 0 0 9.48258e+49 4.89921e+47 4.64348e+42 0 0 0
124.094 2.72908e+46 2.72908e+46 3.05776e+46 3.05777e+46 3.05777e+46 0 0 8.94917e+49 4.12962e+47 4.64348e+42 0 0 0
143.301 2.12047e+46 2.12047e+46 2.41459e+46 2.4146e+46 2.4146e+46 0 0 8.1248e+49 3.46439e+47 4.64348e+42 0 0 0
165.482 1.64937e+46 1.64937e+46 1.91454e+46 1.91454e+46 1.91454e+46 0 0 7.04092e+49 2.89143e+47 4.64348e+42 0 0 0
191.095 1.28314e+46 1.28314e+46 1.5233e+46 1.52331e+46 1.52331e+46 0 0 5.77078e+49 2.39959e+47 4.64348e+42 0 0 0
220.673 9.96955e+45 9.96955e+45 1.21495e+46 1.21495e+46 1.21495e+46 0 0 4.42541e+49 1.97887e+47 4.64348e+42 0 0 0
254.83 7.72204e+45 7.72204e+45 9.70069e+45 9.7007e+45 9.7007e+45 0 0 3.13611e+49 1.62038e+47 4.64348e+42 0 0 0
294.273 5.95092e+45 5.95092e+45 7.74323e+45 7.74324e+45 7.74324e+45 0 0 2.02482e+49 1.31629e+47 4.64348e+42 0 0 0
339.821 4.55396e+45 4.55396e+45 6.17137e+45 6.17138e+45 6.17138e+45 0 0 1.17207e+49 1.0597e+47 4.64348e+42 0 0 0
392.419 3.45435e+45 3.45435e+45 4.90638e+45 4.90639e+45 4.90639e+45 0 0 5.97308e+48 8.4455e+46 4.64348e+42 0 0 0
453.158 2.59289e+45 2.59289e+45 3.88821e+45 3.88822e+45 3.88822e+45 0 0 2.62532e+48 6.6547e+46 4.64348e+42 0 0 0
523.299 1.92268e+45 1.92268e+45 3.06972e+45 3.06972e+45 3.06972e+45 0 0 9.7216e+47 5.17707e+46 4.64348e+42 0 0 0
604.296 1.40585e+45 1.40585e+45 2.41309e+45 2.4131e+45 2.4131e+45 0 0 2.95281e+47 3.97022e+46 4.64348e+42 0 0 0
697.831 1.0116e+45 1.0116e+45 1.88779e+45 1.88779e+45 1.88779e+45 0 0 7.13355e+46 2.99616e+46 4.64348e+42 0 0 0
805.842 7.14769e+44 7.14769e+44 1.46909e+45 1.46909e+45 1.46909e+45 0 0 1.32295e+46 2.22071e+46 4.64348e+42 0 0 0
930.572 4.94786e+44 4.94786e+44 1.13691e+45 1.13691e+45 1.13691e+45 0 0 1.80789e+45 1.61308e+46 4.64348e+42 0 0 0
1074.61 3.34736e+44 3.34736e+44 8.74849e+44 8.7485e+44 8.7485e+44 0 0 1.73646e+44 1.1455e+46 4.64348e+42 0 0 0
1240.94 2.2073e+44 2.2073e+44 6.69377e+44 6.69377e+44 6.69377e+44 0 0 1.10999e+43 7.93086e+45 4.64348e+42 0 0 0
1433.01 1.41444e+44 1.41444e+44 5.09295e+44 5.09295e+44 5.09295e+44 0 0 4.43362e+41 5.33675e+45 4.64348e+42 0 0 0
1654.82 8.77726e+43 8.77726e+43 3.85356e+44 3.85357e+44 3.85357e+44 0 0 1.02892e+40 3.47797e+45 4.64348e+42 0 0 0
1910.95 5.2532e+43 5.2532e+43 2.89985e+44 2.89985e+44 2.89985e+44 0 0 1.27551e+38 2.18629e+45 4.64348e+42 0 0 0
2206.73 3.01809e+43 3.01809e+43 2.17032e+44 2.17032e+44 2.17032e+44 0 0 7.66503e+35 1.31947e+45 4.64348e+42 0 0 0
2548.3 1.65547e+43 1.65547e+43 1.61558e+44 1.61558e+44 1.61558e+44 0 0 1.99618e+33 7.60464e+44 4.64348e+42 0 0 0
2942.73 8.61521e+42 8.61521e+42 1.19624e+44 1.19624e+44 1.19624e+44 0 0 1.97941e+30 4.15962e+44 4.64348e+42 0 0 0
3398.21 4.22314e+42 4.22314e+42 8.81115e+43 8.81115e+43 8.81115e+43 0 0 6.43587e+26 2.14398e+44 4.64348e+42 0 0 0
3924.19 1.93383e+42 1.93383e+42 6.45705e+43 6.45705e+43 6.45705e+43 0 0 5.77383e+22 1.03271e+44 4.64348e+42 0 0 0
4531.58 8.19311e+41 8.19311e+41 4.70861e+43 4.70861e+43 4.70861e+43 0 0 1.17098e+18 4.60425e+43 4.64348e+42 0 0 0
5232.99 3.99378e+41 3.99378e+41 3.53838e+43 3.53838e+43 3.53838e+43 0 0 4.26487e+12 2.36265e+43 4.64348e+42 0 0 0
6042.96 1.4996e+41 1.4996e+41 2.57245e+43 2.57245e+43 2.57245e+43 0 0 2.13851e+06 9.34138e+42 4.64348e+42 0 0 0
6978.31 5.12032e+40 5.12032e+40 1.86394e+43 1.86394e+43 1.86394e+43 0 0 0.108611 3.35902e+42 4.64348e+42 0 0 0
8058.42 1.57313e+40 1.57313e+40 1.34652e+43 1.34652e+43 1.34652e+43 0 0 3.9199e-10 1.08677e+42 4.64348e+42 0 0 0
9305.72 4.30013e+39 4.30013e+39 9.70184e+42 9.70184e+42 9.70184e+42 0 0 6.67674e-20 3.12743e+41 4.64348e+42 0 0 0
10746.1 1.03349e+39 1.03349e+39 6.97468e+42 6.97468e+42 6.97468e+42 0 0 3.34569e-31 7.90852e+40 4.64348e+42 0 0 0
12409.4 2.15742e+38 2.15742e+38 5.00498e+42 5.00498e+42 5.00498e+42 0 0 2.85766e-44 1.73544e+40 4.64348e+42 0 0 0
14330.1 3.8642e+37 3.8642e+37 3.58651e+42 3.58651e+42 3.58651e+42 0 0 2.21525e-59 3.26317e+39 4.64348e+42 0 0 0
16548.2 5.86855e+36 5.86855e+36 2.56758e+42 2.56758e+42 2.56758e+42 0 0 7.52733e-77 5.19305e+38 4.64348e+42 0 0 0
19109.5 7.47502e+35 7.47502e+35 1.83721e+42 1.83721e+42 1.83721e+42 0 0 4.83791e-97 6.91474e+37 4.64348e+42 0 0 0
22067.3 7.91181e+34 7.91181e+34 1.31457e+42 1.31457e+42 1.31457e+42 0 0 2.2283e-120 7.62757e+36 4.64348e+42 0 0 0
25483 6.91134e+33 6.91134e+33 9.41029e+41 9.41029e+41 9.41029e+41 0 0 2.39796e-147 6.91774e+35 4.64348e+42 0 0 0
29427.3 4.96591e+32 4.96591e+32 6.74278e+41 6.74278e+41 6.74278e+41 0 0 1.65265e-178 5.13637e+34 4.64348e+42 0 0 0
33982.1 2.93798e+31 2.93798e+31 4.83851e+41 4.83851e+41 4.83851e+41 0 0 1.63647e-214 3.12241e+33 4.64348e+42 0 0 0
39241.9 1.44072e+30 1.44072e+30 3.47891e+41 3.47891e+41 3.47891e+41 0 0 0 1.56254e+32 4.64348e+42 0 0 0
45315.8 5.9333e+28 5.9333e+28 2.5076e+41 2.5076e+41 2.5076e+41 0 0 0 6.51339e+30 4.64348e+42 0 0 0
52329.9 2.09462e+27 2.09462e+27 1.81291e+41 1.81291e+41 1.81291e+41 0 0 0 2.30496e+29 4.64348e+42 0 0 0
60429.6 6.5212e+25 6.5212e+25 1.31525e+41 1.31525e+41 1.31525e+41 0 0 0 7.11146e+27 4.64348e+42 0 0 0
69783.1 1.85659e+24 1.85659e+24 9.57975e+40 9.57975e+40 9.57975e+40 0 0 0 1.97958e+26 4.64348e+42 0 0 0
80584.2 5.04903e+22 5.04903e+22 7.00805e+40 7.00805e+40 7.00805e+40 0 0 0 5.18126e+24 4.64348e+42 0 0 0
93057.2 1.37844e+21 1.37844e+21 5.15105e+40 5.15105e+40 5.15105e+40 0 0 0 1.33652e+23 4.64348e+42 0 0 0
107461 3.98716e+19 3.98716e+19 3.80523e+40 3.80523e+40 3.80523e+40 0 0 0 3.57489e+21 4.64348e+42 0 0 0
124094 1.29183e+18 1.29183e+18 2.82586e+40 2.82586e+40 2.82586e+40 0 0 0 1.04456e+20 4.64348e+42 0 0 0
143301 4.95159e+16 4.95159e+16 2.10992e+40 2.10992e+40 2.10992e+40 0 0 0 3.50709e+18 4.64348e+42 0 0 0
165482 2.3627e+15 2.3627e+15 1.58398e+40 1.58398e+40 1.58398e+40 0 0 0 1.41706e+17 4.64348e+42 0 0 0
191095 1.46785e+14 1.46785e+14 1.19563e+40 1.19563e+40 1.19563e+40 0 0 0 7.16782e+15 4.64348e+42 0 0 0
220673 1.23227e+13 1.23227e+13 9.07319e+39 9.07319e+39 9.07319e+39 0 0 0 4.68131e+14 4.64348e+42 0 0 0
254830 1.43862e+12 1.43862e+12 6.92113e+39 6.92113e+39 6.92113e+39 0 0 0 4.03328e+13 4.64348e+42 0 0 0
294273 2.3837e+11 2.3837e+11 5.30599e+39 5.30599e+39 5.30599e+39 0 0 0 4.63975e+12 4.64348e+42 0 0 0
339821 5.67854e+10 5.67854e+10 4.08735e+39 4.08735e+39 4.08735e+39 0 0 0 7.15005e+11 4.64348e+42 0 0 0
392419 1.95801e+10 1.95801e+10 3.16314e+39 3.16314e+39 3.16314e+39 0 0 0 1.46959e+11 4.64348e+42 0 0 0
453158 9.78952e+09 9.78952e+09 2.45878e+39 2.45878e+39 2.45878e+39 0 0 0 3.98449e+10 4.64348e+42 0 0 0
523299 7.08199e+09 7.08199e+09 1.91948e+39 1.91948e+39 1.91948e+39 3.66151e+32 1.3083e+37 0 1.40116e+10 4.64348e+42 0 0 0
604296 7.37224e+09 7.37224e+09 1.50473e+39 1.50473e+39 1.50473e+39 5.69751e+32 1.31374e+37 0 6.24786e+09 4.64348e+42 0 0 0
697831 1.09457e+10 1.09457e+10 1.18443e+39 1.18443e+39 1.18443e+39 7.73351e+32 1.31917e+37 0 3.43312e+09 4.64348e+42 0 0 0
805842 2.28899e+10 2.28899e+10 9.36054e+38 9.36054e+38 9.36054e+38 9.76951e+32 1.32461e+37 0 2.24405e+09 4.64348e+42 0 0 0
930572 6.63072e+10 6.63072e+10 7.4269e+38 7.4269e+38 7.4269e+38 1.18055e+33 1.33004e+37 0 1.67149e+09 4.64348e+42 0 0 0
1.07461e+06 2.60485e+11 2.60485e+11 5.91555e+38 5.91555e+38 5.91555e+38 1.5007e+33 1.33683e+37 0 1.34745e+09 4.64348e+42 0 0 0
1.24094e+06 1.34969e+12 1.34969e+12 4.72949e+38 4.72949e+38 4.72949e+38 2.02354e+33 1.33832e+37 0 1.10401e+09 4.64348e+42 0 0 0
1.43301e+06 8.87249e+12 8.87249e+12 3.7947e+38 3.7947e+38 3.7947e+38 2.71489e+33 1.3402e+37 0 8.4932e+08 4.64348e+42 0 0 0
1.65482e+06 7.07721e+13 7.07721e+13 3.05471e+38 3.05471e+38 3.05471e+38 3.63235e+33 1.3426e+37 0 5.60018e+08 4.64348e+42 0 0 0
1.91095e+06 6.54908e+14 6.54908e+14 2.46637e+38 2.46637e+38 2.46637e+38 4.95034e+33 1.34591e+37 0 2.86728e+08 4.64348e+42 0 0 0
2.20673e+06 6.73157e+15 6.73157e+15 1.99664e+38 1.99664e+38 1.99664e+38 6.64681e+33 1.35016e+37 0 1.02557e+08 4.64348e+42 0 0 0
2.5483e+06 7.38006e+16 7.38006e+16 1.62012e+38 1.62012e+38 1.62012e+38 8.88356e+33 1.35573e+37 0 2.29005e+07 4.64348e+42 0 0 0
2.94273e+06 8.30936e+17 8.30936e+17 1.3172e+38 1.3172e+38 1.3172e+38 1.18635e+34 1.36303e+37 0 2.82873e+06 4.64348e+42 0 0 0
3.39821e+06 9.28335e+18 9.28335e+18 1.07269e+38 1.07269e+38 1.07269e+38 1.6181e+34 1.37327e+37 0 169658 4.64348e+42 0 0 0
3.92419e+06 9.98051e+19 9.98051e+19 8.74731e+37 8.74731e+37 8.74731e+37 2.18403e+34 1.38666e+37 0 4288.47 4.64348e+42 0 0 0
4.53158e+06 1.00534e+21 1.00534e+21 7.14059e+37 7.14059e+37 7.14059e+37 2.95068e+34 1.40409e+37 0 39.1325 4.64348e+42 0 0 0
5.23299e+06 9.27581e+21 9.27581e+21 5.8334e+37 5.8334e+37 5.8334e+37 3.97896e+34 1.42653e+37 0 0.10869 4.64348e+42 0 0 0
6.04296e+06 7.69478e+22 7.69478e+22 4.76746e+37 4.76746e+37 4.76746e+37 5.44465e+34 1.45751e+37 0 7.60319e-05 4.64348e+42 0 0 0
6.97831e+06 5.6553e+23 5.6553e+23 3.89623e+37 3.89623e+37 3.89623e+37 7.35347e+34 1.49494e+37 0 1.08373e-08 4.64348e+42 0 0 0
8.05842e+06 3.64184e+24 3.64184e+24 3.1825e+37 3.1825e+37 3.1825e+37 9.86616e+34 1.54079e+37 0 2.47903e-13 4.64348e+42 0 0 0
9.30572e+06 2.03906e+25 2.03906e+25 2.59651e+37 2.59651e+37 2.59651e+37 1.32269e+35 1.59342e+37 0 6.94335e-19 4.64348e+42 0 0 0
1.07461e+07 9.87932e+25 9.87932e+25 2.11457e+37 2.11457e+37 2.11457e+37 1.78593e+35 1.66709e+37 0 1.74944e-25 4.64348e+42 0 0 0
1.24094e+07 4.13332e+26 4.13332e+26 1.71779e+37 1.71779e+37 1.71779e+37 2.36161e+35 1.73608e+37 0 2.78682e-33 4.64348e+42 0 0 0
1.43301e+07 1.49362e+27 1.49362e+27 1.3911e+37 1.3911e+37 1.3911e+37 3.06733e+35 1.8043e+37 0 1.87252e-42 4.64348e+42 0 0 0
1.65482e+07 4.67174e+27 4.67174e+27 1.12243e+37 1.12243e+37 1.12243e+37 3.91453e+35 1.86897e+37 0 3.3314e-53 4.64348e+42 0 0 0
1.91095e+07 1.26955e+28 1.26955e+28 9.01966e+36 9.01966e+36 9.01966e+36 4.96131e+35 1.92657e+37 0 9.17644e-66 4.64348e+42 0 0 0
2.20673e+07 3.01201e+28 3.01201e+28 7.21524e+36 7.21524e+36 7.21524e+36 6.07101e+35 1.97516e+37 0 2.10711e-80 4.64348e+42 0 0 0
2.5483e+07 6.27528e+28 6.27528e+28 5.7438e+36 5.7438e+36 5.7438e+36 7.27892e+35 2.00853e+37 0 1.9733e-97 4.64348e+42 0 0 0
2.94273e+07 1.15543e+29 1.15543e+29 4.54862e+36 4.54862e+36 4.54862e+36 8.49246e+35 2.00877e+37 0 3.30002e-117 4.64348e+42 0 0 0
3.39821e+07 1.89325e+29 1.89325e+29 3.58284e+36 3.58284e+36 3.58284e+36 9.71033e+35 1.97007e+37 0 3.79469e-140 4.64348e+42 0 0 0
3.92419e+07 2.77984e+29 2.77984e+29 2.80602e+36 2.80602e+36 2.80602e+36 1.07228e+36 1.89168e+37 0 9.95756e-167 4.64348e+42 0 0 0
4.53158e+07 3.68533e+29 3.68533e+29 2.18577e+36 2.18577e+36 2.18577e+36 1.16039e+36 1.78783e+37 0 1.66653e-197 4.64348e+42 0 0 0
5.23299e+07 4.44458e+29 4.44458e+29 1.69397e+36 1.69397e+36 1.69397e+36 1.22931e+36 1.66755e+37 0 4.07673e-233 4.64348e+42 0 0 0
6.04296e+07 4.9114e+29 4.9114e+29 1.30642e+36 1.30642e+36 1.30642e+36 1.26918e+36 1.51842e+37 0 2.65591e-274 4.64348e+42 0 0 0
6.97831e+07 5.00825e+29 5.00825e+29 1.00303e+36 1.00303e+36 1.00303e+36 1.27636e+36 1.34774e+37 0 0 4.64348e+42 0 0 0
8.05842e+07 4.74538e+29 4.74538e+29 7.6704e+35 7.6704e+35 7.6704e+35 1.25404e+36 1.15723e+37 0 0 4.64348e+42 0 0 0
9.30572e+07 4.20327e+29 4.20327e+29 5.84242e+35 5.84242e+35 5.84242e+35 1.20304e+36 9.5411e+36 0 0 4.64348e+42 0 0 0
1.07461e+08 3.49717e+29 3.49717e+29 4.42848e+35 4.42848e+35 4.42848e+35 1.12298e+36 7.45489e+36 0 0 4.64348e+42 238.265 0 0
1.24094e+08 2.7506e+29 2.7506e+29 3.34405e+35 3.34405e+35 3.34405e+35 1.02986e+36 5.76581e+36 0 0 4.64348e+42 209.319 0 0
1.43301e+08 2.05224e+29 2.05224e+29 2.512e+35 2.512e+35 2.512e+35 9.2337e+35 4.37498e+36 0 0 4.64348e+42 183.891 0 0
1.65482e+08 1.45661e+29 1.45661e+29 1.87389e+35 1.87389e+35 1.87389e+35 8.07036e+35 3.26571e+36 0 0 4.64348e+42 161.551 0 0
1.91095e+08 9.81287e+28 9.81287e+28 1.37949e+35 1.37949e+35 1.37949e+35 6.763e+35 2.35396e+36 0 0 4.64348e+42 141.925 0 0
2.20673e+08 6.32407e+28 6.32407e+28 1.00962e+35 1.00962e+35 1.00962e+35 5.60615e+35 1.73041e+36 0 0 4.64348e+42 124.684 0 0
2.5483e+08 3.68027e+28 3.68027e+28 7.27567e+34 7.27567e+34 7.27567e+34 4.54291e+35 1.26137e+36 0 0 4.64348e+42 109.537 0 0
2.94273e+08 1.08601e+28 1.08601e+28 4.89759e+34 4.89759e+34 4.89759e+34 3.60215e+35 9.11472e+35 0 0 4.64348e+42 96.2298 0 0
3.39821e+08 2.76569e+25 2.76569e+25 2.35901e+34 2.35901e+34 2.35901e+34 2.74453e+35 6.46246e+35 0 0 4.64348e+42 88.2693 0 0
3.92419e+08 8.12668e+11 8.12668e+11 6.03531e+33 6.03531e+33 6.03531e+33 2.0995e+35 4.68817e+35 0 0 4.64348e+42 84.5395 0 0
4.53158e+08 4.60095e-48 4.60095e-48 1.13646e+33 1.13646e+33 1.13646e+33 1.58562e+35 3.38948e+35 0 0 4.64348e+42 80.9673 0 0
5.23299e+08 3.65623e-261 3.65623e-261 2.2631e+32 2.2631e+32 2.2631e+32 1.17571e+35 2.44258e+35 0 0 4.64348e+42 77.546 0 0
6.04296e+08 0 0 5.23212e+31 5.23212e+31 5.23212e+31 8.63309e+34 1.74163e+35 0 0 4.64348e+42 74.2693 0 0
6.97831e+08 0 0 1.42044e+31 1.42044e+31 1.42044e+31 6.44583e+34 1.26968e+35 0 0 4.64348e+42 71.1311 0 0
8.05842e+08 0 0 4.41996e+30 4.41996e+30 4.41996e+30 4.78728e+34 9.24271e+34 0 0 4.64348e+42 68.1255 0 0
9.30572e+08 0 0 1.54816e+30 1.54816e+30 1.54816e+30 3.53071e+34 6.71275e+34 0 0 4.64348e+42 65.2468 0 0
1.07461e+09 0 0 5.99183e+29 5.99183e+29 5.99183e+29 2.56859e+34 4.804e+34 0 0 4.64348e+42 65.482 0 0
1.24094e+09 0 0 2.56533e+29 2.56533e+29 2.56533e+29 1.91349e+34 3.5201e+34 0 0 4.64348e+42 68.8648 0 0
1.43301e+09 0 0 1.19028e+29 1.19028e+29 1.19028e+29 1.4279e+34 2.57201e+34 0 0 4.64348e+42 72.4223 0 0
1.65482e+09 0 0 5.91066e+28 5.91066e+28 5.91066e+28 1.06185e+34 1.87321e+34 0 0 4.64348e+42 76.1635 0 0
1.91095e+09 0 0 3.10004e+28 3.10004e+28 3.10004e+28 7.79574e+33 1.34079e+34 0 0 4.64348e+42 80.0981 0 0
2.20673e+09 0 0 1.72826e+28 1.72826e+28 1.72826e+28 5.84921e+33 9.84041e+33 0 0 4.64348e+42 84.2359 0 0
2.5483e+09 0 0 1.0063e+28 1.0063e+28 1.0063e+28 4.37514e+33 7.20016e+33 0 0 4.64348e+42 88.5874 0 0
2.94273e+09 0 0 6.07482e+27 6.07482e+27 6.07482e+27 3.25629e+33 5.24987e+33 0 0 4.64348e+42 93.1638 0 0
3.39821e+09 0 0 3.75668e+27 3.75668e+27 3.75668e+27 2.3782e+33 3.76114e+33 0 0 4.64348e+42 97.9765 0 0
3.92419e+09 0 0 2.41381e+27 2.41381e+27 2.41381e+27 1.77808e+33 2.75992e+33 0 0 4.64348e+42 103.038 0 0
4.53158e+09 0 0 1.58618e+27 1.58618e+27 1.58618e+27 1.32476e+33 2.01723e+33 0 0 4.64348e+42 108.361 0 0
5.23299e+09 0 0 1.0624e+27 1.0624e+27 1.0624e+27 9.83442e+32 1.46774e+33 0 0 4.64348e+42 113.959 0 0
6.04296e+09 0 0 7.16799e+26 7.16799e+26 7.16799e+26 7.14654e+32 1.04996e+33 0 0 4.64348e+42 119.846 0 0
6.97831e+09 0 0 4.97413e+26 4.97413e+26 4.97413e+26 5.33017e+32 7.68625e+32 0 0 4.64348e+42 126.037 0 0
8.05842e+09 0 0 3.49319e+26 3.49319e+26 3.49319e+26 3.96142e+32 5.60886e+32 0 0 4.64348e+42 132.548 0 0
9.30572e+09 0 0 2.47428e+26 2.47428e+26 2.47428e+26 2.92448e+32 4.07958e+32 0 0 4.64348e+42 139.395 0 0
1.07461e+10 0 0 1.75221e+26 1.75221e+26 1.75221e+26 2.11857e+32 2.92347e+32 0 0 4.64348e+42 156.404 0 0
1.24094e+10 0 0 1.26601e+26 1.26601e+26 1.26601e+26 1.56604e+32 2.14464e+32 0 0 4.64348e+42 187.229 0 0
1.43301e+10 0 0 9.18703e+25 9.18703e+25 9.18703e+25 1.14999e+32 1.56863e+32 0 0 4.64348e+42 224.128 0 0
1.65482e+10 0 0 6.70267e+25 6.70267e+25 6.70267e+25 8.41569e+31 1.14319e+32 0 0 4.64348e+42 268.301 0 0
1.91095e+10 0 0 4.85746e+25 4.85746e+25 4.85746e+25 6.03368e+31 8.17788e+31 0 0 4.64348e+42 321.179 0 0
2.20673e+10 0 0 3.59542e+25 3.59542e+25 3.59542e+25 4.4301e+31 5.9931e+31 0 0 4.64348e+42 384.478 34.7254 0
2.5483e+10 0 0 2.67081e+25 2.67081e+25 2.67081e+25 3.24012e+31 4.37437e+31 0 0 4.64348e+42 460.253 22.9578 0
2.94273e+10 0 0 1.99145e+25 1.99145e+25 1.99145e+25 2.36139e+31 3.17925e+31 0 0 4.64348e+42 550.962 15.5417 0
3.39821e+10 0 0 1.47035e+25 1.47035e+25 1.47035e+25 1.68509e+31 2.26293e+31 0 0 4.64348e+42 659.549 10.7604 0
3.92419e+10 0 0 1.11552e+25 1.11552e+25 1.11552e+25 1.23694e+31 1.65454e+31 0 0 4.64348e+42 789.536 7.61059 0
4.53158e+10 0 0 8.50233e+24 8.50233e+24 8.50233e+24 9.0541e+30 1.20574e+31 0 0 4.64348e+42 945.142 5.49245 0
5.23299e+10 0 0 6.51382e+24 6.51382e+24 6.51382e+24 6.61256e+30 8.75406e+30 0 0 4.64348e+42 1131.42 4.04008 0
6.04296e+10 0 0 4.94249e+24 4.94249e+24 4.94249e+24 4.73858e+30 6.2196e+30 0 0 4.64348e+42 1354.4 3.02568 0
6.97831e+10 0 0 3.86501e+24 3.86501e+24 3.86501e+24 3.49102e+30 4.54607e+30 0 0 4.64348e+42 1621.33 2.3047 0
8.05842e+10 0 0 3.03311e+24 3.03311e+24 3.03311e+24 2.56305e+30 3.31174e+30 0 0 4.64348e+42 1940.87 1.78376 0
9.30572e+10 0 0 2.38706e+24 2.38706e+24 2.38706e+24 1.87506e+30 2.40282e+30 0 0 4.64348e+42 2323.39 1.40144 0
1.07461e+11 0 0 1.85007e+24 1.85007e+24 1.85007e+24 1.3417e+30 1.70268e+30 0 0 4.64348e+42 2781.29 1.11671 0
1.24094e+11 0 0 1.47603e+24 1.47603e+24 1.47603e+24 9.85356e+29 1.24158e+30 0 0 4.64348e+42 3329.45 0.901709 0
1.43301e+11 0 0 1.1777e+24 1.1777e+24 1.1777e+24 7.20349e+29 9.01565e+29 0 0 4.64348e+42 3985.63 0.737233 0
1.65482e+11 0 0 9.38645e+23 9.38645e+23 9.38645e+23 5.23904e+29 6.51438e+29 0 0 4.64348e+42 4771.14 0.609868 0
1.91095e+11 0 0 7.33492e+23 7.33492e+23 7.33492e+23 3.7211e+29 4.58702e+29 0 0 4.64348e+42 5711.46 0.510106 0
2.20673e+11 0 0 5.90138e+23 5.90138e+23 5.90138e+23 2.7156e+29 3.32622e+29 0 0 4.64348e+42 6837.1 0.431129 0
2.5483e+11 0 0 4.73838e+23 4.73838e+23 4.73838e+23 1.97247e+29 2.40028e+29 0 0 4.64348e+42 8184.59 0.367983 0
2.94273e+11 0 0 3.79466e+23 3.79466e+23 3.79466e+23 1.42563e+29 1.7224e+29 0 0 4.64348e+42 9797.65 0.317029 0
3.39821e+11 0 0 2.97237e+23 2.97237e+23 2.97237e+23 1.0056e+29 1.20179e+29 0 0 4.64348e+42 0 0.275565 0
3.92419e+11 0 0 2.39834e+23 2.39834e+23 2.39834e+23 7.29672e+28 8.64591e+28 0 0 4.64348e+42 0 0.241562 0
4.53158e+11 0 0 1.92842e+23 1.92842e+23 1.92842e+23 5.26766e+28 6.18521e+28 0 0 4.64348e+42 0 0.213483 0
5.23299e+11 0 0 1.54429e+23 1.54429e+23 1.54429e+23 3.78204e+28 4.39628e+28 0 0 4.64348e+42 0 0.190154 0
6.04296e+11 0 0 1.20585e+23 1.20585e+23 1.20585e+23 2.64413e+28 3.02931e+28 0 0 4.64348e+42 0 0.170669 0
6.97831e+11 0 0 9.7063e+22 9.7063e+22 9.7063e+22 1.90381e+28 2.15581e+28 0 0 4.64348e+42 0 0.154323 0
8.05842e+11 0 0 7.77553e+22 7.77553e+22 7.77553e+22 1.36279e+28 1.52408e+28 0 0 4.64348e+42 0 0.140565 0
9.30572e+11 0 0 6.1956e+22 6.1956e+22 6.1956e+22 9.6939e+27 1.06929e+28 0 0 4.64348e+42 0 0.12896 0
1.07461e+12 0 0 4.79717e+22 4.79717e+22 4.79717e+22 6.69462e+27 7.24291e+27 0 0 4.64348e+42 0 0.119166 0
1.24094e+12 0 0 3.83404e+22 3.83404e+22 3.83404e+22 4.76895e+27 5.07911e+27 0 0 4.64348e+42 0 0.110908 0
1.43301e+12 0 0 3.04558e+22 3.04558e+22 3.04558e+22 3.37403e+27 3.53365e+27 0 0 4.64348e+42 0 0.103969 0
1.65482e+12 0 0 2.40296e+22 2.40296e+22 2.40296e+22 2.36947e+27 2.43604e+27 0 0 4.64348e+42 0 0.098177 0
1.91095e+12 0 0 1.8344e+22 1.8344e+22 1.8344e+22 1.609e+27 1.61192e+27 0 0 4.64348e+42 0 0.0933933 0
2.20673e+12 0 0 1.4484e+22 1.4484e+22 1.4484e+22 1.12952e+27 1.10815e+27 0 0 4.64348e+42 0 0.0895108 0
2.5483e+12 0 0 1.13482e+22 1.13482e+22 1.13482e+22 7.86442e+26 7.54508e+26 0 0 4.64348e+42 0 0.0864461 0
2.94273e+12 0 0 8.81628e+21 8.81628e+21 8.81628e+21 5.42723e+26 5.0802e+26 0 0 4.64348e+42 0 0.0841374 0
3.39821e+12 0 0 6.58699e+21 6.58699e+21 6.58699e+21 3.60059e+26 3.25555e+26 0 0 4.64348e+42 0 0.082541 0
3.92419e+12 0 0 5.106e+21 5.106e+21 5.106e+21 2.4777e+26 2.17926e+26 0 0 4.64348e+42 0 0.08163 0
4.53158e+12 0 0 3.91914e+21 3.91914e+21 3.91914e+21 1.68792e+26 1.44145e+26 0 0 4.64348e+42 0 0.0813928 0
5.23299e+12 0 0 2.97581e+21 2.97581e+21 2.97581e+21 1.13739e+26 9.40306e+25 0 0 4.64348e+42 0 0.0818329 0
6.04296e+12 0 0 2.15408e+21 2.15408e+21 2.15408e+21 7.30646e+25 5.76585e+25 0 0 4.64348e+42 0 0.0829683 0
6.97831e+12 0 0 1.62526e+21 1.62526e+21 1.62526e+21 4.89286e+25 3.72396e+25 0 0 4.64348e+42 0 0.0848322 0
8.05842e+12 0 0 1.21056e+21 1.21056e+21 1.21056e+21 3.23546e+25 2.36935e+25 0 0 4.64348e+42 0 0.0874729 0
9.30572e+12 0 0 8.89009e+20 8.89009e+20 8.89009e+20 2.11034e+25 1.48139e+25 0 0 4.64348e+42 0 0.0909553 0
1.07461e+13 0 0 6.14234e+20 6.14234e+20 6.14234e+20 1.29584e+25 8.54391e+24 0 0 4.64348e+42 0 0.0953611 0
1.24094e+13 0 0 4.45479e+20 4.45479e+20 4.45479e+20 8.35986e+24 5.25908e+24 0 0 4.64348e+42 0 0.10079 0
1.43301e+13 0 0 3.17525e+20 3.17525e+20 3.17525e+20 5.30651e+24 3.17626e+24 0 0 4.64348e+42 0 0.10736 0
1.65482e+13 0 0 2.2204e+20 2.2204e+20 2.2204e+20 3.30958e+24 1.87609e+24 0 0 4.64348e+42 0 0.115206 0
1.91095e+13 0 0 1.43103e+20 1.43103e+20 1.43103e+20 1.90598e+24 9.92771e+23 0 0 4.64348e+42 0 0.12448 0
2.20673e+13 0 0 9.78815e+19 9.78815e+19 9.78815e+19 1.16768e+24 5.72788e+23 0 0 4.64348e+42 0 0.135345 0
2.5483e+13 0 0 6.53491e+19 6.53491e+19 6.53491e+19 7.00265e+23 3.22607e+23 0 0 4.64348e+42 0 0.147968 0
2.94273e+13 0 0 4.24934e+19 4.24934e+19 4.24934e+19 4.10437e+23 1.76603e+23 0 0 4.64348e+42 0 0.162507 0
3.39821e+13 0 0 2.46316e+19 2.46316e+19 2.46316e+19 2.15332e+23 8.26522e+22 0 0 4.64348e+42 0 0.179093 0
3.92419e+13 0 0 1.54322e+19 1.54322e+19 1.54322e+19 1.22697e+23 4.37071e+22 0 0 4.64348e+42 0 0.197804 0
4.53158e+13 0 0 9.34124e+18 9.34124e+18 9.34124e+18 6.79248e+22 2.24202e+22 0 0 4.64348e+42 0 0.218621 0
5.23299e+13 0 0 5.45072e+18 5.45072e+18 5.45072e+18 3.64803e+22 1.10919e+22 0 0 4.64348e+42 0 0.241387 0
6.04296e+13 0 0 2.6848e+18 2.6848e+18 2.6848e+18 1.66567e+22 4.34289e+21 0 0 4.64348e+42 0 0.265741 0
6.97831e+13 0 0 1.47658e+18 1.47658e+18 1.47658e+18 8.55869e+21 2.04096e+21 0 0 4.64348e+42 0 0.291055 0
8.05842e+13 0 0 7.73351e+17 7.73351e+17 7.73351e+17 4.22343e+21 9.23509e+20 0 0 4.64348e+42 0 0.316368 0
9.30572e+13 0 0 3.85391e+17 3.85391e+17 3.85391e+17 2.00076e+21 3.99391e+20 0 0 4.64348e+42 0 0.340344 0
1.07461e+14 0 0 1.48345e+17 1.48345e+17 1.48345e+17 7.38863e+20 1.19697e+20 0 0 4.64348e+42 0 0 0
1.24094e+14 0 0 6.77122e+16 6.77122e+16 6.77122e+16 3.2658e+20 4.77761e+19 0 0 4.64348e+42 0 0 0
1.43301e+14 0 0 2.88379e+16 2.88379e+16 2.88379e+16 1.35924e+20 1.82131e+19 0 0 4.64348e+42 0 0 0
1.65482e+14 0 0 1.14784e+16 1.14784e+16 1.14784e+16 5.33408e+19 6.59164e+18 0 0 4.64348e+42 0 0 0
1.91095e+14 0 0 3.07164e+15 3.07164e+15 3.07164e+15 1.41905e+19 1.29551e+18 0 0 4.64348e+42 0 0 0
2.20673e+14 0 0 1.08249e+15 1.08249e+15 1.08249e+15 5.00985e+18 4.06898e+17 0 0 4.64348e+42 0 0 0
2.5483e+14 1.29462e-279 1.2966e-279 3.43793e+14 3.43793e+14 3.43793e+14 1.60494e+18 1.20726e+17 0 0 4.64348e+42 0 0 0
2.94273e+14 2.33394e-247 2.33993e-247 9.7801e+13 9.7801e+13 9.7801e+13 4.63316e+17 3.43134e+16 0 0 4.64348e+42 0 0 0
3.39821e+14 2.4532e-219 2.46302e-219 1.54065e+13 1.54065e+13 1.54065e+13 7.445e+16 3.45325e+15 0 0 4.64348e+42 0 0 0
3.92419e+14 1.24715e-194 1.25444e-194 3.74482e+12 3.74482e+12 3.74482e+12 1.85408e+16 7.43972e+14 0 0 4.64348e+42 0 0 0
4.53158e+14 4.41501e-173 4.45059e-173 7.71904e+11 7.71904e+11 7.71904e+11 3.92944e+15 1.45626e+14 0 0 4.64348e+42 0 0 0
5.23299e+14 2.40538e-154 2.43079e-154 1.27481e+11 1.27481e+11 1.27481e+11 6.69079e+14 2.78816e+13 0 0 4.64348e+42 0 0 0
6.04296e+14 2.24869e-138 2.27847e-138 8.88699e+09 8.88699e+09 8.88699e+09 4.81998e+13 1.09645e+12 0 0 4.64348e+42 0 0 0
6.97831e+14 3.1925e-124 3.24351e-124 1.19495e+09 1.19495e+09 1.19495e+09 6.70739e+12 1.27574e+11 0 0 4.64348e+42 0 0 0
8.05842e+14 4.88689e-112 4.97796e-112 1.22849e+08 1.22849e+08 1.22849e+08 7.14411e+11 1.19377e+10 0 0 4.64348e+42 0 0 0
9.30572e+14 1.20551e-101 1.23094e-101 8.6359e+06 8.6359e+06 8.6359e+06 5.20629e+10 1.05037e+09 0 0 4.64348e+42 0 0 0
1.07461e+15 2.74944e-93 2.81343e-93 151479 151479 151479 9.4691e+08 1.13491e+07 0 0 4.64348e+42 0 0 0
1.24094e+15 9.80358e-86 1.00495e-85 7526.05 7526.05 7526.05 4.87835e+07 473557 0 0 4.64348e+42 0 0 0
1.43301e+15 1.6698e-79 1.71404e-79 227.848 227.848 227.848 1.53092e+06 12528 0 0 4.64348e+42 0 0 0
1.65482e+15 1.72985e-74 1.77741e-74 3.92993 3.92993 3.92993 27357.7 228.852 0 0 4.64348e+42 0 0 0
1.91095e+15 2.80974e-71 2.88861e-71 0.00758583 0.00758583 0.00758583 54.6763 0.371471 0 0 4.64348e+42 0 0 0
2.20673e+15 3.23166e-68 3.323e-68 5.82709e-05 5.82709e-05 5.82709e-05 0.434508 0.00266215 0 0 4.64348e+42 0 0 0
2.5483e+15 2.97154e-66 3.05503e-66 1.62964e-07 1.62964e-07 1.62964e-07 0.00125605 7.3877e-06 0 0 4.64348e+42 0 0 0
2.94273e+15 2.61959e-65 2.69195e-65 1.6539e-10 1.6539e-10 1.6539e-10 1.31628e-06 7.67369e-09 0 0 4.64348e+42 0 0 0
3.39821e+15 4.19706e-66 4.30992e-66 9.81448e-15 9.81448e-15 9.81448e-15 8.05657e-11 4.64236e-13 0 0 4.64348e+42 0 0 0
3.92419e+15 6.41041e-67 6.5767e-67 1.54835e-18 1.54835e-18 1.54835e-18 1.30937e-14 7.52163e-17 0 0 4.64348e+42 0 0 0
4.53158e+15 7.31103e-69 7.49255e-69 4.48644e-23 4.48644e-23 4.48644e-23 3.90326e-19 2.24105e-21 0 0 4.64348e+42 0 0 0
5.23299e+15 6.61423e-72 6.77028e-72 2.27146e-28 2.27146e-28 2.27146e-28 2.03021e-24 1.16547e-26 0 0 4.64348e+42 0 0 0
6.04296e+15 7.60594e-77 7.77539e-77 2.92246e-35 2.92246e-35 2.92246e-35 2.67942e-31 1.53811e-33 0 0 4.64348e+42 0 0 0
6.97831e+15 4.90231e-82 5.00486e-82 3.86963e-42 3.86963e-42 3.86963e-42 3.63363e-38 2.08597e-40 0 0 4.64348e+42 0 0 0
8.05842e+15 1.13452e-88 1.15669e-88 3.13467e-50 3.13467e-50 3.13467e-50 3.01004e-46 1.7279e-48 0 0 4.64348e+42 0 0 0
9.30572e+15 8.09035e-97 8.23733e-97 1.24852e-59 1.24852e-59 1.24852e-59 1.22424e-55 7.02789e-58 0 0 4.64348e+42 0 0 0
1.07461e+16 2.252e-107 2.28988e-107 2.92393e-71 2.92393e-71 2.92393e-71 2.92416e-67 1.67869e-69 0 0 4.64348e+42 0 0 0
1.24094e+16 8.30235e-119 8.43117e-119 1.29878e-83 1.29878e-83 1.29878e-83 1.32359e-79 7.59822e-82 0 0 4.64348e+42 0 0 0
1.43301e+16 1.93881e-132 1.96647e-132 5.00614e-98 5.00614e-98 5.00614e-98 5.19655e-94 2.98256e-96 0 0 4.64348e+42 0 0 0
1.65482e+16 1.7704e-148 1.79355e-148 9.94188e-115 9.94188e-115 9.94188e-115 1.05129e-110 6.03474e-113 0 0 4.64348e+42 0 0 0
1.91095e+16 5.5199e-168 5.58587e-168 8.58467e-135 8.58467e-135 8.58467e-135 9.2537e-131 5.31199e-133 0 0 4.64348e+42 0 0 0
2.20673e+16 1.3043e-189 1.31851e-189 6.94269e-157 6.94269e-157 6.94269e-157 7.63838e-153 4.38475e-155 0 0 4.64348e+42 0 0 0
2.5483e+16 6.88969e-215 6.95796e-215 1.51101e-182 1.51101e-182 1.51101e-182 1.69974e-178 9.75812e-181 0 0 4.64348e+42 0 0 0
2.94273e+16 2.89068e-244 2.91669e-244 3.07286e-212 3.07286e-212 3.07286e-212 3.54178e-208 2.03312e-210 0 0 4.64348e+42 0 0 0
3.39821e+16 4.46026e-279 4.4966e-279 2.64954e-247 2.64954e-247 2.64954e-247 3.13636e-243 1.80039e-245 0 0 4.64348e+42 0 0 0
3.92419e+16 0 0 0 0 0 0 0 0 0 4.64348e+42 0 0 0
4.53158e+16 0 0 0 0 0 0 0 0 0 4.64348e+42 0 0 0
5.23299e+16 0 0 0 0 0 0 0 0 0 4.64348e+42 0 0 0
6.04296e+16 0 0 0 0 0 0 0 0 0 4.64348e+42 0 0 0
6.97831e+16 0 0 0 0 0 0 0 0 0 4.64348e+42 0 0 0
8.05842e+16 0 0 0 0 0 0 0 0 0 4.64348e+42 0 0 0
9.30572e+16 0 0 0 0 0 0 0 0 0 4.64348e+42 0 0 0