
1.07461e-07 0 0 9.86382e-178 8.52992e+50 6.45481e+59 0 0 2.60505e+43 0 4.64348e+42 0 0 0
1.24094e-07 0 0 3.96885e-147 9.63581e+50 5.73678e+59 0 0 3.00827e+43 0 4.64348e+42 0 0 0
1.43301e-07 0 0 1.28004e-120 1.08588e+51 5.08619e+59 0 0 3.47389e+43 0 4.64348e+42 0 0 0
1.65482e-07 0 0 1.17083e-97 1.22048e+51 4.49729e+59 0 0 4.01159e+43 0 4.64348e+42 0 0 0
1.91095e-07 0 0 9.07155e-78 1.36779e+51 3.96486e+59 0 0 4.63251e+43 0 4.64348e+42 0 0 0
2.20673e-07 0 0 1.53558e-60 1.52806e+51 3.48424e+59 0 0 5.34954e+43 0 4.64348e+42 0 0 0
2.5483e-07 0 0 1.28998e-45 1.70128e+51 3.05119e+59 0 0 6.17755e+43 0 4.64348e+42 0 0 0
2.94273e-07 0 0 1.09435e-32 1.88718e+51 2.66191e+59 0 0 7.13373e+43 0 4.64348e+42 0 0 0
3.39821e-07 0 0 1.73449e-21 2.0852e+51 2.31294e+59 0 0 8.2379e+43 0 4.64348e+42 0 0 0
3.92419e-07 0 0 8.74977e-12 2.29448e+51 2.00118e+59 0 0 9.51298e+43 0 4.64348e+42 0 0 0
4.53158e-07 0 0 0.00222845 2.51396e+51 1.72378e+59 0 0 1.09854e+44 0 4.64348e+42 0 0 0
5.23299e-07 0 0 42729.9 2.74249e+51 1.47815e+59 0 0 1.26858e+44 0 4.64348e+42 0 0 0
6.04296e-07 0 0 8.72017e+10 2.97903e+51 1.26187e+59 0 0 1.46493e+44 0 4.64348e+42 0 0 0
6.97831e-07 0 0 2.55654e+16 3.223e+51 1.07268e+59 0 0 1.69167e+44 0 4.64348e+42 0 0 0
8.05842e-07 0 0 1.3965e+21 3.47469e+51 9.08413e+58 0 0 1.95351e+44 0 4.64348e+42 0 0 0
9.30572e-07 0 0 1.78091e+25 3.7358e+51 7.66988e+58 0 0 2.25588e+44 0 4.64348e+42 0 0 0
1.07461e-06 0 0 6.44849e+28 4.01004e+51 6.46336e+58 0 0 2.60505e+44 0 4.64348e+42 0 0 0
1.24094e-06 0 0 7.85806e+31 4.30366e+51 5.44397e+58 0 0 3.00827e+44 0 4.64348e+42 0 0 0
1.43301e-06 0 0 3.73546e+34 4.62594e+51 4.59102e+58 0 0 3.47389e+44 0 4.64348e+42 0 0 0
1.65482e-06 0 0 7.87472e+36 4.98929e+51 3.88376e+58 0 0 4.01159e+44 0 4.64348e+42 0 0 0
1.91095e-06 0 0 8.22778e+38 5.409e+51 3.30161e+58 0 0 4.63251e+44 0 4.64348e+42 0 0 0
2.20673e-06 0 0 4.69075e+40 5.9024e+51 2.82453e+58 0 0 5.34954e+44 0 4.64348e+42 0 0 0
2.5483e-06 0 0 1.58514e+42 6.48764e+51 2.43358e+58 0 0 6.17755e+44 0 4.64348e+42 0 0 0
2.94273e-06 0 0 3.40869e+43 7.18213e+51 2.11152e+58 0 0 7.13373e+44 0 4.64348e+42 0 0 0
3.39821e-06 0 0 4.95636e+44 8.00129e+51 1.84341e+58 0 0 8.2379e+44 0 4.64348e+42 0 0 0
3.92419e-06 0 0 5.13263e+45 8.95795e+51 1.6169e+58 0 0 9.51298e+44 0 4.64348e+42 0 0 0
4.53158e-06 0 0 3.9581e+46 1.00629e+52 1.42244e+58 0 0 1.09854e+45 0 4.64348e+42 0 0 0
5.23299e-06 0 0 2.36239e+47 1.13264e+52 1.25304e+58 0 0 1.26858e+45 0 4.64348e+42 0 0 0
6.04296e-06 0 0 1.12857e+48 1.2761e+52 1.10387e+58 0 0 1.46493e+45 0 4.64348e+42 0 0 0
6.97831e-06 0 0 4.4442e+48 1.43831e+52 9.71685e+57 0 0 1.69167e+45 0 4.64348e+42 0 0 0
8.05842e-06 0 0 1.48033e+49 1.6216e+52 8.54272e+57 0 0 1.95351e+45 0 4.64348e+42 0 0 0
9.30572e-06 0 0 4.26624e+49 1.82902e+52 7.50027e+57 0 0 2.25588e+45 0 4.64348e+42 0 0 0
1.07461e-05 0 0 1.08502e+50 2.06447e+52 6.57651e+57 0 0 2.60505e+45 0 4.64348e+42 0 0 0
1.24094e-05 0 0 2.47751e+50 2.33274e+52 5.75997e+57 0 0 3.00827e+45 0 4.64348e+42 0 0 0
1.43301e-05 0 0 5.1553e+50 2.63961e+52 5.04002e+57 0 0 3.47389e+45 0 4.64348e+42 0 0 0
1.65482e-05 0 0 9.90292e+50 2.99188e+52 4.40665e+57 0 0 4.01159e+45 0 4.64348e+42 0 0 0
1.91095e-05 0 0 1.77573e+51 3.39751e+52 3.8504e+57 0 0 4.63251e+45 0 4.64348e+42 0 0 0
2.20673e-05 0 0 3.00091e+51 3.86573e+52 3.36247e+57 0 0 5.34954e+45 0 4.64348e+42 0 0 0
2.5483e-05 0 0 4.81912e+51 4.40727e+52 2.93476e+57 0 0 6.17755e+45 0 4.64348e+42 0 0 0
2.94273e-05 0 0 7.40642e+51 5.03471e+52 2.55993e+57 0 0 7.13372e+45 0 4.64348e+42 0 0 0
3.39821e-05 0 0 1.0961e+52 5.76303e+52 2.23144e+57 0 0 8.23789e+45 0 4.64348e+42 0 0 0
3.92419e-05 0 0 1.57048e+52 6.61026e+52 1.94356e+57 0 0 9.51296e+45 0 4.64348e+42 0 0 0
4.53158e-05 0 0 2.18869e+52 7.59815e+52 1.6913e+57 0 0 1.09854e+46 0 4.64348e+42 0 0 0
5.23299e-05 0 0 2.97903e+52 8.75284e+52 1.47033e+57 0 0 1.26857e+46 0 4.64348e+42 0 0 0
6.04296e-05 0 0 3.97392e+52 1.01054e+53 1.27687e+57 0 0 1.46492e+46 0 4.64348e+42 0 0 0
6.97831e-05 0 0 5.21082e+52 1.16926e+53 1.1076e+57 0 0 1.69167e+46 0 4.64348e+42 0 0 0
8.05842e-05 0 0 6.73338e+52 1.35579e+53 9.59604e+56 0 0 1.95351e+46 0 4.64348e+42 0 0 0
9.30572e-05 0 0 8.59287e+52 1.57527e+53 8.30309e+56 0 0 2.25587e+46 0 4.64348e+42 0 0 0
0.000107461 0 0 1.085e+53 1.83387e+53 7.17448e+56 0 0 2.60504e+46 0 4.64348e+42 0 0 0
0.000124094 0 0 1.35772e+53 2.13893e+53 6.19024e+56 0 0 3.00825e+46 0 4.64348e+42 0 0 0
0.000143301 0 0 1.68605e+53 2.49919e+53 5.33278e+56 0 0 3.47387e+46 0 4.64348e+42 0 0 0
0.000165482 0 0 2.08026e+53 2.92506e+53 4.58662e+56 0 0 4.01156e+46 0 4.64348e+42 0 0 0
0.000191095 0 0 2.55257e+53 3.42891e+53 3.93811e+56 0 0 4.63247e+46 0 4.64348e+42 0 0 0
0.000220673 0 0 3.11757e+53 4.02545e+53 3.37521e+56 0 0 5.34948e+46 0 4.64348e+42 0 0 0
0.00025483 0 0 3.79267e+53 4.73222e+53 2.88732e+56 0 0 6.17747e+46 0 4.64348e+42 0 0 0
0.000294273 0 0 4.59862e+53 5.57011e+53 2.46509e+56 0 0 7.13362e+46 0 4.64348e+42 0 0 0
0.000339821 0 0 5.56018e+53 6.564e+53 2.10028e+56 0 0 8.23776e+46 0 4.64348e+42 0 0 0
0.000392419 0 0 6.70693e+53 7.74359e+53 1.78563e+56 0 0 9.51279e+46 0 4.64348e+42 0 0 0
0.000453158 0 0 8.07418e+53 9.14431e+53 1.51475e+56 0 0 1.09852e+47 0 4.64348e+42 0 0 0
0.000523299 0 0 9.70417e+53 1.08085e+54 1.282e+56 0 0 1.26854e+47 0 4.64348e+42 0 0 0
0.000604296 0 0 1.16474e+54 1.27868e+54 1.08243e+56 0 0 1.46488e+47 0 4.64348e+42 0 0 0
0.000697831 0 0 1.39644e+54 1.51399e+54 9.11688e+55 0 0 1.69161e+47 0 4.64348e+42 0 0 0
0.000805842 0 0 1.67277e+54 1.79404e+54 7.65935e+55 0 0 1.95343e+47 0 4.64348e+42 0 0 0
0.000930572 0 0 2.00245e+54 2.12757e+54 6.41814e+55 0 0 2.25578e+47 0 4.64348e+42 0 0 0
0.00107461 0 0 2.39597e+54 2.52508e+54 5.36378e+55 0 0 2.60491e+47 0 4.64348e+42 0 0 0
0.00124094 0 0 2.86595e+54 2.99921e+54 4.47047e+55 0 0 3.00808e+47 0 4.64348e+42 0 0 0
0.00143301 0 0 3.42751e+54 3.5651e+54 3.71563e+55 0 0 3.47364e+47 0 4.64348e+42 0 0 0
0.00165482 0 0 4.09649e+54 4.23852e+54 3.07958e+55 0 0 4.01125e+47 0 4.64348e+42 0 0 0
0.00191095 0 0 4.87173e+54 5.01766e+54 2.54516e+55 0 0 4.63206e+47 0 4.64348e+42 0 0 0
0.00220673 0 0 5.68709e+54 5.83431e+54 2.09744e+55 0 0 5.34894e+47 0 4.64348e+42 0 0 0
0.0025483 0 0 6.38581e+54 6.52872e+54 1.72348e+55 0 0 6.17675e+47 0 4.64348e+42 0 0 0
0.00294273 0 0 6.79039e+54 6.92179e+54 1.4121e+55 0 0 7.13265e+47 0 4.64348e+42 0 0 0
0.00339821 0 0 6.80898e+54 6.92293e+54 1.15362e+55 0 0 8.23647e+47 0 4.64348e+42 0 0 0
0.00392419 0 0 6.47003e+54 6.56369e+54 9.39729e+54 0 0 9.51107e+47 0 4.64348e+42 0 0 0
0.00453158 0 0 5.87911e+54 5.95274e+54 7.633e+54 0 0 1.09829e+48 0 4.64348e+42 0 0 0
0.00523299 0 0 5.15797e+54 5.21387e+54 6.18233e+54 0 0 1.26824e+48 0 4.64348e+42 0 0 0
0.00604296 0 0 4.40629e+54 4.4476e+54 4.99331e+54 0 0 1.46448e+48 0 4.64348e+42 0 0 0
0.00697831 0 0 3.68991e+54 3.71985e+54 4.02184e+54 0 0 1.69107e+48 0 4.64348e+42 0 0 0
0.00805842 0 0 3.04453e+54 3.06591e+54 3.2306e+54 0 0 1.95271e+48 0 4.64348e+42 0 0 0
0.00930572 0 0 2.48431e+54 2.49942e+54 2.58815e+54 0 0 2.25481e+48 0 4.64348e+42 0 0 0
0.0107461 0 0 2.01019e+54 2.02077e+54 2.0681e+54 0 0 2.60362e+48 0 4.64348e+42 0 0 0
0.0124094 0 0 1.616e+54 1.62336e+54 1.64837e+54 0 0 3.00636e+48 0 4.64348e+42 0 0 0
0.0143301 0 0 1.2924e+54 1.2975e+54 1.31062e+54 0 0 3.47135e+48 0 4.64348e+42 0 0 0
0.0165482 0 0 1.02924e+54 1.03275e+54 1.03959e+54 0 0 4.0082e+48 0 4.64348e+42 0 0 0
0.0191095 0 0 8.16749e+53 8.19164e+53 8.22698e+53 0 0 4.62798e+48 0 4.64348e+42 0 0 0
0.0220673 0 0 6.46129e+53 6.47783e+53 6.496e+53 0 0 5.3435e+48 0 4.64348e+42 0 0 0
0.025483 0 0 5.09748e+53 5.10877e+53 5.11806e+53 0 0 6.1695e+48 0 4.64348e+42 0 0 0
0.0294273 0 0 4.01147e+53 4.01916e+53 4.02389e+53 0 0 7.12299e+48 0 4.64348e+42 0 0 0
0.0339821 0 0 3.14951e+53 3.15474e+53 3.15713e+53 0 0 8.22359e+48 0 4.64348e+42 0 0 0
0.0392419 0 0 2.46735e+53 2.4709e+53 2.4721e+53 0 0 9.49389e+48 0 4.64348e+42 0 0 0
0.0453158 0 0 1.92892e+53 1.93132e+53 1.93192e+53 0 0 1.096e+49 0 4.64348e+42 0 0 0
0.0523299 0 0 1.50495e+53 1.50658e+53 1.50688e+53 0 0 1.26518e+49 0 4.64348e+42 0 0 0
0.0604296 3.49186e-260 3.49186e-260 1.17189e+53 1.17298e+53 1.17313e+53 0 0 1.4604e+49 2.50201e-262 4.64348e+42 0 0 0
0.0697831 1.17997e-178 1.17997e-178 9.108e+52 9.11537e+52 9.11611e+52 0 0 1.68564e+49 9.42031e-181 4.64348e+42 0 0 0
0.0805842 1.94329e-118 1.94329e-118 7.06561e+52 7.07055e+52 7.07092e+52 0 0 1.94547e+49 1.73183e-120 4.64348e+42 0 0 0
0.0930572 5.67805e-74 5.67805e-74 5.47114e+52 5.47445e+52 5.47463e+52 0 0 2.24516e+49 5.65899e-76 4.64348e+42 0 0 0
0.107461 3.79438e-41 3.79438e-41 4.2288e+52 4.23102e+52 4.23111e+52 0 0 2.59076e+49 4.23682e-43 4.64348e+42 0 0 0
0.124094 6.328e-17 6.328e-17 3.2627e+52 3.26418e+52 3.26422e+52 0 0 2.98921e+49 7.93057e-19 4.64348e+42 0 0 0
0.143301 46.3284 46.3284 2.51284e+52 2.51383e+52 2.51385e+52 0 0 3.44849e+49 0.652825 4.64348e+42 0 0 0
0.165482 6.7967e+14 6.7967e+14 1.93191e+52 1.93257e+52 1.93258e+52 0 0 3.97772e+49 1.07876e+13 4.64348e+42 0 0 0
0.191095 3.36526e+24 3.36526e+24 1.4827e+52 1.48314e+52 1.48315e+52 0 0 4.58737e+49 6.02664e+22 4.64348e+42 0 0 0
0.220673 4.53277e+31 4.53277e+31 1.136e+52 1.13629e+52 1.13629e+52 0 0 5.28937e+49 9.17479e+29 4.64348e+42 0 0 0
0.25483 7.76507e+36 7.76507e+36 8.68899e+51 8.69091e+51 8.69093e+51 0 0 6.09737e+49 1.77944e+35 4.64348e+42 0 0 0
0.294273 5.28871e+40 5.28871e+40 6.63506e+51 6.63633e+51 6.63634e+51 0 0 7.02687e+49 1.37439e+39 4.64348e+42 0 0 0
0.339821 3.32474e+43 3.32474e+43 5.05854e+51 5.05938e+51 5.05939e+51 0 0 8.09551e+49 9.81374e+41 4.64348e+42 0 0 0
0.392419 3.59469e+45 3.59469e+45 3.85066e+51 3.85121e+51 3.85121e+51 0 0 9.32327e+49 1.20705e+44 4.64348e+42 0 0 0
0.453158 1.05874e+47 1.05874e+47 2.92687e+51 2.92723e+51 2.92723e+51 0 0 1.07327e+50 4.05024e+45 4.64348e+42 0 0 0
0.523299 1.1932e+48 1.1932e+48 2.22159e+51 2.22183e+51 2.22183e+51 0 0 1.23492e+50 5.20763e+46 4.64348e+42 0 0 0
0.604296 6.61419e+48 6.61419e+48 1.68407e+51 1.68423e+51 1.68423e+51 0 0 1.42011e+50 3.29765e+47 4.64348e+42 0 0 0
0.697831 2.17093e+49 2.17093e+49 1.27507e+51 1.27517e+51 1.27517e+51 0 0 1.632e+50 1.23793e+48 4.64348e+42 0 0 0
0.805842 4.83889e+49 4.83889e+49 9.64352e+50 9.6442e+50 9.6442e+50 0 0 1.87408e+50 3.15927e+48 4.64348e+42 0 0 0
0.930572 8.10512e+49 8.10512e+49 7.28654e+50 7.28699e+50 7.28699e+50 0 0 2.15019e+50 6.06466e+48 4.64348e+42 0 0 0
1.07461 1.09947e+50 1.09947e+50 5.50109e+50 5.50138e+50 5.50138e+50 0 0 2.46446e+50 9.43613e+48 4.64348e+42 0 0 0
1.24094 1.27652e+50 1.27652e+50 4.15029e+50 4.15048e+50 4.15048e+50 0 0 2.82132e+50 1.25747e+49 4.64348e+42 0 0 0
1.43301 1.3214e+50 1.3214e+50 3.12948e+50 3.1296e+50 3.1296e+50 0 0 3.22543e+50 1.49487e+49 4.64348e+42 0 0 0
1.65482 1.25696e+50 1.25696e+50 2.35881e+50 2.35889e+50 2.35889e+50 0 0 3.68154e+50 1.63364e+49 4.64348e+42 0 0 0
1.91095 1.12351e+50 1.12351e+50 1.77747e+50 1.77753e+50 1.77753e+50 0 0 4.19436e+50 1.67798e+49 4.64348e+42 0 0 0
2.20673 9.59328e+49 9.59328e+49 1.33926e+50 1.33929e+50 1.33929e+50 0 0 4.76829e+50 1.64664e+49 4.64348e+42 0 0 0
2.5483 7.92117e+49 7.92117e+49 1.0091e+50 1.00912e+50 1.00912e+50 0 0 5.40712e+50 1.56254e+49 4.64348e+42 0 0 0
2.94273 6.38207e+49 6.38207e+49 7.60449e+49 7.60463e+49 7.60463e+49 0 0 6.11354e+50 1.44659e+49 4.64348e+42 0 0 0
3.39821 5.05105e+49 5.05105e+49 5.73223e+49 5.73233e+49 5.73233e+49 0 0 6.88852e+50 1.31518e+49 4.64348e+42 0 0 0
3.92419 3.94636e+49 3.94636e+49 4.3226e+49 4.32266e+49 4.32266e+49 0 0 7.73057e+50 1.17991e+49 4.64348e+42 0 0 0
4.53158 3.05487e+49 3.05487e+49 3.26121e+49 3.26125e+49 3.26125e+49 0 0 8.63467e+50 1.04828e+49 4.64348e+42 0 0 0
5.23299 2.34934e+49 2.34934e+49 2.46188e+49 2.46191e+49 2.46191e+49 0 0 9.59111e+50 9.24704e+48 4.64348e+42 0 0 0
6.04296 1.79857e+49 1.79857e+49 1.85972e+49 1.85973e+49 1.85973e+49 0 0 1.0584e+51 8.11445e+48 4.64348e+42 0 0 0
6.97831 1.37273e+49 1.37273e+49 1.40589e+49 1.4059e+49 1.4059e+49 0 0 1.15899e+51 7.09345e+48 4.64348e+42 0 0 0
8.05842 1.04566e+49 1.04566e+49 1.06368e+49 1.06368e+49 1.06368e+49 0 0 1.25757e+51 6.18366e+48 4.64348e+42 0 0 0
9.30572 7.95622e+48 7.95622e+48 8.05469e+48 8.05474e+48 8.05474e+48 0 0 1.3498e+51 5.3796e+48 4.64348e+42 0 0 0
10.7461 6.05047e+48 6.05047e+48 6.10506e+48 6.1051e+48 6.1051e+48 0 0 1.43017e+51 4.67314e+48 4.64348e+42 0 0 0
12.4094 4.6008e+48 4.6008e+48 4.63184e+48 4.63186e+48 4.63186e+48 0 0 1.49211e+51 4.05504e+48 4.64348e+42 0 0 0
14.3301 3.49931e+48 3.49931e+48 3.51767e+48 3.51769e+48 3.51769e+48 0 0 1.52821e+51 3.51587e+48 4.64348e+42 0 0 0
16.5482 2.66281e+48 2.66281e+48 2.6743e+48 2.67431e+48 2.67431e+48 0 0 1.53087e+51 3.04657e+48 4.64348e+42 0 0 0
19.1095 2.02761e+48 2.02761e+48 2.03529e+48 2.0353e+48 2.0353e+48 0 0 1.49319e+51 2.63871e+48 4.64348e+42 0 0 0
22.0673 1.54514e+48 1.54514e+48 1.55066e+48 1.55066e+48 1.55066e+48 0 0 1.4105e+51 2.28464e+48 4.64348e+42 0 0 0
25.483 1.17849e+48 1.17849e+48 1.18272e+48 1.18272e+48 1.18272e+48 0 0 1.28198e+51 1.9775e+48 4.64348e+42 0 0 0
29.4273 8.9966e+47 8.9966e+47 9.03064e+47 9.03066e+47 9.03066e+47 0 0 1.11244e+51 1.71123e+48 4.64348e+42 0 0 0
33.9821 6.87437e+47 6.87437e+47 6.90279e+47 6.90281e+47 6.90281e+47 0 0 9.1321e+50 1.48046e+48 4.64348e+42 0 0 0
39.2419 5.25756e+47 5.25756e+47 5.28186e+47 5.28186e+47 5.28186e+47 0 0 7.01634e+50 1.28053e+48 4.64348e+42 0 0 0
45.3158 4.02454e+47 4.02454e+47 4.04562e+47 4.04563e+47 4.04563e+47 0 0 4.98333e+50 1.10733e+48 4.64348e+42 0 0 0
52.3299 3.08324e+47 3.08324e+47 3.1017e+47 3.1017e+47 3.1017e+47 0 0 3.22595e+50 9.57317e+47 4.64348e+42 0 0 0
60.4296 2.36392e+47 2.36392e+47 2.38017e+47 2.38017e+47 2.38017e+47 0 0 1.8731e+50 8.27396e+47 4.64348e+42 0 0 0
69.7831 1.81371e+47 1.81371e+47 1.82807e+47 1.82807e+47 1.82807e+47 0 0 9.57992e+49 7.14883e+47 4.64348e+42 0 0 0
80.5842 1.39249e+47 1.39249e+47 1.4052e+47 1.4052e+47 1.4052e+47 0 0 4.22814e+49 6.17449e+47 4.64348e+42 0 0 0
93.0572 1.06975e+47 1.06975e+47 1.08103e+47 1.08103e+47 1.08103e+47 0 0 1.57323e+49 5.33077e+47 4.64348e+42 0 0 0
107.461 8.22292e+46 8.22292e+46 8.32305e+46 8.32306e+46 8.32306e+46 0 0 4.8051e+48 4.60019e+47 4.64348e+42 0 0 0
124.094 6.32416e+46 6.32416e+46 6.41314e+46 6.41314e+46 6.41314e+46 0 0 1.16831e+48 3.96759e+47 4.64348e+42 0 0 0
143.301 4.86628e+46 4.86628e+46 4.94542e+46 4.94542e+46 4.94542e+46 0 0 2.18281e+47 3.41986e+47 4.64348e+42 0 0 0
165.482 3.74625e+46 3.74625e+46 3.81668e+46 3.81669e+46 3.81669e+46 0 0 3.00858e+46 2.94564e+47 4.64348e+42 0 0 0
191.095 2.8853e+46 2.8853e+46 2.94803e+46 2.94803e+46 2.94803e+46 0 0 2.9184e+45 2.53509e+47 4.64348e+42 0 0 0
220.673 2.22317e+46 2.22317e+46 2.27907e+46 2.27907e+46 2.27907e+46 0 0 1.88692e+44 2.1797e+47 4.64348e+42 0 0 0
254.83 1.71367e+46 1.71367e+46 1.76354e+46 1.76354e+46 1.76354e+46 0 0 7.63689e+42 1.87208e+47 4.64348e+42 0 0 0
294.273 1.32143e+46 1.32143e+46 1.36593e+46 1.36593e+46 1.36593e+46 0 0 1.79948e+41 1.60586e+47 4.64348e+42 0 0 0
339.821 1.01929e+46 1.01929e+46 1.05903e+46 1.05903e+46 1.05903e+46 0 0 2.27028e+39 1.37551e+47 4.64348e+42 0 0 0
392.419 7.86412e+45 7.86412e+45 8.21923e+45 8.21923e+45 8.21923e+45 0 0 1.39227e+37 1.17625e+47 4.64348e+42 0 0 0
453.158 6.06799e+45 6.06799e+45 6.3855e+45 6.38551e+45 6.38551e+45 0 0 3.71182e+34 1.00393e+47 4.64348e+42 0 0 0
523.299 4.68177e+45 4.68177e+45 4.96579e+45 4.96579e+45 4.96579e+45 0 0 3.78157e+31 8.54985e+46 4.64348e+42 0 0 0
604.296 3.61117e+45 3.61117e+45 3.86532e+45 3.86532e+45 3.86532e+45 0 0 1.26857e+28 7.2631e+46 4.64348e+42 0 0 0
697.831 2.78378e+45 2.78378e+45 3.01124e+45 3.01124e+45 3.01124e+45 0 0 1.17989e+24 6.15225e+46 4.64348e+42 0 0 0
805.842 2.14399e+45 2.14399e+45 2.34753e+45 2.34753e+45 2.34753e+45 0 0 2.49473e+19 5.19413e+46 4.64348e+42 0 0 0
930.572 1.64901e+45 1.64901e+45 1.83109e+45 1.83109e+45 1.83109e+45 0 0 9.53408e+13 4.36872e+46 4.64348e+42 0 0 0
1074.61 1.26597e+45 1.26597e+45 1.42873e+45 1.42873e+45 1.42873e+45 0 0 5.05379e+07 3.65866e+46 4.64348e+42 0 0 0
1240.94 9.6954e+44 9.6954e+44 1.11486e+45 1.11486e+45 1.11486e+45 0 0 2.73683 3.04898e+46 4.64348e+42 0 0 0
1433.01 7.40204e+44 7.40204e+44 8.69754e+44 8.69754e+44 8.69754e+44 0 0 1.06372e-08 2.52669e+46 4.64348e+42 0 0 0
1654.82 5.62911e+44 5.62911e+44 6.7815e+44 6.7815e+44 6.7815e+44 0 0 1.97369e-18 2.08056e+46 4.64348e+42 0 0 0
1910.95 4.2603e+44 4.2603e+44 5.28258e+44 5.28258e+44 5.28258e+44 0 0 1.09173e-29 1.70083e+46 4.64348e+42 0 0 0
2206.73 3.20563e+44 3.20563e+44 4.10938e+44 4.10938e+44 4.10938e+44 0 0 1.04519e-42 1.37903e+46 4.64348e+42 0 0 0
2548.3 2.39532e+44 2.39532e+44 3.19096e+44 3.19096e+44 3.19096e+44 0 0 9.24342e-58 1.10776e+46 4.64348e+42 0 0 0
2942.73 1.77517e+44 1.77517e+44 2.47217e+44 2.47217e+44 2.47217e+44 0 0 3.65708e-75 8.80534e+45 4.64348e+42 0 0 0
3398.21 1.30296e+44 1.30296e+44 1.90999e+44 1.90999e+44 1.90999e+44 0 0 2.80197e-95 6.91655e+45 4.64348e+42 0 0 0
3924.19 9.4571e+43 9.4571e+43 1.47085e+44 1.47085e+44 1.47085e+44 0 0 1.58089e-118 5.36064e+45 4.64348e+42 0 0 0
4531.58 6.77608e+43 6.77608e+43 1.12844e+44 1.12844e+44 1.12844e+44 0 0 2.15048e-145 4.09257e+45 4.64348e+42 0 0 0
5232.99 4.97882e+43 4.97882e+43 8.75573e+43 8.75573e+43 8.75573e+43 0 0 1.94263e-176 3.19716e+45 4.64348e+42 0 0 0
6042.96 3.49773e+43 3.49773e+43 6.68462e+43 6.68462e+43 6.68462e+43 0 0 2.6292e-212 2.38283e+45 4.64348e+42 0 0 0
6978.31 2.41894e+43 2.41894e+43 5.08221e+43 5.08221e+43 5.08221e+43 0 0 0 1.74429e+45 4.64348e+42 0 0 0
8058.42 1.64424e+43 1.64424e+43 3.84714e+43 3.84714e+43 3.84714e+43 0 0 0 1.25201e+45 4.64348e+42 0 0 0
9305.72 1.09679e+43 1.09679e+43 2.89925e+43 2.89925e+43 2.89925e+43 0 0 0 8.79616e+44 4.64348e+42 0 0 0
10746.1 7.16832e+42 7.16832e+42 2.17514e+43 2.17514e+43 2.17514e+43 0 0 0 6.03781e+44 4.64348e+42 0 0 0
12409.4 4.58343e+42 4.58343e+42 1.62469e+43 1.62469e+43 1.62469e+43 0 0 0 4.04157e+44 4.64348e+42 0 0 0
14330.1 2.86299e+42 2.86299e+42 1.20838e+43 1.20838e+43 1.20838e+43 0 0 0 2.63317e+44 4.64348e+42 0 0 0
16548.2 1.74476e+42 1.74476e+42 8.9515e+42 8.9515e+42 8.9515e+42 0 0 0 1.66666e+44 4.64348e+42 0 0 0
19109.5 1.03625e+42 1.03625e+42 6.60675e+42 6.60675e+42 6.60675e+42 0 0 0 1.02298e+44 4.64348e+42 0 0 0
22067.3 5.99309e+41 5.99309e+41 4.86025e+42 4.86025e+42 4.86025e+42 0 0 0 6.07851e+43 4.64348e+42 0 0 0
25483 3.37365e+41 3.37365e+41 3.56546e+42 3.56546e+42 3.56546e+42 0 0 0 3.49138e+43 4.64348e+42 0 0 0
29427.3 1.84857e+41 1.84857e+41 2.60971e+42 2.60971e+42 2.60971e+42 0 0 0 1.93617e+43 4.64348e+42 0 0 0
33982.1 9.86606e+40 9.86606e+40 1.90698e+42 1.90698e+42 1.90698e+42 0 0 0 1.03582e+43 4.64348e+42 0 0 0
39241.9 5.13601e+40 5.13601e+40 1.39201e+42 1.39201e+42 1.39201e+42 0 0 0 5.34414e+42 4.64348e+42 0 0 0
45315.8 2.61369e+40 2.61369e+40 1.01571e+42 1.01571e+42 1.01571e+42 0 0 0 2.65961e+42 4.64348e+42 0 0 0
52329.9 1.30438e+40 1.30438e+40 7.41316e+41 7.41316e+41 7.41316e+41 0 0 0 1.27781e+42 4.64348e+42 0 0 0
60429.6 6.41039e+39 6.41039e+39 5.41539e+41 5.41539e+41 5.41539e+41 0 0 0 5.93539e+41 4.64348e+42 0 0 0
69783.1 3.11832e+39 3.11832e+39 3.96202e+41 3.96202e+41 3.96202e+41 0 0 0 2.67074e+41 4.64348e+42 0 0 0
80584.2 1.51052e+39 1.51052e+39 2.90481e+41 2.90481e+41 2.90481e+41 0 0 0 1.16694e+41 4.64348e+42 0 0 0
93057.2 7.33543e+38 7.33543e+38 2.1353e+41 2.1353e+41 2.1353e+41 0 0 0 4.96368e+40 4.64348e+42 0 0 0
107461 3.59705e+38 3.59705e+38 1.57448e+41 1.57448e+41 1.57448e+41 0 0 0 2.06025e+40 4.64348e+42 0 0 0
124094 1.79423e+38 1.79423e+38 1.16496e+41 1.16496e+41 1.16496e+41 0 0 0 8.35905e+39 4.64348e+42 0 0 0
143301 9.16895e+37 9.16895e+37 8.65167e+40 8.65167e+40 8.65167e+40 0 0 0 3.31753e+39 4.64348e+42 0 0 0
165482 4.83201e+37 4.83201e+37 6.45029e+40 6.45029e+40 6.45029e+40 0 0 0 1.28683e+39 4.64348e+42 0 0 0
191095 2.64115e+37 2.64115e+37 4.82818e+40 4.82818e+40 4.82818e+40 0 0 0 4.86444e+38 4.64348e+42 0 0 0
220673 1.50436e+37 1.50436e+37 3.62838e+40 3.62838e+40 3.62838e+40 0 0 0 1.78274e+38 4.64348e+42 0 0 0
254830 8.96081e+36 8.96081e+36 2.73737e+40 2.73737e+40 2.73737e+40 0 0 0 6.28444e+37 4.64348e+42 0 0 0
294273 5.59568e+36 5.59568e+36 2.07297e+40 2.07297e+40 2.07297e+40 0 0 0 2.10819e+37 4.64348e+42 0 0 0
339821 3.66877e+36 3.66877e+36 1.57553e+40 1.57553e+40 1.57553e+40 0 0 0 6.63825e+36 4.64348e+42 0 0 0
392419 2.52731e+36 2.52731e+36 1.20162e+40 1.20162e+40 1.20162e+40 0 0 0 1.92917e+36 4.64348e+42 0 0 0
453158 1.8294e+36 1.8294e+36 9.19481e+39 9.19481e+39 9.19481e+39 0 0 0 5.07095e+35 4.64348e+42 0 0 0
523299 1.39093e+36 1.39093e+36 7.05836e+39 7.05836e+39 7.05836e+39 1.77962e+32 6.3341e+36 0 1.17723e+35 4.64348e+42 0 0 0
604296 1.10996e+36 1.10996e+36 5.43502e+39 5.43502e+39 5.43502e+39 2.76704e+32 6.36041e+36 0 2.34739e+34 4.64348e+42 0 0 0
697831 9.28541e+35 9.28541e+35 4.19758e+39 4.19758e+39 4.19758e+39 3.75445e+32 6.38673e+36 0 3.89198e+33 4.64348e+42 0 0 0
805842 8.12966e+35 8.12966e+35 3.25137e+39 3.25137e+39 3.25137e+39 4.74187e+32 6.41305e+36 0 5.16683e+32 4.64348e+42 0 0 0
930572 7.4334e+35 7.4334e+35 2.52568e+39 2.52568e+39 2.52568e+39 5.72929e+32 6.43936e+36 0 5.25653e+31 4.64348e+42 0 0 0
1.07461e+06 7.07884e+35 7.07884e+35 1.96746e+39 1.96746e+39 1.96746e+39 7.28125e+32 6.47223e+36 0 3.89489e+30 4.64348e+42 0 0 0
1.24094e+06 6.9959e+35 6.9959e+35 1.53677e+39 1.53677e+39 1.53677e+39 9.81532e+32 6.47942e+36 0 1.9811e+29 4.64348e+42 0 0 0
1.43301e+06 7.13919e+35 7.13919e+35 1.20342e+39 1.20342e+39 1.20342e+39 1.31656e+33 6.48852e+36 0 6.45475e+27 4.64348e+42 0 0 0
1.65482e+06 7.47937e+35 7.47937e+35 9.44585e+38 9.44585e+38 9.44585e+38 1.7611e+33 6.50015e+36 0 1.2437e+26 4.64348e+42 0 0 0
1.91095e+06 7.99748e+35 7.99748e+35 7.42985e+38 7.42985e+38 7.42985e+38 2.39962e+33 6.51618e+36 0 1.29331e+24 4.64348e+42 0 0 0
2.20673e+06 8.6785e+35 8.6785e+35 5.85497e+38 5.85497e+38 5.85497e+38 3.22144e+33 6.53679e+36 0 6.53776e+21 4.64348e+42 0 0 0
2.5483e+06 9.50661e+35 9.50661e+35 4.62125e+38 4.62125e+38 4.62125e+38 4.30488e+33 6.56374e+36 0 1.42557e+19 4.64348e+42 0 0 0
2.94273e+06 1.04597e+36 1.04597e+36 3.65223e+38 3.65223e+38 3.65223e+38 5.74823e+33 6.59906e+36 0 1.1693e+16 4.64348e+42 0 0 0
3.39821e+06 1.15058e+36 1.15058e+36 2.88921e+38 2.88921e+38 2.88921e+38 7.83922e+33 6.64868e+36 0 3.08385e+12 4.64348e+42 0 0 0
3.92419e+06 1.26012e+36 1.26012e+36 2.28701e+38 2.28701e+38 2.28701e+38 1.05799e+34 6.71348e+36 0 2.18425e+08 4.64348e+42 0 0 0
4.53158e+06 1.36894e+36 1.36894e+36 1.81073e+38 1.81073e+38 1.81073e+38 1.42925e+34 6.79788e+36 0 3378.64 4.64348e+42 0 0 0
5.23299e+06 1.47035e+36 1.47035e+36 1.43332e+38 1.43332e+38 1.43332e+38 1.92718e+34 6.90653e+36 0 0.00899839 4.64348e+42 0 0 0
6.04296e+06 1.55708e+36 1.55708e+36 1.13377e+38 1.13377e+38 1.13377e+38 2.6369e+34 7.05653e+36 0 3.13886e-09 4.64348e+42 0 0 0
6.97831e+06 1.62198e+36 1.62198e+36 8.95718e+37 8.95718e+37 8.95718e+37 3.56117e+34 7.23776e+36 0 1.04657e-16 4.64348e+42 0 0 0
8.05842e+06 1.6588e+36 1.6588e+36 7.06361e+37 7.06361e+37 7.06361e+37 4.77781e+34 7.45973e+36 0 2.32023e-25 4.64348e+42 0 0 0
9.30572e+06 1.66304e+36 1.66304e+36 5.55682e+37 5.55682e+37 5.55682e+37 6.40504e+34 7.71451e+36 0 2.25081e-35 4.64348e+42 0 0 0
1.07461e+07 1.63258e+36 1.63258e+36 4.35812e+37 4.35812e+37 4.35812e+37 8.64792e+34 8.07119e+36 0 5.89649e-47 4.64348e+42 0 0 0
1.24094e+07 1.56807e+36 1.56807e+36 3.40547e+37 3.40547e+37 3.40547e+37 1.14352e+35 8.40518e+36 0 2.39034e-60 4.64348e+42 0 0 0
1.43301e+07 1.47292e+36 1.47292e+36 2.64983e+37 2.64983e+37 2.64983e+37 1.48521e+35 8.7355e+36 0 7.88553e-76 4.64348e+42 0 0 0
1.65482e+07 1.35296e+36 1.35296e+36 2.05231e+37 2.05231e+37 2.05231e+37 1.89539e+35 9.04858e+36 0 1.00813e-93 4.64348e+42 0 0 0
1.91095e+07 1.21571e+36 1.21571e+36 1.58188e+37 1.58188e+37 1.58188e+37 2.4022e+35 9.32746e+36 0 2.12102e-114 4.64348e+42 0 0 0
2.20673e+07 1.06925e+36 1.06925e+36 1.21334e+37 1.21334e+37 1.21334e+37 2.93947e+35 9.56267e+36 0 2.7316e-138 4.64348e+42 0 0 0
2.5483e+07 9.21565e+35 9.21565e+35 9.26462e+36 9.26462e+36 9.26462e+36 3.52428e+35 9.72423e+36 0 6.87371e-166 4.64348e+42 0 0 0
2.94273e+07 7.79386e+35 7.79386e+35 7.04569e+36 7.04569e+36 7.04569e+36 4.11182e+35 9.72538e+36 0 9.03987e-198 4.64348e+42 0 0 0
3.39821e+07 6.47959e+35 6.47959e+35 5.34159e+36 5.34159e+36 5.34159e+36 4.70144e+35 9.53802e+36 0 1.3551e-234 4.64348e+42 0 0 0
3.92419e+07 5.30336e+35 5.30336e+35 4.03935e+36 4.03935e+36 4.03935e+36 5.19163e+35 9.15852e+36 0 3.98906e-277 4.64348e+42 0 0 0
4.53158e+07 4.28334e+35 4.28334e+35 3.05118e+36 3.05118e+36 3.05118e+36 5.61819e+35 8.65574e+36 0 0 4.64348e+42 0 0 0
5.23299e+07 3.42109e+35 3.42109e+35 2.30501e+36 2.30501e+36 2.30501e+36 5.95189e+35 8.07341e+36 0 0 4.64348e+42 0 0 0
6.04296e+07 2.70663e+35 2.70663e+35 1.7429e+36 1.7429e+36 1.7429e+36 6.14493e+35 7.35144e+36 0 0 4.64348e+42 0 0 0
6.97831e+07 2.1245e+35 2.1245e+35 1.32003e+36 1.32003e+36 1.32003e+36 6.17967e+35 6.5251e+36 0 0 4.64348e+42 0 0 0
8.05842e+07 1.65705e+35 1.65705e+35 1.00218e+36 1.00218e+36 1.00218e+36 6.07163e+35 5.60274e+36 0 0 4.64348e+42 0 0 0
9.30572e+07 1.2852e+35 1.2852e+35 7.62656e+35 7.62656e+35 7.62656e+35 5.82469e+35 4.61938e+36 0 0 4.64348e+42 0 0 0
1.07461e+08 9.90486e+34 9.90486e+34 5.80915e+35 5.80915e+35 5.80915e+35 5.43709e+35 3.60935e+36 0 0 4.64348e+42 75.3459 0 0
1.24094e+08 7.59991e+34 7.59991e+34 4.4345e+35 4.4345e+35 4.4345e+35 4.98623e+35 2.7916e+36 0 0 4.64348e+42 66.1926 0 0
1.43301e+08 5.79513e+34 5.79513e+34 3.38432e+35 3.38432e+35 3.38432e+35 4.47068e+35 2.11823e+36 0 0 4.64348e+42 58.1513 0 0
1.65482e+08 4.3818e+34 4.3818e+34 2.57502e+35 2.57502e+35 2.57502e+35 3.90745e+35 1.58118e+36 0 0 4.64348e+42 51.0869 0 0
1.91095e+08 3.25857e+34 3.25857e+34 1.9364e+35 1.9364e+35 1.9364e+35 3.27449e+35 1.13975e+36 0 0 4.64348e+42 44.8807 0 0
2.20673e+08 2.40834e+34 2.40834e+34 1.45358e+35 1.45358e+35 1.45358e+35 2.7144e+35 8.37853e+35 0 0 4.64348e+42 39.4284 0 0
2.5483e+08 1.75958e+34 1.75958e+34 1.08293e+35 1.08293e+35 1.08293e+35 2.19962e+35 6.10762e+35 0 0 4.64348e+42 34.6385 0 0
2.94273e+08 1.27041e+34 1.27041e+34 8.0011e+34 8.0011e+34 8.0011e+34 1.74414e+35 4.41353e+35 0 0 4.64348e+42 30.4305 0 0
3.39821e+08 8.98229e+33 8.98229e+33 5.80757e+34 5.80757e+34 5.80757e+34 1.32892e+35 3.12938e+35 0 0 4.64348e+42 27.9132 0 0
3.92419e+08 6.34702e+33 6.34702e+33 4.22492e+34 4.22492e+34 4.22492e+34 1.01662e+35 2.27029e+35 0 0 4.64348e+42 26.7337 0 0
4.53158e+08 4.44812e+33 4.44812e+33 3.05616e+34 3.05616e+34 3.05616e+34 7.67808e+34 1.64147e+35 0 0 4.64348e+42 25.6041 0 0
5.23299e+08 3.08388e+33 3.08388e+33 2.19201e+34 2.19201e+34 2.19201e+34 5.69338e+34 1.18297e+35 0 0 4.64348e+42 24.5222 0 0
6.04296e+08 2.12443e+33 2.12443e+33 1.56537e+34 1.56537e+34 1.56537e+34 4.18076e+34 8.43552e+34 0 0 4.64348e+42 23.486 0 0
6.97831e+08 1.47336e+33 1.47336e+33 1.12747e+34 1.12747e+34 1.12747e+34 3.12168e+34 6.15012e+34 0 0 4.64348e+42 22.4936 0 0
8.05842e+08 1.01802e+33 1.01802e+33 8.10364e+33 8.10364e+33 8.10364e+33 2.31858e+34 4.47743e+34 0 0 4.64348e+42 21.5432 0 0
9.30572e+08 7.00275e+32 7.00275e+32 5.80694e+33 5.80694e+33 5.80694e+33 1.71012e+34 3.25219e+34 0 0 4.64348e+42 20.6329 0 0
1.07461e+09 4.7801e+32 4.7801e+32 4.13458e+33 4.13458e+33 4.13458e+33 1.24422e+34 2.32776e+34 0 0 4.64348e+42 20.7072 0 0
1.24094e+09 3.29784e+32 3.29784e+32 2.97927e+33 2.97927e+33 2.97927e+33 9.26975e+33 1.70589e+34 0 0 4.64348e+42 21.7769 0 0
1.43301e+09 2.26764e+32 2.26764e+32 2.14743e+33 2.14743e+33 2.14743e+33 6.91804e+33 1.24663e+34 0 0 4.64348e+42 22.9019 0 0
1.65482e+09 1.50051e+32 1.50051e+32 1.53237e+33 1.53237e+33 1.53237e+33 5.14515e+33 9.08106e+33 0 0 4.64348e+42 24.085 0 0
1.91095e+09 7.56521e+31 7.56521e+31 1.02375e+33 1.02375e+33 1.02375e+33 3.77796e+33 6.50154e+33 0 0 4.64348e+42 25.3292 0 0
2.20673e+09 9.5944e+30 9.5944e+30 5.37024e+32 5.37024e+32 5.37024e+32 2.83505e+33 4.77285e+33 0 0 4.64348e+42 26.6377 0 0
2.5483e+09 5.99939e+27 5.99939e+27 1.74831e+32 1.74831e+32 1.74831e+32 2.12095e+33 3.49326e+33 0 0 4.64348e+42 28.0138 0 0
2.94273e+09 2.5206e+17 2.5206e+17 4.27341e+31 4.27341e+31 4.27341e+31 1.57887e+33 2.5479e+33 0 0 4.64348e+42 29.461 0 0
3.39821e+09 6.79564e-13 6.79564e-13 1.04144e+31 1.04144e+31 1.04144e+31 1.1534e+33 1.82616e+33 0 0 4.64348e+42 30.9829 0 0
3.92419e+09 8.14554e-86 8.14554e-86 2.87359e+30 2.87359e+30 2.87359e+30 8.62562e+32 1.34061e+33 0 0 4.64348e+42 32.5834 0 0
4.53158e+09 6.15093e-242 6.15093e-242 8.97525e+29 8.97525e+29 8.97525e+29 6.42831e+32 9.80338e+32 0 0 4.64348e+42 34.2667 0 0
5.23299e+09 0 0 3.14452e+29 3.14452e+29 3.14452e+29 4.77362e+32 7.13709e+32 0 0 4.64348e+42 36.0369 0 0
6.04296e+09 0 0 1.20699e+29 1.20699e+29 1.20699e+29 3.47037e+32 5.10934e+32 0 0 4.64348e+42 37.8985 0 0
6.97831e+09 0 0 5.1495e+28 5.1495e+28 5.1495e+28 2.58938e+32 3.74309e+32 0 0 4.64348e+42 39.8563 0 0
8.05842e+09 0 0 2.37333e+28 2.37333e+28 2.37333e+28 1.92532e+32 2.73376e+32 0 0 4.64348e+42 41.9152 0 0
9.30572e+09 0 0 1.16707e+28 1.16707e+28 1.16707e+28 1.4221e+32 1.99034e+32 0 0 4.64348e+42 44.0806 0 0
1.07461e+10 0 0 6.01996e+27 6.01996e+27 6.01996e+27 1.03091e+32 1.42804e+32 0 0 4.64348e+42 49.4592 0 0
1.24094e+10 0 0 3.31052e+27 3.31052e+27 3.31052e+27 7.62567e+31 1.04887e+32 0 0 4.64348e+42 59.2069 0 0
1.43301e+10 0 0 1.89538e+27 1.89538e+27 1.89538e+27 5.60425e+31 7.68225e+31 0 0 4.64348e+42 70.8756 0 0
1.65482e+10 0 0 1.12491e+27 1.12491e+27 1.12491e+27 4.10498e+31 5.60751e+31 0 0 4.64348e+42 84.8442 0 0
1.91095e+10 0 0 6.80449e+26 6.80449e+26 6.80449e+26 2.94657e+31 4.01938e+31 0 0 4.64348e+42 101.566 0 0
2.20673e+10 0 0 4.30217e+26 4.30217e+26 4.30217e+26 2.16599e+31 2.95134e+31 0 0 4.64348e+42 121.583 34.7254 0
2.5483e+10 0 0 2.78139e+26 2.78139e+26 2.78139e+26 1.5863e+31 2.15899e+31 0 0 4.64348e+42 145.545 22.9578 0
2.94273e+10 0 0 1.8336e+26 1.8336e+26 1.8336e+26 1.15787e+31 1.57313e+31 0 0 4.64348e+42 174.23 15.5417 0
3.39821e+10 0 0 1.21354e+26 1.21354e+26 1.21354e+26 8.27899e+30 1.12338e+31 0 0 4.64348e+42 208.568 10.7604 0
3.92419e+10 0 0 8.34408e+25 8.34408e+25 8.34408e+25 6.08877e+30 8.23924e+30 0 0 4.64348e+42 249.673 7.61059 0
4.53158e+10 0 0 5.81935e+25 5.81935e+25 5.81935e+25 4.4664e+30 6.02541e+30 0 0 4.64348e+42 298.88 5.49245 0
5.23299e+10 0 0 4.11329e+25 4.11329e+25 4.11329e+25 3.26987e+30 4.39199e+30 0 0 4.64348e+42 357.785 4.04008 0
6.04296e+10 0 0 2.9029e+25 2.9029e+25 2.9029e+25 2.35037e+30 3.13625e+30 0 0 4.64348e+42 428.299 3.02568 0
6.97831e+10 0 0 2.12251e+25 2.12251e+25 2.12251e+25 1.73654e+30 2.30321e+30 0 0 4.64348e+42 512.71 2.3047 0
8.05842e+10 0 0 1.56683e+25 1.56683e+25 1.56683e+25 1.27905e+30 1.68669e+30 0 0 4.64348e+42 613.758 1.78376 0
9.30572e+10 0 0 1.16653e+25 1.16653e+25 1.16653e+25 9.39094e+29 1.23098e+30 0 0 4.64348e+42 734.72 1.40144 0
1.07461e+11 0 0 8.60822e+24 8.60822e+24 8.60822e+24 6.75089e+29 8.789e+29 0 0 4.64348e+42 879.523 1.11671 0
1.24094e+11 0 0 6.56219e+24 6.56219e+24 6.56219e+24 4.97955e+29 6.45355e+29 0 0 4.64348e+42 1052.86 0.901709 0
1.43301e+11 0 0 5.02749e+24 5.02749e+24 5.02749e+24 3.65819e+29 4.72245e+29 0 0 4.64348e+42 1260.37 0.737233 0
1.65482e+11 0 0 3.8656e+24 3.8656e+24 3.8656e+24 2.6753e+29 3.4417e+29 0 0 4.64348e+42 1508.77 0.609868 0
1.91095e+11 0 0 2.93052e+24 2.93052e+24 2.93052e+24 1.91374e+29 2.45051e+29 0 0 4.64348e+42 1806.12 0.510106 0
2.20673e+11 0 0 2.29282e+24 2.29282e+24 2.29282e+24 1.4059e+29 1.79498e+29 0 0 4.64348e+42 2162.08 0.431129 0
2.5483e+11 0 0 1.79725e+24 1.79725e+24 1.79725e+24 1.02876e+29 1.30983e+29 0 0 4.64348e+42 2588.2 0.367983 0
2.94273e+11 0 0 1.4103e+24 1.4103e+24 1.4103e+24 7.4973e+28 9.51608e+28 0 0 4.64348e+42 3098.29 0.317029 0
3.39821e+11 0 0 1.08784e+24 1.08784e+24 1.08784e+24 5.34471e+28 6.74716e+28 0 0 4.64348e+42 0 0.275565 0
3.92419e+11 0 0 8.65317e+23 8.65317e+23 8.65317e+23 3.91609e+28 4.92436e+28 0 0 4.64348e+42 0 0.241562 0
4.53158e+11 0 0 6.88034e+23 6.88034e+23 6.88034e+23 2.8578e+28 3.57901e+28 0 0 4.64348e+42 0 0.213483 0
5.23299e+11 0 0 5.46484e+23 5.46484e+23 5.46484e+23 2.07658e+28 2.58869e+28 0 0 4.64348e+42 0 0.190154 0
6.04296e+11 0 0 4.25384e+23 4.25384e+23 4.25384e+23 1.47435e+28 1.82485e+28 0 0 4.64348e+42 0 0.170669 0
6.97831e+11 0 0 3.41278e+23 3.41278e+23 3.41278e+23 1.07648e+28 1.32506e+28 0 0 4.64348e+42 0 0.154323 0
8.05842e+11 0 0 2.7323e+23 2.7323e+23 2.7323e+23 7.82548e+27 9.57655e+27 0 0 4.64348e+42 0 0.140565 0
9.30572e+11 0 0 2.18177e+23 2.18177e+23 2.18177e+23 5.66227e+27 6.88393e+27 0 0 4.64348e+42 0 0.12896 0
1.07461e+12 0 0 1.70304e+23 1.70304e+23 1.70304e+23 3.9975e+27 4.81381e+27 0 0 4.64348e+42 0 0.119166 0
1.24094e+12 0 0 1.37006e+23 1.37006e+23 1.37006e+23 2.9043e+27 3.47071e+27 0 0 4.64348e+42 0 0.110908 0
1.43301e+12 0 0 1.09843e+23 1.09843e+23 1.09843e+23 2.09985e+27 2.48897e+27 0 0 4.64348e+42 0 0.103969 0
1.65482e+12 0 0 8.77168e+22 8.77168e+22 8.77168e+22 1.51031e+27 1.77392e+27 0 0 4.64348e+42 0 0.098177 0
1.91095e+12 0 0 6.82966e+22 6.82966e+22 6.82966e+22 1.05796e+27 1.22679e+27 0 0 4.64348e+42 0 0.0933933 0
2.20673e+12 0 0 5.48185e+22 5.48185e+22 5.48185e+22 7.63335e+26 8.75936e+26 0 0 4.64348e+42 0 0.0895108 0
2.5483e+12 0 0 4.37899e+22 4.37899e+22 4.37899e+22 5.47728e+26 6.21524e+26 0 0 4.64348e+42 0 0.0864461 0
2.94273e+12 0 0 3.47918e+22 3.47918e+22 3.47918e+22 3.90697e+26 4.37839e+26 0 0 4.64348e+42 0 0.0841374 0
3.39821e+12 0 0 2.68615e+22 2.68615e+22 2.68615e+22 2.7072e+26 2.9821e+26 0 0 4.64348e+42 0 0.082541 0
3.92419e+12 0 0 2.13907e+22 2.13907e+22 2.13907e+22 1.93473e+26 2.1013e+26 0 0 4.64348e+42 0 0.08163 0
4.53158e+12 0 0 1.69219e+22 1.69219e+22 1.69219e+22 1.37382e+26 1.46966e+26 0 0 4.64348e+42 0 0.0813928 0
5.23299e+12 0 0 1.32877e+22 1.32877e+22 1.32877e+22 9.68803e+25 1.01912e+26 0 0 4.64348e+42 0 0.0818329 0
6.04296e+12 0 0 1.0091e+22 1.0091e+22 1.0091e+22 6.61296e+25 6.79778e+25 0 0 4.64348e+42 0 0.0829683 0
6.97831e+12 0 0 7.90869e+21 7.90869e+21 7.90869e+21 4.66455e+25 4.70531e+25 0 0 4.64348e+42 0 0.0848322 0
8.05842e+12 0 0 6.14027e+21 6.14027e+21 6.14027e+21 3.26519e+25 3.22771e+25 0 0 4.64348e+42 0 0.0874729 0
9.30572e+12 0 0 4.7169e+21 4.7169e+21 4.7169e+21 2.26682e+25 2.19124e+25 0 0 4.64348e+42 0 0.0909553 0
1.07461e+13 0 0 3.47912e+21 3.47912e+21 3.47912e+21 1.51557e+25 1.42043e+25 0 0 4.64348e+42 0 0.0953611 0
1.24094e+13 0 0 2.64943e+21 2.64943e+21 2.64943e+21 1.05012e+25 9.59936e+24 0 0 4.64348e+42 0 0.10079 0
1.43301e+13 0 0 1.98983e+21 1.98983e+21 1.98983e+21 7.20899e+24 6.41577e+24 0 0 4.64348e+42 0 0.10736 0
1.65482e+13 0 0 1.47131e+21 1.47131e+21 1.47131e+21 4.89908e+24 4.23336e+24 0 0 4.64348e+42 0 0.115206 0
1.91095e+13 0 0 1.03344e+21 1.03344e+21 1.03344e+21 3.18303e+24 2.63874e+24 0 0 4.64348e+42 0 0.12448 0
2.20673e+13 0 0 7.49955e+20 7.49955e+20 7.49955e+20 2.15249e+24 1.72691e+24 0 0 4.64348e+42 0 0.135345 0
2.5483e+13 0 0 5.33543e+20 5.33543e+20 5.33543e+20 1.4389e+24 1.11464e+24 0 0 4.64348e+42 0 0.147968 0
2.94273e+13 0 0 3.71434e+20 3.71434e+20 3.71434e+20 9.49861e+23 7.08004e+23 0 0 4.64348e+42 0 0.162507 0
3.39821e+13 0 0 2.42161e+20 2.42161e+20 2.42161e+20 5.9299e+23 4.18039e+23 0 0 4.64348e+42 0 0.179093 0
3.92419e+13 8.88013e-268 8.8802e-268 1.63746e+20 1.63746e+20 1.63746e+20 3.87904e+23 2.62055e+23 0 0 4.64348e+42 0 0.197804 0
4.53158e+13 4.33984e-235 4.33988e-235 1.07978e+20 1.07978e+20 1.07978e+20 2.50051e+23 1.61435e+23 0 0 4.64348e+42 0 0.218621 0
5.23299e+13 4.03107e-206 4.03112e-206 6.93553e+19 6.93553e+19 6.93553e+19 1.58635e+23 9.74489e+22 0 0 4.64348e+42 0 0.241387 0
6.04296e+13 1.70918e-180 1.70921e-180 4.10248e+19 4.10248e+19 4.10248e+19 9.36108e+22 5.33479e+22 0 0 4.64348e+42 0 0.265741 0
6.97831e+13 8.68823e-158 8.68842e-158 2.54595e+19 2.54595e+19 2.54595e+19 5.84995e+22 3.15649e+22 0 0 4.64348e+42 0 0.291055 0
8.05842e+13 1.0368e-137 1.03683e-137 1.53696e+19 1.53696e+19 1.53696e+19 3.58673e+22 1.82685e+22 0 0 4.64348e+42 0 0.316368 0
9.30572e+13 5.66429e-120 5.66447e-120 9.02043e+18 9.02043e+18 9.02043e+18 2.15421e+22 1.03028e+22 0 0 4.64348e+42 0 0.340344 0
1.07461e+14 2.38356e-104 2.38365e-104 4.76555e+18 4.76555e+18 4.76555e+18 1.17231e+22 5.06806e+21 0 0 4.64348e+42 0 0 0
1.24094e+14 1.5676e-90 1.56768e-90 2.69822e+18 2.69822e+18 2.69822e+18 6.87473e+21 2.77491e+21 0 0 4.64348e+42 0 0 0
1.43301e+14 2.34775e-78 2.34799e-78 1.48282e+18 1.48282e+18 1.48282e+18 3.93049e+21 1.47754e+21 0 0 4.64348e+42 0 0 0
1.65482e+14 1.22247e-67 1.22272e-67 7.90389e+17 7.90389e+17 7.90389e+17 2.18722e+21 7.61167e+20 0 0 4.64348e+42 0 0 0
1.91095e+14 2.88126e-58 2.8825e-58 3.64764e+17 3.64764e+17 3.64764e+17 1.05653e+21 3.21066e+20 0 0 4.64348e+42 0 0 0
2.20673e+14 5.5029e-50 5.50754e-50 1.86474e+17 1.86474e+17 1.86474e+17 5.66351e+20 1.58357e+20 0 0 4.64348e+42 0 0 0
2.5483e+14 9.99917e-43 1.00145e-42 9.19626e+16 9.19626e+16 9.19626e+16 2.93197e+20 7.54238e+19 0 0 4.64348e+42 0 0 0
2.94273e+14 2.25372e-36 2.2595e-36 4.37382e+16 4.37382e+16 4.37382e+16 1.46457e+20 3.44565e+19 0 0 4.64348e+42 0 0 0
3.39821e+14 6.68002e-31 6.70677e-31 1.6799e+16 1.6799e+16 1.6799e+16 5.90796e+19 1.15867e+19 0 0 4.64348e+42 0 0 0
3.92419e+14 4.64393e-26 4.67108e-26 7.53666e+15 7.53666e+15 7.53666e+15 2.78264e+19 4.95526e+18 0 0 4.64348e+42 0 0 0
4.53158e+14 7.43104e-22 7.49093e-22 3.21823e+15 3.21823e+15 3.21823e+15 1.24649e+19 2.03024e+18 0 0 4.64348e+42 0 0 0
5.23299e+14 3.23329e-18 3.26744e-18 1.31019e+15 1.31019e+15 1.31019e+15 5.31799e+18 7.9077e+17 0 0 4.64348e+42 0 0 0
6.04296e+14 3.3309e-15 3.37501e-15 3.82561e+14 3.82561e+14 3.82561e+14 1.62517e+18 1.87496e+17 0 0 4.64348e+42 0 0 0
6.97831e+14 1.64452e-12 1.6708e-12 1.42451e+14 1.42451e+14 1.42451e+14 6.32439e+17 6.54376e+16 0 0 4.64348e+42 0 0 0
8.05842e+14 3.16959e-10 3.22865e-10 4.91244e+13 4.91244e+13 4.91244e+13 2.27568e+17 2.16962e+16 0 0 4.64348e+42 0 0 0
9.30572e+14 2.64405e-08 2.69983e-08 1.5714e+13 1.5714e+13 1.5714e+13 7.58261e+16 6.84249e+15 0 0 4.64348e+42 0 0 0
1.07461e+15 6.75101e-07 6.90811e-07 3.01386e+12 3.01386e+12 3.01386e+12 1.51216e+16 9.24063e+14 0 0 4.64348e+42 0 0 0
1.24094e+15 1.39305e-05 1.428e-05 8.45188e+11 8.45188e+11 8.45188e+11 4.40118e+15 2.36088e+14 0 0 4.64348e+42 0 0 0
1.43301e+15 0.00014981 0.00015378 2.08326e+11 2.08326e+11 2.08326e+11 1.12379e+15 5.60788e+13 0 0 4.64348e+42 0 0 0
1.65482e+15 0.000870423 0.000894353 4.3973e+10 4.3973e+10 4.3973e+10 2.45261e+14 1.29248e+13 0 0 4.64348e+42 0 0 0
1.91095e+15 0.0015954 0.00164018 4.39355e+09 4.39355e+09 4.39355e+09 2.52889e+13 7.57144e+11 0 0 4.64348e+42 0 0 0
2.20673e+15 0.00361513 0.0037173 7.75879e+08 7.75879e+08 7.75879e+08 4.59996e+12 1.16813e+11 0 0 4.64348e+42 0 0 0
2.5483e+15 0.00482259 0.0049581 1.10502e+08 1.10502e+08 1.10502e+08 6.73537e+11 1.54693e+10 0 0 4.64348e+42 0 0 0
2.94273e+15 0.00357838 0.00367723 1.1549e+07 1.1549e+07 1.1549e+07 7.22356e+10 1.99618e+09 0 0 4.64348e+42 0 0 0
3.39821e+15 0.000666983 0.000684917 386966 386966 386966 2.47915e+09 3.78936e+07 0 0 4.64348e+42 0 0 0
3.92419e+15 0.00023838 0.000244564 30813.7 30813.7 30813.7 2.01844e+08 2.53337e+06 0 0 4.64348e+42 0 0 0
4.53158e+15 4.83999e-05 4.96015e-05 1683.63 1683.63 1683.63 1.12563e+07 119712 0 0 4.64348e+42 0 0 0
5.23299e+15 5.22141e-06 5.3446e-06 57.7113 57.7113 57.7113 393132 4650.35 0 0 4.64348e+42 0 0 0
6.04296e+15 7.4992e-08 7.66627e-08 0.304792 0.304792 0.304792 2111.95 17.5688 0 0 4.64348e+42 0 0 0
6.97831e+15 3.52507e-09 3.5988e-09 0.00599039 0.00599039 0.00599039 42.1537 0.293309 0 0 4.64348e+42 0 0 0
8.05842e+15 6.84761e-11 6.98141e-11 5.4471e-05 5.4471e-05 5.4471e-05 0.388651 0.00244758 0 0 4.64348e+42 0 0 0
9.30572e+15 5.41577e-13 5.51416e-13 2.22703e-07 2.22703e-07 2.22703e-07 0.00160869 9.96456e-06 0 0 4.64348e+42 0 0 0
1.07461e+16 2.95133e-16 3.00098e-16 6.84535e-11 6.84535e-11 6.84535e-11 4.99871e-07 2.93975e-09 0 0 4.64348e+42 0 0 0
1.24094e+16 5.02423e-19 5.10219e-19 7.09635e-14 7.09635e-14 7.09635e-14 5.23114e-10 3.02119e-12 0 0 4.64348e+42 0 0 0
1.43301e+16 1.98209e-22 2.01036e-22 1.82349e-17 1.82349e-17 1.82349e-17 1.35511e-13 7.78916e-16 0 0 4.64348e+42 0 0 0
1.65482e+16 1.80319e-26 1.82677e-26 1.14632e-21 1.14632e-21 1.14632e-21 8.57658e-18 4.92626e-20 0 0 4.64348e+42 0 0 0
1.91095e+16 5.83393e-32 5.90365e-32 2.69929e-27 2.69929e-27 2.69929e-27 2.0308e-23 1.16586e-25 0 0 4.64348e+42 0 0 0
2.20673e+16 2.89862e-37 2.9302e-37 1.02162e-32 1.02162e-32 1.02162e-32 7.71955e-29 4.43139e-31 0 0 4.64348e+42 0 0 0
2.5483e+16 1.41722e-43 1.43127e-43 3.96017e-39 3.96017e-39 3.96017e-39 3.002e-35 1.72344e-37 0 0 4.64348e+42 0 0 0
2.94273e+16 5.96713e-51 6.0208e-51 1.36918e-46 1.36918e-46 1.36918e-46 1.0401e-42 5.97055e-45 0 0 4.64348e+42 0 0 0
3.39821e+16 2.85052e-60 2.87375e-60 5.53877e-56 5.53877e-56 5.53877e-56 4.21196e-52 2.41783e-54 0 0 4.64348e+42 0 0 0
3.92419e+16 5.56083e-70 5.6018e-70 9.40058e-66 9.40058e-66 9.40058e-66 7.1489e-62 4.1038e-64 0 0 4.64348e+42 0 0 0
4.53158e+16 2.30159e-81 2.3169e-81 3.46626e-77 3.46626e-77 3.46626e-77 2.63343e-73 1.51181e-75 0 0 4.64348e+42 0 0 0
5.23299e+16 1.38856e-94 1.39689e-94 1.90213e-90 1.90213e-90 1.90213e-90 1.44227e-86 8.27929e-89 0 0 4.64348e+42 0 0 0
6.04296e+16 1.21774e-110 1.22431e-110 1.54521e-106 1.54521e-106 1.54521e-106 1.16819e-102 6.70591e-105 0 0 4.64348e+42 0 0 0
6.97831e+16 4.04868e-128 4.06832e-128 4.83553e-124 4.83553e-124 4.83553e-124 3.64138e-120 2.09043e-122 0 0 4.64348e+42 0 0 0
8.05842e+16 1.83049e-148 1.83846e-148 2.08678e-144 2.08678e-144 2.08678e-144 1.56386e-140 8.9773e-143 0 0 4.64348e+42 0 0 0
9.30572e+16 0 0 0 0 0 0 0 0 0 4.64348e+42 0 0 0