
1.07461e-07 0 0 1.73338e-11 1.04215e+52 9.18833e+59 0 0 5.79595e+44 0 4.64348e+42 0 0 1
1.24094e-07 0 0 0.00492849 1.14056e+52 7.90364e+59 0 0 6.69306e+44 0 4.64348e+42 0 0 1
1.43301e-07 0 0 104092 1.24467e+52 6.77758e+59 0 0 7.72903e+44 0 4.64348e+42 0 0 1
1.65482e-07 0 0 2.3144e+11 1.35516e+52 5.79727e+59 0 0 8.92534e+44 0 4.64348e+42 0 0 1
1.91095e-07 0 0 7.32905e+16 1.47331e+52 4.95026e+59 0 0 1.03068e+45 0 4.64348e+42 0 0 1
2.20673e-07 0 0 4.29623e+21 1.60118e+52 4.2243e+59 0 0 1.19021e+45 0 4.64348e+42 0 0 1
2.5483e-07 0 0 5.8519e+25 1.74179e+52 3.60721e+59 0 0 1.37444e+45 0 4.64348e+42 0 0 1
2.94273e-07 0 0 2.25589e+29 1.89932e+52 3.08682e+59 0 0 1.58718e+45 0 4.64348e+42 0 0 1
3.39821e-07 0 0 2.92007e+32 2.07906e+52 2.65099e+59 0 0 1.83284e+45 0 4.64348e+42 0 0 1
3.92419e-07 0 0 1.47166e+35 2.28739e+52 2.28779e+59 0 0 2.11653e+45 0 4.64348e+42 0 0 1
4.53158e-07 0 0 3.28182e+37 2.53145e+52 1.98565e+59 0 0 2.44413e+45 0 4.64348e+42 0 0 1
5.23299e-07 0 0 3.61598e+39 2.81876e+52 1.73378e+59 0 0 2.82244e+45 0 4.64348e+42 0 0 1
6.04296e-07 0 0 2.16459e+41 3.15676e+52 1.5224e+59 0 0 3.2593e+45 0 4.64348e+42 0 0 1
6.97831e-07 0 0 7.63883e+42 3.55252e+52 1.34311e+59 0 0 3.76379e+45 0 4.64348e+42 0 0 1
8.05842e-07 0 0 1.70496e+44 4.01266e+52 1.18902e+59 0 0 4.34635e+45 0 4.64348e+42 0 0 1
9.30572e-07 0 0 2.55741e+45 4.54371e+52 1.05481e+59 0 0 5.01909e+45 0 4.64348e+42 0 0 1
1.07461e-06 0 0 2.71732e+46 5.15282e+52 9.36593e+58 0 0 5.79595e+45 0 4.64348e+42 0 0 1
1.24094e-06 0 0 2.14101e+47 5.84871e+52 8.31626e+58 0 0 6.69306e+45 0 4.64348e+42 0 0 1
1.43301e-06 0 0 1.30188e+48 6.64254e+52 7.38025e+58 0 0 7.72903e+45 0 4.64348e+42 0 0 1
1.65482e-06 0 0 6.32583e+48 7.54871e+52 6.54443e+58 0 0 8.92534e+45 0 4.64348e+42 0 0 1
1.91095e-06 0 0 2.53184e+49 8.5854e+52 5.79849e+58 0 0 1.03068e+46 0 4.64348e+42 0 0 1
2.20673e-06 0 0 8.5701e+49 9.7751e+52 5.13376e+58 0 0 1.19021e+46 0 4.64348e+42 0 0 1
2.5483e-06 0 0 2.51022e+50 1.1145e+53 4.54247e+58 0 0 1.37444e+46 0 4.64348e+42 0 0 1
2.94273e-06 0 0 6.48973e+50 1.27278e+53 4.0174e+58 0 0 1.58718e+46 0 4.64348e+42 0 0 1
3.39821e-06 0 0 1.50652e+51 1.4562e+53 3.5518e+58 0 0 1.83284e+46 0 4.64348e+42 0 0 1
3.92419e-06 0 0 3.18699e+51 1.6693e+53 3.13936e+58 0 0 2.11653e+46 0 4.64348e+42 0 0 1
4.53158e-06 0 0 6.22278e+51 1.91739e+53 2.77422e+58 0 0 2.44413e+46 0 4.64348e+42 0 0 1
5.23299e-06 0 0 1.13388e+52 2.20674e+53 2.45101e+58 0 0 2.82244e+46 0 4.64348e+42 0 0 1
6.04296e-06 0 0 1.94656e+52 2.54481e+53 2.1649e+58 0 0 3.2593e+46 0 4.64348e+42 0 0 1
6.97831e-06 0 0 3.17451e+52 2.94055e+53 1.91157e+58 0 0 3.76378e+46 0 4.64348e+42 0 0 1
8.05842e-06 0 0 4.95356e+52 3.40478e+53 1.68722e+58 0 0 4.34635e+46 0 4.64348e+42 0 0 1
9.30572e-06 0 0 7.44228e+52 3.95064e+53 1.48851e+58 0 0 5.01908e+46 0 4.64348e+42 0 0 1
1.07461e-05 0 0 1.0824e+53 4.59388e+53 1.31251e+58 0 0 5.79594e+46 0 4.64348e+42 0 0 1
1.24094e-05 0 0 1.53103e+53 5.35337e+53 1.15666e+58 0 0 6.69305e+46 0 4.64348e+42 0 0 1
1.43301e-05 0 0 2.11451e+53 6.25153e+53 1.01869e+58 0 0 7.72901e+46 0 4.64348e+42 0 0 1
1.65482e-05 0 0 2.86116e+53 7.31505e+53 8.96568e+57 0 0 8.92532e+46 0 4.64348e+42 0 0 1
1.91095e-05 0 0 3.80404e+53 8.57585e+53 7.88516e+57 0 0 1.03068e+47 0 4.64348e+42 0 0 1
2.20673e-05 0 0 4.98207e+53 1.00722e+54 6.92946e+57 0 0 1.19021e+47 0 4.64348e+42 0 0 1
2.5483e-05 0 0 6.44132e+53 1.18498e+54 6.0845e+57 0 0 1.37443e+47 0 4.64348e+42 0 0 1
2.94273e-05 0 0 8.23646e+53 1.39635e+54 5.33778e+57 0 0 1.58717e+47 0 4.64348e+42 0 0 1
3.39821e-05 0 0 1.04325e+54 1.64783e+54 4.67825e+57 0 0 1.83283e+47 0 4.64348e+42 0 0 1
3.92419e-05 0 0 1.31069e+54 1.94722e+54 4.09605e+57 0 0 2.11652e+47 0 4.64348e+42 0 0 1
4.53158e-05 0 0 1.63518e+54 2.30377e+54 3.58245e+57 0 0 2.44411e+47 0 4.64348e+42 0 0 1
5.23299e-05 0 0 2.02773e+54 2.72852e+54 3.12969e+57 0 0 2.82242e+47 0 4.64348e+42 0 0 1
6.04296e-05 0 0 2.50142e+54 3.23464e+54 2.73086e+57 0 0 3.25927e+47 0 4.64348e+42 0 0 1
6.97831e-05 0 0 3.07187e+54 3.83776e+54 2.37983e+57 0 0 3.76374e+47 0 4.64348e+42 0 0 1
8.05842e-05 0 0 3.75764e+54 4.55652e+54 2.07116e+57 0 0 4.34629e+47 0 4.64348e+42 0 0 1
9.30572e-05 0 0 4.58085e+54 5.41305e+54 1.79999e+57 0 0 5.01901e+47 0 4.64348e+42 0 0 1
0.000107461 0 0 5.56777e+54 6.43369e+54 1.56201e+57 0 0 5.79585e+47 0 4.64348e+42 0 0 1
0.000124094 0 0 6.74968e+54 7.64975e+54 1.3534e+57 0 0 6.69292e+47 0 4.64348e+42 0 0 1
0.000143301 0 0 8.16374e+54 9.09844e+54 1.17075e+57 0 0 7.72884e+47 0 4.64348e+42 0 0 1
0.000165482 0 0 9.85416e+54 1.0824e+55 1.01103e+57 0 0 8.92509e+47 0 4.64348e+42 0 0 1
0.000191095 0 0 1.18734e+55 1.28789e+55 8.71545e+56 0 0 1.03065e+48 0 4.64348e+42 0 0 1
0.000220673 0 0 1.4284e+55 1.53258e+55 7.49916e+56 0 0 1.19017e+48 0 4.64348e+42 0 0 1
0.00025483 0 0 1.71601e+55 1.82387e+55 6.44014e+56 0 0 1.37438e+48 0 4.64348e+42 0 0 1
0.000294273 0 0 2.05901e+55 2.17061e+55 5.51955e+56 0 0 1.5871e+48 0 4.64348e+42 0 0 1
0.000339821 0 0 2.46788e+55 2.58331e+55 4.72065e+56 0 0 1.83274e+48 0 4.64348e+42 0 0 1
0.000392419 0 0 2.95511e+55 3.07444e+55 4.0286e+56 0 0 2.11639e+48 0 4.64348e+42 0 0 1
0.000453158 0 0 3.53531e+55 3.65859e+55 3.43025e+56 0 0 2.44395e+48 0 4.64348e+42 0 0 1
0.000523299 0 0 4.22182e+55 4.34902e+55 2.91393e+56 0 0 2.82219e+48 0 4.64348e+42 0 0 1
0.000604296 0 0 5.00756e+55 5.13796e+55 2.46934e+56 0 0 3.25897e+48 0 4.64348e+42 0 0 1
0.000697831 0 0 5.82703e+55 5.95819e+55 2.08735e+56 0 0 3.76334e+48 0 4.64348e+42 0 0 1
0.000805842 0 0 6.54505e+55 6.67244e+55 1.7599e+56 0 0 4.34576e+48 0 4.64348e+42 0 0 1
0.000930572 0 0 7.01234e+55 7.13038e+55 1.47987e+56 0 0 5.0183e+48 0 4.64348e+42 0 0 1
0.00107461 0 0 7.14189e+55 7.24588e+55 1.241e+56 0 0 5.7949e+48 0 4.64348e+42 0 0 1
0.00124094 0 0 6.9385e+55 7.0259e+55 1.03776e+56 0 0 6.69166e+48 0 4.64348e+42 0 0 1
0.00143301 0 0 6.47447e+55 6.54503e+55 8.65312e+55 0 0 7.72716e+48 0 4.64348e+42 0 0 1
0.00165482 0 0 5.84706e+55 5.90221e+55 7.19398e+55 0 0 8.92285e+48 0 4.64348e+42 0 0 1
0.00191095 0 0 5.14615e+55 5.18816e+55 5.96294e+55 0 0 1.03035e+49 0 4.64348e+42 0 0 1
0.00220673 0 0 4.43952e+55 4.47088e+55 4.92744e+55 0 0 1.18977e+49 0 4.64348e+42 0 0 1
0.0025483 0 0 3.77096e+55 3.79402e+55 4.0591e+55 0 0 1.37385e+49 0 4.64348e+42 0 0 1
0.00294273 0 0 3.16451e+55 3.18126e+55 3.33324e+55 0 0 1.58639e+49 0 4.64348e+42 0 0 1
0.00339821 0 0 2.63022e+55 2.64227e+55 2.72843e+55 0 0 1.83179e+49 0 4.64348e+42 0 0 1
0.00392419 0 0 2.16919e+55 2.1778e+55 2.22617e+55 0 0 2.11513e+49 0 4.64348e+42 0 0 1
0.00453158 0 0 1.77745e+55 1.78355e+55 1.81046e+55 0 0 2.44226e+49 0 4.64348e+42 0 0 1
0.00523299 0 0 1.44842e+55 1.45272e+55 1.46756e+55 0 0 2.81994e+49 0 4.64348e+42 0 0 1
0.00604296 0 0 1.17456e+55 1.17759e+55 1.1857e+55 0 0 3.25598e+49 0 4.64348e+42 0 0 1
0.00697831 0 0 9.48308e+54 9.50421e+54 9.54822e+54 0 0 3.75935e+49 0 4.64348e+42 0 0 1
0.00805842 1.2585e-223 1.2585e-223 7.6253e+54 7.64002e+54 7.6637e+54 0 0 4.34043e+49 8.8454e-227 4.64348e+42 0 0 1
0.00930572 2.94891e-151 2.94891e-151 6.10807e+54 6.11827e+54 6.13092e+54 0 0 5.0112e+49 2.24068e-154 4.64348e+42 0 0 1
0.0107461 8.61108e-98 8.61108e-98 4.87489e+54 4.88194e+54 4.88865e+54 0 0 5.78543e+49 7.09929e-101 4.64348e+42 0 0 1
0.0124094 2.6709e-58 2.6709e-58 3.877e+54 3.88186e+54 3.88538e+54 0 0 6.67903e+49 2.39764e-61 4.64348e+42 0 0 1
0.0143301 3.88176e-29 3.88176e-29 3.07284e+54 3.07617e+54 3.07801e+54 0 0 7.71032e+49 3.80725e-32 4.64348e+42 0 0 1
0.0165482 1.30653e-07 1.30653e-07 2.42733e+54 2.42961e+54 2.43057e+54 0 0 8.9004e+49 1.4048e-10 4.64348e+42 0 0 1
0.0191095 9.98201e+08 9.98201e+08 1.91115e+54 1.9127e+54 1.91319e+54 0 0 1.02736e+50 1.18044e+06 4.64348e+42 0 0 1
0.0220673 5.13111e+20 5.13111e+20 1.49989e+54 1.50095e+54 1.5012e+54 0 0 1.18578e+50 6.69536e+17 4.64348e+42 0 0 1
0.025483 2.17306e+29 2.17306e+29 1.1734e+54 1.17412e+54 1.17424e+54 0 0 1.36852e+50 3.13868e+26 4.64348e+42 0 0 1
0.0294273 4.83051e+35 4.83051e+35 9.15122e+53 9.15605e+53 9.15669e+53 0 0 1.57929e+50 7.74703e+32 4.64348e+42 0 0 1
0.0339821 2.21513e+40 2.21513e+40 7.11506e+53 7.11831e+53 7.11863e+53 0 0 1.82233e+50 3.95679e+37 4.64348e+42 0 0 1
0.0392419 5.76338e+43 5.76338e+43 5.51529e+53 5.51747e+53 5.51763e+53 0 0 2.10252e+50 1.15008e+41 4.64348e+42 0 0 1
0.0453158 1.79721e+46 1.79721e+46 4.26259e+53 4.26405e+53 4.26413e+53 0 0 2.42546e+50 4.01834e+43 4.64348e+42 0 0 1
0.0523299 1.16744e+48 1.16744e+48 3.2849e+53 3.28588e+53 3.28591e+53 0 0 2.79754e+50 2.93313e+45 4.64348e+42 0 0 1
0.0604296 2.37701e+49 2.37701e+49 2.52432e+53 2.52497e+53 2.52498e+53 0 0 3.22612e+50 6.72988e+46 4.64348e+42 0 0 1
0.0697831 2.05193e+50 2.05193e+50 1.93451e+53 1.93494e+53 1.93496e+53 0 0 3.71956e+50 6.56465e+47 4.64348e+42 0 0 1
0.0805842 9.38853e+50 9.38853e+50 1.47858e+53 1.47886e+53 1.47887e+53 0 0 4.28741e+50 3.40309e+48 4.64348e+42 0 0 1
0.0930572 2.68546e+51 2.68546e+51 1.12722e+53 1.1274e+53 1.12741e+53 0 0 4.94054e+50 1.10569e+49 4.64348e+42 0 0 1
0.107461 5.42532e+51 5.42532e+51 8.57245e+52 8.57369e+52 8.57371e+52 0 0 5.69129e+50 2.54355e+49 4.64348e+42 0 0 1
0.124094 8.47236e+51 8.47236e+51 6.50417e+52 6.50499e+52 6.505e+52 0 0 6.55363e+50 4.53348e+49 4.64348e+42 0 0 1
0.143301 1.0933e+52 1.0933e+52 4.9241e+52 4.92463e+52 4.92464e+52 0 0 7.54329e+50 6.69164e+49 4.64348e+42 0 0 1
0.165482 1.22482e+52 1.22482e+52 3.72025e+52 3.7206e+52 3.7206e+52 0 0 8.67797e+50 8.5925e+49 4.64348e+42 0 0 1
0.191095 1.23558e+52 1.23558e+52 2.80542e+52 2.80564e+52 2.80564e+52 0 0 9.97743e+50 9.95386e+49 4.64348e+42 0 0 1
0.220673 1.15313e+52 1.15313e+52 2.1119e+52 2.11205e+52 2.11205e+52 0 0 1.14636e+51 1.06862e+50 4.64348e+42 0 0 1
0.25483 1.01579e+52 1.01579e+52 1.58735e+52 1.58745e+52 1.58745e+52 0 0 1.31607e+51 1.08454e+50 4.64348e+42 0 0 1
0.294273 8.57228e+51 8.57228e+51 1.19145e+52 1.19151e+52 1.19151e+52 0 0 1.50952e+51 1.05593e+50 4.64348e+42 0 0 1
0.339821 7.0072e+51 7.0072e+51 8.93215e+51 8.93256e+51 8.93256e+51 0 0 1.72956e+51 9.97017e+49 4.64348e+42 0 0 1
0.392419 5.59379e+51 5.59379e+51 6.68945e+51 6.68972e+51 6.68972e+51 0 0 1.97922e+51 9.20299e+49 4.64348e+42 0 0 1
0.453158 4.38763e+51 4.38763e+51 5.00557e+51 5.00574e+51 5.00574e+51 0 0 2.26166e+51 8.35387e+49 4.64348e+42 0 0 1
0.523299 3.39693e+51 3.39693e+51 3.74298e+51 3.74309e+51 3.74309e+51 0 0 2.5801e+51 7.48996e+49 4.64348e+42 0 0 1
0.604296 2.60467e+51 2.60467e+51 2.79739e+51 2.79746e+51 2.79746e+51 0 0 2.93766e+51 6.65439e+49 4.64348e+42 0 0 1
0.697831 1.98303e+51 1.98303e+51 2.08989e+51 2.08994e+51 2.08994e+51 0 0 3.3372e+51 5.87234e+49 4.64348e+42 0 0 1
0.805842 1.50191e+51 1.50191e+51 1.56097e+51 1.561e+51 1.561e+51 0 0 3.78108e+51 5.15649e+49 4.64348e+42 0 0 1
0.930572 1.13325e+51 1.13325e+51 1.16579e+51 1.16581e+51 1.16581e+51 0 0 4.27081e+51 4.51132e+49 4.64348e+42 0 0 1
1.07461 8.52785e+50 8.52785e+50 8.70682e+50 8.70694e+50 8.70694e+50 0 0 4.80661e+51 3.9362e+49 4.64348e+42 0 0 1
1.24094 6.40545e+50 6.40545e+50 6.50369e+50 6.50377e+50 6.50377e+50 0 0 5.38681e+51 3.42755e+49 4.64348e+42 0 0 1
1.43301 4.80538e+50 4.80538e+50 4.85923e+50 4.85928e+50 4.85928e+50 0 0 6.00717e+51 2.98023e+49 4.64348e+42 0 0 1
1.65482 3.60233e+50 3.60233e+50 3.63181e+50 3.63185e+50 3.63185e+50 0 0 6.66e+51 2.58848e+49 4.64348e+42 0 0 1
1.91095 2.69948e+50 2.69948e+50 2.71561e+50 2.71563e+50 2.71563e+50 0 0 7.33314e+51 2.24642e+49 4.64348e+42 0 0 1
2.20673 2.02275e+50 2.02275e+50 2.03157e+50 2.03159e+50 2.03159e+50 0 0 8.00891e+51 1.94842e+49 4.64348e+42 0 0 1
2.5483 1.51589e+50 1.51589e+50 1.52072e+50 1.52073e+50 1.52073e+50 0 0 8.66306e+51 1.6892e+49 4.64348e+42 0 0 1
2.94273 1.13641e+50 1.13641e+50 1.13906e+50 1.13907e+50 1.13907e+50 0 0 9.2639e+51 1.46401e+49 4.64348e+42 0 0 1
3.39821 8.52323e+49 8.52323e+49 8.53785e+49 8.53789e+49 8.53789e+49 0 0 9.77211e+51 1.26853e+49 4.64348e+42 0 0 1
3.92419 6.39623e+49 6.39623e+49 6.40437e+49 6.40439e+49 6.40439e+49 0 0 1.01414e+52 1.09896e+49 4.64348e+42 0 0 1
4.53158 4.80324e+49 4.80324e+49 4.80783e+49 4.80785e+49 4.80785e+49 0 0 1.03211e+52 9.51929e+48 4.64348e+42 0 0 1
5.23299 3.60965e+49 3.60965e+49 3.6123e+49 3.61231e+49 3.61231e+49 0 0 1.02604e+52 8.2449e+48 4.64348e+42 0 0 1
6.04296 2.71482e+49 2.71482e+49 2.7164e+49 2.71641e+49 2.71641e+49 0 0 9.91646e+51 7.14057e+48 4.64348e+42 0 0 1
6.97831 2.04354e+49 2.04354e+49 2.04453e+49 2.04453e+49 2.04453e+49 0 0 9.26442e+51 6.18379e+48 4.64348e+42 0 0 1
8.05842 1.53961e+49 1.53961e+49 1.54025e+49 1.54026e+49 1.54026e+49 0 0 8.3093e+51 5.35497e+48 4.64348e+42 0 0 1
9.30572 1.161e+49 1.161e+49 1.16145e+49 1.16145e+49 1.16145e+49 0 0 7.09652e+51 4.63705e+48 4.64348e+42 0 0 1
10.7461 8.76317e+48 8.76317e+48 8.76653e+48 8.76654e+48 8.76654e+48 0 0 5.7158e+51 4.01525e+48 4.64348e+42 0 0 1
12.4094 6.62072e+48 6.62072e+48 6.62335e+48 6.62336e+48 6.62336e+48 0 0 4.29329e+51 3.47672e+48 4.64348e+42 0 0 1
14.3301 5.00692e+48 5.00692e+48 5.00905e+48 5.00906e+48 5.00906e+48 0 0 2.96879e+51 3.01032e+48 4.64348e+42 0 0 1
16.5482 3.79019e+48 3.79019e+48 3.79197e+48 3.79197e+48 3.79197e+48 0 0 1.86234e+51 2.60642e+48 4.64348e+42 0 0 1
19.1095 2.87195e+48 2.87195e+48 2.87346e+48 2.87346e+48 2.87346e+48 0 0 1.04232e+51 2.25664e+48 4.64348e+42 0 0 1
22.0673 2.17831e+48 2.17831e+48 2.17961e+48 2.17961e+48 2.17961e+48 0 0 5.10779e+50 1.95373e+48 4.64348e+42 0 0 1
25.483 1.6538e+48 1.6538e+48 1.65493e+48 1.65493e+48 1.65493e+48 0 0 2.14534e+50 1.69141e+48 4.64348e+42 0 0 1
29.4273 1.2568e+48 1.2568e+48 1.25778e+48 1.25778e+48 1.25778e+48 0 0 7.53772e+49 1.46425e+48 4.64348e+42 0 0 1
33.9821 9.55994e+47 9.55994e+47 9.56855e+47 9.56855e+47 9.56855e+47 0 0 2.15464e+49 1.26754e+48 4.64348e+42 0 0 1
39.2419 7.27846e+47 7.27846e+47 7.28601e+47 7.28602e+47 7.28602e+47 0 0 4.85286e+48 1.09719e+48 4.64348e+42 0 0 1
45.3158 5.54627e+47 5.54627e+47 5.55292e+47 5.55292e+47 5.55292e+47 0 0 8.29991e+47 9.4968e+47 4.64348e+42 0 0 1
52.3299 4.2298e+47 4.2298e+47 4.23564e+47 4.23565e+47 4.23565e+47 0 0 1.03299e+47 8.21937e+47 4.64348e+42 0 0 1
60.4296 3.22825e+47 3.22825e+47 3.23341e+47 3.23341e+47 3.23341e+47 0 0 8.90629e+45 7.11317e+47 4.64348e+42 0 0 1
69.7831 2.46556e+47 2.46556e+47 2.4701e+47 2.4701e+47 2.4701e+47 0 0 5.02574e+44 6.15523e+47 4.64348e+42 0 0 1
80.5842 1.8842e+47 1.8842e+47 1.88821e+47 1.88821e+47 1.88821e+47 0 0 1.73824e+43 5.3257e+47 4.64348e+42 0 0 1
93.0572 1.44067e+47 1.44067e+47 1.44421e+47 1.44421e+47 1.44421e+47 0 0 3.41604e+41 4.60736e+47 4.64348e+42 0 0 1
107.461 1.102e+47 1.102e+47 1.10513e+47 1.10513e+47 1.10513e+47 0 0 3.49493e+39 3.98531e+47 4.64348e+42 0 0 1
124.094 8.43202e+46 8.43202e+46 8.45967e+46 8.45967e+46 8.45967e+46 0 0 1.68259e+37 3.44664e+47 4.64348e+42 0 0 1
143.301 6.45307e+46 6.45307e+46 6.47752e+46 6.47752e+46 6.47752e+46 0 0 3.39209e+34 2.98017e+47 4.64348e+42 0 0 1
165.482 4.93896e+46 4.93896e+46 4.96057e+46 4.96057e+46 4.96057e+46 0 0 2.50261e+31 2.57624e+47 4.64348e+42 0 0 1
191.095 3.77998e+46 3.77998e+46 3.79908e+46 3.79908e+46 3.79908e+46 0 0 5.78339e+27 2.22646e+47 4.64348e+42 0 0 1
220.673 2.89255e+46 2.89255e+46 2.90944e+46 2.90944e+46 2.90944e+46 0 0 3.49788e+23 1.92358e+47 4.64348e+42 0 0 1
254.83 2.21293e+46 2.21293e+46 2.22786e+46 2.22786e+46 2.22786e+46 0 0 4.49935e+18 1.6613e+47 4.64348e+42 0 0 1
294.273 1.69245e+46 1.69245e+46 1.70564e+46 1.70564e+46 1.70564e+46 0 0 9.68638e+12 1.43419e+47 4.64348e+42 0 0 1
339.821 1.29389e+46 1.29389e+46 1.30554e+46 1.30554e+46 1.30554e+46 0 0 2.64654e+06 1.23754e+47 4.64348e+42 0 0 1
392.419 9.88763e+45 9.88763e+45 9.99054e+45 9.99054e+45 9.99054e+45 0 0 0.0666711 1.06726e+47 4.64348e+42 0 0 1
453.158 7.55256e+45 7.55256e+45 7.6434e+45 7.6434e+45 7.6434e+45 0 0 1.07078e-10 9.19835e+46 4.64348e+42 0 0 1
523.299 5.7664e+45 5.7664e+45 5.84657e+45 5.84657e+45 5.84657e+45 0 0 7.16026e-21 7.92191e+46 4.64348e+42 0 0 1
604.296 4.40084e+45 4.40084e+45 4.47157e+45 4.47157e+45 4.47157e+45 0 0 1.21881e-32 6.81684e+46 4.64348e+42 0 0 1
697.831 3.3574e+45 3.3574e+45 3.41979e+45 3.41979e+45 3.41979e+45 0 0 2.99205e-46 5.86022e+46 4.64348e+42 0 0 1
805.842 2.56052e+45 2.56052e+45 2.61555e+45 2.61555e+45 2.61555e+45 0 0 5.49635e-62 5.03219e+46 4.64348e+42 0 0 1
930.572 1.95223e+45 1.95223e+45 2.00076e+45 2.00076e+45 2.00076e+45 0 0 3.54161e-80 4.31557e+46 4.64348e+42 0 0 1
1074.61 1.48808e+45 1.48808e+45 1.53087e+45 1.53087e+45 1.53087e+45 0 0 3.33702e-101 3.6955e+46 4.64348e+42 0 0 1
1240.94 1.134e+45 1.134e+45 1.17175e+45 1.17175e+45 1.17175e+45 0 0 1.67397e-125 3.15908e+46 4.64348e+42 0 0 1
1433.01 8.63948e+44 8.63948e+44 8.97238e+44 8.97238e+44 8.97238e+44 0 0 1.39202e-153 2.6952e+46 4.64348e+42 0 0 1
1654.82 6.57984e+44 6.57984e+44 6.87348e+44 6.87348e+44 6.87348e+44 0 0 4.98775e-186 2.2942e+46 4.64348e+42 0 0 1
1910.95 5.00898e+44 5.00898e+44 5.268e+44 5.268e+44 5.268e+44 0 0 1.62479e-223 1.94776e+46 4.64348e+42 0 0 1
2206.73 3.8108e+44 3.8108e+44 4.03926e+44 4.03926e+44 4.03926e+44 0 0 0 1.64865e+46 4.64348e+42 0 0 1
2548.3 2.89681e+44 2.89681e+44 3.09828e+44 3.09828e+44 3.09828e+44 0 0 0 1.39066e+46 4.64348e+42 0 0 1
2942.73 2.19957e+44 2.19957e+44 2.37716e+44 2.37716e+44 2.37716e+44 0 0 0 1.16838e+46 4.64348e+42 0 0 1
3398.21 1.6677e+44 1.6677e+44 1.82413e+44 1.82413e+44 1.82413e+44 0 0 0 9.77159e+45 4.64348e+42 0 0 1
3924.19 1.26205e+44 1.26205e+44 1.39972e+44 1.39972e+44 1.39972e+44 0 0 0 8.12965e+45 4.64348e+42 0 0 1
4531.58 9.52786e+43 9.52786e+43 1.07379e+44 1.07379e+44 1.07379e+44 0 0 0 6.72312e+45 4.64348e+42 0 0 1
5232.99 7.24944e+43 7.24944e+43 8.27517e+43 8.27517e+43 8.27517e+43 0 0 0 5.58172e+45 4.64348e+42 0 0 1
6042.96 5.45533e+43 5.45533e+43 6.34983e+43 6.34983e+43 6.34983e+43 0 0 0 4.56398e+45 4.64348e+42 0 0 1
6978.31 4.09135e+43 4.09135e+43 4.86913e+43 4.86913e+43 4.86913e+43 0 0 0 3.70227e+45 4.64348e+42 0 0 1
8058.42 3.05626e+43 3.05626e+43 3.73021e+43 3.73021e+43 3.73021e+43 0 0 0 2.9766e+45 4.64348e+42 0 0 1
9305.72 2.27263e+43 2.27263e+43 2.85426e+43 2.85426e+43 2.85426e+43 0 0 0 2.36941e+45 4.64348e+42 0 0 1
10746.1 1.68116e+43 1.68116e+43 2.1808e+43 2.1808e+43 2.1808e+43 0 0 0 1.86522e+45 4.64348e+42 0 0 1
12409.4 1.2364e+43 1.2364e+43 1.66338e+43 1.66338e+43 1.66338e+43 0 0 0 1.45031e+45 4.64348e+42 0 0 1
14330.1 9.03471e+42 9.03471e+42 1.26625e+43 1.26625e+43 1.26625e+43 0 0 0 1.1124e+45 4.64348e+42 0 0 1
16548.2 6.55592e+42 6.55592e+42 9.61858e+42 9.61858e+42 9.61858e+42 0 0 0 8.40468e+44 4.64348e+42 0 0 1
19109.5 4.72177e+42 4.72177e+42 7.28959e+42 7.28959e+42 7.28959e+42 0 0 0 6.2461e+44 4.64348e+42 0 0 1
22067.3 3.37412e+42 3.37412e+42 5.51129e+42 5.51129e+42 5.51129e+42 0 0 0 4.55881e+44 4.64348e+42 0 0 1
25483 2.39165e+42 2.39165e+42 4.15672e+42 4.15672e+42 4.15672e+42 0 0 0 3.26249e+44 4.64348e+42 0 0 1
29427.3 1.68146e+42 1.68146e+42 3.12763e+42 3.12763e+42 3.12763e+42 0 0 0 2.28544e+44 4.64348e+42 0 0 1
33982.1 1.1727e+42 1.1727e+42 2.34802e+42 2.34802e+42 2.34802e+42 0 0 0 1.56439e+44 4.64348e+42 0 0 1
39241.9 8.11645e+41 8.11645e+41 1.75913e+42 1.75913e+42 1.75913e+42 0 0 0 1.0444e+44 4.64348e+42 0 0 1
45315.8 5.57833e+41 5.57833e+41 1.3156e+42 1.3156e+42 1.3156e+42 0 0 0 6.78705e+43 4.64348e+42 0 0 1
52329.9 3.8107e+41 3.8107e+41 9.82477e+41 9.82477e+41 9.82477e+41 0 0 0 4.28402e+43 4.64348e+42 0 0 1
60429.6 2.59054e+41 2.59054e+41 7.32933e+41 7.32933e+41 7.32933e+41 0 0 0 2.62028e+43 4.64348e+42 0 0 1
69783.1 1.75511e+41 1.75511e+41 5.46425e+41 5.46425e+41 5.46425e+41 0 0 0 1.5488e+43 4.64348e+42 0 0 1
80584.2 1.1871e+41 1.1871e+41 4.07294e+41 4.07294e+41 4.07294e+41 0 0 0 8.81911e+42 4.64348e+42 0 0 1
93057.2 8.03074e+40 8.03074e+40 3.03655e+41 3.03655e+41 3.03655e+41 0 0 0 4.81951e+42 4.64348e+42 0 0 1
107461 5.44459e+40 5.44459e+40 2.26527e+41 2.26527e+41 2.26527e+41 0 0 0 2.51619e+42 4.64348e+42 0 0 1
124094 3.70663e+40 3.70663e+40 1.69152e+41 1.69152e+41 1.69152e+41 0 0 0 1.248e+42 4.64348e+42 0 0 1
143301 2.53875e+40 2.53875e+40 1.26467e+41 1.26467e+41 1.26467e+41 0 0 0 5.84011e+41 4.64348e+42 0 0 1
165482 1.7524e+40 1.7524e+40 9.46912e+40 9.46912e+40 9.46912e+40 0 0 0 2.55677e+41 4.64348e+42 0 0 1
191095 1.22082e+40 1.22082e+40 7.1013e+40 7.1013e+40 7.1013e+40 0 0 0 1.03646e+41 4.64348e+42 0 0 1
220673 8.59387e+39 8.59387e+39 5.33448e+40 5.33448e+40 5.33448e+40 0 0 0 3.84243e+40 4.64348e+42 0 0 1
254830 6.1181e+39 6.1181e+39 4.014e+40 4.014e+40 4.014e+40 0 0 0 1.28349e+40 4.64348e+42 0 0 1
294273 4.40743e+39 4.40743e+39 3.02538e+40 3.02538e+40 3.02538e+40 0 0 0 3.79545e+39 4.64348e+42 0 0 1
339821 3.21395e+39 3.21395e+39 2.2839e+40 2.2839e+40 2.2839e+40 0 0 0 9.73282e+38 4.64348e+42 0 0 1
392419 2.37269e+39 2.37269e+39 1.72679e+40 1.72679e+40 1.72679e+40 0 0 0 2.11267e+38 4.64348e+42 0 0 1
453158 1.77333e+39 1.77333e+39 1.30751e+40 1.30751e+40 1.30751e+40 0 0 0 3.77451e+37 4.64348e+42 0 0 1
523299 1.34168e+39 1.34168e+39 9.91469e+39 9.91469e+39 9.91469e+39 1.07802e+32 3.83346e+36 0 5.37283e+36 4.64348e+42 0 0 1
604296 1.0274e+39 1.0274e+39 7.52899e+39 7.52899e+39 7.52899e+39 1.67584e+32 3.84939e+36 0 5.86845e+35 4.64348e+42 0 0 1
697831 7.96089e+38 7.96089e+38 5.72563e+39 5.72563e+39 5.72563e+39 2.27367e+32 3.86532e+36 0 4.709e+34 4.64348e+42 0 0 1
805842 6.23967e+38 6.23967e+38 4.36065e+39 4.36065e+39 4.36065e+39 2.87149e+32 3.88124e+36 0 2.63983e+33 4.64348e+42 0 0 1
930572 4.94475e+38 4.94475e+38 3.32611e+39 3.32611e+39 3.32611e+39 3.46931e+32 3.89717e+36 0 9.75464e+31 4.64348e+42 0 0 1
1.07461e+06 3.95962e+38 3.95962e+38 2.54093e+39 2.54093e+39 2.54093e+39 4.40884e+32 3.91706e+36 0 2.2215e+30 4.64348e+42 0 0 1
1.24094e+06 3.20138e+38 3.20138e+38 1.94412e+39 1.94412e+39 1.94412e+39 5.94286e+32 3.92141e+36 0 2.88485e+28 4.64348e+42 0 0 1
1.43301e+06 2.61022e+38 2.61022e+38 1.48972e+39 1.48972e+39 1.48972e+39 7.97091e+32 3.92692e+36 0 1.95242e+26 4.64348e+42 0 0 1
1.65482e+06 2.14319e+38 2.14319e+38 1.14313e+39 1.14313e+39 1.14313e+39 1.06618e+33 3.93396e+36 0 6.20696e+23 4.64348e+42 0 0 1
1.91095e+06 1.76954e+38 1.76954e+38 8.78284e+38 8.78284e+38 8.78284e+38 1.45267e+33 3.94366e+36 0 8.22273e+20 4.64348e+42 0 0 1
2.20673e+06 1.46707e+38 1.46707e+38 6.75544e+38 6.75544e+38 6.75544e+38 1.95011e+33 3.95613e+36 0 3.95384e+17 4.64348e+42 0 0 1
2.5483e+06 1.21965e+38 1.21965e+38 5.20075e+38 5.20075e+38 5.20075e+38 2.60589e+33 3.97244e+36 0 5.88532e+13 4.64348e+42 0 0 1
2.94273e+06 1.01537e+38 1.01537e+38 4.00655e+38 4.00655e+38 4.00655e+38 3.4795e+33 3.99382e+36 0 2.25721e+09 4.64348e+42 0 0 1
3.39821e+06 8.45416e+37 8.45416e+37 3.08782e+38 3.08782e+38 3.08782e+38 4.74508e+33 4.02385e+36 0 18051.9 4.64348e+42 0 0 1
3.92419e+06 7.03154e+37 7.03154e+37 2.38001e+38 2.38001e+38 2.38001e+38 6.40388e+33 4.06307e+36 0 0.0235847 4.64348e+42 0 0 1
4.53158e+06 5.83553e+37 5.83553e+37 1.83401e+38 1.83401e+38 1.83401e+38 8.65087e+33 4.11415e+36 0 3.79861e-09 4.64348e+42 0 0 1
5.23299e+06 4.82739e+37 4.82739e+37 1.41241e+38 1.41241e+38 1.41241e+38 1.16645e+34 4.17991e+36 0 5.45049e-17 4.64348e+42 0 0 1
6.04296e+06 3.97692e+37 3.97692e+37 1.08666e+38 1.08666e+38 1.08666e+38 1.596e+34 4.27069e+36 0 4.78941e-26 4.64348e+42 0 0 1
6.97831e+06 3.26008e+37 3.26008e+37 8.34878e+37 8.34878e+37 8.34878e+37 2.15539e+34 4.38037e+36 0 1.67224e-36 4.64348e+42 0 0 1
8.05842e+06 2.65738e+37 2.65738e+37 6.403e+37 6.403e+37 6.403e+37 2.89173e+34 4.51471e+36 0 1.40814e-48 4.64348e+42 0 0 1
9.30572e+06 2.15267e+37 2.15267e+37 4.90028e+37 4.90028e+37 4.90028e+37 3.87657e+34 4.6689e+36 0 1.607e-62 4.64348e+42 0 0 1
1.07461e+07 1.73229e+37 1.73229e+37 3.74117e+37 3.74117e+37 3.74117e+37 5.234e+34 4.88477e+36 0 1.27771e-78 4.64348e+42 0 0 1
1.24094e+07 1.38442e+37 1.38442e+37 2.8487e+37 2.8487e+37 2.8487e+37 6.92092e+34 5.08691e+36 0 3.28298e-97 4.64348e+42 0 0 1
1.43301e+07 1.09872e+37 1.09872e+37 2.16321e+37 2.16321e+37 2.16321e+37 8.98885e+34 5.28682e+36 0 1.12282e-118 4.64348e+42 0 0 1
1.65482e+07 8.66062e+36 8.66062e+36 1.6383e+37 1.6383e+37 1.6383e+37 1.14713e+35 5.4763e+36 0 1.83555e-143 4.64348e+42 0 0 1
1.91095e+07 6.78367e+36 6.78367e+36 1.23792e+37 1.23792e+37 1.23792e+37 1.45386e+35 5.64507e+36 0 4.3958e-172 4.64348e+42 0 0 1
2.20673e+07 5.28293e+36 5.28293e+36 9.33616e+36 9.33616e+36 9.33616e+36 1.77902e+35 5.78742e+36 0 3.93605e-205 4.64348e+42 0 0 1
2.5483e+07 4.09508e+36 4.09508e+36 7.03436e+36 7.03436e+36 7.03436e+36 2.13296e+35 5.8852e+36 0 2.72263e-243 4.64348e+42 0 0 1
2.94273e+07 3.16346e+36 3.16346e+36 5.30042e+36 5.30042e+36 5.30042e+36 2.48854e+35 5.8859e+36 0 0 4.64348e+42 0 0 1
3.39821e+07 2.43989e+36 2.43989e+36 4.00066e+36 4.00066e+36 4.00066e+36 2.84539e+35 5.77251e+36 0 0 4.64348e+42 0 0 1
3.92419e+07 1.88102e+36 1.88102e+36 3.02759e+36 3.02759e+36 3.02759e+36 3.14205e+35 5.54283e+36 0 0 4.64348e+42 0 0 1
4.53158e+07 1.45316e+36 1.45316e+36 2.30252e+36 2.30252e+36 2.30252e+36 3.40022e+35 5.23855e+36 0 0 4.64348e+42 0 0 1
5.23299e+07 1.12718e+36 1.12718e+36 1.76285e+36 1.76285e+36 1.76285e+36 3.60218e+35 4.88612e+36 0 0 4.64348e+42 0 0 1
6.04296e+07 8.78772e+35 8.78772e+35 1.35984e+36 1.35984e+36 1.35984e+36 3.719e+35 4.44917e+36 0 0 4.64348e+42 0 0 1
6.97831e+07 6.88937e+35 6.88937e+35 1.05719e+36 1.05719e+36 1.05719e+36 3.74003e+35 3.94907e+36 0 0 4.64348e+42 0 0 1
8.05842e+07 5.43351e+35 5.43351e+35 8.28529e+35 8.28529e+35 8.28529e+35 3.67464e+35 3.39084e+36 0 0 4.64348e+42 0 0 1
9.30572e+07 4.30634e+35 4.30634e+35 6.53735e+35 6.53735e+35 6.53735e+35 3.52519e+35 2.7957e+36 0 0 4.64348e+42 0 0 1
1.07461e+08 3.41915e+35 3.41915e+35 5.17627e+35 5.17627e+35 5.17627e+35 3.29061e+35 2.18443e+36 0 0 4.64348e+42 33.6558 0 1
1.24094e+08 2.7224e+35 2.7224e+35 4.1165e+35 4.1165e+35 4.1165e+35 3.01775e+35 1.68952e+36 0 0 4.64348e+42 29.5672 0 1
1.43301e+08 2.16473e+35 2.16473e+35 3.27391e+35 3.27391e+35 3.27391e+35 2.70573e+35 1.28199e+36 0 0 4.64348e+42 25.9752 0 1
1.65482e+08 1.71181e+35 1.71181e+35 2.59273e+35 2.59273e+35 2.59273e+35 2.36486e+35 9.56957e+35 0 0 4.64348e+42 22.8197 0 1
1.91095e+08 1.33058e+35 1.33058e+35 2.02058e+35 2.02058e+35 2.02058e+35 1.98178e+35 6.89802e+35 0 0 4.64348e+42 20.0475 0 1
2.20673e+08 1.03061e+35 1.03061e+35 1.57077e+35 1.57077e+35 1.57077e+35 1.64281e+35 5.07088e+35 0 0 4.64348e+42 17.612 0 1
2.5483e+08 7.89441e+34 7.89441e+34 1.20872e+35 1.20872e+35 1.20872e+35 1.33126e+35 3.69649e+35 0 0 4.64348e+42 15.4725 0 1
2.94273e+08 5.97597e+34 5.97597e+34 9.19942e+34 9.19942e+34 9.19942e+34 1.0556e+35 2.6712e+35 0 0 4.64348e+42 13.5928 0 1
3.39821e+08 4.41825e+34 4.41825e+34 6.84345e+34 6.84345e+34 6.84345e+34 8.04296e+34 1.89401e+35 0 0 4.64348e+42 12.4684 0 1
3.92419e+08 3.27359e+34 3.27359e+34 5.1052e+34 5.1052e+34 5.1052e+34 6.15286e+34 1.37407e+35 0 0 4.64348e+42 11.9415 0 1
4.53158e+08 2.40615e+34 2.40615e+34 3.78038e+34 3.78038e+34 3.78038e+34 4.64703e+34 9.93494e+34 0 0 4.64348e+42 11.4369 0 1
5.23299e+08 1.74827e+34 1.74827e+34 2.76871e+34 2.76871e+34 2.76871e+34 3.44585e+34 7.15996e+34 0 0 4.64348e+42 10.9537 0 1
6.04296e+08 1.26221e+34 1.26221e+34 2.01589e+34 2.01589e+34 2.01589e+34 2.53038e+34 5.10573e+34 0 0 4.64348e+42 10.4908 0 1
6.97831e+08 9.20065e+33 9.20065e+33 1.48252e+34 1.48252e+34 1.48252e+34 1.8894e+34 3.72252e+34 0 0 4.64348e+42 10.0475 0 1
8.05842e+08 6.68071e+33 6.68071e+33 1.08648e+34 1.08648e+34 1.08648e+34 1.40334e+34 2.71013e+34 0 0 4.64348e+42 9.62298 0 1
9.30572e+08 4.82659e+33 4.82659e+33 7.92501e+33 7.92501e+33 7.92501e+33 1.03508e+34 1.96856e+34 0 0 4.64348e+42 9.21636 0 1
1.07461e+09 3.45508e+33 3.45508e+33 5.72941e+33 5.72941e+33 5.72941e+33 7.53099e+33 1.40904e+34 0 0 4.64348e+42 9.24958 0 1
1.24094e+09 2.50642e+33 2.50642e+33 4.1987e+33 4.1987e+33 4.1987e+33 5.61091e+33 1.03265e+34 0 0 4.64348e+42 9.72741 0 1
1.43301e+09 1.81806e+33 1.81806e+33 3.07738e+33 3.07738e+33 3.07738e+33 4.18753e+33 7.54668e+33 0 0 4.64348e+42 10.2299 0 1
1.65482e+09 1.31438e+33 1.31438e+33 2.24853e+33 2.24853e+33 2.24853e+33 3.11447e+33 5.49759e+33 0 0 4.64348e+42 10.7584 0 1
1.91095e+09 9.41583e+32 9.41583e+32 1.62826e+33 1.62826e+33 1.62826e+33 2.28696e+33 3.9362e+33 0 0 4.64348e+42 11.3142 0 1
2.20673e+09 6.82855e+32 6.82855e+32 1.19386e+33 1.19386e+33 1.19386e+33 1.71624e+33 2.88977e+33 0 0 4.64348e+42 11.8986 0 1
2.5483e+09 4.93768e+32 4.93768e+32 8.72908e+32 8.72908e+32 8.72908e+32 1.28399e+33 2.11517e+33 0 0 4.64348e+42 12.5133 0 1
2.94273e+09 3.55567e+32 3.55567e+32 6.35692e+32 6.35692e+32 6.35692e+32 9.55866e+32 1.54288e+33 0 0 4.64348e+42 13.1597 0 1
3.39821e+09 2.527e+32 2.527e+32 4.5694e+32 4.5694e+32 4.5694e+32 6.98325e+32 1.10594e+33 0 0 4.64348e+42 13.8396 0 1
3.92419e+09 1.82139e+32 1.82139e+32 3.33146e+32 3.33146e+32 3.33146e+32 5.22266e+32 8.11968e+32 0 0 4.64348e+42 14.5545 0 1
4.53158e+09 1.30832e+32 1.30832e+32 2.42113e+32 2.42113e+32 2.42113e+32 3.89248e+32 5.93835e+32 0 0 4.64348e+42 15.3064 0 1
5.23299e+09 9.3385e+31 9.3385e+31 1.75133e+32 1.75133e+32 1.75133e+32 2.89075e+32 4.32386e+32 0 0 4.64348e+42 16.0971 0 1
6.04296e+09 6.4081e+31 6.4081e+31 1.23372e+32 1.23372e+32 1.23372e+32 2.10175e+32 3.09595e+32 0 0 4.64348e+42 16.9286 0 1
6.97831e+09 3.88533e+31 3.88533e+31 8.30037e+31 8.30037e+31 8.30037e+31 1.56835e+32 2.2685e+32 0 0 4.64348e+42 17.8032 0 1
8.05842e+09 1.31504e+31 1.31504e+31 4.45578e+31 4.45578e+31 4.45578e+31 1.16626e+32 1.65715e+32 0 0 4.64348e+42 18.7229 0 1
9.30572e+09 8.33952e+29 8.33952e+29 1.61953e+31 1.61953e+31 1.61953e+31 8.6155e+31 1.2068e+32 0 0 4.64348e+42 19.6901 0 1
1.07461e+10 9.88111e+26 9.88111e+26 4.53507e+30 4.53507e+30 4.53507e+30 6.2466e+31 8.66126e+31 0 0 4.64348e+42 22.0926 0 1
1.24094e+10 1.62548e+20 1.62548e+20 1.26993e+30 1.26993e+30 1.26993e+30 4.62139e+31 6.36353e+31 0 0 4.64348e+42 26.4467 0 1
1.43301e+10 498339 498339 3.86147e+29 3.86147e+29 3.86147e+29 3.39702e+31 4.66248e+31 0 0 4.64348e+42 31.659 0 1
1.65482e+10 6.37087e-23 6.37087e-23 1.30477e+29 1.30477e+29 1.30477e+29 2.4888e+31 3.40467e+31 0 0 4.64348e+42 37.8985 0 1
1.91095e+10 4.99537e-71 4.99537e-71 4.81601e+28 4.81601e+28 4.81601e+28 1.787e+31 2.44169e+31 0 0 4.64348e+42 45.3677 0 1
2.20673e+10 4.52964e-146 4.52964e-146 1.9866e+28 1.9866e+28 1.9866e+28 1.31399e+31 1.7938e+31 0 0 4.64348e+42 54.309 34.7254 1
2.5483e+10 3.94738e-253 3.94738e-253 8.87312e+27 8.87312e+27 8.87312e+27 9.62653e+30 1.313e+31 0 0 4.64348e+42 65.0125 22.9578 1
2.94273e+10 0 0 4.24778e+27 4.24778e+27 4.24778e+27 7.02935e+30 9.57362e+30 0 0 4.64348e+42 77.8255 15.5417 1
3.39821e+10 0 0 2.12949e+27 2.12949e+27 2.12949e+27 5.0287e+30 6.84262e+30 0 0 4.64348e+42 93.1638 10.7604 1
3.92419e+10 0 0 1.15291e+27 1.15291e+27 1.15291e+27 3.70019e+30 5.0229e+30 0 0 4.64348e+42 111.525 7.61059 1
4.53158e+10 0 0 6.53203e+26 6.53203e+26 6.53203e+26 2.71581e+30 3.67686e+30 0 0 4.64348e+42 133.505 5.49245 1
5.23299e+10 0 0 3.85059e+26 3.85059e+26 3.85059e+26 1.98954e+30 2.68308e+30 0 0 4.64348e+42 159.817 4.04008 1
6.04296e+10 0 0 2.31662e+26 2.31662e+26 2.31662e+26 1.43124e+30 1.91868e+30 0 0 4.64348e+42 191.314 3.02568 1
6.97831e+10 0 0 1.47231e+26 1.47231e+26 1.47231e+26 1.05828e+30 1.41096e+30 0 0 4.64348e+42 229.019 2.3047 1
8.05842e+10 0 0 9.59785e+25 9.59785e+25 9.59785e+25 7.80169e+29 1.03486e+30 0 0 4.64348e+42 274.156 1.78376 1
9.30572e+10 0 0 6.39655e+25 6.39655e+25 6.39655e+25 5.73385e+29 7.56564e+29 0 0 4.64348e+42 328.187 1.40144 1
1.07461e+11 0 0 4.27628e+25 4.27628e+25 4.27628e+25 4.12726e+29 5.4138e+29 0 0 4.64348e+42 392.868 1.11671 1
1.24094e+11 0 0 2.9837e+25 2.9837e+25 2.9837e+25 3.0481e+29 3.98355e+29 0 0 4.64348e+42 470.297 0.901709 1
1.43301e+11 0 0 2.1115e+25 2.1115e+25 2.1115e+25 2.24242e+29 2.92186e+29 0 0 4.64348e+42 562.985 0.737233 1
1.65482e+11 0 0 1.51201e+25 1.51201e+25 1.51201e+25 1.64255e+29 2.13508e+29 0 0 4.64348e+42 673.941 0.609868 1
1.91095e+11 0 0 1.07584e+25 1.07584e+25 1.07584e+25 1.17742e+29 1.52541e+29 0 0 4.64348e+42 806.765 0.510106 1
2.20673e+11 0 0 7.94889e+24 7.94889e+24 7.94889e+24 8.66684e+28 1.12092e+29 0 0 4.64348e+42 965.766 0.431129 1
2.5483e+11 0 0 5.9197e+24 5.9197e+24 5.9197e+24 6.35606e+28 8.20866e+28 0 0 4.64348e+42 1156.1 0.367983 1
2.94273e+11 0 0 4.43758e+24 4.43758e+24 4.43758e+24 4.64376e+28 5.98755e+28 0 0 4.64348e+42 1383.96 0.317029 1
3.39821e+11 0 0 3.28797e+24 3.28797e+24 3.28797e+24 3.32117e+28 4.26734e+28 0 0 4.64348e+42 0 0.275565 1
3.92419e+11 0 0 2.52191e+24 2.52191e+24 2.52191e+24 2.44081e+28 3.1293e+28 0 0 4.64348e+42 0 0.241562 1
4.53158e+11 0 0 1.94161e+24 1.94161e+24 1.94161e+24 1.78726e+28 2.2864e+28 0 0 4.64348e+42 0 0.213483 1
5.23299e+11 0 0 1.49892e+24 1.49892e+24 1.49892e+24 1.30365e+28 1.6635e+28 0 0 4.64348e+42 0 0.190154 1
6.04296e+11 0 0 1.1388e+24 1.1388e+24 1.1388e+24 9.30123e+27 1.18164e+28 0 0 4.64348e+42 0 0.170669 1
6.97831e+11 0 0 8.9373e+23 8.9373e+23 8.9373e+23 6.8221e+27 8.63969e+27 0 0 4.64348e+42 0 0.154323 1
8.05842e+11 0 0 7.01992e+23 7.01992e+23 7.01992e+23 4.98453e+27 6.29208e+27 0 0 4.64348e+42 0 0.140565 1
9.30572e+11 0 0 5.51439e+23 5.51439e+23 5.51439e+23 3.6271e+27 4.56153e+27 0 0 4.64348e+42 0 0.12896 1
1.07461e+12 0 0 4.24941e+23 4.24941e+23 4.24941e+23 2.57941e+27 3.22519e+27 0 0 4.64348e+42 0 0.119166 1
1.24094e+12 0 0 3.37819e+23 3.37819e+23 3.37819e+23 1.88655e+27 2.34844e+27 0 0 4.64348e+42 0 0.110908 1
1.43301e+12 0 0 2.68226e+23 2.68226e+23 2.68226e+23 1.37413e+27 1.70258e+27 0 0 4.64348e+42 0 0.103969 1
1.65482e+12 0 0 2.12566e+23 2.12566e+23 2.12566e+23 9.96502e+26 1.22813e+27 0 0 4.64348e+42 0 0.098177 1
1.91095e+12 0 0 1.64816e+23 1.64816e+23 1.64816e+23 7.05484e+26 8.62764e+26 0 0 4.64348e+42 0 0.0933933 1
2.20673e+12 0 0 1.31722e+23 1.31722e+23 1.31722e+23 5.13927e+26 6.24624e+26 0 0 4.64348e+42 0 0.0895108 1
2.5483e+12 0 0 1.04954e+23 1.04954e+23 1.04954e+23 3.72698e+26 4.49997e+26 0 0 4.64348e+42 0 0.0864461 1
2.94273e+12 0 0 8.33162e+22 8.33162e+22 8.33162e+22 2.68982e+26 3.22358e+26 0 0 4.64348e+42 0 0.0841374 1
3.39821e+12 0 0 6.45204e+22 6.45204e+22 6.45204e+22 1.89235e+26 2.24436e+26 0 0 4.64348e+42 0 0.082541 1
3.92419e+12 0 0 5.14638e+22 5.14638e+22 5.14638e+22 1.37086e+26 1.61206e+26 0 0 4.64348e+42 0 0.08163 1
4.53158e+12 0 0 4.08367e+22 4.08367e+22 4.08367e+22 9.88082e+25 1.15136e+26 0 0 4.64348e+42 0 0.0813928 1
5.23299e+12 0 0 3.22077e+22 3.22077e+22 3.22077e+22 7.08345e+25 8.16973e+25 0 0 4.64348e+42 0 0.0818329 1
6.04296e+12 0 0 2.46802e+22 2.46802e+22 2.46802e+22 4.93997e+25 5.61811e+25 0 0 4.64348e+42 0 0.0829683 1
6.97831e+12 0 0 1.94552e+22 1.94552e+22 1.94552e+22 3.55104e+25 3.99192e+25 0 0 4.64348e+42 0 0.0848322 1
8.05842e+12 2.74839e-285 2.74839e-285 1.52065e+22 1.52065e+22 1.52065e+22 2.53792e+25 2.81762e+25 0 0 4.64348e+42 0 0.0874729 1
9.30572e+12 2.1201e-253 2.1201e-253 1.17695e+22 1.17695e+22 1.17695e+22 1.80258e+25 1.97362e+25 0 0 4.64348e+42 0 0.0909553 1
1.07461e+13 1.2474e-224 1.2474e-224 8.79627e+21 8.79627e+21 8.79627e+21 1.24194e+25 1.33434e+25 0 0 4.64348e+42 0 0.0953611 1
1.24094e+13 1.08285e-198 1.08285e-198 6.74854e+21 6.74854e+21 6.74854e+21 8.83302e+24 9.34315e+24 0 0 4.64348e+42 0 0.10079 1
1.43301e+13 2.34662e-175 2.34662e-175 5.10841e+21 5.10841e+21 5.10841e+21 6.23988e+24 6.4903e+24 0 0 4.64348e+42 0 0.10736 1
1.65482e+13 2.15473e-154 2.15474e-154 3.80892e+21 3.80892e+21 3.80892e+21 4.37568e+24 4.4674e+24 0 0 4.64348e+42 0 0.115206 1
1.91095e+13 1.33749e-135 1.33749e-135 2.72009e+21 2.72009e+21 2.72009e+21 2.9647e+24 2.95097e+24 0 0 4.64348e+42 0 0.12448 1
2.20673e+13 9.50758e-119 9.5076e-119 1.99032e+21 1.99032e+21 1.99032e+21 2.07807e+24 2.02591e+24 0 0 4.64348e+42 0 0.135345 1
2.5483e+13 1.13423e-103 1.13423e-103 1.42974e+21 1.42974e+21 1.42974e+21 1.44481e+24 1.37743e+24 0 0 4.64348e+42 0 0.147968 1
2.94273e+13 3.35434e-90 3.35435e-90 1.00715e+21 1.00715e+21 1.00715e+21 9.95682e+23 9.26127e+23 0 0 4.64348e+42 0 0.162507 1
3.39821e+13 3.41244e-78 3.41246e-78 6.74204e+20 6.74204e+20 6.74204e+20 6.59166e+23 5.92594e+23 0 0 4.64348e+42 0 0.179093 1
3.92419e+13 1.79241e-67 1.79242e-67 4.63524e+20 4.63524e+20 4.63524e+20 4.52955e+23 3.96203e+23 0 0 4.64348e+42 0 0.197804 1
4.53158e+13 6.2601e-58 6.26017e-58 3.12358e+20 3.12358e+20 3.12358e+20 3.0817e+23 2.61745e+23 0 0 4.64348e+42 0 0.218621 1
5.23299e+13 1.90941e-49 1.90943e-49 2.06292e+20 2.06292e+20 2.06292e+20 2.074e+23 1.70544e+23 0 0 4.64348e+42 0 0.241387 1
6.04296e+13 6.28081e-42 6.28092e-42 1.28714e+20 1.28714e+20 1.28714e+20 1.32967e+23 1.04457e+23 0 0 4.64348e+42 0 0.265741 1
6.97831e+13 3.05751e-35 3.05758e-35 8.31805e+19 8.31805e+19 8.31805e+19 8.89325e+22 6.74059e+22 0 0 4.64348e+42 0 0.291055 1
8.05842e+13 2.55775e-29 2.55781e-29 5.27693e+19 5.27693e+19 5.27693e+19 5.87444e+22 4.28508e+22 0 0 4.64348e+42 0 0.316368 1
9.30572e+13 4.41707e-24 4.4172e-24 3.28624e+19 3.28624e+19 3.28624e+19 3.8279e+22 2.67721e+22 0 0 4.64348e+42 0 0.340344 1
1.07461e+14 1.77363e-19 1.7737e-19 1.91784e+19 1.91784e+19 1.91784e+19 2.34644e+22 1.54345e+22 0 0 4.64348e+42 0 0 1
1.24094e+14 2.15038e-15 2.15051e-15 1.17358e+19 1.17358e+19 1.17358e+19 1.51243e+22 9.49816e+21 0 0 4.64348e+42 0 0 1
1.43301e+14 8.4315e-12 8.43235e-12 7.05432e+18 7.05432e+18 7.05432e+18 9.59452e+21 5.7357e+21 0 0 4.64348e+42 0 0 1
1.65482e+14 1.20491e-08 1.20516e-08 4.16229e+18 4.16229e+18 4.16229e+18 5.98155e+21 3.38816e+21 0 0 4.64348e+42 0 0 1
1.91095e+14 6.56787e-06 6.5707e-06 2.26491e+18 2.26491e+18 2.26491e+18 3.44083e+21 1.79471e+21 0 0 4.64348e+42 0 0 1
2.20673e+14 0.00173683 0.0017383 1.31245e+18 1.31245e+18 1.31245e+18 2.10766e+21 1.03637e+21 0 0 4.64348e+42 0 0 1
2.5483e+14 0.223563 0.223905 7.45238e+17 7.45238e+17 7.45238e+17 1.26442e+21 5.84332e+20 0 0 4.64348e+42 0 0 1
2.94273e+14 15.1146 15.1534 4.14121e+17 4.14121e+17 4.14121e+17 7.41666e+20 3.20343e+20 0 0 4.64348e+42 0 0 1
3.39821e+14 526.368 528.475 2.06101e+17 2.06101e+17 2.06101e+17 3.89151e+20 1.50466e+20 0 0 4.64348e+42 0 0 1
3.92419e+14 12212.3 12283.7 1.11694e+17 1.11694e+17 1.11694e+17 2.22018e+20 7.97821e+19 0 0 4.64348e+42 0 0 1
4.53158e+14 178439 179877 5.89624e+16 5.89624e+16 5.89624e+16 1.23179e+20 4.10482e+19 0 0 4.64348e+42 0 0 1
5.23299e+14 1.72244e+06 1.74064e+06 3.02772e+16 3.02772e+16 3.02772e+16 6.63583e+19 2.03791e+19 0 0 4.64348e+42 0 0 1
6.04296e+14 1.00459e+07 1.01789e+07 1.32375e+16 1.32375e+16 1.32375e+16 3.03785e+19 8.04548e+18 0 0 4.64348e+42 0 0 1
6.97831e+14 4.88133e+07 4.95933e+07 6.534e+15 6.534e+15 6.534e+15 1.56693e+19 3.80219e+18 0 0 4.64348e+42 0 0 1
8.05842e+14 1.74723e+08 1.77979e+08 3.10935e+15 3.10935e+15 3.10935e+15 7.77591e+18 1.73071e+18 0 0 4.64348e+42 0 0 1
9.30572e+14 4.75048e+08 4.8507e+08 1.42611e+15 1.42611e+15 1.42611e+15 3.71136e+18 7.53279e+17 0 0 4.64348e+42 0 0 1
1.07461e+15 8.1714e+08 8.36156e+08 5.10843e+14 5.10843e+14 5.10843e+14 1.38051e+18 2.29568e+17 0 0 4.64348e+42 0 0 1
1.24094e+15 1.40091e+09 1.43605e+09 2.19714e+14 2.19714e+14 2.19714e+14 6.15259e+17 9.25862e+16 0 0 4.64348e+42 0 0 1
1.43301e+15 1.92898e+09 1.98009e+09 8.94787e+13 8.94787e+13 8.94787e+13 2.59087e+17 3.56786e+16 0 0 4.64348e+42 0 0 1
1.65482e+15 2.18016e+09 2.24009e+09 3.45931e+13 3.45931e+13 3.45931e+13 1.03353e+17 1.30441e+16 0 0 4.64348e+42 0 0 1
1.91095e+15 1.46991e+09 1.51117e+09 9.07183e+12 9.07183e+12 9.07183e+12 2.79079e+16 2.64751e+15 0 0 4.64348e+42 0 0 1
2.20673e+15 1.17739e+09 1.21067e+09 3.16589e+12 3.16589e+12 3.16589e+12 1.00077e+16 8.47632e+14 0 0 4.64348e+42 0 0 1
2.5483e+15 7.80342e+08 8.02268e+08 1.01048e+12 1.01048e+12 1.01048e+12 3.27559e+15 2.5683e+14 0 0 4.64348e+42 0 0 1
2.94273e+15 4.32723e+08 4.44677e+08 2.94789e+11 2.94789e+11 2.94789e+11 9.77992e+14 7.43276e+13 0 0 4.64348e+42 0 0 1
3.39821e+15 1.23208e+08 1.26521e+08 4.77395e+10 4.77395e+10 4.77395e+10 1.61777e+14 7.87421e+12 0 0 4.64348e+42 0 0 1
3.92419e+15 5.0839e+07 5.21578e+07 1.20022e+10 1.20022e+10 1.20022e+10 4.14659e+13 1.75538e+12 0 0 4.64348e+42 0 0 1
4.53158e+15 1.69616e+07 1.73827e+07 2.59252e+09 2.59252e+09 2.59252e+09 9.11453e+12 3.5829e+11 0 0 4.64348e+42 0 0 1
5.23299e+15 4.4157e+06 4.51989e+06 4.60994e+08 4.60994e+08 4.60994e+08 1.64628e+12 7.1436e+10 0 0 4.64348e+42 0 0 1
6.04296e+15 466695 477092 3.48871e+07 3.48871e+07 3.48871e+07 1.2633e+11 3.01029e+09 0 0 4.64348e+42 0 0 1
6.97831e+15 90719 92616.6 5.06216e+06 5.06216e+06 5.06216e+06 1.85553e+10 3.71304e+08 0 0 4.64348e+42 0 0 1
8.05842e+15 13183.6 13441.2 569636 569636 569636 2.11008e+09 3.74971e+07 0 0 4.64348e+42 0 0 1
9.30572e+15 1295.92 1319.46 44781.3 44781.3 44781.3 1.67366e+08 3.61562e+06 0 0 4.64348e+42 0 0 1
1.07461e+16 32.4366 32.9822 922.288 922.288 922.288 3.47239e+06 43472.8 0 0 4.64348e+42 0 0 1
1.24094e+16 2.16595 2.19956 51.9604 51.9604 51.9604 196776 2003.7 0 0 4.64348e+42 0 0 1
1.43301e+16 0.0888139 0.0900809 1.83772 1.83772 1.83772 6990.05 60.0053 0 0 4.64348e+42 0 0 1
1.65482e+16 0.00208848 0.00211578 0.0380043 0.0380043 0.0380043 144.985 1.29942 0 0 4.64348e+42 0 0 1
1.91095e+16 5.75407e-06 5.82283e-06 9.36711e-05 9.36711e-05 9.36711e-05 0.35793 0.002517 0 0 4.64348e+42 0 0 1
2.20673e+16 6.19731e-08 6.26483e-08 9.16199e-07 9.16199e-07 9.16199e-07 0.00350197 2.18521e-05 0 0 4.64348e+42 0 0 1
2.5483e+16 2.52357e-10 2.54858e-10 3.43321e-09 3.43321e-09 3.43321e-09 1.31101e-05 7.77669e-08 0 0 4.64348e+42 0 0 1
2.94273e+16 3.86052e-13 3.89525e-13 4.88966e-12 4.88966e-12 4.88966e-12 1.86312e-08 1.09377e-10 0 0 4.64348e+42 0 0 1
3.39821e+16 3.60383e-17 3.6332e-17 4.29325e-16 4.29325e-16 4.29325e-16 1.63041e-12 9.41277e-15 0 0 4.64348e+42 0 0 1
3.92419e+16 9.34318e-21 9.41203e-21 1.05635e-19 1.05635e-19 1.05635e-19 3.99375e-16 2.29516e-18 0 0 4.64348e+42 0 0 1
4.53158e+16 4.70671e-25 4.73802e-25 5.0904e-24 5.0904e-24 5.0904e-24 1.91391e-20 1.09897e-22 0 0 4.64348e+42 0 0 1
5.23299e+16 4.42633e-30 4.45288e-30 4.6112e-29 4.6112e-29 4.6112e-29 1.7224e-25 9.88798e-28 0 0 4.64348e+42 0 0 1
6.04296e+16 1.14495e-36 1.15113e-36 1.15595e-35 1.15595e-35 1.15595e-35 4.28533e-32 2.45998e-34 0 0 4.64348e+42 0 0 1
6.97831e+16 3.33723e-43 3.35342e-43 3.28281e-42 3.28281e-42 3.28281e-42 1.2067e-38 6.9274e-41 0 0 4.64348e+42 0 0 1
8.05842e+16 6.62625e-51 6.65512e-51 6.38083e-50 6.38083e-50 6.38083e-50 2.32365e-46 1.33388e-48 0 0 4.64348e+42 0 0 1
9.30572e+16 0 0 0 0 0 0 0 0 0 4.64348e+42 0 0 1