
1.07461e-07 0 0 0 7.59658e+48 6.58866e+58 0 0 7.69217e+40 0 4.64348e+42 0 0 0
1.24094e-07 0 0 0 8.7482e+48 5.96966e+58 0 0 8.88278e+40 0 4.64348e+42 0 0 0
1.43301e-07 0 0 0 1.00713e+49 5.40714e+58 0 0 1.02577e+41 0 4.64348e+42 0 0 0
1.65482e-07 0 0 0 1.15904e+49 4.89594e+58 0 0 1.18454e+41 0 4.64348e+42 0 0 0
1.91095e-07 0 0 0 1.33336e+49 4.43137e+58 0 0 1.36788e+41 0 4.64348e+42 0 0 0
2.20673e-07 0 0 0 1.53323e+49 4.00916e+58 0 0 1.57961e+41 0 4.64348e+42 0 0 0
2.5483e-07 0 0 0 1.76222e+49 3.62544e+58 0 0 1.8241e+41 0 4.64348e+42 0 0 0
2.94273e-07 0 0 0 2.02432e+49 3.2767e+58 0 0 2.10644e+41 0 4.64348e+42 0 0 0
3.39821e-07 0 0 0 2.32401e+49 2.95973e+58 0 0 2.43248e+41 0 4.64348e+42 0 0 0
3.92419e-07 0 0 0 2.66628e+49 2.67163e+58 0 0 2.80898e+41 0 4.64348e+42 0 0 0
4.53158e-07 0 0 0 3.05668e+49 2.40978e+58 0 0 3.24376e+41 0 4.64348e+42 0 0 0
5.23299e-07 0 0 0 3.50132e+49 2.17178e+58 0 0 3.74584e+41 0 4.64348e+42 0 0 0
6.04296e-07 0 0 0 4.0069e+49 1.95547e+58 0 0 4.32563e+41 0 4.64348e+42 0 0 0
6.97831e-07 0 0 0 4.58072e+49 1.75887e+58 0 0 4.99516e+41 0 4.64348e+42 0 0 0
8.05842e-07 0 0 0 5.23061e+49 1.58019e+58 0 0 5.76832e+41 0 4.64348e+42 0 0 0
9.30572e-07 0 0 1.45693e-239 5.96493e+49 1.41782e+58 0 0 6.66115e+41 0 4.64348e+42 0 0 0
1.07461e-06 0 0 8.02023e-201 6.79246e+49 1.27029e+58 0 0 7.69217e+41 0 4.64348e+42 0 0 0
1.24094e-06 0 0 2.8784e-167 7.72226e+49 1.13626e+58 0 0 8.88278e+41 0 4.64348e+42 0 0 0
1.43301e-06 0 0 3.33607e-138 8.76347e+49 1.01453e+58 0 0 1.02577e+42 0 4.64348e+42 0 0 0
1.65482e-06 0 0 4.99094e-113 9.92502e+49 9.0401e+57 0 0 1.18454e+42 0 4.64348e+42 0 0 0
1.91095e-06 0 0 3.19933e-91 1.12153e+50 8.0371e+57 0 0 1.36788e+42 0 4.64348e+42 0 0 0
2.20673e-06 0 0 2.48351e-72 1.26418e+50 7.12737e+57 0 0 1.57961e+42 0 4.64348e+42 0 0 0
2.5483e-06 0 0 5.73991e-56 1.42102e+50 6.30286e+57 0 0 1.8241e+42 0 4.64348e+42 0 0 0
2.94273e-06 0 0 8.60753e-42 1.59243e+50 5.55629e+57 0 0 2.10644e+42 0 4.64348e+42 0 0 0
3.39821e-06 0 0 1.64405e-29 1.77843e+50 4.8811e+57 0 0 2.43248e+42 0 4.64348e+42 0 0 0
3.92419e-06 0 0 7.17213e-19 1.9787e+50 4.27137e+57 0 0 2.80898e+42 0 4.64348e+42 0 0 0
4.53158e-06 0 0 1.18489e-09 2.19235e+50 3.72179e+57 0 0 3.24376e+42 0 4.64348e+42 0 0 0
5.23299e-06 0 0 0.114852 2.41794e+50 3.22756e+57 0 0 3.74584e+42 0 4.64348e+42 0 0 0
6.04296e-06 0 0 954186 2.6533e+50 2.78436e+57 0 0 4.32563e+42 0 4.64348e+42 0 0 0
6.97831e-06 0 0 9.43359e+11 2.89553e+50 2.3883e+57 0 0 4.99516e+42 0 4.64348e+42 0 0 0
8.05842e-06 0 0 1.47452e+17 3.14097e+50 2.03583e+57 0 0 5.76832e+42 0 4.64348e+42 0 0 0
9.30572e-06 0 0 4.65992e+21 3.38528e+50 1.72374e+57 0 0 6.66115e+42 0 4.64348e+42 0 0 0
1.07461e-05 0 0 3.6844e+25 3.62368e+50 1.44907e+57 0 0 7.69217e+42 0 4.64348e+42 0 0 0
1.24094e-05 0 0 8.76483e+28 3.85126e+50 1.20904e+57 0 0 8.88278e+42 0 4.64348e+42 0 0 0
1.43301e-05 0 0 7.36132e+31 4.06349e+50 1.00104e+57 0 0 1.02577e+43 0 4.64348e+42 0 0 0
1.65482e-05 0 0 2.50754e+34 4.25699e+50 8.22543e+56 0 0 1.18454e+43 0 4.64348e+42 0 0 0
1.91095e-05 0 0 3.90804e+36 4.43032e+50 6.71061e+56 0 0 1.36788e+43 0 4.64348e+42 0 0 0
2.20673e-05 0 0 3.09501e+38 4.58497e+50 5.44108e+56 0 0 1.57961e+43 0 4.64348e+42 0 0 0
2.5483e-05 0 0 1.36505e+40 4.72626e+50 4.39168e+56 0 0 1.8241e+43 0 4.64348e+42 0 0 0
2.94273e-05 0 0 3.63303e+41 4.86393e+50 3.53684e+56 0 0 2.10644e+43 0 4.64348e+42 0 0 0
3.39821e-05 0 0 6.2607e+42 5.01228e+50 2.85068e+56 0 0 2.43248e+43 0 4.64348e+42 0 0 0
3.92419e-05 0 0 7.43099e+43 5.18943e+50 2.30745e+56 0 0 2.80898e+43 0 4.64348e+42 0 0 0
4.53158e-05 0 0 6.41111e+44 5.41572e+50 1.88203e+56 0 0 3.24376e+43 0 4.64348e+42 0 0 0
5.23299e-05 0 0 4.21112e+45 5.71121e+50 1.55082e+56 0 0 3.74584e+43 0 4.64348e+42 0 0 0
6.04296e-05 0 0 2.18977e+46 6.09275e+50 1.29252e+56 0 0 4.32563e+43 0 4.64348e+42 0 0 0
6.97831e-05 0 0 9.31017e+46 6.57148e+50 1.08889e+56 0 0 4.99516e+43 0 4.64348e+42 0 0 0
8.05842e-05 0 0 3.32323e+47 7.15157e+50 9.25255e+55 0 0 5.76832e+43 0 4.64348e+42 0 0 0
9.30572e-05 0 0 1.01787e+48 7.83096e+50 7.90523e+55 0 0 6.66115e+43 0 4.64348e+42 0 0 0
0.000107461 0 0 2.72531e+48 8.60388e+50 6.76935e+55 0 0 7.69217e+43 0 4.64348e+42 0 0 0
0.000124094 0 0 6.48347e+48 9.46441e+50 5.79413e+55 0 0 8.88278e+43 0 4.64348e+42 0 0 0
0.000143301 0 0 1.39074e+49 1.04098e+51 4.94801e+55 0 0 1.02577e+44 0 4.64348e+42 0 0 0
0.000165482 0 0 2.72607e+49 1.14425e+51 4.21143e+55 0 0 1.18454e+44 0 4.64348e+42 0 0 0
0.000191095 0 0 4.9424e+49 1.25715e+51 3.57129e+55 0 0 1.36788e+44 0 4.64348e+42 0 0 0
0.000220673 0 0 8.37867e+49 1.38116e+51 3.01749e+55 0 0 1.57961e+44 0 4.64348e+42 0 0 0
0.00025483 0 0 1.34104e+50 1.51837e+51 2.54113e+55 0 0 1.8241e+44 0 4.64348e+42 0 0 0
0.000294273 0 0 2.04371e+50 1.67144e+51 2.13383e+55 0 0 2.10644e+44 0 4.64348e+42 0 0 0
0.000339821 0 0 2.98757e+50 1.84357e+51 1.78753e+55 0 0 2.43247e+44 0 4.64348e+42 0 0 0
0.000392419 0 0 4.21592e+50 2.03845e+51 1.4945e+55 0 0 2.80898e+44 0 4.64348e+42 0 0 0
0.000453158 0 0 5.77414e+50 2.26027e+51 1.2475e+55 0 0 3.24375e+44 0 4.64348e+42 0 0 0
0.000523299 0 0 7.7106e+50 2.51375e+51 1.03984e+55 0 0 3.74583e+44 0 4.64348e+42 0 0 0
0.000604296 0 0 1.00783e+51 2.80432e+51 8.65549e+54 0 0 4.32561e+44 0 4.64348e+42 0 0 0
0.000697831 0 0 1.29372e+51 3.13843e+51 7.19421e+54 0 0 4.99514e+44 0 4.64348e+42 0 0 0
0.000805842 0 0 1.63589e+51 3.52402e+51 5.97006e+54 0 0 5.76829e+44 0 4.64348e+42 0 0 0
0.000930572 0 0 2.04308e+51 3.97097e+51 4.94557e+54 0 0 6.66111e+44 0 4.64348e+42 0 0 0
0.00107461 0 0 2.52616e+51 4.49147e+51 4.08939e+54 0 0 7.69213e+44 0 4.64348e+42 0 0 0
0.00124094 0 0 3.0986e+51 5.10028e+51 3.37513e+54 0 0 8.88272e+44 0 4.64348e+42 0 0 0
0.00143301 0 0 3.77687e+51 5.81502e+51 2.78043e+54 0 0 1.02576e+45 0 4.64348e+42 0 0 0
0.00165482 0 0 4.58105e+51 6.65677e+51 2.28628e+54 0 0 1.18453e+45 0 4.64348e+42 0 0 0
0.00191095 0 0 5.53575e+51 7.65105e+51 1.87647e+54 0 0 1.36787e+45 0 4.64348e+42 0 0 0
0.00220673 0 0 6.6713e+51 8.82911e+51 1.53727e+54 0 0 1.57959e+45 0 4.64348e+42 0 0 0
0.0025483 0 0 8.02519e+51 1.02294e+52 1.25707e+54 0 0 1.82408e+45 0 4.64348e+42 0 0 0
0.00294273 0 0 9.64357e+51 1.18989e+52 1.02605e+54 0 0 2.10641e+45 0 4.64348e+42 0 0 0
0.00339821 0 0 1.15831e+52 1.3895e+52 8.3597e+53 0 0 2.43243e+45 0 4.64348e+42 0 0 0
0.00392419 0 0 1.3913e+52 1.62878e+52 6.79885e+53 0 0 2.80892e+45 0 4.64348e+42 0 0 0
0.00453158 0 0 1.67189e+52 1.91635e+52 5.51972e+53 0 0 3.24368e+45 0 4.64348e+42 0 0 0
0.00523299 0 0 2.01055e+52 2.26276e+52 4.47354e+53 0 0 3.74573e+45 0 4.64348e+42 0 0 0
0.00604296 0 0 2.4202e+52 2.68099e+52 3.61957e+53 0 0 4.32549e+45 0 4.64348e+42 0 0 0
0.00697831 0 0 2.91642e+52 3.18668e+52 2.92383e+53 0 0 4.99497e+45 0 4.64348e+42 0 0 0
0.00805842 0 0 3.51257e+52 3.79275e+52 2.35809e+53 0 0 5.76806e+45 0 4.64348e+42 0 0 0
0.00930572 0 0 4.18794e+52 4.4757e+52 1.8989e+53 0 0 6.66081e+45 0 4.64348e+42 0 0 0
0.0107461 0 0 4.8341e+52 5.12045e+52 1.52688e+53 0 0 7.69172e+45 0 4.64348e+42 0 0 0
0.0124094 0 0 5.27608e+52 5.54567e+52 1.22601e+53 0 0 8.88218e+45 0 4.64348e+42 0 0 0
0.0143301 0 0 5.38765e+52 5.62525e+52 9.83083e+52 0 0 1.02569e+46 0 4.64348e+42 0 0 0
0.0165482 0 0 5.16563e+52 5.36232e+52 7.87271e+52 0 0 1.18443e+46 0 4.64348e+42 0 0 0
0.0191095 0 0 4.70102e+52 4.85564e+52 6.29682e+52 0 0 1.36774e+46 0 4.64348e+42 0 0 0
0.0220673 0 0 4.11076e+52 4.22759e+52 5.03046e+52 0 0 1.57942e+46 0 4.64348e+42 0 0 0
0.025483 0 0 3.49123e+52 3.57699e+52 4.0143e+52 0 0 1.82385e+46 0 4.64348e+42 0 0 0
0.0294273 0 0 2.90409e+52 2.96577e+52 3.20003e+52 0 0 2.1061e+46 0 4.64348e+42 0 0 0
0.0339821 0 0 2.38072e+52 2.42444e+52 2.54839e+52 0 0 2.43203e+46 0 4.64348e+42 0 0 0
0.0392419 0 0 1.93188e+52 1.96256e+52 2.02754e+52 0 0 2.80838e+46 0 4.64348e+42 0 0 0
0.0453158 0 0 1.55651e+52 1.5779e+52 1.61172e+52 0 0 3.24296e+46 0 4.64348e+42 0 0 0
0.0523299 0 0 1.24778e+52 1.26261e+52 1.28012e+52 0 0 3.74477e+46 0 4.64348e+42 0 0 0
0.0604296 0 0 9.9668e+51 1.00693e+52 1.01595e+52 0 0 4.32421e+46 0 4.64348e+42 0 0 0
0.0697831 0 0 7.94016e+51 8.01083e+51 8.05717e+51 0 0 4.99326e+46 0 4.64348e+42 0 0 0
0.0805842 0 0 6.31315e+51 6.36179e+51 6.38551e+51 0 0 5.76579e+46 0 4.64348e+42 0 0 0
0.0930572 0 0 5.01194e+51 5.04535e+51 5.05746e+51 0 0 6.65778e+46 0 4.64348e+42 0 0 0
0.107461 0 0 3.97414e+51 3.99708e+51 4.00325e+51 0 0 7.68768e+46 0 4.64348e+42 0 0 0
0.124094 0 0 3.14815e+51 3.16388e+51 3.16702e+51 0 0 8.87679e+46 0 4.64348e+42 0 0 0
0.143301 0 0 2.49179e+51 2.50257e+51 2.50416e+51 0 0 1.02497e+47 0 4.64348e+42 0 0 0
0.165482 0 0 1.97088e+51 1.97826e+51 1.97907e+51 0 0 1.18347e+47 0 4.64348e+42 0 0 0
0.191095 0 0 1.5579e+51 1.56295e+51 1.56335e+51 0 0 1.36646e+47 0 4.64348e+42 0 0 0
0.220673 0 0 1.23076e+51 1.23421e+51 1.23442e+51 0 0 1.57771e+47 0 4.64348e+42 0 0 0
0.25483 0 0 9.71813e+50 9.74175e+50 9.74279e+50 0 0 1.82157e+47 0 4.64348e+42 0 0 0
0.294273 0 0 7.66979e+50 7.68593e+50 7.68645e+50 0 0 2.10307e+47 0 4.64348e+42 0 0 0
0.339821 0 0 6.05042e+50 6.06144e+50 6.06171e+50 0 0 2.42798e+47 0 4.64348e+42 0 0 0
0.392419 0 0 4.77085e+50 4.77837e+50 4.7785e+50 0 0 2.80299e+47 0 4.64348e+42 0 0 0
0.453158 0 0 3.76026e+50 3.76539e+50 3.76546e+50 0 0 3.23577e+47 0 4.64348e+42 0 0 0
0.523299 0 0 2.96246e+50 2.96596e+50 2.966e+50 0 0 3.73518e+47 0 4.64348e+42 0 0 0
0.604296 0 0 2.33292e+50 2.33531e+50 2.33532e+50 0 0 4.31142e+47 0 4.64348e+42 0 0 0
0.697831 0 0 1.83634e+50 1.83797e+50 1.83799e+50 0 0 4.97621e+47 0 4.64348e+42 0 0 0
0.805842 0 0 1.44482e+50 1.44593e+50 1.44594e+50 0 0 5.74306e+47 0 4.64348e+42 0 0 0
0.930572 0 0 1.13624e+50 1.137e+50 1.137e+50 0 0 6.62748e+47 0 4.64348e+42 0 0 0
1.07461 0 0 8.93127e+49 8.93642e+49 8.93644e+49 0 0 7.64729e+47 0 4.64348e+42 0 0 0
1.24094 0 0 7.01671e+49 7.02021e+49 7.02022e+49 0 0 8.82294e+47 0 4.64348e+42 0 0 0
1.43301 0 0 5.50958e+49 5.51196e+49 5.51196e+49 0 0 1.01779e+48 0 4.64348e+42 0 0 0
1.65482 0 0 4.3237e+49 4.32531e+49 4.32531e+49 0 0 1.1739e+48 0 4.64348e+42 0 0 0
1.91095 0 0 3.39101e+49 3.39211e+49 3.39211e+49 0 0 1.35371e+48 0 4.64348e+42 0 0 0
2.20673 0 0 2.65782e+49 2.65856e+49 2.65856e+49 0 0 1.56072e+48 0 4.64348e+42 0 0 0
2.5483 0 0 2.08175e+49 2.08225e+49 2.08225e+49 0 0 1.79893e+48 0 4.64348e+42 0 0 0
2.94273 2.46877e-197 2.46877e-197 1.62937e+49 1.62972e+49 1.62972e+49 0 0 2.07289e+48 3.50709e-197 4.64348e+42 0 0 0
3.39821 7.11896e-129 7.11896e-129 1.27435e+49 1.27458e+49 1.27458e+49 0 0 2.38778e+48 1.11889e-128 4.64348e+42 0 0 0
3.92419 4.36054e-79 4.36054e-79 9.9589e+48 9.96047e+48 9.96047e+48 0 0 2.74943e+48 7.58762e-79 4.64348e+42 0 0 0
4.53158 5.58917e-43 5.58917e-43 7.77639e+48 7.77745e+48 7.77745e+48 0 0 3.16444e+48 1.07747e-42 4.64348e+42 0 0 0
5.23299 7.06681e-17 7.06681e-17 6.06698e+48 6.0677e+48 6.0677e+48 0 0 3.6402e+48 1.51037e-16 4.64348e+42 0 0 0
6.04296 441.902 441.902 4.72914e+48 4.72962e+48 4.72962e+48 0 0 4.18496e+48 1047.83 4.64348e+42 0 0 0
6.97831 1.31401e+16 1.31401e+16 3.68294e+48 3.68327e+48 3.68327e+48 0 0 4.80789e+48 3.45923e+16 4.64348e+42 0 0 0
8.05842 5.29268e+25 5.29268e+25 2.86552e+48 2.86574e+48 2.86574e+48 0 0 5.51909e+48 1.548e+26 4.64348e+42 0 0 0
9.30572 3.35907e+32 3.35907e+32 2.22742e+48 2.22756e+48 2.22756e+48 0 0 6.32957e+48 1.09225e+33 4.64348e+42 0 0 0
10.7461 2.0215e+37 2.0215e+37 1.72976e+48 1.72986e+48 1.72986e+48 0 0 7.25118e+48 7.31242e+37 4.64348e+42 0 0 0
12.4094 4.27569e+40 4.27569e+40 1.34203e+48 1.3421e+48 1.3421e+48 0 0 8.29651e+48 1.72159e+41 4.64348e+42 0 0 0
14.3301 8.25092e+42 8.25092e+42 1.04025e+48 1.04029e+48 1.04029e+48 0 0 9.47865e+48 3.69986e+43 4.64348e+42 0 0 0
16.5482 2.90324e+44 2.90324e+44 8.05604e+47 8.05635e+47 8.05635e+47 0 0 1.08108e+49 1.45047e+45 4.64348e+42 0 0 0
19.1095 3.07304e+45 3.07304e+45 6.23356e+47 6.23376e+47 6.23376e+47 0 0 1.23058e+49 1.71107e+46 4.64348e+42 0 0 0
22.0673 1.4027e+46 1.4027e+46 4.81955e+47 4.81969e+47 4.81969e+47 0 0 1.39753e+49 8.70587e+46 4.64348e+42 0 0 0
25.483 3.57171e+46 3.57171e+46 3.72364e+47 3.72373e+47 3.72373e+47 0 0 1.58286e+49 2.47101e+47 4.64348e+42 0 0 0
29.4273 6.08993e+46 6.08993e+46 2.87515e+47 2.87521e+47 2.87521e+47 0 0 1.78714e+49 4.6954e+47 4.64348e+42 0 0 0
33.9821 7.90489e+46 7.90489e+46 2.2189e+47 2.21894e+47 2.21894e+47 0 0 2.01037e+49 6.78938e+47 4.64348e+42 0 0 0
39.2419 8.5399e+46 8.5399e+46 1.71186e+47 1.71188e+47 1.71188e+47 0 0 2.25177e+49 8.16488e+47 4.64348e+42 0 0 0
45.3158 8.16329e+46 8.16329e+46 1.32048e+47 1.32049e+47 1.32049e+47 0 0 2.50943e+49 8.679e+47 4.64348e+42 0 0 0
52.3299 7.19689e+46 7.19689e+46 1.01866e+47 1.01867e+47 1.01867e+47 0 0 2.77997e+49 8.49627e+47 4.64348e+42 0 0 0
60.4296 6.01652e+46 6.01652e+46 7.86143e+46 7.86151e+46 7.86151e+46 0 0 3.05812e+49 7.87169e+47 4.64348e+42 0 0 0
69.7831 4.85791e+46 4.85791e+46 6.07177e+46 6.07183e+46 6.07183e+46 0 0 3.33629e+49 7.02613e+47 4.64348e+42 0 0 0
80.5842 3.83455e+46 3.83455e+46 4.69561e+46 4.69564e+46 4.69564e+46 0 0 3.60412e+49 6.11106e+47 4.64348e+42 0 0 0
93.0572 2.98266e+46 2.98266e+46 3.63835e+46 3.63838e+46 3.63838e+46 0 0 3.84815e+49 5.21624e+47 4.64348e+42 0 0 0
107.461 2.29835e+46 2.29835e+46 2.82673e+46 2.82675e+46 2.82675e+46 0 0 4.05179e+49 4.38836e+47 4.64348e+42 0 0 0
124.094 1.76072e+46 1.76072e+46 2.20395e+46 2.20396e+46 2.20396e+46 0 0 4.19566e+49 3.64756e+47 4.64348e+42 0 0 0
143.301 1.34414e+46 1.34414e+46 1.72599e+46 1.726e+46 1.726e+46 0 0 4.25871e+49 2.999e+47 4.64348e+42 0 0 0
165.482 1.02398e+46 1.02398e+46 1.3587e+46 1.35871e+46 1.35871e+46 0 0 4.22025e+49 2.43994e+47 4.64348e+42 0 0 0
191.095 7.78859e+45 7.78859e+45 1.07562e+46 1.07563e+46 1.07563e+46 0 0 4.06325e+49 1.96388e+47 4.64348e+42 0 0 0
220.673 5.91249e+45 5.91249e+45 8.56291e+45 8.56293e+45 8.56293e+45 0 0 3.77868e+49 1.56282e+47 4.64348e+42 0 0 0
254.83 4.47309e+45 4.47309e+45 6.84986e+45 6.84988e+45 6.84988e+45 0 0 3.37046e+49 1.2284e+47 4.64348e+42 0 0 0
294.273 3.36435e+45 3.36435e+45 5.49782e+45 5.49783e+45 5.49783e+45 0 0 2.85954e+49 9.52519e+46 4.64348e+42 0 0 0
339.821 2.50722e+45 2.50722e+45 4.41793e+45 4.41794e+45 4.41794e+45 0 0 2.28505e+49 7.27571e+46 4.64348e+42 0 0 0
392.419 1.84398e+45 1.84398e+45 3.54557e+45 3.54558e+45 3.54558e+45 0 0 1.70033e+49 5.46519e+46 4.64348e+42 0 0 0
453.158 1.33281e+45 1.33281e+45 2.83487e+45 2.83487e+45 2.83487e+45 0 0 1.16281e+49 4.02921e+46 4.64348e+42 0 0 0
523.299 9.42888e+44 9.42888e+44 2.25364e+45 2.25364e+45 2.25364e+45 0 0 7.20008e+48 2.90914e+46 4.64348e+42 0 0 0
604.296 6.50414e+44 6.50414e+44 1.77886e+45 1.77886e+45 1.77886e+45 0 0 3.96901e+48 2.05191e+46 4.64348e+42 0 0 0
697.831 4.35939e+44 4.35939e+44 1.39309e+45 1.39309e+45 1.39309e+45 0 0 1.91094e+48 1.40985e+46 4.64348e+42 0 0 0
805.842 2.82902e+44 2.82902e+44 1.0821e+45 1.0821e+45 1.0821e+45 0 0 7.86371e+47 9.40625e+45 4.64348e+42 0 0 0
930.572 1.77076e+44 1.77076e+44 8.33603e+44 8.33603e+44 8.33603e+44 0 0 2.69834e+47 6.07148e+45 4.64348e+42 0 0 0
1074.61 1.06444e+44 1.06444e+44 6.36866e+44 6.36866e+44 6.36866e+44 0 0 7.50521e+46 3.77557e+45 4.64348e+42 0 0 0
1240.94 6.11482e+43 6.11482e+43 4.82571e+44 4.82572e+44 4.82572e+44 0 0 1.63786e+46 2.25105e+45 4.64348e+42 0 0 0
1433.01 3.33858e+43 3.33858e+43 3.62746e+44 3.62747e+44 3.62747e+44 0 0 2.70097e+45 1.27962e+45 4.64348e+42 0 0 0
1654.82 1.72177e+43 1.72177e+43 2.70629e+44 2.70629e+44 2.70629e+44 0 0 3.22299e+44 6.89099e+44 4.64348e+42 0 0 0
1910.95 8.32877e+42 8.32877e+42 2.00521e+44 2.00521e+44 2.00521e+44 0 0 2.64696e+43 3.4894e+44 4.64348e+42 0 0 0
2206.73 3.74853e+42 3.74853e+42 1.47667e+44 1.47667e+44 1.47667e+44 0 0 1.41211e+42 1.64719e+44 4.64348e+42 0 0 0
2548.3 1.55484e+42 1.55484e+42 1.08156e+44 1.08156e+44 1.08156e+44 0 0 4.57748e+40 7.17663e+43 4.64348e+42 0 0 0
2942.73 5.87734e+41 5.87734e+41 7.88333e+43 7.88333e+43 7.88333e+43 0 0 8.34693e+38 2.85268e+43 4.64348e+42 0 0 0
3398.21 1.99813e+41 1.99813e+41 5.72078e+43 5.72078e+43 5.72078e+43 0 0 7.83247e+36 1.02072e+43 4.64348e+42 0 0 0
3924.19 6.01614e+40 6.01614e+40 4.1345e+43 4.1345e+43 4.1345e+43 0 0 3.41257e+34 3.23691e+42 4.64348e+42 0 0 0
4531.58 1.57574e+40 1.57574e+40 2.97661e+43 2.97661e+43 2.97661e+43 0 0 6.13064e+31 8.93504e+41 4.64348e+42 0 0 0
5232.99 5.24399e+39 5.24399e+39 2.21782e+43 2.21782e+43 2.21782e+43 0 0 3.95928e+28 3.13547e+41 4.64348e+42 0 0 0
6042.96 1.1024e+39 1.1024e+39 1.59564e+43 1.59564e+43 1.59564e+43 0 0 7.84588e+24 6.95321e+40 4.64348e+42 0 0 0
6978.31 1.94943e+38 1.94943e+38 1.14541e+43 1.14541e+43 1.14541e+43 0 0 3.97343e+20 1.29736e+40 4.64348e+42 0 0 0
8058.42 2.84232e+37 2.84232e+37 8.20629e+42 8.20629e+42 8.20629e+42 0 0 4.1637e+15 1.99599e+39 4.64348e+42 0 0 0
9305.72 3.34476e+36 3.34476e+36 5.86998e+42 5.86998e+42 5.86998e+42 0 0 7.07423e+09 2.47801e+38 4.64348e+42 0 0 0
10746.1 3.10628e+35 3.10628e+35 4.19355e+42 4.19355e+42 4.19355e+42 0 0 1470.52 2.42677e+37 4.64348e+42 0 0 0
12409.4 2.22464e+34 2.22464e+34 2.99324e+42 2.99324e+42 2.99324e+42 0 0 2.70165e-05 1.83127e+36 4.64348e+42 0 0 0
14330.1 1.20046e+33 1.20046e+33 2.13538e+42 2.13538e+42 2.13538e+42 0 0 3.01349e-14 1.04e+35 4.64348e+42 0 0 0
16548.2 4.77234e+31 4.77234e+31 1.52319e+42 1.52319e+42 1.52319e+42 0 0 1.32272e-24 4.34415e+33 4.64348e+42 0 0 0
19109.5 1.36898e+30 1.36898e+30 1.08681e+42 1.08681e+42 1.08681e+42 0 0 1.38468e-36 1.30657e+32 4.64348e+42 0 0 0
22067.3 2.78383e+28 2.78383e+28 7.75986e+41 7.75986e+41 7.75986e+41 0 0 1.939e-50 2.77822e+30 4.64348e+42 0 0 0
25483 3.96056e+26 3.96056e+26 5.54688e+41 5.54688e+41 5.54688e+41 0 0 1.86269e-66 4.11908e+28 4.64348e+42 0 0 0
29427.3 3.91551e+24 3.91551e+24 3.9713e+41 3.9713e+41 3.9713e+41 0 0 5.67737e-85 4.22619e+26 4.64348e+42 0 0 0
33982.1 2.69396e+22 2.69396e+22 2.84909e+41 2.84909e+41 2.84909e+41 0 0 2.25353e-106 3.00251e+24 4.64348e+42 0 0 0
39241.9 1.30524e+20 1.30524e+20 2.04915e+41 2.04915e+41 2.04915e+41 0 0 4.1658e-131 1.49312e+22 4.64348e+42 0 0 0
45315.8 4.56143e+17 4.56143e+17 1.47823e+41 1.47823e+41 1.47823e+41 0 0 1.0938e-159 5.31737e+19 4.64348e+42 0 0 0
52329.9 1.19399e+15 1.19399e+15 1.07007e+41 1.07007e+41 1.07007e+41 0 0 1.03524e-192 1.40633e+17 4.64348e+42 0 0 0
60429.6 2.46683e+12 2.46683e+12 7.77654e+40 7.77654e+40 7.77654e+40 0 0 7.24929e-231 2.9064e+14 4.64348e+42 0 0 0
69783.1 4.30188e+09 4.30188e+09 5.67605e+40 5.67605e+40 5.67605e+40 0 0 0 5.01052e+11 4.64348e+42 0 0 0
80584.2 6.8652e+06 6.8652e+06 4.16259e+40 4.16259e+40 4.16259e+40 0 0 0 7.79632e+08 4.64348e+42 0 0 0
93057.2 10994.3 10994.3 3.06821e+40 3.06821e+40 3.06821e+40 0 0 0 1.19788e+06 4.64348e+42 0 0 0
107461 19.5286 19.5286 2.2737e+40 2.2737e+40 2.2737e+40 0 0 0 2003.35 4.64348e+42 0 0 0
124094 0.0426644 0.0426644 1.69431e+40 1.69431e+40 1.69431e+40 0 0 0 4.03174 4.64348e+42 0 0 0
143301 0.00012691 0.00012691 1.26976e+40 1.26976e+40 1.26976e+40 0 0 0 0.0107701 4.64348e+42 0 0 0
165482 5.65092e-07 5.65092e-07 9.57045e+39 9.57045e+39 9.57045e+39 0 0 0 4.18143e-05 4.64348e+42 0 0 0
191095 4.09477e-09 4.09477e-09 7.25454e+39 7.25454e+39 7.25454e+39 0 0 0 2.55297e-07 4.64348e+42 0 0 0
220673 5.17501e-11 5.17501e-11 5.52977e+39 5.52977e+39 5.52977e+39 0 0 0 2.61279e-09 4.64348e+42 0 0 0
254830 1.20344e-12 1.20344e-12 4.2379e+39 4.2379e+39 4.2379e+39 0 0 0 4.69931e-11 4.64348e+42 0 0 0
294273 5.34952e-14 5.34952e-14 3.2648e+39 3.2648e+39 3.2648e+39 0 0 0 1.5319e-12 4.64348e+42 0 0 0
339821 4.65693e-15 4.65693e-15 2.52773e+39 2.52773e+39 2.52773e+39 0 0 0 9.19558e-14 4.64348e+42 0 0 0
392419 8.04037e-16 8.04037e-16 1.96646e+39 1.96646e+39 1.96646e+39 0 0 0 1.01948e-14 4.64348e+42 0 0 0
453158 2.76282e-16 2.76282e-16 1.53687e+39 1.53687e+39 1.53687e+39 0 0 0 2.07156e-15 4.64348e+42 0 0 0
523299 1.88217e-16 1.88217e-16 1.20648e+39 1.20648e+39 1.20648e+39 4.55084e+32 1.63006e+37 0 7.58709e-16 4.64348e+42 0 0 0
604296 2.51635e-16 2.51635e-16 9.51225e+38 9.51225e+38 9.51225e+38 7.08475e+32 1.63684e+37 0 4.88464e-16 4.64348e+42 0 0 0
697831 6.49458e-16 6.49458e-16 7.5315e+38 7.5315e+38 7.5315e+38 9.61866e+32 1.64361e+37 0 5.34537e-16 4.64348e+42 0 0 0
805842 3.16143e-15 3.16143e-15 5.98799e+38 5.98799e+38 5.98799e+38 1.21526e+33 1.65038e+37 0 9.52342e-16 4.64348e+42 0 0 0
930572 2.81389e-14 2.81389e-14 4.78022e+38 4.78022e+38 4.78022e+38 1.46865e+33 1.65715e+37 0 2.61747e-15 4.64348e+42 0 0 0
1.07461e+06 4.40246e-13 4.40246e-13 3.8313e+38 3.8313e+38 3.8313e+38 1.86721e+33 1.66561e+37 0 1.03907e-14 4.64348e+42 0 0 0
1.24094e+06 1.14975e-11 1.14975e-11 3.08265e+38 3.08265e+38 3.08265e+38 2.51818e+33 1.66746e+37 0 5.48772e-14 4.64348e+42 0 0 0
1.43301e+06 4.6633e-10 4.6633e-10 2.48941e+38 2.48941e+38 2.48941e+38 3.37903e+33 1.6698e+37 0 3.46352e-13 4.64348e+42 0 0 0
1.65482e+06 2.70421e-08 2.70421e-08 2.01723e+38 2.01723e+38 2.01723e+38 4.52152e+33 1.67279e+37 0 2.30919e-12 4.64348e+42 0 0 0
1.91095e+06 2.06283e-06 2.06283e-06 1.63984e+38 1.63984e+38 1.63984e+38 6.16295e+33 1.67692e+37 0 1.42774e-11 4.64348e+42 0 0 0
2.20673e+06 0.000190971 0.000190971 1.337e+38 1.337e+38 1.337e+38 8.27585e+33 1.68222e+37 0 7.15352e-11 4.64348e+42 0 0 0
2.5483e+06 0.0199042 0.0199042 1.09309e+38 1.09309e+38 1.09309e+38 1.10618e+34 1.68915e+37 0 2.53059e-10 4.64348e+42 0 0 0
2.94273e+06 2.17751 2.17751 8.95942e+37 8.95942e+37 8.95942e+37 1.47736e+34 1.69824e+37 0 5.48091e-10 4.64348e+42 0 0 0
3.39821e+06 234.616 234.616 7.36023e+37 7.36023e+37 7.36023e+37 2.01518e+34 1.71101e+37 0 6.27222e-10 4.64348e+42 0 0 0
3.92419e+06 23519.9 23519.9 6.05825e+37 6.05825e+37 6.05825e+37 2.72016e+34 1.72769e+37 0 3.25307e-10 4.64348e+42 0 0 0
4.53158e+06 2.0876e+06 2.0876e+06 4.99418e+37 4.99418e+37 4.99418e+37 3.67521e+34 1.74941e+37 0 6.50916e-11 4.64348e+42 0 0 0
5.23299e+06 1.57291e+08 1.57291e+08 4.12113e+37 4.12113e+37 4.12113e+37 4.95622e+34 1.77736e+37 0 4.23607e-12 4.64348e+42 0 0 0
6.04296e+06 9.71815e+09 9.71815e+09 3.40208e+37 3.40208e+37 3.40208e+37 6.7822e+34 1.81597e+37 0 7.46612e-14 4.64348e+42 0 0 0
6.97831e+06 4.79133e+11 4.79133e+11 2.80783e+37 2.80783e+37 2.80783e+37 9.16028e+34 1.86261e+37 0 2.92149e-16 4.64348e+42 0 0 0
8.05842e+06 1.84719e+13 1.84719e+13 2.31534e+37 2.31534e+37 2.31534e+37 1.22907e+35 1.91973e+37 0 2.04006e-19 4.64348e+42 0 0 0
9.30572e+06 5.49187e+14 5.49187e+14 1.90639e+37 1.90639e+37 1.90639e+37 1.64778e+35 1.98529e+37 0 1.99428e-23 4.64348e+42 0 0 0
1.07461e+07 1.24895e+16 1.24895e+16 1.56644e+37 1.56644e+37 1.56644e+37 2.22492e+35 2.07709e+37 0 2.07812e-28 4.64348e+42 0 0 0
1.24094e+07 2.16568e+17 2.16568e+17 1.28376e+37 1.28376e+37 1.28376e+37 2.94216e+35 2.16304e+37 0 1.69544e-34 4.64348e+42 0 0 0
1.43301e+07 2.86615e+18 2.86615e+18 1.04875e+37 1.04875e+37 1.04875e+37 3.82142e+35 2.24805e+37 0 7.61878e-42 4.64348e+42 0 0 0
1.65482e+07 2.90793e+19 2.90793e+19 8.53554e+36 8.53554e+36 8.53554e+36 4.87696e+35 2.32862e+37 0 1.2604e-50 4.64348e+42 0 0 0
1.91095e+07 2.27817e+20 2.27817e+20 6.91717e+36 6.91717e+36 6.91717e+36 6.18117e+35 2.40039e+37 0 4.83028e-61 4.64348e+42 0 0 0
2.20673e+07 1.39111e+21 1.39111e+21 5.57857e+36 5.57857e+36 5.57857e+36 7.56377e+35 2.46092e+37 0 2.51411e-73 4.64348e+42 0 0 0
2.5483e+07 6.69467e+21 6.69467e+21 4.47568e+36 4.47568e+36 4.47568e+36 9.06873e+35 2.5025e+37 0 9.59367e-88 4.64348e+42 0 0 0
2.94273e+07 2.5705e+22 2.5705e+22 3.57125e+36 3.57125e+36 3.57125e+36 1.05807e+36 2.5028e+37 0 1.31607e-104 4.64348e+42 0 0 0
3.39821e+07 7.97933e+22 7.97933e+22 2.83408e+36 2.83408e+36 2.83408e+36 1.20981e+36 2.45458e+37 0 2.84659e-124 4.64348e+42 0 0 0
3.92419e+07 2.02954e+23 2.02954e+23 2.2366e+36 2.2366e+36 2.2366e+36 1.33596e+36 2.35692e+37 0 3.74149e-147 4.64348e+42 0 0 0
4.53158e+07 4.28957e+23 4.28957e+23 1.75617e+36 1.75617e+36 1.75617e+36 1.44573e+36 2.22752e+37 0 9.91707e-174 4.64348e+42 0 0 0
5.23299e+07 7.63839e+23 7.63839e+23 1.37257e+36 1.37257e+36 1.37257e+36 1.53161e+36 2.07766e+37 0 1.47963e-204 4.64348e+42 0 0 0
6.04296e+07 1.16118e+24 1.16118e+24 1.06804e+36 1.06804e+36 1.06804e+36 1.58129e+36 1.89186e+37 0 2.84016e-240 4.64348e+42 0 0 0
6.97831e+07 1.5263e+24 1.5263e+24 8.27608e+35 8.27608e+35 8.27608e+35 1.59023e+36 1.67919e+37 0 1.27247e-281 4.64348e+42 0 0 0
8.05842e+07 1.75592e+24 1.75592e+24 6.38795e+35 6.38795e+35 6.38795e+35 1.56243e+36 1.44182e+37 0 0 4.64348e+42 0 0 0
9.30572e+07 1.78765e+24 1.78765e+24 4.91014e+35 4.91014e+35 4.91014e+35 1.49888e+36 1.18875e+37 0 0 4.64348e+42 0 0 0
1.07461e+08 1.6258e+24 1.6258e+24 3.75463e+35 3.75463e+35 3.75463e+35 1.39913e+36 9.28819e+36 0 0 4.64348e+42 336.558 0 0
1.24094e+08 1.3313e+24 1.3313e+24 2.85776e+35 2.85776e+35 2.85776e+35 1.2831e+36 7.18369e+36 0 0 4.64348e+42 295.672 0 0
1.43301e+08 9.4073e+23 9.4073e+23 2.15341e+35 2.15341e+35 2.15341e+35 1.15043e+36 5.45079e+36 0 0 4.64348e+42 259.752 0 0
1.65482e+08 3.18791e+23 3.18791e+23 1.53522e+35 1.53522e+35 1.53522e+35 1.00548e+36 4.06872e+36 0 0 4.64348e+42 228.197 0 0
1.91095e+08 4.20905e+20 4.20905e+20 7.91255e+34 7.91255e+34 7.91255e+34 8.42594e+35 2.93274e+36 0 0 4.64348e+42 200.475 0 0
2.20673e+08 2356.09 2356.09 1.99393e+34 1.99393e+34 1.99393e+34 6.98459e+35 2.15584e+36 0 0 4.64348e+42 176.12 0 0
2.5483e+08 2.33884e-81 2.33884e-81 3.49735e+33 3.49735e+33 3.49735e+33 5.65987e+35 1.57146e+36 0 0 4.64348e+42 154.725 0 0
2.94273e+08 0 0 6.53613e+32 6.53613e+32 6.53613e+32 4.48776e+35 1.13553e+36 0 0 4.64348e+42 135.928 0 0
3.39821e+08 0 0 1.4238e+32 1.4238e+32 1.4238e+32 3.41924e+35 8.05083e+35 0 0 4.64348e+42 124.684 0 0
3.92419e+08 0 0 3.66429e+31 3.66429e+31 3.66429e+31 2.6156e+35 5.84029e+35 0 0 4.64348e+42 119.415 0 0
4.53158e+08 0 0 1.08818e+31 1.08818e+31 1.08818e+31 1.97536e+35 4.22232e+35 0 0 4.64348e+42 114.369 0 0
5.23299e+08 0 0 3.65137e+30 3.65137e+30 3.65137e+30 1.46466e+35 3.04263e+35 0 0 4.64348e+42 109.537 0 0
6.04296e+08 0 0 1.36518e+30 1.36518e+30 1.36518e+30 1.07545e+35 2.16938e+35 0 0 4.64348e+42 104.908 0 0
6.97831e+08 0 0 5.65877e+29 5.65877e+29 5.65877e+29 8.02951e+34 1.58144e+35 0 0 4.64348e+42 100.475 0 0
8.05842e+08 0 0 2.54718e+29 2.54718e+29 2.54718e+29 5.96324e+34 1.15115e+35 0 0 4.64348e+42 96.2298 0 0
9.30572e+08 0 0 1.23062e+29 1.23062e+29 1.23062e+29 4.39781e+34 8.35995e+34 0 0 4.64348e+42 92.1636 0 0
1.07461e+09 0 0 6.30391e+28 6.30391e+28 6.30391e+28 3.19922e+34 5.9823e+34 0 0 4.64348e+42 92.4958 0 0
1.24094e+09 0 0 3.44331e+28 3.44331e+28 3.44331e+28 2.38315e+34 4.3831e+34 0 0 4.64348e+42 97.2741 0 0
1.43301e+09 0 0 1.97398e+28 1.97398e+28 1.97398e+28 1.77826e+34 3.20224e+34 0 0 4.64348e+42 102.299 0 0
1.65482e+09 0 0 1.1773e+28 1.1773e+28 1.1773e+28 1.32228e+34 2.33193e+34 0 0 4.64348e+42 107.584 0 0
1.91095e+09 0 0 7.23369e+27 7.23369e+27 7.23369e+27 9.70688e+33 1.66886e+34 0 0 4.64348e+42 113.142 0 0
2.20673e+09 0 0 4.61869e+27 4.61869e+27 4.61869e+27 7.28246e+33 1.22464e+34 0 0 4.64348e+42 118.986 0 0
2.5483e+09 0 0 3.02193e+27 3.02193e+27 3.02193e+27 5.44662e+33 8.95897e+33 0 0 4.64348e+42 125.133 0 0
2.94273e+09 0 0 2.01719e+27 2.01719e+27 2.01719e+27 4.05325e+33 6.53093e+33 0 0 4.64348e+42 131.597 0 0
3.39821e+09 0 0 1.36097e+27 1.36097e+27 1.36097e+27 2.95979e+33 4.67768e+33 0 0 4.64348e+42 138.396 0 0
3.92419e+09 0 0 9.42666e+26 9.42666e+26 9.42666e+26 2.21257e+33 3.43157e+33 0 0 4.64348e+42 145.545 0 0
4.53158e+09 0 0 6.61316e+26 6.61316e+26 6.61316e+26 1.64818e+33 2.50737e+33 0 0 4.64348e+42 153.064 0 0
5.23299e+09 0 0 4.69046e+26 4.69046e+26 4.69046e+26 1.22329e+33 1.82372e+33 0 0 4.64348e+42 160.971 0 0
6.04296e+09 0 0 3.32828e+26 3.32828e+26 3.32828e+26 8.8872e+32 1.30403e+33 0 0 4.64348e+42 169.286 0 0
6.97831e+09 0 0 2.41392e+26 2.41392e+26 2.41392e+26 6.62678e+32 9.54195e+32 0 0 4.64348e+42 178.032 0 0
8.05842e+09 0 0 1.76262e+26 1.76262e+26 1.76262e+26 4.92369e+32 6.95946e+32 0 0 4.64348e+42 187.229 0 0
9.30572e+09 0 0 1.29234e+26 1.29234e+26 1.29234e+26 3.63368e+32 5.05898e+32 0 0 4.64348e+42 196.901 0 0
1.07461e+10 0 0 9.43519e+25 9.43519e+25 9.43519e+25 2.63125e+32 3.62269e+32 0 0 4.64348e+42 220.926 0 0
1.24094e+10 0 0 7.00389e+25 7.00389e+25 7.00389e+25 1.9442e+32 2.65571e+32 0 0 4.64348e+42 264.467 0 0
1.43301e+10 0 0 5.20568e+25 5.20568e+25 5.20568e+25 1.427e+32 1.94088e+32 0 0 4.64348e+42 316.59 0 0
1.65482e+10 0 0 3.87979e+25 3.87979e+25 3.87979e+25 1.04372e+32 1.41319e+32 0 0 4.64348e+42 378.985 0 0
1.91095e+10 0 0 2.86507e+25 2.86507e+25 2.86507e+25 7.47771e+31 1.00977e+32 0 0 4.64348e+42 453.677 0 0
2.20673e+10 0 0 2.15752e+25 2.15752e+25 2.15752e+25 5.48656e+31 7.39175e+31 0 0 4.64348e+42 543.09 34.7254 0
2.5483e+10 0 0 1.62797e+25 1.62797e+25 1.62797e+25 4.00965e+31 5.38843e+31 0 0 4.64348e+42 650.125 22.9578 0
2.94273e+10 0 0 1.23144e+25 1.23144e+25 1.23144e+25 2.91961e+31 3.91065e+31 0 0 4.64348e+42 778.255 15.5417 0
3.39821e+10 0 0 9.20988e+24 9.20988e+24 9.20988e+24 2.08102e+31 2.77844e+31 0 0 4.64348e+42 931.638 10.7604 0
3.92419e+10 0 0 7.07639e+24 7.07639e+24 7.07639e+24 1.52592e+31 2.02795e+31 0 0 4.64348e+42 1115.25 7.61059 0
4.53158e+10 0 0 5.45788e+24 5.45788e+24 5.45788e+24 1.11556e+31 1.47501e+31 0 0 4.64348e+42 1335.05 5.49245 0
5.23299e+10 0 0 4.22799e+24 4.22799e+24 4.22799e+24 8.13625e+30 1.0686e+31 0 0 4.64348e+42 1598.17 4.04008 0
6.04296e+10 0 0 3.23972e+24 3.23972e+24 3.23972e+24 5.82041e+30 7.5713e+30 0 0 4.64348e+42 1913.14 3.02568 0
6.97831e+10 0 0 2.55823e+24 2.55823e+24 2.55823e+24 4.28119e+30 5.52006e+30 0 0 4.64348e+42 2290.19 2.3047 0
8.05842e+10 0 0 2.02531e+24 2.02531e+24 2.02531e+24 3.13759e+30 4.01004e+30 0 0 4.64348e+42 2741.56 1.78376 0
9.30572e+10 0 0 1.60639e+24 1.60639e+24 1.60639e+24 2.29084e+30 2.90045e+30 0 0 4.64348e+42 3281.87 1.40144 0
1.07461e+11 0 0 1.25288e+24 1.25288e+24 1.25288e+24 1.63506e+30 2.04713e+30 0 0 4.64348e+42 3928.68 1.11671 0
1.24094e+11 0 0 1.00559e+24 1.00559e+24 1.00559e+24 1.19798e+30 1.48737e+30 0 0 4.64348e+42 4702.97 0.901709 0
1.43301e+11 0 0 8.06357e+23 8.06357e+23 8.06357e+23 8.7349e+29 1.07576e+30 0 0 4.64348e+42 5629.85 0.737233 0
1.65482e+11 0 0 6.45235e+23 6.45235e+23 6.45235e+23 6.33415e+29 7.73888e+29 0 0 4.64348e+42 6739.41 0.609868 0
1.91095e+11 0 0 5.05434e+23 5.05434e+23 5.05434e+23 4.4819e+29 5.41825e+29 0 0 4.64348e+42 8067.65 0.510106 0
2.20673e+11 0 0 4.07595e+23 4.07595e+23 4.07595e+23 3.25946e+29 3.90901e+29 0 0 4.64348e+42 9657.66 0.431129 0
2.5483e+11 0 0 3.27733e+23 3.27733e+23 3.27733e+23 2.35838e+29 2.8051e+29 0 0 4.64348e+42 11561 0.367983 0
2.94273e+11 0 0 2.62602e+23 2.62602e+23 2.62602e+23 1.69727e+29 2.00053e+29 0 0 4.64348e+42 13839.6 0.317029 0
3.39821e+11 0 0 2.05472e+23 2.05472e+23 2.05472e+23 1.19065e+29 1.38468e+29 0 0 4.64348e+42 0 0.275565 0
3.92419e+11 0 0 1.65649e+23 1.65649e+23 1.65649e+23 8.59671e+28 9.89149e+28 0 0 4.64348e+42 0 0.241562 0
4.53158e+11 0 0 1.32968e+23 1.32968e+23 1.32968e+23 6.17228e+28 7.02179e+28 0 0 4.64348e+42 0 0.213483 0
5.23299e+11 0 0 1.06212e+23 1.06212e+23 1.06212e+23 4.40484e+28 4.94869e+28 0 0 4.64348e+42 0 0.190154 0
6.04296e+11 0 0 8.2561e+22 8.2561e+22 8.2561e+22 3.05565e+28 3.37208e+28 0 0 4.64348e+42 0 0.170669 0
6.97831e+11 0 0 6.61996e+22 6.61996e+22 6.61996e+22 2.18489e+28 2.37662e+28 0 0 4.64348e+42 0 0.154323 0
8.05842e+11 0 0 5.27801e+22 5.27801e+22 5.27801e+22 1.55209e+28 1.66254e+28 0 0 4.64348e+42 0 0.140565 0
9.30572e+11 0 0 4.18177e+22 4.18177e+22 4.18177e+22 1.09482e+28 1.15302e+28 0 0 4.64348e+42 0 0.12896 0
1.07461e+12 0 0 3.21098e+22 3.21098e+22 3.21098e+22 7.4787e+27 7.69054e+27 0 0 4.64348e+42 0 0.119166 0
1.24094e+12 0 0 2.54807e+22 2.54807e+22 2.54807e+22 5.27661e+27 5.32262e+27 0 0 4.64348e+42 0 0.110908 0
1.43301e+12 0 0 2.00759e+22 2.00759e+22 2.00759e+22 3.69409e+27 3.65049e+27 0 0 4.64348e+42 0 0.103969 0
1.65482e+12 0 0 1.56933e+22 1.56933e+22 1.56933e+22 2.56444e+27 2.4775e+27 0 0 4.64348e+42 0 0.098177 0
1.91095e+12 0 0 1.1825e+22 1.1825e+22 1.1825e+22 1.71509e+27 1.60491e+27 0 0 4.64348e+42 0 0.0933933 0
2.20673e+12 0 0 9.23414e+21 9.23414e+21 9.23414e+21 1.18823e+27 1.08393e+27 0 0 4.64348e+42 0 0.0895108 0
2.5483e+12 0 0 7.14606e+21 7.14606e+21 7.14606e+21 8.15461e+26 7.23918e+26 0 0 4.64348e+42 0 0.0864461 0
2.94273e+12 0 0 5.47573e+21 5.47573e+21 5.47573e+21 5.53911e+26 4.77242e+26 0 0 4.64348e+42 0 0.0841374 0
3.39821e+12 0 0 4.01344e+21 4.01344e+21 4.01344e+21 3.59765e+26 2.96989e+26 0 0 4.64348e+42 0 0.082541 0
3.92419e+12 0 0 3.06168e+21 3.06168e+21 3.06168e+21 2.43137e+26 1.94103e+26 0 0 4.64348e+42 0 0.08163 0
4.53158e+12 0 0 2.30875e+21 2.30875e+21 2.30875e+21 1.62387e+26 1.25094e+26 0 0 4.64348e+42 0 0.0813928 0
5.23299e+12 0 0 1.71911e+21 1.71911e+21 1.71911e+21 1.07074e+26 7.93161e+25 0 0 4.64348e+42 0 0.0818329 0
6.04296e+12 0 0 1.2106e+21 1.2106e+21 1.2106e+21 6.67633e+25 4.66884e+25 0 0 4.64348e+42 0 0.0829683 0
6.97831e+12 0 0 8.93118e+20 8.93118e+20 8.93118e+20 4.36113e+25 2.9196e+25 0 0 4.64348e+42 0 0.0848322 0
8.05842e+12 0 0 6.48996e+20 6.48996e+20 6.48996e+20 2.80618e+25 1.79368e+25 0 0 4.64348e+42 0 0.0874729 0
9.30572e+12 0 0 4.63872e+20 4.63872e+20 4.63872e+20 1.77637e+25 1.07936e+25 0 0 4.64348e+42 0 0.0909553 0
1.07461e+13 0 0 3.08151e+20 3.08151e+20 3.08151e+20 1.04543e+25 5.87693e+24 0 0 4.64348e+42 0 0.0953611 0
1.24094e+13 0 0 2.16681e+20 2.16681e+20 2.16681e+20 6.51566e+24 3.463e+24 0 0 4.64348e+42 0 0.10079 0
1.43301e+13 0 0 1.49292e+20 1.49292e+20 1.49292e+20 3.98167e+24 1.9952e+24 0 0 4.64348e+42 0 0.10736 0
1.65482e+13 0 0 1.00608e+20 1.00608e+20 1.00608e+20 2.38196e+24 1.11944e+24 0 0 4.64348e+42 0 0.115206 0
1.91095e+13 0 0 6.12936e+19 6.12936e+19 6.12936e+19 1.28968e+24 5.45599e+23 0 0 4.64348e+42 0 0.12448 0
2.20673e+13 0 0 4.01933e+19 4.01933e+19 4.01933e+19 7.52688e+23 2.9675e+23 0 0 4.64348e+42 0 0.135345 0
2.5483e+13 0 0 2.56222e+19 2.56222e+19 2.56222e+19 4.27812e+23 1.56872e+23 0 0 4.64348e+42 0 0.147968 0
2.94273e+13 0 0 1.58468e+19 1.58468e+19 1.58468e+19 2.36437e+23 8.01696e+22 0 0 4.64348e+42 0 0.162507 0
3.39821e+13 0 0 8.46366e+18 8.46366e+18 8.46366e+18 1.13145e+23 3.32914e+22 0 0 4.64348e+42 0 0.179093 0
3.92419e+13 0 0 5.00571e+18 5.00571e+18 5.00571e+18 6.01512e+22 1.62498e+22 0 0 4.64348e+42 0 0.197804 0
4.53158e+13 0 0 2.8429e+18 2.8429e+18 2.8429e+18 3.08248e+22 7.65398e+21 0 0 4.64348e+42 0 0.218621 0
5.23299e+13 0 0 1.54804e+18 1.54804e+18 1.54804e+18 1.52132e+22 3.45488e+21 0 0 4.64348e+42 0 0.241387 0
6.04296e+13 0 0 6.7411e+17 6.7411e+17 6.7411e+17 6.03537e+21 1.1314e+21 0 0 4.64348e+42 0 0.265741 0
6.97831e+13 0 0 3.41629e+17 3.41629e+17 3.41629e+17 2.80296e+21 4.76015e+20 0 0 4.64348e+42 0 0.291055 0
8.05842e+13 0 0 1.63014e+17 1.63014e+17 1.63014e+17 1.23378e+21 1.91724e+20 0 0 4.64348e+42 0 0.316368 0
9.30572e+13 0 0 7.32465e+16 7.32465e+16 7.32465e+16 5.15113e+20 7.33975e+19 0 0 4.64348e+42 0 0.340344 0
1.07461e+14 0 0 2.32253e+16 2.32253e+16 2.32253e+16 1.52964e+20 1.66166e+19 0 0 4.64348e+42 0 0 0
1.24094e+14 0 0 9.34857e+15 9.34857e+15 9.34857e+15 5.81459e+19 5.64591e+18 0 0 4.64348e+42 0 0 0
1.43301e+14 0 0 3.42714e+15 3.42714e+15 3.42714e+15 2.03078e+19 1.81961e+18 0 0 4.64348e+42 0 0 0
1.65482e+14 0 0 1.14078e+15 1.14078e+15 1.14078e+15 6.49745e+18 5.59287e+17 0 0 4.64348e+42 0 0 0
1.91095e+14 0 0 2.23591e+14 2.23591e+14 2.23591e+14 1.23494e+18 6.99958e+16 0 0 4.64348e+42 0 0 0
2.20673e+14 0 0 6.39406e+13 6.39406e+13 6.39406e+13 3.45464e+17 1.70879e+16 0 0 4.64348e+42 0 0 0
2.5483e+14 0 0 1.57558e+13 1.57558e+13 1.57558e+13 8.39664e+16 3.85152e+15 0 0 4.64348e+42 0 0 0
2.94273e+14 0 0 3.21658e+12 3.21658e+12 3.21658e+12 1.70383e+16 8.45114e+14 0 0 4.64348e+42 0 0 0
3.39821e+14 0 0 3.03636e+11 3.03636e+11 3.03636e+11 1.61022e+15 4.46013e+13 0 0 4.64348e+42 0 0 0
3.92419e+14 0 0 5.10684e+10 5.10684e+10 5.10684e+10 2.72888e+14 6.37396e+12 0 0 4.64348e+42 0 0 0
4.53158e+14 9.50572e-290 9.58234e-290 6.78029e+09 6.78029e+09 6.78029e+09 3.67093e+13 7.66573e+11 0 0 4.64348e+42 0 0 0
5.23299e+14 1.04203e-259 1.05304e-259 6.38804e+08 6.38804e+08 6.38804e+08 3.52089e+12 8.89823e+10 0 0 4.64348e+42 0 0 0
6.04296e+14 5.0704e-234 5.13755e-234 1.80996e+07 1.80996e+07 1.80996e+07 1.01988e+11 1.45478e+09 0 0 4.64348e+42 0 0 0
6.97831e+14 2.6172e-211 2.65902e-211 1.26951e+06 1.26951e+06 1.26951e+06 7.33733e+09 8.54313e+07 0 0 4.64348e+42 0 0 0
8.05842e+14 9.80203e-192 9.98469e-192 58977.8 58977.8 58977.8 3.50587e+08 3.43389e+06 0 0 4.64348e+42 0 0 0
9.30572e+14 5.59549e-175 5.71354e-175 1668.49 1668.49 1668.49 1.02227e+07 107767 0 0 4.64348e+42 0 0 0
1.07461e+15 2.30014e-161 2.35366e-161 6.56212 6.56212 6.56212 41506.1 323.069 0 0 4.64348e+42 0 0 0
1.24094e+15 3.57432e-149 3.66399e-149 0.099327 0.099327 0.099327 649.352 4.30812 0 0 4.64348e+42 0 0 0
1.43301e+15 4.12017e-139 4.22935e-139 0.000646662 0.000646662 0.000646662 4.37257 0.0267681 0 0 4.64348e+42 0 0 0
1.65482e+15 5.67092e-131 5.82683e-131 1.77669e-06 1.77669e-06 1.77669e-06 0.0124296 7.49035e-05 0 0 4.64348e+42 0 0 0
1.91095e+15 2.37694e-125 2.44367e-125 3.39971e-10 3.39971e-10 3.39971e-10 2.46066e-06 1.4332e-08 0 0 4.64348e+42 0 0 0
2.20673e+15 2.02246e-120 2.07962e-120 2.05998e-13 2.05998e-13 2.05998e-13 1.54194e-09 8.88088e-12 0 0 4.64348e+42 0 0 0
2.5483e+15 3.51401e-117 3.61274e-117 2.84057e-17 2.84057e-17 2.84057e-17 2.19738e-13 1.26244e-15 0 0 4.64348e+42 0 0 0
2.94273e+15 1.64035e-115 1.68567e-115 8.72762e-22 8.72762e-22 8.72762e-22 6.97057e-18 4.00247e-20 0 0 4.64348e+42 0 0 0
3.39821e+15 4.02248e-116 4.13064e-116 9.01196e-28 9.01196e-28 9.01196e-28 7.42282e-24 4.26114e-26 0 0 4.64348e+42 0 0 0
3.92419e+15 2.75418e-117 2.82563e-117 1.32338e-33 1.32338e-33 1.32338e-33 1.1227e-29 6.44484e-32 0 0 4.64348e+42 0 0 0
4.53158e+15 4.01779e-120 4.11754e-120 1.72623e-40 1.72623e-40 1.72623e-40 1.50654e-36 8.64873e-39 0 0 4.64348e+42 0 0 0
5.23299e+15 1.26787e-124 1.29778e-124 1.70343e-48 1.70343e-48 1.70343e-48 1.52777e-44 8.77007e-47 0 0 4.64348e+42 0 0 0
6.04296e+15 1.29015e-131 1.3189e-131 1.62456e-58 1.62456e-58 1.62456e-58 1.49632e-54 8.58952e-57 0 0 4.64348e+42 0 0 0
6.97831e+15 1.68967e-139 1.72501e-139 5.21955e-69 5.21955e-69 5.21955e-69 4.9362e-65 2.83374e-67 0 0 4.64348e+42 0 0 0
8.05842e+15 1.60346e-149 1.63479e-149 2.82431e-81 2.82431e-81 2.82431e-81 2.7436e-77 1.57495e-79 0 0 4.64348e+42 0 0 0
9.30572e+15 8.05304e-162 8.19934e-162 1.69369e-95 1.69369e-95 1.69369e-95 1.69184e-91 9.71221e-94 0 0 4.64348e+42 0 0 0
1.07461e+16 2.22712e-177 2.26458e-177 1.06886e-112 1.06886e-112 1.06886e-112 1.09978e-108 6.31354e-111 0 0 4.64348e+42 0 0 0
1.24094e+16 9.08519e-195 9.22616e-195 1.75488e-131 1.75488e-131 1.75488e-131 1.86412e-127 1.07013e-129 0 0 4.64348e+42 0 0 0
1.43301e+16 1.9742e-215 2.00236e-215 2.52304e-153 2.52304e-153 2.52304e-153 2.7742e-149 1.59225e-151 0 0 4.64348e+42 0 0 0
1.65482e+16 1.01274e-239 1.02598e-239 1.32357e-178 1.32357e-178 1.32357e-178 1.51064e-174 8.67157e-177 0 0 4.64348e+42 0 0 0
1.91095e+16 7.25978e-269 7.34654e-269 1.42067e-208 1.42067e-208 1.42067e-208 1.68769e-204 9.68802e-207 0 0 4.64348e+42 0 0 0
2.20673e+16 1.02464e-301 1.0358e-301 4.19257e-242 4.19257e-242 4.19257e-242 5.19664e-238 2.98309e-240 0 0 4.64348e+42 0 0 0
2.5483e+16 0 0 0 0 0 0 0 0 0 4.64348e+42 0 0 0
2.94273e+16 0 0 0 0 0 0 0 0 0 4.64348e+42 0 0 0
3.39821e+16 0 0 0 0 0 0 0 0 0 4.64348e+42 0 0 0
3.92419e+16 0 0 0 0 0 0 0 0 0 4.64348e+42 0 0 0
4.53158e+16 0 0 0 0 0 0 0 0 0 4.64348e+42 0 0 0
5.23299e+16 0 0 0 0 0 0 0 0 0 4.64348e+42 0 0 0
6.04296e+16 0 0 0 0 0 0 0 0 0 4.64348e+42 0 0 0
6.97831e+16 0 0 0 0 0 0 0 0 0 4.64348e+42 0 0 0
8.05842e+16 0 0 0 0 0 0 0 0 0 4.64348e+42 0 0 0
9.30572e+16 0 0 0 0 0 0 0 0 0 4.64348e+42 0 0 0