
1.07461e-07 0 0 0 1.32762e+50 3.27842e+59 0 0 2.78246e+42 0 4.64348e+42 0 0 0
1.24094e-07 0 0 0 1.51791e+50 2.94913e+59 0 0 3.21313e+42 0 4.64348e+42 0 0 0
1.43301e-07 0 0 0 1.73349e+50 2.64989e+59 0 0 3.71047e+42 0 4.64348e+42 0 0 0
1.65482e-07 0 0 0 1.97716e+50 2.37799e+59 0 0 4.28478e+42 0 4.64348e+42 0 0 0
1.91095e-07 0 0 2.44769e-272 2.2519e+50 2.13096e+59 0 0 4.94798e+42 0 4.64348e+42 0 0 0
2.20673e-07 0 0 3.92944e-229 2.56076e+50 1.90659e+59 0 0 5.71384e+42 0 4.64348e+42 0 0 0
2.5483e-07 0 0 1.04814e-191 2.9069e+50 1.70285e+59 0 0 6.59824e+42 0 4.64348e+42 0 0 0
2.94273e-07 0 0 2.73283e-159 3.2934e+50 1.51791e+59 0 0 7.61953e+42 0 4.64348e+42 0 0 0
3.39821e-07 0 0 3.26746e-131 3.72327e+50 1.35013e+59 0 0 8.7989e+42 0 4.64348e+42 0 0 0
3.92419e-07 0 0 6.83147e-107 4.19923e+50 1.19801e+59 0 0 1.01608e+43 0 4.64348e+42 0 0 0
4.53158e-07 0 0 7.95959e-86 4.7236e+50 1.0602e+59 0 0 1.17335e+43 0 4.64348e+42 0 0 0
5.23299e-07 0 0 1.40998e-67 5.29807e+50 9.35479e+58 0 0 1.35497e+43 0 4.64348e+42 0 0 0
6.04296e-07 0 0 9.05537e-52 5.92351e+50 8.22756e+58 0 0 1.56469e+43 0 4.64348e+42 0 0 0
6.97831e-07 0 0 4.47493e-38 6.59973e+50 7.21041e+58 0 0 1.80688e+43 0 4.64348e+42 0 0 0
8.05842e-07 0 0 3.26465e-26 7.32521e+50 6.29441e+58 0 0 2.08655e+43 0 4.64348e+42 0 0 0
9.30572e-07 0 0 6.18147e-16 8.09692e+50 5.47152e+58 0 0 2.40951e+43 0 4.64348e+42 0 0 0
1.07461e-06 0 0 4.95138e-07 8.91018e+50 4.73449e+58 0 0 2.78246e+43 0 4.64348e+42 0 0 0
1.24094e-06 0 0 25.6133 9.75869e+50 4.07675e+58 0 0 3.21313e+43 0 4.64348e+42 0 0 0
1.43301e-06 0 0 1.23428e+08 1.06348e+51 3.4923e+58 0 0 3.71047e+43 0 4.64348e+42 0 0 0
1.65482e-06 0 0 7.60981e+13 1.15299e+51 2.97567e+58 0 0 4.28478e+43 0 4.64348e+42 0 0 0
1.91095e-06 0 0 7.90171e+18 1.24355e+51 2.52176e+58 0 0 4.94798e+43 0 4.64348e+42 0 0 0
2.20673e-06 0 0 1.75351e+23 1.33448e+51 2.12578e+58 0 0 5.71384e+43 0 4.64348e+42 0 0 0
2.5483e-06 0 0 1.02246e+27 1.42543e+51 1.78315e+58 0 0 6.59824e+43 0 4.64348e+42 0 0 0
2.94273e-06 0 0 1.87403e+30 1.51663e+51 1.4894e+58 0 0 7.61953e+43 0 4.64348e+42 0 0 0
3.39821e-06 0 0 1.26161e+33 1.60915e+51 1.24013e+58 0 0 8.7989e+43 0 4.64348e+42 0 0 0
3.92419e-06 0 0 3.57196e+35 1.70519e+51 1.03091e+58 0 0 1.01608e+44 0 4.64348e+42 0 0 0
4.53158e-06 0 0 4.78532e+37 1.80821e+51 8.5726e+57 0 0 1.17335e+44 0 4.64348e+42 0 0 0
5.23299e-06 0 0 3.36125e+39 1.92306e+51 7.14698e+57 0 0 1.35497e+44 0 4.64348e+42 0 0 0
6.04296e-06 0 0 1.35333e+41 2.05576e+51 5.98745e+57 0 0 1.56469e+44 0 4.64348e+42 0 0 0
6.97831e-06 0 0 3.37396e+42 2.21317e+51 5.05036e+57 0 0 1.80688e+44 0 4.64348e+42 0 0 0
8.05842e-06 0 0 5.56592e+43 2.40234e+51 4.29443e+57 0 0 2.08655e+44 0 4.64348e+42 0 0 0
9.30572e-06 0 0 6.42984e+44 2.6298e+51 3.68206e+57 0 0 2.40951e+44 0 4.64348e+42 0 0 0
1.07461e-05 0 0 5.4577e+45 2.90085e+51 3.18065e+57 0 0 2.78246e+44 0 4.64348e+42 0 0 0
1.24094e-05 0 0 3.5454e+46 3.21928e+51 2.76346e+57 0 0 3.21313e+44 0 4.64348e+42 0 0 0
1.43301e-05 0 0 1.82499e+47 3.58749e+51 2.40983e+57 0 0 3.71047e+44 0 4.64348e+42 0 0 0
1.65482e-05 0 0 7.67006e+47 4.00723e+51 2.10485e+57 0 0 4.28478e+44 0 4.64348e+42 0 0 0
1.91095e-05 0 0 2.70169e+48 4.48054e+51 1.83834e+57 0 0 4.94798e+44 0 4.64348e+42 0 0 0
2.20673e-05 0 0 8.16151e+48 5.01085e+51 1.60365e+57 0 0 5.71384e+44 0 4.64348e+42 0 0 0
2.5483e-05 0 0 2.15796e+49 5.60368e+51 1.3964e+57 0 0 6.59824e+44 0 4.64348e+42 0 0 0
2.94273e-05 0 0 5.08462e+49 6.26713e+51 1.21348e+57 0 0 7.61953e+44 0 4.64348e+42 0 0 0
3.39821e-05 0 0 1.08462e+50 7.01205e+51 1.05246e+57 0 0 8.79889e+44 0 4.64348e+42 0 0 0
3.92419e-05 0 0 2.12374e+50 7.85213e+51 9.11196e+56 0 0 1.01608e+45 0 4.64348e+42 0 0 0
4.53158e-05 0 0 3.86319e+50 8.80399e+51 7.87687e+56 0 0 1.17335e+45 0 4.64348e+42 0 0 0
5.23299e-05 0 0 6.59675e+50 9.88733e+51 6.80042e+56 0 0 1.35496e+45 0 4.64348e+42 0 0 0
6.04296e-05 0 0 1.06695e+51 1.1125e+52 5.86465e+56 0 0 1.56469e+45 0 4.64348e+42 0 0 0
6.97831e-05 0 0 1.64711e+51 1.25432e+52 5.05273e+56 0 0 1.80687e+45 0 4.64348e+42 0 0 0
8.05842e-05 0 0 2.44303e+51 1.41722e+52 4.34915e+56 0 0 2.08654e+45 0 4.64348e+42 0 0 0
9.30572e-05 0 0 3.50126e+51 1.60471e+52 3.73987e+56 0 0 2.4095e+45 0 4.64348e+42 0 0 0
0.000107461 0 0 4.87241e+51 1.82094e+52 3.21246e+56 0 0 2.78245e+45 0 4.64348e+42 0 0 0
0.000124094 0 0 6.61231e+51 2.07092e+52 2.75606e+56 0 0 3.21312e+45 0 4.64348e+42 0 0 0
0.000143301 0 0 8.78396e+51 2.36071e+52 2.3613e+56 0 0 3.71045e+45 0 4.64348e+42 0 0 0
0.000165482 0 0 1.14599e+52 2.69765e+52 2.02012e+56 0 0 4.28476e+45 0 4.64348e+42 0 0 0
0.000191095 0 0 1.47249e+52 3.09044e+52 1.72554e+56 0 0 4.94796e+45 0 4.64348e+42 0 0 0
0.000220673 0 0 1.86784e+52 3.54939e+52 1.4715e+56 0 0 5.71382e+45 0 4.64348e+42 0 0 0
0.00025483 0 0 2.34382e+52 4.08666e+52 1.2527e+56 0 0 6.59821e+45 0 4.64348e+42 0 0 0
0.000294273 0 0 2.91447e+52 4.71673e+52 1.06452e+56 0 0 7.61948e+45 0 4.64348e+42 0 0 0
0.000339821 0 0 3.59663e+52 5.45699e+52 9.02901e+55 0 0 8.79883e+45 0 4.64348e+42 0 0 0
0.000392419 0 0 4.4106e+52 6.32829e+52 7.6431e+55 0 0 1.01607e+46 0 4.64348e+42 0 0 0
0.000453158 0 0 5.38081e+52 7.35565e+52 6.45663e+55 0 0 1.17334e+46 0 4.64348e+42 0 0 0
0.000523299 0 0 6.53667e+52 8.56903e+52 5.44272e+55 0 0 1.35495e+46 0 4.64348e+42 0 0 0
0.000604296 0 0 7.91355e+52 1.00043e+53 4.5779e+55 0 0 1.56467e+46 0 4.64348e+42 0 0 0
0.000697831 0 0 9.55405e+52 1.17046e+53 3.84174e+55 0 0 1.80685e+46 0 4.64348e+42 0 0 0
0.000805842 0 0 1.15096e+53 1.37218e+53 3.2164e+55 0 0 2.08651e+46 0 4.64348e+42 0 0 0
0.000930572 0 0 1.38422e+53 1.61184e+53 2.68638e+55 0 0 2.40946e+46 0 4.64348e+42 0 0 0
0.00107461 0 0 1.66268e+53 1.89699e+53 2.23819e+55 0 0 2.78239e+46 0 4.64348e+42 0 0 0
0.00124094 0 0 1.99541e+53 2.23672e+53 1.8601e+55 0 0 3.21304e+46 0 4.64348e+42 0 0 0
0.00143301 0 0 2.39338e+53 2.64208e+53 1.54195e+55 0 0 3.71035e+46 0 4.64348e+42 0 0 0
0.00165482 0 0 2.8699e+53 3.12642e+53 1.27492e+55 0 0 4.28462e+46 0 4.64348e+42 0 0 0
0.00191095 0 0 3.44115e+53 3.70595e+53 1.0514e+55 0 0 4.94778e+46 0 4.64348e+42 0 0 0
0.00220673 0 0 4.12677e+53 4.4004e+53 8.64795e+54 0 0 5.71357e+46 0 4.64348e+42 0 0 0
0.0025483 0 0 4.95072e+53 5.23375e+53 7.09447e+54 0 0 6.59788e+46 0 4.64348e+42 0 0 0
0.00294273 0 0 5.94167e+53 6.23471e+53 5.80482e+54 0 0 7.61905e+46 0 4.64348e+42 0 0 0
0.00339821 0 0 7.1246e+53 7.4279e+53 4.73724e+54 0 0 8.79825e+46 0 4.64348e+42 0 0 0
0.00392419 0 0 8.46595e+53 8.77717e+53 3.85602e+54 0 0 1.01599e+47 0 4.64348e+42 0 0 0
0.00453158 0 0 9.77437e+53 1.00848e+54 3.13072e+54 0 0 1.17324e+47 0 4.64348e+42 0 0 0
0.00523299 0 0 1.07209e+54 1.10151e+54 2.53546e+54 0 0 1.35481e+47 0 4.64348e+42 0 0 0
0.00604296 0 0 1.10402e+54 1.13021e+54 2.04832e+54 0 0 1.56449e+47 0 4.64348e+42 0 0 0
0.00697831 0 0 1.06891e+54 1.09083e+54 1.65079e+54 0 0 1.8066e+47 0 4.64348e+42 0 0 0
0.00805842 0 0 9.81916e+53 9.99331e+53 1.32729e+54 0 0 2.08618e+47 0 4.64348e+42 0 0 0
0.00930572 0 0 8.65483e+53 8.7876e+53 1.06474e+54 0 0 2.40902e+47 0 4.64348e+42 0 0 0
0.0107461 0 0 7.39562e+53 7.49377e+53 8.52241e+53 0 0 2.78181e+47 0 4.64348e+42 0 0 0
0.0124094 0 0 6.17791e+53 6.24884e+53 6.80691e+53 0 0 3.21227e+47 0 4.64348e+42 0 0 0
0.0143301 0 0 5.07679e+53 5.12723e+53 5.42552e+53 0 0 3.70932e+47 0 4.64348e+42 0 0 0
0.0165482 0 0 4.12285e+53 4.1583e+53 4.31587e+53 0 0 4.28324e+47 0 4.64348e+42 0 0 0
0.0191095 0 0 3.31945e+53 3.34415e+53 3.42661e+53 0 0 4.94594e+47 0 4.64348e+42 0 0 0
0.0220673 0 0 2.65567e+53 2.67277e+53 2.71559e+53 0 0 5.71112e+47 0 4.64348e+42 0 0 0
0.025483 0 0 2.11444e+53 2.12623e+53 2.14831e+53 0 0 6.59461e+47 0 4.64348e+42 0 0 0
0.0294273 0 0 1.67724e+53 1.68534e+53 1.69666e+53 0 0 7.61468e+47 0 4.64348e+42 0 0 0
0.0339821 0 0 1.32647e+53 1.33201e+53 1.33779e+53 0 0 8.79243e+47 0 4.64348e+42 0 0 0
0.0392419 0 0 1.04646e+53 1.05025e+53 1.05318e+53 0 0 1.01522e+48 0 4.64348e+42 0 0 0
0.0453158 0 0 8.23819e+52 8.26398e+52 8.27883e+52 0 0 1.1722e+48 0 4.64348e+42 0 0 0
0.0523299 0 0 6.47336e+52 6.49091e+52 6.49839e+52 0 0 1.35343e+48 0 4.64348e+42 0 0 0
0.0604296 0 0 5.07807e+52 5.08999e+52 5.09374e+52 0 0 1.56265e+48 0 4.64348e+42 0 0 0
0.0697831 0 0 3.97737e+52 3.98545e+52 3.98733e+52 0 0 1.80415e+48 0 4.64348e+42 0 0 0
0.0805842 0 0 3.11075e+52 3.11622e+52 3.11716e+52 0 0 2.08291e+48 0 4.64348e+42 0 0 0
0.0930572 0 0 2.42962e+52 2.43333e+52 2.43379e+52 0 0 2.40466e+48 0 4.64348e+42 0 0 0
0.107461 0 0 1.89515e+52 1.89765e+52 1.89788e+52 0 0 2.77599e+48 0 4.64348e+42 0 0 0
0.124094 0 0 1.47637e+52 1.47806e+52 1.47817e+52 0 0 3.20451e+48 0 4.64348e+42 0 0 0
0.143301 0 0 1.14872e+52 1.14985e+52 1.14991e+52 0 0 3.69897e+48 0 4.64348e+42 0 0 0
0.165482 0 0 8.927e+51 8.93465e+51 8.93492e+51 0 0 4.26946e+48 0 4.64348e+42 0 0 0
0.191095 0 0 6.9292e+51 6.93434e+51 6.93448e+51 0 0 4.92756e+48 0 4.64348e+42 0 0 0
0.220673 0 0 5.37221e+51 5.37566e+51 5.37572e+51 0 0 5.68661e+48 0 4.64348e+42 0 0 0
0.25483 0 0 4.16024e+51 4.16256e+51 4.16259e+51 0 0 6.56193e+48 0 4.64348e+42 0 0 0
0.294273 1.10534e-197 1.10534e-197 3.21798e+51 3.21953e+51 3.21956e+51 0 0 7.57113e+48 6.64498e-199 4.64348e+42 0 0 0
0.339821 1.65087e-132 1.65087e-132 2.48631e+51 2.48734e+51 2.48736e+51 0 0 8.73437e+48 1.11232e-133 4.64348e+42 0 0 0
0.392419 1.95596e-84 1.95596e-84 1.91881e+51 1.9195e+51 1.91951e+51 0 0 1.00748e+49 1.47874e-85 4.64348e+42 0 0 0
0.453158 5.43345e-49 5.43345e-49 1.47917e+51 1.47964e+51 1.47964e+51 0 0 1.16189e+49 4.61438e-50 4.64348e+42 0 0 0
0.523299 7.1107e-23 7.1107e-23 1.13899e+51 1.13929e+51 1.1393e+51 0 0 1.33968e+49 6.79111e-24 4.64348e+42 0 0 0
0.604296 0.00120809 0.00120809 8.76063e+50 8.76269e+50 8.7627e+50 0 0 1.54432e+49 0.000129897 4.64348e+42 0 0 0
0.697831 1.69152e+11 1.69152e+11 6.73096e+50 6.73232e+50 6.73233e+50 0 0 1.77973e+49 2.04985e+10 4.64348e+42 0 0 0
0.805842 4.18763e+21 4.18763e+21 5.16596e+50 5.16687e+50 5.16687e+50 0 0 2.05038e+49 5.72562e+20 4.64348e+42 0 0 0
0.930572 1.76434e+29 1.76434e+29 3.96069e+50 3.9613e+50 3.9613e+50 0 0 2.36132e+49 2.72458e+28 4.64348e+42 0 0 0
1.07461 6.73514e+34 6.73514e+34 3.03356e+50 3.03396e+50 3.03396e+50 0 0 2.71827e+49 1.17588e+34 4.64348e+42 0 0 0
1.24094 8.00718e+38 8.00718e+38 2.3212e+50 2.32147e+50 2.32147e+50 0 0 3.12764e+49 1.58201e+38 4.64348e+42 0 0 0
1.43301 7.37638e+41 7.37638e+41 1.77451e+50 1.77469e+50 1.77469e+50 0 0 3.59662e+49 1.65074e+41 4.64348e+42 0 0 0
1.65482 1.03187e+44 1.03187e+44 1.35543e+50 1.35555e+50 1.35555e+50 0 0 4.13321e+49 2.61777e+43 4.64348e+42 0 0 0
1.91095 3.60118e+45 3.60118e+45 1.03453e+50 1.03461e+50 1.03461e+50 0 0 4.74624e+49 1.03645e+45 4.64348e+42 0 0 0
2.20673 4.52251e+46 4.52251e+46 7.89066e+49 7.89116e+49 7.89116e+49 0 0 5.4454e+49 1.47764e+46 4.64348e+42 0 0 0
2.5483 2.67767e+47 2.67767e+47 6.01491e+49 6.01525e+49 6.01525e+49 0 0 6.24116e+49 9.93763e+46 4.64348e+42 0 0 0
2.94273 9.12202e+47 9.12202e+47 4.58287e+49 4.58309e+49 4.58309e+49 0 0 7.14473e+49 3.84726e+47 4.64348e+42 0 0 0
3.39821 2.07083e+48 2.07083e+48 3.49049e+49 3.49063e+49 3.49063e+49 0 0 8.16787e+49 9.92866e+47 4.64348e+42 0 0 0
3.92419 3.49058e+48 3.49058e+48 2.65782e+49 2.65791e+49 2.65791e+49 0 0 9.32258e+49 1.90296e+48 4.64348e+42 0 0 0
4.53158 4.73093e+48 4.73093e+48 2.02351e+49 2.02358e+49 2.02358e+49 0 0 1.06208e+50 2.93298e+48 4.64348e+42 0 0 0
5.23299 5.46705e+48 5.46705e+48 1.54056e+49 1.54061e+49 1.54061e+49 0 0 1.20735e+50 3.85426e+48 4.64348e+42 0 0 0
6.04296 5.62404e+48 5.62404e+48 1.173e+49 1.17302e+49 1.17302e+49 0 0 1.36903e+50 4.5082e+48 4.64348e+42 0 0 0
6.97831 5.31611e+48 5.31611e+48 8.93312e+48 8.9333e+48 8.9333e+48 0 0 1.5478e+50 4.84404e+48 4.64348e+42 0 0 0
8.05842 4.72606e+48 4.72606e+48 6.80528e+48 6.8054e+48 6.8054e+48 0 0 1.74388e+50 4.89344e+48 4.64348e+42 0 0 0
9.30572 4.01952e+48 4.01952e+48 5.18642e+48 5.1865e+48 5.1865e+48 0 0 1.95688e+50 4.72703e+48 4.64348e+42 0 0 0
10.7461 3.31167e+48 3.31167e+48 3.95464e+48 3.9547e+48 3.9547e+48 0 0 2.18553e+50 4.42095e+48 4.64348e+42 0 0 0
12.4094 2.66741e+48 2.66741e+48 3.01718e+48 3.01722e+48 3.01722e+48 0 0 2.42733e+50 4.03946e+48 4.64348e+42 0 0 0
14.3301 2.11444e+48 2.11444e+48 2.30349e+48 2.30351e+48 2.30351e+48 0 0 2.67826e+50 3.62969e+48 4.64348e+42 0 0 0
16.5482 1.65757e+48 1.65757e+48 1.75991e+48 1.75993e+48 1.75993e+48 0 0 2.9323e+50 3.22273e+48 4.64348e+42 0 0 0
19.1095 1.2896e+48 1.2896e+48 1.34571e+48 1.34572e+48 1.34572e+48 0 0 3.18112e+50 2.83711e+48 4.64348e+42 0 0 0
22.0673 9.98271e+47 9.98271e+47 1.02992e+48 1.02993e+48 1.02993e+48 0 0 3.41363e+50 2.48253e+48 4.64348e+42 0 0 0
25.483 7.70298e+47 7.70298e+47 7.89015e+47 7.89019e+47 7.89019e+47 0 0 3.61591e+50 2.16289e+48 4.64348e+42 0 0 0
29.4273 5.93292e+47 5.93292e+47 6.05115e+47 6.05118e+47 6.05118e+47 0 0 3.77127e+50 1.87857e+48 4.64348e+42 0 0 0
33.9821 4.56565e+47 4.56565e+47 4.64638e+47 4.6464e+47 4.6464e+47 0 0 3.86103e+50 1.62793e+48 4.64348e+42 0 0 0
39.2419 3.51297e+47 3.51297e+47 3.57251e+47 3.57253e+47 3.57253e+47 0 0 3.86592e+50 1.40831e+48 4.64348e+42 0 0 0
45.3158 2.70407e+47 2.70407e+47 2.75092e+47 2.75093e+47 2.75093e+47 0 0 3.76866e+50 1.21667e+48 4.64348e+42 0 0 0
52.3299 2.08306e+47 2.08306e+47 2.12175e+47 2.12175e+47 2.12175e+47 0 0 3.55754e+50 1.04989e+48 4.64348e+42 0 0 0
60.4296 1.60639e+47 1.60639e+47 1.63937e+47 1.63937e+47 1.63937e+47 0 0 3.23077e+50 9.05027e+47 4.64348e+42 0 0 0
69.7831 1.24032e+47 1.24032e+47 1.26902e+47 1.26902e+47 1.26902e+47 0 0 2.80075e+50 7.79347e+47 4.64348e+42 0 0 0
80.5842 9.58907e+46 9.58907e+46 9.842e+46 9.84202e+46 9.84202e+46 0 0 2.29647e+50 6.70403e+47 4.64348e+42 0 0 0
93.0572 7.42252e+46 7.42252e+46 7.64721e+46 7.64722e+46 7.64722e+46 0 0 1.76196e+50 5.76022e+47 4.64348e+42 0 0 0
107.461 5.75164e+46 5.75164e+46 5.95223e+46 5.95224e+46 5.95224e+46 0 0 1.24937e+50 4.94295e+47 4.64348e+42 0 0 0
124.094 4.46068e+46 4.46068e+46 4.64035e+46 4.64035e+46 4.64035e+46 0 0 8.07212e+49 4.23554e+47 4.64348e+42 0 0 0
143.301 3.46158e+46 3.46158e+46 3.62285e+46 3.62286e+46 3.62286e+46 0 0 4.67636e+49 3.62343e+47 4.64348e+42 0 0 0
165.482 2.68726e+46 2.68726e+46 2.83223e+46 2.83223e+46 2.83223e+46 0 0 2.38541e+49 3.09401e+47 4.64348e+42 0 0 0
191.095 2.08644e+46 2.08644e+46 2.21689e+46 2.21689e+46 2.21689e+46 0 0 1.0496e+49 2.63631e+47 4.64348e+42 0 0 0
220.673 1.61977e+46 1.61977e+46 1.73725e+46 1.73725e+46 1.73725e+46 0 0 3.8916e+48 2.24085e+47 4.64348e+42 0 0 0
254.83 1.25696e+46 1.25696e+46 1.3628e+46 1.3628e+46 1.3628e+46 0 0 1.18375e+48 1.89939e+47 4.64348e+42 0 0 0
294.273 9.74638e+45 9.74638e+45 1.07001e+46 1.07001e+46 1.07001e+46 0 0 2.86462e+47 1.60484e+47 4.64348e+42 0 0 0
339.821 7.54782e+45 7.54782e+45 8.40694e+45 8.40694e+45 8.40694e+45 0 0 5.32297e+46 1.35103e+47 4.64348e+42 0 0 0
392.419 5.83489e+45 5.83489e+45 6.60837e+45 6.60837e+45 6.60837e+45 0 0 7.2906e+45 1.13263e+47 4.64348e+42 0 0 0
453.158 4.50018e+45 4.50018e+45 5.19587e+45 5.19587e+45 5.19587e+45 0 0 7.0208e+44 9.45048e+46 4.64348e+42 0 0 0
523.299 3.46047e+45 3.46047e+45 4.08532e+45 4.08532e+45 4.08532e+45 0 0 4.50139e+43 7.84285e+46 4.64348e+42 0 0 0
604.296 2.65114e+45 2.65114e+45 3.21131e+45 3.21131e+45 3.21131e+45 0 0 1.80425e+42 6.4689e+46 4.64348e+42 0 0 0
697.831 2.02187e+45 2.02187e+45 2.52283e+45 2.52283e+45 2.52283e+45 0 0 4.20398e+40 5.29863e+46 4.64348e+42 0 0 0
805.842 1.53345e+45 1.53345e+45 1.98009e+45 1.98009e+45 1.98009e+45 0 0 5.23571e+38 4.30601e+46 4.64348e+42 0 0 0
930.572 1.15529e+45 1.15529e+45 1.55198e+45 1.55198e+45 1.55198e+45 0 0 3.16323e+36 3.46831e+46 4.64348e+42 0 0 0
1074.61 8.63485e+44 8.63485e+44 1.21421e+45 1.21421e+45 1.21421e+45 0 0 8.28898e+33 2.76563e+46 4.64348e+42 0 0 0
1240.94 6.39357e+44 6.39357e+44 9.47755e+44 9.47756e+44 9.47756e+44 0 0 8.27817e+30 2.18047e+46 4.64348e+42 0 0 0
1433.01 4.68236e+44 4.68236e+44 7.37697e+44 7.37697e+44 7.37697e+44 0 0 2.71385e+27 1.69736e+46 4.64348e+42 0 0 0
1654.82 3.38576e+44 3.38576e+44 5.72301e+44 5.72301e+44 5.72301e+44 0 0 2.45796e+23 1.3025e+46 4.64348e+42 0 0 0
1910.95 2.41255e+44 2.41255e+44 4.42313e+44 4.42313e+44 4.42313e+44 0 0 5.04001e+18 9.83567e+45 4.64348e+42 0 0 0
2206.73 1.69043e+44 1.69043e+44 3.40408e+44 3.40408e+44 3.40408e+44 0 0 1.85909e+13 7.2946e+45 4.64348e+42 0 0 0
2548.3 1.16198e+44 1.16198e+44 2.60769e+44 2.60769e+44 2.60769e+44 0 0 9.45954e+06 5.30177e+45 4.64348e+42 0 0 0
2942.73 7.81537e+43 7.81537e+43 1.98766e+44 1.98766e+44 1.98766e+44 0 0 0.488633 3.76701e+45 4.64348e+42 0 0 0
3398.21 5.12847e+43 5.12847e+43 1.50705e+44 1.50705e+44 1.50705e+44 0 0 1.79833e-09 2.60931e+45 4.64348e+42 0 0 0
3924.19 3.27273e+43 3.27273e+43 1.13634e+44 1.13634e+44 1.13634e+44 0 0 3.13298e-19 1.75649e+45 4.64348e+42 0 0 0
4531.58 2.02366e+43 2.02366e+43 8.51945e+43 8.51945e+43 8.51945e+43 0 0 1.61137e-30 1.14501e+45 4.64348e+42 0 0 0
5232.99 1.32806e+43 1.32806e+43 6.51911e+43 6.51911e+43 6.51911e+43 0 0 1.41837e-43 7.91719e+44 4.64348e+42 0 0 0
6042.96 7.82821e+42 7.82821e+42 4.85789e+43 4.85789e+43 4.85789e+43 0 0 1.1384e-58 4.91402e+44 4.64348e+42 0 0 0
6978.31 4.44507e+42 4.44507e+42 3.6025e+43 3.6025e+43 3.6025e+43 0 0 4.0266e-76 2.93616e+44 4.64348e+42 0 0 0
8058.42 2.42258e+42 2.42258e+42 2.65919e+43 2.65919e+43 2.65919e+43 0 0 2.71069e-96 1.6825e+44 4.64348e+42 0 0 0
9305.72 1.26237e+42 1.26237e+42 1.95437e+43 1.95437e+43 1.95437e+43 0 0 1.31715e-119 9.20876e+43 4.64348e+42 0 0 0
10746.1 6.26415e+41 6.26415e+41 1.43061e+43 1.43061e+43 1.43061e+43 0 0 1.50779e-146 4.79359e+43 4.64348e+42 0 0 0
12409.4 2.94804e+41 2.94804e+41 1.04342e+43 1.04342e+43 1.04342e+43 0 0 1.11601e-177 2.3627e+43 4.64348e+42 0 0 0
14330.1 1.3105e+41 1.3105e+41 7.58601e+42 7.58601e+42 7.58601e+42 0 0 1.20001e-213 1.09772e+43 4.64348e+42 0 0 0
16548.2 5.48132e+40 5.48132e+40 5.50029e+42 5.50029e+42 5.50029e+42 0 0 0 4.78611e+42 4.64348e+42 0 0 0
19109.5 2.14954e+40 2.14954e+40 3.97921e+42 3.97921e+42 3.97921e+42 0 0 0 1.95019e+42 4.64348e+42 0 0 0
22067.3 7.88043e+39 7.88043e+39 2.87397e+42 2.87397e+42 2.87397e+42 0 0 0 7.39894e+41 4.64348e+42 0 0 0
25483 2.69537e+39 2.69537e+39 2.07341e+42 2.07341e+42 2.07341e+42 0 0 0 2.60608e+41 4.64348e+42 0 0 0
29427.3 8.59413e+38 8.59413e+38 1.49505e+42 1.49505e+42 1.49505e+42 0 0 0 8.50599e+40 4.64348e+42 0 0 0
33982.1 2.55651e+38 2.55651e+38 1.07809e+42 1.07809e+42 1.07809e+42 0 0 0 2.57154e+40 4.64348e+42 0 0 0
39241.9 7.11462e+37 7.11462e+37 7.77937e+41 7.77937e+41 7.77937e+41 0 0 0 7.21059e+39 4.64348e+42 0 0 0
45315.8 1.86176e+37 1.86176e+37 5.62062e+41 5.62062e+41 5.62062e+41 0 0 0 1.8817e+39 4.64348e+42 0 0 0
52329.9 4.61638e+36 4.61638e+36 4.06848e+41 4.06848e+41 4.06848e+41 0 0 0 4.5967e+38 4.64348e+42 0 0 0
60429.6 1.09605e+36 1.09605e+36 2.95213e+41 2.95213e+41 2.95213e+41 0 0 0 1.05986e+38 4.64348e+42 0 0 0
69783.1 2.525e+35 2.525e+35 2.14847e+41 2.14847e+41 2.14847e+41 0 0 0 2.33135e+37 4.64348e+42 0 0 0
80584.2 5.73409e+34 5.73409e+34 1.56902e+41 1.56902e+41 1.56902e+41 0 0 0 4.95603e+36 4.64348e+42 0 0 0
93057.2 1.30687e+34 1.30687e+34 1.15033e+41 1.15033e+41 1.15033e+41 0 0 0 1.03314e+36 4.64348e+42 0 0 0
107461 3.04778e+33 3.04778e+33 8.4697e+40 8.4697e+40 8.4697e+40 0 0 0 2.14495e+35 4.64348e+42 0 0 0
124094 7.41959e+32 7.41959e+32 6.26458e+40 6.26458e+40 6.26458e+40 0 0 0 4.50443e+34 4.64348e+42 0 0 0
143301 1.92269e+32 1.92269e+32 4.65564e+40 4.65564e+40 4.65564e+40 0 0 0 9.70689e+33 4.64348e+42 0 0 0
165482 5.40079e+31 5.40079e+31 3.47677e+40 3.47677e+40 3.47677e+40 0 0 0 2.17295e+33 4.64348e+42 0 0 0
191095 1.6709e+31 1.6709e+31 2.60909e+40 2.60909e+40 2.60909e+40 0 0 0 5.09927e+32 4.64348e+42 0 0 0
220673 5.76908e+30 5.76908e+30 1.96742e+40 1.96742e+40 1.96742e+40 0 0 0 1.2611e+32 4.64348e+42 0 0 0
254830 2.24554e+30 2.24554e+30 1.49055e+40 1.49055e+40 1.49055e+40 0 0 0 3.29016e+31 4.64348e+42 0 0 0
294273 9.92415e+29 9.92415e+29 1.13441e+40 1.13441e+40 1.13441e+40 0 0 0 9.02519e+30 4.64348e+42 0 0 0
339821 5.0023e+29 5.0023e+29 8.67146e+39 8.67146e+39 8.67146e+39 0 0 0 2.58316e+30 4.64348e+42 0 0 0
392419 2.88229e+29 2.88229e+29 6.65633e+39 6.65633e+39 6.65633e+39 0 0 0 7.62466e+29 4.64348e+42 0 0 0
453158 1.89946e+29 1.89946e+29 5.13012e+39 5.13012e+39 5.13012e+39 0 0 0 2.28501e+29 4.64348e+42 0 0 0
523299 1.43048e+29 1.43048e+29 3.9693e+39 3.9693e+39 3.9693e+39 2.55076e+32 9.09112e+36 0 6.81865e+28 4.64348e+42 0 0 0
604296 1.22861e+29 1.22861e+29 3.08281e+39 3.08281e+39 3.08281e+39 3.96713e+32 9.12889e+36 0 1.97895e+28 4.64348e+42 0 0 0
697831 1.19962e+29 1.19962e+29 2.40319e+39 2.40319e+39 2.40319e+39 5.3835e+32 9.16666e+36 0 5.43155e+27 4.64348e+42 0 0 0
805842 1.3256e+29 1.3256e+29 1.88023e+39 1.88023e+39 1.88023e+39 6.79987e+32 9.20443e+36 0 1.36384e+27 4.64348e+42 0 0 0
930572 1.64793e+29 1.64793e+29 1.47635e+39 1.47635e+39 1.47635e+39 8.21624e+32 9.24221e+36 0 3.01292e+26 4.64348e+42 0 0 0
1.07461e+06 2.28736e+29 2.28736e+29 1.16328e+39 1.16328e+39 1.16328e+39 1.04427e+33 9.28937e+36 0 5.59377e+25 4.64348e+42 0 0 0
1.24094e+06 3.50983e+29 3.50983e+29 9.19727e+38 9.19727e+38 9.19727e+38 1.40785e+33 9.2997e+36 0 8.26868e+24 4.64348e+42 0 0 0
1.43301e+06 5.87159e+29 5.87159e+29 7.29499e+38 7.29499e+38 7.29499e+38 1.88855e+33 9.31276e+36 0 9.12079e+23 4.64348e+42 0 0 0
1.65482e+06 1.05392e+30 1.05392e+30 5.80329e+38 5.80329e+38 5.80329e+38 2.52641e+33 9.32944e+36 0 6.9668e+22 4.64348e+42 0 0 0
1.91095e+06 1.99732e+30 1.99732e+30 4.62898e+38 4.62898e+38 4.62898e+38 3.44265e+33 9.35245e+36 0 3.3881e+21 4.64348e+42 0 0 0
2.20673e+06 3.93451e+30 3.93451e+30 3.70103e+38 3.70103e+38 3.70103e+38 4.62194e+33 9.38203e+36 0 9.54894e+19 4.64348e+42 0 0 0
2.5483e+06 7.93957e+30 7.93957e+30 2.96513e+38 2.96513e+38 2.96513e+38 6.17672e+33 9.42071e+36 0 1.40392e+18 4.64348e+42 0 0 0
2.94273e+06 1.61893e+31 1.61893e+31 2.37952e+38 2.37952e+38 2.37952e+38 8.248e+33 9.47141e+36 0 9.5662e+15 4.64348e+42 0 0 0
3.39821e+06 3.29432e+31 3.29432e+31 1.91202e+38 1.91202e+38 1.91202e+38 1.12488e+34 9.54262e+36 0 2.64387e+13 4.64348e+42 0 0 0
3.92419e+06 6.61531e+31 6.61531e+31 1.53769e+38 1.53769e+38 1.53769e+38 1.51821e+34 9.63562e+36 0 2.54901e+10 4.64348e+42 0 0 0
4.53158e+06 1.29812e+32 1.29812e+32 1.23716e+38 1.23716e+38 1.23716e+38 2.05101e+34 9.75676e+36 0 7.22546e+06 4.64348e+42 0 0 0
5.23299e+06 2.46842e+32 2.46842e+32 9.95319e+37 9.95319e+37 9.95319e+37 2.76563e+34 9.9127e+36 0 495.717 4.64348e+42 0 0 0
6.04296e+06 4.51688e+32 4.51688e+32 8.00332e+37 8.00332e+37 8.00332e+37 3.78422e+34 1.0128e+37 0 0.00659306 4.64348e+42 0 0 0
6.97831e+06 7.90997e+32 7.90997e+32 6.42909e+37 6.42909e+37 6.42909e+37 5.11073e+34 1.03881e+37 0 1.3188e-08 4.64348e+42 0 0 0
8.05842e+06 1.32012e+33 1.32012e+33 5.15719e+37 5.15719e+37 5.15719e+37 6.85688e+34 1.07067e+37 0 2.96577e-15 4.64348e+42 0 0 0
9.30572e+06 2.09358e+33 2.09358e+33 4.12944e+37 4.12944e+37 4.12944e+37 9.19232e+34 1.10724e+37 0 5.36806e-23 4.64348e+42 0 0 0
1.07461e+07 3.14931e+33 3.14931e+33 3.29934e+37 3.29934e+37 3.29934e+37 1.24114e+35 1.15843e+37 0 5.32448e-32 4.64348e+42 0 0 0
1.24094e+07 4.48956e+33 4.48956e+33 2.62936e+37 2.62936e+37 2.62936e+37 1.64118e+35 1.20637e+37 0 1.8589e-42 4.64348e+42 0 0 0
1.43301e+07 6.06438e+33 6.06438e+33 2.08912e+37 2.08912e+37 2.08912e+37 2.13159e+35 1.25378e+37 0 1.37131e-54 4.64348e+42 0 0 0
1.65482e+07 7.76515e+33 7.76515e+33 1.65402e+37 1.65402e+37 1.65402e+37 2.7203e+35 1.29871e+37 0 1.18652e-68 4.64348e+42 0 0 0
1.91095e+07 9.43409e+33 9.43409e+33 1.3042e+37 1.3042e+37 1.3042e+37 3.4477e+35 1.33874e+37 0 6.1046e-85 4.64348e+42 0 0 0
2.20673e+07 1.08887e+34 1.08887e+34 1.02352e+37 1.02352e+37 1.02352e+37 4.21882e+35 1.3725e+37 0 8.52489e-104 4.64348e+42 0 0 0
2.5483e+07 1.19601e+34 1.19601e+34 7.9911e+36 7.9911e+36 7.9911e+36 5.05817e+35 1.39569e+37 0 1.30642e-125 4.64348e+42 0 0 0
2.94273e+07 1.25279e+34 1.25279e+34 6.20489e+36 6.20489e+36 6.20489e+36 5.90145e+35 1.39585e+37 0 7.72047e-151 4.64348e+42 0 0 0
3.39821e+07 1.25472e+34 1.25472e+34 4.79214e+36 4.79214e+36 4.79214e+36 6.74772e+35 1.36896e+37 0 5.25752e-180 4.64348e+42 0 0 0
3.92419e+07 1.20464e+34 1.20464e+34 3.68124e+36 3.68124e+36 3.68124e+36 7.45126e+35 1.31449e+37 0 1.02232e-213 4.64348e+42 0 0 0
4.53158e+07 1.1125e+34 1.1125e+34 2.81512e+36 2.81512e+36 2.81512e+36 8.0635e+35 1.24233e+37 0 1.13298e-252 4.64348e+42 0 0 0
5.23299e+07 9.91605e+33 9.91605e+33 2.14482e+36 2.14482e+36 2.14482e+36 8.54245e+35 1.15875e+37 0 0 4.64348e+42 0 0 0
6.04296e+07 8.55669e+33 8.55669e+33 1.62907e+36 1.62907e+36 1.62907e+36 8.81951e+35 1.05513e+37 0 0 4.64348e+42 0 0 0
6.97831e+07 7.17011e+33 7.17011e+33 1.23432e+36 1.23432e+36 1.23432e+36 8.86937e+35 9.36523e+36 0 0 4.64348e+42 0 0 0
8.05842e+07 5.85182e+33 5.85182e+33 9.33612e+35 9.33612e+35 9.33612e+35 8.7143e+35 8.04139e+36 0 0 4.64348e+42 0 0 0
9.30572e+07 4.66198e+33 4.66198e+33 7.05003e+35 7.05003e+35 7.05003e+35 8.35988e+35 6.63e+36 0 0 4.64348e+42 0 0 0
1.07461e+08 3.62934e+33 3.62934e+33 5.30995e+35 5.30995e+35 5.30995e+35 7.80357e+35 5.18034e+36 0 0 4.64348e+42 133.986 0 0
1.24094e+08 2.76997e+33 2.76997e+33 3.99448e+35 3.99448e+35 3.99448e+35 7.15647e+35 4.00664e+36 0 0 4.64348e+42 117.709 0 0
1.43301e+08 2.07292e+33 2.07292e+33 2.99649e+35 2.99649e+35 2.99649e+35 6.41652e+35 3.04018e+36 0 0 4.64348e+42 103.409 0 0
1.65482e+08 1.52064e+33 1.52064e+33 2.2373e+35 2.2373e+35 2.2373e+35 5.60814e+35 2.26937e+36 0 0 4.64348e+42 90.8468 0 0
1.91095e+08 1.08739e+33 1.08739e+33 1.65092e+35 1.65092e+35 1.65092e+35 4.69967e+35 1.63581e+36 0 0 4.64348e+42 79.8104 0 0
2.20673e+08 7.65784e+32 7.65784e+32 1.21472e+35 1.21472e+35 1.21472e+35 3.89579e+35 1.2025e+36 0 0 4.64348e+42 70.1148 0 0
2.5483e+08 5.29316e+32 5.29316e+32 8.87074e+34 8.87074e+34 8.87074e+34 3.15696e+35 8.7657e+35 0 0 4.64348e+42 61.597 0 0
2.94273e+08 3.59359e+32 3.59359e+32 6.42689e+34 6.42689e+34 6.42689e+34 2.50323e+35 6.33427e+35 0 0 4.64348e+42 54.114 0 0
3.39821e+08 2.37948e+32 2.37948e+32 4.58231e+34 4.58231e+34 4.58231e+34 1.90727e+35 4.4912e+35 0 0 4.64348e+42 49.6375 0 0
3.92419e+08 1.56576e+32 1.56576e+32 3.27307e+34 3.27307e+34 3.27307e+34 1.45904e+35 3.25821e+35 0 0 4.64348e+42 47.54 0 0
4.53158e+08 1.01781e+32 1.01781e+32 2.32631e+34 2.32631e+34 2.32631e+34 1.10194e+35 2.35572e+35 0 0 4.64348e+42 45.5312 0 0
5.23299e+08 6.51994e+31 6.51994e+31 1.64115e+34 1.64115e+34 1.64115e+34 8.17093e+34 1.69768e+35 0 0 4.64348e+42 43.6073 0 0
6.04296e+08 4.08135e+31 4.08135e+31 1.15147e+34 1.15147e+34 1.15147e+34 5.99998e+34 1.21055e+35 0 0 4.64348e+42 41.7647 0 0
6.97831e+08 2.21773e+31 2.21773e+31 7.98673e+33 7.98673e+33 7.98673e+33 4.47998e+34 8.82558e+34 0 0 4.64348e+42 40 0 0
8.05842e+08 4.12364e+30 4.12364e+30 4.87206e+33 4.87206e+33 4.87206e+33 3.32738e+34 6.42502e+34 0 0 4.64348e+42 38.3098 0 0
9.30572e+08 2.64812e+27 2.64812e+27 1.93662e+33 1.93662e+33 1.93662e+33 2.45412e+34 4.66666e+34 0 0 4.64348e+42 36.691 0 0
1.07461e+09 2.0046e+14 2.0046e+14 4.67953e+32 4.67953e+32 4.67953e+32 1.78547e+34 3.34e+34 0 0 4.64348e+42 36.8232 0 0
1.24094e+09 2.47987e-32 2.47987e-32 1.01047e+32 1.01047e+32 1.01047e+32 1.33018e+34 2.44759e+34 0 0 4.64348e+42 38.7255 0 0
1.43301e+09 1.11789e-167 1.11789e-167 2.39819e+31 2.39819e+31 2.39819e+31 9.92682e+33 1.78856e+34 0 0 4.64348e+42 40.726 0 0
1.65482e+09 0 0 6.52617e+30 6.52617e+30 6.52617e+30 7.38257e+33 1.30278e+34 0 0 4.64348e+42 42.8299 0 0
1.91095e+09 0 0 2.01836e+30 2.01836e+30 2.01836e+30 5.42057e+33 9.3264e+33 0 0 4.64348e+42 45.0425 0 0
2.20673e+09 0 0 7.10548e+29 7.10548e+29 7.10548e+29 4.06749e+33 6.846e+33 0 0 4.64348e+42 47.3693 0 0
2.5483e+09 0 0 2.77377e+29 2.77377e+29 2.77377e+29 3.04277e+33 5.01011e+33 0 0 4.64348e+42 49.8164 0 0
2.94273e+09 0 0 1.18338e+29 1.18338e+29 1.18338e+29 2.26493e+33 3.65382e+33 0 0 4.64348e+42 52.3898 0 0
3.39821e+09 0 0 5.41484e+28 5.41484e+28 5.41484e+28 1.65445e+33 2.61842e+33 0 0 4.64348e+42 55.0962 0 0
3.92419e+09 0 0 2.68527e+28 2.68527e+28 2.68527e+28 1.23716e+33 1.92192e+33 0 0 4.64348e+42 57.9425 0 0
4.53158e+09 0 0 1.41153e+28 1.41153e+28 1.41153e+28 9.2191e+32 1.40518e+33 0 0 4.64348e+42 60.9357 0 0
5.23299e+09 0 0 7.79944e+27 7.79944e+27 7.79944e+27 6.84528e+32 1.02279e+33 0 0 4.64348e+42 64.0836 0 0
6.04296e+09 0 0 4.45475e+27 4.45475e+27 4.45475e+27 4.97572e+32 7.32013e+32 0 0 4.64348e+42 67.3941 0 0
6.97831e+09 0 0 2.67942e+27 2.67942e+27 2.67942e+27 3.71205e+32 5.36127e+32 0 0 4.64348e+42 70.8756 0 0
8.05842e+09 0 0 1.66218e+27 1.66218e+27 1.66218e+27 2.75963e+32 3.9144e+32 0 0 4.64348e+42 74.537 0 0
9.30572e+09 0 0 1.05662e+27 1.05662e+27 1.05662e+27 2.03796e+32 2.84891e+32 0 0 4.64348e+42 78.3875 0 0
1.07461e+10 0 0 6.80553e+26 6.80553e+26 6.80553e+26 1.47701e+32 2.04315e+32 0 0 4.64348e+42 87.9523 0 0
1.24094e+10 0 0 4.52679e+26 4.52679e+26 4.52679e+26 1.09228e+32 1.50001e+32 0 0 4.64348e+42 105.286 0 0
1.43301e+10 0 0 3.05434e+26 3.05434e+26 3.05434e+26 8.02505e+31 1.0981e+32 0 0 4.64348e+42 126.037 0 0
1.65482e+10 0 0 2.08966e+26 2.08966e+26 2.08966e+26 5.87622e+31 8.01074e+31 0 0 4.64348e+42 150.877 0 0
1.91095e+10 0 0 1.43075e+26 1.43075e+26 1.43075e+26 4.21619e+31 5.73778e+31 0 0 4.64348e+42 180.612 0 0
2.20673e+10 0 0 1.00692e+26 1.00692e+26 1.00692e+26 3.09795e+31 4.21009e+31 0 0 4.64348e+42 216.208 34.7254 0
2.5483e+10 0 0 7.1503e+25 7.1503e+25 7.1503e+25 2.26774e+31 3.07727e+31 0 0 4.64348e+42 258.82 22.9578 0
2.94273e+10 0 0 5.12001e+25 5.12001e+25 5.12001e+25 1.65434e+31 2.24012e+31 0 0 4.64348e+42 309.829 15.5417 0
3.39821e+10 0 0 3.64597e+25 3.64597e+25 3.64597e+25 1.18203e+31 1.59775e+31 0 0 4.64348e+42 370.892 10.7604 0
3.92419e+10 0 0 2.675e+25 2.675e+25 2.675e+25 8.68716e+30 1.17047e+31 0 0 4.64348e+42 443.989 7.61059 0
4.53158e+10 0 0 1.9772e+25 1.9772e+25 1.9772e+25 6.36742e+30 8.5485e+30 0 0 4.64348e+42 531.492 5.49245 0
5.23299e+10 0 0 1.47258e+25 1.47258e+25 1.47258e+25 4.65746e+30 6.22183e+30 0 0 4.64348e+42 636.242 4.04008 0
6.04296e+10 0 0 1.08928e+25 1.08928e+25 1.08928e+25 3.34398e+30 4.43444e+30 0 0 4.64348e+42 761.635 3.02568 0
6.97831e+10 0 0 8.314e+24 8.314e+24 8.314e+24 2.46802e+30 3.25075e+30 0 0 4.64348e+42 911.742 2.3047 0
8.05842e+10 0 0 6.38154e+24 6.38154e+24 6.38154e+24 1.81563e+30 2.37583e+30 0 0 4.64348e+42 1091.43 1.78376 0
9.30572e+10 0 0 4.92247e+24 4.92247e+24 4.92247e+24 1.33126e+30 1.73003e+30 0 0 4.64348e+42 1306.54 1.40144 0
1.07461e+11 0 0 3.74935e+24 3.74935e+24 3.74935e+24 9.55343e+29 1.23165e+30 0 0 4.64348e+42 1564.04 1.11671 0
1.24094e+11 0 0 2.94281e+24 2.94281e+24 2.94281e+24 7.03514e+29 9.01947e+29 0 0 4.64348e+42 1872.29 0.901709 0
1.43301e+11 0 0 2.31453e+24 2.31453e+24 2.31453e+24 5.15871e+29 6.5804e+29 0 0 4.64348e+42 2241.28 0.737233 0
1.65482e+11 0 0 1.82189e+24 1.82189e+24 1.82189e+24 3.76472e+29 4.77976e+29 0 0 4.64348e+42 2683.01 0.609868 0
1.91095e+11 0 0 1.40965e+24 1.40965e+24 1.40965e+24 2.68574e+29 3.38853e+29 0 0 4.64348e+42 3211.79 0.510106 0
2.20673e+11 0 0 1.12372e+24 1.12372e+24 1.12372e+24 1.96802e+29 2.47226e+29 0 0 4.64348e+42 3844.78 0.431129 0
2.5483e+11 0 0 8.95441e+23 8.95441e+23 8.95441e+23 1.43598e+29 1.79614e+29 0 0 4.64348e+42 4602.53 0.367983 0
2.94273e+11 0 0 7.12798e+23 7.12798e+23 7.12798e+23 1.04315e+29 1.29855e+29 0 0 4.64348e+42 5509.62 0.317029 0
3.39821e+11 0 0 5.56333e+23 5.56333e+23 5.56333e+23 7.40599e+28 9.14895e+28 0 0 4.64348e+42 0 0.275565 0
3.92419e+11 0 0 4.47346e+23 4.47346e+23 4.47346e+23 5.40582e+28 6.63915e+28 0 0 4.64348e+42 0 0.241562 0
4.53158e+11 0 0 3.58955e+23 3.58955e+23 3.58955e+23 3.92829e+28 4.79491e+28 0 0 4.64348e+42 0 0.213483 0
5.23299e+11 0 0 2.87257e+23 2.87257e+23 2.87257e+23 2.84101e+28 3.44395e+28 0 0 4.64348e+42 0 0.190154 0
6.04296e+11 0 0 2.24755e+23 2.24755e+23 2.24755e+23 2.0049e+28 2.40576e+28 0 0 4.64348e+42 0 0.170669 0
6.97831e+11 0 0 1.81195e+23 1.81195e+23 1.81195e+23 1.45578e+28 1.73275e+28 0 0 4.64348e+42 0 0.154323 0
8.05842e+11 0 0 1.45571e+23 1.45571e+23 1.45571e+23 1.05181e+28 1.24118e+28 0 0 4.64348e+42 0 0.140565 0
9.30572e+11 0 0 1.16487e+23 1.16487e+23 1.16487e+23 7.55901e+27 8.83464e+27 0 0 4.64348e+42 0 0.12896 0
1.07461e+12 0 0 9.08848e+22 9.08848e+22 9.08848e+22 5.29002e+27 6.09904e+27 0 0 4.64348e+42 0 0.119166 0
1.24094e+12 0 0 7.31076e+22 7.31076e+22 7.31076e+22 3.81311e+27 4.34789e+27 0 0 4.64348e+42 0 0.110908 0
1.43301e+12 0 0 5.85326e+22 5.85326e+22 5.85326e+22 2.733e+27 3.07967e+27 0 0 4.64348e+42 0 0.103969 0
1.65482e+12 0 0 4.6618e+22 4.6618e+22 4.6618e+22 1.94687e+27 2.16525e+27 0 0 4.64348e+42 0 0.098177 0
1.91095e+12 0 0 3.60864e+22 3.60864e+22 3.60864e+22 1.34687e+27 1.47083e+27 0 0 4.64348e+42 0 0.0933933 0
2.20673e+12 0 0 2.88298e+22 2.88298e+22 2.88298e+22 9.61063e+26 1.034e+27 0 0 4.64348e+42 0 0.0895108 0
2.5483e+12 0 0 2.28934e+22 2.28934e+22 2.28934e+22 6.81241e+26 7.21339e+26 0 0 4.64348e+42 0 0.0864461 0
2.94273e+12 0 0 1.8058e+22 1.8058e+22 1.8058e+22 4.79451e+26 4.98788e+26 0 0 4.64348e+42 0 0.0841374 0
3.39821e+12 0 0 1.37849e+22 1.37849e+22 1.37849e+22 3.26448e+26 3.31412e+26 0 0 4.64348e+42 0 0.082541 0
3.92419e+12 0 0 1.08783e+22 1.08783e+22 1.08783e+22 2.29735e+26 2.28641e+26 0 0 4.64348e+42 0 0.08163 0
4.53158e+12 0 0 8.51732e+21 8.51732e+21 8.51732e+21 1.604e+26 1.56274e+26 0 0 4.64348e+42 0 0.0813928 0
5.23299e+12 0 0 6.61101e+21 6.61101e+21 6.61101e+21 1.11035e+26 1.05668e+26 0 0 4.64348e+42 0 0.0818329 0
6.04296e+12 0 0 4.93589e+21 4.93589e+21 4.93589e+21 7.39591e+25 6.81174e+25 0 0 4.64348e+42 0 0.0829683 0
6.97831e+12 0 0 3.81848e+21 3.81848e+21 3.81848e+21 5.10748e+25 4.58214e+25 0 0 4.64348e+42 0 0.0848322 0
8.05842e+12 0 0 2.92311e+21 2.92311e+21 2.92311e+21 3.49322e+25 3.04703e+25 0 0 4.64348e+42 0 0.0874729 0
9.30572e+12 0 0 2.21168e+21 2.21168e+21 2.21168e+21 2.36423e+25 1.9994e+25 0 0 4.64348e+42 0 0.0909553 0
1.07461e+13 0 0 1.59503e+21 1.59503e+21 1.59503e+21 1.52762e+25 1.23638e+25 0 0 4.64348e+42 0 0.0953611 0
1.24094e+13 0 0 1.19572e+21 1.19572e+21 1.19572e+21 1.02816e+25 8.03971e+24 0 0 4.64348e+42 0 0.10079 0
1.43301e+13 0 0 8.83335e+20 8.83335e+20 8.83335e+20 6.83703e+24 5.15315e+24 0 0 4.64348e+42 0 0.10736 0
1.65482e+13 0 0 6.41958e+20 6.41958e+20 6.41958e+20 4.48707e+24 3.2481e+24 0 0 4.64348e+42 0 0.115206 0
1.91095e+13 0 0 4.38528e+20 4.38528e+20 4.38528e+20 2.77889e+24 1.89617e+24 0 0 4.64348e+42 0 0.12448 0
2.20673e+13 0 0 3.12816e+20 3.12816e+20 3.12816e+20 1.8056e+24 1.17814e+24 0 0 4.64348e+42 0 0.135345 0
2.5483e+13 0 0 2.18519e+20 2.18519e+20 2.18519e+20 1.15525e+24 7.18812e+23 0 0 4.64348e+42 0 0.147968 0
2.94273e+13 0 0 1.49156e+20 1.49156e+20 1.49156e+20 7.2688e+23 4.29339e+23 0 0 4.64348e+42 0 0.162507 0
3.39821e+13 0 0 9.36833e+19 9.36833e+19 9.36833e+19 4.23902e+23 2.3121e+23 0 0 4.64348e+42 0 0.179093 0
3.92419e+13 0 0 6.19471e+19 6.19471e+19 6.19471e+19 2.62371e+23 1.35138e+23 0 0 4.64348e+42 0 0.197804 0
4.53158e+13 0 0 3.97922e+19 3.97922e+19 3.97922e+19 1.59151e+23 7.71838e+22 0 0 4.64348e+42 0 0.218621 0
5.23299e+13 0 0 2.4778e+19 2.4778e+19 2.4778e+19 9.44654e+22 4.29027e+22 0 0 4.64348e+42 0 0.241387 0
6.04296e+13 0 0 1.37628e+19 1.37628e+19 1.37628e+19 5.05077e+22 2.06033e+22 0 0 4.64348e+42 0 0.265741 0
6.97831e+13 0 0 8.18702e+18 8.18702e+18 8.18702e+18 2.921e+22 1.10919e+22 0 0 4.64348e+42 0 0.291055 0
8.05842e+13 0 0 4.69389e+18 4.69389e+18 4.69389e+18 1.64424e+22 5.79984e+21 0 0 4.64348e+42 0 0.316368 0
9.30572e+13 7.02729e-293 7.02751e-293 2.59064e+18 2.59064e+18 2.59064e+18 8.99479e+21 2.9296e+21 0 0 4.64348e+42 0 0.340344 0
1.07461e+14 3.55091e-257 3.55105e-257 1.21782e+18 1.21782e+18 1.21782e+18 4.2286e+21 1.19224e+21 0 0 4.64348e+42 0 0 0
1.24094e+14 1.1567e-225 1.15676e-225 6.34372e+17 6.34372e+17 6.34372e+17 2.22095e+21 5.74435e+20 0 0 4.64348e+42 0 0 0
1.43301e+14 6.43814e-198 6.43879e-198 3.15982e+17 3.15982e+17 3.15982e+17 1.12361e+21 2.66879e+20 0 0 4.64348e+42 0 0 0
1.65482e+14 1.65868e-173 1.65902e-173 1.50539e+17 1.50539e+17 1.50539e+17 5.47175e+20 1.18711e+20 0 0 4.64348e+42 0 0 0
1.91095e+14 3.95326e-152 3.95496e-152 5.66371e+16 5.66371e+16 5.66371e+16 2.11563e+20 3.77812e+19 0 0 4.64348e+42 0 0 0
2.20673e+14 2.84372e-133 2.84612e-133 2.50648e+16 2.50648e+16 2.50648e+16 9.66483e+19 1.56294e+19 0 0 4.64348e+42 0 0 0
2.5483e+14 9.92018e-117 9.93537e-117 1.04637e+16 1.04637e+16 1.04637e+16 4.1797e+19 6.18475e+18 0 0 4.64348e+42 0 0 0
2.94273e+14 3.11406e-102 3.12205e-102 4.13081e+15 4.13081e+15 4.13081e+15 1.71396e+19 2.32433e+18 0 0 4.64348e+42 0 0 0
3.39821e+14 1.11663e-89 1.1211e-89 1.13474e+15 1.13474e+15 1.13474e+15 4.90029e+18 5.04028e+17 0 0 4.64348e+42 0 0 0
3.92419e+14 1.38184e-78 1.38992e-78 4.0442e+14 4.0442e+14 4.0442e+14 1.82007e+18 1.67277e+17 0 0 4.64348e+42 0 0 0
4.53158e+14 6.38559e-69 6.43706e-69 1.32e+14 1.32e+14 1.32e+14 6.19563e+17 5.26131e+16 0 0 4.64348e+42 0 0 0
5.23299e+14 1.60589e-60 1.62285e-60 3.94113e+13 3.94113e+13 3.94113e+13 1.92978e+17 1.57894e+16 0 0 4.64348e+42 0 0 0
6.04296e+14 1.93762e-53 1.96329e-53 6.79492e+12 6.79492e+12 6.79492e+12 3.47045e+16 1.85007e+15 0 0 4.64348e+42 0 0 0
6.97831e+14 3.92341e-47 3.9861e-47 1.76144e+12 1.76144e+12 1.76144e+12 9.37948e+15 4.35861e+14 0 0 4.64348e+42 0 0 0
8.05842e+14 9.95767e-42 1.01432e-41 3.95073e+11 3.95073e+11 3.95073e+11 2.19167e+15 9.45226e+13 0 0 4.64348e+42 0 0 0
9.30572e+14 3.83048e-37 3.91129e-37 7.36402e+10 7.36402e+10 7.36402e+10 4.25189e+14 1.99827e+13 0 0 4.64348e+42 0 0 0
1.07461e+15 1.47928e-33 1.5137e-33 6.16612e+09 6.16612e+09 6.16612e+09 3.70118e+13 9.64301e+11 0 0 4.64348e+42 0 0 0
1.24094e+15 2.81586e-30 2.8865e-30 9.51818e+08 9.51818e+08 9.51818e+08 5.932e+12 1.30124e+11 0 0 4.64348e+42 0 0 0
1.43301e+15 1.32182e-27 1.35684e-27 1.15687e+08 1.15687e+08 1.15687e+08 7.47551e+11 1.46277e+10 0 0 4.64348e+42 0 0 0
1.65482e+15 1.58178e-25 1.62527e-25 9.9554e+06 9.9554e+06 9.9554e+06 6.66019e+10 1.58179e+09 0 0 4.64348e+42 0 0 0
1.91095e+15 2.20237e-24 2.2642e-24 244822 244822 244822 1.69312e+09 2.29027e+07 0 0 4.64348e+42 0 0 0
2.20673e+15 3.59401e-23 3.69559e-23 15552.6 15552.6 15552.6 1.1101e+08 1.22384e+06 0 0 4.64348e+42 0 0 0
2.5483e+15 1.905e-22 1.95853e-22 642.937 642.937 642.937 4.72917e+06 43874.3 0 0 4.64348e+42 0 0 0
2.94273e+15 3.29837e-22 3.38949e-22 15.9928 15.9928 15.9928 121029 1193.97 0 0 4.64348e+42 0 0 0
3.39821e+15 4.36615e-23 4.48355e-23 0.0520302 0.0520302 0.0520302 404.487 3.01598 0 0 4.64348e+42 0 0 0
3.92419e+15 1.41317e-23 1.44983e-23 0.000663423 0.000663423 0.000663423 5.28979 0.0341488 0 0 4.64348e+42 0 0 0
4.53158e+15 1.24371e-24 1.27459e-24 3.48161e-06 3.48161e-06 3.48161e-06 0.0284289 0.000171524 0 0 4.64348e+42 0 0 0
5.23299e+15 3.08582e-26 3.15862e-26 7.41372e-09 7.41372e-09 7.41372e-09 6.19011e-05 3.68429e-07 0 0 4.64348e+42 0 0 0
6.04296e+15 3.69395e-29 3.77625e-29 1.04869e-12 1.04869e-12 1.04869e-12 8.94043e-09 5.18451e-11 0 0 4.64348e+42 0 0 0
6.97831e+15 1.00994e-31 1.03106e-31 4.48637e-16 4.48637e-16 4.48637e-16 3.89978e-12 2.24366e-14 0 0 4.64348e+42 0 0 0
8.05842e+15 4.63565e-35 4.72623e-35 4.12309e-20 4.12309e-20 4.12309e-20 3.64923e-16 2.09577e-18 0 0 4.64348e+42 0 0 0
9.30572e+15 3.5761e-39 3.64107e-39 7.90705e-25 7.90705e-25 7.90705e-25 7.11607e-21 4.08569e-23 0 0 4.64348e+42 0 0 0
1.07461e+16 7.11634e-45 7.23605e-45 4.72973e-31 4.72973e-31 4.72973e-31 4.32247e-27 2.48146e-29 0 0 4.64348e+42 0 0 0
1.24094e+16 1.56162e-50 1.58585e-50 3.68557e-37 3.68557e-37 3.68557e-37 3.41585e-33 1.96092e-35 0 0 4.64348e+42 0 0 0
1.43301e+16 2.3787e-57 2.41263e-57 2.30736e-44 2.30736e-44 2.30736e-44 2.16589e-40 1.24311e-42 0 0 4.64348e+42 0 0 0
1.65482e+16 2.14645e-65 2.17452e-65 9.72846e-53 9.72846e-53 9.72846e-53 9.23659e-49 5.30211e-51 0 0 4.64348e+42 0 0 0
1.91095e+16 1.46486e-75 1.48236e-75 3.47148e-63 3.47148e-63 3.47148e-63 3.32936e-59 1.91118e-61 0 0 4.64348e+42 0 0 0
2.20673e+16 2.61518e-86 2.64367e-86 3.57649e-74 3.57649e-74 3.57649e-74 3.46023e-70 1.98632e-72 0 0 4.64348e+42 0 0 0
2.5483e+16 6.03927e-99 6.09912e-99 5.1968e-87 5.1968e-87 5.1968e-87 5.06563e-83 2.90816e-85 0 0 4.64348e+42 0 0 0
2.94273e+16 1.16825e-113 1.17875e-113 6.82351e-102 6.82351e-102 6.82351e-102 6.6933e-98 3.84221e-100 0 0 4.64348e+42 0 0 0
3.39821e+16 1.75849e-131 1.77282e-131 7.45071e-120 7.45071e-120 7.45071e-120 7.34717e-116 4.21756e-118 0 0 4.64348e+42 0 0 0
3.92419e+16 4.94462e-151 4.98105e-151 1.61089e-139 1.61089e-139 1.61089e-139 1.59565e-135 9.15975e-138 0 0 4.64348e+42 0 0 0
4.53158e+16 8.44201e-174 8.49817e-174 2.22546e-162 2.22546e-162 2.22546e-162 2.21327e-158 1.2706e-160 0 0 4.64348e+42 0 0 0
5.23299e+16 3.49431e-200 3.51527e-200 7.79462e-189 7.79462e-189 7.79462e-189 7.7824e-185 4.46745e-187 0 0 4.64348e+42 0 0 0
6.04296e+16 1.86683e-231 1.87691e-231 3.66446e-220 3.66446e-220 3.66446e-220 3.67436e-216 2.10924e-218 0 0 4.64348e+42 0 0 0
6.97831e+16 1.62512e-266 1.633e-266 2.9051e-255 2.9051e-255 2.9051e-255 2.9277e-251 1.68072e-253 0 0 4.64348e+42 0 0 0
8.05842e+16 0 0 0 0 0 0 0 0 0 4.64348e+42 0 0 0
9.30572e+16 0 0 0 0 0 0 0 0 0 4.64348e+42 0 0 0