
1.07461e-07 0 0 3.6408e+22 4.06567e+52 9.41672e+59 0 0 3.27576e+45 0 4.64348e+42 0 0 1
1.24094e-07 0 0 4.26263e+26 4.46805e+52 8.12124e+59 0 0 3.78279e+45 0 4.64348e+42 0 0 1
1.43301e-07 0 0 1.44597e+30 4.93095e+52 7.03188e+59 0 0 4.36829e+45 0 4.64348e+42 0 0 1
1.65482e-07 0 0 1.68027e+33 5.4696e+52 6.11857e+59 0 0 5.04443e+45 0 4.64348e+42 0 0 1
1.91095e-07 0 0 7.73014e+35 6.10075e+52 5.35262e+59 0 0 5.82521e+45 0 4.64348e+42 0 0 1
2.20673e-07 0 0 1.59516e+38 6.84186e+52 4.70757e+59 0 0 6.72685e+45 0 4.64348e+42 0 0 1
2.5483e-07 0 0 1.64423e+40 7.71032e+52 4.15989e+59 0 0 7.76805e+45 0 4.64348e+42 0 0 1
2.94273e-07 0 0 9.28841e+41 8.72308e+52 3.68972e+59 0 0 8.9704e+45 0 4.64348e+42 0 0 1
3.39821e-07 0 0 3.11538e+43 9.89699e+52 3.28107e+59 0 0 1.03589e+46 0 4.64348e+42 0 0 1
3.92419e-07 0 0 6.64914e+44 1.125e+53 2.92182e+59 0 0 1.19622e+46 0 4.64348e+42 0 0 1
4.53158e-07 0 0 9.58995e+45 1.28028e+53 2.60314e+59 0 0 1.38138e+46 0 4.64348e+42 0 0 1
5.23299e-07 0 0 9.84864e+46 1.45813e+53 2.31883e+59 0 0 1.59519e+46 0 4.64348e+42 0 0 1
6.04296e-07 0 0 7.53732e+47 1.6618e+53 2.06452e+59 0 0 1.84209e+46 0 4.64348e+42 0 0 1
6.97831e-07 0 0 4.47248e+48 1.89544e+53 1.83693e+59 0 0 2.12722e+46 0 4.64348e+42 0 0 1
8.05842e-07 0 0 2.12976e+49 2.16415e+53 1.63343e+59 0 0 2.45647e+46 0 4.64348e+42 0 0 1
9.30572e-07 0 0 8.38588e+49 2.47417e+53 1.45172e+59 0 0 2.83669e+46 0 4.64348e+42 0 0 1
1.07461e-06 0 0 2.80193e+50 2.83303e+53 1.28972e+59 0 0 3.27576e+46 0 4.64348e+42 0 0 1
1.24094e-06 0 0 8.1245e+50 3.24968e+53 1.14548e+59 0 0 3.78279e+46 0 4.64348e+42 0 0 1
1.43301e-06 0 0 2.08439e+51 3.73471e+53 1.01719e+59 0 0 4.36829e+46 0 4.64348e+42 0 0 1
1.65482e-06 0 0 4.81141e+51 4.30061e+53 9.03151e+58 0 0 5.04443e+46 0 4.64348e+42 0 0 1
1.91095e-06 0 0 1.01379e+52 4.96211e+53 8.01815e+58 0 0 5.82521e+46 0 4.64348e+42 0 0 1
2.20673e-06 0 0 1.97435e+52 5.7367e+53 7.11761e+58 0 0 6.72685e+46 0 4.64348e+42 0 0 1
2.5483e-06 0 0 3.59257e+52 6.64532e+53 6.31716e+58 0 0 7.76804e+46 0 4.64348e+42 0 0 1
2.94273e-06 0 0 6.1655e+52 7.71331e+53 5.60548e+58 0 0 8.97039e+46 0 4.64348e+42 0 0 1
3.39821e-06 0 0 1.00615e+53 8.9714e+53 4.97257e+58 0 0 1.03588e+47 0 4.64348e+42 0 0 1
3.92419e-06 0 0 1.57239e+53 1.04568e+54 4.40965e+58 0 0 1.19622e+47 0 4.64348e+42 0 0 1
4.53158e-06 0 0 2.36765e+53 1.22142e+54 3.90897e+58 0 0 1.38137e+47 0 4.64348e+42 0 0 1
5.23299e-06 0 0 3.45308e+53 1.42971e+54 3.46368e+58 0 0 1.59519e+47 0 4.64348e+42 0 0 1
6.04296e-06 0 0 4.89982e+53 1.67694e+54 3.06772e+58 0 0 1.84209e+47 0 4.64348e+42 0 0 1
6.97831e-06 0 0 6.7906e+53 1.97072e+54 2.71566e+58 0 0 2.12721e+47 0 4.64348e+42 0 0 1
8.05842e-06 0 0 9.22216e+53 2.32022e+54 2.40271e+58 0 0 2.45647e+47 0 4.64348e+42 0 0 1
9.30572e-06 0 0 1.23082e+54 2.73642e+54 2.12457e+58 0 0 2.83668e+47 0 4.64348e+42 0 0 1
1.07461e-05 0 0 1.61831e+54 3.23253e+54 1.87744e+58 0 0 3.27575e+47 0 4.64348e+42 0 0 1
1.24094e-05 0 0 2.10062e+54 3.8243e+54 1.65793e+58 0 0 3.78277e+47 0 4.64348e+42 0 0 1
1.43301e-05 0 0 2.69665e+54 4.53057e+54 1.46302e+58 0 0 4.36827e+47 0 4.64348e+42 0 0 1
1.65482e-05 0 0 3.42894e+54 5.37385e+54 1.29002e+58 0 0 5.0444e+47 0 4.64348e+42 0 0 1
1.91095e-05 0 0 4.32432e+54 6.38102e+54 1.13654e+58 0 0 5.82518e+47 0 4.64348e+42 0 0 1
2.20673e-05 0 0 5.41482e+54 7.58416e+54 1.00044e+58 0 0 6.7268e+47 0 4.64348e+42 0 0 1
2.5483e-05 0 0 6.73858e+54 9.02152e+54 8.79819e+57 0 0 7.76798e+47 0 4.64348e+42 0 0 1
2.94273e-05 0 0 8.34109e+54 1.07387e+55 7.7298e+57 0 0 8.97032e+47 0 4.64348e+42 0 0 1
3.39821e-05 0 0 1.02765e+55 1.27899e+55 6.78407e+57 0 0 1.03587e+48 0 4.64348e+42 0 0 1
3.92419e-05 0 0 1.26094e+55 1.52398e+55 5.94751e+57 0 0 1.19621e+48 0 4.64348e+42 0 0 1
4.53158e-05 0 0 1.54164e+55 1.81651e+55 5.20806e+57 0 0 1.38136e+48 0 4.64348e+42 0 0 1
5.23299e-05 0 0 1.87889e+55 2.16574e+55 4.55498e+57 0 0 1.59516e+48 0 4.64348e+42 0 0 1
6.04296e-05 0 0 2.28354e+55 2.58251e+55 3.97868e+57 0 0 1.84206e+48 0 4.64348e+42 0 0 1
6.97831e-05 0 0 2.76847e+55 3.07972e+55 3.4706e+57 0 0 2.12717e+48 0 4.64348e+42 0 0 1
8.05842e-05 0 0 3.34899e+55 3.67268e+55 3.02311e+57 0 0 2.45641e+48 0 4.64348e+42 0 0 1
9.30572e-05 0 0 4.04326e+55 4.37956e+55 2.6294e+57 0 0 2.8366e+48 0 4.64348e+42 0 0 1
0.000107461 0 0 4.87284e+55 5.22192e+55 2.28339e+57 0 0 3.27564e+48 0 4.64348e+42 0 0 1
0.000124094 0 0 5.86329e+55 6.22533e+55 1.97967e+57 0 0 3.78263e+48 0 4.64348e+42 0 0 1
0.000143301 0 0 7.04493e+55 7.42009e+55 1.7134e+57 0 0 4.36809e+48 0 4.64348e+42 0 0 1
0.000165482 0 0 8.45368e+55 8.84216e+55 1.48029e+57 0 0 5.04415e+48 0 4.64348e+42 0 0 1
0.000191095 0 0 1.01321e+56 1.05341e+56 1.2765e+57 0 0 5.82485e+48 0 4.64348e+42 0 0 1
0.000220673 0 0 1.21289e+56 1.25445e+56 1.09861e+57 0 0 6.72636e+48 0 4.64348e+42 0 0 1
0.00025483 0 0 1.44834e+56 1.49121e+56 9.43576e+56 0 0 7.76739e+48 0 4.64348e+42 0 0 1
0.000294273 0 0 1.71556e+56 1.75946e+56 8.08693e+56 0 0 8.96953e+48 0 4.64348e+42 0 0 1
0.000339821 0 0 1.99156e+56 2.03561e+56 6.91552e+56 0 0 1.03577e+49 0 4.64348e+42 0 0 1
0.000392419 0 0 2.23325e+56 2.27597e+56 5.90011e+56 0 0 1.19607e+49 0 4.64348e+42 0 0 1
0.000453158 0 0 2.39504e+56 2.43466e+56 5.02169e+56 0 0 1.38117e+49 0 4.64348e+42 0 0 1
0.000523299 0 0 2.45027e+56 2.48534e+56 4.26338e+56 0 0 1.59491e+49 0 4.64348e+42 0 0 1
0.000604296 0 0 2.39919e+56 2.42889e+56 3.61019e+56 0 0 1.84173e+49 0 4.64348e+42 0 0 1
0.000697831 0 0 2.26224e+56 2.28647e+56 3.04886e+56 0 0 2.12673e+49 0 4.64348e+42 0 0 1
0.000805842 0 0 2.06824e+56 2.08741e+56 2.56765e+56 0 0 2.45582e+49 0 4.64348e+42 0 0 1
0.000930572 0 0 1.84488e+56 1.85968e+56 2.15617e+56 0 0 2.83582e+49 0 4.64348e+42 0 0 1
0.00107461 0 0 1.61404e+56 1.62525e+56 1.80526e+56 0 0 3.2746e+49 0 4.64348e+42 0 0 1
0.00124094 0 0 1.39072e+56 1.39907e+56 1.50684e+56 0 0 3.78124e+49 0 4.64348e+42 0 0 1
0.00143301 0 0 1.18389e+56 1.19005e+56 1.25378e+56 0 0 4.36623e+49 0 4.64348e+42 0 0 1
0.00165482 0 0 9.98074e+55 1.00257e+56 1.03985e+56 0 0 5.04167e+49 0 4.64348e+42 0 0 1
0.00191095 0 0 8.34709e+55 8.37963e+55 8.59563e+55 0 0 5.82154e+49 0 4.64348e+42 0 0 1
0.00220673 0 0 6.93379e+55 6.95719e+55 7.08118e+55 0 0 6.72195e+49 0 4.64348e+42 0 0 1
0.0025483 2.71233e-204 2.71233e-204 5.72602e+55 5.74275e+55 5.81331e+55 0 0 7.76151e+49 7.32169e-208 4.64348e+42 0 0 1
0.00294273 9.75976e-137 9.75976e-137 4.70384e+55 4.71574e+55 4.75555e+55 0 0 8.96169e+49 2.77721e-140 4.64348e+42 0 0 1
0.00339821 7.95278e-87 7.95278e-87 3.84554e+55 3.85396e+55 3.87624e+55 0 0 1.03472e+50 2.39709e-90 4.64348e+42 0 0 1
0.00392419 5.8673e-50 5.8673e-50 3.12965e+55 3.13558e+55 3.14794e+55 0 0 1.19467e+50 1.88176e-53 4.64348e+42 0 0 1
0.00453158 9.88039e-23 9.88039e-23 2.53603e+55 2.5402e+55 2.547e+55 0 0 1.37931e+50 3.38642e-26 4.64348e+42 0 0 1
0.00523299 0.0124132 0.0124132 2.04642e+55 2.04933e+55 2.05304e+55 0 0 1.59243e+50 4.56574e-06 4.64348e+42 0 0 1
0.00604296 8.40078e+12 8.40078e+12 1.64458e+55 1.64661e+55 1.64862e+55 0 0 1.83842e+50 3.32955e+09 4.64348e+42 0 0 1
0.00697831 7.24219e+23 7.24219e+23 1.31633e+55 1.31773e+55 1.31881e+55 0 0 2.12232e+50 3.10547e+20 4.64348e+42 0 0 1
0.00805842 8.24151e+31 8.24151e+31 1.0494e+55 1.05037e+55 1.05094e+55 0 0 2.44994e+50 3.83873e+28 4.64348e+42 0 0 1
0.00930572 6.97174e+37 6.97174e+37 8.33302e+54 8.33968e+54 8.34271e+54 0 0 2.82798e+50 3.54128e+34 4.64348e+42 0 0 1
0.0107461 1.57292e+42 1.57292e+42 6.59118e+54 6.59574e+54 6.59732e+54 0 0 3.26415e+50 8.74711e+38 4.64348e+42 0 0 1
0.0124094 2.43346e+45 2.43346e+45 5.19325e+54 5.19636e+54 5.19718e+54 0 0 3.76731e+50 1.48733e+42 4.64348e+42 0 0 1
0.0143301 5.18859e+47 5.18859e+47 4.07613e+54 4.07824e+54 4.07866e+54 0 0 4.34766e+50 3.49884e+44 4.64348e+42 0 0 1
0.0165482 2.55433e+49 2.55433e+49 3.18721e+54 3.18864e+54 3.18886e+54 0 0 5.01691e+50 1.9076e+46 4.64348e+42 0 0 1
0.0191095 4.25161e+50 4.25161e+50 2.48286e+54 2.48383e+54 2.48394e+54 0 0 5.78854e+50 3.52958e+47 4.64348e+42 0 0 1
0.0220673 3.17202e+51 3.17202e+51 1.9271e+54 1.92775e+54 1.92781e+54 0 0 6.67796e+50 2.93801e+48 4.64348e+42 0 0 1
0.025483 1.30663e+52 1.30663e+52 1.4904e+54 1.49083e+54 1.49086e+54 0 0 7.70287e+50 1.3551e+49 4.64348e+42 0 0 1
0.0294273 3.46682e+52 3.46682e+52 1.14865e+54 1.14894e+54 1.14895e+54 0 0 8.88352e+50 4.03986e+49 4.64348e+42 0 0 1
0.0339821 6.6399e+52 6.6399e+52 8.8228e+53 8.82473e+53 8.82479e+53 0 0 1.02431e+51 8.72321e+49 4.64348e+42 0 0 1
0.0392419 9.98711e+52 9.98711e+52 6.75483e+53 6.75611e+53 6.75617e+53 0 0 1.18079e+51 1.48404e+50 4.64348e+42 0 0 1
0.0453158 1.25558e+53 1.25558e+53 5.15558e+53 5.15642e+53 5.15645e+53 0 0 1.36081e+51 2.11684e+50 4.64348e+42 0 0 1
0.0523299 1.38168e+53 1.38168e+53 3.92338e+53 3.92393e+53 3.92395e+53 0 0 1.56778e+51 2.65075e+50 4.64348e+42 0 0 1
0.0604296 1.37708e+53 1.37708e+53 2.9774e+53 2.97776e+53 2.97777e+53 0 0 1.80558e+51 3.01469e+50 4.64348e+42 0 0 1
0.0697831 1.27493e+53 1.27493e+53 2.25365e+53 2.25389e+53 2.2539e+53 0 0 2.07858e+51 3.19315e+50 4.64348e+42 0 0 1
0.0805842 1.11721e+53 1.11721e+53 1.70175e+53 1.70191e+53 1.70191e+53 0 0 2.39169e+51 3.20894e+50 4.64348e+42 0 0 1
0.0930572 9.39627e+52 9.39627e+52 1.28218e+53 1.28229e+53 1.28229e+53 0 0 2.75042e+51 3.10188e+50 4.64348e+42 0 0 1
0.107461 7.66368e+52 7.66368e+52 9.64139e+52 9.64206e+52 9.64206e+52 0 0 3.1609e+51 2.91352e+50 4.64348e+42 0 0 1
0.124094 6.1084e+52 6.1084e+52 7.23694e+52 7.23737e+52 7.23737e+52 0 0 3.6299e+51 2.67912e+50 4.64348e+42 0 0 1
0.143301 4.78543e+52 4.78543e+52 5.42356e+52 5.42384e+52 5.42384e+52 0 0 4.16486e+51 2.42525e+50 4.64348e+42 0 0 1
0.165482 3.70068e+52 3.70068e+52 4.05896e+52 4.05914e+52 4.05914e+52 0 0 4.77381e+51 2.17013e+50 4.64348e+42 0 0 1
0.191095 2.83406e+52 2.83406e+52 3.0341e+52 3.03422e+52 3.03422e+52 0 0 5.46538e+51 1.92529e+50 4.64348e+42 0 0 1
0.220673 2.15452e+52 2.15452e+52 2.26574e+52 2.26582e+52 2.26582e+52 0 0 6.2486e+51 1.6973e+50 4.64348e+42 0 0 1
0.25483 1.62893e+52 1.62893e+52 1.69055e+52 1.6906e+52 1.6906e+52 0 0 7.13274e+51 1.48933e+50 4.64348e+42 0 0 1
0.294273 1.22649e+52 1.22649e+52 1.26054e+52 1.26057e+52 1.26057e+52 0 0 8.12698e+51 1.30234e+50 4.64348e+42 0 0 1
0.339821 9.20639e+51 9.20639e+51 9.39417e+51 9.39437e+51 9.39437e+51 0 0 9.23996e+51 1.13592e+50 4.64348e+42 0 0 1
0.392419 6.89494e+51 6.89494e+51 6.99832e+51 6.99845e+51 6.99845e+51 0 0 1.04791e+52 9.88898e+49 4.64348e+42 0 0 1
0.453158 5.15532e+51 5.15532e+51 5.21216e+51 5.21224e+51 5.21224e+51 0 0 1.18497e+52 8.5971e+49 4.64348e+42 0 0 1
0.523299 3.85011e+51 3.85011e+51 3.88132e+51 3.88138e+51 3.88138e+51 0 0 1.3354e+52 7.46631e+49 4.64348e+42 0 0 1
0.604296 2.87306e+51 2.87306e+51 2.89019e+51 2.89022e+51 2.89022e+51 0 0 1.49891e+52 6.47933e+49 4.64348e+42 0 0 1
0.697831 2.14289e+51 2.14289e+51 2.15228e+51 2.1523e+51 2.1523e+51 0 0 1.67458e+52 5.61966e+49 4.64348e+42 0 0 1
0.805842 1.59785e+51 1.59785e+51 1.603e+51 1.60301e+51 1.60301e+51 0 0 1.86054e+52 4.87204e+49 4.64348e+42 0 0 1
0.930572 1.19135e+51 1.19135e+51 1.19417e+51 1.19418e+51 1.19418e+51 0 0 2.05378e+52 4.22258e+49 4.64348e+42 0 0 1
1.07461 8.88328e+50 8.88328e+50 8.89873e+50 8.89879e+50 8.89879e+50 0 0 2.24976e+52 3.65887e+49 4.64348e+42 0 0 1
1.24094 6.6251e+50 6.6251e+50 6.63357e+50 6.63361e+50 6.63361e+50 0 0 2.44215e+52 3.16989e+49 4.64348e+42 0 0 1
1.43301 4.94244e+50 4.94244e+50 4.94709e+50 4.94711e+50 4.94711e+50 0 0 2.62257e+52 2.74592e+49 4.64348e+42 0 0 1
1.65482 3.68856e+50 3.68856e+50 3.69112e+50 3.69113e+50 3.69113e+50 0 0 2.7804e+52 2.37843e+49 4.64348e+42 0 0 1
1.91095 2.75404e+50 2.75404e+50 2.75546e+50 2.75547e+50 2.75547e+50 0 0 2.90289e+52 2.05998e+49 4.64348e+42 0 0 1
2.20673 2.05735e+50 2.05735e+50 2.05814e+50 2.05814e+50 2.05814e+50 0 0 2.9757e+52 1.78408e+49 4.64348e+42 0 0 1
2.5483 1.53777e+50 1.53777e+50 1.53822e+50 1.53822e+50 1.53822e+50 0 0 2.98394e+52 1.54508e+49 4.64348e+42 0 0 1
2.94273 1.15012e+50 1.15012e+50 1.15037e+50 1.15038e+50 1.15038e+50 0 0 2.91412e+52 1.33805e+49 4.64348e+42 0 0 1
3.39821 8.6075e+49 8.6075e+49 8.609e+49 8.60902e+49 8.60902e+49 0 0 2.75685e+52 1.15873e+49 4.64348e+42 0 0 1
3.92419 6.4463e+49 6.4463e+49 6.44722e+49 6.44723e+49 6.44723e+49 0 0 2.51017e+52 1.00343e+49 4.64348e+42 0 0 1
4.53158 4.83122e+49 4.83122e+49 4.83181e+49 4.83182e+49 4.83182e+49 0 0 2.18289e+52 8.68932e+48 4.64348e+42 0 0 1
5.23299 3.62351e+49 3.62351e+49 3.62391e+49 3.62392e+49 3.62392e+49 0 0 1.79657e+52 7.5245e+48 4.64348e+42 0 0 1
6.04296 2.71983e+49 2.71983e+49 2.72011e+49 2.72012e+49 2.72012e+49 0 0 1.38458e+52 6.51576e+48 4.64348e+42 0 0 1
6.97831 2.04317e+49 2.04317e+49 2.04338e+49 2.04338e+49 2.04338e+49 0 0 9.86969e+51 5.64219e+48 4.64348e+42 0 0 1
8.05842 1.53613e+49 1.53613e+49 1.5363e+49 1.5363e+49 1.5363e+49 0 0 6.41648e+51 4.88569e+48 4.64348e+42 0 0 1
9.30572 1.15592e+49 1.15592e+49 1.15605e+49 1.15606e+49 1.15606e+49 0 0 3.74431e+51 4.23057e+48 4.64348e+42 0 0 1
10.7461 8.70583e+48 8.70583e+48 8.70698e+48 8.70698e+48 8.70698e+48 0 0 1.92618e+51 3.66325e+48 4.64348e+42 0 0 1
12.4094 6.56282e+48 6.56282e+48 6.56379e+48 6.5638e+48 6.5638e+48 0 0 8.55886e+50 3.17197e+48 4.64348e+42 0 0 1
14.3301 4.95197e+48 4.95197e+48 4.95281e+48 4.95281e+48 4.95281e+48 0 0 3.2096e+50 2.74653e+48 4.64348e+42 0 0 1
16.5482 3.74009e+48 3.74009e+48 3.74081e+48 3.74082e+48 3.74082e+48 0 0 9.89187e+49 2.37812e+48 4.64348e+42 0 0 1
19.1095 2.82756e+48 2.82756e+48 2.82819e+48 2.82819e+48 2.82819e+48 0 0 2.43031e+49 2.05908e+48 4.64348e+42 0 0 1
22.0673 2.1398e+48 2.1398e+48 2.14034e+48 2.14034e+48 2.14034e+48 0 0 4.59565e+48 1.78281e+48 4.64348e+42 0 0 1
25.483 1.62095e+48 1.62095e+48 1.62143e+48 1.62143e+48 1.62143e+48 0 0 6.42287e+47 1.54356e+48 4.64348e+42 0 0 1
29.4273 1.22915e+48 1.22915e+48 1.22957e+48 1.22957e+48 1.22957e+48 0 0 6.33117e+46 1.33639e+48 4.64348e+42 0 0 1
33.9821 9.32995e+47 9.32995e+47 9.33361e+47 9.33361e+47 9.33361e+47 0 0 4.17007e+45 1.15698e+48 4.64348e+42 0 0 1
39.2419 7.08903e+47 7.08903e+47 7.09223e+47 7.09224e+47 7.09224e+47 0 0 1.72426e+44 1.00162e+48 4.64348e+42 0 0 1
45.3158 5.39162e+47 5.39162e+47 5.39444e+47 5.39444e+47 5.39444e+47 0 0 4.16456e+42 8.67083e+47 4.64348e+42 0 0 1
52.3299 4.10454e+47 4.10454e+47 4.10701e+47 4.10701e+47 4.10701e+47 0 0 5.40629e+40 7.50579e+47 4.64348e+42 0 0 1
60.4296 3.12755e+47 3.12755e+47 3.12972e+47 3.12973e+47 3.12973e+47 0 0 3.42657e+38 6.49691e+47 4.64348e+42 0 0 1
69.7831 2.38515e+47 2.38515e+47 2.38706e+47 2.38706e+47 2.38706e+47 0 0 9.48976e+35 5.62325e+47 4.64348e+42 0 0 1
80.5842 1.82041e+47 1.82041e+47 1.8221e+47 1.8221e+47 1.8221e+47 0 0 1.01026e+33 4.8667e+47 4.64348e+42 0 0 1
93.0572 1.39038e+47 1.39038e+47 1.39187e+47 1.39187e+47 1.39187e+47 0 0 3.5655e+29 4.21156e+47 4.64348e+42 0 0 1
107.461 1.06259e+47 1.06259e+47 1.06391e+47 1.06391e+47 1.06391e+47 0 0 3.51647e+25 3.64423e+47 4.64348e+42 0 0 1
124.094 8.12497e+46 8.12497e+46 8.13659e+46 8.13659e+46 8.13659e+46 0 0 7.95585e+20 3.15294e+47 4.64348e+42 0 0 1
143.301 6.21513e+46 6.21513e+46 6.2254e+46 6.2254e+46 6.2254e+46 0 0 3.28769e+15 2.72751e+47 4.64348e+42 0 0 1
165.482 4.75549e+46 4.75549e+46 4.76456e+46 4.76456e+46 4.76456e+46 0 0 1.90736e+09 2.3591e+47 4.64348e+42 0 0 1
191.095 3.63911e+46 3.63911e+46 3.64713e+46 3.64713e+46 3.64713e+46 0 0 114.64 2.04008e+47 4.64348e+42 0 0 1
220.673 2.78475e+46 2.78475e+46 2.79184e+46 2.79184e+46 2.79184e+46 0 0 5.02568e-07 1.76382e+47 4.64348e+42 0 0 1
254.83 2.13061e+46 2.13061e+46 2.13687e+46 2.13687e+46 2.13687e+46 0 0 1.07156e-16 1.5246e+47 4.64348e+42 0 0 1
294.273 1.62959e+46 1.62959e+46 1.63513e+46 1.63513e+46 1.63513e+46 0 0 6.95932e-28 1.31744e+47 4.64348e+42 0 0 1
339.821 1.24581e+46 1.24581e+46 1.25069e+46 1.25069e+46 1.25069e+46 0 0 8.01962e-41 1.13806e+47 4.64348e+42 0 0 1
392.419 9.51828e+45 9.51828e+45 9.56139e+45 9.56139e+45 9.56139e+45 0 0 8.78536e-56 9.82732e+46 4.64348e+42 0 0 1
453.158 7.26689e+45 7.26689e+45 7.30491e+45 7.30491e+45 7.30491e+45 0 0 4.45059e-73 8.4823e+46 4.64348e+42 0 0 1
523.299 5.54341e+45 5.54341e+45 5.57692e+45 5.57692e+45 5.57692e+45 0 0 4.5365e-93 7.31767e+46 4.64348e+42 0 0 1
604.296 4.22485e+45 4.22485e+45 4.25436e+45 4.25436e+45 4.25436e+45 0 0 3.55895e-116 6.30926e+46 4.64348e+42 0 0 1
697.831 3.21687e+45 3.21687e+45 3.24283e+45 3.24283e+45 3.24283e+45 0 0 7.08397e-143 5.43615e+46 4.64348e+42 0 0 1
805.842 2.44704e+45 2.44704e+45 2.46985e+45 2.46985e+45 2.46985e+45 0 0 9.93211e-174 4.68022e+46 4.64348e+42 0 0 1
930.572 1.85969e+45 1.85969e+45 1.87973e+45 1.87973e+45 1.87973e+45 0 0 2.23323e-209 4.02578e+46 4.64348e+42 0 0 1
1074.61 1.41209e+45 1.41209e+45 1.42968e+45 1.42968e+45 1.42968e+45 0 0 1.45812e-250 3.45928e+46 4.64348e+42 0 0 1
1240.94 1.07138e+45 1.07138e+45 1.0868e+45 1.0868e+45 1.0868e+45 0 0 0 2.96893e+46 4.64348e+42 0 0 1
1433.01 8.12311e+44 8.12311e+44 8.25828e+44 8.25828e+44 8.25828e+44 0 0 0 2.54458e+46 4.64348e+42 0 0 1
1654.82 6.15533e+44 6.15533e+44 6.27376e+44 6.27376e+44 6.27376e+44 0 0 0 2.17741e+46 4.64348e+42 0 0 1
1910.95 4.66201e+44 4.66201e+44 4.76575e+44 4.76575e+44 4.76575e+44 0 0 0 1.8598e+46 4.64348e+42 0 0 1
2206.73 3.5296e+44 3.5296e+44 3.62045e+44 3.62045e+44 3.62045e+44 0 0 0 1.58516e+46 4.64348e+42 0 0 1
2548.3 2.67135e+44 2.67135e+44 2.75092e+44 2.75092e+44 2.75092e+44 0 0 0 1.34778e+46 4.64348e+42 0 0 1
2942.73 2.02115e+44 2.02115e+44 2.09082e+44 2.09082e+44 2.09082e+44 0 0 0 1.14272e+46 4.64348e+42 0 0 1
3398.21 1.52867e+44 1.52867e+44 1.58968e+44 1.58968e+44 1.58968e+44 0 0 0 9.65722e+45 4.64348e+42 0 0 1
3924.19 1.15569e+44 1.15569e+44 1.20912e+44 1.20912e+44 1.20912e+44 0 0 0 8.13091e+45 4.64348e+42 0 0 1
4531.58 8.7322e+43 8.7322e+43 9.20004e+43 9.20004e+43 9.20004e+43 0 0 0 6.81637e+45 4.64348e+42 0 0 1
5232.99 6.62505e+43 6.62505e+43 7.01902e+43 7.01902e+43 7.01902e+43 0 0 0 5.71379e+45 4.64348e+42 0 0 1
6042.96 5.00472e+43 5.00472e+43 5.34766e+43 5.34766e+43 5.34766e+43 0 0 0 4.74655e+45 4.64348e+42 0 0 1
6978.31 3.77748e+43 3.77748e+43 4.07565e+43 4.07565e+43 4.07565e+43 0 0 0 3.91911e+45 4.64348e+42 0 0 1
8058.42 2.84808e+43 2.84808e+43 3.10691e+43 3.10691e+43 3.10691e+43 0 0 0 3.21357e+45 4.64348e+42 0 0 1
9305.72 2.1444e+43 2.1444e+43 2.36867e+43 2.36867e+43 2.36867e+43 0 0 0 2.61437e+45 4.64348e+42 0 0 1
10746.1 1.61186e+43 1.61186e+43 1.80575e+43 1.80575e+43 1.80575e+43 0 0 0 2.10799e+45 4.64348e+42 0 0 1
12409.4 1.20912e+43 1.20912e+43 1.37629e+43 1.37629e+43 1.37629e+43 0 0 0 1.68261e+45 4.64348e+42 0 0 1
14330.1 9.04862e+42 9.04862e+42 1.04852e+43 1.04852e+43 1.04852e+43 0 0 0 1.32781e+45 4.64348e+42 0 0 1
16548.2 6.75313e+42 6.75313e+42 7.98316e+42 7.98316e+42 7.98316e+42 0 0 0 1.03443e+45 4.64348e+42 0 0 1
19109.5 5.02444e+42 5.02444e+42 6.07315e+42 6.07315e+42 6.07315e+42 0 0 0 7.94296e+44 4.64348e+42 0 0 1
22067.3 3.72557e+42 3.72557e+42 4.61542e+42 4.61542e+42 4.61542e+42 0 0 0 6.00073e+44 4.64348e+42 0 0 1
25483 2.75235e+42 2.75235e+42 3.50341e+42 3.50341e+42 3.50341e+42 0 0 0 4.4516e+44 4.64348e+42 0 0 1
29427.3 2.02552e+42 2.02552e+42 2.65576e+42 2.65576e+42 2.65576e+42 0 0 0 3.23577e+44 4.64348e+42 0 0 1
33982.1 1.48473e+42 1.48473e+42 2.01031e+42 2.01031e+42 2.01031e+42 0 0 0 2.29904e+44 4.64348e+42 0 0 1
39241.9 1.08403e+42 1.08403e+42 1.51944e+42 1.51944e+42 1.51944e+42 0 0 0 1.59244e+44 4.64348e+42 0 0 1
45315.8 7.88485e+41 7.88485e+41 1.14669e+42 1.14669e+42 1.14669e+42 0 0 0 1.0721e+44 4.64348e+42 0 0 1
52329.9 5.71519e+41 5.71519e+41 8.64127e+41 8.64127e+41 8.64127e+41 0 0 0 6.99201e+43 4.64348e+42 0 0 1
60429.6 4.13003e+41 4.13003e+41 6.50303e+41 6.50303e+41 6.50303e+41 0 0 0 4.40059e+43 4.64348e+42 0 0 1
69783.1 2.97732e+41 2.97732e+41 4.88794e+41 4.88794e+41 4.88794e+41 0 0 0 2.66111e+43 4.64348e+42 0 0 1
80584.2 2.14274e+41 2.14274e+41 3.67019e+41 3.67019e+41 3.67019e+41 0 0 0 1.53838e+43 4.64348e+42 0 0 1
93057.2 1.54082e+41 1.54082e+41 2.75355e+41 2.75355e+41 2.75355e+41 0 0 0 8.45188e+42 4.64348e+42 0 0 1
107461 1.10807e+41 1.10807e+41 2.06461e+41 2.06461e+41 2.06461e+41 0 0 0 4.38254e+42 4.64348e+42 0 0 1
124094 7.97663e+40 7.97663e+40 1.54744e+41 1.54744e+41 1.54744e+41 0 0 0 2.12736e+42 4.64348e+42 0 0 1
143301 5.75309e+40 5.75309e+40 1.1596e+41 1.1596e+41 1.1596e+41 0 0 0 9.57434e+41 4.64348e+42 0 0 1
165482 4.16073e+40 4.16073e+40 8.6895e+40 8.6895e+40 8.6895e+40 0 0 0 3.9499e+41 4.64348e+42 0 0 1
191095 3.0195e+40 3.0195e+40 6.51228e+40 6.51228e+40 6.51228e+40 0 0 0 1.4738e+41 4.64348e+42 0 0 1
220673 2.20015e+40 2.20015e+40 4.88166e+40 4.88166e+40 4.88166e+40 0 0 0 4.89567e+40 4.64348e+42 0 0 1
254830 1.61033e+40 1.61033e+40 3.66041e+40 3.66041e+40 3.66041e+40 0 0 0 1.42125e+40 4.64348e+42 0 0 1
294273 1.18429e+40 1.18429e+40 2.74565e+40 2.74565e+40 2.74565e+40 0 0 0 3.52894e+39 4.64348e+42 0 0 1
339821 8.75346e+39 8.75346e+39 2.06031e+40 2.06031e+40 2.06031e+40 0 0 0 7.3085e+38 4.64348e+42 0 0 1
392419 6.50335e+39 6.50335e+39 1.54672e+40 1.54672e+40 1.54672e+40 0 0 0 1.22624e+38 4.64348e+42 0 0 1
453158 4.85698e+39 4.85698e+39 1.16175e+40 1.16175e+40 1.16175e+40 0 0 0 1.61153e+37 4.64348e+42 0 0 1
523299 3.6466e+39 3.6466e+39 8.73089e+39 8.73089e+39 8.73089e+39 8.10623e+31 2.88188e+36 0 1.59546e+36 4.64348e+42 0 0 1
604296 2.75238e+39 2.75238e+39 6.56587e+39 6.56587e+39 6.56587e+39 1.26009e+32 2.89385e+36 0 1.13747e+35 4.64348e+42 0 0 1
697831 2.08842e+39 2.08842e+39 4.94142e+39 4.94142e+39 4.94142e+39 1.70957e+32 2.90582e+36 0 5.5435e+33 4.64348e+42 0 0 1
805842 1.5929e+39 1.5929e+39 3.72203e+39 3.72203e+39 3.72203e+39 2.15904e+32 2.9178e+36 0 1.73894e+32 4.64348e+42 0 0 1
930572 1.22114e+39 1.22114e+39 2.80615e+39 2.80615e+39 2.80615e+39 2.60851e+32 2.92977e+36 0 3.27529e+30 4.64348e+42 0 0 1
1.07461e+06 9.40713e+38 9.40713e+38 2.11774e+39 2.11774e+39 2.11774e+39 3.31487e+32 2.94472e+36 0 3.41823e+28 4.64348e+42 0 0 1
1.24094e+06 7.27982e+38 7.27982e+38 1.59986e+39 1.59986e+39 1.59986e+39 4.46817e+32 2.948e+36 0 1.80151e+26 4.64348e+42 0 0 1
1.43301e+06 5.65626e+38 5.65626e+38 1.20982e+39 1.20982e+39 1.20982e+39 5.99288e+32 2.95214e+36 0 4.30704e+23 4.64348e+42 0 0 1
1.65482e+06 4.40965e+38 4.40965e+38 9.15726e+38 9.15726e+38 9.15726e+38 8.01591e+32 2.95742e+36 0 4.127e+20 4.64348e+42 0 0 1
1.91095e+06 3.44708e+38 3.44708e+38 6.93694e+38 6.93694e+38 6.93694e+38 1.09216e+33 2.96472e+36 0 1.37381e+17 4.64348e+42 0 0 1
2.20673e+06 2.70007e+38 2.70007e+38 5.25863e+38 5.25863e+38 5.25863e+38 1.46612e+33 2.9741e+36 0 1.34715e+13 4.64348e+42 0 0 1
2.5483e+06 2.1178e+38 2.1178e+38 3.98856e+38 3.98856e+38 3.98856e+38 1.95914e+33 2.98636e+36 0 3.21694e+08 4.64348e+42 0 0 1
2.94273e+06 1.66224e+38 1.66224e+38 3.02636e+38 3.02636e+38 3.02636e+38 2.6159e+33 3.00243e+36 0 1501.77 4.64348e+42 0 0 1
3.39821e+06 1.30475e+38 1.30475e+38 2.2967e+38 2.2967e+38 2.2967e+38 3.56734e+33 3.02501e+36 0 0.00106365 4.64348e+42 0 0 1
3.92419e+06 1.02358e+38 1.02358e+38 1.74289e+38 1.74289e+38 1.74289e+38 4.8144e+33 3.05449e+36 0 8.53009e-11 4.64348e+42 0 0 1
4.53158e+06 8.02106e+37 8.02106e+37 1.32227e+38 1.32227e+38 1.32227e+38 6.50364e+33 3.09289e+36 0 5.52577e-19 4.64348e+42 0 0 1
5.23299e+06 6.27521e+37 6.27521e+37 1.00266e+38 1.00266e+38 1.00266e+38 8.76925e+33 3.14232e+36 0 1.95795e-28 4.64348e+42 0 0 1
6.04296e+06 4.89901e+37 4.89901e+37 7.59745e+37 7.59745e+37 7.59745e+37 1.19985e+34 3.21057e+36 0 2.41951e-39 4.64348e+42 0 0 1
6.97831e+06 3.81502e+37 3.81502e+37 5.75131e+37 5.75131e+37 5.75131e+37 1.62038e+34 3.29303e+36 0 6.20179e-52 4.64348e+42 0 0 1
8.05842e+06 2.96242e+37 2.96242e+37 4.34876e+37 4.34876e+37 4.34876e+37 2.17394e+34 3.39402e+36 0 1.80989e-66 4.64348e+42 0 0 1
9.30572e+06 2.29326e+37 2.29326e+37 3.28395e+37 3.28395e+37 3.28395e+37 2.91431e+34 3.50994e+36 0 3.00843e-83 4.64348e+42 0 0 1
1.07461e+07 1.76955e+37 1.76955e+37 2.47644e+37 2.47644e+37 2.47644e+37 3.93479e+34 3.67222e+36 0 1.28017e-102 4.64348e+42 0 0 1
1.24094e+07 1.36101e+37 1.36101e+37 1.8649e+37 1.8649e+37 1.8649e+37 5.20297e+34 3.82418e+36 0 5.53867e-125 4.64348e+42 0 0 1
1.43301e+07 1.04355e+37 1.04355e+37 1.40263e+37 1.40263e+37 1.40263e+37 6.75758e+34 3.97447e+36 0 8.38847e-151 4.64348e+42 0 0 1
1.65482e+07 7.9797e+36 7.9797e+36 1.05398e+37 1.05398e+37 1.05398e+37 8.62384e+34 4.11691e+36 0 1.2983e-180 4.64348e+42 0 0 1
1.91095e+07 6.08988e+36 6.08988e+36 7.91842e+36 7.91842e+36 7.91842e+36 1.09297e+35 4.24379e+36 0 4.95461e-215 4.64348e+42 0 0 1
2.20673e+07 4.64199e+36 4.64199e+36 5.95185e+36 5.95185e+36 5.95185e+36 1.33742e+35 4.3508e+36 0 9.02727e-255 4.64348e+42 0 0 1
2.5483e+07 3.53925e+36 3.53925e+36 4.48204e+36 4.48204e+36 4.48204e+36 1.60349e+35 4.42431e+36 0 0 4.64348e+42 0 0 1
2.94273e+07 2.70331e+36 2.70331e+36 3.38642e+36 3.38642e+36 3.38642e+36 1.87081e+35 4.42483e+36 0 0 4.64348e+42 0 0 1
3.39821e+07 2.07332e+36 2.07332e+36 2.57283e+36 2.57283e+36 2.57283e+36 2.13908e+35 4.33959e+36 0 0 4.64348e+42 0 0 1
3.92419e+07 1.59852e+36 1.59852e+36 1.96765e+36 1.96765e+36 1.96765e+36 2.3621e+35 4.16693e+36 0 0 4.64348e+42 0 0 1
4.53158e+07 1.24263e+36 1.24263e+36 1.51914e+36 1.51914e+36 1.51914e+36 2.55618e+35 3.93818e+36 0 0 4.64348e+42 0 0 1
5.23299e+07 9.75812e+35 9.75812e+35 1.18617e+36 1.18617e+36 1.18617e+36 2.70801e+35 3.67323e+36 0 0 4.64348e+42 0 0 1
6.04296e+07 7.74317e+35 7.74317e+35 9.36887e+35 9.36887e+35 9.36887e+35 2.79584e+35 3.34475e+36 0 0 4.64348e+42 0 0 1
6.97831e+07 6.20515e+35 6.20515e+35 7.48054e+35 7.48054e+35 7.48054e+35 2.81164e+35 2.96878e+36 0 0 4.64348e+42 0 0 1
8.05842e+07 5.01842e+35 5.01842e+35 6.03322e+35 6.03322e+35 6.03322e+35 2.76249e+35 2.54913e+36 0 0 4.64348e+42 0 0 1
9.30572e+07 4.08576e+35 4.08576e+35 4.90242e+35 4.90242e+35 4.90242e+35 2.65013e+35 2.10172e+36 0 0 4.64348e+42 0 0 1
1.07461e+08 3.3328e+35 3.3328e+35 3.99415e+35 3.99415e+35 3.99415e+35 2.47379e+35 1.64219e+36 0 0 4.64348e+42 21.2354 0 1
1.24094e+08 2.72656e+35 2.72656e+35 3.2659e+35 3.2659e+35 3.2659e+35 2.26865e+35 1.27013e+36 0 0 4.64348e+42 18.6556 0 1
1.43301e+08 2.22521e+35 2.22521e+35 2.66562e+35 2.66562e+35 2.66562e+35 2.03409e+35 9.6376e+35 0 0 4.64348e+42 16.3893 0 1
1.65482e+08 1.80275e+35 1.80275e+35 2.16092e+35 2.16092e+35 2.16092e+35 1.77783e+35 7.19413e+35 0 0 4.64348e+42 14.3982 0 1
1.91095e+08 1.43009e+35 1.43009e+35 1.71618e+35 1.71618e+35 1.71618e+35 1.48985e+35 5.18574e+35 0 0 4.64348e+42 12.6491 0 1
2.20673e+08 1.12988e+35 1.12988e+35 1.35808e+35 1.35808e+35 1.35808e+35 1.23502e+35 3.81215e+35 0 0 4.64348e+42 11.1124 0 1
2.5483e+08 8.81184e+34 8.81184e+34 1.06127e+35 1.06127e+35 1.06127e+35 1.0008e+35 2.77893e+35 0 0 4.64348e+42 9.76247 0 1
2.94273e+08 6.77906e+34 6.77906e+34 8.18374e+34 8.18374e+34 8.18374e+34 7.93569e+34 2.00814e+35 0 0 4.64348e+42 8.57649 0 1
3.39821e+08 5.07462e+34 5.07462e+34 6.1426e+34 6.1426e+34 6.1426e+34 6.04649e+34 1.42387e+35 0 0 4.64348e+42 7.86701 0 1
3.92419e+08 3.8097e+34 3.8097e+34 4.62522e+34 4.62522e+34 4.62522e+34 4.62556e+34 1.033e+35 0 0 4.64348e+42 7.53459 0 1
4.53158e+08 2.83437e+34 2.83437e+34 3.45228e+34 3.45228e+34 3.45228e+34 3.49353e+34 7.4689e+34 0 0 4.64348e+42 7.21622 0 1
5.23299e+08 2.08129e+34 2.08129e+34 2.54385e+34 2.54385e+34 2.54385e+34 2.59051e+34 5.38274e+34 0 0 4.64348e+42 6.9113 0 1
6.04296e+08 1.51769e+34 1.51769e+34 1.86183e+34 1.86183e+34 1.86183e+34 1.90229e+34 3.83842e+34 0 0 4.64348e+42 6.61926 0 1
6.97831e+08 1.11978e+34 1.11978e+34 1.37902e+34 1.37902e+34 1.37902e+34 1.42042e+34 2.79855e+34 0 0 4.64348e+42 6.33957 0 1
8.05842e+08 8.23017e+33 8.23017e+33 1.01765e+34 1.01765e+34 1.01765e+34 1.05501e+34 2.03746e+34 0 0 4.64348e+42 6.07169 0 1
9.30572e+08 6.01834e+33 6.01834e+33 7.47282e+33 7.47282e+33 7.47282e+33 7.78161e+33 1.47996e+34 0 0 4.64348e+42 5.81513 0 1
1.07461e+09 4.35785e+33 4.35785e+33 5.43443e+33 5.43443e+33 5.43443e+33 5.66174e+33 1.05933e+34 0 0 4.64348e+42 5.83609 0 1
1.24094e+09 3.20744e+33 3.20744e+33 4.01759e+33 4.01759e+33 4.01759e+33 4.21826e+33 7.76356e+33 0 0 4.64348e+42 6.13758 0 1
1.43301e+09 2.36242e+33 2.36242e+33 2.97258e+33 2.97258e+33 2.97258e+33 3.14819e+33 5.67375e+33 0 0 4.64348e+42 6.45464 0 1
1.65482e+09 1.73471e+33 1.73471e+33 2.19287e+33 2.19287e+33 2.19287e+33 2.34148e+33 4.13325e+33 0 0 4.64348e+42 6.78808 0 1
1.91095e+09 1.26134e+33 1.26134e+33 1.602e+33 1.602e+33 1.602e+33 1.71937e+33 2.9594e+33 0 0 4.64348e+42 7.13875 0 1
2.20673e+09 9.30446e+32 9.30446e+32 1.18741e+33 1.18741e+33 1.18741e+33 1.2903e+33 2.17268e+33 0 0 4.64348e+42 7.50753 0 1
2.5483e+09 6.84154e+32 6.84154e+32 8.7734e+32 8.7734e+32 8.7734e+32 9.65341e+32 1.59033e+33 0 0 4.64348e+42 7.89536 0 1
2.94273e+09 5.00686e+32 5.00686e+32 6.45222e+32 6.45222e+32 6.45222e+32 7.18656e+32 1.16007e+33 0 0 4.64348e+42 8.30323 0 1
3.39821e+09 3.61013e+32 3.61013e+32 4.6754e+32 4.6754e+32 4.6754e+32 5.25035e+32 8.31564e+32 0 0 4.64348e+42 8.73217 0 1
3.92419e+09 2.64363e+32 2.64363e+32 3.44086e+32 3.44086e+32 3.44086e+32 3.92672e+32 6.10541e+32 0 0 4.64348e+42 9.18326 0 1
4.53158e+09 1.92857e+32 1.92857e+32 2.52285e+32 2.52285e+32 2.52285e+32 2.92666e+32 4.46536e+32 0 0 4.64348e+42 9.65766 0 1
5.23299e+09 1.4015e+32 1.4015e+32 1.84268e+32 1.84268e+32 1.84268e+32 2.17353e+32 3.25147e+32 0 0 4.64348e+42 10.1566 0 1
6.04296e+09 1.00132e+32 1.00132e+32 1.32326e+32 1.32326e+32 1.32326e+32 1.58033e+32 2.32822e+32 0 0 4.64348e+42 10.6812 0 1
6.97831e+09 7.28481e+31 7.28481e+31 9.6766e+31 9.6766e+31 9.6766e+31 1.17929e+32 1.70604e+32 0 0 4.64348e+42 11.233 0 1
8.05842e+09 5.2807e+31 5.2807e+31 7.05079e+31 7.05079e+31 7.05079e+31 8.76977e+31 1.24635e+32 0 0 4.64348e+42 11.8133 0 1
9.30572e+09 3.80376e+31 3.80376e+31 5.10564e+31 5.10564e+31 5.10564e+31 6.47869e+31 9.07701e+31 0 0 4.64348e+42 12.4236 0 1
1.07461e+10 2.69111e+31 2.69111e+31 3.63482e+31 3.63482e+31 3.63482e+31 4.69754e+31 6.5152e+31 0 0 4.64348e+42 13.9395 0 1
1.24094e+10 1.89929e+31 1.89929e+31 2.59963e+31 2.59963e+31 2.59963e+31 3.47552e+31 4.78722e+31 0 0 4.64348e+42 16.6868 0 1
1.43301e+10 1.21933e+31 1.21933e+31 1.75759e+31 1.75759e+31 1.75759e+31 2.55487e+31 3.50789e+31 0 0 4.64348e+42 19.9755 0 1
1.65482e+10 5.59122e+30 5.59122e+30 9.97691e+30 9.97691e+30 9.97691e+30 1.87193e+31 2.56187e+31 0 0 4.64348e+42 23.9123 0 1
1.91095e+10 1.07287e+30 1.07287e+30 4.05712e+30 4.05712e+30 4.05712e+30 1.34419e+31 1.83754e+31 0 0 4.64348e+42 28.6251 0 1
2.20673e+10 3.82048e+28 3.82048e+28 1.30741e+30 1.30741e+30 1.30741e+30 9.88474e+30 1.35017e+31 0 0 4.64348e+42 34.2667 34.7254 1
2.5483e+10 4.94234e+25 4.94234e+25 3.98279e+29 3.98279e+29 3.98279e+29 7.24246e+30 9.88448e+30 0 0 4.64348e+42 41.0201 22.9578 1
2.94273e+10 1.36166e+20 1.36166e+20 1.28543e+29 1.28543e+29 1.28543e+29 5.28909e+30 7.20865e+30 0 0 4.64348e+42 49.1046 15.5417 1
3.39821e+10 1.47416e+10 1.47416e+10 4.47739e+28 4.47739e+28 4.47739e+28 3.78431e+30 5.15364e+30 0 0 4.64348e+42 58.7824 10.7604 1
3.92419e+10 7.08272e-07 7.08272e-07 1.75605e+28 1.75605e+28 1.75605e+28 2.78495e+30 3.78406e+30 0 0 4.64348e+42 70.3675 7.61059 1
4.53158e+10 2.38002e-31 2.38002e-31 7.50241e+27 7.50241e+27 7.50241e+27 2.0444e+30 2.77082e+30 0 0 4.64348e+42 84.2359 5.49245 1
5.23299e+10 3.76684e-65 3.76684e-65 3.45958e+27 3.45958e+27 3.45958e+27 1.49796e+30 2.02261e+30 0 0 4.64348e+42 100.837 4.04008 1
6.04296e+10 1.69564e-108 1.69564e-108 1.68127e+27 1.68127e+27 1.68127e+27 1.07787e+30 1.447e+30 0 0 4.64348e+42 120.711 3.02568 1
6.97831e+10 1.71556e-160 1.71556e-160 8.88536e+26 8.88536e+26 8.88536e+26 7.97183e+29 1.06454e+30 0 0 4.64348e+42 144.501 2.3047 1
8.05842e+10 2.89266e-219 2.89266e-219 4.93455e+26 4.93455e+26 4.93455e+26 5.87841e+29 7.81149e+29 0 0 4.64348e+42 172.98 1.78376 1
9.30572e+10 3.34873e-282 3.34873e-282 2.85996e+26 2.85996e+26 2.85996e+26 4.32165e+29 5.7139e+29 0 0 4.64348e+42 207.072 1.40144 1
1.07461e+11 0 0 1.69191e+26 1.69191e+26 1.69191e+26 3.11197e+29 4.09158e+29 0 0 4.64348e+42 247.883 1.11671 1
1.24094e+11 0 0 1.06066e+26 1.06066e+26 1.06066e+26 2.29915e+29 3.01263e+29 0 0 4.64348e+42 296.737 0.901709 1
1.43301e+11 0 0 6.83039e+25 6.83039e+25 6.83039e+25 1.69217e+29 2.21136e+29 0 0 4.64348e+42 355.22 0.737233 1
1.65482e+11 0 0 4.49969e+25 4.49969e+25 4.49969e+25 1.24012e+29 1.61727e+29 0 0 4.64348e+42 425.228 0.609868 1
1.91095e+11 0 0 2.97367e+25 2.97367e+25 2.97367e+25 8.89517e+28 1.15673e+29 0 0 4.64348e+42 509.034 0.510106 1
2.20673e+11 0 0 2.05746e+25 2.05746e+25 2.05746e+25 6.55167e+28 8.50885e+28 0 0 4.64348e+42 609.357 0.431129 1
2.5483e+11 0 0 1.44525e+25 1.44525e+25 1.44525e+25 4.80822e+28 6.23843e+28 0 0 4.64348e+42 729.453 0.367983 1
2.94273e+11 0 0 1.02845e+25 1.02845e+25 1.02845e+25 3.51571e+28 4.55641e+28 0 0 4.64348e+42 873.217 0.317029 1
3.39821e+11 0 0 7.2758e+24 7.2758e+24 7.2758e+24 2.51699e+28 3.25292e+28 0 0 4.64348e+42 0 0.275565 1
3.92419e+11 0 0 5.35415e+24 5.35415e+24 5.35415e+24 1.85161e+28 2.38921e+28 0 0 4.64348e+42 0 0.241562 1
4.53158e+11 0 0 3.97267e+24 3.97267e+24 3.97267e+24 1.35732e+28 1.74876e+28 0 0 4.64348e+42 0 0.213483 1
5.23299e+11 0 0 2.96765e+24 2.96765e+24 2.96765e+24 9.91278e+27 1.27488e+28 0 0 4.64348e+42 0 0.190154 1
6.04296e+11 0 0 2.19012e+24 2.19012e+24 2.19012e+24 7.08391e+27 9.07937e+27 0 0 4.64348e+42 0 0.170669 1
6.97831e+11 0 0 1.6745e+24 1.6745e+24 1.6745e+24 5.20362e+27 6.65435e+27 0 0 4.64348e+42 0 0.154323 1
8.05842e+11 0 0 1.28513e+24 1.28513e+24 1.28513e+24 3.80844e+27 4.85909e+27 0 0 4.64348e+42 0 0.140565 1
9.30572e+11 0 0 9.89023e+23 9.89023e+23 9.89023e+23 2.77657e+27 3.53313e+27 0 0 4.64348e+42 0 0.12896 1
1.07461e+12 0 0 7.48749e+23 7.48749e+23 7.48749e+23 1.97941e+27 2.50772e+27 0 0 4.64348e+42 0 0.119166 1
1.24094e+12 0 0 5.85801e+23 5.85801e+23 5.85801e+23 1.45102e+27 1.83241e+27 0 0 4.64348e+42 0 0.110908 1
1.43301e+12 0 0 4.58676e+23 4.58676e+23 4.58676e+23 1.05959e+27 1.33364e+27 0 0 4.64348e+42 0 0.103969 1
1.65482e+12 0 0 3.5913e+23 3.5913e+23 3.5913e+23 7.70591e+26 9.66164e+26 0 0 4.64348e+42 0 0.098177 1
1.91095e+12 0 0 2.75726e+23 2.75726e+23 2.75726e+23 5.47554e+26 6.8255e+26 0 0 4.64348e+42 0 0.0933933 1
2.20673e+12 0 0 2.18405e+23 2.18405e+23 2.18405e+23 4.00225e+26 4.96652e+26 0 0 4.64348e+42 0 0.0895108 1
2.5483e+12 1.22909e-286 1.22909e-286 1.72732e+23 1.72732e+23 1.72732e+23 2.91331e+26 3.59797e+26 0 0 4.64348e+42 0 0.0864461 1
2.94273e+12 2.28203e-260 2.28203e-260 1.36297e+23 1.36297e+23 1.36297e+23 2.11136e+26 2.59334e+26 0 0 4.64348e+42 0 0.0841374 1
3.39821e+12 1.07111e-235 1.07111e-235 1.05136e+23 1.05136e+23 1.05136e+23 1.4934e+26 1.8201e+26 0 0 4.64348e+42 0 0.082541 1
3.92419e+12 1.23712e-212 1.23712e-212 8.35547e+22 8.35547e+22 8.35547e+22 1.08715e+26 1.31668e+26 0 0 4.64348e+42 0 0.08163 1
4.53158e+12 3.39961e-191 3.39961e-191 6.61401e+22 6.61401e+22 6.61401e+22 7.87839e+25 9.47771e+25 0 0 4.64348e+42 0 0.0813928 1
5.23299e+12 2.36214e-171 2.36214e-171 5.21e+22 5.21e+22 5.21e+22 5.68182e+25 6.78337e+25 0 0 4.64348e+42 0 0.0818329 1
6.04296e+12 4.52485e-153 4.52485e-153 3.99661e+22 3.99661e+22 3.99661e+22 3.99331e+25 4.7177e+25 0 0 4.64348e+42 0 0.0829683 1
6.97831e+12 2.90824e-136 2.90824e-136 3.15273e+22 3.15273e+22 3.15273e+22 2.89056e+25 3.38546e+25 0 0 4.64348e+42 0 0.0848322 1
8.05842e+12 7.14282e-121 7.14283e-121 2.46861e+22 2.46861e+22 2.46861e+22 2.08175e+25 2.41556e+25 0 0 4.64348e+42 0 0.0874729 1
9.30572e+12 8.02076e-107 8.02077e-107 1.91603e+22 1.91603e+22 1.91603e+22 1.49112e+25 1.71224e+25 0 0 4.64348e+42 0 0.0909553 1
1.07461e+13 4.8606e-94 4.86061e-94 1.43991e+22 1.43991e+22 1.43991e+22 1.03871e+25 1.17594e+25 0 0 4.64348e+42 0 0.0953611 1
1.24094e+13 2.04099e-82 2.041e-82 1.10941e+22 1.10941e+22 1.10941e+22 7.45985e+24 8.34645e+24 0 0 4.64348e+42 0 0.10079 1
1.43301e+13 6.93114e-72 6.93115e-72 8.44053e+21 8.44053e+21 8.44053e+21 5.32649e+24 5.88433e+24 0 0 4.64348e+42 0 0.10736 1
1.65482e+13 2.29432e-62 2.29432e-62 6.33038e+21 6.33038e+21 6.33038e+21 3.77932e+24 4.11653e+24 0 0 4.64348e+42 0 0.115206 1
1.91095e+13 8.65939e-54 8.65941e-54 4.56224e+21 4.56224e+21 4.56224e+21 2.60046e+24 2.77881e+24 0 0 4.64348e+42 0 0.12448 1
2.20673e+13 4.72016e-46 4.72017e-46 3.36054e+21 3.36054e+21 3.36054e+21 1.84749e+24 1.94315e+24 0 0 4.64348e+42 0 0.135345 1
2.5483e+13 4.21594e-39 4.21595e-39 2.43187e+21 2.43187e+21 2.43187e+21 1.3036e+24 1.3479e+24 0 0 4.64348e+42 0 0.147968 1
2.94273e+13 7.20651e-33 7.20654e-33 1.72715e+21 1.72715e+21 1.72715e+21 9.13039e+23 9.26381e+23 0 0 4.64348e+42 0 0.162507 1
3.39821e+13 2.65508e-27 2.6551e-27 1.17125e+21 1.17125e+21 1.17125e+21 6.17614e+23 6.10729e+23 0 0 4.64348e+42 0 0.179093 1
3.92419e+13 2.58978e-22 2.5898e-22 8.12873e+20 8.12873e+20 8.12873e+20 4.32333e+23 4.18596e+23 0 0 4.64348e+42 0 0.197804 1
4.53158e+13 7.27769e-18 7.27776e-18 5.53727e+20 5.53727e+20 5.53727e+20 3.00163e+23 2.84107e+23 0 0 4.64348e+42 0 0.218621 1
5.23299e+13 6.62212e-14 6.62221e-14 3.70305e+20 3.70305e+20 3.70305e+20 2.06545e+23 1.90663e+23 0 0 4.64348e+42 0 0.241387 1
6.04296e+13 2.10648e-10 2.10651e-10 2.35789e+20 2.35789e+20 2.35789e+20 1.36461e+23 1.21696e+23 0 0 4.64348e+42 0 0.265741 1
6.97831e+13 2.79845e-07 2.79851e-07 1.54791e+20 1.54791e+20 1.54791e+20 9.36153e+22 8.11995e+22 0 0 4.64348e+42 0 0.291055 1
8.05842e+13 0.000162158 0.000162162 1.00016e+20 1.00016e+20 1.00016e+20 6.35797e+22 5.35264e+22 0 0 4.64348e+42 0 0.316368 1
9.30572e+13 0.0444959 0.0444973 6.36259e+19 6.36259e+19 6.36259e+19 4.27087e+22 3.47946e+22 0 0 4.64348e+42 0 0.340344 1
1.07461e+14 6.00185 6.00209 3.83987e+19 3.83987e+19 3.83987e+19 2.73096e+22 2.12432e+22 0 0 4.64348e+42 0 0 1
1.24094e+14 467.359 467.385 2.41316e+19 2.41316e+19 2.41316e+19 1.82275e+22 1.36735e+22 0 0 4.64348e+42 0 0 1
1.43301e+14 21149.9 21152.1 1.49542e+19 1.49542e+19 1.49542e+19 1.20135e+22 8.66888e+21 0 0 4.64348e+42 0 0 1
1.65482e+14 587616 587738 9.13384e+18 9.13384e+18 9.13384e+18 7.80936e+21 5.40025e+21 0 0 4.64348e+42 0 0 1
1.91095e+14 1.00461e+07 1.00504e+07 5.24306e+18 5.24306e+18 5.24306e+18 4.77085e+21 3.10042e+21 0 0 4.64348e+42 0 0 1
2.20673e+14 1.23843e+08 1.23947e+08 3.1687e+18 3.1687e+18 3.1687e+18 3.06689e+21 1.90188e+21 0 0 4.64348e+42 0 0 1
2.5483e+14 1.07238e+09 1.07402e+09 1.88633e+18 1.88633e+18 1.88633e+18 1.94001e+21 1.14459e+21 0 0 4.64348e+42 0 0 1
2.94273e+14 6.75673e+09 6.77408e+09 1.10486e+18 1.10486e+18 1.10486e+18 1.20579e+21 6.73665e+20 0 0 4.64348e+42 0 0 1
3.39821e+14 3.00176e+10 3.01378e+10 5.97187e+17 5.97187e+17 5.97187e+17 6.90456e+20 3.54877e+20 0 0 4.64348e+42 0 0 1
3.92419e+14 1.12068e+11 1.12723e+11 3.44751e+17 3.44751e+17 3.44751e+17 4.21481e+20 2.04111e+20 0 0 4.64348e+42 0 0 1
4.53158e+14 3.31609e+11 3.34282e+11 1.95271e+17 1.95271e+17 1.95271e+17 2.51925e+20 1.14594e+20 0 0 4.64348e+42 0 0 1
5.23299e+14 7.9503e+11 8.03427e+11 1.0835e+17 1.0835e+17 1.0835e+17 1.4719e+20 6.2537e+19 0 0 4.64348e+42 0 0 1
6.04296e+14 1.44024e+12 1.45932e+12 5.37746e+16 5.37746e+16 5.37746e+16 7.67479e+19 2.91574e+19 0 0 4.64348e+42 0 0 1
6.97831e+14 2.45227e+12 2.49145e+12 2.91379e+16 2.91379e+16 2.91379e+16 4.35891e+19 1.53826e+19 0 0 4.64348e+42 0 0 1
8.05842e+14 3.5626e+12 3.62898e+12 1.53856e+16 1.53856e+16 1.53856e+16 2.40681e+19 7.87218e+18 0 0 4.64348e+42 0 0 1
9.30572e+14 4.47611e+12 4.57054e+12 7.90447e+15 7.90447e+15 7.90447e+15 1.28996e+19 3.88606e+18 0 0 4.64348e+42 0 0 1
1.07461e+15 4.29941e+12 4.39946e+12 3.4462e+15 3.4462e+15 3.4462e+15 5.85313e+18 1.51862e+18 0 0 4.64348e+42 0 0 1
1.24094e+15 4.26434e+12 4.37132e+12 1.70174e+15 1.70174e+15 1.70174e+15 3.00095e+18 7.13087e+17 0 0 4.64348e+42 0 0 1
1.43301e+15 3.75679e+12 3.85634e+12 8.1005e+14 8.1005e+14 8.1005e+14 1.47971e+18 3.22395e+17 0 0 4.64348e+42 0 0 1
1.65482e+15 2.96653e+12 3.04809e+12 3.71579e+14 3.71579e+14 3.71579e+14 7.01475e+17 1.39309e+17 0 0 4.64348e+42 0 0 1
1.91095e+15 1.7057e+12 1.75358e+12 1.32325e+14 1.32325e+14 1.32325e+14 2.57577e+17 4.18395e+16 0 0 4.64348e+42 0 0 1
2.20673e+15 1.11798e+12 1.14958e+12 5.68496e+13 5.68496e+13 5.68496e+13 1.13849e+17 1.67308e+16 0 0 4.64348e+42 0 0 1
2.5483e+15 6.59479e+11 6.78009e+11 2.31109e+13 2.31109e+13 2.31109e+13 4.75119e+16 6.39026e+15 0 0 4.64348e+42 0 0 1
2.94273e+15 3.53186e+11 3.62943e+11 8.91644e+12 8.91644e+12 8.91644e+12 1.87772e+16 2.31497e+15 0 0 4.64348e+42 0 0 1
3.39821e+15 1.2216e+11 1.25444e+11 2.3105e+12 2.3105e+12 2.3105e+12 4.97385e+15 4.59373e+14 0 0 4.64348e+42 0 0 1
3.92419e+15 5.4713e+10 5.61323e+10 8.02602e+11 8.02602e+11 8.02602e+11 1.76258e+15 1.4529e+14 0 0 4.64348e+42 0 0 1
4.53158e+15 2.1703e+10 2.22419e+10 2.54598e+11 2.54598e+11 2.54598e+11 5.69252e+14 4.34656e+13 0 0 4.64348e+42 0 0 1
5.23299e+15 7.64817e+09 7.82862e+09 7.37164e+10 7.37164e+10 7.37164e+10 1.67485e+14 1.24257e+13 0 0 4.64348e+42 0 0 1
6.04296e+15 1.4412e+09 1.47331e+09 1.16891e+10 1.16891e+10 1.16891e+10 2.69365e+13 1.27215e+12 0 0 4.64348e+42 0 0 1
6.97831e+15 4.16914e+08 4.25635e+08 2.90612e+09 2.90612e+09 2.90612e+09 6.78009e+12 2.78263e+11 0 0 4.64348e+42 0 0 1
8.05842e+15 1.01412e+08 1.03393e+08 6.18958e+08 6.18958e+08 6.18958e+08 1.45941e+12 5.56152e+10 0 0 4.64348e+42 0 0 1
9.30572e+15 1.98937e+07 2.02551e+07 1.08079e+08 1.08079e+08 1.08079e+08 2.57103e+11 1.08654e+10 0 0 4.64348e+42 0 0 1
1.07461e+16 1.60756e+06 1.6346e+06 7.88763e+06 7.88763e+06 7.88763e+06 1.88994e+10 4.37423e+08 0 0 4.64348e+42 0 0 1
1.24094e+16 249060 252925 1.11789e+06 1.11789e+06 1.11789e+06 2.69366e+09 5.23047e+07 0 0 4.64348e+42 0 0 1
1.43301e+16 29424.6 29844.3 122189 122189 122189 2.95626e+08 5.08829e+06 0 0 4.64348e+42 0 0 1
1.65482e+16 2392.3 2423.58 9283.09 9283.09 9283.09 2.25176e+07 471076 0 0 4.64348e+42 0 0 1
1.91095e+16 49.0431 49.6292 179.401 179.401 179.401 435658 5317.64 0 0 4.64348e+42 0 0 1
2.20673e+16 2.78189 2.81219 9.66756 9.66756 9.66756 23470.7 232.886 0 0 4.64348e+42 0 0 1
2.5483e+16 0.0970918 0.098054 0.322742 0.322742 0.322742 782.292 6.55356 0 0 4.64348e+42 0 0 1
2.94273e+16 0.00194941 0.00196694 0.00623564 0.00623564 0.00623564 15.0708 0.130994 0 0 4.64348e+42 0 0 1
3.39821e+16 4.5012e-06 4.53788e-06 1.39287e-05 1.39287e-05 1.39287e-05 0.0335249 0.000231587 0 0 4.64348e+42 0 0 1
3.92419e+16 4.11019e-08 4.14048e-08 1.23616e-07 1.23616e-07 1.23616e-07 0.000295944 1.82914e-06 0 0 4.64348e+42 0 0 1
4.53158e+16 1.39761e-10 1.40691e-10 4.10212e-10 4.10212e-10 4.10212e-10 9.75715e-07 5.76176e-09 0 0 4.64348e+42 0 0 1
5.23299e+16 1.75947e-13 1.77002e-13 5.05801e-13 5.05801e-13 5.05801e-13 1.19397e-09 6.98504e-12 0 0 4.64348e+42 0 0 1
6.04296e+16 1.3271e-17 1.33426e-17 3.74851e-17 3.74851e-17 3.74851e-17 8.77214e-14 5.05915e-16 0 0 4.64348e+42 0 0 1
6.97831e+16 2.72271e-21 2.73592e-21 7.57753e-21 7.57753e-21 7.57753e-21 1.75615e-17 1.00906e-19 0 0 4.64348e+42 0 0 1
8.05842e+16 1.05701e-25 1.06161e-25 2.90563e-25 2.90563e-25 2.90563e-25 6.66262e-22 3.82465e-24 0 0 4.64348e+42 0 0 1
9.30572e+16 0 0 0 0 0 0 0 0 0 4.64348e+42 0 0 1