
1.07461e-07 0 0 8.91911e+54 1.01424e+55 6.79467e+55 0 0 9.30589e+43 0 4.64348e+42 0 0 1
1.24094e-07 2.10581e-216 2.10581e-216 1.07152e+55 1.19767e+55 6.06526e+55 0 0 1.07463e+44 2.79804e-221 4.64348e+42 0 0 1
1.43301e-07 1.00763e-145 1.00763e-145 1.27085e+55 1.39944e+55 5.4106e+55 0 0 1.24096e+44 9.77551e-151 4.64348e+42 0 0 1
1.65482e-07 1.81166e-93 1.81166e-93 1.47405e+55 1.60236e+55 4.82328e+55 0 0 1.43304e+44 1.3122e-98 4.64348e+42 0 0 1
1.91095e-07 7.71296e-55 7.71296e-55 1.65807e+55 1.78235e+55 4.29662e+55 0 0 1.65485e+44 4.30082e-60 4.64348e+42 0 0 1
2.20673e-07 2.74872e-26 2.74872e-26 1.80053e+55 1.91683e+55 3.82458e+55 0 0 1.91099e+44 1.22226e-31 4.64348e+42 0 0 1
2.5483e-07 3.45173e-05 3.45173e-05 1.88704e+55 1.99214e+55 3.4017e+55 0 0 2.20677e+44 1.26821e-10 4.64348e+42 0 0 1
2.94273e-07 1.33355e+11 1.33355e+11 1.91395e+55 2.00593e+55 3.02306e+55 0 0 2.54834e+44 418321 4.64348e+42 0 0 1
3.39821e-07 4.32325e+22 4.32325e+22 1.88673e+55 1.965e+55 2.68424e+55 0 0 2.94278e+44 1.19134e+17 4.64348e+42 0 0 1
3.92419e-07 1.35641e+31 1.35641e+31 1.8161e+55 1.88116e+55 2.38122e+55 0 0 3.39827e+44 3.36267e+25 4.64348e+42 0 0 1
4.53158e-07 2.51262e+37 2.51262e+37 1.71446e+55 1.76752e+55 2.11038e+55 0 0 3.92426e+44 5.71389e+31 4.64348e+42 0 0 1
5.23299e-07 1.04666e+42 1.04666e+42 1.59345e+55 1.63606e+55 1.86848e+55 0 0 4.53167e+44 2.2177e+36 4.64348e+42 0 0 1
6.04296e-07 2.63564e+45 2.63564e+45 1.46267e+55 1.49648e+55 1.65256e+55 0 0 5.23309e+44 5.26835e+39 4.64348e+42 0 0 1
6.97831e-07 8.33487e+47 8.33487e+47 1.3294e+55 1.35598e+55 1.45999e+55 0 0 6.04307e+44 1.58736e+42 4.64348e+42 0 0 1
8.05842e-07 5.68338e+49 5.68338e+49 1.19878e+55 1.2195e+55 1.28838e+55 0 0 6.97843e+44 1.03945e+44 4.64348e+42 0 0 1
9.30572e-07 1.24616e+51 1.24616e+51 1.07414e+55 1.0902e+55 1.13556e+55 0 0 8.05856e+44 2.20264e+45 4.64348e+42 0 0 1
1.07461e-06 1.1806e+52 1.1806e+52 9.57495e+54 9.69881e+54 9.99608e+54 0 0 9.30588e+44 2.02721e+46 4.64348e+42 0 0 1
1.24094e-06 6.01238e+52 6.01238e+52 8.49855e+54 8.59367e+54 8.78768e+54 0 0 1.07463e+45 1.00724e+47 4.64348e+42 0 0 1
1.43301e-06 1.93427e+53 1.93427e+53 7.51576e+54 7.58855e+54 7.71467e+54 0 0 1.24096e+45 3.17305e+47 4.64348e+42 0 0 1
1.65482e-06 4.4293e+53 4.4293e+53 6.62566e+54 6.6812e+54 6.76288e+54 0 0 1.43304e+45 7.13739e+47 4.64348e+42 0 0 1
1.91095e-06 7.8851e+53 7.8851e+53 5.82458e+54 5.86684e+54 5.91955e+54 0 0 1.65485e+45 1.25163e+48 4.64348e+42 0 0 1
2.20673e-06 1.16477e+54 1.16477e+54 5.10723e+54 5.1393e+54 5.1732e+54 0 0 1.91099e+45 1.82594e+48 4.64348e+42 0 0 1
2.5483e-06 1.49813e+54 1.49813e+54 4.46749e+54 4.49177e+54 4.51349e+54 0 0 2.20677e+45 2.32498e+48 4.64348e+42 0 0 1
2.94273e-06 1.73858e+54 1.73858e+54 3.89892e+54 3.91726e+54 3.93114e+54 0 0 2.54834e+45 2.67721e+48 4.64348e+42 0 0 1
3.39821e-06 1.86891e+54 1.86891e+54 3.39512e+54 3.40895e+54 3.41778e+54 0 0 2.94278e+45 2.86197e+48 4.64348e+42 0 0 1
3.92419e-06 1.89741e+54 1.89741e+54 2.9499e+54 2.9603e+54 2.9659e+54 0 0 3.39826e+45 2.89593e+48 4.64348e+42 0 0 1
4.53158e-06 1.84561e+54 1.84561e+54 2.55741e+54 2.56522e+54 2.56876e+54 0 0 3.92425e+45 2.81367e+48 4.64348e+42 0 0 1
5.23299e-06 1.73826e+54 1.73826e+54 2.21222e+54 2.21806e+54 2.22029e+54 0 0 4.53165e+45 2.6529e+48 4.64348e+42 0 0 1
6.04296e-06 1.59761e+54 1.59761e+54 1.90929e+54 1.91366e+54 1.91506e+54 0 0 5.23307e+45 2.44643e+48 4.64348e+42 0 0 1
6.97831e-06 1.44113e+54 1.44113e+54 1.64405e+54 1.64731e+54 1.64818e+54 0 0 6.04305e+45 2.21932e+48 4.64348e+42 0 0 1
8.05842e-06 1.28128e+54 1.28128e+54 1.41232e+54 1.41474e+54 1.41528e+54 0 0 6.9784e+45 1.98904e+48 4.64348e+42 0 0 1
9.30572e-06 1.12626e+54 1.12626e+54 1.21032e+54 1.21212e+54 1.21245e+54 0 0 8.05853e+45 1.76674e+48 4.64348e+42 0 0 1
1.07461e-05 9.81025e+53 9.81025e+53 1.03464e+54 1.03597e+54 1.03617e+54 0 0 9.30583e+45 1.55893e+48 4.64348e+42 0 0 1
1.24094e-05 8.48176e+53 8.48176e+53 8.82199e+53 8.83181e+53 8.83307e+53 0 0 1.07462e+46 1.36884e+48 4.64348e+42 0 0 1
1.43301e-05 7.28756e+53 7.28756e+53 7.50253e+53 7.50976e+53 7.51053e+53 0 0 1.24095e+46 1.19759e+48 4.64348e+42 0 0 1
1.65482e-05 6.22801e+53 6.22801e+53 6.36329e+53 6.3686e+53 6.36906e+53 0 0 1.43302e+46 1.04496e+48 4.64348e+42 0 0 1
1.91095e-05 5.29737e+53 5.29737e+53 5.38219e+53 5.38608e+53 5.38636e+53 0 0 1.65483e+46 9.09987e+47 4.64348e+42 0 0 1
2.20673e-05 4.48654e+53 4.48654e+53 4.53953e+53 4.54237e+53 4.54254e+53 0 0 1.91096e+46 7.91288e+47 4.64348e+42 0 0 1
2.5483e-05 3.78479e+53 3.78479e+53 3.81778e+53 3.81985e+53 3.81995e+53 0 0 2.20674e+46 6.87329e+47 4.64348e+42 0 0 1
2.94273e-05 3.18088e+53 3.18088e+53 3.20135e+53 3.20285e+53 3.20291e+53 0 0 2.5483e+46 5.96551e+47 4.64348e+42 0 0 1
3.39821e-05 2.66376e+53 2.66376e+53 2.67642e+53 2.67751e+53 2.67755e+53 0 0 2.94272e+46 5.17457e+47 4.64348e+42 0 0 1
3.92419e-05 2.22296e+53 2.22296e+53 2.23077e+53 2.23155e+53 2.23157e+53 0 0 3.39819e+46 4.48654e+47 4.64348e+42 0 0 1
4.53158e-05 1.84879e+53 1.84879e+53 1.85359e+53 1.85416e+53 1.85417e+53 0 0 3.92416e+46 3.88874e+47 4.64348e+42 0 0 1
5.23299e-05 1.53244e+53 1.53244e+53 1.53538e+53 1.53579e+53 1.5358e+53 0 0 4.53153e+46 3.36978e+47 4.64348e+42 0 0 1
6.04296e-05 1.26602e+53 1.26602e+53 1.26781e+53 1.2681e+53 1.26811e+53 0 0 5.2329e+46 2.91957e+47 4.64348e+42 0 0 1
6.97831e-05 1.04247e+53 1.04247e+53 1.04356e+53 1.04377e+53 1.04377e+53 0 0 6.04283e+46 2.52918e+47 4.64348e+42 0 0 1
8.05842e-05 8.55589e+52 8.55589e+52 8.56251e+52 8.56398e+52 8.564e+52 0 0 6.97811e+46 2.19077e+47 4.64348e+42 0 0 1
9.30572e-05 6.99937e+52 6.99937e+52 7.00337e+52 7.00441e+52 7.00443e+52 0 0 8.05813e+46 1.89752e+47 4.64348e+42 0 0 1
0.000107461 5.70764e+52 5.70764e+52 5.71005e+52 5.71078e+52 5.71079e+52 0 0 9.30531e+46 1.64343e+47 4.64348e+42 0 0 1
0.000124094 4.63952e+52 4.63952e+52 4.64097e+52 4.64149e+52 4.64149e+52 0 0 1.07455e+47 1.4233e+47 4.64348e+42 0 0 1
0.000143301 3.75948e+52 3.75948e+52 3.76035e+52 3.76071e+52 3.76071e+52 0 0 1.24086e+47 1.23263e+47 4.64348e+42 0 0 1
0.000165482 3.03698e+52 3.03698e+52 3.0375e+52 3.03775e+52 3.03775e+52 0 0 1.4329e+47 1.06748e+47 4.64348e+42 0 0 1
0.000191095 2.4459e+52 2.4459e+52 2.44621e+52 2.44639e+52 2.44639e+52 0 0 1.65466e+47 9.2444e+46 4.64348e+42 0 0 1
0.000220673 1.96403e+52 1.96403e+52 1.96421e+52 1.96433e+52 1.96434e+52 0 0 1.91074e+47 8.00559e+46 4.64348e+42 0 0 1
0.00025483 1.57253e+52 1.57253e+52 1.57264e+52 1.57272e+52 1.57272e+52 0 0 2.20645e+47 6.93272e+46 4.64348e+42 0 0 1
0.000294273 1.25552e+52 1.25552e+52 1.25558e+52 1.25564e+52 1.25564e+52 0 0 2.54791e+47 6.0036e+46 4.64348e+42 0 0 1
0.000339821 9.99662e+51 9.99662e+51 9.99699e+51 9.9974e+51 9.9974e+51 0 0 2.9422e+47 5.19897e+46 4.64348e+42 0 0 1
0.000392419 7.93824e+51 7.93824e+51 7.93847e+51 7.93874e+51 7.93874e+51 0 0 3.3975e+47 4.50217e+46 4.64348e+42 0 0 1
0.000453158 6.28738e+51 6.28738e+51 6.28751e+51 6.28771e+51 6.28771e+51 0 0 3.92323e+47 3.89874e+46 4.64348e+42 0 0 1
0.000523299 4.96732e+51 4.96732e+51 4.9674e+51 4.96753e+51 4.96753e+51 0 0 4.53029e+47 3.37619e+46 4.64348e+42 0 0 1
0.000604296 3.91482e+51 3.91482e+51 3.91487e+51 3.91496e+51 3.91496e+51 0 0 5.23125e+47 2.92367e+46 4.64348e+42 0 0 1
0.000697831 3.078e+51 3.078e+51 3.07803e+51 3.07809e+51 3.07809e+51 0 0 6.04063e+47 2.5318e+46 4.64348e+42 0 0 1
0.000805842 2.41446e+51 2.41446e+51 2.41447e+51 2.41452e+51 2.41452e+51 0 0 6.97517e+47 2.19246e+46 4.64348e+42 0 0 1
0.000930572 1.88969e+51 1.88969e+51 1.8897e+51 1.88973e+51 1.88973e+51 0 0 8.05422e+47 1.89859e+46 4.64348e+42 0 0 1
0.00107461 1.47573e+51 1.47573e+51 1.47573e+51 1.47575e+51 1.47575e+51 0 0 9.30009e+47 1.64411e+46 4.64348e+42 0 0 1
0.00124094 1.14998e+51 1.14998e+51 1.14998e+51 1.14999e+51 1.14999e+51 0 0 1.07385e+48 1.42375e+46 4.64348e+42 0 0 1
0.00143301 8.94258e+50 8.94258e+50 8.9426e+50 8.94269e+50 8.94269e+50 0 0 1.23993e+48 1.23291e+46 4.64348e+42 0 0 1
0.00165482 6.93987e+50 6.93987e+50 6.93988e+50 6.93994e+50 6.93994e+50 0 0 1.43166e+48 1.06766e+46 4.64348e+42 0 0 1
0.00191095 5.37501e+50 5.37501e+50 5.37501e+50 5.37505e+50 5.37505e+50 0 0 1.65301e+48 9.24556e+45 4.64348e+42 0 0 1
0.00220673 4.15501e+50 4.15501e+50 4.15501e+50 4.15503e+50 4.15503e+50 0 0 1.90854e+48 8.00633e+45 4.64348e+42 0 0 1
0.0025483 3.20595e+50 3.20595e+50 3.20595e+50 3.20597e+50 3.20597e+50 0 0 2.20351e+48 6.93319e+45 4.64348e+42 0 0 1
0.00294273 2.46924e+50 2.46924e+50 2.46924e+50 2.46925e+50 2.46925e+50 0 0 2.54399e+48 6.0039e+45 4.64348e+42 0 0 1
0.00339821 1.89855e+50 1.89855e+50 1.89855e+50 1.89856e+50 1.89856e+50 0 0 2.93698e+48 5.19916e+45 4.64348e+42 0 0 1
0.00392419 1.45737e+50 1.45737e+50 1.45737e+50 1.45737e+50 1.45737e+50 0 0 3.39054e+48 4.50229e+45 4.64348e+42 0 0 1
0.00453158 1.11695e+50 1.11695e+50 1.11695e+50 1.11696e+50 1.11696e+50 0 0 3.91395e+48 3.89882e+45 4.64348e+42 0 0 1
0.00523299 8.54786e+49 8.54786e+49 8.54786e+49 8.54788e+49 8.54788e+49 0 0 4.51792e+48 3.37624e+45 4.64348e+42 0 0 1
0.00604296 6.53238e+49 6.53238e+49 6.53238e+49 6.5324e+49 6.5324e+49 0 0 5.21476e+48 2.9237e+45 4.64348e+42 0 0 1
0.00697831 4.98556e+49 4.98556e+49 4.98556e+49 4.98557e+49 4.98557e+49 0 0 6.01864e+48 2.53182e+45 4.64348e+42 0 0 1
0.00805842 3.80032e+49 3.80032e+49 3.80032e+49 3.80033e+49 3.80033e+49 0 0 6.94586e+48 2.19247e+45 4.64348e+42 0 0 1
0.00930572 2.8935e+49 2.8935e+49 2.8935e+49 2.89351e+49 2.89351e+49 0 0 8.01514e+48 1.8986e+45 4.64348e+42 0 0 1
0.0107461 2.20069e+49 2.20069e+49 2.20069e+49 2.20069e+49 2.20069e+49 0 0 9.24799e+48 1.64412e+45 4.64348e+42 0 0 1
0.0124094 1.67207e+49 1.67207e+49 1.67207e+49 1.67207e+49 1.67207e+49 0 0 1.06691e+49 1.42375e+45 4.64348e+42 0 0 1
0.0143301 1.26923e+49 1.26923e+49 1.26923e+49 1.26923e+49 1.26923e+49 0 0 1.23067e+49 1.23292e+45 4.64348e+42 0 0 1
0.0165482 9.62592e+48 9.62592e+48 9.62592e+48 9.62593e+48 9.62593e+48 0 0 1.41932e+49 1.06766e+45 4.64348e+42 0 0 1
0.0191095 7.29436e+48 7.29436e+48 7.29436e+48 7.29437e+48 7.29437e+48 0 0 1.63657e+49 9.24557e+44 4.64348e+42 0 0 1
0.0220673 5.52329e+48 5.52329e+48 5.52329e+48 5.52329e+48 5.52329e+48 0 0 1.88662e+49 8.00633e+44 4.64348e+42 0 0 1
0.025483 4.1792e+48 4.1792e+48 4.1792e+48 4.17921e+48 4.17921e+48 0 0 2.17431e+49 6.9332e+44 4.64348e+42 0 0 1
0.0294273 3.16006e+48 3.16006e+48 3.16006e+48 3.16006e+48 3.16006e+48 0 0 2.50508e+49 6.0039e+44 4.64348e+42 0 0 1
0.0339821 2.38793e+48 2.38793e+48 2.38793e+48 2.38793e+48 2.38793e+48 0 0 2.88514e+49 5.19916e+44 4.64348e+42 0 0 1
0.0392419 1.80338e+48 1.80338e+48 1.80338e+48 1.80339e+48 1.80339e+48 0 0 3.32148e+49 4.50229e+44 4.64348e+42 0 0 1
0.0453158 1.36118e+48 1.36118e+48 1.36118e+48 1.36118e+48 1.36118e+48 0 0 3.82198e+49 3.89882e+44 4.64348e+42 0 0 1
0.0523299 1.02688e+48 1.02688e+48 1.02688e+48 1.02688e+48 1.02688e+48 0 0 4.39546e+49 3.37624e+44 4.64348e+42 0 0 1
0.0604296 7.7432e+47 7.7432e+47 7.7432e+47 7.7432e+47 7.7432e+47 0 0 5.05174e+49 2.9237e+44 4.64348e+42 0 0 1
0.0697831 5.83622e+47 5.83622e+47 5.83622e+47 5.83622e+47 5.83622e+47 0 0 5.80169e+49 2.53182e+44 4.64348e+42 0 0 1
0.0805842 4.39717e+47 4.39717e+47 4.39717e+47 4.39717e+47 4.39717e+47 0 0 6.65723e+49 2.19247e+44 4.64348e+42 0 0 1
0.0930572 3.31177e+47 3.31177e+47 3.31177e+47 3.31177e+47 3.31177e+47 0 0 7.63128e+49 1.8986e+44 4.64348e+42 0 0 1
0.107461 2.49351e+47 2.49351e+47 2.49351e+47 2.49351e+47 2.49351e+47 0 0 8.73771e+49 1.64412e+44 4.64348e+42 0 0 1
0.124094 1.8769e+47 1.8769e+47 1.8769e+47 1.8769e+47 1.8769e+47 0 0 9.99108e+49 1.42375e+44 4.64348e+42 0 0 1
0.143301 1.41244e+47 1.41244e+47 1.41244e+47 1.41244e+47 1.41244e+47 0 0 1.14064e+50 1.23291e+44 4.64348e+42 0 0 1
0.165482 1.06271e+47 1.06271e+47 1.06271e+47 1.06271e+47 1.06271e+47 0 0 1.29984e+50 1.06766e+44 4.64348e+42 0 0 1
0.191095 7.99443e+46 7.99443e+46 7.99443e+46 7.99443e+46 7.99443e+46 0 0 1.47814e+50 9.24555e+43 4.64348e+42 0 0 1
0.220673 6.01325e+46 6.01325e+46 6.01325e+46 6.01325e+46 6.01325e+46 0 0 1.67674e+50 8.00631e+43 4.64348e+42 0 0 1
0.25483 4.52266e+46 4.52266e+46 4.52266e+46 4.52266e+46 4.52266e+46 0 0 1.89654e+50 6.93318e+43 4.64348e+42 0 0 1
0.294273 3.40139e+46 3.40139e+46 3.40139e+46 3.40139e+46 3.40139e+46 0 0 2.13794e+50 6.00388e+43 4.64348e+42 0 0 1
0.339821 2.55807e+46 2.55807e+46 2.55807e+46 2.55807e+46 2.55807e+46 0 0 2.40058e+50 5.19914e+43 4.64348e+42 0 0 1
0.392419 1.92388e+46 1.92388e+46 1.92388e+46 1.92388e+46 1.92388e+46 0 0 2.68304e+50 4.50227e+43 4.64348e+42 0 0 1
0.453158 1.44699e+46 1.44699e+46 1.44699e+46 1.44699e+46 1.44699e+46 0 0 2.98246e+50 3.8988e+43 4.64348e+42 0 0 1
0.523299 1.0884e+46 1.0884e+46 1.0884e+46 1.0884e+46 1.0884e+46 0 0 3.29412e+50 3.37622e+43 4.64348e+42 0 0 1
0.604296 8.18777e+45 8.18777e+45 8.18777e+45 8.18777e+45 8.18777e+45 0 0 3.61094e+50 2.92368e+43 4.64348e+42 0 0 1
0.697831 6.16038e+45 6.16038e+45 6.16038e+45 6.16038e+45 6.16038e+45 0 0 3.92293e+50 2.5318e+43 4.64348e+42 0 0 1
0.805842 4.63582e+45 4.63582e+45 4.63582e+45 4.63582e+45 4.63582e+45 0 0 4.21681e+50 2.19245e+43 4.64348e+42 0 0 1
0.930572 3.48928e+45 3.48928e+45 3.48928e+45 3.48928e+45 3.48928e+45 0 0 4.47573e+50 1.89858e+43 4.64348e+42 0 0 1
1.07461 2.62692e+45 2.62692e+45 2.62692e+45 2.62692e+45 2.62692e+45 0 0 4.67935e+50 1.6441e+43 4.64348e+42 0 0 1
1.24094 1.97819e+45 1.97819e+45 1.97819e+45 1.97819e+45 1.97819e+45 0 0 4.80461e+50 1.42373e+43 4.64348e+42 0 0 1
1.43301 1.49008e+45 1.49008e+45 1.49008e+45 1.49008e+45 1.49008e+45 0 0 4.82747e+50 1.23289e+43 4.64348e+42 0 0 1
1.65482 1.12275e+45 1.12275e+45 1.12275e+45 1.12275e+45 1.12275e+45 0 0 4.72575e+50 1.06764e+43 4.64348e+42 0 0 1
1.91095 8.46233e+44 8.46233e+44 8.46233e+44 8.46233e+44 8.46233e+44 0 0 4.48352e+50 9.24535e+42 4.64348e+42 0 0 1
2.20673 6.38029e+44 6.38029e+44 6.38029e+44 6.38029e+44 6.38029e+44 0 0 4.09642e+50 8.00611e+42 4.64348e+42 0 0 1
2.5483 4.81214e+44 4.81214e+44 4.81214e+44 4.81214e+44 4.81214e+44 0 0 3.57707e+50 6.93298e+42 4.64348e+42 0 0 1
2.94273 3.63065e+44 3.63065e+44 3.63065e+44 3.63065e+44 3.63065e+44 0 0 2.95861e+50 6.00368e+42 4.64348e+42 0 0 1
3.39821 2.7402e+44 2.7402e+44 2.7402e+44 2.7402e+44 2.7402e+44 0 0 2.29359e+50 5.19894e+42 4.64348e+42 0 0 1
3.92419 2.06885e+44 2.06885e+44 2.06885e+44 2.06885e+44 2.06885e+44 0 0 1.64638e+50 4.50207e+42 4.64348e+42 0 0 1
4.53158 1.56251e+44 1.56251e+44 1.56251e+44 1.56251e+44 1.56251e+44 0 0 1.07916e+50 3.8986e+42 4.64348e+42 0 0 1
5.23299 1.18048e+44 1.18048e+44 1.18048e+44 1.18048e+44 1.18048e+44 0 0 6.35815e+49 3.37602e+42 4.64348e+42 0 0 1
6.04296 8.92147e+43 8.92147e+43 8.92147e+43 8.92147e+43 8.92147e+43 0 0 3.30759e+49 2.92349e+42 4.64348e+42 0 0 1
6.97831 6.7444e+43 6.7444e+43 6.7444e+43 6.7444e+43 6.7444e+43 0 0 1.48889e+49 2.5316e+42 4.64348e+42 0 0 1
8.05842 5.10002e+43 5.10002e+43 5.10002e+43 5.10002e+43 5.10002e+43 0 0 5.6678e+48 2.19225e+42 4.64348e+42 0 0 1
9.30572 3.85754e+43 3.85754e+43 3.85754e+43 3.85754e+43 3.85754e+43 0 0 1.77736e+48 1.89838e+42 4.64348e+42 0 0 1
10.7461 2.91842e+43 2.91842e+43 2.91842e+43 2.91842e+43 2.91842e+43 0 0 4.45515e+47 1.6439e+42 4.64348e+42 0 0 1
12.4094 2.20834e+43 2.20834e+43 2.20834e+43 2.20834e+43 2.20834e+43 0 0 8.62178e+46 1.42353e+42 4.64348e+42 0 0 1
14.3301 1.67128e+43 1.67128e+43 1.67128e+43 1.67128e+43 1.67128e+43 0 0 1.23761e+46 1.2327e+42 4.64348e+42 0 0 1
16.5482 1.26496e+43 1.26496e+43 1.26496e+43 1.26496e+43 1.26496e+43 0 0 1.25818e+45 1.06744e+42 4.64348e+42 0 0 1
19.1095 9.57485e+42 9.57485e+42 9.57485e+42 9.57485e+42 9.57485e+42 0 0 8.58769e+43 9.24337e+41 4.64348e+42 0 0 1
22.0673 7.24748e+42 7.24748e+42 7.24748e+42 7.24748e+42 7.24748e+42 0 0 3.70006e+42 8.00413e+41 4.64348e+42 0 0 1
25.483 5.4855e+42 5.4855e+42 5.4855e+42 5.4855e+42 5.4855e+42 0 0 9.37156e+40 6.931e+41 4.64348e+42 0 0 1
29.4273 4.15139e+42 4.15139e+42 4.15139e+42 4.15139e+42 4.15139e+42 0 0 1.28521e+39 6.0017e+41 4.64348e+42 0 0 1
33.9821 3.14114e+42 3.14114e+42 3.14114e+42 3.14114e+42 3.14114e+42 0 0 8.67872e+36 5.19696e+41 4.64348e+42 0 0 1
39.2419 2.37612e+42 2.37612e+42 2.37612e+42 2.37612e+42 2.37612e+42 0 0 2.58602e+34 4.50009e+41 4.64348e+42 0 0 1
45.3158 1.79682e+42 1.79682e+42 1.79682e+42 1.79682e+42 1.79682e+42 0 0 2.99577e+31 3.89662e+41 4.64348e+42 0 0 1
52.3299 1.35819e+42 1.35819e+42 1.35819e+42 1.35819e+42 1.35819e+42 0 0 1.16567e+28 3.37404e+41 4.64348e+42 0 0 1
60.4296 1.02615e+42 1.02615e+42 1.02615e+42 1.02615e+42 1.02615e+42 0 0 1.28678e+24 2.92151e+41 4.64348e+42 0 0 1
69.7831 7.74855e+41 7.74855e+41 7.74855e+41 7.74855e+41 7.74855e+41 0 0 3.31587e+19 2.52962e+41 4.64348e+42 0 0 1
80.5842 5.84734e+41 5.84734e+41 5.84734e+41 5.84734e+41 5.84734e+41 0 0 1.59245e+14 2.19027e+41 4.64348e+42 0 0 1
93.0572 4.40957e+41 4.40957e+41 4.40957e+41 4.40957e+41 4.40957e+41 0 0 1.09893e+08 1.8964e+41 4.64348e+42 0 0 1
107.461 3.32282e+41 3.32282e+41 3.32282e+41 3.32282e+41 3.32282e+41 0 0 8.07053 1.64192e+41 4.64348e+42 0 0 1
124.094 2.50189e+41 2.50189e+41 2.50189e+41 2.50189e+41 2.50189e+41 0 0 4.45924e-08 1.42155e+41 4.64348e+42 0 0 1
143.301 1.88216e+41 1.88216e+41 1.88216e+41 1.88216e+41 1.88216e+41 0 0 1.24205e-17 1.23072e+41 4.64348e+42 0 0 1
165.482 1.41467e+41 1.41467e+41 1.41467e+41 1.41467e+41 1.41467e+41 0 0 1.09826e-28 1.06546e+41 4.64348e+42 0 0 1
191.095 1.0623e+41 1.0623e+41 1.0623e+41 1.0623e+41 1.0623e+41 0 0 1.8074e-41 9.22358e+40 4.64348e+42 0 0 1
220.673 7.96939e+40 7.96939e+40 7.96939e+40 7.96939e+40 7.96939e+40 0 0 2.98797e-56 7.98435e+40 4.64348e+42 0 0 1
254.83 5.9728e+40 5.9728e+40 5.97281e+40 5.97281e+40 5.97281e+40 0 0 2.43452e-73 6.91122e+40 4.64348e+42 0 0 1
294.273 4.472e+40 4.472e+40 4.472e+40 4.472e+40 4.472e+40 0 0 4.29574e-93 5.98193e+40 4.64348e+42 0 0 1
339.821 3.34498e+40 3.34498e+40 3.34498e+40 3.34498e+40 3.34498e+40 0 0 6.35109e-116 5.1772e+40 4.64348e+42 0 0 1
392.419 2.4995e+40 2.4995e+40 2.4995e+40 2.4995e+40 2.4995e+40 0 0 2.6279e-142 4.48034e+40 4.64348e+42 0 0 1
453.158 1.86589e+40 1.86589e+40 1.86589e+40 1.86589e+40 1.86589e+40 0 0 8.57773e-173 3.87688e+40 4.64348e+42 0 0 1
523.299 1.39154e+40 1.39154e+40 1.39154e+40 1.39154e+40 1.39154e+40 0 0 5.11762e-208 3.3543e+40 4.64348e+42 0 0 1
604.296 1.03679e+40 1.03679e+40 1.03679e+40 1.03679e+40 1.03679e+40 0 0 1.03116e-248 2.90178e+40 4.64348e+42 0 0 1
697.831 7.71757e+39 7.71757e+39 7.71758e+39 7.71758e+39 7.71758e+39 0 0 0 2.50991e+40 4.64348e+42 0 0 1
805.842 5.73951e+39 5.73951e+39 5.73952e+39 5.73952e+39 5.73952e+39 0 0 0 2.17057e+40 4.64348e+42 0 0 1
930.572 4.26468e+39 4.26468e+39 4.26468e+39 4.26468e+39 4.26468e+39 0 0 0 1.87672e+40 4.64348e+42 0 0 1
1074.61 3.16611e+39 3.16611e+39 3.16612e+39 3.16612e+39 3.16612e+39 0 0 0 1.62226e+40 4.64348e+42 0 0 1
1240.94 2.34861e+39 2.34861e+39 2.34861e+39 2.34861e+39 2.34861e+39 0 0 0 1.40191e+40 4.64348e+42 0 0 1
1433.01 1.74081e+39 1.74081e+39 1.74081e+39 1.74081e+39 1.74081e+39 0 0 0 1.2111e+40 4.64348e+42 0 0 1
1654.82 1.28934e+39 1.28934e+39 1.28934e+39 1.28934e+39 1.28934e+39 0 0 0 1.04588e+40 4.64348e+42 0 0 1
1910.95 9.54271e+38 9.54271e+38 9.54273e+38 9.54273e+38 9.54273e+38 0 0 0 9.02807e+39 4.64348e+42 0 0 1
2206.73 7.05803e+38 7.05803e+38 7.05804e+38 7.05804e+38 7.05804e+38 0 0 0 7.78923e+39 4.64348e+42 0 0 1
2548.3 5.21697e+38 5.21697e+38 5.21699e+38 5.21699e+38 5.21699e+38 0 0 0 6.71656e+39 4.64348e+42 0 0 1
2942.73 3.85386e+38 3.85386e+38 3.85388e+38 3.85388e+38 3.85388e+38 0 0 0 5.78779e+39 4.64348e+42 0 0 1
3398.21 2.84534e+38 2.84534e+38 2.84536e+38 2.84536e+38 2.84536e+38 0 0 0 4.98366e+39 4.64348e+42 0 0 1
3924.19 2.09968e+38 2.09968e+38 2.09969e+38 2.09969e+38 2.09969e+38 0 0 0 4.28749e+39 4.64348e+42 0 0 1
4531.58 1.54873e+38 1.54873e+38 1.54874e+38 1.54874e+38 1.54874e+38 0 0 0 3.68482e+39 4.64348e+42 0 0 1
5232.99 1.14188e+38 1.14188e+38 1.14189e+38 1.14189e+38 1.14189e+38 0 0 0 3.16317e+39 4.64348e+42 0 0 1
6042.96 8.41623e+37 8.41623e+37 8.41629e+37 8.41629e+37 8.41629e+37 0 0 0 2.71169e+39 4.64348e+42 0 0 1
6978.31 6.20136e+37 6.20136e+37 6.20141e+37 6.20141e+37 6.20141e+37 0 0 0 2.32102e+39 4.64348e+42 0 0 1
8058.42 4.56832e+37 4.56832e+37 4.56836e+37 4.56836e+37 4.56836e+37 0 0 0 1.98306e+39 4.64348e+42 0 0 1
9305.72 3.36477e+37 3.36477e+37 3.3648e+37 3.3648e+37 3.3648e+37 0 0 0 1.69078e+39 4.64348e+42 0 0 1
10746.1 2.47806e+37 2.47806e+37 2.47809e+37 2.47809e+37 2.47809e+37 0 0 0 1.43812e+39 4.64348e+42 0 0 1
12409.4 1.82498e+37 1.82498e+37 1.825e+37 1.825e+37 1.825e+37 0 0 0 1.21982e+39 4.64348e+42 0 0 1
14330.1 1.34408e+37 1.34408e+37 1.3441e+37 1.3441e+37 1.3441e+37 0 0 0 1.03135e+39 4.64348e+42 0 0 1
16548.2 9.90039e+36 9.90039e+36 9.90057e+36 9.90057e+36 9.90057e+36 0 0 0 8.68772e+38 4.64348e+42 0 0 1
19109.5 7.2941e+36 7.2941e+36 7.29425e+36 7.29425e+36 7.29425e+36 0 0 0 7.287e+38 4.64348e+42 0 0 1
22067.3 5.37552e+36 5.37552e+36 5.37565e+36 5.37565e+36 5.37565e+36 0 0 0 6.08201e+38 4.64348e+42 0 0 1
25483 3.96311e+36 3.96311e+36 3.96321e+36 3.96321e+36 3.96321e+36 0 0 0 5.04741e+38 4.64348e+42 0 0 1
29427.3 2.92316e+36 2.92316e+36 2.92325e+36 2.92325e+36 2.92325e+36 0 0 0 4.16132e+38 4.64348e+42 0 0 1
33982.1 2.15728e+36 2.15728e+36 2.15735e+36 2.15735e+36 2.15735e+36 0 0 0 3.40479e+38 4.64348e+42 0 0 1
39241.9 1.59306e+36 1.59306e+36 1.59312e+36 1.59312e+36 1.59312e+36 0 0 0 2.76144e+38 4.64348e+42 0 0 1
45315.8 1.17722e+36 1.17722e+36 1.17727e+36 1.17727e+36 1.17727e+36 0 0 0 2.21706e+38 4.64348e+42 0 0 1
52329.9 8.70595e+35 8.70595e+35 8.70634e+35 8.70634e+35 8.70634e+35 0 0 0 1.75927e+38 4.64348e+42 0 0 1
60429.6 6.44363e+35 6.44363e+35 6.44394e+35 6.44394e+35 6.44394e+35 0 0 0 1.37726e+38 4.64348e+42 0 0 1
69783.1 4.77333e+35 4.77333e+35 4.77358e+35 4.77358e+35 4.77358e+35 0 0 0 1.06149e+38 4.64348e+42 0 0 1
80584.2 3.53919e+35 3.53919e+35 3.53939e+35 3.53939e+35 3.53939e+35 0 0 0 8.03504e+37 4.64348e+42 0 0 1
93057.2 2.62657e+35 2.62657e+35 2.62673e+35 2.62673e+35 2.62673e+35 0 0 0 5.95683e+37 4.64348e+42 0 0 1
107461 1.95111e+35 1.95111e+35 1.95124e+35 1.95124e+35 1.95124e+35 0 0 0 4.31121e+37 4.64348e+42 0 0 1
124094 1.45072e+35 1.45072e+35 1.45082e+35 1.45082e+35 1.45082e+35 0 0 0 3.03476e+37 4.64348e+42 0 0 1
143301 1.07966e+35 1.07966e+35 1.07974e+35 1.07974e+35 1.07974e+35 0 0 0 2.06883e+37 4.64348e+42 0 0 1
165482 8.04241e+34 8.04241e+34 8.04305e+34 8.04305e+34 8.04305e+34 0 0 0 1.35907e+37 4.64348e+42 0 0 1
191095 5.99612e+34 5.99612e+34 5.99662e+34 5.99662e+34 5.99662e+34 0 0 0 8.55443e+36 4.64348e+42 0 0 1
220673 4.47429e+34 4.47429e+34 4.47467e+34 4.47467e+34 4.47467e+34 0 0 0 5.12501e+36 4.64348e+42 0 0 1
254830 3.3414e+34 3.3414e+34 3.3417e+34 3.3417e+34 3.3417e+34 0 0 0 2.90024e+36 4.64348e+42 0 0 1
294273 2.49727e+34 2.49727e+34 2.4975e+34 2.4975e+34 2.4975e+34 0 0 0 1.53666e+36 4.64348e+42 0 0 1
339821 1.86773e+34 1.86773e+34 1.8679e+34 1.8679e+34 1.8679e+34 0 0 0 7.54567e+35 4.64348e+42 0 0 1
392419 1.39781e+34 1.39781e+34 1.39794e+34 1.39794e+34 1.39794e+34 0 0 0 3.39378e+35 4.64348e+42 0 0 1
453158 1.04675e+34 1.04675e+34 1.04685e+34 1.04685e+34 1.04685e+34 0 0 0 1.37921e+35 4.64348e+42 0 0 1
523299 7.84289e+33 7.84289e+33 7.84363e+33 7.84363e+33 7.84363e+33 2.74947e+26 6.82148e+30 0 4.98571e+34 4.64348e+42 0 0 1
604296 5.87916e+33 5.87916e+33 5.8797e+33 5.8797e+33 5.8797e+33 4.23541e+26 6.85093e+30 0 1.57434e+34 4.64348e+42 0 0 1
697831 4.40889e+33 4.40889e+33 4.4093e+33 4.4093e+33 4.4093e+33 5.72134e+26 6.88038e+30 0 4.25259e+33 4.64348e+42 0 0 1
805842 3.30739e+33 3.30739e+33 3.30769e+33 3.30769e+33 3.30769e+33 7.20728e+26 6.90983e+30 0 9.59178e+32 4.64348e+42 0 0 1
930572 2.4817e+33 2.4817e+33 2.48192e+33 2.48192e+33 2.48192e+33 8.69321e+26 6.93928e+30 0 1.75676e+32 4.64348e+42 0 0 1
1.07461e+06 1.86245e+33 1.86245e+33 1.86261e+33 1.86261e+33 1.86261e+33 1.10082e+27 6.97317e+30 0 2.52987e+31 4.64348e+42 0 0 1
1.24094e+06 1.39784e+33 1.39784e+33 1.39796e+33 1.39796e+33 1.39796e+33 1.47692e+27 6.98242e+30 0 2.75988e+30 4.64348e+42 0 0 1
1.43301e+06 1.04914e+33 1.04914e+33 1.04923e+33 1.04923e+33 1.04923e+33 1.97215e+27 6.99425e+30 0 2.18485e+29 4.64348e+42 0 0 1
1.65482e+06 7.87375e+32 7.87375e+32 7.87437e+32 7.87437e+32 7.87437e+32 2.62663e+27 7.00951e+30 0 1.19438e+28 4.64348e+42 0 0 1
1.91095e+06 5.90841e+32 5.90841e+32 5.90885e+32 5.90885e+32 5.90885e+32 3.5618e+27 7.03068e+30 0 4.25752e+26 4.64348e+42 0 0 1
2.20673e+06 4.43277e+32 4.43277e+32 4.43309e+32 4.43309e+32 4.43309e+32 4.7613e+27 7.05816e+30 0 9.26239e+24 4.64348e+42 0 0 1
2.5483e+06 3.32487e+32 3.32487e+32 3.32509e+32 3.32509e+32 3.32509e+32 6.33675e+27 7.09425e+30 0 1.13933e+23 4.64348e+42 0 0 1
2.94273e+06 2.49316e+32 2.49316e+32 2.49332e+32 2.49332e+32 2.49332e+32 8.4268e+27 7.14162e+30 0 7.2544e+20 4.64348e+42 0 0 1
3.39821e+06 1.86893e+32 1.86893e+32 1.86905e+32 1.86905e+32 1.86905e+32 1.14382e+28 7.2077e+30 0 2.15933e+18 4.64348e+42 0 0 1
3.92419e+06 1.40055e+32 1.40055e+32 1.40063e+32 1.40063e+32 1.40063e+32 1.53681e+28 7.29345e+30 0 2.67109e+15 4.64348e+42 0 0 1
4.53158e+06 1.04922e+32 1.04922e+32 1.04928e+32 1.04928e+32 1.04928e+32 2.06654e+28 7.40404e+30 0 1.19862e+12 4.64348e+42 0 0 1
5.23299e+06 7.85799e+31 7.85799e+31 7.85839e+31 7.85839e+31 7.85839e+31 2.77319e+28 7.54387e+30 0 1.66777e+08 4.64348e+42 0 0 1
6.04296e+06 5.88384e+31 5.88384e+31 5.88412e+31 5.88412e+31 5.88412e+31 3.77232e+28 7.72929e+30 0 6002.62 4.64348e+42 0 0 1
6.97831e+06 4.40509e+31 4.40509e+31 4.40529e+31 4.40529e+31 4.40529e+31 5.06404e+28 7.94789e+30 0 0.0453314 4.64348e+42 0 0 1
8.05842e+06 3.29815e+31 3.29815e+31 3.29829e+31 3.29829e+31 3.29829e+31 6.74812e+28 8.20616e+30 0 5.64088e-08 4.64348e+42 0 0 1
9.30572e+06 2.47025e+31 2.47025e+31 2.47034e+31 2.47034e+31 2.47034e+31 8.95984e+28 8.49877e+30 0 8.74927e-15 4.64348e+42 0 0 1
1.07461e+07 1.85186e+31 1.85186e+31 1.85193e+31 1.85193e+31 1.85193e+31 1.19289e+29 8.84933e+30 0 1.22547e-22 4.64348e+42 0 0 1
1.24094e+07 1.39054e+31 1.39054e+31 1.39059e+31 1.39059e+31 1.39059e+31 1.55504e+29 9.19377e+30 0 1.06831e-31 4.64348e+42 0 0 1
1.43301e+07 1.04712e+31 1.04712e+31 1.04715e+31 1.04715e+31 1.04715e+31 1.99049e+29 9.53026e+30 0 3.77142e-42 4.64348e+42 0 0 1
1.65482e+07 7.92166e+30 7.92166e+30 7.9219e+30 7.9219e+30 7.9219e+30 2.50205e+29 9.84266e+30 0 3.28226e-54 4.64348e+42 0 0 1
1.91095e+07 6.03842e+30 6.03842e+30 6.03859e+30 6.03859e+30 6.03859e+30 3.11145e+29 1.0112e+31 0 3.97002e-68 4.64348e+42 0 0 1
2.20673e+07 4.65025e+30 4.65025e+30 4.65037e+30 4.65037e+30 4.65037e+30 3.75953e+29 1.03443e+31 0 3.44292e-84 4.64348e+42 0 0 1
2.5483e+07 3.63453e+30 3.63453e+30 3.63462e+30 3.63462e+30 3.63462e+30 4.45791e+29 1.05073e+31 0 9.96888e-103 4.64348e+42 0 0 1
2.94273e+07 2.89316e+30 2.89316e+30 2.89323e+30 2.89323e+30 2.89323e+30 5.15227e+29 1.05093e+31 0 3.98701e-124 4.64348e+42 0 0 1
3.39821e+07 2.35527e+30 2.35527e+30 2.35533e+30 2.35533e+30 2.35533e+30 5.82719e+29 1.03216e+31 0 7.94873e-149 4.64348e+42 0 0 1
3.92419e+07 1.96094e+30 1.96094e+30 1.96098e+30 1.96098e+30 1.96098e+30 6.40235e+29 9.93907e+30 0 2.43474e-177 4.64348e+42 0 0 1
4.53158e+07 1.67371e+30 1.67371e+30 1.67374e+30 1.67374e+30 1.67374e+30 6.90137e+29 9.42901e+30 0 2.94341e-210 4.64348e+42 0 0 1
5.23299e+07 1.46157e+30 1.46157e+30 1.4616e+30 1.4616e+30 1.4616e+30 7.29438e+29 8.8409e+30 0 2.92329e-248 4.64348e+42 0 0 1
6.04296e+07 1.29666e+30 1.29666e+30 1.29669e+30 1.29669e+30 1.29669e+30 7.51995e+29 8.11679e+30 0 0 4.64348e+42 0 0 1
6.97831e+07 1.16104e+30 1.16104e+30 1.16106e+30 1.16106e+30 1.16106e+30 7.56068e+29 7.27287e+30 0 0 4.64348e+42 0 0 1
8.05842e+07 1.04418e+30 1.04418e+30 1.0442e+30 1.0442e+30 1.0442e+30 7.4327e+29 6.32316e+30 0 0 4.64348e+42 0 0 1
9.30572e+07 9.37499e+29 9.37499e+29 9.37517e+29 9.37517e+29 9.37517e+29 7.1406e+29 5.30089e+30 0 0 4.64348e+42 0 0 1
1.07461e+08 8.34282e+29 8.34282e+29 8.34298e+29 8.34298e+29 8.34298e+29 6.68495e+29 4.26398e+30 0 0 4.64348e+42 7.53459 0 1
1.24094e+08 7.38373e+29 7.38373e+29 7.38387e+29 7.38387e+29 7.38387e+29 6.15462e+29 3.37511e+30 0 0 4.64348e+42 6.61926 0 1
1.43301e+08 6.45674e+29 6.45674e+29 6.45687e+29 6.45687e+29 6.45687e+29 5.5463e+29 2.62421e+30 0 0 4.64348e+42 5.81513 0 1
1.65482e+08 5.55417e+29 5.55417e+29 5.55428e+29 5.55428e+29 5.55428e+29 4.8804e+29 2.0079e+30 0 0 4.64348e+42 5.10869 0 1
1.91095e+08 4.64665e+29 4.64665e+29 4.64674e+29 4.64674e+29 4.64674e+29 4.14847e+29 1.49702e+30 0 0 4.64348e+42 4.48807 0 1
2.20673e+08 3.84362e+29 3.84362e+29 3.8437e+29 3.8437e+29 3.8437e+29 3.47558e+29 1.12197e+30 0 0 4.64348e+42 3.94284 0 1
2.5483e+08 3.12448e+29 3.12448e+29 3.12454e+29 3.12454e+29 3.12454e+29 2.85277e+29 8.31411e+29 0 0 4.64348e+42 3.46385 0 1
2.94273e+08 2.4941e+29 2.4941e+29 2.49415e+29 2.49415e+29 2.49415e+29 2.2936e+29 6.093e+29 0 0 4.64348e+42 3.04305 0 1
3.39821e+08 1.93551e+29 1.93551e+29 1.93555e+29 1.93555e+29 1.93555e+29 1.78762e+29 4.38604e+29 0 0 4.64348e+42 2.79132 0 1
3.92419e+08 1.49743e+29 1.49743e+29 1.49746e+29 1.49746e+29 1.49746e+29 1.38837e+29 3.20885e+29 0 0 4.64348e+42 2.67337 0 1
4.53158e+08 1.14234e+29 1.14234e+29 1.14237e+29 1.14237e+29 1.14237e+29 1.06194e+29 2.33684e+29 0 0 4.64348e+42 2.56041 0 1
5.23299e+08 8.57572e+28 8.57572e+28 8.5759e+28 8.5759e+28 8.5759e+28 7.98314e+28 1.69472e+29 0 0 4.64348e+42 2.45222 0 1
6.04296e+08 6.35803e+28 6.35803e+28 6.35817e+28 6.35817e+28 6.35817e+28 5.92157e+28 1.21608e+29 0 0 4.64348e+42 2.3486 0 1
6.97831e+08 4.77062e+28 4.77062e+28 4.77073e+28 4.77073e+28 4.77073e+28 4.44942e+28 8.90631e+28 0 0 4.64348e+42 2.24936 0 1
8.05842e+08 3.55937e+28 3.55937e+28 3.55945e+28 3.55945e+28 3.55945e+28 3.32322e+28 6.51194e+28 0 0 4.64348e+42 2.15432 0 1
9.30572e+08 2.63761e+28 2.63761e+28 2.63767e+28 2.63767e+28 2.63767e+28 2.46418e+28 4.74988e+28 0 0 4.64348e+42 2.06329 0 1
1.07461e+09 1.93006e+28 1.93006e+28 1.93011e+28 1.93011e+28 1.93011e+28 1.80283e+28 3.41559e+28 0 0 4.64348e+42 2.07072 0 1
1.24094e+09 1.44228e+28 1.44228e+28 1.44232e+28 1.44232e+28 1.44232e+28 1.34903e+28 2.51301e+28 0 0 4.64348e+42 2.17769 0 1
1.43301e+09 1.07925e+28 1.07925e+28 1.07928e+28 1.07928e+28 1.07928e+28 1.01097e+28 1.844e+28 0 0 4.64348e+42 2.29019 0 1
1.65482e+09 8.05111e+27 8.05111e+27 8.05132e+27 8.05132e+27 8.05132e+27 7.55162e+27 1.34901e+28 0 0 4.64348e+42 2.4085 0 1
1.91095e+09 5.93583e+27 5.93583e+27 5.93599e+27 5.93599e+27 5.93599e+27 5.57083e+27 9.70719e+27 0 0 4.64348e+42 2.53292 0 1
2.20673e+09 4.46376e+27 4.46376e+27 4.46388e+27 4.46388e+27 4.46388e+27 4.19734e+27 7.15763e+27 0 0 4.64348e+42 2.66377 0 1
2.5483e+09 3.34732e+27 3.34732e+27 3.34741e+27 3.34741e+27 3.34741e+27 3.1531e+27 5.26302e+27 0 0 4.64348e+42 2.80138 0 1
2.94273e+09 2.49881e+27 2.49881e+27 2.49888e+27 2.49888e+27 2.49888e+27 2.35741e+27 3.85757e+27 0 0 4.64348e+42 2.9461 0 1
3.39821e+09 1.83383e+27 1.83383e+27 1.83388e+27 1.83388e+27 1.83388e+27 1.73102e+27 2.78108e+27 0 0 4.64348e+42 3.09829 0 1
3.92419e+09 1.37494e+27 1.37494e+27 1.37498e+27 1.37498e+27 1.37498e+27 1.30031e+27 2.05209e+27 0 0 4.64348e+42 3.25834 0 1
4.53158e+09 1.02765e+27 1.02765e+27 1.02768e+27 1.02768e+27 1.02768e+27 9.73552e+26 1.50877e+27 0 0 4.64348e+42 3.42667 0 1
5.23299e+09 7.65526e+26 7.65526e+26 7.65549e+26 7.65549e+26 7.65549e+26 7.2637e+26 1.10479e+27 0 0 4.64348e+42 3.60369 0 1
6.04296e+09 5.5942e+26 5.5942e+26 5.59437e+26 5.59437e+26 5.59437e+26 5.31129e+26 7.96364e+26 0 0 4.64348e+42 3.78985 0 1
6.97831e+09 4.18615e+26 4.18615e+26 4.18628e+26 4.18628e+26 4.18628e+26 3.98212e+26 5.86969e+26 0 0 4.64348e+42 3.98563 0 1
8.05842e+09 3.12257e+26 3.12257e+26 3.12266e+26 3.12266e+26 3.12266e+26 2.9757e+26 4.31444e+26 0 0 4.64348e+42 4.19152 0 1
9.30572e+09 2.31507e+26 2.31507e+26 2.31515e+26 2.31515e+26 2.31515e+26 2.20959e+26 3.1624e+26 0 0 4.64348e+42 4.40806 0 1
1.07461e+10 1.68757e+26 1.68757e+26 1.68763e+26 1.68763e+26 1.68763e+26 1.61199e+26 2.28665e+26 0 0 4.64348e+42 4.94592 0 1
1.24094e+10 1.25315e+26 1.25315e+26 1.25319e+26 1.25319e+26 1.25319e+26 1.19913e+26 1.69096e+26 0 0 4.64348e+42 5.92069 0 1
1.43301e+10 9.25076e+25 9.25076e+25 9.25107e+25 9.25107e+25 9.25107e+25 8.86578e+25 1.24731e+26 0 0 4.64348e+42 7.08756 0 1
1.65482e+10 6.80806e+25 6.80806e+25 6.80829e+25 6.80829e+25 6.80829e+25 6.53452e+25 9.17233e+25 0 0 4.64348e+42 8.48442 0 1
1.91095e+10 4.91956e+25 4.91956e+25 4.91973e+25 4.91973e+25 4.91973e+25 4.72587e+25 6.63266e+25 0 0 4.64348e+42 10.1566 0 1
2.20673e+10 3.63333e+25 3.63333e+25 3.63346e+25 3.63346e+25 3.63346e+25 3.4967e+25 4.90774e+25 0 0 4.64348e+42 12.1583 34.7254 1
2.5483e+10 2.67445e+25 2.67445e+25 2.67454e+25 2.67454e+25 2.67454e+25 2.5785e+25 3.61933e+25 0 0 4.64348e+42 14.5545 22.9578 1
2.94273e+10 1.96276e+25 1.96276e+25 1.96283e+25 1.96283e+25 1.96283e+25 1.89577e+25 2.65983e+25 0 0 4.64348e+42 17.423 15.5417 1
3.39821e+10 1.41394e+25 1.41394e+25 1.41399e+25 1.41399e+25 1.41399e+25 1.36762e+25 1.91905e+25 0 0 4.64348e+42 20.8568 10.7604 1
3.92419e+10 1.04481e+25 1.04481e+25 1.04485e+25 1.04485e+25 1.04485e+25 1.0134e+25 1.41995e+25 0 0 4.64348e+42 24.9673 7.61059 1
4.53158e+10 7.69685e+24 7.69685e+24 7.69715e+24 7.69715e+24 7.69715e+24 7.49249e+24 1.04802e+25 0 0 4.64348e+42 29.888 5.49245 1
5.23299e+10 5.65145e+24 5.65145e+24 5.65167e+24 5.65167e+24 5.65167e+24 5.53029e+24 7.71299e+24 0 0 4.64348e+42 35.7785 4.04008 1
6.04296e+10 4.07149e+24 4.07149e+24 4.07166e+24 4.07166e+24 4.07166e+24 4.01407e+24 5.57195e+24 0 0 4.64348e+42 42.8299 3.02568 1
6.97831e+10 2.99723e+24 2.99723e+24 2.99737e+24 2.99737e+24 2.99737e+24 2.99003e+24 4.13212e+24 0 0 4.64348e+42 51.271 2.3047 1
8.05842e+10 2.19071e+24 2.19071e+24 2.19082e+24 2.19082e+24 2.19082e+24 2.22113e+24 3.05692e+24 0 0 4.64348e+42 61.3758 1.78376 1
9.30572e+10 1.58907e+24 1.58907e+24 1.58917e+24 1.58917e+24 1.58917e+24 1.64531e+24 2.25479e+24 0 0 4.64348e+42 73.472 1.40144 1
1.07461e+11 1.1259e+24 1.1259e+24 1.12598e+24 1.12598e+24 1.12598e+24 1.19561e+24 1.63085e+24 0 0 4.64348e+42 87.9523 1.11671 1
1.24094e+11 8.13807e+23 8.13807e+23 8.13869e+23 8.13869e+23 8.13869e+23 8.90049e+23 1.21062e+24 0 0 4.64348e+42 105.286 0.901709 1
1.43301e+11 5.84736e+23 5.84736e+23 5.84787e+23 5.84787e+23 5.84787e+23 6.60234e+23 8.96041e+23 0 0 4.64348e+42 126.037 0.737233 1
1.65482e+11 4.18112e+23 4.18112e+23 4.18154e+23 4.18154e+23 4.18154e+23 4.87814e+23 6.60915e+23 0 0 4.64348e+42 150.877 0.609868 1
1.91095e+11 2.93343e+23 2.93343e+23 2.93375e+23 2.93375e+23 2.93375e+23 3.53353e+23 4.77598e+23 0 0 4.64348e+42 180.612 0.510106 1
2.20673e+11 2.11329e+23 2.11329e+23 2.11355e+23 2.11355e+23 2.11355e+23 2.62381e+23 3.54245e+23 0 0 4.64348e+42 216.208 0.431129 1
2.5483e+11 1.522e+23 1.522e+23 1.5222e+23 1.5222e+23 1.5222e+23 1.94175e+23 2.61923e+23 0 0 4.64348e+42 258.82 0.367983 1
2.94273e+11 1.09652e+23 1.09652e+23 1.09668e+23 1.09668e+23 1.09668e+23 1.432e+23 1.92958e+23 0 0 4.64348e+42 309.829 0.317029 1
3.39821e+11 7.78128e+22 7.78128e+22 7.78247e+22 7.78247e+22 7.78247e+22 1.03571e+23 1.39198e+23 0 0 4.64348e+42 0 0.275565 1
3.92419e+11 5.68749e+22 5.68749e+22 5.68839e+22 5.68839e+22 5.68839e+22 7.68289e+22 1.03092e+23 0 0 4.64348e+42 0 0.241562 1
4.53158e+11 4.16144e+22 4.16144e+22 4.16212e+22 4.16212e+22 4.16212e+22 5.68009e+22 7.60951e+22 0 0 4.64348e+42 0 0.213483 1
5.23299e+11 3.04681e+22 3.04681e+22 3.04732e+22 3.04732e+22 3.04732e+22 4.18448e+22 5.59512e+22 0 0 4.64348e+42 0 0.190154 1
6.04296e+11 2.19501e+22 2.19501e+22 2.19538e+22 2.19538e+22 2.19538e+22 3.02143e+22 4.02605e+22 0 0 4.64348e+42 0 0.170669 1
6.97831e+11 1.62782e+22 1.62782e+22 1.62809e+22 1.62809e+22 1.62809e+22 2.23811e+22 2.9749e+22 0 0 4.64348e+42 0 0.154323 1
8.05842e+11 1.20666e+22 1.20666e+22 1.20686e+22 1.20686e+22 1.20686e+22 1.65204e+22 2.19024e+22 0 0 4.64348e+42 0 0.140565 1
9.30572e+11 8.93482e+21 8.93482e+21 8.93628e+21 8.93628e+21 8.93628e+21 1.21489e+22 1.60583e+22 0 0 4.64348e+42 0 0.12896 1
1.07461e+12 6.49431e+21 6.49431e+21 6.49535e+21 6.49535e+21 6.49535e+21 8.75056e+21 1.15124e+22 0 0 4.64348e+42 0 0.119166 1
1.24094e+12 4.85242e+21 4.85243e+21 4.85318e+21 4.85318e+21 4.85318e+21 6.46777e+21 8.47817e+21 0 0 4.64348e+42 0 0.110908 1
1.43301e+12 3.61709e+21 3.61709e+21 3.61764e+21 3.61764e+21 3.61764e+21 4.76258e+21 6.21886e+21 0 0 4.64348e+42 0 0.103969 1
1.65482e+12 2.68819e+21 2.68819e+21 2.68859e+21 2.68859e+21 2.68859e+21 3.49287e+21 4.54076e+21 0 0 4.64348e+42 0 0.098177 1
1.91095e+12 1.95653e+21 1.95653e+21 1.95681e+21 1.95681e+21 1.95681e+21 2.5069e+21 3.23825e+21 0 0 4.64348e+42 0 0.0933933 1
2.20673e+12 1.46236e+21 1.46236e+21 1.46256e+21 1.46256e+21 1.46256e+21 1.84695e+21 2.37343e+21 0 0 4.64348e+42 0 0.0895108 1
2.5483e+12 1.08872e+21 1.08873e+21 1.08887e+21 1.08887e+21 1.08887e+21 1.35518e+21 1.73183e+21 0 0 4.64348e+42 0 0.0864461 1
2.94273e+12 8.06985e+20 8.06986e+20 8.07087e+20 8.07087e+20 8.07087e+20 9.90006e+20 1.25722e+21 0 0 4.64348e+42 0 0.0841374 1
3.39821e+12 5.84545e+20 5.84545e+20 5.84616e+20 5.84616e+20 5.84616e+20 7.06928e+20 8.8998e+20 0 0 4.64348e+42 0 0.082541 1
3.92419e+12 4.34706e+20 4.34707e+20 4.34757e+20 4.34757e+20 4.34757e+20 5.18439e+20 6.47988e+20 0 0 4.64348e+42 0 0.08163 1
4.53158e+12 3.21656e+20 3.21656e+20 3.21692e+20 3.21692e+20 3.21692e+20 3.78481e+20 4.69397e+20 0 0 4.64348e+42 0 0.0813928 1
5.23299e+12 2.36714e+20 2.36714e+20 2.36739e+20 2.36739e+20 2.36739e+20 2.7496e+20 3.38051e+20 0 0 4.64348e+42 0 0.0818329 1
6.04296e+12 1.69893e+20 1.69893e+20 1.69911e+20 1.69911e+20 1.69911e+20 1.94934e+20 2.36864e+20 0 0 4.64348e+42 0 0.0829683 1
6.97831e+12 1.25241e+20 1.25241e+20 1.25253e+20 1.25253e+20 1.25253e+20 1.42041e+20 1.70898e+20 0 0 4.64348e+42 0 0.0848322 1
8.05842e+12 9.17847e+19 9.17848e+19 9.17937e+19 9.17937e+19 9.17937e+19 1.02966e+20 1.22575e+20 0 0 4.64348e+42 0 0.0874729 1
9.30572e+12 6.6845e+19 6.68451e+19 6.68514e+19 6.68514e+19 6.68514e+19 7.4226e+19 8.7322e+19 0 0 4.64348e+42 0 0.0909553 1
1.07461e+13 4.73669e+19 4.7367e+19 4.73713e+19 4.73713e+19 4.73713e+19 5.20989e+19 6.03295e+19 0 0 4.64348e+42 0 0.0953611 1
1.24094e+13 3.45124e+19 3.45124e+19 3.45155e+19 3.45155e+19 3.45155e+19 3.76266e+19 4.29957e+19 0 0 4.64348e+42 0 0.10079 1
1.43301e+13 2.49794e+19 2.49795e+19 2.49816e+19 2.49816e+19 2.49816e+19 2.70123e+19 3.04279e+19 0 0 4.64348e+42 0 0.10736 1
1.65482e+13 1.79505e+19 1.79505e+19 1.7952e+19 1.7952e+19 1.7952e+19 1.92661e+19 2.13611e+19 0 0 4.64348e+42 0 0.115206 1
1.91095e+13 1.25129e+19 1.2513e+19 1.2514e+19 1.2514e+19 1.2514e+19 1.33378e+19 1.4478e+19 0 0 4.64348e+42 0 0.12448 1
2.20673e+13 8.98445e+18 8.98447e+18 8.9852e+18 8.9852e+18 8.9852e+18 9.51651e+18 1.0149e+19 0 0 4.64348e+42 0 0.135345 1
2.5483e+13 6.40175e+18 6.40177e+18 6.40228e+18 6.40228e+18 6.40228e+18 6.74196e+18 7.05446e+18 0 0 4.64348e+42 0 0.147968 1
2.94273e+13 4.52396e+18 4.52398e+18 4.52433e+18 4.52433e+18 4.52433e+18 4.73949e+18 4.85619e+18 0 0 4.64348e+42 0 0.162507 1
3.39821e+13 3.08774e+18 3.08776e+18 3.088e+18 3.088e+18 3.088e+18 3.2195e+18 3.20666e+18 0 0 4.64348e+42 0 0.179093 1
3.92419e+13 2.17649e+18 2.17651e+18 2.17668e+18 2.17668e+18 2.17668e+18 2.25961e+18 2.19874e+18 0 0 4.64348e+42 0 0.197804 1
4.53158e+13 1.5204e+18 1.52042e+18 1.52053e+18 1.52053e+18 1.52053e+18 1.57232e+18 1.4921e+18 0 0 4.64348e+42 0 0.218621 1
5.23299e+13 1.05175e+18 1.05176e+18 1.05184e+18 1.05184e+18 1.05184e+18 1.08385e+18 1.0006e+18 0 0 4.64348e+42 0 0.241387 1
6.04296e+13 6.98288e+17 6.983e+17 6.98352e+17 6.98352e+17 6.98352e+17 7.17325e+17 6.37655e+17 0 0 4.64348e+42 0 0.265741 1
6.97831e+13 4.80659e+17 4.80669e+17 4.80705e+17 4.80705e+17 4.80705e+17 4.92359e+17 4.24535e+17 0 0 4.64348e+42 0 0.291055 1
8.05842e+13 3.27266e+17 3.27274e+17 3.27299e+17 3.27299e+17 3.27299e+17 3.34377e+17 2.79036e+17 0 0 4.64348e+42 0 0.316368 1
9.30572e+13 2.20189e+17 2.20195e+17 2.20212e+17 2.20212e+17 2.20212e+17 2.24459e+17 1.80709e+17 0 0 4.64348e+42 0 0.340344 1
1.07461e+14 1.40864e+17 1.4087e+17 1.4088e+17 1.4088e+17 1.4088e+17 1.43303e+17 1.09684e+17 0 0 4.64348e+42 0 0 1
1.24094e+14 9.39802e+16 9.39855e+16 9.39924e+16 9.39924e+16 9.39924e+16 9.54335e+16 7.02127e+16 0 0 4.64348e+42 0 0 1
1.43301e+14 6.18532e+16 6.18595e+16 6.1864e+16 6.1864e+16 6.1864e+16 6.27099e+16 4.42267e+16 0 0 4.64348e+42 0 0 1
1.65482e+14 4.01046e+16 4.01129e+16 4.01159e+16 4.01159e+16 4.01159e+16 4.06053e+16 2.73425e+16 0 0 4.64348e+42 0 0 1
1.91095e+14 2.43757e+16 2.43862e+16 2.4388e+16 2.4388e+16 2.4388e+16 2.46537e+16 1.55138e+16 0 0 4.64348e+42 0 0 1
2.20673e+14 1.5589e+16 1.56022e+16 1.56033e+16 1.56033e+16 1.56033e+16 1.57552e+16 9.42349e+15 0 0 4.64348e+42 0 0 1
2.5483e+14 9.79532e+15 9.81031e+15 9.81104e+15 9.81104e+15 9.81104e+15 9.89652e+15 5.6086e+15 0 0 4.64348e+42 0 0 1
2.94273e+14 6.03717e+15 6.05267e+15 6.05312e+15 6.05312e+15 6.05312e+15 6.10041e+15 3.25972e+15 0 0 4.64348e+42 0 0 1
3.39821e+14 3.41047e+15 3.42413e+15 3.42438e+15 3.42438e+15 3.42438e+15 3.44843e+15 1.68261e+15 0 0 4.64348e+42 0 0 1
3.92419e+14 2.05677e+15 2.0688e+15 2.06896e+15 2.06896e+15 2.06896e+15 2.08206e+15 9.52853e+14 0 0 4.64348e+42 0 0 1
4.53158e+14 1.21201e+15 1.22178e+15 1.22187e+15 1.22187e+15 1.22187e+15 1.22887e+15 5.25855e+14 0 0 4.64348e+42 0 0 1
5.23299e+14 6.96677e+14 7.04036e+14 7.04089e+14 7.04089e+14 7.04089e+14 7.07758e+14 2.81545e+14 0 0 4.64348e+42 0 0 1
6.04296e+14 3.54149e+14 3.5884e+14 3.58867e+14 3.58867e+14 3.58867e+14 3.60577e+14 1.27013e+14 0 0 4.64348e+42 0 0 1
6.97831e+14 1.97033e+14 2.00182e+14 2.00197e+14 2.00197e+14 2.00197e+14 2.01074e+14 6.54739e+13 0 0 4.64348e+42 0 0 1
8.05842e+14 1.06316e+14 1.08297e+14 1.08305e+14 1.08305e+14 1.08305e+14 1.08745e+14 3.26741e+13 0 0 4.64348e+42 0 0 1
9.30572e+14 5.55593e+13 5.67315e+13 5.67359e+13 5.67359e+13 5.67359e+13 5.69513e+13 1.56904e+13 0 0 4.64348e+42 0 0 1
1.07461e+15 2.4184e+13 2.47468e+13 2.47488e+13 2.47488e+13 2.47488e+13 2.48374e+13 5.81828e+12 0 0 4.64348e+42 0 0 1
1.24094e+15 1.20227e+13 1.23243e+13 1.23253e+13 1.23253e+13 1.23253e+13 1.23673e+13 2.64126e+12 0 0 4.64348e+42 0 0 1
1.43301e+15 5.72757e+12 5.87934e+12 5.8798e+12 5.8798e+12 5.8798e+12 5.89912e+12 1.15176e+12 0 0 4.64348e+42 0 0 1
1.65482e+15 2.61542e+12 2.68732e+12 2.68754e+12 2.68754e+12 2.68754e+12 2.69613e+12 4.78713e+11 0 0 4.64348e+42 0 0 1
1.91095e+15 8.98385e+11 9.23605e+11 9.23679e+11 9.23679e+11 9.23679e+11 9.26582e+11 1.32042e+11 0 0 4.64348e+42 0 0 1
2.20673e+15 3.79097e+11 3.89811e+11 3.89843e+11 3.89843e+11 3.89843e+11 3.9106e+11 5.0211e+10 0 0 4.64348e+42 0 0 1
2.5483e+15 1.49989e+11 1.54204e+11 1.54216e+11 1.54216e+11 1.54216e+11 1.54699e+11 1.81936e+10 0 0 4.64348e+42 0 0 1
2.94273e+15 5.58314e+10 5.73737e+10 5.73784e+10 5.73784e+10 5.73784e+10 5.75603e+10 6.24899e+09 0 0 4.64348e+42 0 0 1
3.39821e+15 1.32923e+10 1.36497e+10 1.36508e+10 1.36508e+10 1.36508e+10 1.3695e+10 1.07392e+09 0 0 4.64348e+42 0 0 1
3.92419e+15 4.38042e+09 4.49405e+09 4.49442e+09 4.49442e+09 4.49442e+09 4.50935e+09 3.13582e+08 0 0 4.64348e+42 0 0 1
4.53158e+15 1.29725e+09 1.32946e+09 1.32957e+09 1.32957e+09 1.32957e+09 1.33413e+09 8.61487e+07 0 0 4.64348e+42 0 0 1
5.23299e+15 3.42901e+08 3.50991e+08 3.51021e+08 3.51021e+08 3.51021e+08 3.52271e+08 2.27339e+07 0 0 4.64348e+42 0 0 1
6.04296e+15 4.65683e+07 4.76058e+07 4.76099e+07 4.76099e+07 4.76099e+07 4.77865e+07 1.8646e+06 0 0 4.64348e+42 0 0 1
6.97831e+15 1.03853e+07 1.06025e+07 1.06034e+07 1.06034e+07 1.06034e+07 1.06445e+07 357191 0 0 4.64348e+42 0 0 1
8.05842e+15 1.93477e+06 1.97257e+06 1.97274e+06 1.97274e+06 1.97274e+06 1.98073e+06 61230.7 0 0 4.64348e+42 0 0 1
9.30572e+15 282308 287436 287461 287461 287461 288681 10288.1 0 0 4.64348e+42 0 0 1
1.07461e+16 15553.9 15815.5 15816.9 15816.9 15816.9 15887.2 306.568 0 0 4.64348e+42 0 0 1
1.24094e+16 1790.4 1818.18 1818.34 1818.34 1818.34 1826.81 29.3066 0 0 4.64348e+42 0 0 1
1.43301e+16 152.016 154.184 154.198 154.198 154.198 154.949 2.15859 0 0 4.64348e+42 0 0 1
1.65482e+16 8.58297 8.69519 8.69596 8.69596 8.69596 8.74031 0.14491 0 0 4.64348e+42 0 0 1
1.91095e+16 0.100415 0.101615 0.101624 0.101624 0.101624 0.102165 0.00105638 0 0 4.64348e+42 0 0 1
2.20673e+16 0.00372833 0.00376895 0.00376929 0.00376929 0.00376929 0.00379025 3.18168e-05 0 0 4.64348e+42 0 0 1
2.5483e+16 7.69029e-05 7.7665e-05 7.7672e-05 7.7672e-05 7.7672e-05 7.8122e-05 5.63424e-07 0 0 4.64348e+42 0 0 1
2.94273e+16 8.35602e-07 8.43118e-07 8.43194e-07 8.43194e-07 8.43194e-07 8.48274e-07 6.10511e-09 0 0 4.64348e+42 0 0 1
3.39821e+16 8.59736e-10 8.66742e-10 8.66821e-10 8.66821e-10 8.66821e-10 8.72241e-10 5.46736e-12 0 0 4.64348e+42 0 0 1
3.92419e+16 3.40179e-12 3.42686e-12 3.42717e-12 3.42717e-12 3.42717e-12 3.44938e-12 2.03745e-14 0 0 4.64348e+42 0 0 1
4.53158e+16 4.22342e-15 4.25151e-15 4.25191e-15 4.25191e-15 4.25191e-15 4.28039e-15 2.47966e-17 0 0 4.64348e+42 0 0 1
5.23299e+16 1.64496e-18 1.65482e-18 1.65497e-18 1.65497e-18 1.65497e-18 1.66641e-18 9.61424e-21 0 0 4.64348e+42 0 0 1
6.04296e+16 3.1833e-23 3.20048e-23 3.20078e-23 3.20078e-23 3.20078e-23 3.22356e-23 1.85231e-25 0 0 4.64348e+42 0 0 1
6.97831e+16 1.36518e-27 1.3718e-27 1.37193e-27 1.37193e-27 1.37193e-27 1.38196e-27 7.93471e-30 0 0 4.64348e+42 0 0 1
8.05842e+16 8.70584e-33 8.74377e-33 8.74459e-33 8.74459e-33 8.74459e-33 8.81014e-33 5.05743e-35 0 0 4.64348e+42 0 0 1
9.30572e+16 0 0 0 0 0 0 0 0 0 4.64348e+42 0 0 1