
1.07461e-07 0 0 7.56638e+08 2.04818e+52 9.18747e+59 0 0 1.38603e+45 0 4.64348e+42 0 0 1
1.24094e-07 0 0 5.46915e+14 2.23305e+52 7.86718e+59 0 0 1.60057e+45 0 4.64348e+42 0 0 1
1.43301e-07 0 0 6.55687e+19 2.4348e+52 6.73532e+59 0 0 1.84831e+45 0 4.64348e+42 0 0 1
1.65482e-07 0 0 1.66099e+24 2.6584e+52 5.77261e+59 0 0 2.13439e+45 0 4.64348e+42 0 0 1
1.91095e-07 0 0 1.09671e+28 2.91053e+52 4.95977e+59 0 0 2.46475e+45 0 4.64348e+42 0 0 1
2.20673e-07 0 0 2.264e+31 3.19952e+52 4.27767e+59 0 0 2.84625e+45 0 4.64348e+42 0 0 1
2.5483e-07 0 0 1.71038e+34 3.53522e+52 3.70753e+59 0 0 3.2868e+45 0 4.64348e+42 0 0 1
2.94273e-07 0 0 5.41774e+36 3.92859e+52 3.23132e+59 0 0 3.79554e+45 0 4.64348e+42 0 0 1
3.39821e-07 0 0 8.09121e+38 4.39107e+52 2.83228e+59 0 0 4.38302e+45 0 4.64348e+42 0 0 1
3.92419e-07 0 0 6.30326e+40 4.93402e+52 2.4954e+59 0 0 5.06144e+45 0 4.64348e+42 0 0 1
4.53158e-07 0 0 2.79424e+42 5.56837e+52 2.20785e+59 0 0 5.84485e+45 0 4.64348e+42 0 0 1
5.23299e-07 0 0 7.59789e+43 6.30466e+52 1.95927e+59 0 0 6.74953e+45 0 4.64348e+42 0 0 1
6.04296e-07 0 0 1.35215e+45 7.15373e+52 1.74167e+59 0 0 7.79424e+45 0 4.64348e+42 0 0 1
6.97831e-07 0 0 1.66607e+46 8.12786e+52 1.54928e+59 0 0 9.00065e+45 0 4.64348e+42 0 0 1
8.05842e-07 0 0 1.49265e+47 9.24213e+52 1.37801e+59 0 0 1.03938e+46 0 4.64348e+42 0 0 1
9.30572e-07 0 0 1.0147e+48 1.05158e+53 1.22503e+59 0 0 1.20026e+46 0 4.64348e+42 0 0 1
1.07461e-06 0 0 5.43216e+48 1.19735e+53 1.08826e+59 0 0 1.38603e+46 0 4.64348e+42 0 0 1
1.24094e-06 0 0 2.36538e+49 1.36458e+53 9.66067e+58 0 0 1.60057e+46 0 4.64348e+42 0 0 1
1.43301e-06 0 0 8.61636e+49 1.55704e+53 8.57067e+58 0 0 1.84831e+46 0 4.64348e+42 0 0 1
1.65482e-06 0 0 2.69042e+50 1.77928e+53 7.59993e+58 0 0 2.13439e+46 0 4.64348e+42 0 0 1
1.91095e-06 0 0 7.35437e+50 2.03673e+53 6.73672e+58 0 0 2.46475e+46 0 4.64348e+42 0 0 1
2.20673e-06 0 0 1.79232e+51 2.3358e+53 5.97003e+58 0 0 2.84625e+46 0 4.64348e+42 0 0 1
2.5483e-06 0 0 3.95603e+51 2.68406e+53 5.28965e+58 0 0 3.2868e+46 0 4.64348e+42 0 0 1
2.94273e-06 0 0 8.01626e+51 3.09039e+53 4.68609e+58 0 0 3.79554e+46 0 4.64348e+42 0 0 1
3.39821e-06 0 0 1.50884e+52 3.56532e+53 4.15073e+58 0 0 4.38302e+46 0 4.64348e+42 0 0 1
3.92419e-06 0 0 2.6649e+52 4.1214e+53 3.67578e+58 0 0 5.06143e+46 0 4.64348e+42 0 0 1
4.53158e-06 0 0 4.4557e+52 4.77378e+53 3.2543e+58 0 0 5.84485e+46 0 4.64348e+42 0 0 1
5.23299e-06 0 0 7.10683e+52 5.5408e+53 2.8802e+58 0 0 6.74952e+46 0 4.64348e+42 0 0 1
6.04296e-06 0 0 1.08856e+53 6.44469e+53 2.54811e+58 0 0 7.79423e+46 0 4.64348e+42 0 0 1
6.97831e-06 0 0 1.61041e+53 7.51217e+53 2.25332e+58 0 0 9.00063e+46 0 4.64348e+42 0 0 1
8.05842e-06 0 0 2.31247e+53 8.77519e+53 1.99166e+58 0 0 1.03938e+47 0 4.64348e+42 0 0 1
9.30572e-06 0 0 3.23666e+53 1.02718e+54 1.75946e+58 0 0 1.20025e+47 0 4.64348e+42 0 0 1
1.07461e-05 0 0 4.4317e+53 1.20474e+54 1.55344e+58 0 0 1.38603e+47 0 4.64348e+42 0 0 1
1.24094e-05 0 0 5.95452e+53 1.41565e+54 1.37068e+58 0 0 1.60056e+47 0 4.64348e+42 0 0 1
1.43301e-05 0 0 7.87209e+53 1.66643e+54 1.20862e+58 0 0 1.8483e+47 0 4.64348e+42 0 0 1
1.65482e-05 0 0 1.02636e+54 1.96491e+54 1.06495e+58 0 0 2.13438e+47 0 4.64348e+42 0 0 1
1.91095e-05 0 0 1.32231e+54 2.32045e+54 9.37633e+57 0 0 2.46474e+47 0 4.64348e+42 0 0 1
2.20673e-05 0 0 1.68622e+54 2.7442e+54 8.24855e+57 0 0 2.84624e+47 0 4.64348e+42 0 0 1
2.5483e-05 0 0 2.1314e+54 3.24951e+54 7.25004e+57 0 0 3.28678e+47 0 4.64348e+42 0 0 1
2.94273e-05 0 0 2.6737e+54 3.85227e+54 6.36645e+57 0 0 3.79551e+47 0 4.64348e+42 0 0 1
3.39821e-05 0 0 3.33203e+54 4.57145e+54 5.58501e+57 0 0 4.38299e+47 0 4.64348e+42 0 0 1
3.92419e-05 0 0 4.12893e+54 5.42967e+54 4.89435e+57 0 0 5.06139e+47 0 4.64348e+42 0 0 1
4.53158e-05 0 0 5.09125e+54 6.45385e+54 4.28434e+57 0 0 5.84479e+47 0 4.64348e+42 0 0 1
5.23299e-05 0 0 6.25097e+54 7.67604e+54 3.74597e+57 0 0 6.74945e+47 0 4.64348e+42 0 0 1
6.04296e-05 0 0 7.64617e+54 9.13438e+54 3.27122e+57 0 0 7.79413e+47 0 4.64348e+42 0 0 1
6.97831e-05 0 0 9.32214e+54 1.08742e+55 2.85293e+57 0 0 9.0005e+47 0 4.64348e+42 0 0 1
8.05842e-05 0 0 1.13327e+55 1.29495e+55 2.48473e+57 0 0 1.03936e+48 0 4.64348e+42 0 0 1
9.30572e-05 0 0 1.3742e+55 1.54243e+55 2.16096e+57 0 0 1.20023e+48 0 4.64348e+42 0 0 1
0.000107461 0 0 1.6626e+55 1.83747e+55 1.87654e+57 0 0 1.386e+48 0 4.64348e+42 0 0 1
0.000124094 0 0 2.00751e+55 2.18911e+55 1.62699e+57 0 0 1.60052e+48 0 4.64348e+42 0 0 1
0.000143301 0 0 2.41966e+55 2.6081e+55 1.40831e+57 0 0 1.84824e+48 0 4.64348e+42 0 0 1
0.000165482 0 0 2.9118e+55 3.10718e+55 1.21691e+57 0 0 2.13431e+48 0 4.64348e+42 0 0 1
0.000191095 0 0 3.49906e+55 3.70148e+55 1.04962e+57 0 0 2.46464e+48 0 4.64348e+42 0 0 1
0.000220673 0 0 4.1994e+55 4.40898e+55 9.03632e+56 0 0 2.84611e+48 0 4.64348e+42 0 0 1
0.00025483 0 0 5.03415e+55 5.25099e+55 7.76417e+56 0 0 3.2866e+48 0 4.64348e+42 0 0 1
0.000294273 0 0 6.02849e+55 6.25272e+55 6.65746e+56 0 0 3.79528e+48 0 4.64348e+42 0 0 1
0.000339821 0 0 7.2095e+55 7.44114e+55 5.69632e+56 0 0 4.38267e+48 0 4.64348e+42 0 0 1
0.000392419 0 0 8.58708e+55 8.8255e+55 4.86314e+56 0 0 5.06097e+48 0 4.64348e+42 0 0 1
0.000453158 0 0 1.00977e+56 1.034e+56 4.14226e+56 0 0 5.84423e+48 0 4.64348e+42 0 0 1
0.000523299 0 0 1.15523e+56 1.1792e+56 3.5198e+56 0 0 6.7487e+48 0 4.64348e+42 0 0 1
0.000604296 0 0 1.26816e+56 1.29092e+56 2.98348e+56 0 0 7.79312e+48 0 4.64348e+42 0 0 1
0.000697831 0 0 1.3266e+56 1.34719e+56 2.52238e+56 0 0 8.99916e+48 0 4.64348e+42 0 0 1
0.000805842 0 0 1.32321e+56 1.34098e+56 2.1269e+56 0 0 1.03918e+49 0 4.64348e+42 0 0 1
0.000930572 0 0 1.26514e+56 1.27983e+56 1.78852e+56 0 0 1.19999e+49 0 4.64348e+42 0 0 1
0.00107461 0 0 1.16769e+56 1.17943e+56 1.49973e+56 0 0 1.38568e+49 0 4.64348e+42 0 0 1
0.00124094 0 0 1.04767e+56 1.05678e+56 1.25393e+56 0 0 1.6001e+49 0 4.64348e+42 0 0 1
0.00143301 0 0 9.19286e+55 9.26206e+55 1.04528e+56 0 0 1.84768e+49 0 4.64348e+42 0 0 1
0.00165482 0 0 7.92725e+55 7.9789e+55 8.68691e+55 0 0 2.13355e+49 0 4.64348e+42 0 0 1
0.00191095 0 0 6.74332e+55 6.78135e+55 7.19674e+55 0 0 2.46364e+49 0 4.64348e+42 0 0 1
0.00220673 0 0 5.67452e+55 5.70223e+55 5.94312e+55 0 0 2.84477e+49 0 4.64348e+42 0 0 1
0.0025483 0 0 4.7336e+55 4.75361e+55 4.89186e+55 0 0 3.28482e+49 0 4.64348e+42 0 0 1
0.00294273 0 0 3.92025e+55 3.93459e+55 4.01318e+55 0 0 3.7929e+49 0 4.64348e+42 0 0 1
0.00339821 0 0 3.22673e+55 3.23695e+55 3.28123e+55 0 0 4.3795e+49 0 4.64348e+42 0 0 1
0.00392419 0 0 2.64161e+55 2.64886e+55 2.67359e+55 0 0 5.05673e+49 0 4.64348e+42 0 0 1
0.00453158 8.43371e-214 8.43371e-214 2.15213e+55 2.15724e+55 2.17094e+55 0 0 5.83859e+49 3.56675e-217 4.64348e+42 0 0 1
0.00523299 7.06506e-144 7.06506e-144 1.74551e+55 1.7491e+55 1.75663e+55 0 0 6.74117e+49 3.19018e-147 4.64348e+42 0 0 1
0.00604296 3.22191e-92 3.22191e-92 1.40976e+55 1.41227e+55 1.41638e+55 0 0 7.78309e+49 1.55987e-95 4.64348e+42 0 0 1
0.00697831 4.63911e-54 4.63911e-54 1.13402e+55 1.13577e+55 1.13799e+55 0 0 8.98579e+49 2.41789e-57 4.64348e+42 0 0 1
0.00805842 6.99971e-26 6.99971e-26 9.08659e+54 9.09871e+54 9.11061e+54 0 0 1.0374e+50 3.94277e-29 4.64348e+42 0 0 1
0.00930572 4.43279e-05 4.43279e-05 7.25318e+54 7.26156e+54 7.26789e+54 0 0 1.19761e+50 2.70876e-08 4.64348e+42 0 0 1
0.0107461 9.88596e+10 9.88596e+10 5.76813e+54 5.7739e+54 5.77724e+54 0 0 1.38251e+50 6.57817e+07 4.64348e+42 0 0 1
0.0124094 2.05172e+22 2.05172e+22 4.57031e+54 4.57427e+54 4.57602e+54 0 0 1.59587e+50 1.49209e+19 4.64348e+42 0 0 1
0.0143301 4.45748e+30 4.45748e+30 3.60812e+54 3.61083e+54 3.61174e+54 0 0 1.84204e+50 3.55574e+27 4.64348e+42 0 0 1
0.0165482 6.06579e+36 6.06579e+36 2.83833e+54 2.84017e+54 2.84064e+54 0 0 2.12604e+50 5.32656e+33 4.64348e+42 0 0 1
0.0191095 1.94007e+41 1.94007e+41 2.2249e+54 2.22615e+54 2.22639e+54 0 0 2.45362e+50 1.88204e+38 4.64348e+42 0 0 1
0.0220673 3.87607e+44 3.87607e+44 1.73799e+54 1.73884e+54 1.73896e+54 0 0 2.83141e+50 4.16836e+41 4.64348e+42 0 0 1
0.025483 9.96326e+46 9.96326e+46 1.353e+54 1.35357e+54 1.35363e+54 0 0 3.26701e+50 1.19186e+44 4.64348e+42 0 0 1
0.0294273 5.62083e+48 5.62083e+48 1.04975e+54 1.05013e+54 1.05016e+54 0 0 3.76916e+50 7.50476e+45 4.64348e+42 0 0 1
0.0339821 1.03287e+50 1.03287e+50 8.11791e+53 8.12048e+53 8.12063e+53 0 0 4.34786e+50 1.54427e+47 4.64348e+42 0 0 1
0.0392419 8.27728e+50 8.27728e+50 6.25761e+53 6.25932e+53 6.2594e+53 0 0 5.01456e+50 1.39027e+48 4.64348e+42 0 0 1
0.0453158 3.5894e+51 3.5894e+51 4.80858e+53 4.80972e+53 4.80976e+53 0 0 5.78238e+50 6.79401e+48 4.64348e+42 0 0 1
0.0523299 9.87917e+51 9.87917e+51 3.68394e+53 3.6847e+53 3.68474e+53 0 0 6.66626e+50 2.11363e+49 4.64348e+42 0 0 1
0.0604296 1.94181e+52 1.94181e+52 2.81417e+53 2.81467e+53 2.81469e+53 0 0 7.68327e+50 4.70952e+49 4.64348e+42 0 0 1
0.0697831 2.97409e+52 2.97409e+52 2.14379e+53 2.14412e+53 2.14413e+53 0 0 8.85277e+50 8.19958e+49 4.64348e+42 0 0 1
0.0805842 3.78597e+52 3.78597e+52 1.62881e+53 1.62903e+53 1.62903e+53 0 0 1.01968e+51 1.18967e+50 4.64348e+42 0 0 1
0.0930572 4.20151e+52 4.20151e+52 1.23447e+53 1.23461e+53 1.23461e+53 0 0 1.17401e+51 1.5085e+50 4.64348e+42 0 0 1
0.107461 4.21097e+52 4.21097e+52 9.33437e+52 9.33531e+52 9.33531e+52 0 0 1.35107e+51 1.73148e+50 4.64348e+42 0 0 1
0.124094 3.91263e+52 3.91263e+52 7.04304e+52 7.04365e+52 7.04365e+52 0 0 1.55401e+51 1.84641e+50 4.64348e+42 0 0 1
0.143301 3.43627e+52 3.43627e+52 5.30376e+52 5.30416e+52 5.30416e+52 0 0 1.78631e+51 1.86476e+50 4.64348e+42 0 0 1
0.165482 2.89391e+52 2.89391e+52 3.98694e+52 3.9872e+52 3.9872e+52 0 0 2.05187e+51 1.80911e+50 4.64348e+42 0 0 1
0.191095 2.36211e+52 2.36211e+52 2.99232e+52 2.99249e+52 2.99249e+52 0 0 2.35493e+51 1.70376e+50 4.64348e+42 0 0 1
0.220673 1.88357e+52 1.88357e+52 2.24271e+52 2.24282e+52 2.24282e+52 0 0 2.70015e+51 1.56974e+50 4.64348e+42 0 0 1
0.25483 1.47604e+52 1.47604e+52 1.67885e+52 1.67893e+52 1.67893e+52 0 0 3.09251e+51 1.42299e+50 4.64348e+42 0 0 1
0.294273 1.14175e+52 1.14175e+52 1.25547e+52 1.25552e+52 1.25552e+52 0 0 3.53727e+51 1.27462e+50 4.64348e+42 0 0 1
0.339821 8.74641e+51 8.74641e+51 9.38064e+51 9.38094e+51 9.38094e+51 0 0 4.03987e+51 1.13165e+50 4.64348e+42 0 0 1
0.392419 6.65199e+51 6.65199e+51 7.00419e+51 7.00438e+51 7.00438e+51 0 0 4.60579e+51 9.98178e+49 4.64348e+42 0 0 1
0.453158 5.03206e+51 5.03206e+51 5.22699e+51 5.22711e+51 5.22711e+51 0 0 5.24024e+51 8.76208e+49 4.64348e+42 0 0 1
0.523299 3.79161e+51 3.79161e+51 3.89921e+51 3.89929e+51 3.89929e+51 0 0 5.94788e+51 7.66406e+49 4.64348e+42 0 0 1
0.604296 2.84871e+51 2.84871e+51 2.90798e+51 2.90803e+51 2.90803e+51 0 0 6.73232e+51 6.68601e+49 4.64348e+42 0 0 1
0.697831 2.13587e+51 2.13587e+51 2.16846e+51 2.16849e+51 2.16849e+51 0 0 7.59547e+51 5.82145e+49 4.64348e+42 0 0 1
0.805842 1.59909e+51 1.59909e+51 1.61699e+51 1.61701e+51 1.61701e+51 0 0 8.53675e+51 5.06142e+49 4.64348e+42 0 0 1
0.930572 1.19606e+51 1.19606e+51 1.20588e+51 1.20589e+51 1.20589e+51 0 0 9.55196e+51 4.39595e+49 4.64348e+42 0 0 1
1.07461 8.9408e+50 8.9408e+50 8.99461e+50 8.9947e+50 8.9947e+50 0 0 1.0632e+52 3.815e+49 4.64348e+42 0 0 1
1.24094 6.68147e+50 6.68147e+50 6.71094e+50 6.711e+50 6.711e+50 0 0 1.17615e+52 3.30892e+49 4.64348e+42 0 0 1
1.43301 4.99275e+50 4.99275e+50 5.0089e+50 5.00893e+50 5.00893e+50 0 0 1.29165e+52 2.86874e+49 4.64348e+42 0 0 1
1.65482 3.73131e+50 3.73131e+50 3.74015e+50 3.74018e+50 3.74018e+50 0 0 1.40633e+52 2.48634e+49 4.64348e+42 0 0 1
1.91095 2.78933e+50 2.78933e+50 2.79418e+50 2.7942e+50 2.7942e+50 0 0 1.51562e+52 2.15442e+49 4.64348e+42 0 0 1
2.20673 2.08598e+50 2.08598e+50 2.08864e+50 2.08865e+50 2.08865e+50 0 0 1.61368e+52 1.86648e+49 4.64348e+42 0 0 1
2.5483 1.56074e+50 1.56074e+50 1.56222e+50 1.56222e+50 1.56222e+50 0 0 1.69336e+52 1.61682e+49 4.64348e+42 0 0 1
2.94273 1.16842e+50 1.16842e+50 1.16924e+50 1.16925e+50 1.16925e+50 0 0 1.74642e+52 1.40042e+49 4.64348e+42 0 0 1
3.39821 8.75278e+49 8.75278e+49 8.7574e+49 8.75742e+49 8.75742e+49 0 0 1.76411e+52 1.2129e+49 4.64348e+42 0 0 1
3.92419 6.56132e+49 6.56132e+49 6.56398e+49 6.564e+49 6.564e+49 0 0 1.73803e+52 1.05043e+49 4.64348e+42 0 0 1
4.53158 4.92217e+49 4.92217e+49 4.92375e+49 4.92376e+49 4.92376e+49 0 0 1.6617e+52 9.0969e+48 4.64348e+42 0 0 1
5.23299 3.69539e+49 3.69539e+49 3.69636e+49 3.69637e+49 3.69637e+49 0 0 1.53236e+52 7.87779e+48 4.64348e+42 0 0 1
6.04296 2.77662e+49 2.77662e+49 2.77725e+49 2.77726e+49 2.77726e+49 0 0 1.35306e+52 6.82187e+48 4.64348e+42 0 0 1
6.97831 2.08804e+49 2.08804e+49 2.08847e+49 2.08848e+49 2.08848e+49 0 0 1.13413e+52 5.90736e+48 4.64348e+42 0 0 1
8.05842 1.57159e+49 1.57159e+49 1.5719e+49 1.5719e+49 1.5719e+49 0 0 8.93271e+51 5.11535e+48 4.64348e+42 0 0 1
9.30572 1.18393e+49 1.18393e+49 1.18417e+49 1.18417e+49 1.18417e+49 0 0 6.53383e+51 4.42944e+48 4.64348e+42 0 0 1
10.7461 8.9271e+48 8.9271e+48 8.92903e+48 8.92904e+48 8.92904e+48 0 0 4.37876e+51 3.83544e+48 4.64348e+42 0 0 1
12.4094 6.73753e+48 6.73753e+48 6.73912e+48 6.73913e+48 6.73913e+48 0 0 2.64771e+51 3.32104e+48 4.64348e+42 0 0 1
14.3301 5.08984e+48 5.08984e+48 5.09118e+48 5.09119e+48 5.09119e+48 0 0 1.41967e+51 2.87557e+48 4.64348e+42 0 0 1
16.5482 3.84882e+48 3.84882e+48 3.84997e+48 3.84997e+48 3.84997e+48 0 0 6.6189e+50 2.4898e+48 4.64348e+42 0 0 1
19.1095 2.91324e+48 2.91324e+48 2.91423e+48 2.91423e+48 2.91423e+48 0 0 2.62415e+50 2.15574e+48 4.64348e+42 0 0 1
22.0673 2.20726e+48 2.20726e+48 2.20811e+48 2.20811e+48 2.20811e+48 0 0 8.62489e+49 1.86645e+48 4.64348e+42 0 0 1
25.483 1.67401e+48 1.67401e+48 1.67476e+48 1.67476e+48 1.67476e+48 0 0 2.28249e+49 1.61593e+48 4.64348e+42 0 0 1
29.4273 1.27084e+48 1.27084e+48 1.2715e+48 1.2715e+48 1.2715e+48 0 0 4.70288e+48 1.39899e+48 4.64348e+42 0 0 1
33.9821 9.65712e+47 9.65712e+47 9.66285e+47 9.66286e+47 9.66286e+47 0 0 7.25748e+47 1.21113e+48 4.64348e+42 0 0 1
39.2419 7.34542e+47 7.34542e+47 7.35045e+47 7.35046e+47 7.35046e+47 0 0 8.02126e+46 1.04845e+48 4.64348e+42 0 0 1
45.3158 5.59225e+47 5.59225e+47 5.59667e+47 5.59667e+47 5.59667e+47 0 0 6.0297e+45 9.07572e+47 4.64348e+42 0 0 1
52.3299 4.26127e+47 4.26127e+47 4.26516e+47 4.26516e+47 4.26516e+47 0 0 2.90425e+44 7.85578e+47 4.64348e+42 0 0 1
60.4296 3.24977e+47 3.24977e+47 3.25319e+47 3.25319e+47 3.25319e+47 0 0 8.36637e+42 6.79935e+47 4.64348e+42 0 0 1
69.7831 2.48027e+47 2.48027e+47 2.48328e+47 2.48328e+47 2.48328e+47 0 0 1.33122e+41 5.88453e+47 4.64348e+42 0 0 1
80.5842 1.89427e+47 1.89427e+47 1.89694e+47 1.89694e+47 1.89694e+47 0 0 1.06727e+39 5.09232e+47 4.64348e+42 0 0 1
93.0572 1.4476e+47 1.4476e+47 1.44995e+47 1.44995e+47 1.44995e+47 0 0 3.87732e+36 4.40631e+47 4.64348e+42 0 0 1
107.461 1.1068e+47 1.1068e+47 1.10887e+47 1.10887e+47 1.10887e+47 0 0 5.64692e+33 3.81224e+47 4.64348e+42 0 0 1
124.094 8.46555e+46 8.46555e+46 8.48388e+46 8.48388e+46 8.48388e+46 0 0 2.86201e+30 3.29781e+47 4.64348e+42 0 0 1
143.301 6.47674e+46 6.47674e+46 6.49293e+46 6.49293e+46 6.49293e+46 0 0 4.28702e+26 2.85233e+47 4.64348e+42 0 0 1
165.482 4.95581e+46 4.95581e+46 4.97013e+46 4.97013e+46 4.97013e+46 0 0 1.57154e+22 2.46657e+47 4.64348e+42 0 0 1
191.095 3.79204e+46 3.79204e+46 3.80469e+46 3.80469e+46 3.80469e+46 0 0 1.13386e+17 2.13252e+47 4.64348e+42 0 0 1
220.673 2.90116e+46 2.90116e+46 2.91234e+46 2.91234e+46 2.91234e+46 0 0 1.25197e+11 1.84325e+47 4.64348e+42 0 0 1
254.83 2.21898e+46 2.21898e+46 2.22886e+46 2.22886e+46 2.22886e+46 0 0 15821.6 1.59276e+47 4.64348e+42 0 0 1
294.273 1.69655e+46 1.69655e+46 1.70527e+46 1.70527e+46 1.70527e+46 0 0 0.000163614 1.37585e+47 4.64348e+42 0 0 1
339.821 1.29646e+46 1.29646e+46 1.30416e+46 1.30416e+46 1.30416e+46 0 0 9.39813e-14 1.18802e+47 4.64348e+42 0 0 1
392.419 9.90136e+45 9.90136e+45 9.96933e+45 9.96933e+45 9.96933e+45 0 0 1.91694e-24 1.02539e+47 4.64348e+42 0 0 1
453.158 7.55687e+45 7.55687e+45 7.6168e+45 7.6168e+45 7.6168e+45 0 0 8.28211e-37 8.84562e+46 4.64348e+42 0 0 1
523.299 5.76345e+45 5.76345e+45 5.81626e+45 5.81626e+45 5.81626e+45 0 0 4.17378e-51 7.62628e+46 4.64348e+42 0 0 1
604.296 4.39249e+45 4.39249e+45 4.439e+45 4.439e+45 4.439e+45 0 0 1.23185e-67 6.57054e+46 4.64348e+42 0 0 1
697.831 3.34529e+45 3.34529e+45 3.38623e+45 3.38623e+45 3.38623e+45 0 0 9.60936e-87 5.6565e+46 4.64348e+42 0 0 1
805.842 2.54607e+45 2.54607e+45 2.58209e+45 2.58209e+45 2.58209e+45 0 0 7.90555e-109 4.86521e+46 4.64348e+42 0 0 1
930.572 1.93663e+45 1.93663e+45 1.9683e+45 1.9683e+45 1.9683e+45 0 0 2.3741e-134 4.18023e+46 4.64348e+42 0 0 1
1074.61 1.47229e+45 1.47229e+45 1.50013e+45 1.50013e+45 1.50013e+45 0 0 7.6437e-164 3.58736e+46 4.64348e+42 0 0 1
1240.94 1.11879e+45 1.11879e+45 1.14326e+45 1.14326e+45 1.14326e+45 0 0 6.41063e-198 3.0743e+46 4.64348e+42 0 0 1
1433.01 8.49843e+44 8.49843e+44 8.7134e+44 8.7134e+44 8.7134e+44 0 0 2.73362e-237 2.63039e+46 4.64348e+42 0 0 1
1654.82 6.45332e+44 6.45332e+44 6.64219e+44 6.64219e+44 6.64219e+44 0 0 0 2.24642e+46 4.64348e+42 0 0 1
1910.95 4.8988e+44 4.8988e+44 5.06473e+44 5.06473e+44 5.06473e+44 0 0 0 1.91442e+46 4.64348e+42 0 0 1
2206.73 3.71746e+44 3.71746e+44 3.86325e+44 3.86325e+44 3.86325e+44 0 0 0 1.62748e+46 4.64348e+42 0 0 1
2548.3 2.81984e+44 2.81984e+44 2.94792e+44 2.94792e+44 2.94792e+44 0 0 0 1.37965e+46 4.64348e+42 0 0 1
2942.73 2.13781e+44 2.13781e+44 2.25034e+44 2.25034e+44 2.25034e+44 0 0 0 1.16575e+46 4.64348e+42 0 0 1
3398.21 1.61959e+44 1.61959e+44 1.71843e+44 1.71843e+44 1.71843e+44 0 0 0 9.81331e+45 4.64348e+42 0 0 1
3924.19 1.22584e+44 1.22584e+44 1.31263e+44 1.31263e+44 1.31263e+44 0 0 0 8.22533e+45 4.64348e+42 0 0 1
4531.58 9.26665e+43 9.26665e+43 1.00283e+44 1.00283e+44 1.00283e+44 0 0 0 6.86024e+45 4.64348e+42 0 0 1
5232.99 7.04483e+43 7.04483e+43 7.68851e+43 7.68851e+43 7.68851e+43 0 0 0 5.73068e+45 4.64348e+42 0 0 1
6042.96 5.31843e+43 5.31843e+43 5.87964e+43 5.87964e+43 5.87964e+43 0 0 0 4.73242e+45 4.64348e+42 0 0 1
6978.31 4.00773e+43 4.00773e+43 4.49611e+43 4.49611e+43 4.49611e+43 0 0 0 3.88162e+45 4.64348e+42 0 0 1
8058.42 3.01332e+43 3.01332e+43 3.43735e+43 3.43735e+43 3.43735e+43 0 0 0 3.15944e+45 4.64348e+42 0 0 1
9305.72 2.25965e+43 2.25965e+43 2.62679e+43 2.62679e+43 2.62679e+43 0 0 0 2.54944e+45 4.64348e+42 0 0 1
10746.1 1.68922e+43 1.68922e+43 2.00608e+43 2.00608e+43 2.00608e+43 0 0 0 2.03727e+45 4.64348e+42 0 0 1
12409.4 1.25828e+43 1.25828e+43 1.53073e+43 1.53073e+43 1.53073e+43 0 0 0 1.6103e+45 4.64348e+42 0 0 1
14330.1 9.33495e+42 9.33495e+42 1.16674e+43 1.16674e+43 1.16674e+43 0 0 0 1.25734e+45 4.64348e+42 0 0 1
16548.2 6.89433e+42 6.89433e+42 8.88142e+42 8.88142e+42 8.88142e+42 0 0 0 9.68439e+44 4.64348e+42 0 0 1
19109.5 5.06682e+42 5.06682e+42 6.75059e+42 6.75059e+42 6.75059e+42 0 0 0 7.34689e+44 4.64348e+42 0 0 1
22067.3 3.70416e+42 3.70416e+42 5.12245e+42 5.12245e+42 5.12245e+42 0 0 0 5.48058e+44 4.64348e+42 0 0 1
25483 2.69301e+42 2.69301e+42 3.88007e+42 3.88007e+42 3.88007e+42 0 0 0 4.01297e+44 4.64348e+42 0 0 1
29427.3 1.94678e+42 1.94678e+42 2.93355e+42 2.93355e+42 2.93355e+42 0 0 0 2.87862e+44 4.64348e+42 0 0 1
33982.1 1.39936e+42 1.39936e+42 2.21379e+42 2.21379e+42 2.21379e+42 0 0 0 2.01871e+44 4.64348e+42 0 0 1
39241.9 1.00033e+42 1.00033e+42 1.6676e+42 1.6676e+42 1.6676e+42 0 0 0 1.38086e+44 4.64348e+42 0 0 1
45315.8 7.11416e+41 7.11416e+41 1.25404e+42 1.25404e+42 1.25404e+42 0 0 0 9.19024e+43 4.64348e+42 0 0 1
52329.9 5.03635e+41 5.03635e+41 9.4161e+41 9.4161e+41 9.4161e+41 0 0 0 5.93473e+43 4.64348e+42 0 0 1
60429.6 3.5519e+41 3.5519e+41 7.06119e+41 7.06119e+41 7.06119e+41 0 0 0 3.70694e+43 4.64348e+42 0 0 1
69783.1 2.49794e+41 2.49794e+41 5.28995e+41 5.28995e+41 5.28995e+41 0 0 0 2.23162e+43 4.64348e+42 0 0 1
80584.2 1.7538e+41 1.7538e+41 3.96029e+41 3.96029e+41 3.96029e+41 0 0 0 1.28948e+43 4.64348e+42 0 0 1
93057.2 1.23086e+41 1.23086e+41 2.96376e+41 2.96376e+41 2.96376e+41 0 0 0 7.11679e+42 4.64348e+42 0 0 1
107461 8.64697e+40 8.64697e+40 2.21787e+41 2.21787e+41 2.21787e+41 0 0 0 3.73001e+42 4.64348e+42 0 0 1
124094 6.08884e+40 6.08884e+40 1.66008e+41 1.66008e+41 1.66008e+41 0 0 0 1.84368e+42 4.64348e+42 0 0 1
143301 4.30319e+40 4.30319e+40 1.24317e+41 1.24317e+41 1.24317e+41 0 0 0 8.52321e+41 4.64348e+42 0 0 1
165482 3.05596e+40 3.05596e+40 9.31584e+40 9.31584e+40 9.31584e+40 0 0 0 3.64875e+41 4.64348e+42 0 0 1
191095 2.18296e+40 2.18296e+40 6.98666e+40 6.98666e+40 6.98666e+40 0 0 0 1.42939e+41 4.64348e+42 0 0 1
220673 1.56979e+40 1.56979e+40 5.24455e+40 5.24455e+40 5.24455e+40 0 0 0 5.05237e+40 4.64348e+42 0 0 1
254830 1.1371e+40 1.1371e+40 3.94057e+40 3.94057e+40 3.94057e+40 0 0 0 1.58471e+40 4.64348e+42 0 0 1
294273 8.30025e+39 8.30025e+39 2.96363e+40 2.96363e+40 2.96363e+40 0 0 0 4.32541e+39 4.64348e+42 0 0 1
339821 6.10702e+39 6.10702e+39 2.231e+40 2.231e+40 2.231e+40 0 0 0 1.0042e+39 4.64348e+42 0 0 1
392419 4.52969e+39 4.52969e+39 1.68107e+40 1.68107e+40 1.68107e+40 0 0 0 1.93109e+38 4.64348e+42 0 0 1
453158 3.38708e+39 3.38708e+39 1.26788e+40 1.26788e+40 1.26788e+40 0 0 0 2.98279e+37 4.64348e+42 0 0 1
523299 2.55324e+39 2.55324e+39 9.5717e+39 9.5717e+39 9.5717e+39 9.34698e+31 3.32334e+36 0 3.57121e+36 4.64348e+42 0 0 1
604296 1.94017e+39 1.94017e+39 7.23328e+39 7.23328e+39 7.23328e+39 1.453e+32 3.33715e+36 0 3.18057e+35 4.64348e+42 0 0 1
697831 1.486e+39 1.486e+39 5.47195e+39 5.47195e+39 5.47195e+39 1.9713e+32 3.35096e+36 0 2.00924e+34 4.64348e+42 0 0 1
805842 1.14698e+39 1.14698e+39 4.14419e+39 4.14419e+39 4.14419e+39 2.4896e+32 3.36476e+36 0 8.52147e+32 4.64348e+42 0 0 1
930572 8.91949e+38 8.91949e+38 3.14237e+39 3.14237e+39 3.14237e+39 3.0079e+32 3.37857e+36 0 2.27698e+31 4.64348e+42 0 0 1
1.07461e+06 6.98578e+38 6.98578e+38 2.38571e+39 2.38571e+39 2.38571e+39 3.82244e+32 3.39581e+36 0 3.5619e+29 4.64348e+42 0 0 1
1.24094e+06 5.50753e+38 5.50753e+38 1.81357e+39 1.81357e+39 1.81357e+39 5.15238e+32 3.39959e+36 0 2.99658e+27 4.64348e+42 0 0 1
1.43301e+06 4.36741e+38 4.36741e+38 1.38036e+39 1.38036e+39 1.38036e+39 6.91061e+32 3.40436e+36 0 1.22906e+25 4.64348e+42 0 0 1
1.65482e+06 3.48021e+38 3.48021e+38 1.05184e+39 1.05184e+39 1.05184e+39 9.24349e+32 3.41046e+36 0 2.19434e+22 4.64348e+42 0 0 1
1.91095e+06 2.78401e+38 2.78401e+38 8.02349e+38 8.02349e+38 8.02349e+38 1.25942e+33 3.41888e+36 0 1.49637e+19 4.64348e+42 0 0 1
2.20673e+06 2.23352e+38 2.23352e+38 6.12581e+38 6.12581e+38 6.12581e+38 1.69067e+33 3.42969e+36 0 3.35183e+15 4.64348e+42 0 0 1
2.5483e+06 1.79535e+38 1.79535e+38 4.68031e+38 4.68031e+38 4.68031e+38 2.2592e+33 3.44383e+36 0 2.07246e+11 4.64348e+42 0 0 1
2.94273e+06 1.44457e+38 1.44457e+38 3.57774e+38 3.57774e+38 3.57774e+38 3.01656e+33 3.46236e+36 0 2.89398e+06 4.64348e+42 0 0 1
3.39821e+06 1.16243e+38 1.16243e+38 2.73565e+38 2.73565e+38 2.73565e+38 4.11374e+33 3.4884e+36 0 7.2403 4.64348e+42 0 0 1
3.92419e+06 9.34677e+37 9.34677e+37 2.09178e+38 2.09178e+38 2.09178e+38 5.55182e+33 3.52239e+36 0 2.48454e-06 4.64348e+42 0 0 1
4.53158e+06 7.50369e+37 7.50369e+37 1.59901e+38 1.59901e+38 1.59901e+38 7.49981e+33 3.56668e+36 0 8.59156e-14 4.64348e+42 0 0 1
5.23299e+06 6.01014e+37 6.01014e+37 1.22161e+38 1.22161e+38 1.22161e+38 1.01125e+34 3.62368e+36 0 2.09756e-22 4.64348e+42 0 0 1
6.04296e+06 4.79954e+37 4.79954e+37 9.32443e+37 9.32443e+37 9.32443e+37 1.38363e+34 3.70239e+36 0 2.39785e-32 4.64348e+42 0 0 1
6.97831e+06 3.81914e+37 3.81914e+37 7.10867e+37 7.10867e+37 7.10867e+37 1.86859e+34 3.79747e+36 0 7.98948e-44 4.64348e+42 0 0 1
8.05842e+06 3.02668e+37 3.02668e+37 5.41134e+37 5.41134e+37 5.41134e+37 2.50695e+34 3.91393e+36 0 4.48891e-57 4.64348e+42 0 0 1
9.30572e+06 2.38802e+37 2.38802e+37 4.11211e+37 4.11211e+37 4.11211e+37 3.36073e+34 4.04761e+36 0 2.26103e-72 4.64348e+42 0 0 1
1.07461e+07 1.87528e+37 1.87528e+37 3.11884e+37 3.11884e+37 3.11884e+37 4.53753e+34 4.23475e+36 0 4.92293e-90 4.64348e+42 0 0 1
1.24094e+07 1.46554e+37 1.46554e+37 2.36073e+37 2.36073e+37 2.36073e+37 5.99997e+34 4.40999e+36 0 1.99579e-110 4.64348e+42 0 0 1
1.43301e+07 1.13987e+37 1.13987e+37 1.78335e+37 1.78335e+37 1.78335e+37 7.79272e+34 4.5833e+36 0 5.69685e-134 4.64348e+42 0 0 1
1.65482e+07 8.82575e+36 8.82575e+36 1.34481e+37 1.34481e+37 1.34481e+37 9.94487e+34 4.74756e+36 0 3.72474e-161 4.64348e+42 0 0 1
1.91095e+07 6.80707e+36 6.80707e+36 1.01287e+37 1.01287e+37 1.01287e+37 1.2604e+35 4.89388e+36 0 1.5253e-192 4.64348e+42 0 0 1
2.20673e+07 5.23311e+36 5.23311e+36 7.62334e+36 7.62334e+36 7.62334e+36 1.54229e+35 5.01729e+36 0 8.75235e-229 4.64348e+42 0 0 1
2.5483e+07 4.01514e+36 4.01514e+36 5.74036e+36 5.74036e+36 5.74036e+36 1.84913e+35 5.10205e+36 0 1.24874e-270 4.64348e+42 0 0 1
2.94273e+07 3.07874e+36 3.07874e+36 4.32979e+36 4.32979e+36 4.32979e+36 2.15739e+35 5.10266e+36 0 0 4.64348e+42 0 0 1
3.39821e+07 2.36407e+36 2.36407e+36 3.27756e+36 3.27756e+36 3.27756e+36 2.46676e+35 5.00436e+36 0 0 4.64348e+42 0 0 1
3.92419e+07 1.81992e+36 1.81992e+36 2.49242e+36 2.49242e+36 2.49242e+36 2.72394e+35 4.80524e+36 0 0 4.64348e+42 0 0 1
4.53158e+07 1.40835e+36 1.40835e+36 1.90887e+36 1.90887e+36 1.90887e+36 2.94775e+35 4.54145e+36 0 0 4.64348e+42 0 0 1
5.23299e+07 1.09766e+36 1.09766e+36 1.47499e+36 1.47499e+36 1.47499e+36 3.12284e+35 4.23592e+36 0 0 4.64348e+42 0 0 1
6.04296e+07 8.62197e+35 8.62197e+35 1.15049e+36 1.15049e+36 1.15049e+36 3.22412e+35 3.85712e+36 0 0 4.64348e+42 0 0 1
6.97831e+07 6.82532e+35 6.82532e+35 9.05723e+35 9.05723e+35 9.05723e+35 3.24234e+35 3.42356e+36 0 0 4.64348e+42 0 0 1
8.05842e+07 5.44473e+35 5.44473e+35 7.19505e+35 7.19505e+35 7.19505e+35 3.18566e+35 2.93962e+36 0 0 4.64348e+42 0 0 1
9.30572e+07 4.3694e+35 4.3694e+35 5.75706e+35 5.75706e+35 5.75706e+35 3.0561e+35 2.42368e+36 0 0 4.64348e+42 0 0 1
1.07461e+08 3.51395e+35 3.51395e+35 4.62153e+35 4.62153e+35 4.62153e+35 2.85273e+35 1.89375e+36 0 0 4.64348e+42 26.7337 0 1
1.24094e+08 2.83499e+35 2.83499e+35 3.7256e+35 3.7256e+35 3.7256e+35 2.61618e+35 1.46469e+36 0 0 4.64348e+42 23.486 0 1
1.43301e+08 2.2837e+35 2.2837e+35 3.00152e+35 3.00152e+35 3.00152e+35 2.34568e+35 1.11139e+36 0 0 4.64348e+42 20.6329 0 1
1.65482e+08 1.82837e+35 1.82837e+35 2.40541e+35 2.40541e+35 2.40541e+35 2.05017e+35 8.29616e+35 0 0 4.64348e+42 18.1263 0 1
1.91095e+08 1.43651e+35 1.43651e+35 1.89314e+35 1.89314e+35 1.89314e+35 1.71807e+35 5.98011e+35 0 0 4.64348e+42 15.9243 0 1
2.20673e+08 1.12454e+35 1.12454e+35 1.48558e+35 1.48558e+35 1.48558e+35 1.4242e+35 4.39611e+35 0 0 4.64348e+42 13.9897 0 1
2.5483e+08 8.69869e+34 8.69869e+34 1.15262e+35 1.15262e+35 1.15262e+35 1.15411e+35 3.20461e+35 0 0 4.64348e+42 12.2902 0 1
2.94273e+08 6.64382e+34 6.64382e+34 8.83487e+34 8.83487e+34 8.83487e+34 9.15131e+34 2.31576e+35 0 0 4.64348e+42 10.7972 0 1
3.39821e+08 4.94694e+34 4.94694e+34 6.60519e+34 6.60519e+34 6.60519e+34 6.97271e+34 1.64198e+35 0 0 4.64348e+42 9.90397 0 1
3.92419e+08 3.69272e+34 3.69272e+34 4.95282e+34 4.95282e+34 4.95282e+34 5.33412e+34 1.19123e+35 0 0 4.64348e+42 9.48548 0 1
4.53158e+08 2.7332e+34 2.7332e+34 3.6839e+34 3.6839e+34 3.6839e+34 4.02867e+34 8.61297e+34 0 0 4.64348e+42 9.08468 0 1
5.23299e+08 1.99839e+34 1.99839e+34 2.70769e+34 2.70769e+34 2.70769e+34 2.98733e+34 6.20725e+34 0 0 4.64348e+42 8.70081 0 1
6.04296e+08 1.45156e+34 1.45156e+34 1.97776e+34 1.97776e+34 1.97776e+34 2.19368e+34 4.42637e+34 0 0 4.64348e+42 8.33316 0 1
6.97831e+08 1.06572e+34 1.06572e+34 1.46058e+34 1.46058e+34 1.46058e+34 1.63799e+34 3.22721e+34 0 0 4.64348e+42 7.98104 0 1
8.05842e+08 7.79478e+33 7.79478e+33 1.07483e+34 1.07483e+34 1.07483e+34 1.21661e+34 2.34954e+34 0 0 4.64348e+42 7.6438 0 1
9.30572e+08 5.6727e+33 5.6727e+33 7.87185e+33 7.87185e+33 7.87185e+33 8.97354e+33 1.70664e+34 0 0 4.64348e+42 7.32082 0 1
1.07461e+09 4.08937e+33 4.08937e+33 5.71188e+33 5.71188e+33 5.71188e+33 6.52895e+33 1.22157e+34 0 0 4.64348e+42 7.3472 0 1
1.24094e+09 2.99172e+33 2.99172e+33 4.20685e+33 4.20685e+33 4.20685e+33 4.86436e+33 8.9526e+33 0 0 4.64348e+42 7.72675 0 1
1.43301e+09 2.18921e+33 2.18921e+33 3.0996e+33 3.0996e+33 3.0996e+33 3.63038e+33 6.54269e+33 0 0 4.64348e+42 8.12591 0 1
1.65482e+09 1.59671e+33 1.59671e+33 2.2766e+33 2.2766e+33 2.2766e+33 2.7001e+33 4.76624e+33 0 0 4.64348e+42 8.54569 0 1
1.91095e+09 1.15343e+33 1.15343e+33 1.65632e+33 1.65632e+33 1.65632e+33 1.9827e+33 3.4126e+33 0 0 4.64348e+42 8.98715 0 1
2.20673e+09 8.44169e+32 8.44169e+32 1.22104e+33 1.22104e+33 1.22104e+33 1.48791e+33 2.50539e+33 0 0 4.64348e+42 9.45142 0 1
2.5483e+09 6.15802e+32 6.15802e+32 8.97277e+32 8.97277e+32 8.97277e+32 1.11318e+33 1.83384e+33 0 0 4.64348e+42 9.93967 0 1
2.94273e+09 4.47149e+32 4.47149e+32 6.5639e+32 6.5639e+32 6.5639e+32 8.28711e+32 1.33768e+33 0 0 4.64348e+42 10.4531 0 1
3.39821e+09 3.2014e+32 3.2014e+32 4.73485e+32 4.73485e+32 4.73485e+32 6.05435e+32 9.58873e+32 0 0 4.64348e+42 10.9931 0 1
3.92419e+09 2.32604e+32 2.32604e+32 3.46632e+32 3.46632e+32 3.46632e+32 4.528e+32 7.04003e+32 0 0 4.64348e+42 11.561 0 1
4.53158e+09 1.68426e+32 1.68426e+32 2.52914e+32 2.52914e+32 2.52914e+32 3.37478e+32 5.14884e+32 0 0 4.64348e+42 12.1583 0 1
5.23299e+09 1.21526e+32 1.21526e+32 1.83895e+32 1.83895e+32 1.83895e+32 2.50631e+32 3.74909e+32 0 0 4.64348e+42 12.7864 0 1
6.04296e+09 8.62756e+31 8.62756e+31 1.3157e+32 1.3157e+32 1.3157e+32 1.82227e+32 2.68448e+32 0 0 4.64348e+42 13.4469 0 1
6.97831e+09 6.22662e+31 6.22662e+31 9.57348e+31 9.57348e+31 9.57348e+31 1.35981e+32 1.96705e+32 0 0 4.64348e+42 14.1416 0 1
8.05842e+09 4.44502e+31 4.44502e+31 6.91451e+31 6.91451e+31 6.91451e+31 1.01121e+32 1.43699e+32 0 0 4.64348e+42 14.8721 0 1
9.30572e+09 3.00575e+31 3.00575e+31 4.84174e+31 4.84174e+31 4.84174e+31 7.47022e+31 1.04651e+32 0 0 4.64348e+42 15.6404 0 1
1.07461e+10 1.59389e+31 1.59389e+31 2.98768e+31 2.98768e+31 2.98768e+31 5.41636e+31 7.51126e+31 0 0 4.64348e+42 17.5488 0 1
1.24094e+10 4.07259e+30 4.07259e+30 1.39935e+31 1.39935e+31 1.39935e+31 4.00727e+31 5.51888e+31 0 0 4.64348e+42 21.0074 0 1
1.43301e+10 1.7973e+29 1.7973e+29 4.64609e+30 4.64609e+30 4.64609e+30 2.94569e+31 4.04385e+31 0 0 4.64348e+42 25.1476 0 1
1.65482e+10 1.90356e+26 1.90356e+26 1.34217e+30 1.34217e+30 1.34217e+30 2.15822e+31 2.95313e+31 0 0 4.64348e+42 30.1038 0 1
1.91095e+10 9.85426e+19 9.85426e+19 3.95136e+29 3.95136e+29 3.95136e+29 1.54971e+31 2.11804e+31 0 0 4.64348e+42 36.0369 0 1
2.20673e+10 5.31238e+07 5.31238e+07 1.30137e+29 1.30137e+29 1.30137e+29 1.13956e+31 1.55616e+31 0 0 4.64348e+42 43.1392 34.7254 1
2.5483e+10 9.69822e-15 9.69822e-15 4.73408e+28 4.73408e+28 4.73408e+28 8.34911e+30 1.13917e+31 0 0 4.64348e+42 51.6413 22.9578 1
2.94273e+10 1.20902e-49 1.20902e-49 1.88993e+28 1.88993e+28 1.88993e+28 6.09696e+30 8.30709e+30 0 0 4.64348e+42 61.819 15.5417 1
3.39821e+10 8.12288e-101 8.12288e-101 8.08055e+27 8.08055e+27 8.08055e+27 4.36205e+30 5.93826e+30 0 0 4.64348e+42 74.0026 10.7604 1
3.92419e+10 6.18145e-170 6.18145e-170 3.81156e+27 3.81156e+27 3.81156e+27 3.20992e+30 4.35966e+30 0 0 4.64348e+42 88.5874 7.61059 1
4.53158e+10 9.01607e-257 9.01607e-257 1.91638e+27 1.91638e+27 1.91638e+27 2.35619e+30 3.19189e+30 0 0 4.64348e+42 106.047 5.49245 1
5.23299e+10 0 0 1.01876e+27 1.01876e+27 1.01876e+27 1.72627e+30 2.32962e+30 0 0 4.64348e+42 126.947 4.04008 1
6.04296e+10 0 0 5.60355e+26 5.60355e+26 5.60355e+26 1.24202e+30 1.66632e+30 0 0 4.64348e+42 151.966 3.02568 1
6.97831e+10 0 0 3.29603e+26 3.29603e+26 3.29603e+26 9.18491e+29 1.22567e+30 0 0 4.64348e+42 181.916 2.3047 1
8.05842e+10 0 0 2.0086e+26 2.0086e+26 2.0086e+26 6.77213e+29 8.99192e+29 0 0 4.64348e+42 217.769 1.78376 1
9.30572e+10 0 0 1.26199e+26 1.26199e+26 1.26199e+26 4.97802e+29 6.57578e+29 0 0 4.64348e+42 260.689 1.40144 1
1.07461e+11 0 0 8.01043e+25 8.01043e+25 8.01043e+25 3.58399e+29 4.70729e+29 0 0 4.64348e+42 312.066 1.11671 1
1.24094e+11 0 0 5.33989e+25 5.33989e+25 5.33989e+25 2.64744e+29 3.46496e+29 0 0 4.64348e+42 373.57 0.901709 1
1.43301e+11 0 0 3.62932e+25 3.62932e+25 3.62932e+25 1.94813e+29 2.54254e+29 0 0 4.64348e+42 447.195 0.737233 1
1.65482e+11 0 0 2.5073e+25 2.5073e+25 2.5073e+25 1.42739e+29 1.85877e+29 0 0 4.64348e+42 535.331 0.609868 1
1.91095e+11 0 0 1.72805e+25 1.72805e+25 1.72805e+25 1.02355e+29 1.32881e+29 0 0 4.64348e+42 640.836 0.510106 1
2.20673e+11 0 0 1.24096e+25 1.24096e+25 1.24096e+25 7.5368e+28 9.77007e+28 0 0 4.64348e+42 767.135 0.431129 1
2.5483e+11 0 0 9.01e+24 9.01e+24 9.01e+24 5.52947e+28 7.15937e+28 0 0 4.64348e+42 918.326 0.367983 1
2.94273e+11 0 0 6.60283e+24 6.60283e+24 6.60283e+24 4.04163e+28 5.22596e+28 0 0 4.64348e+42 1099.31 0.317029 1
3.39821e+11 0 0 4.79474e+24 4.79474e+24 4.79474e+24 2.89218e+28 3.72806e+28 0 0 4.64348e+42 0 0.275565 1
3.92419e+11 0 0 3.6117e+24 3.6117e+24 3.6117e+24 2.12669e+28 2.73622e+28 0 0 4.64348e+42 0 0.241562 1
4.53158e+11 0 0 2.73613e+24 2.73613e+24 2.73613e+24 1.55819e+28 2.00115e+28 0 0 4.64348e+42 0 0.213483 1
5.23299e+11 0 0 2.08217e+24 2.08217e+24 2.08217e+24 1.13734e+28 1.45756e+28 0 0 4.64348e+42 0 0.190154 1
6.04296e+11 0 0 1.56202e+24 1.56202e+24 1.56202e+24 8.12187e+27 1.03682e+28 0 0 4.64348e+42 0 0.170669 1
6.97831e+11 0 0 1.21198e+24 1.21198e+24 1.21198e+24 5.96202e+27 7.59074e+27 0 0 4.64348e+42 0 0.154323 1
8.05842e+11 0 0 9.42403e+23 9.42403e+23 9.42403e+23 4.36017e+27 5.53618e+27 0 0 4.64348e+42 0 0.140565 1
9.30572e+11 0 0 7.33723e+23 7.33723e+23 7.33723e+23 3.17609e+27 4.02003e+27 0 0 4.64348e+42 0 0.12896 1
1.07461e+12 0 0 5.61107e+23 5.61107e+23 5.61107e+23 2.26171e+27 2.84831e+27 0 0 4.64348e+42 0 0.119166 1
1.24094e+12 0 0 4.43e+23 4.43e+23 4.43e+23 1.65626e+27 2.07796e+27 0 0 4.64348e+42 0 0.110908 1
1.43301e+12 0 0 3.49638e+23 3.49638e+23 3.49638e+23 1.20807e+27 1.50967e+27 0 0 4.64348e+42 0 0.103969 1
1.65482e+12 0 0 2.75661e+23 2.75661e+23 2.75661e+23 8.77439e+26 1.09154e+27 0 0 4.64348e+42 0 0.098177 1
1.91095e+12 0 0 2.12863e+23 2.12863e+23 2.12863e+23 6.22439e+26 7.69147e+26 0 0 4.64348e+42 0 0.0933933 1
2.20673e+12 0 0 1.69485e+23 1.69485e+23 1.69485e+23 4.54263e+26 5.58371e+26 0 0 4.64348e+42 0 0.0895108 1
2.5483e+12 0 0 1.34628e+23 1.34628e+23 1.34628e+23 3.30103e+26 4.03479e+26 0 0 4.64348e+42 0 0.0864461 1
2.94273e+12 0 0 1.06612e+23 1.06612e+23 1.06612e+23 2.38781e+26 2.89998e+26 0 0 4.64348e+42 0 0.0841374 1
3.39821e+12 0 0 8.24436e+22 8.24436e+22 8.24436e+22 1.6848e+26 2.02784e+26 0 0 4.64348e+42 0 0.082541 1
3.92419e+12 0 0 6.56684e+22 6.56684e+22 6.56684e+22 1.22375e+26 1.46215e+26 0 0 4.64348e+42 0 0.08163 1
4.53158e+12 1.42994e-297 1.42994e-297 5.20639e+22 5.20639e+22 5.20639e+22 8.84634e+25 1.0487e+26 0 0 4.64348e+42 0 0.0813928 1
5.23299e+12 1.24466e-266 1.24466e-266 4.10493e+22 4.10493e+22 4.10493e+22 6.36242e+25 7.47595e+25 0 0 4.64348e+42 0 0.0818329 1
6.04296e+12 2.5143e-238 2.5143e-238 3.14809e+22 3.14809e+22 3.14809e+22 4.4558e+25 5.17241e+25 0 0 4.64348e+42 0 0.0829683 1
6.97831e+12 1.76313e-212 1.76313e-212 2.48281e+22 2.48281e+22 2.48281e+22 3.21506e+25 3.69484e+25 0 0 4.64348e+42 0 0.0848322 1
8.05842e+12 5.93379e-189 5.93379e-189 1.94241e+22 1.94241e+22 1.94241e+22 2.30731e+25 2.62315e+25 0 0 4.64348e+42 0 0.0874729 1
9.30572e+12 1.37718e-167 1.37718e-167 1.50541e+22 1.50541e+22 1.50541e+22 1.64627e+25 1.84917e+25 0 0 4.64348e+42 0 0.0909553 1
1.07461e+13 3.08569e-148 3.0857e-148 1.12812e+22 1.12812e+22 1.12812e+22 1.14101e+25 1.26081e+25 0 0 4.64348e+42 0 0.0953611 1
1.24094e+13 1.00683e-130 1.00683e-130 8.67101e+21 8.67101e+21 8.67101e+21 8.15785e+24 8.89278e+24 0 0 4.64348e+42 0 0.10079 1
1.43301e+13 6.46541e-115 6.46541e-115 6.57786e+21 6.57786e+21 6.57786e+21 5.79621e+24 6.22664e+24 0 0 4.64348e+42 0 0.10736 1
1.65482e+13 1.12825e-100 1.12826e-100 4.91672e+21 4.91672e+21 4.91672e+21 4.09035e+24 4.32334e+24 0 0 4.64348e+42 0 0.115206 1
1.91095e+13 7.0832e-88 7.08321e-88 3.5259e+21 3.5259e+21 3.5259e+21 2.79454e+24 2.8893e+24 0 0 4.64348e+42 0 0.12448 1
2.20673e+13 2.27759e-76 2.27759e-76 2.58709e+21 2.58709e+21 2.58709e+21 1.97304e+24 2.00322e+24 0 0 4.64348e+42 0 0.135345 1
2.5483e+13 4.71664e-66 4.71665e-66 1.86428e+21 1.86428e+21 1.86428e+21 1.38272e+24 1.37669e+24 0 0 4.64348e+42 0 0.147968 1
2.94273e+13 8.07816e-57 8.07819e-57 1.31801e+21 1.31801e+21 1.31801e+21 9.61223e+23 9.3657e+23 0 0 4.64348e+42 0 0.162507 1
3.39821e+13 1.40209e-48 1.4021e-48 8.87876e+20 8.87876e+20 8.87876e+20 6.43784e+23 6.0898e+23 0 0 4.64348e+42 0 0.179093 1
3.92419e+13 3.28747e-41 3.2875e-41 6.13171e+20 6.13171e+20 6.13171e+20 4.46807e+23 4.12606e+23 0 0 4.64348e+42 0 0.197804 1
4.53158e+13 1.21326e-34 1.21327e-34 4.1543e+20 4.1543e+20 4.1543e+20 3.07315e+23 2.76547e+23 0 0 4.64348e+42 0 0.218621 1
5.23299e+13 8.44064e-29 8.44076e-29 2.76142e+20 2.76142e+20 2.76142e+20 2.09304e+23 1.83058e+23 0 0 4.64348e+42 0 0.241387 1
6.04296e+13 1.26225e-23 1.26227e-23 1.74183e+20 1.74183e+20 1.74183e+20 1.36382e+23 1.14639e+23 0 0 4.64348e+42 0 0.265741 1
6.97831e+13 5.133e-19 5.13312e-19 1.13529e+20 1.13529e+20 1.13529e+20 9.2469e+22 7.53111e+22 0 0 4.64348e+42 0 0.291055 1
8.05842e+13 6.18954e-15 6.1897e-15 7.27526e+19 7.27526e+19 7.27526e+19 6.19991e+22 4.88141e+22 0 0 4.64348e+42 0 0.316368 1
9.30572e+13 2.50462e-11 2.5047e-11 4.58457e+19 4.58457e+19 4.58457e+19 4.10652e+22 3.11514e+22 0 0 4.64348e+42 0 0.340344 1
1.07461e+14 3.64982e-08 3.64996e-08 2.72596e+19 2.72596e+19 2.72596e+19 2.5754e+22 1.85234e+22 0 0 4.64348e+42 0 0 1
1.24094e+14 2.3461e-05 2.34623e-05 1.69319e+19 1.69319e+19 1.69319e+19 1.69144e+22 1.16764e+22 0 0 4.64348e+42 0 0 1
1.43301e+14 0.00686717 0.00686786 1.0353e+19 1.0353e+19 1.0353e+19 1.09531e+22 7.23704e+21 0 0 4.64348e+42 0 0 1
1.65482e+14 0.993084 0.99329 6.22794e+18 6.22794e+18 6.22794e+18 6.98384e+21 4.39819e+21 0 0 4.64348e+42 0 0 1
1.91095e+14 72.3648 72.3959 3.49154e+18 3.49154e+18 3.49154e+18 4.15074e+21 2.43348e+21 0 0 4.64348e+42 0 0 1
2.20673e+14 3223.97 3226.69 2.07135e+18 2.07135e+18 2.07135e+18 2.60955e+21 1.45143e+21 0 0 4.64348e+42 0 0 1
2.5483e+14 86553.9 86686.4 1.20756e+18 1.20756e+18 1.20756e+18 1.61092e+21 8.47395e+20 0 0 4.64348e+42 0 0 1
2.94273e+14 1.47523e+06 1.47902e+06 6.90939e+17 6.90939e+17 6.90939e+17 9.7489e+20 4.82526e+20 0 0 4.64348e+42 0 0 1
3.39821e+14 1.55368e+07 1.5599e+07 3.60025e+17 3.60025e+17 3.60025e+17 5.36499e+20 2.41207e+20 0 0 4.64348e+42 0 0 1
3.92419e+14 1.24826e+08 1.25556e+08 2.02069e+17 2.02069e+17 2.02069e+17 3.17488e+20 1.33591e+20 0 0 4.64348e+42 0 0 1
4.53158e+14 7.21729e+08 7.27546e+08 1.10912e+17 1.10912e+17 1.10912e+17 1.83397e+20 7.20173e+19 0 0 4.64348e+42 0 0 1
5.23299e+14 3.10297e+09 3.13575e+09 5.94413e+16 5.94413e+16 5.94413e+16 1.03235e+20 3.76072e+19 0 0 4.64348e+42 0 0 1
6.04296e+14 9.16938e+09 9.29082e+09 2.78839e+16 2.78839e+16 2.78839e+16 5.07584e+19 1.62577e+19 0 0 4.64348e+42 0 0 1
6.97831e+14 2.42238e+10 2.46109e+10 1.44904e+16 1.44904e+16 1.44904e+16 2.75877e+19 8.15084e+18 0 0 4.64348e+42 0 0 1
8.05842e+14 5.13223e+10 5.22787e+10 7.30299e+15 7.30299e+15 7.30299e+15 1.45098e+19 3.95045e+18 0 0 4.64348e+42 0 0 1
9.30572e+14 8.9017e+10 9.08951e+10 3.56561e+15 3.56561e+15 3.56561e+15 7.37655e+18 1.83905e+18 0 0 4.64348e+42 0 0 1
1.07461e+15 1.08842e+11 1.11375e+11 1.42445e+15 1.42445e+15 1.42445e+15 3.06164e+18 6.42671e+17 0 0 4.64348e+42 0 0 1
1.24094e+15 1.3551e+11 1.38909e+11 6.61123e+14 6.61123e+14 6.61123e+14 1.47302e+18 2.81423e+17 0 0 4.64348e+42 0 0 1
1.43301e+15 1.43618e+11 1.47423e+11 2.93523e+14 2.93523e+14 2.93523e+14 6.7643e+17 1.18199e+17 0 0 4.64348e+42 0 0 1
1.65482e+15 1.31467e+11 1.35082e+11 1.24789e+14 1.24789e+14 1.24789e+14 2.96796e+17 4.72405e+16 0 0 4.64348e+42 0 0 1
1.91095e+15 8.02738e+10 8.25272e+10 3.87666e+13 3.87666e+13 3.87666e+13 9.49512e+16 1.19305e+16 0 0 4.64348e+42 0 0 1
2.20673e+15 5.6979e+10 5.85894e+10 1.51749e+13 1.51749e+13 1.51749e+13 3.81948e+16 4.31663e+15 0 0 4.64348e+42 0 0 1
2.5483e+15 3.51334e+10 3.61206e+10 5.54096e+12 5.54096e+12 5.54096e+12 1.43018e+16 1.486e+15 0 0 4.64348e+42 0 0 1
2.94273e+15 1.90406e+10 1.95666e+10 1.89373e+12 1.89373e+12 1.89373e+12 5.00222e+15 4.856e+14 0 0 4.64348e+42 0 0 1
3.39821e+15 5.99378e+09 6.15495e+09 3.97412e+11 3.97412e+11 3.97412e+11 1.07215e+15 7.27231e+13 0 0 4.64348e+42 0 0 1
3.92419e+15 2.57698e+09 2.64383e+09 1.19636e+11 1.19636e+11 1.19636e+11 3.29e+14 1.97006e+13 0 0 4.64348e+42 0 0 1
4.53158e+15 9.4315e+08 9.66566e+08 3.20148e+10 3.20148e+10 3.20148e+10 8.95738e+13 4.99377e+12 0 0 4.64348e+42 0 0 1
5.23299e+15 2.91009e+08 2.97875e+08 7.50413e+09 7.50413e+09 7.50413e+09 2.13217e+13 1.22283e+12 0 0 4.64348e+42 0 0 1
6.04296e+15 4.23965e+07 4.3341e+07 8.59015e+08 8.59015e+08 8.59015e+08 2.47418e+12 8.27581e+10 0 0 4.64348e+42 0 0 1
6.97831e+15 1.03048e+07 1.05203e+07 1.69011e+08 1.69011e+08 1.69011e+08 4.92599e+11 1.40705e+10 0 0 4.64348e+42 0 0 1
8.05842e+15 2.00157e+06 2.04068e+06 2.72806e+07 2.72806e+07 2.72806e+07 8.0324e+10 2.09702e+09 0 0 4.64348e+42 0 0 1
9.30572e+15 287648 292874 3.33432e+06 3.33432e+06 3.33432e+06 9.9014e+09 3.06211e+08 0 0 4.64348e+42 0 0 1
1.07461e+16 13980.4 14215.5 140667 140667 140667 4.20617e+08 7.08923e+06 0 0 4.64348e+42 0 0 1
1.24094e+16 1498.1 1521.34 13321.6 13321.6 13321.6 4.00486e+07 557745 0 0 4.64348e+42 0 0 1
1.43301e+16 112.326 113.928 896.856 896.856 896.856 2.70672e+06 32280.9 0 0 4.64348e+42 0 0 1
1.65482e+16 5.36075 5.43084 38.9729 38.9729 38.9729 117909 1621.31 0 0 4.64348e+42 0 0 1
1.91095e+16 0.0444275 0.0449584 0.297732 0.297732 0.297732 901.713 8.23512 0 0 4.64348e+42 0 0 1
2.20673e+16 0.00127386 0.00128773 0.00795489 0.00795489 0.00795489 24.0854 0.18067 0 0 4.64348e+42 0 0 1
2.5483e+16 1.82573e-05 1.84383e-05 0.000107259 0.000107259 0.000107259 0.324242 0.00214665 0 0 4.64348e+42 0 0 1
2.94273e+16 1.2584e-07 1.26972e-07 7.01364e-07 7.01364e-07 7.01364e-07 0.00211424 1.38014e-05 0 0 4.64348e+42 0 0 1
3.39821e+16 7.15454e-11 7.21284e-11 3.811e-10 3.811e-10 3.811e-10 1.1442e-06 6.86768e-09 0 0 4.64348e+42 0 0 1
3.92419e+16 1.46172e-13 1.4725e-13 7.48991e-13 7.48991e-13 7.48991e-13 2.23715e-09 1.3004e-11 0 0 4.64348e+42 0 0 1
4.53158e+16 8.1941e-17 8.24861e-17 4.06208e-16 4.06208e-16 4.06208e-16 1.2057e-12 6.94568e-15 0 0 4.64348e+42 0 0 1
5.23299e+16 1.25595e-20 1.26349e-20 6.05394e-20 6.05394e-20 6.05394e-20 1.78378e-16 1.02566e-18 0 0 4.64348e+42 0 0 1
6.04296e+16 8.19602e-26 8.24026e-26 3.85835e-25 3.85835e-25 3.85835e-25 1.1274e-21 6.47353e-24 0 0 4.64348e+42 0 0 1
6.97831e+16 9.95876e-31 1.00071e-30 4.59647e-30 4.59647e-30 4.59647e-30 1.33058e-26 7.63878e-29 0 0 4.64348e+42 0 0 1
8.05842e+16 1.47185e-36 1.47827e-36 6.68321e-36 6.68321e-36 6.68321e-36 1.91492e-32 1.09925e-34 0 0 4.64348e+42 0 0 1
9.30572e+16 0 0 0 0 0 0 0 0 0 4.64348e+42 0 0 1