
1.07461e-07 0 0 0 3.10579e+49 1.59313e+59 0 0 4.62973e+41 0 4.64348e+42 0 0 0
1.24094e-07 0 0 0 3.56776e+49 1.43989e+59 0 0 5.34633e+41 0 4.64348e+42 0 0 0
1.43301e-07 0 0 0 4.09599e+49 1.30061e+59 0 0 6.17385e+41 0 4.64348e+42 0 0 0
1.65482e-07 0 0 0 4.6993e+49 1.17403e+59 0 0 7.12945e+41 0 4.64348e+42 0 0 0
1.91095e-07 0 0 0 5.38747e+49 1.05898e+59 0 0 8.23296e+41 0 4.64348e+42 0 0 0
2.20673e-07 0 0 0 6.17127e+49 9.54409e+58 0 0 9.50727e+41 0 4.64348e+42 0 0 0
2.5483e-07 0 0 0 7.06255e+49 8.59368e+58 0 0 1.09788e+42 0 4.64348e+42 0 0 0
2.94273e-07 0 0 0 8.07417e+49 7.72992e+58 0 0 1.26781e+42 0 4.64348e+42 0 0 0
3.39821e-07 0 0 0 9.22003e+49 6.94495e+58 0 0 1.46405e+42 0 4.64348e+42 0 0 0
3.92419e-07 0 0 0 1.05149e+50 6.23165e+58 0 0 1.69066e+42 0 4.64348e+42 0 0 0
4.53158e-07 0 0 2.55536e-234 1.19744e+50 5.58357e+58 0 0 1.95234e+42 0 4.64348e+42 0 0 0
5.23299e-07 0 0 3.0564e-196 1.36146e+50 4.99486e+58 0 0 2.25453e+42 0 4.64348e+42 0 0 0
6.04296e-07 0 0 2.9234e-163 1.54518e+50 4.46024e+58 0 0 2.60349e+42 0 4.64348e+42 0 0 0
6.97831e-07 0 0 1.07767e-134 1.75022e+50 3.97489e+58 0 0 3.00646e+42 0 4.64348e+42 0 0 0
8.05842e-07 0 0 5.97629e-110 1.97809e+50 3.5345e+58 0 0 3.47181e+42 0 4.64348e+42 0 0 0
9.30572e-07 0 0 1.62132e-88 2.23017e+50 3.13514e+58 0 0 4.00918e+42 0 4.64348e+42 0 0 0
1.07461e-06 0 0 5.97399e-70 2.50755e+50 2.77326e+58 0 0 4.62973e+42 0 4.64348e+42 0 0 0
1.24094e-06 0 0 7.23807e-54 2.811e+50 2.44568e+58 0 0 5.34633e+42 0 4.64348e+42 0 0 0
1.43301e-06 0 0 6.20082e-40 3.14075e+50 2.14952e+58 0 0 6.17385e+42 0 4.64348e+42 0 0 0
1.65482e-06 0 0 7.28874e-28 3.49641e+50 1.88217e+58 0 0 7.12945e+42 0 4.64348e+42 0 0 0
1.91095e-06 0 0 2.08699e-17 3.87676e+50 1.6413e+58 0 0 8.23296e+42 0 4.64348e+42 0 0 0
2.20673e-06 0 0 2.39277e-08 4.27966e+50 1.42481e+58 0 0 9.50727e+42 0 4.64348e+42 0 0 0
2.5483e-06 0 0 1.68919 4.7019e+50 1.2308e+58 0 0 1.09788e+43 0 4.64348e+42 0 0 0
2.94273e-06 0 0 1.06579e+07 5.13915e+50 1.05754e+58 0 0 1.26781e+43 0 4.64348e+42 0 0 0
3.39821e-06 0 0 8.29843e+12 5.58605e+50 9.03478e+57 0 0 1.46405e+43 0 4.64348e+42 0 0 0
3.92419e-06 0 0 1.05435e+18 6.03642e+50 7.67186e+57 0 0 1.69066e+43 0 4.64348e+42 0 0 0
4.53158e-06 0 0 2.78445e+22 6.48366e+50 6.47346e+57 0 0 1.95234e+43 0 4.64348e+42 0 0 0
5.23299e-06 0 0 1.88504e+26 6.92148e+50 5.42724e+57 0 0 2.25453e+43 0 4.64348e+42 0 0 0
6.04296e-06 0 0 3.92351e+29 7.34486e+50 4.52143e+57 0 0 2.60349e+43 0 4.64348e+42 0 0 0
6.97831e-06 0 0 2.93978e+32 7.75132e+50 3.74466e+57 0 0 3.00646e+43 0 4.64348e+42 0 0 0
8.05842e-06 0 0 9.09434e+34 8.1424e+50 3.08565e+57 0 0 3.47181e+43 0 4.64348e+42 0 0 0
9.30572e-06 0 0 1.30875e+37 8.52518e+50 2.53315e+57 0 0 4.00918e+43 0 4.64348e+42 0 0 0
1.07461e-05 0 0 9.72196e+38 8.91359e+50 2.07575e+57 0 0 4.62973e+43 0 4.64348e+42 0 0 0
1.24094e-05 0 0 4.08241e+40 9.3291e+50 1.70192e+57 0 0 5.34633e+43 0 4.64348e+42 0 0 0
1.43301e-05 0 0 1.04902e+42 9.80039e+50 1.40008e+57 0 0 6.17385e+43 0 4.64348e+42 0 0 0
1.65482e-05 0 0 1.76738e+43 1.03616e+51 1.1588e+57 0 0 7.12945e+43 0 4.64348e+42 0 0 0
1.91095e-05 0 0 2.07219e+44 1.1049e+51 9.67117e+56 0 0 8.23296e+43 0 4.64348e+42 0 0 0
2.20673e-05 0 0 1.77906e+45 1.18971e+51 8.14878e+56 0 0 9.50727e+43 0 4.64348e+42 0 0 0
2.5483e-05 0 0 1.16751e+46 1.29336e+51 6.93099e+56 0 0 1.09788e+44 0 4.64348e+42 0 0 0
2.94273e-05 0 0 6.07096e+46 1.41768e+51 5.94251e+56 0 0 1.26781e+44 0 4.64348e+42 0 0 0
3.39821e-05 0 0 2.57799e+47 1.56348e+51 5.12401e+56 0 0 1.46405e+44 0 4.64348e+42 0 0 0
3.92419e-05 0 0 9.17209e+47 1.7308e+51 4.43175e+56 0 0 1.69066e+44 0 4.64348e+42 0 0 0
4.53158e-05 0 0 2.79556e+48 1.91945e+51 3.83562e+56 0 0 1.95234e+44 0 4.64348e+42 0 0 0
5.23299e-05 0 0 7.44389e+48 2.12955e+51 3.31601e+56 0 0 2.25453e+44 0 4.64348e+42 0 0 0
6.04296e-05 0 0 1.76224e+49 2.36208e+51 2.8605e+56 0 0 2.60349e+44 0 4.64348e+42 0 0 0
6.97831e-05 0 0 3.76748e+49 2.61913e+51 2.46091e+56 0 0 3.00646e+44 0 4.64348e+42 0 0 0
8.05842e-05 0 0 7.37566e+49 2.90402e+51 2.11125e+56 0 0 3.47181e+44 0 4.64348e+42 0 0 0
9.30572e-05 0 0 1.33858e+50 3.22128e+51 1.80654e+56 0 0 4.00918e+44 0 4.64348e+42 0 0 0
0.000107461 0 0 2.27641e+50 3.57669e+51 1.54221e+56 0 0 4.62973e+44 0 4.64348e+42 0 0 0
0.000124094 0 0 3.66174e+50 3.97722e+51 1.31393e+56 0 0 5.34632e+44 0 4.64348e+42 0 0 0
0.000143301 0 0 5.61646e+50 4.43107e+51 1.11755e+56 0 0 6.17384e+44 0 4.64348e+42 0 0 0
0.000165482 0 0 8.27155e+50 4.94762e+51 9.49165e+55 0 0 7.12943e+44 0 4.64348e+42 0 0 0
0.000191095 0 0 1.1766e+51 5.53755e+51 8.05106e+55 0 0 8.23294e+44 0 4.64348e+42 0 0 0
0.000220673 0 0 1.62474e+51 6.21309e+51 6.8205e+55 0 0 9.50725e+44 0 4.64348e+42 0 0 0
0.00025483 0 0 2.18747e+51 6.98856e+51 5.77033e+55 0 0 1.09788e+45 0 4.64348e+42 0 0 0
0.000294273 0 0 2.88243e+51 7.88117e+51 4.8747e+55 0 0 1.26781e+45 0 4.64348e+42 0 0 0
0.000339821 0 0 3.72986e+51 8.91196e+51 4.11142e+55 0 0 1.46404e+45 0 4.64348e+42 0 0 0
0.000392419 0 0 4.75369e+51 1.01067e+52 3.46159e+55 0 0 1.69065e+45 0 4.64348e+42 0 0 0
0.000453158 0 0 5.98266e+51 1.14965e+52 2.9091e+55 0 0 1.95233e+45 0 4.64348e+42 0 0 0
0.000523299 0 0 7.45133e+51 1.31184e+52 2.44013e+55 0 0 2.25452e+45 0 4.64348e+42 0 0 0
0.000604296 0 0 9.20126e+51 1.50166e+52 2.04276e+55 0 0 2.60347e+45 0 4.64348e+42 0 0 0
0.000697831 0 0 1.12826e+52 1.72433e+52 1.70667e+55 0 0 3.00644e+45 0 4.64348e+42 0 0 0
0.000805842 0 0 1.37565e+52 1.98622e+52 1.42293e+55 0 0 3.47178e+45 0 4.64348e+42 0 0 0
0.000930572 0 0 1.66973e+52 2.29501e+52 1.18386e+55 0 0 4.00914e+45 0 4.64348e+42 0 0 0
0.00107461 0 0 2.01962e+52 2.66006e+52 9.82831e+54 0 0 4.62968e+45 0 4.64348e+42 0 0 0
0.00124094 0 0 2.4364e+52 3.0927e+52 8.14142e+54 0 0 5.34626e+45 0 4.64348e+42 0 0 0
0.00143301 0 0 2.93357e+52 3.60663e+52 6.72903e+54 0 0 6.17375e+45 0 4.64348e+42 0 0 0
0.00165482 0 0 3.52756e+52 4.21848e+52 5.54915e+54 0 0 7.12932e+45 0 4.64348e+42 0 0 0
0.00191095 0 0 4.23843e+52 4.9485e+52 4.56577e+54 0 0 8.23278e+45 0 4.64348e+42 0 0 0
0.00220673 0 0 5.09066e+52 5.82139e+52 3.74813e+54 0 0 9.50704e+45 0 4.64348e+42 0 0 0
0.0025483 0 0 6.11417e+52 6.86724e+52 3.06992e+54 0 0 1.09785e+46 0 4.64348e+42 0 0 0
0.00294273 0 0 7.34553e+52 8.12281e+52 2.50874e+54 0 0 1.26777e+46 0 4.64348e+42 0 0 0
0.00339821 0 0 8.8295e+52 9.63306e+52 2.04555e+54 0 0 1.464e+46 0 4.64348e+42 0 0 0
0.00392419 0 0 1.06209e+53 1.1453e+53 1.66418e+54 0 0 1.69059e+46 0 4.64348e+42 0 0 0
0.00453158 0 0 1.27864e+53 1.36495e+53 1.35097e+54 0 0 1.95225e+46 0 4.64348e+42 0 0 0
0.00523299 0 0 1.53916e+53 1.62873e+53 1.09435e+54 0 0 2.2544e+46 0 4.64348e+42 0 0 0
0.00604296 0 0 1.83919e+53 1.93152e+53 8.84625e+53 0 0 2.60332e+46 0 4.64348e+42 0 0 0
0.00697831 0 0 2.13891e+53 2.23159e+53 7.13635e+53 0 0 3.00623e+46 0 4.64348e+42 0 0 0
0.00805842 0 0 2.36244e+53 2.45083e+53 5.74556e+53 0 0 3.4715e+46 0 4.64348e+42 0 0 0
0.00930572 0 0 2.44444e+53 2.52345e+53 4.61695e+53 0 0 4.00878e+46 0 4.64348e+42 0 0 0
0.0107461 0 0 2.37171e+53 2.43795e+53 3.70317e+53 0 0 4.62919e+46 0 4.64348e+42 0 0 0
0.0124094 0 0 2.17873e+53 2.23133e+53 2.96495e+53 0 0 5.34561e+46 0 4.64348e+42 0 0 0
0.0143301 0 0 1.918e+53 1.95802e+53 2.36983e+53 0 0 6.17289e+46 0 4.64348e+42 0 0 0
0.0165482 0 0 1.636e+53 1.66553e+53 1.89105e+53 0 0 7.12817e+46 0 4.64348e+42 0 0 0
0.0191095 0 0 1.3641e+53 1.38539e+53 1.50662e+53 0 0 8.23125e+46 0 4.64348e+42 0 0 0
0.0220673 0 0 1.11917e+53 1.13428e+53 1.19854e+53 0 0 9.50499e+46 0 4.64348e+42 0 0 0
0.025483 0 0 9.07786e+52 9.18392e+52 9.52097e+52 0 0 1.09758e+47 0 4.64348e+42 0 0 0
0.0294273 0 0 7.30376e+52 7.3776e+52 7.55291e+52 0 0 1.26741e+47 0 4.64348e+42 0 0 0
0.0339821 0 0 5.84218e+52 5.89328e+52 5.98386e+52 0 0 1.46351e+47 0 4.64348e+42 0 0 0
0.0392419 0 0 4.65312e+52 4.68835e+52 4.7349e+52 0 0 1.68994e+47 0 4.64348e+42 0 0 0
0.0453158 0 0 3.69418e+52 3.71838e+52 3.74219e+52 0 0 1.95138e+47 0 4.64348e+42 0 0 0
0.0523299 0 0 2.92557e+52 2.94216e+52 2.95429e+52 0 0 2.25325e+47 0 4.64348e+42 0 0 0
0.0604296 0 0 2.31227e+52 2.32362e+52 2.32978e+52 0 0 2.60178e+47 0 4.64348e+42 0 0 0
0.0697831 0 0 1.82454e+52 1.83229e+52 1.83541e+52 0 0 3.00419e+47 0 4.64348e+42 0 0 0
0.0805842 0 0 1.43766e+52 1.44296e+52 1.44453e+52 0 0 3.46877e+47 0 4.64348e+42 0 0 0
0.0930572 0 0 1.13144e+52 1.13504e+52 1.13583e+52 0 0 4.00513e+47 0 4.64348e+42 0 0 0
0.107461 0 0 8.89453e+51 8.91907e+51 8.92304e+51 0 0 4.62433e+47 0 4.64348e+42 0 0 0
0.124094 0 0 6.9852e+51 7.00188e+51 7.00387e+51 0 0 5.33913e+47 0 4.64348e+42 0 0 0
0.143301 0 0 5.48058e+51 5.49191e+51 5.49291e+51 0 0 6.16425e+47 0 4.64348e+42 0 0 0
0.165482 0 0 4.29626e+51 4.30395e+51 4.30445e+51 0 0 7.11665e+47 0 4.64348e+42 0 0 0
0.191095 0 0 3.36502e+51 3.37024e+51 3.37049e+51 0 0 8.21589e+47 0 4.64348e+42 0 0 0
0.220673 0 0 2.6335e+51 2.63703e+51 2.63715e+51 0 0 9.48452e+47 0 4.64348e+42 0 0 0
0.25483 0 0 2.05937e+51 2.06176e+51 2.06183e+51 0 0 1.09485e+48 0 4.64348e+42 0 0 0
0.294273 0 0 1.60917e+51 1.61079e+51 1.61082e+51 0 0 1.26377e+48 0 4.64348e+42 0 0 0
0.339821 0 0 1.25642e+51 1.25752e+51 1.25753e+51 0 0 1.45866e+48 0 4.64348e+42 0 0 0
0.392419 0 0 9.80262e+50 9.81002e+50 9.81009e+50 0 0 1.68347e+48 0 4.64348e+42 0 0 0
0.453158 0 0 7.6422e+50 7.64719e+50 7.64726e+50 0 0 1.94276e+48 0 4.64348e+42 0 0 0
0.523299 0 0 5.95344e+50 5.9568e+50 5.95684e+50 0 0 2.24175e+48 0 4.64348e+42 0 0 0
0.604296 0 0 4.63432e+50 4.63659e+50 4.6366e+50 0 0 2.58645e+48 0 4.64348e+42 0 0 0
0.697831 0 0 3.6047e+50 3.60623e+50 3.60624e+50 0 0 2.98375e+48 0 4.64348e+42 0 0 0
0.805842 0 0 2.80165e+50 2.80268e+50 2.80269e+50 0 0 3.44154e+48 0 4.64348e+42 0 0 0
0.930572 4.37643e-207 4.37643e-207 2.1758e+50 2.17649e+50 2.17649e+50 0 0 3.96883e+48 1.34842e-207 4.64348e+42 0 0 0
1.07461 1.07445e-138 1.07445e-138 1.68842e+50 1.68888e+50 1.68888e+50 0 0 4.57595e+48 3.69391e-139 4.64348e+42 0 0 0
1.24094 2.05257e-88 2.05257e-88 1.30916e+50 1.30948e+50 1.30948e+50 0 0 5.27465e+48 7.88004e-89 4.64348e+42 0 0 0
1.43301 1.75173e-51 1.75173e-51 1.01429e+50 1.0145e+50 1.0145e+50 0 0 6.07833e+48 7.51566e-52 4.64348e+42 0 0 0
1.65482 2.17382e-24 2.17382e-24 7.85209e+49 7.85349e+49 7.85349e+49 0 0 7.00218e+48 1.04311e-24 4.64348e+42 0 0 0
1.91095 0.000153282 0.000153282 6.07389e+49 6.07483e+49 6.07483e+49 0 0 8.0634e+48 8.23255e-05 4.64348e+42 0 0 0
2.20673 5.01598e+10 5.01598e+10 4.69476e+49 4.69539e+49 4.69539e+49 0 0 9.28141e+48 3.01756e+10 4.64348e+42 0 0 0
2.5483 1.95858e+21 1.95858e+21 3.62605e+49 3.62647e+49 3.62647e+49 0 0 1.0678e+49 1.32072e+21 4.64348e+42 0 0 0
2.94273 9.99566e+28 9.99566e+28 2.79861e+49 2.79889e+49 2.79889e+49 0 0 1.22776e+49 7.56046e+28 4.64348e+42 0 0 0
3.39821 3.89076e+34 3.89076e+34 2.15851e+49 2.1587e+49 2.1587e+49 0 0 1.41072e+49 3.30303e+34 4.64348e+42 0 0 0
3.92419 4.235e+38 4.235e+38 1.66375e+49 1.66388e+49 1.66388e+49 0 0 1.61968e+49 4.03765e+38 4.64348e+42 0 0 0
4.53158 3.35453e+41 3.35453e+41 1.28165e+49 1.28173e+49 1.28173e+49 0 0 1.8579e+49 3.59362e+41 4.64348e+42 0 0 0
5.23299 3.9078e+43 3.9078e+43 9.86787e+48 9.86843e+48 9.86843e+48 0 0 2.12892e+49 4.70603e+43 4.64348e+42 0 0 0
6.04296 1.12298e+45 1.12298e+45 7.59414e+48 7.59451e+48 7.59451e+48 0 0 2.43648e+49 1.52083e+45 4.64348e+42 0 0 0
6.97831 1.16389e+46 1.16389e+46 5.84207e+48 5.84232e+48 5.84232e+48 0 0 2.78453e+49 1.77309e+46 4.64348e+42 0 0 0
8.05842 5.74869e+46 5.74869e+46 4.49283e+48 4.493e+48 4.493e+48 0 0 3.17704e+49 9.85354e+46 4.64348e+42 0 0 0
9.30572 1.65964e+47 1.65964e+47 3.4544e+48 3.45451e+48 3.45451e+48 0 0 3.61792e+49 3.201e+47 4.64348e+42 0 0 0
10.7461 3.25163e+47 3.25163e+47 2.65557e+48 2.65564e+48 2.65564e+48 0 0 4.11078e+49 7.05718e+47 4.64348e+42 0 0 0
12.4094 4.82153e+47 4.82153e+47 2.04131e+48 2.04136e+48 2.04136e+48 0 0 4.65862e+49 1.17743e+48 4.64348e+42 0 0 0
14.3301 5.85798e+47 5.85798e+47 1.56914e+48 1.56917e+48 1.56917e+48 0 0 5.26342e+49 1.60929e+48 4.64348e+42 0 0 0
16.5482 6.17767e+47 6.17767e+47 1.20628e+48 1.2063e+48 1.2063e+48 0 0 5.92558e+49 1.90862e+48 4.64348e+42 0 0 0
19.1095 5.89554e+47 5.89554e+47 9.27486e+47 9.275e+47 9.275e+47 0 0 6.64328e+49 2.04761e+48 4.64348e+42 0 0 0
22.0673 5.2466e+47 5.2466e+47 7.1331e+47 7.13319e+47 7.13319e+47 0 0 7.41152e+49 2.04736e+48 4.64348e+42 0 0 0
25.483 4.44852e+47 4.44852e+47 5.4879e+47 5.48797e+47 5.48797e+47 0 0 8.22112e+49 1.94906e+48 4.64348e+42 0 0 0
29.4273 3.64893e+47 3.64893e+47 4.22423e+47 4.22427e+47 4.22427e+47 0 0 9.05745e+49 1.79347e+48 4.64348e+42 0 0 0
33.9821 2.9269e+47 2.9269e+47 3.25366e+47 3.25368e+47 3.25368e+47 0 0 9.8991e+49 1.61206e+48 4.64348e+42 0 0 0
39.2419 2.31324e+47 2.31324e+47 2.50822e+47 2.50824e+47 2.50824e+47 0 0 1.07166e+50 1.42579e+48 4.64348e+42 0 0 0
45.3158 1.81089e+47 1.81089e+47 1.93571e+47 1.93573e+47 1.93573e+47 0 0 1.14713e+50 1.24698e+48 4.64348e+42 0 0 0
52.3299 1.40935e+47 1.40935e+47 1.49602e+47 1.49603e+47 1.49603e+47 0 0 1.2115e+50 1.08197e+48 4.64348e+42 0 0 0
60.4296 1.09326e+47 1.09326e+47 1.1583e+47 1.15831e+47 1.15831e+47 0 0 1.25907e+50 9.33332e+47 4.64348e+42 0 0 0
69.7831 8.46847e+46 8.46847e+46 8.98853e+46 8.98856e+46 8.98856e+46 0 0 1.28356e+50 8.01462e+47 4.64348e+42 0 0 0
80.5842 6.55908e+46 6.55908e+46 6.99434e+46 6.99436e+46 6.99436e+46 0 0 1.27863e+50 6.85604e+47 4.64348e+42 0 0 0
93.0572 5.08449e+46 5.08449e+46 5.46006e+46 5.46008e+46 5.46008e+46 0 0 1.23882e+50 5.84463e+47 4.64348e+42 0 0 0
107.461 3.9471e+46 3.9471e+46 4.27764e+46 4.27765e+46 4.27765e+46 0 0 1.1608e+50 4.96554e+47 4.64348e+42 0 0 0
124.094 3.06929e+46 3.06929e+46 3.36395e+46 3.36395e+46 3.36395e+46 0 0 1.04484e+50 4.20389e+47 4.64348e+42 0 0 0
143.301 2.39031e+46 2.39031e+46 2.65517e+46 2.65518e+46 2.65518e+46 0 0 8.96162e+49 3.54564e+47 4.64348e+42 0 0 0
165.482 1.86322e+46 1.86322e+46 2.10258e+46 2.10259e+46 2.10259e+46 0 0 7.25495e+49 2.97805e+47 4.64348e+42 0 0 0
191.095 1.45221e+46 1.45221e+46 1.66919e+46 1.6692e+46 1.6692e+46 0 0 5.48253e+49 2.48972e+47 4.64348e+42 0 0 0
220.673 1.13028e+46 1.13028e+46 1.3272e+46 1.3272e+46 1.3272e+46 0 0 3.81841e+49 2.07062e+47 4.64348e+42 0 0 0
254.83 8.7721e+45 8.7721e+45 1.05583e+46 1.05583e+46 1.05583e+46 0 0 2.41556e+49 1.71193e+47 4.64348e+42 0 0 0
294.273 6.77901e+45 6.77901e+45 8.39617e+45 8.39618e+45 8.39618e+45 0 0 1.3653e+49 1.40596e+47 4.64348e+42 0 0 0
339.821 5.20948e+45 5.20948e+45 6.6691e+45 6.66911e+45 6.66911e+45 0 0 6.76748e+48 1.14601e+47 4.64348e+42 0 0 0
392.419 3.97586e+45 3.97586e+45 5.28802e+45 5.28803e+45 5.28803e+45 0 0 2.88034e+48 9.26201e+46 4.64348e+42 0 0 0
453.158 3.00956e+45 3.00956e+45 4.18338e+45 4.18339e+45 4.18339e+45 0 0 1.02764e+48 7.41402e+46 4.64348e+42 0 0 0
523.299 2.25621e+45 2.25621e+45 3.30017e+45 3.30017e+45 3.30017e+45 0 0 2.98997e+47 5.87092e+46 4.64348e+42 0 0 0
604.296 1.6725e+45 1.6725e+45 2.59467e+45 2.59467e+45 2.59467e+45 0 0 6.87337e+46 4.59281e+46 4.64348e+42 0 0 0
697.831 1.22381e+45 1.22381e+45 2.03211e+45 2.03211e+45 2.03211e+45 0 0 1.20366e+46 3.54422e+46 4.64348e+42 0 0 0
805.842 8.82341e+44 8.82341e+44 1.58473e+45 1.58473e+45 1.58473e+45 0 0 1.53946e+45 2.69345e+46 4.64348e+42 0 0 0
930.572 6.25615e+44 6.25615e+44 1.23024e+45 1.23024e+45 1.23024e+45 0 0 1.36977e+44 2.01204e+46 4.64348e+42 0 0 0
1074.61 4.35339e+44 4.35339e+44 9.50529e+44 9.50529e+44 9.50529e+44 0 0 8.01576e+42 1.47437e+46 4.64348e+42 0 0 0
1240.94 2.96615e+44 2.96615e+44 7.30842e+44 7.30842e+44 7.30842e+44 0 0 2.89131e+41 1.05732e+46 4.64348e+42 0 0 0
1433.01 1.97359e+44 1.97359e+44 5.59119e+44 5.59119e+44 5.59119e+44 0 0 5.96443e+39 7.40125e+45 4.64348e+42 0 0 0
1654.82 1.2785e+44 1.2785e+44 4.25546e+44 4.25546e+44 4.25546e+44 0 0 6.45367e+37 5.04215e+45 4.64348e+42 0 0 0
1910.95 8.03541e+43 8.03541e+43 3.22173e+44 3.22173e+44 3.22173e+44 0 0 3.31461e+35 3.33182e+45 4.64348e+42 0 0 0
2206.73 4.88041e+43 4.88041e+43 2.42596e+44 2.42596e+44 2.42596e+44 0 0 7.2004e+32 2.12733e+45 4.64348e+42 0 0 0
2548.3 2.85154e+43 2.85154e+43 1.81677e+44 1.81677e+44 1.81677e+44 0 0 5.79077e+29 1.30668e+45 4.64348e+42 0 0 0
2942.73 1.59453e+43 1.59453e+43 1.35311e+44 1.35311e+44 1.35311e+44 0 0 1.47835e+26 7.68231e+44 4.64348e+42 0 0 0
3398.21 8.48299e+42 8.48299e+42 1.00229e+44 1.00229e+44 1.00229e+44 0 0 1.0031e+22 4.29802e+44 4.64348e+42 0 0 0
3924.19 4.26466e+42 4.26466e+42 7.38458e+43 7.38458e+43 7.38458e+43 0 0 1.47356e+17 2.27287e+44 4.64348e+42 0 0 0
4531.58 2.01024e+42 2.01024e+42 5.41225e+43 5.41225e+43 5.41225e+43 0 0 3.69814e+11 1.12726e+44 4.64348e+42 0 0 0
5232.99 1.06614e+42 1.06614e+42 4.0807e+43 4.0807e+43 4.0807e+43 0 0 120618 6.29182e+43 4.64348e+42 0 0 0
6042.96 4.54953e+41 4.54953e+41 2.97943e+43 2.97943e+43 2.97943e+43 0 0 0.00372813 2.8261e+43 4.64348e+42 0 0 0
6978.31 1.79533e+41 1.79533e+41 2.16727e+43 2.16727e+43 2.16727e+43 0 0 7.58264e-12 1.17392e+43 4.64348e+42 0 0 0
8058.42 6.49602e+40 6.49602e+40 1.5712e+43 1.5712e+43 1.5712e+43 0 0 6.66021e-22 4.47046e+42 4.64348e+42 0 0 0
9305.72 2.13562e+40 2.13562e+40 1.13566e+43 1.13566e+43 1.13566e+43 0 0 1.55335e-33 1.54626e+42 4.64348e+42 0 0 0
10746.1 6.31874e+39 6.31874e+39 8.18724e+42 8.18724e+42 8.18724e+42 0 0 5.48585e-47 4.81012e+41 4.64348e+42 0 0 0
12409.4 1.66609e+39 1.66609e+39 5.88956e+42 5.88956e+42 5.88956e+42 0 0 1.5337e-62 1.33215e+41 4.64348e+42 0 0 0
14330.1 3.87657e+38 3.87657e+38 4.22936e+42 4.22936e+42 4.22936e+42 0 0 1.60504e-80 3.25097e+40 4.64348e+42 0 0 0
16548.2 7.88387e+37 7.88387e+37 3.03327e+42 3.03327e+42 3.03327e+42 0 0 2.64769e-101 6.9211e+39 4.64348e+42 0 0 0
19109.5 1.3892e+37 1.3892e+37 2.17369e+42 2.17369e+42 2.17369e+42 0 0 2.53585e-125 1.27344e+39 4.64348e+42 0 0 0
22067.3 2.10523e+36 2.10523e+36 1.55721e+42 1.55721e+42 1.55721e+42 0 0 4.45003e-153 2.00864e+38 4.64348e+42 0 0 0
25483 2.72887e+35 2.72887e+35 1.11578e+42 1.11578e+42 1.11578e+42 0 0 3.77714e-185 2.69924e+37 4.64348e+42 0 0 0
29427.3 3.01764e+34 3.01764e+34 8.00052e+41 8.00052e+41 8.00052e+41 0 0 3.33098e-222 3.07931e+36 4.64348e+42 0 0 0
33982.1 2.84955e+33 2.84955e+33 5.7437e+41 5.7437e+41 5.7437e+41 0 0 0 2.98201e+35 4.64348e+42 0 0 0
39241.9 2.31042e+32 2.31042e+32 4.13077e+41 4.13077e+41 4.13077e+41 0 0 0 2.46184e+34 4.64348e+42 0 0 0
45315.8 1.62592e+31 1.62592e+31 2.97759e+41 2.97759e+41 2.97759e+41 0 0 0 1.74901e+33 4.64348e+42 0 0 0
52329.9 1.00991e+30 1.00991e+30 2.15239e+41 2.15239e+41 2.15239e+41 0 0 0 1.08568e+32 4.64348e+42 0 0 0
60429.6 5.66639e+28 5.66639e+28 1.56105e+41 1.56105e+41 1.56105e+41 0 0 0 6.01516e+30 4.64348e+42 0 0 0
69783.1 2.95812e+27 2.95812e+27 1.13647e+41 1.13647e+41 1.13647e+41 0 0 0 3.05749e+29 4.64348e+42 0 0 0
80584.2 1.48883e+26 1.48883e+26 8.30868e+40 8.30868e+40 8.30868e+40 0 0 0 1.47377e+28 4.64348e+42 0 0 0
93057.2 7.52264e+24 7.52264e+24 6.10242e+40 6.10242e+40 6.10242e+40 0 0 0 6.99537e+26 4.64348e+42 0 0 0
107461 3.98703e+23 3.98703e+23 4.50406e+40 4.50406e+40 4.50406e+40 0 0 0 3.40537e+25 4.64348e+42 0 0 0
124094 2.31926e+22 2.31926e+22 3.34148e+40 3.34148e+40 3.34148e+40 0 0 0 1.77235e+24 4.64348e+42 0 0 0
143301 1.54802e+21 1.54802e+21 2.49214e+40 2.49214e+40 2.49214e+40 0 0 0 1.02664e+23 4.64348e+42 0 0 0
165482 1.23573e+20 1.23573e+20 1.86867e+40 1.86867e+40 1.86867e+40 0 0 0 6.86465e+21 4.64348e+42 0 0 0
191095 1.22357e+19 1.22357e+19 1.40867e+40 1.40867e+40 1.40867e+40 0 0 0 5.46422e+20 4.64348e+42 0 0 0
220673 1.54885e+18 1.54885e+18 1.0675e+40 1.0675e+40 1.0675e+40 0 0 0 5.3017e+19 4.64348e+42 0 0 0
254830 2.56557e+17 2.56557e+17 8.13103e+39 8.13103e+39 8.13103e+39 0 0 0 6.36966e+18 4.64348e+42 0 0 0
294273 5.65374e+16 5.65374e+16 6.22387e+39 6.22387e+39 6.22387e+39 0 0 0 9.55047e+17 4.64348e+42 0 0 0
339821 1.67499e+16 1.67499e+16 4.78662e+39 4.78662e+39 4.78662e+39 0 0 0 1.78778e+17 4.64348e+42 0 0 0
392419 6.7076e+15 6.7076e+15 3.69801e+39 3.69801e+39 3.69801e+39 0 0 0 4.15229e+16 4.64348e+42 0 0 0
453158 3.63597e+15 3.63597e+15 2.86948e+39 2.86948e+39 2.86948e+39 0 0 0 1.18233e+16 4.64348e+42 0 0 0
523299 2.66323e+15 2.66323e+15 2.236e+39 2.236e+39 2.236e+39 3.40578e+32 1.21615e+37 0 4.05679e+15 4.64348e+42 0 0 0
604296 2.62409e+15 2.62409e+15 1.74955e+39 1.74955e+39 1.74955e+39 5.29892e+32 1.2212e+37 0 1.64018e+15 4.64348e+42 0 0 0
697831 3.45298e+15 3.45298e+15 1.37445e+39 1.37445e+39 1.37445e+39 7.19206e+32 1.22626e+37 0 7.59913e+14 4.64348e+42 0 0 0
805842 6.00653e+15 6.00653e+15 1.08406e+39 1.08406e+39 1.08406e+39 9.08519e+32 1.23131e+37 0 3.89957e+14 4.64348e+42 0 0 0
930572 1.36263e+16 1.36263e+16 8.58346e+38 8.58346e+38 8.58346e+38 1.09783e+33 1.23636e+37 0 2.12718e+14 4.64348e+42 0 0 0
1.07461e+06 3.96248e+16 3.96248e+16 6.82231e+38 6.82231e+38 6.82231e+38 1.3955e+33 1.24267e+37 0 1.17444e+14 4.64348e+42 0 0 0
1.24094e+06 1.44399e+17 1.44399e+17 5.44263e+38 5.44263e+38 5.44263e+38 1.8816e+33 1.24405e+37 0 6.185e+13 4.64348e+42 0 0 0
1.43301e+06 6.38916e+17 6.38916e+17 4.35723e+38 4.35723e+38 4.35723e+38 2.52435e+33 1.2458e+37 0 2.88555e+13 4.64348e+42 0 0 0
1.65482e+06 3.31019e+18 3.31019e+18 3.49961e+38 3.49961e+38 3.49961e+38 3.37731e+33 1.24803e+37 0 1.09531e+13 4.64348e+42 0 0 0
1.91095e+06 1.93604e+19 1.93604e+19 2.81908e+38 2.81908e+38 2.81908e+38 4.6026e+33 1.25111e+37 0 3.08239e+12 4.64348e+42 0 0 0
2.20673e+06 1.23382e+20 1.23382e+20 2.27681e+38 2.27681e+38 2.27681e+38 6.17973e+33 1.25507e+37 0 5.81565e+11 4.64348e+42 0 0 0
2.5483e+06 8.28924e+20 8.28924e+20 1.84301e+38 1.84301e+38 1.84301e+38 8.25911e+33 1.26024e+37 0 6.60117e+10 4.64348e+42 0 0 0
2.94273e+06 5.69246e+21 5.69246e+21 1.49467e+38 1.49467e+38 1.49467e+38 1.10294e+34 1.26702e+37 0 4.00662e+09 4.64348e+42 0 0 0
3.39821e+06 3.88524e+22 3.88524e+22 1.214e+38 1.214e+38 1.214e+38 1.5043e+34 1.27655e+37 0 1.14351e+08 4.64348e+42 0 0 0
3.92419e+06 2.57036e+23 2.57036e+23 9.87158e+37 9.87158e+37 9.87158e+37 2.03039e+34 1.28899e+37 0 1.33265e+06 4.64348e+42 0 0 0
4.53158e+06 1.61272e+24 1.61272e+24 8.03359e+37 8.03359e+37 8.03359e+37 2.74307e+34 1.30519e+37 0 5426.01 4.64348e+42 0 0 0
5.23299e+06 9.42095e+24 9.42095e+24 6.54115e+37 6.54115e+37 6.54115e+37 3.69895e+34 1.32605e+37 0 6.48986 4.64348e+42 0 0 0
6.04296e+06 5.04689e+25 5.04689e+25 5.32704e+37 5.32704e+37 5.32704e+37 5.06144e+34 1.35485e+37 0 0.001878 4.64348e+42 0 0 0
6.97831e+06 2.44994e+26 2.44994e+26 4.33768e+37 4.33768e+37 4.33768e+37 6.83585e+34 1.38965e+37 0 1.05668e-07 4.64348e+42 0 0 0
8.05842e+06 1.06802e+27 1.06802e+27 3.53008e+37 3.53008e+37 3.53008e+37 9.17161e+34 1.43227e+37 0 9.02594e-13 4.64348e+42 0 0 0
9.30572e+06 4.1549e+27 4.1549e+27 2.86974e+37 2.86974e+37 2.86974e+37 1.22957e+35 1.48118e+37 0 8.83108e-19 4.64348e+42 0 0 0
1.07461e+07 1.43679e+28 1.43679e+28 2.32898e+37 2.32898e+37 2.32898e+37 1.66018e+35 1.54967e+37 0 7.17351e-26 4.64348e+42 0 0 0
1.24094e+07 4.40836e+28 4.40836e+28 1.88563e+37 1.88563e+37 1.88563e+37 2.19532e+35 1.6138e+37 0 3.34513e-34 4.64348e+42 0 0 0
1.43301e+07 1.20008e+29 1.20008e+29 1.52201e+37 1.52201e+37 1.52201e+37 2.85134e+35 1.67722e+37 0 5.8602e-44 4.64348e+42 0 0 0
1.65482e+07 2.90317e+29 2.90317e+29 1.22399e+37 1.22399e+37 1.22399e+37 3.63887e+35 1.73733e+37 0 2.36704e-55 4.64348e+42 0 0 0
1.91095e+07 6.25924e+29 6.25924e+29 9.80223e+36 9.80223e+36 9.80223e+36 4.61193e+35 1.79087e+37 0 1.25558e-68 4.64348e+42 0 0 0
2.20673e+07 1.20735e+30 1.20735e+30 7.81379e+36 7.81379e+36 7.81379e+36 5.64347e+35 1.83604e+37 0 4.56814e-84 4.64348e+42 0 0 0
2.5483e+07 2.09344e+30 2.09344e+30 6.19817e+36 6.19817e+36 6.19817e+36 6.76629e+35 1.86706e+37 0 5.38461e-102 4.64348e+42 0 0 0
2.94273e+07 3.27979e+30 3.27979e+30 4.89106e+36 4.89106e+36 4.89106e+36 7.89436e+35 1.86728e+37 0 8.64613e-123 4.64348e+42 0 0 0
3.39821e+07 4.66937e+30 4.66937e+30 3.83921e+36 3.83921e+36 3.83921e+36 9.02645e+35 1.8313e+37 0 6.95035e-147 4.64348e+42 0 0 0
3.92419e+07 6.07451e+30 6.07451e+30 2.99664e+36 2.99664e+36 2.99664e+36 9.9676e+35 1.75844e+37 0 8.79775e-175 4.64348e+42 0 0 0
4.53158e+07 7.2663e+30 7.2663e+30 2.32658e+36 2.32658e+36 2.32658e+36 1.07866e+36 1.6619e+37 0 4.60733e-207 4.64348e+42 0 0 0
5.23299e+07 8.0414e+30 8.0414e+30 1.79734e+36 1.79734e+36 1.79734e+36 1.14273e+36 1.55009e+37 0 2.13062e-244 4.64348e+42 0 0 0
6.04296e+07 8.28173e+30 8.28173e+30 1.38184e+36 1.38184e+36 1.38184e+36 1.1798e+36 1.41147e+37 0 1.43288e-287 4.64348e+42 0 0 0
6.97831e+07 7.98407e+30 7.98407e+30 1.05775e+36 1.05775e+36 1.05775e+36 1.18646e+36 1.25281e+37 0 0 4.64348e+42 0 0 0
8.05842e+07 7.24654e+30 7.24654e+30 8.06543e+35 8.06543e+35 8.06543e+35 1.16572e+36 1.07572e+37 0 0 4.64348e+42 0 0 0
9.30572e+07 6.22301e+30 6.22301e+30 6.12664e+35 6.12664e+35 6.12664e+35 1.11831e+36 8.8691e+36 0 0 4.64348e+42 0 0 0
1.07461e+08 5.0755e+30 5.0755e+30 4.63242e+35 4.63242e+35 4.63242e+35 1.04389e+36 6.92983e+36 0 0 4.64348e+42 212.354 0 0
1.24094e+08 3.9533e+30 3.9533e+30 3.49066e+35 3.49066e+35 3.49066e+35 9.57325e+35 5.35973e+36 0 0 4.64348e+42 186.556 0 0
1.43301e+08 2.94829e+30 2.94829e+30 2.61766e+35 2.61766e+35 2.61766e+35 8.58339e+35 4.06686e+36 0 0 4.64348e+42 163.893 0 0
1.65482e+08 2.10947e+30 2.10947e+30 1.9502e+35 1.9502e+35 1.9502e+35 7.502e+35 3.03572e+36 0 0 4.64348e+42 143.982 0 0
1.91095e+08 1.44368e+30 1.44368e+30 1.43428e+35 1.43428e+35 1.43428e+35 6.28671e+35 2.18819e+36 0 0 4.64348e+42 126.491 0 0
2.20673e+08 9.55611e+29 9.55611e+29 1.04969e+35 1.04969e+35 1.04969e+35 5.21135e+35 1.60855e+36 0 0 4.64348e+42 111.124 0 0
2.5483e+08 6.10106e+29 6.10106e+29 7.6125e+34 7.6125e+34 7.6125e+34 4.22299e+35 1.17255e+36 0 0 4.64348e+42 97.6247 0 0
2.94273e+08 3.67138e+29 3.67138e+29 5.45447e+34 5.45447e+34 5.45447e+34 3.34849e+35 8.47294e+35 0 0 4.64348e+42 85.7649 0 0
3.39821e+08 1.56912e+29 1.56912e+29 3.72897e+34 3.72897e+34 3.72897e+34 2.55127e+35 6.00747e+35 0 0 4.64348e+42 78.6701 0 0
3.92419e+08 5.94139e+27 5.94139e+27 2.09138e+34 2.09138e+34 2.09138e+34 1.95167e+35 4.35813e+35 0 0 4.64348e+42 75.3459 0 0
4.53158e+08 2.70286e+20 2.70286e+20 6.65445e+33 6.65445e+33 6.65445e+33 1.47398e+35 3.15089e+35 0 0 4.64348e+42 72.1622 0 0
5.23299e+08 2.42342e-13 2.42342e-13 1.34113e+33 1.34113e+33 1.34113e+33 1.09294e+35 2.27066e+35 0 0 4.64348e+42 69.113 0 0
6.04296e+08 1.85539e-136 1.85539e-136 2.63333e+32 2.63333e+32 2.63333e+32 8.02536e+34 1.61907e+35 0 0 4.64348e+42 66.1926 0 0
6.97831e+08 0 0 5.95714e+31 5.95714e+31 5.95714e+31 5.99213e+34 1.18035e+35 0 0 4.64348e+42 63.3957 0 0
8.05842e+08 0 0 1.56766e+31 1.56766e+31 1.56766e+31 4.45035e+34 8.59253e+34 0 0 4.64348e+42 60.7169 0 0
9.30572e+08 0 0 4.73707e+30 4.73707e+30 4.73707e+30 3.28226e+34 6.24065e+34 0 0 4.64348e+42 58.1513 0 0
1.07461e+09 0 0 1.61175e+30 1.61175e+30 1.61175e+30 2.38787e+34 4.46624e+34 0 0 4.64348e+42 58.3609 0 0
1.24094e+09 0 0 6.16929e+29 6.16929e+29 6.16929e+29 1.7789e+34 3.27269e+34 0 0 4.64348e+42 61.3758 0 0
1.43301e+09 0 0 2.59634e+29 2.59634e+29 2.59634e+29 1.32748e+34 2.39129e+34 0 0 4.64348e+42 64.5464 0 0
1.65482e+09 0 0 1.18415e+29 1.18415e+29 1.18415e+29 9.87191e+33 1.74165e+34 0 0 4.64348e+42 67.8808 0 0
1.91095e+09 0 0 5.76718e+28 5.76718e+28 5.76718e+28 7.24782e+33 1.24667e+34 0 0 4.64348e+42 71.3875 0 0
2.20673e+09 0 0 3.01575e+28 3.01575e+28 3.01575e+28 5.43823e+33 9.15004e+33 0 0 4.64348e+42 75.0753 0 0
2.5483e+09 0 0 1.66157e+28 1.66157e+28 1.66157e+28 4.06785e+33 6.69533e+33 0 0 4.64348e+42 78.9536 0 0
2.94273e+09 0 0 9.56481e+27 9.56481e+27 9.56481e+27 3.02768e+33 4.88205e+33 0 0 4.64348e+42 83.0323 0 0
3.39821e+09 0 0 5.67745e+27 5.67745e+27 5.67745e+27 2.21133e+33 3.49787e+33 0 0 4.64348e+42 87.3217 0 0
3.92419e+09 0 0 3.52239e+27 3.52239e+27 3.52239e+27 1.65339e+33 2.5669e+33 0 0 4.64348e+42 91.8326 0 0
4.53158e+09 0 0 2.24578e+27 2.24578e+27 2.24578e+27 1.23191e+33 1.8763e+33 0 0 4.64348e+42 96.5766 0 0
5.23299e+09 0 0 1.46531e+27 1.46531e+27 1.46531e+27 9.14563e+32 1.36533e+33 0 0 4.64348e+42 101.566 0 0
6.04296e+09 0 0 9.66284e+26 9.66284e+26 9.66284e+26 6.64646e+32 9.76815e+32 0 0 4.64348e+42 106.812 0 0
6.97831e+09 0 0 6.57358e+26 6.57358e+26 6.57358e+26 4.95751e+32 7.15165e+32 0 0 4.64348e+42 112.33 0 0
8.05842e+09 0 0 4.53671e+26 4.53671e+26 4.53671e+26 3.68473e+32 5.21946e+32 0 0 4.64348e+42 118.133 0 0
9.30572e+09 0 0 3.16445e+26 3.16445e+26 3.16445e+26 2.72044e+32 3.79694e+32 0 0 4.64348e+42 124.236 0 0
1.07461e+10 0 0 2.21077e+26 2.21077e+26 2.21077e+26 1.97098e+32 2.72145e+32 0 0 4.64348e+42 139.395 0 0
1.24094e+10 0 0 1.57837e+26 1.57837e+26 1.57837e+26 1.4571e+32 1.99682e+32 0 0 4.64348e+42 166.868 0 0
1.43301e+10 0 0 1.13333e+26 1.13333e+26 1.13333e+26 1.07013e+32 1.46083e+32 0 0 4.64348e+42 199.755 0 0
1.65482e+10 0 0 8.19128e+25 8.19128e+25 8.19128e+25 7.8324e+31 1.06489e+32 0 0 4.64348e+42 239.123 0 0
1.91095e+10 0 0 5.8872e+25 5.8872e+25 5.8872e+25 5.61654e+31 7.62009e+31 0 0 4.64348e+42 286.251 0 0
2.20673e+10 0 0 4.32519e+25 4.32519e+25 4.32519e+25 4.12458e+31 5.58601e+31 0 0 4.64348e+42 342.667 34.7254 0
2.5483e+10 0 0 3.19138e+25 3.19138e+25 3.19138e+25 3.01731e+31 4.07863e+31 0 0 4.64348e+42 410.201 22.9578 0
2.94273e+10 0 0 2.36513e+25 2.36513e+25 2.36513e+25 2.19953e+31 2.96546e+31 0 0 4.64348e+42 491.046 15.5417 0
3.39821e+10 0 0 1.73674e+25 1.73674e+25 1.73674e+25 1.57007e+31 2.11181e+31 0 0 4.64348e+42 587.824 10.7604 0
3.92419e+10 0 0 1.31078e+25 1.31078e+25 1.31078e+25 1.15285e+31 1.54478e+31 0 0 4.64348e+42 703.675 7.61059 0
4.53158e+10 0 0 9.94251e+24 9.94251e+24 9.94251e+24 8.4414e+30 1.12635e+31 0 0 4.64348e+42 842.359 5.49245 0
5.23299e+10 0 0 7.58311e+24 7.58311e+24 7.58311e+24 6.16737e+30 8.18253e+30 0 0 4.64348e+42 1008.37 4.04008 0
6.04296e+10 0 0 5.73077e+24 5.73077e+24 5.73077e+24 4.42162e+30 5.81794e+30 0 0 4.64348e+42 1207.11 3.02568 0
6.97831e+10 0 0 4.46396e+24 4.46396e+24 4.46396e+24 3.25894e+30 4.25547e+30 0 0 4.64348e+42 1445.01 2.3047 0
8.05842e+10 0 0 3.49069e+24 3.49069e+24 3.49069e+24 2.39382e+30 3.10245e+30 0 0 4.64348e+42 1729.8 1.78376 0
9.30572e+10 0 0 2.7384e+24 2.7384e+24 2.7384e+24 1.7522e+30 2.25292e+30 0 0 4.64348e+42 2070.72 1.40144 0
1.07461e+11 0 0 2.11665e+24 2.11665e+24 2.11665e+24 1.25467e+30 1.59823e+30 0 0 4.64348e+42 2478.83 1.11671 0
1.24094e+11 0 0 1.68439e+24 1.68439e+24 1.68439e+24 9.22037e+29 1.16659e+30 0 0 4.64348e+42 2967.37 0.901709 0
1.43301e+11 0 0 1.341e+24 1.341e+24 1.341e+24 6.7455e+29 8.48061e+29 0 0 4.64348e+42 3552.2 0.737233 0
1.65482e+11 0 0 1.06681e+24 1.06681e+24 1.06681e+24 4.90995e+29 6.13537e+29 0 0 4.64348e+42 4252.28 0.609868 0
1.91095e+11 0 0 8.32518e+23 8.32518e+23 8.32518e+23 3.49103e+29 4.32708e+29 0 0 4.64348e+42 5090.34 0.510106 0
2.20673e+11 0 0 6.68958e+23 6.68958e+23 6.68958e+23 2.55017e+29 3.14225e+29 0 0 4.64348e+42 6093.57 0.431129 0
2.5483e+11 0 0 5.36605e+23 5.36605e+23 5.36605e+23 1.85431e+29 2.27111e+29 0 0 4.64348e+42 7294.53 0.367983 0
2.94273e+11 0 0 4.29444e+23 4.29444e+23 4.29444e+23 1.34184e+29 1.63257e+29 0 0 4.64348e+42 8732.17 0.317029 0
3.39821e+11 0 0 3.3633e+23 3.3633e+23 3.3633e+23 9.4795e+28 1.1417e+29 0 0 4.64348e+42 0 0.275565 0
3.92419e+11 0 0 2.71326e+23 2.71326e+23 2.71326e+23 6.88805e+28 8.23023e+28 0 0 4.64348e+42 0 0.241562 0
4.53158e+11 0 0 2.18181e+23 2.18181e+23 2.18181e+23 4.98032e+28 5.90086e+28 0 0 4.64348e+42 0 0.213483 0
5.23299e+11 0 0 1.74783e+23 1.74783e+23 1.74783e+23 3.58185e+28 4.20438e+28 0 0 4.64348e+42 0 0.190154 0
6.04296e+11 0 0 1.36608e+23 1.36608e+23 1.36608e+23 2.50969e+28 2.90631e+28 0 0 4.64348e+42 0 0.170669 0
6.97831e+11 0 0 1.10048e+23 1.10048e+23 1.10048e+23 1.81057e+28 2.07404e+28 0 0 4.64348e+42 0 0.154323 0
8.05842e+11 0 0 8.82519e+22 8.82519e+22 8.82519e+22 1.29886e+28 1.47072e+28 0 0 4.64348e+42 0 0.140565 0
9.30572e+11 0 0 7.04151e+22 7.04151e+22 7.04151e+22 9.26131e+27 1.0353e+28 0 0 4.64348e+42 0 0.12896 0
1.07461e+12 0 0 5.46374e+22 5.46374e+22 5.46374e+22 6.41574e+27 7.04362e+27 0 0 4.64348e+42 0 0.119166 0
1.24094e+12 0 0 4.37471e+22 4.37471e+22 4.37471e+22 4.58283e+27 4.9581e+27 0 0 4.64348e+42 0 0.110908 0
1.43301e+12 0 0 3.48245e+22 3.48245e+22 3.48245e+22 3.25212e+27 3.46371e+27 0 0 4.64348e+42 0 0.103969 0
1.65482e+12 0 0 2.75441e+22 2.75441e+22 2.75441e+22 2.29143e+27 2.39865e+27 0 0 4.64348e+42 0 0.098177 0
1.91095e+12 0 0 2.11008e+22 2.11008e+22 2.11008e+22 1.56276e+27 1.59684e+27 0 0 4.64348e+42 0 0.0933933 0
2.20673e+12 0 0 1.67104e+22 1.67104e+22 1.67104e+22 1.10121e+27 1.10343e+27 0 0 4.64348e+42 0 0.0895108 0
2.5483e+12 0 0 1.31365e+22 1.31365e+22 1.31365e+22 7.69909e+26 7.55492e+26 0 0 4.64348e+42 0 0.0864461 0
2.94273e+12 0 0 1.02441e+22 1.02441e+22 1.02441e+22 5.33731e+26 5.11796e+26 0 0 4.64348e+42 0 0.0841374 0
3.39821e+12 0 0 7.69411e+21 7.69411e+21 7.69411e+21 3.56235e+26 3.30732e+26 0 0 4.64348e+42 0 0.082541 0
3.92419e+12 0 0 5.99044e+21 5.99044e+21 5.99044e+21 2.46411e+26 2.22928e+26 0 0 4.64348e+42 0 0.08163 0
4.53158e+12 0 0 4.62042e+21 4.62042e+21 4.62042e+21 1.68822e+26 1.48565e+26 0 0 4.64348e+42 0 0.0813928 0
5.23299e+12 0 0 3.5272e+21 3.5272e+21 3.5272e+21 1.14469e+26 9.7714e+25 0 0 4.64348e+42 0 0.0818329 0
6.04296e+12 0 0 2.57255e+21 2.57255e+21 2.57255e+21 7.41562e+25 6.06167e+25 0 0 4.64348e+42 0 0.0829683 0
6.97831e+12 0 0 1.95296e+21 1.95296e+21 1.95296e+21 5.00138e+25 3.9517e+25 0 0 4.64348e+42 0 0.0848322 0
8.05842e+12 0 0 1.4645e+21 1.4645e+21 1.4645e+21 3.3331e+25 2.53982e+25 0 0 4.64348e+42 0 0.0874729 0
9.30572e+12 0 0 1.08346e+21 1.08346e+21 1.08346e+21 2.19268e+25 1.60564e+25 0 0 4.64348e+42 0 0.0909553 0
1.07461e+13 0 0 7.56565e+20 7.56565e+20 7.56565e+20 1.36255e+25 9.41224e+24 0 0 4.64348e+42 0 0.0953611 0
1.24094e+13 0 0 5.5329e+20 5.5329e+20 5.5329e+20 8.87693e+24 5.86696e+24 0 0 4.64348e+42 0 0.10079 0
1.43301e+13 0 0 3.97961e+20 3.97961e+20 3.97961e+20 5.69585e+24 3.592e+24 0 0 4.64348e+42 0 0.10736 0
1.65482e+13 0 0 2.81036e+20 2.81036e+20 2.81036e+20 3.59466e+24 2.15344e+24 0 0 4.64348e+42 0 0.115206 0
1.91095e+13 0 0 1.83828e+20 1.83828e+20 1.83828e+20 2.10596e+24 1.1661e+24 0 0 4.64348e+42 0 0.12448 0
2.20673e+13 0 0 1.27126e+20 1.27126e+20 1.27126e+20 1.30799e+24 6.84332e+23 0 0 4.64348e+42 0 0.135345 0
2.5483e+13 0 0 8.58929e+19 8.58929e+19 8.58929e+19 7.96352e+23 3.92558e+23 0 0 4.64348e+42 0 0.147968 0
2.94273e+13 0 0 5.6575e+19 5.6575e+19 5.6575e+19 4.74545e+23 2.19223e+23 0 0 4.64348e+42 0 0.162507 0
3.39821e+13 0 0 3.34883e+19 3.34883e+19 3.34883e+19 2.55323e+23 1.06059e+23 0 0 4.64348e+42 0 0.179093 0
3.92419e+13 0 0 2.12877e+19 2.12877e+19 2.12877e+19 1.48335e+23 5.73899e+22 0 0 4.64348e+42 0 0.197804 0
4.53158e+13 0 0 1.30927e+19 1.30927e+19 1.30927e+19 8.39031e+22 3.01725e+22 0 0 4.64348e+42 0 0.218621 0
5.23299e+13 0 0 7.77288e+18 7.77288e+18 7.77288e+18 4.61342e+22 1.53296e+22 0 0 4.64348e+42 0 0.241387 0
6.04296e+13 0 0 3.94983e+18 3.94983e+18 3.94983e+18 2.18821e+22 6.30196e+21 0 0 4.64348e+42 0 0.265741 0
6.97831e+13 0 0 2.21727e+18 2.21727e+18 2.21727e+18 1.15627e+22 3.05608e+21 0 0 4.64348e+42 0 0.291055 0
8.05842e+13 0 0 1.18868e+18 1.18868e+18 1.18868e+18 5.88736e+21 1.42959e+21 0 0 4.64348e+42 0 0.316368 0
9.30572e+13 0 0 6.0792e+17 6.0792e+17 6.0792e+17 2.88633e+21 6.40571e+20 0 0 4.64348e+42 0 0.340344 0
1.07461e+14 0 0 2.46036e+17 2.46036e+17 2.46036e+17 1.1304e+21 2.06803e+20 0 0 4.64348e+42 0 0 0
1.24094e+14 0 0 1.16024e+17 1.16024e+17 1.16024e+17 5.20676e+20 8.62766e+19 0 0 4.64348e+42 0 0 0
1.43301e+14 0 0 5.13623e+16 5.13623e+16 5.13623e+16 2.27178e+20 3.44439e+19 0 0 4.64348e+42 0 0 0
1.65482e+14 0 0 2.13796e+16 2.13796e+16 2.13796e+16 9.39992e+19 1.30644e+19 0 0 4.64348e+42 0 0 0
1.91095e+14 2.90098e-303 2.90223e-303 6.21803e+15 6.21803e+15 6.21803e+15 2.73899e+19 2.89497e+18 0 0 4.64348e+42 0 0 0
2.20673e+14 1.92395e-267 1.92557e-267 2.31562e+15 2.31562e+15 2.31562e+15 1.02919e+19 9.72172e+17 0 0 4.64348e+42 0 0 0
2.5483e+14 5.02848e-236 5.03618e-236 7.86417e+14 7.86417e+14 7.86417e+14 3.54873e+18 3.09537e+17 0 0 4.64348e+42 0 0 0
2.94273e+14 1.69783e-208 1.70219e-208 2.43252e+14 2.43252e+14 2.43252e+14 1.12044e+18 9.40125e+16 0 0 4.64348e+42 0 0 0
3.39821e+14 1.35507e-184 1.3605e-184 4.38629e+13 4.38629e+13 4.38629e+13 2.0715e+17 1.13858e+16 0 0 4.64348e+42 0 0 0
3.92419e+14 1.64369e-163 1.6533e-163 1.17206e+13 1.17206e+13 1.17206e+13 5.69635e+16 2.73086e+15 0 0 4.64348e+42 0 0 0
4.53158e+14 4.01045e-145 4.04277e-145 2.70665e+12 2.70665e+12 2.70665e+12 1.35766e+16 6.03863e+14 0 0 4.64348e+42 0 0 0
5.23299e+14 3.90115e-129 3.94236e-129 5.19351e+11 5.19351e+11 5.19351e+11 2.69446e+15 1.30079e+14 0 0 4.64348e+42 0 0 0
6.04296e+14 1.57334e-115 1.59418e-115 4.54732e+10 4.54732e+10 4.54732e+10 2.44426e+14 6.56497e+12 0 0 4.64348e+42 0 0 0
6.97831e+14 1.83814e-103 1.86751e-103 7.22758e+09 7.22758e+09 7.22758e+09 4.0291e+13 9.11885e+11 0 0 4.64348e+42 0 0 0
8.05842e+14 4.44691e-93 4.52978e-93 9.07082e+08 9.07082e+08 9.07082e+08 5.24743e+12 1.06068e+11 0 0 4.64348e+42 0 0 0
9.30572e+14 3.10339e-84 3.16887e-84 8.08175e+07 8.08175e+07 8.08175e+07 4.85275e+11 1.18902e+10 0 0 4.64348e+42 0 0 0
1.07461e+15 3.80099e-77 3.88945e-77 2.11419e+06 2.11419e+06 2.11419e+06 1.31747e+10 1.82977e+08 0 0 4.64348e+42 0 0 0
1.24094e+15 9.89736e-71 1.01456e-70 140016 140016 140016 9.05238e+08 1.02543e+07 0 0 4.64348e+42 0 0 0
1.43301e+15 1.91989e-65 1.97076e-65 6097.03 6097.03 6097.03 4.08715e+07 389449 0 0 4.64348e+42 0 0 0
1.65482e+15 3.32808e-61 3.41957e-61 160.871 160.871 160.871 1.1173e+06 11392.1 0 0 4.64348e+42 0 0 0
1.91095e+15 1.44833e-58 1.48898e-58 0.572864 0.572864 0.572864 4118.57 31.3643 0 0 4.64348e+42 0 0 0
2.20673e+15 5.59349e-56 5.75157e-56 0.00793449 0.00793449 0.00793449 58.9903 0.385867 0 0 4.64348e+42 0 0 0
2.5483e+15 2.48373e-54 2.55352e-54 4.62698e-05 4.62698e-05 4.62698e-05 0.355371 0.00215924 0 0 4.64348e+42 0 0 0
2.94273e+15 1.4612e-53 1.50156e-53 1.11767e-07 1.11767e-07 1.11767e-07 0.000885768 5.30291e-06 0 0 4.64348e+42 0 0 0
3.39821e+15 2.14974e-54 2.20755e-54 1.83695e-11 1.83695e-11 1.83695e-11 1.50046e-07 8.71871e-10 0 0 4.64348e+42 0 0 0
3.92419e+15 4.06814e-55 4.17367e-55 9.35036e-15 9.35036e-15 9.35036e-15 7.86206e-11 4.5254e-13 0 0 4.64348e+42 0 0 0
4.53158e+15 7.87496e-57 8.07048e-57 1.05284e-18 1.05284e-18 1.05284e-18 9.10104e-15 5.22777e-17 0 0 4.64348e+42 0 0 0
5.23299e+15 1.67149e-59 1.71092e-59 2.55779e-23 2.55779e-23 2.55779e-23 2.26997e-19 1.30333e-21 0 0 4.64348e+42 0 0 0
6.04296e+15 6.34628e-64 6.48767e-64 2.01311e-29 2.01311e-29 2.01311e-29 1.8316e-25 1.05144e-27 0 0 4.64348e+42 0 0 0
6.97831e+15 1.94898e-68 1.98974e-68 2.15789e-35 2.15789e-35 2.15789e-35 2.0098e-31 1.15378e-33 0 0 4.64348e+42 0 0 0
8.05842e+15 3.20445e-74 3.26706e-74 1.9559e-42 1.9559e-42 1.9559e-42 1.86192e-38 1.06882e-40 0 0 4.64348e+42 0 0 0
9.30572e+15 2.52144e-81 2.56725e-81 1.26677e-50 1.26677e-50 1.26677e-50 1.23064e-46 7.06464e-49 0 0 4.64348e+42 0 0 0
1.07461e+16 1.26415e-90 1.28541e-90 7.42943e-61 7.42943e-61 7.42943e-61 7.35471e-57 4.22215e-59 0 0 4.64348e+42 0 0 0
1.24094e+16 1.45457e-100 1.47714e-100 1.36095e-71 1.36095e-71 1.36095e-71 1.37103e-67 7.87057e-70 0 0 4.64348e+42 0 0 0
1.43301e+16 1.97225e-112 2.00038e-112 3.84902e-84 3.84902e-84 3.84902e-84 3.94158e-80 2.26227e-82 0 0 4.64348e+42 0 0 0
1.65482e+16 2.11509e-126 2.14274e-126 1.09103e-98 1.09103e-98 1.09103e-98 1.13489e-94 6.51465e-97 0 0 4.64348e+42 0 0 0
1.91095e+16 1.72808e-143 1.74873e-143 2.89945e-116 2.89945e-116 2.89945e-116 3.06277e-112 1.75815e-114 0 0 4.64348e+42 0 0 0
2.20673e+16 2.67724e-162 2.70641e-162 1.7525e-135 1.7525e-135 1.7525e-135 1.88036e-131 1.07941e-133 0 0 4.64348e+42 0 0 0
2.5483e+16 2.65103e-184 2.6773e-184 7.93957e-158 7.93957e-158 7.93957e-158 8.65986e-154 4.97159e-156 0 0 4.64348e+42 0 0 0
2.94273e+16 6.96075e-210 7.02336e-210 1.09663e-183 1.09663e-183 1.09663e-183 1.21753e-179 6.9891e-182 0 0 4.64348e+42 0 0 0
3.39821e+16 2.68584e-240 2.70773e-240 2.51536e-214 2.51536e-214 2.51536e-214 2.8477e-210 1.63469e-212 0 0 4.64348e+42 0 0 0
3.92419e+16 2.00966e-274 2.02447e-274 1.24524e-248 1.24524e-248 1.24524e-248 1.44056e-244 8.26945e-247 0 0 4.64348e+42 0 0 0
4.53158e+16 0 0 0 0 0 0 0 0 0 4.64348e+42 0 0 0
5.23299e+16 0 0 0 0 0 0 0 0 0 4.64348e+42 0 0 0
6.04296e+16 0 0 0 0 0 0 0 0 0 4.64348e+42 0 0 0
6.97831e+16 0 0 0 0 0 0 0 0 0 4.64348e+42 0 0 0
8.05842e+16 0 0 0 0 0 0 0 0 0 4.64348e+42 0 0 0
9.30572e+16 0 0 0 0 0 0 0 0 0 4.64348e+42 0 0 0