
1.07461e-07 0 0 1.22992e+54 1.60879e+54 1.59129e+56 0 0 1.22676e+44 0 4.64348e+42 0 0 1
1.24094e-07 0 0 1.50448e+54 1.89836e+54 1.42499e+56 0 0 1.41663e+44 0 4.64348e+42 0 0 1
1.43301e-07 0 0 1.83376e+54 2.24284e+54 1.27546e+56 0 0 1.6359e+44 0 4.64348e+42 0 0 1
1.65482e-07 0 0 2.22834e+54 2.65287e+54 1.14105e+56 0 0 1.88911e+44 0 4.64348e+42 0 0 1
1.91095e-07 0 0 2.70087e+54 3.14113e+54 1.02026e+56 0 0 2.18151e+44 0 4.64348e+42 0 0 1
2.20673e-07 0 0 3.26641e+54 3.72275e+54 9.11749e+55 0 0 2.51917e+44 0 4.64348e+42 0 0 1
2.5483e-07 0 0 3.94293e+54 4.4157e+54 8.14296e+55 0 0 2.9091e+44 0 4.64348e+42 0 0 1
2.94273e-07 0 0 4.75181e+54 5.2414e+54 7.26804e+55 0 0 3.35937e+44 0 4.64348e+42 0 0 1
3.39821e-07 0 0 5.71834e+54 6.22515e+54 6.48286e+55 0 0 3.87934e+44 0 4.64348e+42 0 0 1
3.92419e-07 5.8839e-236 5.8839e-236 6.87048e+54 7.39476e+54 5.77848e+55 0 0 4.47979e+44 8.05585e-241 4.64348e+42 0 0 1
4.53158e-07 3.18751e-160 3.18751e-160 8.22833e+54 8.76935e+54 5.14686e+55 0 0 5.17318e+44 3.15554e-165 4.64348e+42 0 0 1
5.23299e-07 3.1708e-104 3.1708e-104 9.77353e+54 1.03276e+55 4.58075e+55 0 0 5.9739e+44 2.2885e-109 4.64348e+42 0 0 1
6.04296e-07 8.0462e-63 8.0462e-63 1.14116e+55 1.19698e+55 4.07358e+55 0 0 6.89855e+44 4.30703e-68 4.64348e+42 0 0 1
6.97831e-07 3.28655e-32 3.28655e-32 1.29698e+55 1.35174e+55 3.61945e+55 0 0 7.96632e+44 1.34042e-37 4.64348e+42 0 0 1
8.05842e-07 1.39208e-09 1.39208e-09 1.42497e+55 1.47693e+55 3.21305e+55 0 0 9.19937e+44 4.47498e-15 4.64348e+42 0 0 1
9.30572e-07 7.31063e+07 7.31063e+07 1.5099e+55 1.55746e+55 2.84957e+55 0 0 1.06233e+45 192.061 4.64348e+42 0 0 1
1.07461e-06 1.63962e+20 1.63962e+20 1.54534e+55 1.5874e+55 2.52467e+55 0 0 1.22675e+45 3.64463e+14 4.64348e+42 0 0 1
1.24094e-06 2.15483e+29 2.15483e+29 1.53352e+55 1.56959e+55 2.23446e+55 0 0 1.41663e+45 4.17982e+23 4.64348e+42 0 0 1
1.43301e-06 1.15213e+36 1.15213e+36 1.48244e+55 1.51259e+55 1.97542e+55 0 0 1.6359e+45 2.00197e+30 4.64348e+42 0 0 1
1.65482e-06 1.05092e+41 1.05092e+41 1.40251e+55 1.42718e+55 1.74437e+55 0 0 1.88911e+45 1.67147e+35 4.64348e+42 0 0 1
1.91095e-06 4.72197e+44 4.72197e+44 1.30402e+55 1.32386e+55 1.53846e+55 0 0 2.18151e+45 6.99477e+38 4.64348e+42 0 0 1
2.20673e-06 2.28944e+47 2.28944e+47 1.1957e+55 1.21144e+55 1.35511e+55 0 0 2.51917e+45 3.20288e+41 4.64348e+42 0 0 1
2.5483e-06 2.13914e+49 2.13914e+49 1.0843e+55 1.09665e+55 1.19199e+55 0 0 2.90909e+45 2.85775e+43 4.64348e+42 0 0 1
2.94273e-06 5.91393e+50 5.91393e+50 9.74606e+54 9.8421e+54 1.04701e+55 0 0 3.35936e+45 7.61168e+44 4.64348e+42 0 0 1
3.39821e-06 6.64232e+51 6.64232e+51 8.69772e+54 8.77189e+54 9.18299e+54 0 0 3.87933e+45 8.2956e+45 4.64348e+42 0 0 1
3.92419e-06 3.8314e+52 3.8314e+52 7.71692e+54 7.77387e+54 8.04148e+54 0 0 4.47978e+45 4.67033e+46 4.64348e+42 0 0 1
4.53158e-06 1.34969e+53 1.34969e+53 6.81345e+54 6.85698e+54 7.0303e+54 0 0 5.17317e+45 1.61362e+47 4.64348e+42 0 0 1
5.23299e-06 3.3004e+53 3.3004e+53 5.99085e+54 6.02397e+54 6.13571e+54 0 0 5.97388e+45 3.88608e+47 4.64348e+42 0 0 1
6.04296e-06 6.15834e+53 6.15834e+53 5.24847e+54 5.2736e+54 5.34531e+54 0 0 6.89853e+45 7.16745e+47 4.64348e+42 0 0 1
6.97831e-06 9.40384e+53 9.40384e+53 4.58314e+54 4.60213e+54 4.64796e+54 0 0 7.96629e+45 1.08537e+48 4.64348e+42 0 0 1
8.05842e-06 1.23748e+54 1.23748e+54 3.99015e+54 4.00446e+54 4.03362e+54 0 0 9.19932e+45 1.42064e+48 4.64348e+42 0 0 1
9.30572e-06 1.45797e+54 1.45797e+54 3.46406e+54 3.47481e+54 3.49329e+54 0 0 1.06232e+46 1.66954e+48 4.64348e+42 0 0 1
1.07461e-05 1.58192e+54 1.58192e+54 2.99913e+54 3.00719e+54 3.01884e+54 0 0 1.22675e+46 1.81185e+48 4.64348e+42 0 0 1
1.24094e-05 1.61395e+54 1.61395e+54 2.58965e+54 2.59568e+54 2.603e+54 0 0 1.41662e+46 1.85388e+48 4.64348e+42 0 0 1
1.43301e-05 1.57232e+54 1.57232e+54 2.23014e+54 2.23463e+54 2.23921e+54 0 0 1.63589e+46 1.81611e+48 4.64348e+42 0 0 1
1.65482e-05 1.47931e+54 1.47931e+54 1.9154e+54 1.91874e+54 1.92159e+54 0 0 1.88909e+46 1.72279e+48 4.64348e+42 0 0 1
1.91095e-05 1.35542e+54 1.35542e+54 1.64063e+54 1.64311e+54 1.64487e+54 0 0 2.18149e+46 1.59587e+48 4.64348e+42 0 0 1
2.20673e-05 1.21691e+54 1.21691e+54 1.40141e+54 1.40324e+54 1.40432e+54 0 0 2.51914e+46 1.45254e+48 4.64348e+42 0 0 1
2.5483e-05 1.07542e+54 1.07542e+54 1.19369e+54 1.19504e+54 1.19571e+54 0 0 2.90905e+46 1.30502e+48 4.64348e+42 0 0 1
2.94273e-05 9.38575e+53 9.38575e+53 1.01383e+54 1.01482e+54 1.01523e+54 0 0 3.35931e+46 1.16128e+48 4.64348e+42 0 0 1
3.39821e-05 8.10944e+53 8.10944e+53 8.58521e+53 8.5925e+53 8.59494e+53 0 0 3.87926e+46 1.02606e+48 4.64348e+42 0 0 1
3.92419e-05 6.94885e+53 6.94885e+53 7.24794e+53 7.25327e+53 7.25475e+53 0 0 4.47969e+46 9.01844e+47 4.64348e+42 0 0 1
4.53158e-05 5.91282e+53 5.91282e+53 6.0999e+53 6.10379e+53 6.10467e+53 0 0 5.17305e+46 7.89596e+47 4.64348e+42 0 0 1
5.23299e-05 5.0008e+53 5.0008e+53 5.11729e+53 5.12011e+53 5.12063e+53 0 0 5.97372e+46 6.8934e+47 4.64348e+42 0 0 1
6.04296e-05 4.20668e+53 4.20668e+53 4.27889e+53 4.28094e+53 4.28125e+53 0 0 6.89831e+46 6.0054e+47 4.64348e+42 0 0 1
6.97831e-05 3.52128e+53 3.52128e+53 3.56586e+53 3.56734e+53 3.56752e+53 0 0 7.966e+46 5.2236e+47 4.64348e+42 0 0 1
8.05842e-05 2.93405e+53 2.93405e+53 2.96147e+53 2.96253e+53 2.96263e+53 0 0 9.19894e+46 4.53832e+47 4.64348e+42 0 0 1
9.30572e-05 2.43412e+53 2.43412e+53 2.45091e+53 2.45167e+53 2.45173e+53 0 0 1.06227e+47 3.93956e+47 4.64348e+42 0 0 1
0.000107461 2.01091e+53 2.01091e+53 2.02116e+53 2.0217e+53 2.02173e+53 0 0 1.22668e+47 3.41764e+47 4.64348e+42 0 0 1
0.000124094 1.6545e+53 1.6545e+53 1.66072e+53 1.66111e+53 1.66113e+53 0 0 1.41653e+47 2.96348e+47 4.64348e+42 0 0 1
0.000143301 1.35579e+53 1.35579e+53 1.35956e+53 1.35984e+53 1.35985e+53 0 0 1.63577e+47 2.56879e+47 4.64348e+42 0 0 1
0.000165482 1.10661e+53 1.10661e+53 1.10888e+53 1.10907e+53 1.10908e+53 0 0 1.88893e+47 2.22609e+47 4.64348e+42 0 0 1
0.000191095 8.99663e+52 8.99663e+52 9.01029e+52 9.01165e+52 9.01172e+52 0 0 2.18127e+47 1.92875e+47 4.64348e+42 0 0 1
0.000220673 7.28564e+52 7.28564e+52 7.29382e+52 7.29477e+52 7.29481e+52 0 0 2.51885e+47 1.67089e+47 4.64348e+42 0 0 1
0.00025483 5.87713e+52 5.87713e+52 5.882e+52 5.88267e+52 5.88269e+52 0 0 2.90867e+47 1.44735e+47 4.64348e+42 0 0 1
0.000294273 4.72263e+52 4.72263e+52 4.72553e+52 4.72599e+52 4.726e+52 0 0 3.3588e+47 1.25362e+47 4.64348e+42 0 0 1
0.000339821 3.78041e+52 3.78041e+52 3.78212e+52 3.78244e+52 3.78245e+52 0 0 3.87858e+47 1.08577e+47 4.64348e+42 0 0 1
0.000392419 3.01472e+52 3.01472e+52 3.01573e+52 3.01595e+52 3.01596e+52 0 0 4.47877e+47 9.40347e+46 4.64348e+42 0 0 1
0.000453158 2.39515e+52 2.39515e+52 2.39575e+52 2.3959e+52 2.3959e+52 0 0 5.17182e+47 8.14378e+46 4.64348e+42 0 0 1
0.000523299 1.89594e+52 1.89594e+52 1.89629e+52 1.89639e+52 1.89639e+52 0 0 5.97209e+47 7.05268e+46 4.64348e+42 0 0 1
0.000604296 1.49539e+52 1.49539e+52 1.49559e+52 1.49566e+52 1.49567e+52 0 0 6.89613e+47 6.10766e+46 4.64348e+42 0 0 1
0.000697831 1.17534e+52 1.17534e+52 1.17546e+52 1.17551e+52 1.17551e+52 0 0 7.9631e+47 5.2892e+46 4.64348e+42 0 0 1
0.000805842 9.20656e+51 9.20656e+51 9.20724e+51 9.20757e+51 9.20757e+51 0 0 9.19507e+47 4.58038e+46 4.64348e+42 0 0 1
0.000930572 7.18794e+51 7.18794e+51 7.18834e+51 7.18856e+51 7.18856e+51 0 0 1.06175e+48 3.96652e+46 4.64348e+42 0 0 1
0.00107461 5.59424e+51 5.59424e+51 5.59447e+51 5.59462e+51 5.59462e+51 0 0 1.22599e+48 3.43492e+46 4.64348e+42 0 0 1
0.00124094 4.34076e+51 4.34076e+51 4.34089e+51 4.34099e+51 4.34099e+51 0 0 1.41562e+48 2.97455e+46 4.64348e+42 0 0 1
0.00143301 3.35845e+51 3.35845e+51 3.35853e+51 3.35859e+51 3.35859e+51 0 0 1.63454e+48 2.57587e+46 4.64348e+42 0 0 1
0.00165482 2.59135e+51 2.59135e+51 2.5914e+51 2.59144e+51 2.59144e+51 0 0 1.8873e+48 2.23062e+46 4.64348e+42 0 0 1
0.00191095 1.99431e+51 1.99431e+51 1.99434e+51 1.99437e+51 1.99437e+51 0 0 2.1791e+48 1.93165e+46 4.64348e+42 0 0 1
0.00220673 1.53111e+51 1.53111e+51 1.53112e+51 1.53114e+51 1.53114e+51 0 0 2.51595e+48 1.67274e+46 4.64348e+42 0 0 1
0.0025483 1.17281e+51 1.17281e+51 1.17282e+51 1.17283e+51 1.17283e+51 0 0 2.9048e+48 1.44854e+46 4.64348e+42 0 0 1
0.00294273 8.96455e+50 8.96455e+50 8.96459e+50 8.96468e+50 8.96468e+50 0 0 3.35364e+48 1.25439e+46 4.64348e+42 0 0 1
0.00339821 6.83863e+50 6.83863e+50 6.83866e+50 6.83871e+50 6.83871e+50 0 0 3.8717e+48 1.08626e+46 4.64348e+42 0 0 1
0.00392419 5.20731e+50 5.20731e+50 5.20732e+50 5.20736e+50 5.20736e+50 0 0 4.4696e+48 9.40659e+45 4.64348e+42 0 0 1
0.00453158 3.95842e+50 3.95842e+50 3.95843e+50 3.95845e+50 3.95845e+50 0 0 5.15959e+48 8.14578e+45 4.64348e+42 0 0 1
0.00523299 3.00436e+50 3.00436e+50 3.00437e+50 3.00438e+50 3.00438e+50 0 0 5.95578e+48 7.05396e+45 4.64348e+42 0 0 1
0.00604296 2.27699e+50 2.27699e+50 2.27699e+50 2.277e+50 2.277e+50 0 0 6.87439e+48 6.10848e+45 4.64348e+42 0 0 1
0.00697831 1.72345e+50 1.72345e+50 1.72345e+50 1.72346e+50 1.72346e+50 0 0 7.93411e+48 5.28973e+45 4.64348e+42 0 0 1
0.00805842 1.30291e+50 1.30291e+50 1.30291e+50 1.30292e+50 1.30292e+50 0 0 9.15642e+48 4.58072e+45 4.64348e+42 0 0 1
0.00930572 9.83916e+49 9.83916e+49 9.83916e+49 9.83919e+49 9.83919e+49 0 0 1.0566e+49 3.96674e+45 4.64348e+42 0 0 1
0.0107461 7.42281e+49 7.42281e+49 7.42281e+49 7.42283e+49 7.42283e+49 0 0 1.21912e+49 3.43505e+45 4.64348e+42 0 0 1
0.0124094 5.59483e+49 5.59483e+49 5.59483e+49 5.59484e+49 5.59484e+49 0 0 1.40646e+49 2.97463e+45 4.64348e+42 0 0 1
0.0143301 4.21356e+49 4.21356e+49 4.21356e+49 4.21357e+49 4.21357e+49 0 0 1.62234e+49 2.57593e+45 4.64348e+42 0 0 1
0.0165482 3.17094e+49 3.17094e+49 3.17095e+49 3.17095e+49 3.17095e+49 0 0 1.87103e+49 2.23066e+45 4.64348e+42 0 0 1
0.0191095 2.38471e+49 2.38471e+49 2.38472e+49 2.38472e+49 2.38472e+49 0 0 2.15741e+49 1.93167e+45 4.64348e+42 0 0 1
0.0220673 1.79234e+49 1.79234e+49 1.79234e+49 1.79234e+49 1.79234e+49 0 0 2.48705e+49 1.67276e+45 4.64348e+42 0 0 1
0.025483 1.34637e+49 1.34637e+49 1.34637e+49 1.34637e+49 1.34637e+49 0 0 2.86629e+49 1.44855e+45 4.64348e+42 0 0 1
0.0294273 1.01087e+49 1.01087e+49 1.01087e+49 1.01087e+49 1.01087e+49 0 0 3.30234e+49 1.25439e+45 4.64348e+42 0 0 1
0.0339821 7.58634e+48 7.58634e+48 7.58634e+48 7.58635e+48 7.58635e+48 0 0 3.80335e+49 1.08626e+45 4.64348e+42 0 0 1
0.0392419 5.69112e+48 5.69112e+48 5.69112e+48 5.69113e+48 5.69113e+48 0 0 4.37857e+49 9.40662e+44 4.64348e+42 0 0 1
0.0453158 4.26788e+48 4.26788e+48 4.26788e+48 4.26788e+48 4.26788e+48 0 0 5.03836e+49 8.14579e+44 4.64348e+42 0 0 1
0.0523299 3.19958e+48 3.19958e+48 3.19958e+48 3.19958e+48 3.19958e+48 0 0 5.79435e+49 7.05397e+44 4.64348e+42 0 0 1
0.0604296 2.39806e+48 2.39806e+48 2.39806e+48 2.39806e+48 2.39806e+48 0 0 6.6595e+49 6.10848e+44 4.64348e+42 0 0 1
0.0697831 1.79693e+48 1.79693e+48 1.79693e+48 1.79693e+48 1.79693e+48 0 0 7.64812e+49 5.28973e+44 4.64348e+42 0 0 1
0.0805842 1.34624e+48 1.34624e+48 1.34624e+48 1.34624e+48 1.34624e+48 0 0 8.77594e+49 4.58071e+44 4.64348e+42 0 0 1
0.0930572 1.00844e+48 1.00844e+48 1.00844e+48 1.00844e+48 1.00844e+48 0 0 1.006e+50 3.96673e+44 4.64348e+42 0 0 1
0.107461 7.55324e+47 7.55324e+47 7.55324e+47 7.55324e+47 7.55324e+47 0 0 1.15185e+50 3.43505e+44 4.64348e+42 0 0 1
0.124094 5.65704e+47 5.65704e+47 5.65704e+47 5.65704e+47 5.65704e+47 0 0 1.31708e+50 2.97463e+44 4.64348e+42 0 0 1
0.143301 4.23676e+47 4.23676e+47 4.23676e+47 4.23676e+47 4.23676e+47 0 0 1.50365e+50 2.57592e+44 4.64348e+42 0 0 1
0.165482 3.17312e+47 3.17312e+47 3.17312e+47 3.17312e+47 3.17312e+47 0 0 1.71353e+50 2.23066e+44 4.64348e+42 0 0 1
0.191095 2.37663e+47 2.37663e+47 2.37663e+47 2.37663e+47 2.37663e+47 0 0 1.94856e+50 1.93167e+44 4.64348e+42 0 0 1
0.220673 1.78024e+47 1.78024e+47 1.78024e+47 1.78024e+47 1.78024e+47 0 0 2.21037e+50 1.67276e+44 4.64348e+42 0 0 1
0.25483 1.33368e+47 1.33368e+47 1.33368e+47 1.33368e+47 1.33368e+47 0 0 2.50013e+50 1.44855e+44 4.64348e+42 0 0 1
0.294273 9.993e+46 9.993e+46 9.993e+46 9.993e+46 9.993e+46 0 0 2.81836e+50 1.25439e+44 4.64348e+42 0 0 1
0.339821 7.48911e+46 7.48911e+46 7.48911e+46 7.48911e+46 7.48911e+46 0 0 3.16458e+50 1.08626e+44 4.64348e+42 0 0 1
0.392419 5.61397e+46 5.61397e+46 5.61397e+46 5.61397e+46 5.61397e+46 0 0 3.53693e+50 9.40658e+43 4.64348e+42 0 0 1
0.453158 4.20951e+46 4.20951e+46 4.20951e+46 4.20951e+46 4.20951e+46 0 0 3.93165e+50 8.14576e+43 4.64348e+42 0 0 1
0.523299 3.15741e+46 3.15741e+46 3.15741e+46 3.15741e+46 3.15741e+46 0 0 4.3425e+50 7.05393e+43 4.64348e+42 0 0 1
0.604296 2.36909e+46 2.36909e+46 2.36909e+46 2.36909e+46 2.36909e+46 0 0 4.76014e+50 6.10845e+43 4.64348e+42 0 0 1
0.697831 1.77828e+46 1.77828e+46 1.77828e+46 1.77828e+46 1.77828e+46 0 0 5.17143e+50 5.28969e+43 4.64348e+42 0 0 1
0.805842 1.33536e+46 1.33536e+46 1.33536e+46 1.33536e+46 1.33536e+46 0 0 5.55884e+50 4.58068e+43 4.64348e+42 0 0 1
0.930572 1.00322e+46 1.00322e+46 1.00322e+46 1.00322e+46 1.00322e+46 0 0 5.90016e+50 3.9667e+43 4.64348e+42 0 0 1
1.07461 7.54052e+45 7.54052e+45 7.54052e+45 7.54052e+45 7.54052e+45 0 0 6.16858e+50 3.43502e+43 4.64348e+42 0 0 1
1.24094 5.67066e+45 5.67066e+45 5.67066e+45 5.67066e+45 5.67066e+45 0 0 6.33372e+50 2.9746e+43 4.64348e+42 0 0 1
1.43301 4.26682e+45 4.26682e+45 4.26682e+45 4.26682e+45 4.26682e+45 0 0 6.36384e+50 2.57589e+43 4.64348e+42 0 0 1
1.65482 3.21239e+45 3.21239e+45 3.21239e+45 3.21239e+45 3.21239e+45 0 0 6.22976e+50 2.23062e+43 4.64348e+42 0 0 1
1.91095 2.42002e+45 2.42002e+45 2.42002e+45 2.42002e+45 2.42002e+45 0 0 5.91043e+50 1.93163e+43 4.64348e+42 0 0 1
2.20673 1.82426e+45 1.82426e+45 1.82426e+45 1.82426e+45 1.82426e+45 0 0 5.40013e+50 1.67272e+43 4.64348e+42 0 0 1
2.5483 1.37608e+45 1.37608e+45 1.37608e+45 1.37608e+45 1.37608e+45 0 0 4.7155e+50 1.44851e+43 4.64348e+42 0 0 1
2.94273 1.03873e+45 1.03873e+45 1.03873e+45 1.03873e+45 1.03873e+45 0 0 3.90021e+50 1.25435e+43 4.64348e+42 0 0 1
3.39821 7.84631e+44 7.84631e+44 7.84631e+44 7.84631e+44 7.84631e+44 0 0 3.02354e+50 1.08622e+43 4.64348e+42 0 0 1
3.92419 5.93123e+44 5.93123e+44 5.93123e+44 5.93123e+44 5.93123e+44 0 0 2.17035e+50 9.40624e+42 4.64348e+42 0 0 1
4.53158 4.48689e+44 4.48689e+44 4.48689e+44 4.48689e+44 4.48689e+44 0 0 1.42261e+50 8.14541e+42 4.64348e+42 0 0 1
5.23299 3.3968e+44 3.3968e+44 3.3968e+44 3.3968e+44 3.3968e+44 0 0 8.38167e+49 7.05359e+42 4.64348e+42 0 0 1
6.04296 2.57347e+44 2.57347e+44 2.57347e+44 2.57347e+44 2.57347e+44 0 0 4.36026e+49 6.1081e+42 4.64348e+42 0 0 1
6.97831 1.95116e+44 1.95116e+44 1.95116e+44 1.95116e+44 1.95116e+44 0 0 1.96274e+49 5.28935e+42 4.64348e+42 0 0 1
8.05842 1.48043e+44 1.48043e+44 1.48043e+44 1.48043e+44 1.48043e+44 0 0 7.47162e+48 4.58034e+42 4.64348e+42 0 0 1
9.30572 1.12407e+44 1.12407e+44 1.12407e+44 1.12407e+44 1.12407e+44 0 0 2.34302e+48 3.96636e+42 4.64348e+42 0 0 1
10.7461 8.5408e+43 8.5408e+43 8.5408e+43 8.5408e+43 8.5408e+43 0 0 5.87303e+47 3.43467e+42 4.64348e+42 0 0 1
12.4094 6.49373e+43 6.49373e+43 6.49373e+43 6.49373e+43 6.49373e+43 0 0 1.13657e+47 2.97425e+42 4.64348e+42 0 0 1
14.3301 4.94039e+43 4.94039e+43 4.94039e+43 4.94039e+43 4.94039e+43 0 0 1.63149e+46 2.57554e+42 4.64348e+42 0 0 1
16.5482 3.76081e+43 3.76081e+43 3.76081e+43 3.76081e+43 3.76081e+43 0 0 1.6586e+45 2.23028e+42 4.64348e+42 0 0 1
19.1095 2.86437e+43 2.86437e+43 2.86437e+43 2.86437e+43 2.86437e+43 0 0 1.13208e+44 1.93129e+42 4.64348e+42 0 0 1
22.0673 2.18261e+43 2.18261e+43 2.18261e+43 2.18261e+43 2.18261e+43 0 0 4.87762e+42 1.67238e+42 4.64348e+42 0 0 1
25.483 1.66378e+43 1.66378e+43 1.66378e+43 1.66378e+43 1.66378e+43 0 0 1.23541e+41 1.44817e+42 4.64348e+42 0 0 1
29.4273 1.26867e+43 1.26867e+43 1.26867e+43 1.26867e+43 1.26867e+43 0 0 1.69424e+39 1.25401e+42 4.64348e+42 0 0 1
33.9821 9.6761e+42 9.6761e+42 9.6761e+42 9.6761e+42 9.6761e+42 0 0 1.14408e+37 1.08588e+42 4.64348e+42 0 0 1
39.2419 7.38088e+42 7.38088e+42 7.38088e+42 7.38088e+42 7.38088e+42 0 0 3.40904e+34 9.40279e+41 4.64348e+42 0 0 1
45.3158 5.63028e+42 5.63028e+42 5.63028e+42 5.63028e+42 5.63028e+42 0 0 3.94919e+31 8.14197e+41 4.64348e+42 0 0 1
52.3299 4.29456e+42 4.29456e+42 4.29456e+42 4.29456e+42 4.29456e+42 0 0 1.53666e+28 7.05014e+41 4.64348e+42 0 0 1
60.4296 3.27511e+42 3.27511e+42 3.27511e+42 3.27511e+42 3.27511e+42 0 0 1.6963e+24 6.10466e+41 4.64348e+42 0 0 1
69.7831 2.4969e+42 2.4969e+42 2.4969e+42 2.4969e+42 2.4969e+42 0 0 4.37117e+19 5.28591e+41 4.64348e+42 0 0 1
80.5842 1.90281e+42 1.90281e+42 1.90281e+42 1.90281e+42 1.90281e+42 0 0 2.09925e+14 4.57689e+41 4.64348e+42 0 0 1
93.0572 1.4493e+42 1.4493e+42 1.4493e+42 1.4493e+42 1.4493e+42 0 0 1.44867e+08 3.96291e+41 4.64348e+42 0 0 1
107.461 1.10316e+42 1.10316e+42 1.10316e+42 1.10316e+42 1.10316e+42 0 0 10.639 3.43123e+41 4.64348e+42 0 0 1
124.094 8.39062e+41 8.39062e+41 8.39063e+41 8.39063e+41 8.39063e+41 0 0 5.87843e-08 2.97081e+41 4.64348e+42 0 0 1
143.301 6.37641e+41 6.37641e+41 6.37641e+41 6.37641e+41 6.37641e+41 0 0 1.63734e-17 2.5721e+41 4.64348e+42 0 0 1
165.482 4.84112e+41 4.84112e+41 4.84112e+41 4.84112e+41 4.84112e+41 0 0 1.44779e-28 2.22684e+41 4.64348e+42 0 0 1
191.095 3.67169e+41 3.67169e+41 3.6717e+41 3.6717e+41 3.6717e+41 0 0 2.38262e-41 1.92785e+41 4.64348e+42 0 0 1
220.673 2.78168e+41 2.78168e+41 2.78168e+41 2.78168e+41 2.78168e+41 0 0 3.93891e-56 1.66894e+41 4.64348e+42 0 0 1
254.83 2.10495e+41 2.10495e+41 2.10495e+41 2.10495e+41 2.10495e+41 0 0 3.20932e-73 1.44473e+41 4.64348e+42 0 0 1
294.273 1.59092e+41 1.59092e+41 1.59092e+41 1.59092e+41 1.59092e+41 0 0 5.66289e-93 1.25057e+41 4.64348e+42 0 0 1
339.821 1.20092e+41 1.20092e+41 1.20092e+41 1.20092e+41 1.20092e+41 0 0 8.37237e-116 1.08244e+41 4.64348e+42 0 0 1
392.419 9.0538e+40 9.0538e+40 9.05381e+40 9.05381e+40 9.05381e+40 0 0 3.46425e-142 9.36844e+40 4.64348e+42 0 0 1
453.158 6.817e+40 6.817e+40 6.81701e+40 6.81701e+40 6.81701e+40 0 0 1.13077e-172 8.10762e+40 4.64348e+42 0 0 1
523.299 5.1263e+40 5.1263e+40 5.12631e+40 5.12631e+40 5.12631e+40 0 0 6.74633e-208 7.01581e+40 4.64348e+42 0 0 1
604.296 3.85007e+40 3.85007e+40 3.85008e+40 3.85008e+40 3.85008e+40 0 0 1.35934e-248 6.07034e+40 4.64348e+42 0 0 1
697.831 2.88801e+40 2.88801e+40 2.88801e+40 2.88801e+40 2.88801e+40 0 0 0 5.25161e+40 4.64348e+42 0 0 1
805.842 2.16374e+40 2.16374e+40 2.16375e+40 2.16375e+40 2.16375e+40 0 0 0 4.54262e+40 4.64348e+42 0 0 1
930.572 1.61923e+40 1.61923e+40 1.61923e+40 1.61923e+40 1.61923e+40 0 0 0 3.92866e+40 4.64348e+42 0 0 1
1074.61 1.21038e+40 1.21038e+40 1.21039e+40 1.21039e+40 1.21039e+40 0 0 0 3.397e+40 4.64348e+42 0 0 1
1240.94 9.038e+39 9.038e+39 9.03803e+39 9.03803e+39 9.03803e+39 0 0 0 2.93662e+40 4.64348e+42 0 0 1
1433.01 6.74186e+39 6.74186e+39 6.74189e+39 6.74189e+39 6.74189e+39 0 0 0 2.53795e+40 4.64348e+42 0 0 1
1654.82 5.02421e+39 5.02421e+39 5.02424e+39 5.02424e+39 5.02424e+39 0 0 0 2.19273e+40 4.64348e+42 0 0 1
1910.95 3.74078e+39 3.74078e+39 3.7408e+39 3.7408e+39 3.7408e+39 0 0 0 1.89379e+40 4.64348e+42 0 0 1
2206.73 2.78285e+39 2.78285e+39 2.78287e+39 2.78287e+39 2.78287e+39 0 0 0 1.63493e+40 4.64348e+42 0 0 1
2548.3 2.06859e+39 2.06859e+39 2.06861e+39 2.06861e+39 2.06861e+39 0 0 0 1.41079e+40 4.64348e+42 0 0 1
2942.73 1.53656e+39 1.53656e+39 1.53657e+39 1.53657e+39 1.53657e+39 0 0 0 1.21671e+40 4.64348e+42 0 0 1
3398.21 1.14061e+39 1.14061e+39 1.14062e+39 1.14062e+39 1.14062e+39 0 0 0 1.04866e+40 4.64348e+42 0 0 1
3924.19 8.46202e+38 8.46202e+38 8.46212e+38 8.46212e+38 8.46212e+38 0 0 0 9.03168e+39 4.64348e+42 0 0 1
4531.58 6.27465e+38 6.27465e+38 6.27473e+38 6.27473e+38 6.27473e+38 0 0 0 7.77202e+39 4.64348e+42 0 0 1
5232.99 4.6507e+38 4.6507e+38 4.65077e+38 4.65077e+38 4.65077e+38 0 0 0 6.68155e+39 4.64348e+42 0 0 1
6042.96 3.44583e+38 3.44583e+38 3.44589e+38 3.44589e+38 3.44589e+38 0 0 0 5.73761e+39 4.64348e+42 0 0 1
6978.31 2.55243e+38 2.55243e+38 2.55248e+38 2.55248e+38 2.55248e+38 0 0 0 4.92063e+39 4.64348e+42 0 0 1
8058.42 1.89033e+38 1.89033e+38 1.89037e+38 1.89037e+38 1.89037e+38 0 0 0 4.21365e+39 4.64348e+42 0 0 1
9305.72 1.39985e+38 1.39985e+38 1.39989e+38 1.39989e+38 1.39989e+38 0 0 0 3.60201e+39 4.64348e+42 0 0 1
10746.1 1.03665e+38 1.03665e+38 1.03668e+38 1.03668e+38 1.03668e+38 0 0 0 3.07299e+39 4.64348e+42 0 0 1
12409.4 7.67767e+37 7.67767e+37 7.67791e+37 7.67791e+37 7.67791e+37 0 0 0 2.61562e+39 4.64348e+42 0 0 1
14330.1 5.68745e+37 5.68745e+37 5.68766e+37 5.68766e+37 5.68766e+37 0 0 0 2.22039e+39 4.64348e+42 0 0 1
16548.2 4.21445e+37 4.21445e+37 4.21462e+37 4.21462e+37 4.21462e+37 0 0 0 1.87908e+39 4.64348e+42 0 0 1
19109.5 3.12422e+37 3.12422e+37 3.12436e+37 3.12436e+37 3.12436e+37 0 0 0 1.58459e+39 4.64348e+42 0 0 1
22067.3 2.31718e+37 2.31718e+37 2.3173e+37 2.3173e+37 2.3173e+37 0 0 0 1.33077e+39 4.64348e+42 0 0 1
25483 1.71963e+37 1.71963e+37 1.71973e+37 1.71973e+37 1.71973e+37 0 0 0 1.11232e+39 4.64348e+42 0 0 1
29427.3 1.27703e+37 1.27703e+37 1.27711e+37 1.27711e+37 1.27711e+37 0 0 0 9.2465e+38 4.64348e+42 0 0 1
33982.1 9.49045e+36 9.49045e+36 9.49116e+36 9.49116e+36 9.49116e+36 0 0 0 7.63797e+38 4.64348e+42 0 0 1
39241.9 7.05856e+36 7.05856e+36 7.05915e+36 7.05915e+36 7.05915e+36 0 0 0 6.26334e+38 4.64348e+42 0 0 1
45315.8 5.25417e+36 5.25417e+36 5.25466e+36 5.25466e+36 5.25466e+36 0 0 0 5.09296e+38 4.64348e+42 0 0 1
52329.9 3.91435e+36 3.91435e+36 3.91474e+36 3.91474e+36 3.91474e+36 0 0 0 4.10114e+38 4.64348e+42 0 0 1
60429.6 2.91863e+36 2.91863e+36 2.91895e+36 2.91895e+36 2.91895e+36 0 0 0 3.26553e+38 4.64348e+42 0 0 1
69783.1 2.17796e+36 2.17796e+36 2.17823e+36 2.17823e+36 2.17823e+36 0 0 0 2.56662e+38 4.64348e+42 0 0 1
80584.2 1.6265e+36 1.6265e+36 1.62672e+36 1.62672e+36 1.62672e+36 0 0 0 1.98727e+38 4.64348e+42 0 0 1
93057.2 1.21552e+36 1.21552e+36 1.21569e+36 1.21569e+36 1.21569e+36 0 0 0 1.51227e+38 4.64348e+42 0 0 1
107461 9.08932e+35 9.08932e+35 9.09071e+35 9.09071e+35 9.09071e+35 0 0 0 1.12802e+38 4.64348e+42 0 0 1
124094 6.8002e+35 6.8002e+35 6.80131e+35 6.80131e+35 6.80131e+35 0 0 0 8.22192e+37 4.64348e+42 0 0 1
143301 5.08959e+35 5.08959e+35 5.09047e+35 5.09047e+35 5.09047e+35 0 0 0 5.83509e+37 4.64348e+42 0 0 1
165482 3.81032e+35 3.81032e+35 3.81101e+35 3.81101e+35 3.81101e+35 0 0 0 4.01556e+37 4.64348e+42 0 0 1
191095 2.85301e+35 2.85301e+35 2.85354e+35 2.85354e+35 2.85354e+35 0 0 0 2.66686e+37 4.64348e+42 0 0 1
220673 2.13625e+35 2.13625e+35 2.13667e+35 2.13667e+35 2.13667e+35 0 0 0 1.69987e+37 4.64348e+42 0 0 1
254830 1.5994e+35 1.5994e+35 1.59972e+35 1.59972e+35 1.59972e+35 0 0 0 1.03332e+37 4.64348e+42 0 0 1
294273 1.19721e+35 1.19721e+35 1.19745e+35 1.19745e+35 1.19745e+35 0 0 0 5.94664e+36 4.64348e+42 0 0 1
339821 8.95873e+34 8.95873e+34 8.96061e+34 8.96061e+34 8.96061e+34 0 0 0 3.21247e+36 4.64348e+42 0 0 1
392419 6.70118e+34 6.70118e+34 6.7026e+34 6.7026e+34 6.7026e+34 0 0 0 1.6132e+36 4.64348e+42 0 0 1
453158 5.01017e+34 5.01017e+34 5.01124e+34 5.01124e+34 5.01124e+34 0 0 0 7.4458e+35 4.64348e+42 0 0 1
523299 3.7439e+34 3.7439e+34 3.74471e+34 3.74471e+34 3.74471e+34 7.55157e+26 1.8734e+31 0 3.11771e+35 4.64348e+42 0 0 1
604296 2.79608e+34 2.79608e+34 2.79668e+34 2.79668e+34 2.79668e+34 1.16326e+27 1.88149e+31 0 1.16658e+35 4.64348e+42 0 0 1
697831 2.08696e+34 2.08696e+34 2.0874e+34 2.0874e+34 2.0874e+34 1.57136e+27 1.88958e+31 0 3.83347e+34 4.64348e+42 0 0 1
805842 1.55671e+34 1.55671e+34 1.55703e+34 1.55703e+34 1.55703e+34 1.97946e+27 1.89767e+31 0 1.08426e+34 4.64348e+42 0 0 1
930572 1.16046e+34 1.16046e+34 1.1607e+34 1.1607e+34 1.1607e+34 2.38756e+27 1.90576e+31 0 2.57902e+33 4.64348e+42 0 0 1
1.07461e+06 8.64535e+33 8.64535e+33 8.64707e+33 8.64707e+33 8.64707e+33 3.02335e+27 1.91506e+31 0 5.02247e+32 4.64348e+42 0 0 1
1.24094e+06 6.4368e+33 6.4368e+33 6.43805e+33 6.43805e+33 6.43805e+33 4.05627e+27 1.9176e+31 0 7.76383e+31 4.64348e+42 0 0 1
1.43301e+06 4.78964e+33 4.78964e+33 4.79053e+33 4.79053e+33 4.79053e+33 5.41635e+27 1.92085e+31 0 9.19188e+30 4.64348e+42 0 0 1
1.65482e+06 3.56198e+33 3.56198e+33 3.56262e+33 3.56262e+33 3.56262e+33 7.2138e+27 1.92504e+31 0 7.99787e+29 4.64348e+42 0 0 1
1.91095e+06 2.64758e+33 2.64758e+33 2.64804e+33 2.64804e+33 2.64804e+33 9.78211e+27 1.93086e+31 0 4.87621e+28 4.64348e+42 0 0 1
2.20673e+06 1.96694e+33 1.96694e+33 1.96726e+33 1.96726e+33 1.96726e+33 1.30764e+28 1.9384e+31 0 1.9716e+27 4.64348e+42 0 0 1
2.5483e+06 1.46061e+33 1.46061e+33 1.46084e+33 1.46084e+33 1.46084e+33 1.74031e+28 1.94831e+31 0 4.96111e+25 4.64348e+42 0 0 1
2.94273e+06 1.08416e+33 1.08416e+33 1.08432e+33 1.08432e+33 1.08432e+33 2.31431e+28 1.96132e+31 0 7.21899e+23 4.64348e+42 0 0 1
3.39821e+06 8.04423e+32 8.04423e+32 8.04535e+32 8.04535e+32 8.04535e+32 3.14135e+28 1.97947e+31 0 5.5808e+21 4.64348e+42 0 0 1
3.92419e+06 5.96663e+32 5.96663e+32 5.96741e+32 5.96741e+32 5.96741e+32 4.22064e+28 2.00302e+31 0 2.07838e+19 4.64348e+42 0 0 1
4.53158e+06 4.42431e+32 4.42431e+32 4.42485e+32 4.42485e+32 4.42485e+32 5.67547e+28 2.03339e+31 0 3.33015e+16 4.64348e+42 0 0 1
5.23299e+06 3.27985e+32 3.27985e+32 3.28023e+32 3.28023e+32 3.28023e+32 7.61614e+28 2.0718e+31 0 2.01474e+13 4.64348e+42 0 0 1
6.04296e+06 2.43101e+32 2.43101e+32 2.43127e+32 2.43127e+32 2.43127e+32 1.03601e+29 2.12272e+31 0 3.9584e+09 4.64348e+42 0 0 1
6.97831e+06 1.80168e+32 1.80168e+32 1.80186e+32 1.80186e+32 1.80186e+32 1.39076e+29 2.18275e+31 0 212209 4.64348e+42 0 0 1
8.05842e+06 1.33532e+32 1.33532e+32 1.33544e+32 1.33544e+32 1.33544e+32 1.85326e+29 2.25368e+31 0 2.53889 4.64348e+42 0 0 1
9.30572e+06 9.89938e+31 9.89938e+31 9.90025e+31 9.90025e+31 9.90025e+31 2.46068e+29 2.33404e+31 0 5.37455e-06 4.64348e+42 0 0 1
1.07461e+07 7.34387e+31 7.34387e+31 7.34448e+31 7.34448e+31 7.34448e+31 3.27607e+29 2.43032e+31 0 1.53969e-12 4.64348e+42 0 0 1
1.24094e+07 5.45467e+31 5.45467e+31 5.45509e+31 5.45509e+31 5.45509e+31 4.27066e+29 2.52491e+31 0 4.37997e-20 4.64348e+42 0 0 1
1.43301e+07 4.06005e+31 4.06005e+31 4.06034e+31 4.06034e+31 4.06034e+31 5.46655e+29 2.61732e+31 0 8.65372e-29 4.64348e+42 0 0 1
1.65482e+07 3.03253e+31 3.03253e+31 3.03274e+31 3.03274e+31 3.03274e+31 6.87148e+29 2.70312e+31 0 7.85858e-39 4.64348e+42 0 0 1
1.91095e+07 2.27814e+31 2.27814e+31 2.27829e+31 2.27829e+31 2.27829e+31 8.54508e+29 2.77708e+31 0 2.03638e-50 4.64348e+42 0 0 1
2.20673e+07 1.72513e+31 1.72513e+31 1.72523e+31 1.72523e+31 1.72523e+31 1.03249e+30 2.84088e+31 0 8.68297e-64 4.64348e+42 0 0 1
2.5483e+07 1.32185e+31 1.32185e+31 1.32193e+31 1.32193e+31 1.32193e+31 1.22429e+30 2.88564e+31 0 3.22616e-79 4.64348e+42 0 0 1
2.94273e+07 1.02832e+31 1.02832e+31 1.02837e+31 1.02837e+31 1.02837e+31 1.41498e+30 2.88621e+31 0 5.01294e-97 4.64348e+42 0 0 1
3.39821e+07 8.15581e+30 8.15581e+30 8.15624e+30 8.15624e+30 8.15624e+30 1.60034e+30 2.83466e+31 0 1.39548e-117 4.64348e+42 0 0 1
3.92419e+07 6.60308e+30 6.60308e+30 6.60341e+30 6.60341e+30 6.60341e+30 1.7583e+30 2.7296e+31 0 2.61473e-141 4.64348e+42 0 0 1
4.53158e+07 5.47499e+30 5.47499e+30 5.47526e+30 5.47526e+30 5.47526e+30 1.89534e+30 2.58952e+31 0 1.06474e-168 4.64348e+42 0 0 1
5.23299e+07 4.64749e+30 4.64749e+30 4.64771e+30 4.64771e+30 4.64771e+30 2.00328e+30 2.428e+31 0 2.55405e-200 4.64348e+42 0 0 1
6.04296e+07 4.0179e+30 4.0179e+30 4.01809e+30 4.01809e+30 4.01809e+30 2.06523e+30 2.22914e+31 0 7.99244e-237 4.64348e+42 0 0 1
6.97831e+07 3.51797e+30 3.51797e+30 3.51813e+30 3.51813e+30 3.51813e+30 2.07641e+30 1.99737e+31 0 5.72231e-279 4.64348e+42 0 0 1
8.05842e+07 3.10512e+30 3.10512e+30 3.10526e+30 3.10526e+30 3.10526e+30 2.04127e+30 1.73655e+31 0 0 4.64348e+42 0 0 1
9.30572e+07 2.74586e+30 2.74586e+30 2.74598e+30 2.74598e+30 2.74598e+30 1.96105e+30 1.4558e+31 0 0 4.64348e+42 0 0 1
1.07461e+08 2.41462e+30 2.41462e+30 2.41473e+30 2.41473e+30 2.41473e+30 1.83591e+30 1.17103e+31 0 0 4.64348e+42 11.9415 0 1
1.24094e+08 2.11679e+30 2.11679e+30 2.11689e+30 2.11689e+30 2.11689e+30 1.69026e+30 9.26917e+30 0 0 4.64348e+42 10.4908 0 1
1.43301e+08 1.8374e+30 1.8374e+30 1.83748e+30 1.83748e+30 1.83748e+30 1.5232e+30 7.20694e+30 0 0 4.64348e+42 9.21636 0 1
1.65482e+08 1.57165e+30 1.57165e+30 1.57172e+30 1.57172e+30 1.57172e+30 1.34032e+30 5.51437e+30 0 0 4.64348e+42 8.09673 0 1
1.91095e+08 1.30954e+30 1.30954e+30 1.30959e+30 1.30959e+30 1.30959e+30 1.13931e+30 4.11132e+30 0 0 4.64348e+42 7.11311 0 1
2.20673e+08 1.07972e+30 1.07972e+30 1.07977e+30 1.07977e+30 1.07977e+30 9.5451e+29 3.0813e+30 0 0 4.64348e+42 6.24899 0 1
2.5483e+08 8.75536e+29 8.75536e+29 8.75576e+29 8.75576e+29 8.75576e+29 7.83465e+29 2.28333e+30 0 0 4.64348e+42 5.48984 0 1
2.94273e+08 6.97597e+29 6.97597e+29 6.97629e+29 6.97629e+29 6.97629e+29 6.29901e+29 1.67334e+30 0 0 4.64348e+42 4.82291 0 1
3.39821e+08 5.4072e+29 5.4072e+29 5.40745e+29 5.40745e+29 5.40745e+29 4.9094e+29 1.20456e+30 0 0 4.64348e+42 4.42394 0 1
3.92419e+08 4.17903e+29 4.17903e+29 4.17923e+29 4.17923e+29 4.17923e+29 3.81293e+29 8.81261e+29 0 0 4.64348e+42 4.23701 0 1
4.53158e+08 3.18574e+29 3.18574e+29 3.1859e+29 3.1859e+29 3.1859e+29 2.91644e+29 6.41776e+29 0 0 4.64348e+42 4.05798 0 1
5.23299e+08 2.39055e+29 2.39055e+29 2.39067e+29 2.39067e+29 2.39067e+29 2.19244e+29 4.65429e+29 0 0 4.64348e+42 3.88651 0 1
6.04296e+08 1.77199e+29 1.77199e+29 1.77208e+29 1.77208e+29 1.77208e+29 1.62627e+29 3.33977e+29 0 0 4.64348e+42 3.72228 0 1
6.97831e+08 1.32912e+29 1.32912e+29 1.32919e+29 1.32919e+29 1.32919e+29 1.22196e+29 2.44599e+29 0 0 4.64348e+42 3.565 0 1
8.05842e+08 9.9143e+28 9.9143e+28 9.91481e+28 9.91481e+28 9.91481e+28 9.12673e+28 1.78841e+29 0 0 4.64348e+42 3.41436 0 1
9.30572e+08 7.34608e+28 7.34608e+28 7.34647e+28 7.34647e+28 7.34647e+28 6.76751e+28 1.30449e+29 0 0 4.64348e+42 3.27009 0 1
1.07461e+09 5.37606e+28 5.37606e+28 5.37635e+28 5.37635e+28 5.37635e+28 4.95121e+28 9.38048e+28 0 0 4.64348e+42 3.28187 0 1
1.24094e+09 4.01678e+28 4.01678e+28 4.017e+28 4.017e+28 4.017e+28 3.70493e+28 6.9017e+28 0 0 4.64348e+42 3.45141 0 1
1.43301e+09 3.00534e+28 3.00534e+28 3.0055e+28 3.0055e+28 3.0055e+28 2.7765e+28 5.06433e+28 0 0 4.64348e+42 3.62971 0 1
1.65482e+09 2.24183e+28 2.24183e+28 2.24196e+28 2.24196e+28 2.24196e+28 2.07396e+28 3.70491e+28 0 0 4.64348e+42 3.81722 0 1
1.91095e+09 1.65306e+28 1.65306e+28 1.65316e+28 1.65316e+28 1.65316e+28 1.52996e+28 2.666e+28 0 0 4.64348e+42 4.01441 0 1
2.20673e+09 1.24298e+28 1.24298e+28 1.24305e+28 1.24305e+28 1.24305e+28 1.15275e+28 1.96579e+28 0 0 4.64348e+42 4.22179 0 1
2.5483e+09 9.32065e+27 9.32065e+27 9.32122e+27 9.32122e+27 9.32122e+27 8.65968e+27 1.44546e+28 0 0 4.64348e+42 4.43989 0 1
2.94273e+09 6.95833e+27 6.95833e+27 6.95877e+27 6.95877e+27 6.95877e+27 6.47441e+27 1.05947e+28 0 0 4.64348e+42 4.66925 0 1
3.39821e+09 5.10819e+27 5.10819e+27 5.10852e+27 5.10852e+27 5.10852e+27 4.75413e+27 7.63821e+27 0 0 4.64348e+42 4.91046 0 1
3.92419e+09 3.83007e+27 3.83007e+27 3.83032e+27 3.83032e+27 3.83032e+27 3.57121e+27 5.6361e+27 0 0 4.64348e+42 5.16413 0 1
4.53158e+09 2.86291e+27 2.86291e+27 2.8631e+27 2.8631e+27 2.8631e+27 2.67382e+27 4.14393e+27 0 0 4.64348e+42 5.4309 0 1
5.23299e+09 2.13296e+27 2.13296e+27 2.13311e+27 2.13311e+27 2.13311e+27 1.99496e+27 3.03442e+27 0 0 4.64348e+42 5.71146 0 1
6.04296e+09 1.55935e+27 1.55935e+27 1.55946e+27 1.55946e+27 1.55946e+27 1.45874e+27 2.18733e+27 0 0 4.64348e+42 6.00651 0 1
6.97831e+09 1.16695e+27 1.16695e+27 1.16703e+27 1.16703e+27 1.16703e+27 1.0937e+27 1.61222e+27 0 0 4.64348e+42 6.3168 0 1
8.05842e+09 8.70538e+26 8.70538e+26 8.70599e+26 8.70599e+26 8.70599e+26 8.17292e+26 1.18507e+27 0 0 4.64348e+42 6.64312 0 1
9.30572e+09 6.45515e+26 6.45515e+26 6.45562e+26 6.45562e+26 6.45562e+26 6.06883e+26 8.6865e+26 0 0 4.64348e+42 6.9863 0 1
1.07461e+10 4.70722e+26 4.70722e+26 4.70757e+26 4.70757e+26 4.70757e+26 4.42754e+26 6.28117e+26 0 0 4.64348e+42 7.83875 0 1
1.24094e+10 3.49557e+26 3.49557e+26 3.49583e+26 3.49583e+26 3.49583e+26 3.29362e+26 4.64503e+26 0 0 4.64348e+42 9.38365 0 1
1.43301e+10 2.58056e+26 2.58056e+26 2.58076e+26 2.58076e+26 2.58076e+26 2.43519e+26 3.42646e+26 0 0 4.64348e+42 11.233 0 1
1.65482e+10 1.89918e+26 1.89918e+26 1.89933e+26 1.89933e+26 1.89933e+26 1.79489e+26 2.51981e+26 0 0 4.64348e+42 13.4469 0 1
1.91095e+10 1.37264e+26 1.37264e+26 1.37275e+26 1.37275e+26 1.37275e+26 1.29813e+26 1.82221e+26 0 0 4.64348e+42 16.0971 0 1
2.20673e+10 1.01351e+26 1.01351e+26 1.01359e+26 1.01359e+26 1.01359e+26 9.60523e+25 1.34839e+26 0 0 4.64348e+42 19.2696 34.7254 1
2.5483e+10 7.45784e+25 7.45784e+25 7.45845e+25 7.45845e+25 7.45845e+25 7.08323e+25 9.94459e+25 0 0 4.64348e+42 23.0673 22.9578 1
2.94273e+10 5.47058e+25 5.47058e+25 5.47103e+25 5.47103e+25 5.47103e+25 5.20797e+25 7.30873e+25 0 0 4.64348e+42 27.6135 15.5417 1
3.39821e+10 3.93846e+25 3.93846e+25 3.93879e+25 3.93879e+25 3.93879e+25 3.75724e+25 5.27368e+25 0 0 4.64348e+42 33.0558 10.7604 1
3.92419e+10 2.90476e+25 2.90476e+25 2.90501e+25 2.90501e+25 2.90501e+25 2.78422e+25 3.90247e+25 0 0 4.64348e+42 39.5705 7.61059 1
4.53158e+10 2.132e+25 2.132e+25 2.1322e+25 2.1322e+25 2.1322e+25 2.05861e+25 2.88056e+25 0 0 4.64348e+42 47.3693 5.49245 1
5.23299e+10 1.5546e+25 1.5546e+25 1.55475e+25 1.55475e+25 1.55475e+25 1.51958e+25 2.12022e+25 0 0 4.64348e+42 56.7051 4.04008 1
6.04296e+10 1.10676e+25 1.10676e+25 1.10689e+25 1.10689e+25 1.10689e+25 1.10306e+25 1.53189e+25 0 0 4.64348e+42 67.8808 3.02568 1
6.97831e+10 7.99367e+24 7.99367e+24 7.99475e+24 7.99475e+24 7.99475e+24 8.21718e+24 1.1362e+25 0 0 4.64348e+42 81.2591 2.3047 1
8.05842e+10 5.68759e+24 5.68759e+24 5.68855e+24 5.68855e+24 5.68855e+24 6.10465e+24 8.40689e+24 0 0 4.64348e+42 97.2741 1.78376 1
9.30572e+10 3.98569e+24 3.98569e+24 3.98653e+24 3.98653e+24 3.98653e+24 4.52251e+24 6.20206e+24 0 0 4.64348e+42 116.445 1.40144 1
1.07461e+11 2.71221e+24 2.71221e+24 2.71294e+24 2.71294e+24 2.71294e+24 3.28682e+24 4.48687e+24 0 0 4.64348e+42 139.395 1.11671 1
1.24094e+11 1.87584e+24 1.87584e+24 1.87647e+24 1.87647e+24 1.87647e+24 2.44713e+24 3.33144e+24 0 0 4.64348e+42 166.868 0.901709 1
1.43301e+11 1.28883e+24 1.28883e+24 1.28936e+24 1.28936e+24 1.28936e+24 1.81553e+24 2.46639e+24 0 0 4.64348e+42 199.755 0.737233 1
1.65482e+11 8.82835e+23 8.82835e+23 8.83268e+23 8.83268e+23 8.83268e+23 1.34163e+24 1.81971e+24 0 0 4.64348e+42 239.123 0.609868 1
1.91095e+11 5.9557e+23 5.9557e+23 5.95911e+23 5.95911e+23 5.95911e+23 9.72029e+23 1.31545e+24 0 0 4.64348e+42 286.251 0.510106 1
2.20673e+11 4.14462e+23 4.14462e+23 4.14732e+23 4.14732e+23 4.14732e+23 7.21926e+23 9.76035e+23 0 0 4.64348e+42 342.667 0.431129 1
2.5483e+11 2.89879e+23 2.89879e+23 2.90089e+23 2.90089e+23 2.90089e+23 5.34384e+23 7.21942e+23 0 0 4.64348e+42 410.201 0.367983 1
2.94273e+11 2.03915e+23 2.03915e+23 2.04075e+23 2.04075e+23 2.04075e+23 3.94202e+23 5.32082e+23 0 0 4.64348e+42 491.046 0.317029 1
3.39821e+11 1.42044e+23 1.42044e+23 1.42163e+23 1.42163e+23 1.42163e+23 2.85208e+23 3.84052e+23 0 0 4.64348e+42 0 0.275565 1
3.92419e+11 1.02402e+23 1.02402e+23 1.02493e+23 1.02493e+23 1.02493e+23 2.11635e+23 2.84582e+23 0 0 4.64348e+42 0 0.241562 1
4.53158e+11 7.42366e+22 7.42366e+22 7.43045e+22 7.43045e+22 7.43045e+22 1.56522e+23 2.1018e+23 0 0 4.64348e+42 0 0.213483 1
5.23299e+11 5.40742e+22 5.40742e+22 5.41246e+22 5.41246e+22 5.41246e+22 1.15356e+23 1.54641e+23 0 0 4.64348e+42 0 0.190154 1
6.04296e+11 3.89039e+22 3.89039e+22 3.89404e+22 3.89404e+22 3.89404e+22 8.33368e+22 1.11367e+23 0 0 4.64348e+42 0 0.170669 1
6.97831e+11 2.89041e+22 2.89041e+22 2.89311e+22 2.89311e+22 2.89311e+22 6.17616e+22 8.23542e+22 0 0 4.64348e+42 0 0.154323 1
8.05842e+11 2.15286e+22 2.15286e+22 2.15485e+22 2.15485e+22 2.15485e+22 4.56139e+22 6.06842e+22 0 0 4.64348e+42 0 0.140565 1
9.30572e+11 1.60595e+22 1.60595e+22 1.6074e+22 1.6074e+22 1.6074e+22 3.35646e+22 4.45348e+22 0 0 4.64348e+42 0 0.12896 1
1.07461e+12 1.1788e+22 1.1788e+22 1.17984e+22 1.17984e+22 1.17984e+22 2.41948e+22 3.19666e+22 0 0 4.64348e+42 0 0.119166 1
1.24094e+12 8.91127e+21 8.91128e+21 8.9188e+21 8.9188e+21 8.9188e+21 1.78961e+22 2.35679e+22 0 0 4.64348e+42 0 0.110908 1
1.43301e+12 6.73239e+21 6.73239e+21 6.73784e+21 6.73784e+21 6.73784e+21 1.31887e+22 1.73088e+22 0 0 4.64348e+42 0 0.103969 1
1.65482e+12 5.07862e+21 5.07863e+21 5.08255e+21 5.08255e+21 5.08255e+21 9.68142e+21 1.26555e+22 0 0 4.64348e+42 0 0.098177 1
1.91095e+12 3.75714e+21 3.75714e+21 3.7599e+21 3.7599e+21 3.7599e+21 6.95664e+21 9.04124e+21 0 0 4.64348e+42 0 0.0933933 1
2.20673e+12 2.85668e+21 2.85668e+21 2.85867e+21 2.85867e+21 2.85867e+21 5.13079e+21 6.63722e+21 0 0 4.64348e+42 0 0.0895108 1
2.5483e+12 2.16528e+21 2.16528e+21 2.16671e+21 2.16671e+21 2.16671e+21 3.76914e+21 4.85151e+21 0 0 4.64348e+42 0 0.0864461 1
2.94273e+12 1.63499e+21 1.63499e+21 1.636e+21 1.636e+21 1.636e+21 2.75713e+21 3.5288e+21 0 0 4.64348e+42 0 0.0841374 1
3.39821e+12 1.20726e+21 1.20726e+21 1.20796e+21 1.20796e+21 1.20796e+21 1.97209e+21 2.50425e+21 0 0 4.64348e+42 0 0.082541 1
3.92419e+12 9.15146e+20 9.15147e+20 9.15647e+20 9.15647e+20 9.15647e+20 1.4485e+21 1.8274e+21 0 0 4.64348e+42 0 0.08163 1
4.53158e+12 6.90302e+20 6.90302e+20 6.90656e+20 6.90656e+20 6.90656e+20 1.05926e+21 1.32699e+21 0 0 4.64348e+42 0 0.0813928 1
5.23299e+12 5.17852e+20 5.17853e+20 5.18102e+20 5.18102e+20 5.18102e+20 7.7098e+20 9.58246e+20 0 0 4.64348e+42 0 0.0818329 1
6.04296e+12 3.78943e+20 3.78943e+20 3.79114e+20 3.79114e+20 3.79114e+20 5.47905e+20 6.73757e+20 0 0 4.64348e+42 0 0.0829683 1
6.97831e+12 2.84613e+20 2.84613e+20 2.84734e+20 2.84734e+20 2.84734e+20 4.00104e+20 4.87614e+20 0 0 4.64348e+42 0 0.0848322 1
8.05842e+12 2.12443e+20 2.12444e+20 2.12528e+20 2.12528e+20 2.12528e+20 2.9073e+20 3.50911e+20 0 0 4.64348e+42 0 0.0874729 1
9.30572e+12 1.57519e+20 1.57519e+20 1.57578e+20 1.57578e+20 1.57578e+20 2.10131e+20 2.50908e+20 0 0 4.64348e+42 0 0.0909553 1
1.07461e+13 1.13646e+20 1.13646e+20 1.13686e+20 1.13686e+20 1.13686e+20 1.47989e+20 1.74182e+20 0 0 4.64348e+42 0 0.0953611 1
1.24094e+13 8.42147e+19 8.42148e+19 8.42429e+19 8.42429e+19 8.42429e+19 1.07202e+20 1.24655e+20 0 0 4.64348e+42 0 0.10079 1
1.43301e+13 6.1961e+19 6.1961e+19 6.19806e+19 6.19806e+19 6.19806e+19 7.72147e+19 8.86202e+19 0 0 4.64348e+42 0 0.10736 1
1.65482e+13 4.52406e+19 4.52406e+19 4.52542e+19 4.52542e+19 4.52542e+19 5.52717e+19 6.25241e+19 0 0 4.64348e+42 0 0.115206 1
1.91095e+13 3.20515e+19 3.20516e+19 3.20607e+19 3.20607e+19 3.20607e+19 3.84442e+19 4.26562e+19 0 0 4.64348e+42 0 0.12448 1
2.20673e+13 2.33576e+19 2.33576e+19 2.3364e+19 2.3364e+19 2.3364e+19 2.75434e+19 3.00705e+19 0 0 4.64348e+42 0 0.135345 1
2.5483e+13 1.68854e+19 1.68854e+19 1.68898e+19 1.68898e+19 1.68898e+19 1.96013e+19 2.103e+19 0 0 4.64348e+42 0 0.147968 1
2.94273e+13 1.21021e+19 1.21022e+19 1.21052e+19 1.21052e+19 1.21052e+19 1.38477e+19 1.45739e+19 0 0 4.64348e+42 0 0.162507 1
3.39821e+13 8.38431e+18 8.38436e+18 8.38636e+18 8.38636e+18 8.38636e+18 9.46783e+18 9.71018e+18 0 0 4.64348e+42 0 0.179093 1
3.92419e+13 5.98944e+18 5.98949e+18 5.99087e+18 5.99087e+18 5.99087e+18 6.68248e+18 6.70853e+18 0 0 4.64348e+42 0 0.197804 1
4.53158e+13 4.23961e+18 4.23965e+18 4.2406e+18 4.2406e+18 4.2406e+18 4.6786e+18 4.58999e+18 0 0 4.64348e+42 0 0.218621 1
5.23299e+13 2.97161e+18 2.97165e+18 2.97229e+18 2.97229e+18 2.97229e+18 3.24684e+18 3.10573e+18 0 0 4.64348e+42 0 0.241387 1
6.04296e+13 2.00237e+18 2.00241e+18 2.00283e+18 2.00283e+18 2.00283e+18 2.16822e+18 2.00366e+18 0 0 4.64348e+42 0 0.265741 1
6.97831e+13 1.39625e+18 1.39628e+18 1.39657e+18 1.39657e+18 1.39657e+18 1.49965e+18 1.34754e+18 0 0 4.64348e+42 0 0.291055 1
8.05842e+13 9.63216e+17 9.63241e+17 9.63435e+17 9.63435e+17 9.63435e+17 1.02701e+18 8.95467e+17 0 0 4.64348e+42 0 0.316368 1
9.30572e+13 6.56813e+17 6.56834e+17 6.56963e+17 6.56963e+17 6.56963e+17 6.95733e+17 5.86908e+17 0 0 4.64348e+42 0 0.340344 1
1.07461e+14 4.27099e+17 4.27116e+17 4.27199e+17 4.27199e+17 4.27199e+17 4.49759e+17 3.62323e+17 0 0 4.64348e+42 0 0 1
1.24094e+14 2.88918e+17 2.88934e+17 2.8899e+17 2.8899e+17 2.8899e+17 3.02661e+17 2.35094e+17 0 0 4.64348e+42 0 0 1
1.43301e+14 1.92916e+17 1.92935e+17 1.92972e+17 1.92972e+17 1.92972e+17 2.01162e+17 1.50272e+17 0 0 4.64348e+42 0 0 1
1.65482e+14 1.26991e+17 1.27018e+17 1.27042e+17 1.27042e+17 1.27042e+17 1.31889e+17 9.44023e+16 0 0 4.64348e+42 0 0 1
1.91095e+14 7.87393e+16 7.87731e+16 7.87877e+16 7.87877e+16 7.87877e+16 8.14973e+16 5.48437e+16 0 0 4.64348e+42 0 0 1
2.20673e+14 5.11869e+16 5.123e+16 5.12394e+16 5.12394e+16 5.12394e+16 5.28333e+16 3.39233e+16 0 0 4.64348e+42 0 0 1
2.5483e+14 3.27293e+16 3.27794e+16 3.27854e+16 3.27854e+16 3.27854e+16 3.37118e+16 2.05899e+16 0 0 4.64348e+42 0 0 1
2.94273e+14 2.05518e+16 2.06046e+16 2.06083e+16 2.06083e+16 2.06083e+16 2.11401e+16 1.22253e+16 0 0 4.64348e+42 0 0 1
3.39821e+14 1.19219e+16 1.19696e+16 1.19718e+16 1.19718e+16 1.19718e+16 1.22557e+16 6.52484e+15 0 0 4.64348e+42 0 0 1
3.92419e+14 7.34187e+15 7.3848e+15 7.38614e+15 7.38614e+15 7.38614e+15 7.54835e+15 3.78608e+15 0 0 4.64348e+42 0 0 1
4.53158e+14 4.42567e+15 4.46134e+15 4.46215e+15 4.46215e+15 4.46215e+15 4.55367e+15 2.14491e+15 0 0 4.64348e+42 0 0 1
5.23299e+14 2.60697e+15 2.63451e+15 2.63499e+15 2.63499e+15 2.63499e+15 2.68596e+15 1.18155e+15 0 0 4.64348e+42 0 0 1
6.04296e+14 1.37603e+15 1.39426e+15 1.39451e+15 1.39451e+15 1.39451e+15 1.42023e+15 5.59238e+14 0 0 4.64348e+42 0 0 1
6.97831e+14 7.87587e+14 8.00171e+14 8.00317e+14 8.00317e+14 8.00317e+14 8.14546e+14 2.97893e+14 0 0 4.64348e+42 0 0 1
8.05842e+14 4.38397e+14 4.46566e+14 4.46648e+14 4.46648e+14 4.46648e+14 4.54394e+14 1.53962e+14 0 0 4.64348e+42 0 0 1
9.30572e+14 2.36943e+14 2.41942e+14 2.41986e+14 2.41986e+14 2.41986e+14 2.46129e+14 7.67845e+13 0 0 4.64348e+42 0 0 1
1.07461e+15 1.09084e+14 1.11623e+14 1.11643e+14 1.11643e+14 1.11643e+14 1.13551e+14 3.05574e+13 0 0 4.64348e+42 0 0 1
1.24094e+15 5.64504e+13 5.78665e+13 5.78772e+13 5.78772e+13 5.78772e+13 5.8875e+13 1.45062e+13 0 0 4.64348e+42 0 0 1
1.43301e+15 2.81215e+13 2.88667e+13 2.8872e+13 2.8872e+13 2.8872e+13 2.93792e+13 6.63202e+12 0 0 4.64348e+42 0 0 1
1.65482e+15 1.34783e+13 1.38488e+13 1.38514e+13 1.38514e+13 1.38514e+13 1.41014e+13 2.89889e+12 0 0 4.64348e+42 0 0 1
1.91095e+15 5.04689e+12 5.18857e+12 5.18954e+12 5.18954e+12 5.18954e+12 5.28648e+12 8.91345e+11 0 0 4.64348e+42 0 0 1
2.20673e+15 2.25899e+12 2.32283e+12 2.32327e+12 2.32327e+12 2.32327e+12 2.36846e+12 3.61152e+11 0 0 4.64348e+42 0 0 1
2.5483e+15 9.5616e+11 9.83027e+11 9.83212e+11 9.83212e+11 9.83212e+11 1.00322e+12 1.39787e+11 0 0 4.64348e+42 0 0 1
2.94273e+15 3.83735e+11 3.94336e+11 3.9441e+11 3.9441e+11 3.9441e+11 4.02836e+11 5.13079e+10 0 0 4.64348e+42 0 0 1
3.39821e+15 1.04359e+11 1.07165e+11 1.07185e+11 1.07185e+11 1.07185e+11 1.09595e+11 1.05216e+10 0 0 4.64348e+42 0 0 1
3.92419e+15 3.76173e+10 3.85931e+10 3.86005e+10 3.86005e+10 3.86005e+10 3.95151e+10 3.38621e+09 0 0 4.64348e+42 0 0 1
4.53158e+15 1.23896e+10 1.26972e+10 1.26996e+10 1.26996e+10 1.26996e+10 1.30171e+10 1.03133e+09 0 0 4.64348e+42 0 0 1
5.23299e+15 3.73007e+09 3.81807e+09 3.81881e+09 3.81881e+09 3.81881e+09 3.9195e+09 2.99705e+08 0 0 4.64348e+42 0 0 1
6.04296e+15 6.21339e+08 6.35182e+08 6.35306e+08 6.35306e+08 6.35306e+08 6.52967e+08 3.2083e+07 0 0 4.64348e+42 0 0 1
6.97831e+15 1.60183e+08 1.63534e+08 1.63566e+08 1.63566e+08 1.63566e+08 1.68355e+08 7.19579e+06 0 0 4.64348e+42 0 0 1
8.05842e+15 3.54472e+07 3.61398e+07 3.61469e+07 3.61469e+07 3.61469e+07 3.72605e+07 1.47886e+06 0 0 4.64348e+42 0 0 1
9.30572e+15 6.46722e+06 6.58471e+06 6.58602e+06 6.58602e+06 6.58602e+06 6.79912e+06 296645 0 0 4.64348e+42 0 0 1
1.07461e+16 500312 508727 508829 508829 508829 526090 12605.8 0 0 4.64348e+42 0 0 1
1.24094e+16 73972.8 75120.6 75135.7 75135.7 75135.7 77802.7 1565.63 0 0 4.64348e+42 0 0 1
1.43301e+16 8473.64 8594.52 8596.26 8596.26 8596.26 8914.84 159.465 0 0 4.64348e+42 0 0 1
1.65482e+16 678.304 687.173 687.313 687.313 687.313 713.849 15.5259 0 0 4.64348e+42 0 0 1
1.91095e+16 14.2315 14.4016 14.4046 14.4046 14.4046 14.9826 0.188158 0 0 4.64348e+42 0 0 1
2.20673e+16 0.812176 0.821024 0.821193 0.821193 0.821193 0.855368 0.00873918 0 0 4.64348e+42 0 0 1
2.5483e+16 0.0290932 0.0293815 0.0293875 0.0293875 0.0293875 0.0306528 0.000264069 0 0 4.64348e+42 0 0 1
2.94273e+16 0.000609372 0.000614854 0.000614982 0.000614982 0.000614982 0.000642311 5.78775e-06 0 0 4.64348e+42 0 0 1
3.39821e+16 1.52303e-06 1.53544e-06 1.53577e-06 1.53577e-06 1.53577e-06 1.60604e-06 1.13156e-08 0 0 4.64348e+42 0 0 1
3.92419e+16 1.50563e-08 1.51672e-08 1.51704e-08 1.51704e-08 1.51704e-08 1.58836e-08 9.921e-11 0 0 4.64348e+42 0 0 1
4.53158e+16 5.70352e-11 5.74146e-11 5.74268e-11 5.74268e-11 5.74268e-11 6.01941e-11 3.57202e-13 0 0 4.64348e+42 0 0 1
5.23299e+16 8.20678e-14 8.256e-14 8.25776e-14 8.25776e-14 8.25776e-14 8.66471e-14 5.08877e-16 0 0 4.64348e+42 0 0 1
6.04296e+16 7.27747e-18 7.31676e-18 7.31833e-18 7.31833e-18 7.31833e-18 7.68635e-18 4.4379e-20 0 0 4.64348e+42 0 0 1
6.97831e+16 1.80641e-21 1.81517e-21 1.81556e-21 1.81556e-21 1.81556e-21 1.90853e-21 1.09689e-23 0 0 4.64348e+42 0 0 1
8.05842e+16 8.77626e-26 8.8145e-26 8.81641e-26 8.81641e-26 8.81641e-26 9.2751e-26 5.32433e-28 0 0 4.64348e+42 0 0 1
9.30572e+16 0 0 0 0 0 0 0 0 0 4.64348e+42 0 0 1