
1.07461e-07 0 0 3.35066e+54 4.03473e+54 1.0368e+56 0 0 1.06846e+44 0 4.64348e+42 0 0 1
1.24094e-07 0 0 4.06741e+54 4.77735e+54 9.27143e+55 0 0 1.23384e+44 0 4.64348e+42 0 0 1
1.43301e-07 0 0 4.92591e+54 5.66227e+54 8.28615e+55 0 0 1.42481e+44 0 4.64348e+42 0 0 1
1.65482e-07 0 0 5.95358e+54 6.71696e+54 7.40122e+55 0 0 1.64535e+44 0 4.64348e+42 0 0 1
1.91095e-07 0 0 7.1817e+54 7.97258e+54 6.60669e+55 0 0 1.90002e+44 0 4.64348e+42 0 0 1
2.20673e-07 5.20695e-226 5.20695e-226 8.63729e+54 9.45514e+54 5.8936e+55 0 0 2.19411e+44 6.97653e-231 4.64348e+42 0 0 1
2.5483e-07 7.5981e-153 7.5981e-153 1.03151e+55 1.11557e+55 5.25388e+55 0 0 2.53372e+44 7.38185e-158 4.64348e+42 0 0 1
2.94273e-07 9.45604e-99 9.45604e-99 1.21349e+55 1.29867e+55 4.68023e+55 0 0 2.92589e+44 6.7625e-104 4.64348e+42 0 0 1
3.39821e-07 9.31656e-59 9.31656e-59 1.39256e+55 1.47682e+55 4.16605e+55 0 0 3.37876e+44 5.02777e-64 4.64348e+42 0 0 1
3.92419e-07 3.41303e-29 3.41303e-29 1.54692e+55 1.62766e+55 3.70541e+55 0 0 3.90174e+44 1.43583e-34 4.64348e+42 0 0 1
4.53158e-07 2.41262e-07 2.41262e-07 1.65785e+55 1.73252e+55 3.29295e+55 0 0 4.50565e+44 8.20121e-13 4.64348e+42 0 0 1
5.23299e-07 3.35485e+09 3.35485e+09 1.7154e+55 1.78211e+55 2.92383e+55 0 0 5.20305e+44 9544.22 4.64348e+42 0 0 1
6.04296e-07 2.80844e+21 2.80844e+21 1.71949e+55 1.77725e+55 2.59369e+55 0 0 6.00839e+44 6.90237e+15 4.64348e+42 0 0 1
6.97831e-07 1.77829e+30 1.77829e+30 1.67733e+55 1.72601e+55 2.29861e+55 0 0 6.93838e+44 3.87988e+24 4.64348e+42 0 0 1
8.05842e-07 5.53762e+36 5.53762e+36 1.59974e+55 1.63987e+55 2.03502e+55 0 0 8.01231e+44 1.097e+31 4.64348e+42 0 0 1
9.30572e-07 3.38659e+41 3.38659e+41 1.49815e+55 1.53064e+55 1.79974e+55 0 0 9.25247e+44 6.20355e+35 4.64348e+42 0 0 1
1.07461e-06 1.13247e+45 1.13247e+45 1.38267e+55 1.4086e+55 1.58987e+55 0 0 1.06846e+45 1.94644e+39 4.64348e+42 0 0 1
1.24094e-06 4.41526e+47 4.41526e+47 1.26135e+55 1.2818e+55 1.40283e+55 0 0 1.23384e+45 7.2037e+41 4.64348e+42 0 0 1
1.43301e-06 3.51315e+49 3.51315e+49 1.14007e+55 1.15606e+55 1.23627e+55 0 0 1.42481e+45 5.49162e+43 4.64348e+42 0 0 1
1.65482e-06 8.63009e+50 8.63009e+50 1.02284e+55 1.03525e+55 1.08808e+55 0 0 1.64535e+45 1.30209e+45 4.64348e+42 0 0 1
1.91095e-06 8.88816e+51 8.88816e+51 9.12169e+54 9.21749e+54 9.56348e+54 0 0 1.90002e+45 1.30218e+46 4.64348e+42 0 0 1
2.20673e-06 4.81209e+52 4.81209e+52 8.09465e+54 8.16821e+54 8.39376e+54 0 0 2.1941e+45 6.87969e+46 4.64348e+42 0 0 1
2.5483e-06 1.61885e+53 1.61885e+53 7.15351e+54 7.20978e+54 7.35616e+54 0 0 2.53371e+45 2.26788e+47 4.64348e+42 0 0 1
2.94273e-06 3.82921e+53 3.82921e+53 6.2993e+54 6.34218e+54 6.4368e+54 0 0 2.92588e+45 5.27535e+47 4.64348e+42 0 0 1
3.39821e-06 6.97785e+53 6.97785e+53 5.52967e+54 5.56225e+54 5.62317e+54 0 0 3.37876e+45 9.48323e+47 4.64348e+42 0 0 1
3.92419e-06 1.04801e+54 1.04801e+54 4.84027e+54 4.86496e+54 4.90404e+54 0 0 3.90173e+45 1.40905e+48 4.64348e+42 0 0 1
4.53158e-06 1.36365e+54 1.36365e+54 4.22564e+54 4.2443e+54 4.26927e+54 0 0 4.50564e+45 1.81863e+48 4.64348e+42 0 0 1
5.23299e-06 1.59496e+54 1.59496e+54 3.67981e+54 3.69388e+54 3.70977e+54 0 0 5.20303e+45 2.11523e+48 4.64348e+42 0 0 1
6.04296e-06 1.72315e+54 1.72315e+54 3.19671e+54 3.20729e+54 3.21736e+54 0 0 6.00837e+45 2.278e+48 4.64348e+42 0 0 1
6.97831e-06 1.75453e+54 1.75453e+54 2.77039e+54 2.77832e+54 2.78469e+54 0 0 6.93835e+45 2.31768e+48 4.64348e+42 0 0 1
8.05842e-06 1.70884e+54 1.70884e+54 2.3952e+54 2.40114e+54 2.40514e+54 0 0 8.01228e+45 2.26097e+48 4.64348e+42 0 0 1
9.30572e-06 1.60955e+54 1.60955e+54 2.06584e+54 2.07028e+54 2.07279e+54 0 0 9.25243e+45 2.13817e+48 4.64348e+42 0 0 1
1.07461e-05 1.478e+54 1.478e+54 1.77744e+54 1.78075e+54 1.78231e+54 0 0 1.06845e+46 1.97611e+48 4.64348e+42 0 0 1
1.24094e-05 1.33104e+54 1.33104e+54 1.52551e+54 1.52796e+54 1.52893e+54 0 0 1.23383e+46 1.7956e+48 4.64348e+42 0 0 1
1.43301e-05 1.18073e+54 1.18073e+54 1.30595e+54 1.30778e+54 1.30837e+54 0 0 1.4248e+46 1.61123e+48 4.64348e+42 0 0 1
1.65482e-05 1.03503e+54 1.03503e+54 1.11509e+54 1.11644e+54 1.11681e+54 0 0 1.64533e+46 1.43243e+48 4.64348e+42 0 0 1
1.91095e-05 8.98695e+53 8.98695e+53 9.4958e+53 9.50572e+53 9.50797e+53 0 0 1.9e+46 1.26478e+48 4.64348e+42 0 0 1
2.20673e-05 7.74246e+53 7.74246e+53 8.06417e+53 8.07147e+53 8.07284e+53 0 0 2.19408e+46 1.1111e+48 4.64348e+42 0 0 1
2.5483e-05 6.62666e+53 6.62666e+53 6.8291e+53 6.83446e+53 6.83528e+53 0 0 2.53368e+46 9.72444e+47 4.64348e+42 0 0 1
2.94273e-05 5.63964e+53 5.63964e+53 5.76649e+53 5.7704e+53 5.7709e+53 0 0 2.92584e+46 8.48737e+47 4.64348e+42 0 0 1
3.39821e-05 4.77564e+53 4.77564e+53 4.85481e+53 4.85766e+53 4.85796e+53 0 0 3.3787e+46 7.39252e+47 4.64348e+42 0 0 1
3.92419e-05 4.02565e+53 4.02565e+53 4.07488e+53 4.07695e+53 4.07713e+53 0 0 3.90165e+46 6.42918e+47 4.64348e+42 0 0 1
4.53158e-05 3.37915e+53 3.37915e+53 3.40965e+53 3.41115e+53 3.41125e+53 0 0 4.50554e+46 5.58511e+47 4.64348e+42 0 0 1
5.23299e-05 2.82518e+53 2.82518e+53 2.844e+53 2.84508e+53 2.84515e+53 0 0 5.20289e+46 4.84785e+47 4.64348e+42 0 0 1
6.04296e-05 2.35297e+53 2.35297e+53 2.36455e+53 2.36533e+53 2.36537e+53 0 0 6.00818e+46 4.20535e+47 4.64348e+42 0 0 1
6.97831e-05 1.95239e+53 1.95239e+53 1.95949e+53 1.96005e+53 1.96007e+53 0 0 6.9381e+46 3.64635e+47 4.64348e+42 0 0 1
8.05842e-05 1.61409e+53 1.61409e+53 1.61843e+53 1.61883e+53 1.61884e+53 0 0 8.01194e+46 3.16059e+47 4.64348e+42 0 0 1
9.30572e-05 1.32959e+53 1.32959e+53 1.33223e+53 1.33252e+53 1.33252e+53 0 0 9.25198e+46 2.73888e+47 4.64348e+42 0 0 1
0.000107461 1.09132e+53 1.09132e+53 1.09292e+53 1.09312e+53 1.09313e+53 0 0 1.06839e+47 2.373e+47 4.64348e+42 0 0 1
0.000124094 8.9256e+52 8.9256e+52 8.93527e+52 8.93671e+52 8.93675e+52 0 0 1.23375e+47 2.05572e+47 4.64348e+42 0 0 1
0.000143301 7.2742e+52 7.2742e+52 7.28003e+52 7.28104e+52 7.28107e+52 0 0 1.42469e+47 1.78068e+47 4.64348e+42 0 0 1
0.000165482 5.90749e+52 5.90749e+52 5.91099e+52 5.9117e+52 5.91172e+52 0 0 1.64519e+47 1.54233e+47 4.64348e+42 0 0 1
0.000191095 4.7808e+52 4.7808e+52 4.78289e+52 4.78339e+52 4.7834e+52 0 0 1.89981e+47 1.33581e+47 4.64348e+42 0 0 1
0.000220673 3.85557e+52 3.85557e+52 3.85682e+52 3.85717e+52 3.85717e+52 0 0 2.19383e+47 1.15689e+47 4.64348e+42 0 0 1
0.00025483 3.09873e+52 3.09873e+52 3.09947e+52 3.09971e+52 3.09972e+52 0 0 2.53334e+47 1.00191e+47 4.64348e+42 0 0 1
0.000294273 2.48201e+52 2.48201e+52 2.48244e+52 2.48261e+52 2.48261e+52 0 0 2.92539e+47 8.67675e+46 4.64348e+42 0 0 1
0.000339821 1.98138e+52 1.98138e+52 1.98164e+52 1.98175e+52 1.98176e+52 0 0 3.3781e+47 7.5141e+46 4.64348e+42 0 0 1
0.000392419 1.57653e+52 1.57653e+52 1.57669e+52 1.57677e+52 1.57677e+52 0 0 3.90085e+47 6.50716e+46 4.64348e+42 0 0 1
0.000453158 1.25037e+52 1.25037e+52 1.25046e+52 1.25051e+52 1.25051e+52 0 0 4.50447e+47 5.63511e+46 4.64348e+42 0 0 1
0.000523299 9.88555e+51 9.88555e+51 9.88607e+51 9.88645e+51 9.88645e+51 0 0 5.20147e+47 4.8799e+46 4.64348e+42 0 0 1
0.000604296 7.79162e+51 7.79162e+51 7.79193e+51 7.79218e+51 7.79218e+51 0 0 6.00628e+47 4.22588e+46 4.64348e+42 0 0 1
0.000697831 6.12285e+51 6.12285e+51 6.12303e+51 6.12321e+51 6.12321e+51 0 0 6.93557e+47 3.65949e+46 4.64348e+42 0 0 1
0.000805842 4.79752e+51 4.79752e+51 4.79762e+51 4.79774e+51 4.79774e+51 0 0 8.00857e+47 3.16902e+46 4.64348e+42 0 0 1
0.000930572 3.74848e+51 3.74848e+51 3.74854e+51 3.74862e+51 3.74862e+51 0 0 9.24748e+47 2.74427e+46 4.64348e+42 0 0 1
0.00107461 2.92085e+51 2.92085e+51 2.92089e+51 2.92094e+51 2.92094e+51 0 0 1.06779e+48 2.37645e+46 4.64348e+42 0 0 1
0.00124094 2.26998e+51 2.26998e+51 2.27e+51 2.27004e+51 2.27004e+51 0 0 1.23295e+48 2.05793e+46 4.64348e+42 0 0 1
0.00143301 1.75969e+51 1.75969e+51 1.7597e+51 1.75973e+51 1.75973e+51 0 0 1.42363e+48 1.78209e+46 4.64348e+42 0 0 1
0.00165482 1.36081e+51 1.36081e+51 1.36081e+51 1.36083e+51 1.36083e+51 0 0 1.64377e+48 1.54323e+46 4.64348e+42 0 0 1
0.00191095 1.0499e+51 1.0499e+51 1.0499e+51 1.04992e+51 1.04992e+51 0 0 1.89791e+48 1.33639e+46 4.64348e+42 0 0 1
0.00220673 8.08241e+50 8.08241e+50 8.08244e+50 8.08251e+50 8.08251e+50 0 0 2.1913e+48 1.15726e+46 4.64348e+42 0 0 1
0.0025483 6.20904e+50 6.20904e+50 6.20905e+50 6.2091e+50 6.2091e+50 0 0 2.52997e+48 1.00215e+46 4.64348e+42 0 0 1
0.00294273 4.76047e+50 4.76047e+50 4.76048e+50 4.76051e+50 4.76051e+50 0 0 2.9209e+48 8.67827e+45 4.64348e+42 0 0 1
0.00339821 3.64309e+50 3.64309e+50 3.64309e+50 3.64311e+50 3.64311e+50 0 0 3.37211e+48 7.51507e+45 4.64348e+42 0 0 1
0.00392419 2.78315e+50 2.78315e+50 2.78315e+50 2.78317e+50 2.78317e+50 0 0 3.89286e+48 6.50779e+45 4.64348e+42 0 0 1
0.00453158 2.12277e+50 2.12277e+50 2.12278e+50 2.12278e+50 2.12278e+50 0 0 4.49382e+48 5.63551e+45 4.64348e+42 0 0 1
0.00523299 1.61668e+50 1.61668e+50 1.61668e+50 1.61668e+50 1.61668e+50 0 0 5.18727e+48 4.88015e+45 4.64348e+42 0 0 1
0.00604296 1.22955e+50 1.22955e+50 1.22955e+50 1.22955e+50 1.22955e+50 0 0 5.98734e+48 4.22604e+45 4.64348e+42 0 0 1
0.00697831 9.33935e+49 9.33935e+49 9.33936e+49 9.33938e+49 9.33938e+49 0 0 6.91032e+48 3.6596e+45 4.64348e+42 0 0 1
0.00805842 7.08572e+49 7.08572e+49 7.08572e+49 7.08574e+49 7.08574e+49 0 0 7.97491e+48 3.16908e+45 4.64348e+42 0 0 1
0.00930572 5.37017e+49 5.37017e+49 5.37017e+49 5.37019e+49 5.37019e+49 0 0 9.20261e+48 2.74431e+45 4.64348e+42 0 0 1
0.0107461 4.066e+49 4.066e+49 4.066e+49 4.06601e+49 4.06601e+49 0 0 1.06181e+49 2.37648e+45 4.64348e+42 0 0 1
0.0124094 3.07578e+49 3.07578e+49 3.07578e+49 3.07578e+49 3.07578e+49 0 0 1.22497e+49 2.05794e+45 4.64348e+42 0 0 1
0.0143301 2.32478e+49 2.32478e+49 2.32478e+49 2.32478e+49 2.32478e+49 0 0 1.413e+49 1.78211e+45 4.64348e+42 0 0 1
0.0165482 1.7558e+49 1.7558e+49 1.7558e+49 1.7558e+49 1.7558e+49 0 0 1.6296e+49 1.54324e+45 4.64348e+42 0 0 1
0.0191095 1.32513e+49 1.32513e+49 1.32513e+49 1.32513e+49 1.32513e+49 0 0 1.87903e+49 1.33639e+45 4.64348e+42 0 0 1
0.0220673 9.9944e+48 9.9944e+48 9.9944e+48 9.99441e+48 9.99441e+48 0 0 2.16613e+49 1.15727e+45 4.64348e+42 0 0 1
0.025483 7.53338e+48 7.53338e+48 7.53338e+48 7.53338e+48 7.53338e+48 0 0 2.49644e+49 1.00215e+45 4.64348e+42 0 0 1
0.0294273 5.67514e+48 5.67514e+48 5.67514e+48 5.67514e+48 5.67514e+48 0 0 2.87622e+49 8.67828e+44 4.64348e+42 0 0 1
0.0339821 4.27303e+48 4.27303e+48 4.27303e+48 4.27304e+48 4.27304e+48 0 0 3.31258e+49 7.51508e+44 4.64348e+42 0 0 1
0.0392419 3.21578e+48 3.21578e+48 3.21578e+48 3.21578e+48 3.21578e+48 0 0 3.81357e+49 6.50779e+44 4.64348e+42 0 0 1
0.0453158 2.41904e+48 2.41904e+48 2.41904e+48 2.41905e+48 2.41905e+48 0 0 4.38822e+49 5.63551e+44 4.64348e+42 0 0 1
0.0523299 1.81897e+48 1.81897e+48 1.81897e+48 1.81897e+48 1.81897e+48 0 0 5.04667e+49 4.88015e+44 4.64348e+42 0 0 1
0.0604296 1.36726e+48 1.36726e+48 1.36726e+48 1.36726e+48 1.36726e+48 0 0 5.80018e+49 4.22604e+44 4.64348e+42 0 0 1
0.0697831 1.02738e+48 1.02738e+48 1.02738e+48 1.02739e+48 1.02739e+48 0 0 6.66123e+49 3.6596e+44 4.64348e+42 0 0 1
0.0805842 7.71779e+47 7.71779e+47 7.71779e+47 7.71779e+47 7.71779e+47 0 0 7.64352e+49 3.16908e+44 4.64348e+42 0 0 1
0.0930572 5.79625e+47 5.79625e+47 5.79625e+47 5.79625e+47 5.79625e+47 0 0 8.76189e+49 2.74431e+44 4.64348e+42 0 0 1
0.107461 4.35224e+47 4.35224e+47 4.35224e+47 4.35224e+47 4.35224e+47 0 0 1.00322e+50 2.37647e+44 4.64348e+42 0 0 1
0.124094 3.26744e+47 3.26744e+47 3.26744e+47 3.26744e+47 3.26744e+47 0 0 1.14713e+50 2.05794e+44 4.64348e+42 0 0 1
0.143301 2.45273e+47 2.45273e+47 2.45273e+47 2.45273e+47 2.45273e+47 0 0 1.30963e+50 1.7821e+44 4.64348e+42 0 0 1
0.165482 1.841e+47 1.841e+47 1.841e+47 1.841e+47 1.841e+47 0 0 1.49242e+50 1.54324e+44 4.64348e+42 0 0 1
0.191095 1.38178e+47 1.38178e+47 1.38178e+47 1.38178e+47 1.38178e+47 0 0 1.69713e+50 1.33639e+44 4.64348e+42 0 0 1
0.220673 1.0371e+47 1.0371e+47 1.0371e+47 1.0371e+47 1.0371e+47 0 0 1.92515e+50 1.15726e+44 4.64348e+42 0 0 1
0.25483 7.78428e+46 7.78428e+46 7.78428e+46 7.78428e+46 7.78428e+46 0 0 2.17752e+50 1.00215e+44 4.64348e+42 0 0 1
0.294273 5.84312e+46 5.84312e+46 5.84312e+46 5.84312e+46 5.84312e+46 0 0 2.45469e+50 8.67825e+43 4.64348e+42 0 0 1
0.339821 4.38649e+46 4.38649e+46 4.38649e+46 4.38649e+46 4.38649e+46 0 0 2.75624e+50 7.51505e+43 4.64348e+42 0 0 1
0.392419 3.29345e+46 3.29345e+46 3.29345e+46 3.29345e+46 3.29345e+46 0 0 3.08054e+50 6.50776e+43 4.64348e+42 0 0 1
0.453158 2.47321e+46 2.47321e+46 2.47321e+46 2.47321e+46 2.47321e+46 0 0 3.42432e+50 5.63549e+43 4.64348e+42 0 0 1
0.523299 1.85764e+46 1.85764e+46 1.85764e+46 1.85765e+46 1.85765e+46 0 0 3.78216e+50 4.88013e+43 4.64348e+42 0 0 1
0.604296 1.39563e+46 1.39563e+46 1.39563e+46 1.39563e+46 1.39563e+46 0 0 4.14591e+50 4.22601e+43 4.64348e+42 0 0 1
0.697831 1.04881e+46 1.04881e+46 1.04881e+46 1.04881e+46 1.04881e+46 0 0 4.50412e+50 3.65957e+43 4.64348e+42 0 0 1
0.805842 7.8842e+45 7.8842e+45 7.8842e+45 7.8842e+45 7.8842e+45 0 0 4.84155e+50 3.16905e+43 4.64348e+42 0 0 1
0.930572 5.9288e+45 5.9288e+45 5.9288e+45 5.9288e+45 5.9288e+45 0 0 5.13883e+50 2.74428e+43 4.64348e+42 0 0 1
1.07461 4.46003e+45 4.46003e+45 4.46003e+45 4.46003e+45 4.46003e+45 0 0 5.37261e+50 2.37645e+43 4.64348e+42 0 0 1
1.24094 3.35647e+45 3.35647e+45 3.35647e+45 3.35647e+45 3.35647e+45 0 0 5.51644e+50 2.05792e+43 4.64348e+42 0 0 1
1.43301 2.52705e+45 2.52705e+45 2.52705e+45 2.52705e+45 2.52705e+45 0 0 5.54268e+50 1.78208e+43 4.64348e+42 0 0 1
1.65482 1.90346e+45 1.90346e+45 1.90346e+45 1.90346e+45 1.90346e+45 0 0 5.42589e+50 1.54321e+43 4.64348e+42 0 0 1
1.91095 1.43443e+45 1.43443e+45 1.43443e+45 1.43443e+45 1.43443e+45 0 0 5.14777e+50 1.33636e+43 4.64348e+42 0 0 1
2.20673 1.08152e+45 1.08152e+45 1.08152e+45 1.08152e+45 1.08152e+45 0 0 4.70331e+50 1.15724e+43 4.64348e+42 0 0 1
2.5483 8.15851e+44 8.15851e+44 8.15851e+44 8.15851e+44 8.15851e+44 0 0 4.10703e+50 1.00212e+43 4.64348e+42 0 0 1
2.94273 6.15773e+44 6.15773e+44 6.15773e+44 6.15773e+44 6.15773e+44 0 0 3.39694e+50 8.67799e+42 4.64348e+42 0 0 1
3.39821 4.65015e+44 4.65015e+44 4.65015e+44 4.65015e+44 4.65015e+44 0 0 2.6334e+50 7.51479e+42 4.64348e+42 0 0 1
3.92419 3.51361e+44 3.51361e+44 3.51361e+44 3.51361e+44 3.51361e+44 0 0 1.8903e+50 6.5075e+42 4.64348e+42 0 0 1
4.53158 2.65632e+44 2.65632e+44 2.65632e+44 2.65632e+44 2.65632e+44 0 0 1.23904e+50 5.63522e+42 4.64348e+42 0 0 1
5.23299 2.00931e+44 2.00931e+44 2.00931e+44 2.00931e+44 2.00931e+44 0 0 7.30013e+49 4.87986e+42 4.64348e+42 0 0 1
6.04296 1.52073e+44 1.52073e+44 1.52073e+44 1.52073e+44 1.52073e+44 0 0 3.79763e+49 4.22575e+42 4.64348e+42 0 0 1
6.97831 1.15156e+44 1.15156e+44 1.15156e+44 1.15156e+44 1.15156e+44 0 0 1.70947e+49 3.65931e+42 4.64348e+42 0 0 1
8.05842 8.72463e+43 8.72463e+43 8.72463e+43 8.72463e+43 8.72463e+43 0 0 6.50751e+48 3.16879e+42 4.64348e+42 0 0 1
9.30572 6.61335e+43 6.61335e+43 6.61335e+43 6.61335e+43 6.61335e+43 0 0 2.04069e+48 2.74402e+42 4.64348e+42 0 0 1
10.7461 5.0153e+43 5.0153e+43 5.0153e+43 5.0153e+43 5.0153e+43 0 0 5.1152e+47 2.37619e+42 4.64348e+42 0 0 1
12.4094 3.80504e+43 3.80504e+43 3.80504e+43 3.80504e+43 3.80504e+43 0 0 9.89913e+46 2.05765e+42 4.64348e+42 0 0 1
14.3301 2.88795e+43 2.88795e+43 2.88795e+43 2.88795e+43 2.88795e+43 0 0 1.42097e+46 1.78182e+42 4.64348e+42 0 0 1
16.5482 2.19264e+43 2.19264e+43 2.19264e+43 2.19264e+43 2.19264e+43 0 0 1.44458e+45 1.54295e+42 4.64348e+42 0 0 1
19.1095 1.66521e+43 1.66521e+43 1.66521e+43 1.66521e+43 1.66521e+43 0 0 9.85998e+43 1.3361e+42 4.64348e+42 0 0 1
22.0673 1.26494e+43 1.26494e+43 1.26494e+43 1.26494e+43 1.26494e+43 0 0 4.24823e+42 1.15698e+42 4.64348e+42 0 0 1
25.483 9.61031e+42 9.61031e+42 9.61031e+42 9.61031e+42 9.61031e+42 0 0 1.076e+41 1.00186e+42 4.64348e+42 0 0 1
29.4273 7.302e+42 7.302e+42 7.302e+42 7.302e+42 7.302e+42 0 0 1.47562e+39 8.67538e+41 4.64348e+42 0 0 1
33.9821 5.54815e+42 5.54815e+42 5.54815e+42 5.54815e+42 5.54815e+42 0 0 9.9645e+36 7.51218e+41 4.64348e+42 0 0 1
39.2419 4.21521e+42 4.21521e+42 4.21521e+42 4.21521e+42 4.21521e+42 0 0 2.96915e+34 6.50489e+41 4.64348e+42 0 0 1
45.3158 3.20197e+42 3.20197e+42 3.20197e+42 3.20197e+42 3.20197e+42 0 0 3.4396e+31 5.63261e+41 4.64348e+42 0 0 1
52.3299 2.43165e+42 2.43165e+42 2.43165e+42 2.43165e+42 2.43165e+42 0 0 1.33837e+28 4.87725e+41 4.64348e+42 0 0 1
60.4296 1.84599e+42 1.84599e+42 1.84599e+42 1.84599e+42 1.84599e+42 0 0 1.47742e+24 4.22314e+41 4.64348e+42 0 0 1
69.7831 1.40075e+42 1.40075e+42 1.40076e+42 1.40076e+42 1.40076e+42 0 0 3.80713e+19 3.6567e+41 4.64348e+42 0 0 1
80.5842 1.06232e+42 1.06232e+42 1.06232e+42 1.06232e+42 1.06232e+42 0 0 1.82837e+14 3.16618e+41 4.64348e+42 0 0 1
93.0572 8.05144e+41 8.05144e+41 8.05144e+41 8.05144e+41 8.05144e+41 0 0 1.26174e+08 2.74141e+41 4.64348e+42 0 0 1
107.461 6.09784e+41 6.09784e+41 6.09784e+41 6.09784e+41 6.09784e+41 0 0 9.26621 2.37358e+41 4.64348e+42 0 0 1
124.094 4.61452e+41 4.61452e+41 4.61453e+41 4.61453e+41 4.61453e+41 0 0 5.11989e-08 2.05504e+41 4.64348e+42 0 0 1
143.301 3.48895e+41 3.48895e+41 3.48895e+41 3.48895e+41 3.48895e+41 0 0 1.42606e-17 1.77921e+41 4.64348e+42 0 0 1
165.482 2.63542e+41 2.63542e+41 2.63542e+41 2.63542e+41 2.63542e+41 0 0 1.26097e-28 1.54034e+41 4.64348e+42 0 0 1
191.095 1.98869e+41 1.98869e+41 1.9887e+41 1.9887e+41 1.9887e+41 0 0 2.07517e-41 1.33349e+41 4.64348e+42 0 0 1
220.673 1.49909e+41 1.49909e+41 1.49909e+41 1.49909e+41 1.49909e+41 0 0 3.43065e-56 1.15437e+41 4.64348e+42 0 0 1
254.83 1.12879e+41 1.12879e+41 1.12879e+41 1.12879e+41 1.12879e+41 0 0 2.7952e-73 9.99254e+40 4.64348e+42 0 0 1
294.273 8.49012e+40 8.49012e+40 8.49013e+40 8.49013e+40 8.49013e+40 0 0 4.93217e-93 8.64931e+40 4.64348e+42 0 0 1
339.821 6.37853e+40 6.37853e+40 6.37853e+40 6.37853e+40 6.37853e+40 0 0 7.29203e-116 7.48612e+40 4.64348e+42 0 0 1
392.419 4.78664e+40 4.78664e+40 4.78664e+40 4.78664e+40 4.78664e+40 0 0 3.01724e-142 6.47884e+40 4.64348e+42 0 0 1
453.158 3.58793e+40 3.58793e+40 3.58794e+40 3.58794e+40 3.58794e+40 0 0 9.84856e-173 5.60657e+40 4.64348e+42 0 0 1
523.299 2.68636e+40 2.68636e+40 2.68637e+40 2.68637e+40 2.68637e+40 0 0 5.87581e-208 4.85122e+40 4.64348e+42 0 0 1
604.296 2.00909e+40 2.00909e+40 2.00909e+40 2.00909e+40 2.00909e+40 0 0 1.18393e-248 4.19712e+40 4.64348e+42 0 0 1
697.831 1.50092e+40 1.50092e+40 1.50092e+40 1.50092e+40 1.50092e+40 0 0 0 3.6307e+40 4.64348e+42 0 0 1
805.842 1.12008e+40 1.12008e+40 1.12008e+40 1.12008e+40 1.12008e+40 0 0 0 3.1402e+40 4.64348e+42 0 0 1
930.572 8.3501e+39 8.3501e+39 8.35011e+39 8.35011e+39 8.35011e+39 0 0 0 2.71545e+40 4.64348e+42 0 0 1
1074.61 6.21867e+39 6.21867e+39 6.21868e+39 6.21868e+39 6.21868e+39 0 0 0 2.34763e+40 4.64348e+42 0 0 1
1240.94 4.62684e+39 4.62684e+39 4.62685e+39 4.62685e+39 4.62685e+39 0 0 0 2.02913e+40 4.64348e+42 0 0 1
1433.01 3.43929e+39 3.43929e+39 3.4393e+39 3.4393e+39 3.4393e+39 0 0 0 1.75332e+40 4.64348e+42 0 0 1
1654.82 2.5543e+39 2.5543e+39 2.55431e+39 2.55431e+39 2.55431e+39 0 0 0 1.51449e+40 4.64348e+42 0 0 1
1910.95 1.89544e+39 1.89544e+39 1.89545e+39 1.89545e+39 1.89545e+39 0 0 0 1.30769e+40 4.64348e+42 0 0 1
2206.73 1.40542e+39 1.40542e+39 1.40543e+39 1.40543e+39 1.40543e+39 0 0 0 1.12861e+40 4.64348e+42 0 0 1
2548.3 1.04131e+39 1.04131e+39 1.04132e+39 1.04132e+39 1.04132e+39 0 0 0 9.7355e+39 4.64348e+42 0 0 1
2942.73 7.71008e+38 7.71008e+38 7.71012e+38 7.71012e+38 7.71012e+38 0 0 0 8.39289e+39 4.64348e+42 0 0 1
3398.21 5.70508e+38 5.70508e+38 5.70512e+38 5.70512e+38 5.70512e+38 0 0 0 7.23043e+39 4.64348e+42 0 0 1
3924.19 4.21906e+38 4.21906e+38 4.21909e+38 4.21909e+38 4.21909e+38 0 0 0 6.22398e+39 4.64348e+42 0 0 1
4531.58 3.1185e+38 3.1185e+38 3.11852e+38 3.11852e+38 3.11852e+38 0 0 0 5.35267e+39 4.64348e+42 0 0 1
5232.99 2.30399e+38 2.30399e+38 2.30401e+38 2.30401e+38 2.30401e+38 0 0 0 4.59843e+39 4.64348e+42 0 0 1
6042.96 1.70157e+38 1.70157e+38 1.70159e+38 1.70159e+38 1.70159e+38 0 0 0 3.9456e+39 4.64348e+42 0 0 1
6978.31 1.25627e+38 1.25627e+38 1.25629e+38 1.25629e+38 1.25629e+38 0 0 0 3.38063e+39 4.64348e+42 0 0 1
8058.42 9.27293e+37 9.27293e+37 9.27306e+37 9.27306e+37 9.27306e+37 0 0 0 2.89179e+39 4.64348e+42 0 0 1
9305.72 6.84361e+37 6.84361e+37 6.84372e+37 6.84372e+37 6.84372e+37 0 0 0 2.46895e+39 4.64348e+42 0 0 1
10746.1 5.05041e+37 5.05041e+37 5.0505e+37 5.0505e+37 5.0505e+37 0 0 0 2.10332e+39 4.64348e+42 0 0 1
12409.4 3.72717e+37 3.72717e+37 3.72725e+37 3.72725e+37 3.72725e+37 0 0 0 1.7873e+39 4.64348e+42 0 0 1
14330.1 2.75096e+37 2.75096e+37 2.75102e+37 2.75102e+37 2.75102e+37 0 0 0 1.51432e+39 4.64348e+42 0 0 1
16548.2 2.03087e+37 2.03087e+37 2.03093e+37 2.03093e+37 2.03093e+37 0 0 0 1.27872e+39 4.64348e+42 0 0 1
19109.5 1.49975e+37 1.49975e+37 1.49979e+37 1.49979e+37 1.49979e+37 0 0 0 1.07556e+39 4.64348e+42 0 0 1
22067.3 1.10799e+37 1.10799e+37 1.10802e+37 1.10802e+37 1.10802e+37 0 0 0 9.00617e+38 4.64348e+42 0 0 1
25483 8.1898e+36 8.1898e+36 8.19012e+36 8.19012e+36 8.19012e+36 0 0 0 7.50215e+38 4.64348e+42 0 0 1
29427.3 6.05727e+36 6.05727e+36 6.05753e+36 6.05753e+36 6.05753e+36 0 0 0 6.21189e+38 4.64348e+42 0 0 1
33982.1 4.48316e+36 4.48316e+36 4.48338e+36 4.48338e+36 4.48338e+36 0 0 0 5.10798e+38 4.64348e+42 0 0 1
39241.9 3.3207e+36 3.3207e+36 3.32088e+36 3.32088e+36 3.32088e+36 0 0 0 4.16674e+38 4.64348e+42 0 0 1
45315.8 2.46176e+36 2.46176e+36 2.46191e+36 2.46191e+36 2.46191e+36 0 0 0 3.36765e+38 4.64348e+42 0 0 1
52329.9 1.82665e+36 1.82665e+36 1.82677e+36 1.82677e+36 1.82677e+36 0 0 0 2.69289e+38 4.64348e+42 0 0 1
60429.6 1.35668e+36 1.35668e+36 1.35678e+36 1.35678e+36 1.35678e+36 0 0 0 2.12694e+38 4.64348e+42 0 0 1
69783.1 1.00862e+36 1.00862e+36 1.0087e+36 1.0087e+36 1.0087e+36 0 0 0 1.65618e+38 4.64348e+42 0 0 1
80584.2 7.50594e+35 7.50594e+35 7.5066e+35 7.5066e+35 7.5066e+35 0 0 0 1.26858e+38 4.64348e+42 0 0 1
93057.2 5.59126e+35 5.59126e+35 5.59179e+35 5.59179e+35 5.59179e+35 0 0 0 9.53407e+37 4.64348e+42 0 0 1
107461 4.16897e+35 4.16897e+35 4.16939e+35 4.16939e+35 4.16939e+35 0 0 0 7.00997e+37 4.64348e+42 0 0 1
124094 3.11131e+35 3.11131e+35 3.11164e+35 3.11164e+35 3.11164e+35 0 0 0 5.02523e+37 4.64348e+42 0 0 1
143301 2.32395e+35 2.32395e+35 2.32421e+35 2.32421e+35 2.32421e+35 0 0 0 3.49861e+37 4.64348e+42 0 0 1
165482 1.73719e+35 1.73719e+35 1.7374e+35 1.7374e+35 1.7374e+35 0 0 0 2.35488e+37 4.64348e+42 0 0 1
191095 1.29947e+35 1.29947e+35 1.29963e+35 1.29963e+35 1.29963e+35 0 0 0 1.52442e+37 4.64348e+42 0 0 1
220673 9.72629e+34 9.72629e+34 9.72754e+34 9.72754e+34 9.72754e+34 0 0 0 9.43379e+36 4.64348e+42 0 0 1
254830 7.28357e+34 7.28357e+34 7.28454e+34 7.28454e+34 7.28454e+34 0 0 0 5.54219e+36 4.64348e+42 0 0 1
294273 5.4565e+34 5.4565e+34 5.45724e+34 5.45724e+34 5.45724e+34 0 0 0 3.06617e+36 4.64348e+42 0 0 1
339821 4.08895e+34 4.08895e+34 4.08951e+34 4.08951e+34 4.08951e+34 0 0 0 1.58269e+36 4.64348e+42 0 0 1
392419 3.06472e+34 3.06472e+34 3.06516e+34 3.06516e+34 3.06516e+34 0 0 0 7.54074e+35 4.64348e+42 0 0 1
453158 2.29726e+34 2.29726e+34 2.29758e+34 2.29758e+34 2.29758e+34 0 0 0 3.27545e+35 4.64348e+42 0 0 1
523299 1.72196e+34 1.72196e+34 1.7222e+34 1.7222e+34 1.7222e+34 4.55657e+26 1.13044e+31 0 1.27864e+35 4.64348e+42 0 0 1
604296 1.29059e+34 1.29059e+34 1.29077e+34 1.29077e+34 1.29077e+34 7.01908e+26 1.13532e+31 0 4.41236e+34 4.64348e+42 0 0 1
697831 9.67095e+33 9.67095e+33 9.6723e+33 9.6723e+33 9.6723e+33 9.48158e+26 1.1402e+31 0 1.32052e+34 4.64348e+42 0 0 1
805842 7.24486e+33 7.24486e+33 7.24586e+33 7.24586e+33 7.24586e+33 1.19441e+27 1.14509e+31 0 3.35274e+33 4.64348e+42 0 0 1
930572 5.42551e+33 5.42551e+33 5.42624e+33 5.42624e+33 5.42624e+33 1.44066e+27 1.14997e+31 0 7.04011e+32 4.64348e+42 0 0 1
1.07461e+06 4.06139e+33 4.06139e+33 4.06193e+33 4.06193e+33 4.06193e+33 1.8243e+27 1.15558e+31 0 1.18719e+32 4.64348e+42 0 0 1
1.24094e+06 3.03888e+33 3.03888e+33 3.03927e+33 3.03927e+33 3.03927e+33 2.44758e+27 1.15711e+31 0 1.55409e+31 4.64348e+42 0 0 1
1.43301e+06 2.2727e+33 2.2727e+33 2.27298e+33 2.27298e+33 2.27298e+33 3.26827e+27 1.15908e+31 0 1.51855e+30 4.64348e+42 0 0 1
1.65482e+06 1.69883e+33 1.69883e+33 1.69904e+33 1.69904e+33 1.69904e+33 4.35287e+27 1.1616e+31 0 1.05857e+29 4.64348e+42 0 0 1
1.91095e+06 1.26923e+33 1.26923e+33 1.26937e+33 1.26937e+33 1.26937e+33 5.90262e+27 1.16511e+31 0 4.99622e+27 4.64348e+42 0 0 1
2.20673e+06 9.47787e+32 9.47787e+32 9.47889e+32 9.47889e+32 9.47889e+32 7.89043e+27 1.16967e+31 0 1.5031e+26 4.64348e+42 0 0 1
2.5483e+06 7.0741e+32 7.0741e+32 7.07483e+32 7.07483e+32 7.07483e+32 1.05012e+28 1.17565e+31 0 2.68832e+24 4.64348e+42 0 0 1
2.94273e+06 5.27757e+32 5.27757e+32 5.27808e+32 5.27808e+32 5.27808e+32 1.39648e+28 1.1835e+31 0 2.63733e+22 4.64348e+42 0 0 1
3.39821e+06 3.93562e+32 3.93562e+32 3.93598e+32 3.93598e+32 3.93598e+32 1.89553e+28 1.19445e+31 0 1.29322e+20 4.64348e+42 0 0 1
3.92419e+06 2.93376e+32 2.93376e+32 2.93402e+32 2.93402e+32 2.93402e+32 2.54679e+28 1.20866e+31 0 2.84697e+17 4.64348e+42 0 0 1
4.53158e+06 2.1862e+32 2.1862e+32 2.18638e+32 2.18638e+32 2.18638e+32 3.42466e+28 1.22698e+31 0 2.4858e+14 4.64348e+42 0 0 1
5.23299e+06 1.62866e+32 1.62866e+32 1.62879e+32 1.62879e+32 1.62879e+32 4.59569e+28 1.25016e+31 0 7.46032e+10 4.64348e+42 0 0 1
6.04296e+06 1.21305e+32 1.21305e+32 1.21314e+32 1.21314e+32 1.21314e+32 6.25144e+28 1.28088e+31 0 6.52335e+06 4.64348e+42 0 0 1
6.97831e+06 9.03392e+31 9.03392e+31 9.03452e+31 9.03452e+31 9.03452e+31 8.39206e+28 1.31711e+31 0 137.311 4.64348e+42 0 0 1
8.05842e+06 6.728e+31 6.728e+31 6.72842e+31 6.72842e+31 6.72842e+31 1.11829e+29 1.35991e+31 0 0.000558132 4.64348e+42 0 0 1
9.30572e+06 5.01213e+31 5.01213e+31 5.01242e+31 5.01242e+31 5.01242e+31 1.48481e+29 1.4084e+31 0 3.39638e-10 4.64348e+42 0 0 1
1.07461e+07 3.7367e+31 3.7367e+31 3.7369e+31 3.7369e+31 3.7369e+31 1.97683e+29 1.46649e+31 0 2.30614e-17 4.64348e+42 0 0 1
1.24094e+07 2.78963e+31 2.78963e+31 2.78977e+31 2.78977e+31 2.78977e+31 2.57698e+29 1.52357e+31 0 1.24432e-25 4.64348e+42 0 0 1
1.43301e+07 2.08759e+31 2.08759e+31 2.08769e+31 2.08769e+31 2.08769e+31 3.29861e+29 1.57934e+31 0 3.60511e-35 4.64348e+42 0 0 1
1.65482e+07 1.56839e+31 1.56839e+31 1.56846e+31 1.56846e+31 1.56846e+31 4.14636e+29 1.63111e+31 0 3.56671e-46 4.64348e+42 0 0 1
1.91095e+07 1.186e+31 1.186e+31 1.18605e+31 1.18605e+31 1.18605e+31 5.15624e+29 1.67574e+31 0 7.14444e-59 4.64348e+42 0 0 1
2.20673e+07 9.04884e+30 9.04884e+30 9.0492e+30 9.0492e+30 9.0492e+30 6.23022e+29 1.71424e+31 0 1.58443e-73 4.64348e+42 0 0 1
2.5483e+07 6.99486e+30 6.99486e+30 6.99513e+30 6.99513e+30 6.99513e+30 7.38757e+29 1.74125e+31 0 1.93759e-90 4.64348e+42 0 0 1
2.94273e+07 5.49739e+30 5.49739e+30 5.49759e+30 5.49759e+30 5.49759e+30 8.53825e+29 1.74159e+31 0 5.84194e-110 4.64348e+42 0 0 1
3.39821e+07 4.41115e+30 4.41115e+30 4.4113e+30 4.4113e+30 4.4113e+30 9.65672e+29 1.71048e+31 0 1.71424e-132 4.64348e+42 0 0 1
3.92419e+07 3.61657e+30 3.61657e+30 3.61669e+30 3.61669e+30 3.61669e+30 1.06099e+30 1.64708e+31 0 1.67354e-158 4.64348e+42 0 0 1
4.53158e+07 3.0385e+30 3.0385e+30 3.0386e+30 3.0386e+30 3.0386e+30 1.14368e+30 1.56256e+31 0 1.57372e-188 4.64348e+42 0 0 1
5.23299e+07 2.61315e+30 2.61315e+30 2.61323e+30 2.61323e+30 2.61323e+30 1.20881e+30 1.4651e+31 0 3.40644e-223 4.64348e+42 0 0 1
6.04296e+07 2.28657e+30 2.28657e+30 2.28664e+30 2.28664e+30 2.28664e+30 1.24619e+30 1.3451e+31 0 3.25002e-263 4.64348e+42 0 0 1
6.97831e+07 2.02332e+30 2.02332e+30 2.02339e+30 2.02339e+30 2.02339e+30 1.25294e+30 1.20525e+31 0 0 4.64348e+42 0 0 1
8.05842e+07 1.80191e+30 1.80191e+30 1.80196e+30 1.80196e+30 1.80196e+30 1.23173e+30 1.04786e+31 0 0 4.64348e+42 0 0 1
9.30572e+07 1.60509e+30 1.60509e+30 1.60514e+30 1.60514e+30 1.60514e+30 1.18333e+30 8.78453e+30 0 0 4.64348e+42 0 0 1
1.07461e+08 1.41962e+30 1.41962e+30 1.41966e+30 1.41966e+30 1.41966e+30 1.10782e+30 7.0662e+30 0 0 4.64348e+42 9.48548 0 1
1.24094e+08 1.25029e+30 1.25029e+30 1.25032e+30 1.25032e+30 1.25032e+30 1.01993e+30 5.59317e+30 0 0 4.64348e+42 8.33316 0 1
1.43301e+08 1.08919e+30 1.08919e+30 1.08922e+30 1.08922e+30 1.08922e+30 9.19124e+29 4.34879e+30 0 0 4.64348e+42 7.32082 0 1
1.65482e+08 9.34234e+29 9.34234e+29 9.34262e+29 9.34262e+29 9.34262e+29 8.08771e+29 3.32747e+30 0 0 4.64348e+42 6.43146 0 1
1.91095e+08 7.7997e+29 7.7997e+29 7.79993e+29 7.79993e+29 7.79993e+29 6.87477e+29 2.48084e+30 0 0 4.64348e+42 5.65014 0 1
2.20673e+08 6.44111e+29 6.44111e+29 6.4413e+29 6.4413e+29 6.4413e+29 5.75967e+29 1.8593e+30 0 0 4.64348e+42 4.96375 0 1
2.5483e+08 5.22936e+29 5.22936e+29 5.22952e+29 5.22952e+29 5.22952e+29 4.72755e+29 1.3778e+30 0 0 4.64348e+42 4.36073 0 1
2.94273e+08 4.17034e+29 4.17034e+29 4.17047e+29 4.17047e+29 4.17047e+29 3.80092e+29 1.00972e+30 0 0 4.64348e+42 3.83098 0 1
3.39821e+08 3.23434e+29 3.23434e+29 3.23444e+29 3.23444e+29 3.23444e+29 2.96241e+29 7.26848e+29 0 0 4.64348e+42 3.51406 0 1
3.92419e+08 2.50094e+29 2.50094e+29 2.50101e+29 2.50101e+29 2.50101e+29 2.30078e+29 5.31767e+29 0 0 4.64348e+42 3.36558 0 1
4.53158e+08 1.90715e+29 1.90715e+29 1.90721e+29 1.90721e+29 1.90721e+29 1.75983e+29 3.87258e+29 0 0 4.64348e+42 3.22337 0 1
5.23299e+08 1.43137e+29 1.43137e+29 1.43142e+29 1.43142e+29 1.43142e+29 1.32295e+29 2.80847e+29 0 0 4.64348e+42 3.08716 0 1
6.04296e+08 1.06107e+29 1.06107e+29 1.06111e+29 1.06111e+29 1.06111e+29 9.81314e+28 2.01527e+29 0 0 4.64348e+42 2.95672 0 1
6.97831e+08 7.95997e+28 7.95997e+28 7.96024e+28 7.96024e+28 7.96024e+28 7.37352e+28 1.47594e+29 0 0 4.64348e+42 2.83178 0 1
8.05842e+08 5.93808e+28 5.93808e+28 5.93828e+28 5.93828e+28 5.93828e+28 5.5072e+28 1.07915e+29 0 0 4.64348e+42 2.71212 0 1
9.30572e+08 4.39994e+28 4.39994e+28 4.4001e+28 4.4001e+28 4.4001e+28 4.08361e+28 7.87147e+28 0 0 4.64348e+42 2.59752 0 1
1.07461e+09 3.21969e+28 3.21969e+28 3.21981e+28 3.21981e+28 3.21981e+28 2.98763e+28 5.6603e+28 0 0 4.64348e+42 2.60689 0 1
1.24094e+09 2.40573e+28 2.40573e+28 2.40582e+28 2.40582e+28 2.40582e+28 2.2356e+28 4.16456e+28 0 0 4.64348e+42 2.74156 0 1
1.43301e+09 1.80002e+28 1.80002e+28 1.80008e+28 1.80008e+28 1.80008e+28 1.67537e+28 3.05587e+28 0 0 4.64348e+42 2.88318 0 1
1.65482e+09 1.34271e+28 1.34271e+28 1.34276e+28 1.34276e+28 1.34276e+28 1.25145e+28 2.23558e+28 0 0 4.64348e+42 3.03212 0 1
1.91095e+09 9.89969e+27 9.89969e+27 9.90008e+27 9.90008e+27 9.90008e+27 9.23197e+27 1.60868e+28 0 0 4.64348e+42 3.18876 0 1
2.20673e+09 7.44399e+27 7.44399e+27 7.44429e+27 7.44429e+27 7.44429e+27 6.95583e+27 1.18617e+28 0 0 4.64348e+42 3.35349 0 1
2.5483e+09 5.5819e+27 5.5819e+27 5.58213e+27 5.58213e+27 5.58213e+27 5.22533e+27 8.72198e+27 0 0 4.64348e+42 3.52673 0 1
2.94273e+09 4.16692e+27 4.16692e+27 4.16709e+27 4.16709e+27 4.16709e+27 3.90672e+27 6.39286e+27 0 0 4.64348e+42 3.70892 0 1
3.39821e+09 3.05837e+27 3.05837e+27 3.05849e+27 3.05849e+27 3.05849e+27 2.86867e+27 4.60889e+27 0 0 4.64348e+42 3.90052 0 1
3.92419e+09 2.29303e+27 2.29303e+27 2.29313e+27 2.29313e+27 2.29313e+27 2.15489e+27 3.40081e+27 0 0 4.64348e+42 4.10201 0 1
4.53158e+09 1.71387e+27 1.71387e+27 1.71395e+27 1.71395e+27 1.71395e+27 1.61339e+27 2.50042e+27 0 0 4.64348e+42 4.31392 0 1
5.23299e+09 1.27676e+27 1.27676e+27 1.27682e+27 1.27682e+27 1.27682e+27 1.20376e+27 1.83093e+27 0 0 4.64348e+42 4.53677 0 1
6.04296e+09 9.33171e+26 9.33171e+26 9.33213e+26 9.33213e+26 9.33213e+26 8.80205e+26 1.3198e+27 0 0 4.64348e+42 4.77114 0 1
6.97831e+09 6.98303e+26 6.98303e+26 6.98335e+26 6.98335e+26 6.98335e+26 6.59933e+26 9.72781e+26 0 0 4.64348e+42 5.01761 0 1
8.05842e+09 5.20897e+26 5.20897e+26 5.20922e+26 5.20922e+26 5.20922e+26 4.93149e+26 7.15038e+26 0 0 4.64348e+42 5.27682 0 1
9.30572e+09 3.86216e+26 3.86216e+26 3.86234e+26 3.86234e+26 3.86234e+26 3.66187e+26 5.24114e+26 0 0 4.64348e+42 5.54941 0 1
1.07461e+10 2.81576e+26 2.81576e+26 2.8159e+26 2.8159e+26 2.8159e+26 2.67151e+26 3.78979e+26 0 0 4.64348e+42 6.22654 0 1
1.24094e+10 2.09094e+26 2.09094e+26 2.09104e+26 2.09104e+26 2.09104e+26 1.98731e+26 2.80257e+26 0 0 4.64348e+42 7.4537 0 1
1.43301e+10 1.54357e+26 1.54357e+26 1.54365e+26 1.54365e+26 1.54365e+26 1.46933e+26 2.06731e+26 0 0 4.64348e+42 8.92272 0 1
1.65482e+10 1.136e+26 1.136e+26 1.13606e+26 1.13606e+26 1.13606e+26 1.08298e+26 1.52027e+26 0 0 4.64348e+42 10.6812 0 1
1.91095e+10 8.20969e+25 8.20969e+25 8.21011e+25 8.21011e+25 8.21011e+25 7.83242e+25 1.09936e+26 0 0 4.64348e+42 12.7864 0 1
2.20673e+10 6.06268e+25 6.06268e+25 6.063e+25 6.063e+25 6.063e+25 5.79534e+25 8.13477e+25 0 0 4.64348e+42 15.3064 34.7254 1
2.5483e+10 4.46211e+25 4.46211e+25 4.46234e+25 4.46234e+25 4.46234e+25 4.27361e+25 5.99937e+25 0 0 4.64348e+42 18.323 22.9578 1
2.94273e+10 3.2741e+25 3.2741e+25 3.27428e+25 3.27428e+25 3.27428e+25 3.14213e+25 4.40906e+25 0 0 4.64348e+42 21.9342 15.5417 1
3.39821e+10 2.3581e+25 2.3581e+25 2.35823e+25 2.35823e+25 2.35823e+25 2.26681e+25 3.18126e+25 0 0 4.64348e+42 26.2571 10.7604 1
3.92419e+10 1.74123e+25 1.74123e+25 1.74133e+25 1.74133e+25 1.74133e+25 1.67973e+25 2.354e+25 0 0 4.64348e+42 31.432 7.61059 1
4.53158e+10 1.28095e+25 1.28095e+25 1.28102e+25 1.28102e+25 1.28102e+25 1.24193e+25 1.73749e+25 0 0 4.64348e+42 37.6268 5.49245 1
5.23299e+10 9.38109e+24 9.38109e+24 9.38168e+24 9.38168e+24 9.38168e+24 9.16715e+24 1.2788e+25 0 0 4.64348e+42 45.0425 4.04008 1
6.04296e+10 6.7287e+24 6.7287e+24 6.72916e+24 6.72916e+24 6.72916e+24 6.65411e+24 9.23891e+24 0 0 4.64348e+42 53.9196 3.02568 1
6.97831e+10 4.91805e+24 4.91805e+24 4.91843e+24 4.91843e+24 4.91843e+24 4.95677e+24 6.852e+24 0 0 4.64348e+42 64.5464 2.3047 1
8.05842e+10 3.55816e+24 3.55816e+24 3.55848e+24 3.55848e+24 3.55848e+24 3.68229e+24 5.0695e+24 0 0 4.64348e+42 77.2675 1.78376 1
9.30572e+10 2.54686e+24 2.54686e+24 2.54713e+24 2.54713e+24 2.54713e+24 2.72782e+24 3.73962e+24 0 0 4.64348e+42 92.4958 1.40144 1
1.07461e+11 1.77606e+24 1.77606e+24 1.77629e+24 1.77629e+24 1.77629e+24 1.98237e+24 2.70512e+24 0 0 4.64348e+42 110.725 1.11671 1
1.24094e+11 1.2611e+24 1.2611e+24 1.26129e+24 1.26129e+24 1.26129e+24 1.47584e+24 2.0083e+24 0 0 4.64348e+42 132.548 0.901709 1
1.43301e+11 8.89489e+23 8.89489e+23 8.89652e+23 8.89652e+23 8.89652e+23 1.09485e+24 1.48664e+24 0 0 4.64348e+42 158.671 0.737233 1
1.65482e+11 6.24543e+23 6.24543e+23 6.24676e+23 6.24676e+23 6.24676e+23 8.09e+23 1.0967e+24 0 0 4.64348e+42 189.942 0.609868 1
1.91095e+11 4.30781e+23 4.30782e+23 4.30887e+23 4.30887e+23 4.30887e+23 5.86072e+23 7.92658e+23 0 0 4.64348e+42 227.377 0.510106 1
2.20673e+11 3.05623e+23 3.05623e+23 3.05707e+23 3.05707e+23 3.05707e+23 4.35232e+23 5.88036e+23 0 0 4.64348e+42 272.19 0.431129 1
2.5483e+11 2.17227e+23 2.17227e+23 2.17293e+23 2.17293e+23 2.17293e+23 3.22132e+23 4.34871e+23 0 0 4.64348e+42 325.834 0.367983 1
2.94273e+11 1.54804e+23 1.54804e+23 1.54855e+23 1.54855e+23 1.54855e+23 2.37598e+23 3.20439e+23 0 0 4.64348e+42 390.052 0.317029 1
3.39821e+11 1.08918e+23 1.08918e+23 1.08956e+23 1.08956e+23 1.08956e+23 1.71876e+23 2.31228e+23 0 0 4.64348e+42 0 0.275565 1
3.92419e+11 7.91025e+22 7.91026e+22 7.91315e+22 7.91315e+22 7.91315e+22 1.27519e+23 1.71296e+23 0 0 4.64348e+42 0 0.241562 1
4.53158e+11 5.7629e+22 5.7629e+22 5.76508e+22 5.76508e+22 5.76508e+22 9.42943e+22 1.26477e+23 0 0 4.64348e+42 0 0.213483 1
5.23299e+11 4.20924e+22 4.20924e+22 4.21086e+22 4.21086e+22 4.21086e+22 6.94805e+22 9.30268e+22 0 0 4.64348e+42 0 0.190154 1
6.04296e+11 3.03061e+22 3.03061e+22 3.03178e+22 3.03178e+22 3.03178e+22 5.01824e+22 6.69676e+22 0 0 4.64348e+42 0 0.170669 1
6.97831e+11 2.24951e+22 2.24951e+22 2.25038e+22 2.25038e+22 2.25038e+22 3.71818e+22 4.95029e+22 0 0 4.64348e+42 0 0.154323 1
8.05842e+11 1.67131e+22 1.67131e+22 1.67195e+22 1.67195e+22 1.67195e+22 2.74532e+22 3.6462e+22 0 0 4.64348e+42 0 0.140565 1
9.30572e+11 1.24189e+22 1.24189e+22 1.24236e+22 1.24236e+22 1.24236e+22 2.01952e+22 2.67463e+22 0 0 4.64348e+42 0 0.12896 1
1.07461e+12 9.06861e+21 9.06861e+21 9.07192e+21 9.07192e+21 9.07192e+21 1.4552e+22 1.91868e+22 0 0 4.64348e+42 0 0.119166 1
1.24094e+12 6.81307e+21 6.81307e+21 6.81548e+21 6.81548e+21 6.81548e+21 1.07598e+22 1.4138e+22 0 0 4.64348e+42 0 0.110908 1
1.43301e+12 5.11042e+21 5.11043e+21 5.11217e+21 5.11217e+21 5.11217e+21 7.92641e+21 1.0377e+22 0 0 4.64348e+42 0 0.103969 1
1.65482e+12 3.8243e+21 3.8243e+21 3.82555e+21 3.82555e+21 3.82555e+21 5.81595e+21 7.58224e+21 0 0 4.64348e+42 0 0.098177 1
1.91095e+12 2.80436e+21 2.80437e+21 2.80524e+21 2.80524e+21 2.80524e+21 4.17673e+21 5.4122e+21 0 0 4.64348e+42 0 0.0933933 1
2.20673e+12 2.11246e+21 2.11246e+21 2.11309e+21 2.11309e+21 2.11309e+21 3.07889e+21 3.97004e+21 0 0 4.64348e+42 0 0.0895108 1
2.5483e+12 1.58552e+21 1.58552e+21 1.58597e+21 1.58597e+21 1.58597e+21 2.26048e+21 2.89945e+21 0 0 4.64348e+42 0 0.0864461 1
2.94273e+12 1.18503e+21 1.18503e+21 1.18535e+21 1.18535e+21 1.18535e+21 1.65248e+21 2.10695e+21 0 0 4.64348e+42 0 0.0841374 1
3.39821e+12 8.65754e+20 8.65755e+20 8.65977e+20 8.65977e+20 8.65977e+20 1.181e+21 1.49341e+21 0 0 4.64348e+42 0 0.082541 1
3.92419e+12 6.4929e+20 6.4929e+20 6.49448e+20 6.49448e+20 6.49448e+20 8.66797e+20 1.08858e+21 0 0 4.64348e+42 0 0.08163 1
4.53158e+12 4.84497e+20 4.84497e+20 4.84609e+20 4.84609e+20 4.84609e+20 6.33349e+20 7.8955e+20 0 0 4.64348e+42 0 0.0813928 1
5.23299e+12 3.59538e+20 3.59539e+20 3.59618e+20 3.59618e+20 3.59618e+20 4.6056e+20 5.69403e+20 0 0 4.64348e+42 0 0.0818329 1
6.04296e+12 2.60222e+20 2.60223e+20 2.60277e+20 2.60277e+20 2.60277e+20 3.2692e+20 3.99678e+20 0 0 4.64348e+42 0 0.0829683 1
6.97831e+12 1.93372e+20 1.93372e+20 1.9341e+20 1.9341e+20 1.9341e+20 2.38479e+20 2.88823e+20 0 0 4.64348e+42 0 0.0848322 1
8.05842e+12 1.4283e+20 1.4283e+20 1.42857e+20 1.42857e+20 1.42857e+20 1.73086e+20 2.07512e+20 0 0 4.64348e+42 0 0.0874729 1
9.30572e+12 1.04817e+20 1.04817e+20 1.04836e+20 1.04836e+20 1.04836e+20 1.24942e+20 1.48109e+20 0 0 4.64348e+42 0 0.0909553 1
1.07461e+13 7.48463e+19 7.48464e+19 7.48593e+19 7.48593e+19 7.48593e+19 8.78482e+19 1.02578e+20 0 0 4.64348e+42 0 0.0953611 1
1.24094e+13 5.4925e+19 5.49251e+19 5.49342e+19 5.49342e+19 5.49342e+19 6.35433e+19 7.32619e+19 0 0 4.64348e+42 0 0.10079 1
1.43301e+13 4.00303e+19 4.00303e+19 4.00367e+19 4.00367e+19 4.00367e+19 4.56951e+19 5.1968e+19 0 0 4.64348e+42 0 0.10736 1
1.65482e+13 2.89607e+19 2.89608e+19 2.89652e+19 2.89652e+19 2.89652e+19 3.26517e+19 3.65759e+19 0 0 4.64348e+42 0 0.115206 1
1.91095e+13 2.03287e+19 2.03287e+19 2.03317e+19 2.03317e+19 2.03317e+19 2.2659e+19 2.48737e+19 0 0 4.64348e+42 0 0.12448 1
2.20673e+13 1.46887e+19 1.46887e+19 1.46908e+19 1.46908e+19 1.46908e+19 1.62014e+19 1.74865e+19 0 0 4.64348e+42 0 0.135345 1
2.5483e+13 1.05311e+19 1.05311e+19 1.05326e+19 1.05326e+19 1.05326e+19 1.15045e+19 1.21928e+19 0 0 4.64348e+42 0 0.147968 1
2.94273e+13 7.48748e+18 7.48751e+18 7.48853e+18 7.48853e+18 7.48853e+18 8.10794e+18 8.42214e+18 0 0 4.64348e+42 0 0.162507 1
3.39821e+13 5.14416e+18 5.14419e+18 5.14487e+18 5.14487e+18 5.14487e+18 5.52601e+18 5.58695e+18 0 0 4.64348e+42 0 0.179093 1
3.92419e+13 3.64729e+18 3.64732e+18 3.64779e+18 3.64779e+18 3.64779e+18 3.88962e+18 3.84568e+18 0 0 4.64348e+42 0 0.197804 1
4.53158e+13 2.56277e+18 2.5628e+18 2.56312e+18 2.56312e+18 2.56312e+18 2.71508e+18 2.6207e+18 0 0 4.64348e+42 0 0.218621 1
5.23299e+13 1.78329e+18 1.78331e+18 1.78353e+18 1.78353e+18 1.78353e+18 1.87803e+18 1.76551e+18 0 0 4.64348e+42 0 0.241387 1
6.04296e+13 1.19208e+18 1.1921e+18 1.19224e+18 1.19224e+18 1.19224e+18 1.24867e+18 1.13222e+18 0 0 4.64348e+42 0 0.265741 1
6.97831e+13 8.25422e+17 8.2544e+17 8.2554e+17 8.2554e+17 8.2554e+17 8.6043e+17 7.57708e+17 0 0 4.64348e+42 0 0.291055 1
8.05842e+13 5.65432e+17 5.65446e+17 5.65514e+17 5.65514e+17 5.65514e+17 5.86852e+17 5.00824e+17 0 0 4.64348e+42 0 0.316368 1
9.30572e+13 3.82831e+17 3.82843e+17 3.82889e+17 3.82889e+17 3.82889e+17 3.95786e+17 3.26336e+17 0 0 4.64348e+42 0 0.340344 1
1.07461e+14 2.46844e+17 2.46853e+17 2.46882e+17 2.46882e+17 2.46882e+17 2.54308e+17 1.99804e+17 0 0 4.64348e+42 0 0 1
1.24094e+14 1.65782e+17 1.65792e+17 1.65811e+17 1.65811e+17 1.65811e+17 1.70266e+17 1.2879e+17 0 0 4.64348e+42 0 0 1
1.43301e+14 1.09875e+17 1.09886e+17 1.09899e+17 1.09899e+17 1.09899e+17 1.12539e+17 8.17349e+16 0 0 4.64348e+42 0 0 1
1.65482e+14 7.17708e+16 7.17856e+16 7.1794e+16 7.1794e+16 7.1794e+16 7.3337e+16 5.09467e+16 0 0 4.64348e+42 0 0 1
1.91095e+14 4.40579e+16 4.40768e+16 4.40819e+16 4.40819e+16 4.40819e+16 4.4931e+16 2.92594e+16 0 0 4.64348e+42 0 0 1
2.20673e+14 2.84064e+16 2.84303e+16 2.84336e+16 2.84336e+16 2.84336e+16 2.89254e+16 1.79387e+16 0 0 4.64348e+42 0 0 1
2.5483e+14 1.80056e+16 1.80331e+16 1.80352e+16 1.80352e+16 1.80352e+16 1.83161e+16 1.07842e+16 0 0 4.64348e+42 0 0 1
2.94273e+14 1.12021e+16 1.12308e+16 1.12321e+16 1.12321e+16 1.12321e+16 1.13902e+16 6.33665e+15 0 0 4.64348e+42 0 0 1
3.39821e+14 6.41425e+15 6.43993e+15 6.44068e+15 6.44068e+15 6.44068e+15 6.52286e+15 3.32751e+15 0 0 4.64348e+42 0 0 1
3.92419e+14 3.90967e+15 3.93253e+15 3.93299e+15 3.93299e+15 3.93299e+15 3.97874e+15 1.90799e+15 0 0 4.64348e+42 0 0 1
4.53158e+14 2.33072e+15 2.34951e+15 2.34978e+15 2.34978e+15 2.34978e+15 2.37485e+15 1.06718e+15 0 0 4.64348e+42 0 0 1
5.23299e+14 1.35663e+15 1.37096e+15 1.37112e+15 1.37112e+15 1.37112e+15 1.38463e+15 5.79747e+14 0 0 4.64348e+42 0 0 1
6.04296e+14 7.0314e+14 7.12453e+14 7.12537e+14 7.12537e+14 7.12537e+14 7.19075e+14 2.68084e+14 0 0 4.64348e+42 0 0 1
6.97831e+14 3.96954e+14 4.03297e+14 4.03345e+14 4.03345e+14 4.03345e+14 4.06822e+14 1.40535e+14 0 0 4.64348e+42 0 0 1
8.05842e+14 2.17658e+14 2.21714e+14 2.2174e+14 2.2174e+14 2.2174e+14 2.23555e+14 7.14014e+13 0 0 4.64348e+42 0 0 1
9.30572e+14 1.15741e+14 1.18183e+14 1.18197e+14 1.18197e+14 1.18197e+14 1.19125e+14 3.49574e+13 0 0 4.64348e+42 0 0 1
1.07461e+15 5.18676e+13 5.30747e+13 5.3081e+13 5.3081e+13 5.3081e+13 5.34852e+13 1.34442e+13 0 0 4.64348e+42 0 0 1
1.24094e+15 2.63274e+13 2.69879e+13 2.69911e+13 2.69911e+13 2.69911e+13 2.71927e+13 6.24471e+12 0 0 4.64348e+42 0 0 1
1.43301e+15 1.28368e+13 1.31769e+13 1.31785e+13 1.31785e+13 1.31785e+13 1.32761e+13 2.7899e+12 0 0 4.64348e+42 0 0 1
1.65482e+15 6.01114e+12 6.1764e+12 6.17715e+12 6.17715e+12 6.17715e+12 6.22298e+12 1.18983e+12 0 0 4.64348e+42 0 0 1
1.91095e+15 2.15952e+12 2.22015e+12 2.22042e+12 2.22042e+12 2.22042e+12 2.23708e+12 3.47202e+11 0 0 4.64348e+42 0 0 1
2.20673e+15 9.39633e+11 9.66189e+11 9.66308e+11 9.66308e+11 9.66308e+11 9.73709e+11 1.36418e+11 0 0 4.64348e+42 0 0 1
2.5483e+15 3.85073e+11 3.95893e+11 3.95942e+11 3.95942e+11 3.95942e+11 3.99059e+11 5.11384e+10 0 0 4.64348e+42 0 0 1
2.94273e+15 1.49097e+11 1.53216e+11 1.53235e+11 1.53235e+11 1.53235e+11 1.54483e+11 1.81708e+10 0 0 4.64348e+42 0 0 1
3.39821e+15 3.80339e+10 3.90566e+10 3.90615e+10 3.90615e+10 3.90615e+10 3.93922e+10 3.42288e+09 0 0 4.64348e+42 0 0 1
3.92419e+15 1.31331e+10 1.34738e+10 1.34755e+10 1.34755e+10 1.34755e+10 1.35945e+10 1.05119e+09 0 0 4.64348e+42 0 0 1
4.53158e+15 4.1109e+09 4.21296e+09 4.2135e+09 4.2135e+09 4.2135e+09 4.25247e+09 3.04726e+08 0 0 4.64348e+42 0 0 1
5.23299e+15 1.16351e+09 1.19097e+09 1.19112e+09 1.19112e+09 1.19112e+09 1.20267e+09 8.45502e+07 0 0 4.64348e+42 0 0 1
6.04296e+15 1.75699e+08 1.79614e+08 1.79637e+08 1.79637e+08 1.79637e+08 1.81467e+08 7.9493e+06 0 0 4.64348e+42 0 0 1
6.97831e+15 4.22694e+07 4.31536e+07 4.31592e+07 4.31592e+07 4.31592e+07 4.36211e+07 1.65292e+06 0 0 4.64348e+42 0 0 1
8.05842e+15 8.61545e+06 8.78379e+06 8.78493e+06 8.78493e+06 8.78493e+06 8.8837e+06 311585 0 0 4.64348e+42 0 0 1
9.30572e+15 1.41221e+06 1.43786e+06 1.43805e+06 1.43805e+06 1.43805e+06 1.45503e+06 57483.7 0 0 4.64348e+42 0 0 1
1.07461e+16 92926.1 94489.2 94501.6 94501.6 94501.6 95671.9 2054.5 0 0 4.64348e+42 0 0 1
1.24094e+16 12192.5 12381.7 12383.3 12383.3 12383.3 12544 225.07 0 0 4.64348e+42 0 0 1
1.43301e+16 1211.09 1228.37 1228.53 1228.53 1228.53 1245.2 19.632 0 0 4.64348e+42 0 0 1
1.65482e+16 81.9734 83.0452 83.0563 83.0563 83.0563 84.2335 1.60487 0 0 4.64348e+42 0 0 1
1.91095e+16 1.29909 1.31461 1.31479 1.31479 1.31479 1.33421 0.0152029 0 0 4.64348e+42 0 0 1
2.20673e+16 0.0604413 0.0610998 0.0611081 0.0611081 0.0611081 0.0620471 0.000573406 0 0 4.64348e+42 0 0 1
2.5483e+16 0.00166846 0.00168499 0.00168522 0.00168522 0.00168522 0.00171211 1.34166e-05 0 0 4.64348e+42 0 0 1
2.94273e+16 2.56791e-05 2.59101e-05 2.59136e-05 2.59136e-05 2.59136e-05 2.63419e-05 2.1003e-07 0 0 4.64348e+42 0 0 1
3.39821e+16 4.18547e-08 4.21957e-08 4.22016e-08 4.22016e-08 4.22016e-08 4.29224e-08 2.83075e-10 0 0 4.64348e+42 0 0 1
3.92419e+16 2.6927e-10 2.71254e-10 2.71292e-10 2.71292e-10 2.71292e-10 2.76072e-10 1.66722e-12 0 0 4.64348e+42 0 0 1
4.53158e+16 6.0116e-13 6.05159e-13 6.05244e-13 6.05244e-13 6.05244e-13 6.16218e-13 3.60154e-15 0 0 4.64348e+42 0 0 1
5.23299e+16 4.64676e-16 4.67463e-16 4.67529e-16 4.67529e-16 4.67529e-16 4.76233e-16 2.76438e-18 0 0 4.64348e+42 0 0 1
6.04296e+16 1.99392e-20 2.00468e-20 2.00497e-20 2.00497e-20 2.00497e-20 2.04322e-20 1.17584e-22 0 0 4.64348e+42 0 0 1
6.97831e+16 2.14365e-24 2.15405e-24 2.15436e-24 2.15436e-24 2.15436e-24 2.19638e-24 1.26143e-26 0 0 4.64348e+42 0 0 1
8.05842e+16 3.95477e-29 3.972e-29 3.97257e-29 3.97257e-29 3.97257e-29 4.05163e-29 2.32582e-31 0 0 4.64348e+42 0 0 1
9.30572e+16 0 0 0 0 0 0 0 0 0 4.64348e+42 0 0 1