
1.07461e-07 0 0 6.75804e+45 2.96966e+50 3.52276e+57 0 0 1.35209e+44 0 4.64348e+42 0 0 0
1.24094e-07 0 0 3.07996e+46 3.22938e+50 3.00676e+57 0 0 1.56137e+44 0 4.64348e+42 0 0 0
1.43301e-07 0 0 1.16183e+47 3.5222e+50 2.57323e+57 0 0 1.80305e+44 0 4.64348e+42 0 0 0
1.65482e-07 0 0 3.72739e+47 3.85842e+50 2.21133e+57 0 0 2.08213e+44 0 4.64348e+42 0 0 0
1.91095e-07 0 0 1.04114e+48 4.25007e+50 1.91043e+57 0 0 2.4044e+44 0 4.64348e+42 0 0 0
2.20673e-07 0 0 2.58293e+48 4.71029e+50 1.66038e+57 0 0 2.77656e+44 0 4.64348e+42 0 0 0
2.5483e-07 0 0 5.78741e+48 5.25259e+50 1.45179e+57 0 0 3.20632e+44 0 4.64348e+42 0 0 0
2.94273e-07 0 0 1.18755e+49 5.88999e+50 1.27633e+57 0 0 3.7026e+44 0 4.64348e+42 0 0 0
3.39821e-07 0 0 2.25741e+49 6.63467e+50 1.12696e+57 0 0 4.2757e+44 0 4.64348e+42 0 0 0
3.92419e-07 0 0 4.01358e+49 7.49806e+50 9.98047e+56 0 0 4.9375e+44 0 4.64348e+42 0 0 0
4.53158e-07 0 0 6.72972e+49 8.49178e+50 8.85329e+56 0 0 5.70173e+44 0 4.64348e+42 0 0 0
5.23299e-07 0 0 1.07191e+50 9.62912e+50 7.85751e+56 0 0 6.58426e+44 0 4.64348e+42 0 0 0
6.04296e-07 0 0 1.6325e+50 1.09267e+51 6.97195e+56 0 0 7.60338e+44 0 4.64348e+42 0 0 0
6.97831e-07 0 0 2.39145e+50 1.2406e+51 6.18193e+56 0 0 8.78025e+44 0 4.64348e+42 0 0 0
8.05842e-07 0 0 3.38781e+50 1.40947e+51 5.47677e+56 0 0 1.01393e+45 0 4.64348e+42 0 0 0
9.30572e-07 0 0 4.66355e+50 1.60276e+51 4.84801e+56 0 0 1.17087e+45 0 4.64348e+42 0 0 0
1.07461e-06 0 0 6.26481e+50 1.82472e+51 4.28833e+56 0 0 1.35209e+45 0 4.64348e+42 0 0 0
1.24094e-06 0 0 8.24342e+50 2.08049e+51 3.79107e+56 0 0 1.56137e+45 0 4.64348e+42 0 0 0
1.43301e-06 0 0 1.06588e+51 2.37617e+51 3.35e+56 0 0 1.80305e+45 0 4.64348e+42 0 0 0
1.65482e-06 0 0 1.35802e+51 2.71898e+51 2.95928e+56 0 0 2.08212e+45 0 4.64348e+42 0 0 0
1.91095e-06 0 0 1.70883e+51 3.11737e+51 2.61348e+56 0 0 2.4044e+45 0 4.64348e+42 0 0 0
2.20673e-06 0 0 2.12785e+51 3.58125e+51 2.30756e+56 0 0 2.77656e+45 0 4.64348e+42 0 0 0
2.5483e-06 0 0 2.62636e+51 4.12233e+51 2.03695e+56 0 0 3.20632e+45 0 4.64348e+42 0 0 0
2.94273e-06 0 0 3.21785e+51 4.75457e+51 1.79753e+56 0 0 3.7026e+45 0 4.64348e+42 0 0 0
3.39821e-06 0 0 3.91858e+51 5.49478e+51 1.58566e+56 0 0 4.27569e+45 0 4.64348e+42 0 0 0
3.92419e-06 0 0 4.74833e+51 6.3633e+51 1.39813e+56 0 0 4.93749e+45 0 4.64348e+42 0 0 0
4.53158e-06 0 0 5.73103e+51 7.3847e+51 1.23214e+56 0 0 5.70172e+45 0 4.64348e+42 0 0 0
5.23299e-06 0 0 6.89557e+51 8.58842e+51 1.08524e+56 0 0 6.58425e+45 0 4.64348e+42 0 0 0
6.04296e-06 0 0 8.27654e+51 1.00095e+52 9.55251e+55 0 0 7.60337e+45 0 4.64348e+42 0 0 0
6.97831e-06 0 0 9.91521e+51 1.16896e+52 8.40261e+55 0 0 8.78023e+45 0 4.64348e+42 0 0 0
8.05842e-06 0 0 1.18608e+52 1.36782e+52 7.38569e+55 0 0 1.01392e+46 0 4.64348e+42 0 0 0
9.30572e-06 0 0 1.41724e+52 1.60346e+52 6.48671e+55 0 0 1.17086e+46 0 4.64348e+42 0 0 0
1.07461e-05 0 0 1.69205e+52 1.88297e+52 5.69228e+55 0 0 1.35209e+46 0 4.64348e+42 0 0 0
1.24094e-05 0 0 2.01897e+52 2.21481e+52 4.99058e+55 0 0 1.56137e+46 0 4.64348e+42 0 0 0
1.43301e-05 0 0 2.40807e+52 2.60907e+52 4.3711e+55 0 0 1.80304e+46 0 4.64348e+42 0 0 0
1.65482e-05 0 0 2.87135e+52 3.07778e+52 3.82454e+55 0 0 2.08211e+46 0 4.64348e+42 0 0 0
1.91095e-05 0 0 3.42311e+52 3.63521e+52 3.34261e+55 0 0 2.40438e+46 0 4.64348e+42 0 0 0
2.20673e-05 0 0 4.08035e+52 4.2984e+52 2.91798e+55 0 0 2.77654e+46 0 4.64348e+42 0 0 0
2.5483e-05 0 0 4.86334e+52 5.0876e+52 2.54413e+55 0 0 3.20629e+46 0 4.64348e+42 0 0 0
2.94273e-05 0 0 5.79614e+52 6.02689e+52 2.21527e+55 0 0 3.70256e+46 0 4.64348e+42 0 0 0
3.39821e-05 0 0 6.9074e+52 7.14491e+52 1.92625e+55 0 0 4.27564e+46 0 4.64348e+42 0 0 0
3.92419e-05 0 0 8.23114e+52 8.47567e+52 1.67249e+55 0 0 4.93742e+46 0 4.64348e+42 0 0 0
4.53158e-05 0 0 9.80782e+52 1.00596e+53 1.44995e+55 0 0 5.70164e+46 0 4.64348e+42 0 0 0
5.23299e-05 0 0 1.16855e+53 1.19449e+53 1.255e+55 0 0 6.58413e+46 0 4.64348e+42 0 0 0
6.04296e-05 0 0 1.39214e+53 1.41886e+53 1.08444e+55 0 0 7.60321e+46 0 4.64348e+42 0 0 0
6.97831e-05 0 0 1.65833e+53 1.68586e+53 9.35404e+54 0 0 8.78002e+46 0 4.64348e+42 0 0 0
8.05842e-05 0 0 1.97522e+53 2.00358e+53 8.05372e+54 0 0 1.0139e+47 0 4.64348e+42 0 0 0
9.30572e-05 0 0 2.35239e+53 2.38162e+53 6.92087e+54 0 0 1.17082e+47 0 4.64348e+42 0 0 0
0.000107461 0 0 2.80131e+53 2.83141e+53 5.93552e+54 0 0 1.35204e+47 0 4.64348e+42 0 0 0
0.000124094 0 0 3.33557e+53 3.36659e+53 5.0799e+54 0 0 1.5613e+47 0 4.64348e+42 0 0 0
0.000143301 5.4531e-250 5.4531e-250 3.97132e+53 4.00329e+53 4.33826e+54 0 0 1.80295e+47 1.40813e-254 4.64348e+42 0 0 0
0.000165482 6.38489e-171 6.38489e-171 4.72615e+53 4.75908e+53 3.69663e+54 0 0 2.082e+47 1.19972e-175 4.64348e+42 0 0 0
0.000191095 1.85913e-112 1.85913e-112 5.60703e+53 5.64084e+53 3.14263e+54 0 0 2.40423e+47 2.54982e-117 4.64348e+42 0 0 0
0.000220673 3.1547e-69 3.1547e-69 6.57309e+53 6.6074e+53 2.66529e+54 0 0 2.77633e+47 3.19611e-74 4.64348e+42 0 0 0
0.00025483 2.88164e-37 2.88164e-37 7.49958e+53 7.53346e+53 2.2549e+54 0 0 3.20601e+47 2.21583e-42 4.64348e+42 0 0 0
0.000294273 1.20545e-13 1.20545e-13 8.2076e+53 8.2397e+53 1.90287e+54 0 0 3.70219e+47 7.33441e-19 4.64348e+42 0 0 0
0.000339821 33931.4 33931.4 8.55294e+53 8.5819e+53 1.60163e+54 0 0 4.27515e+47 0.171562 4.64348e+42 0 0 0
0.000392419 2.58517e+17 2.58517e+17 8.49125e+53 8.51614e+53 1.34448e+54 0 0 4.93677e+47 1.14012e+12 4.64348e+42 0 0 0
0.000453158 8.22281e+26 8.22281e+26 8.07543e+53 8.09592e+53 1.12554e+54 0 0 5.70076e+47 3.30209e+21 4.64348e+42 0 0 0
0.000523299 8.27775e+33 8.27775e+33 7.41098e+53 7.42726e+53 9.39633e+53 0 0 6.58296e+47 3.13668e+28 4.64348e+42 0 0 0
0.000604296 1.18092e+39 1.18092e+39 6.61051e+53 6.62308e+53 7.82204e+53 0 0 7.60165e+47 4.34428e+33 4.64348e+42 0 0 0
0.000697831 7.23729e+42 7.23729e+42 5.767e+53 5.7765e+53 6.49272e+53 0 0 8.77793e+47 2.64277e+37 4.64348e+42 0 0 0
0.000805842 4.32686e+45 4.32686e+45 4.94534e+53 4.9524e+53 5.37351e+53 0 0 1.01362e+48 1.59555e+40 4.64348e+42 0 0 0
0.000930572 4.6277e+47 4.6277e+47 4.18455e+53 4.18972e+53 4.43404e+53 0 0 1.17045e+48 1.74643e+42 4.64348e+42 0 0 0
0.00107461 1.38622e+49 1.38622e+49 3.50396e+53 3.50771e+53 3.64783e+53 0 0 1.35154e+48 5.41012e+43 4.64348e+42 0 0 0
0.00124094 1.61985e+50 1.61985e+50 2.90971e+53 2.9124e+53 2.99194e+53 0 0 1.56064e+48 6.59263e+44 4.64348e+42 0 0 0
0.00143301 9.43283e+50 9.43283e+50 2.39984e+53 2.40177e+53 2.44651e+53 0 0 1.80207e+48 4.03082e+45 4.64348e+42 0 0 0
0.00165482 3.28045e+51 3.28045e+51 1.96806e+53 1.96942e+53 1.99437e+53 0 0 2.08082e+48 1.48023e+46 4.64348e+42 0 0 0
0.00191095 7.78815e+51 7.78815e+51 1.60603e+53 1.60699e+53 1.62079e+53 0 0 2.40266e+48 3.72919e+46 4.64348e+42 0 0 0
0.00220673 1.39338e+52 1.39338e+52 1.30488e+53 1.30556e+53 1.31313e+53 0 0 2.77424e+48 7.11103e+46 4.64348e+42 0 0 0
0.0025483 2.02097e+52 2.02097e+52 1.05599e+53 1.05647e+53 1.06059e+53 0 0 3.20323e+48 1.10366e+47 4.64348e+42 0 0 0
0.00294273 2.50813e+52 2.50813e+52 8.51416e+52 8.51748e+52 8.5398e+52 0 0 3.69848e+48 1.4711e+47 4.64348e+42 0 0 0
0.00339821 2.77179e+52 2.77179e+52 6.8407e+52 6.84302e+52 6.855e+52 0 0 4.2702e+48 1.75224e+47 4.64348e+42 0 0 0
0.00392419 2.80929e+52 2.80929e+52 5.47769e+52 5.4793e+52 5.48568e+52 0 0 4.93017e+48 1.92058e+47 4.64348e+42 0 0 0
0.00453158 2.66883e+52 2.66883e+52 4.37196e+52 4.37307e+52 4.37645e+52 0 0 5.69197e+48 1.9796e+47 4.64348e+42 0 0 0
0.00523299 2.41505e+52 2.41505e+52 3.4783e+52 3.47907e+52 3.48084e+52 0 0 6.57124e+48 1.94981e+47 4.64348e+42 0 0 0
0.00604296 2.10661e+52 2.10661e+52 2.75864e+52 2.75916e+52 2.76009e+52 0 0 7.58602e+48 1.85705e+47 4.64348e+42 0 0 0
0.00697831 1.78695e+52 1.78695e+52 2.1811e+52 2.18145e+52 2.18194e+52 0 0 8.7571e+48 1.72533e+47 4.64348e+42 0 0 0
0.00805842 1.48368e+52 1.48368e+52 1.71918e+52 1.71943e+52 1.71967e+52 0 0 1.01084e+49 1.57381e+47 4.64348e+42 0 0 0
0.00930572 1.21159e+52 1.21159e+52 1.35097e+52 1.35114e+52 1.35127e+52 0 0 1.16675e+49 1.41626e+47 4.64348e+42 0 0 0
0.0107461 9.76573e+51 9.76573e+51 1.05842e+52 1.05853e+52 1.0586e+52 0 0 1.34661e+49 1.26177e+47 4.64348e+42 0 0 0
0.0124094 7.78985e+51 7.78985e+51 8.26728e+51 8.26805e+51 8.26837e+51 0 0 1.55406e+49 1.11583e+47 4.64348e+42 0 0 0
0.0143301 6.16137e+51 6.16137e+51 6.4383e+51 6.43882e+51 6.43898e+51 0 0 1.79329e+49 9.81386e+46 4.64348e+42 0 0 0
0.0165482 4.83927e+51 4.83927e+51 4.9991e+51 4.99944e+51 4.99953e+51 0 0 2.06912e+49 8.5965e+46 4.64348e+42 0 0 0
0.0191095 3.77837e+51 3.77837e+51 3.8702e+51 3.87044e+51 3.87048e+51 0 0 2.38707e+49 7.50765e+46 4.64348e+42 0 0 0
0.0220673 2.93496e+51 2.93496e+51 2.98752e+51 2.98767e+51 2.98769e+51 0 0 2.75345e+49 6.54223e+46 4.64348e+42 0 0 0
0.025483 2.26954e+51 2.26954e+51 2.29951e+51 2.29961e+51 2.29963e+51 0 0 3.17552e+49 5.69164e+46 4.64348e+42 0 0 0
0.0294273 1.74792e+51 1.74792e+51 1.76494e+51 1.76501e+51 1.76502e+51 0 0 3.66155e+49 4.94565e+46 4.64348e+42 0 0 0
0.0339821 1.34124e+51 1.34124e+51 1.35088e+51 1.35093e+51 1.35093e+51 0 0 4.22099e+49 4.29361e+46 4.64348e+42 0 0 0
0.0392419 1.02571e+51 1.02571e+51 1.03116e+51 1.03119e+51 1.03119e+51 0 0 4.86459e+49 3.72507e+46 4.64348e+42 0 0 0
0.0453158 7.81963e+50 7.81963e+50 7.85028e+50 7.85047e+50 7.85049e+50 0 0 5.60458e+49 3.23024e+46 4.64348e+42 0 0 0
0.0523299 5.94405e+50 5.94405e+50 5.96125e+50 5.96138e+50 5.96139e+50 0 0 6.45482e+49 2.80013e+46 4.64348e+42 0 0 0
0.0604296 4.5061e+50 4.5061e+50 4.51573e+50 4.51582e+50 4.51582e+50 0 0 7.43095e+49 2.42664e+46 4.64348e+42 0 0 0
0.0697831 3.40739e+50 3.40739e+50 3.41277e+50 3.41283e+50 3.41283e+50 0 0 8.55058e+49 2.10256e+46 4.64348e+42 0 0 0
0.0805842 2.57054e+50 2.57054e+50 2.57354e+50 2.57357e+50 2.57357e+50 0 0 9.83343e+49 1.82149e+46 4.64348e+42 0 0 0
0.0930572 1.93501e+50 1.93501e+50 1.93668e+50 1.9367e+50 1.9367e+50 0 0 1.13014e+50 1.57783e+46 4.64348e+42 0 0 0
0.107461 1.45371e+50 1.45371e+50 1.45464e+50 1.45465e+50 1.45465e+50 0 0 1.29789e+50 1.36665e+46 4.64348e+42 0 0 0
0.124094 1.09014e+50 1.09014e+50 1.09065e+50 1.09066e+50 1.09066e+50 0 0 1.48925e+50 1.18367e+46 4.64348e+42 0 0 0
0.143301 8.1615e+49 8.1615e+49 8.16433e+49 8.16439e+49 8.16439e+49 0 0 1.7071e+50 1.02514e+46 4.64348e+42 0 0 0
0.165482 6.10119e+49 6.10119e+49 6.10275e+49 6.10279e+49 6.10279e+49 0 0 1.95455e+50 8.87814e+45 4.64348e+42 0 0 0
0.191095 4.55498e+49 4.55498e+49 4.55584e+49 4.55587e+49 4.55587e+49 0 0 2.23483e+50 7.68867e+45 4.64348e+42 0 0 0
0.220673 3.39668e+49 3.39668e+49 3.39715e+49 3.39717e+49 3.39717e+49 0 0 2.5513e+50 6.65844e+45 4.64348e+42 0 0 0
0.25483 2.53038e+49 2.53038e+49 2.53064e+49 2.53065e+49 2.53065e+49 0 0 2.90726e+50 5.76618e+45 4.64348e+42 0 0 0
0.294273 1.8834e+49 1.8834e+49 1.88355e+49 1.88355e+49 1.88355e+49 0 0 3.30584e+50 4.99344e+45 4.64348e+42 0 0 0
0.339821 1.40084e+49 1.40084e+49 1.40092e+49 1.40092e+49 1.40092e+49 0 0 3.74975e+50 4.32423e+45 4.64348e+42 0 0 0
0.392419 1.04132e+49 1.04132e+49 1.04136e+49 1.04136e+49 1.04136e+49 0 0 4.24097e+50 3.74468e+45 4.64348e+42 0 0 0
0.453158 7.73716e+48 7.73716e+48 7.7374e+48 7.73742e+48 7.73742e+48 0 0 4.78035e+50 3.2428e+45 4.64348e+42 0 0 0
0.523299 5.74702e+48 5.74702e+48 5.74715e+48 5.74717e+48 5.74717e+48 0 0 5.36701e+50 2.80817e+45 4.64348e+42 0 0 0
0.604296 4.26796e+48 4.26796e+48 4.26803e+48 4.26804e+48 4.26804e+48 0 0 5.99774e+50 2.43179e+45 4.64348e+42 0 0 0
0.697831 3.16933e+48 3.16933e+48 3.16936e+48 3.16937e+48 3.16937e+48 0 0 6.66608e+50 2.10585e+45 4.64348e+42 0 0 0
0.805842 2.3536e+48 2.3536e+48 2.35362e+48 2.35362e+48 2.35362e+48 0 0 7.36137e+50 1.82359e+45 4.64348e+42 0 0 0
0.930572 1.7481e+48 1.7481e+48 1.74811e+48 1.74811e+48 1.74811e+48 0 0 8.06767e+50 1.57917e+45 4.64348e+42 0 0 0
1.07461 1.29871e+48 1.29871e+48 1.29872e+48 1.29872e+48 1.29872e+48 0 0 8.76257e+50 1.36751e+45 4.64348e+42 0 0 0
1.24094 9.65204e+47 9.65204e+47 9.65208e+47 9.65208e+47 9.65208e+47 0 0 9.41625e+50 1.18421e+45 4.64348e+42 0 0 0
1.43301 7.17668e+47 7.17668e+47 7.1767e+47 7.1767e+47 7.1767e+47 0 0 9.99091e+50 1.02549e+45 4.64348e+42 0 0 0
1.65482 5.33906e+47 5.33906e+47 5.33907e+47 5.33908e+47 5.33908e+47 0 0 1.04411e+51 8.88034e+44 4.64348e+42 0 0 0
1.91095 3.97447e+47 3.97447e+47 3.97447e+47 3.97447e+47 3.97447e+47 0 0 1.07152e+51 7.69005e+44 4.64348e+42 0 0 0
2.20673 2.96072e+47 2.96072e+47 2.96073e+47 2.96073e+47 2.96073e+47 0 0 1.07597e+51 6.6593e+44 4.64348e+42 0 0 0
2.5483 2.20725e+47 2.20725e+47 2.20725e+47 2.20725e+47 2.20725e+47 0 0 1.05254e+51 5.76671e+44 4.64348e+42 0 0 0
2.94273 1.6469e+47 1.6469e+47 1.64691e+47 1.64691e+47 1.64691e+47 0 0 9.97715e+50 4.99376e+44 4.64348e+42 0 0 0
3.39821 1.22991e+47 1.22991e+47 1.22991e+47 1.22991e+47 1.22991e+47 0 0 9.10619e+50 4.32441e+44 4.64348e+42 0 0 0
3.92419 9.19376e+46 9.19376e+46 9.19377e+46 9.19377e+46 9.19377e+46 0 0 7.94172e+50 3.74478e+44 4.64348e+42 0 0 0
4.53158 6.87939e+46 6.87939e+46 6.87939e+46 6.87939e+46 6.87939e+46 0 0 6.55875e+50 3.24283e+44 4.64348e+42 0 0 0
5.23299 5.15306e+46 5.15306e+46 5.15306e+46 5.15307e+46 5.15307e+46 0 0 5.07541e+50 2.80817e+44 4.64348e+42 0 0 0
6.04296 3.86421e+46 3.86421e+46 3.86421e+46 3.86421e+46 3.86421e+46 0 0 3.6355e+50 2.43177e+44 4.64348e+42 0 0 0
6.97831 2.90106e+46 2.90106e+46 2.90106e+46 2.90106e+46 2.90106e+46 0 0 2.37704e+50 2.10581e+44 4.64348e+42 0 0 0
8.05842 2.18058e+46 2.18058e+46 2.18058e+46 2.18058e+46 2.18058e+46 0 0 1.3964e+50 1.82355e+44 4.64348e+42 0 0 0
9.30572 1.64107e+46 1.64107e+46 1.64107e+46 1.64107e+46 1.64107e+46 0 0 7.23958e+49 1.57912e+44 4.64348e+42 0 0 0
10.7461 1.23663e+46 1.23663e+46 1.23663e+46 1.23663e+46 1.23663e+46 0 0 3.246e+49 1.36745e+44 4.64348e+42 0 0 0
12.4094 9.33098e+45 9.33098e+45 9.331e+45 9.331e+45 9.331e+45 0 0 1.23003e+49 1.18416e+44 4.64348e+42 0 0 0
14.3301 7.05033e+45 7.05033e+45 7.05035e+45 7.05035e+45 7.05035e+45 0 0 3.83692e+48 1.02543e+44 4.64348e+42 0 0 0
16.5482 5.33461e+45 5.33461e+45 5.33463e+45 5.33463e+45 5.33463e+45 0 0 9.55912e+47 8.87976e+43 4.64348e+42 0 0 0
19.1095 4.04225e+45 4.04225e+45 4.04226e+45 4.04226e+45 4.04226e+45 0 0 1.83693e+47 7.68947e+43 4.64348e+42 0 0 0
22.0673 3.06748e+45 3.06748e+45 3.0675e+45 3.0675e+45 3.0675e+45 0 0 2.61544e+46 6.65872e+43 4.64348e+42 0 0 0
25.483 2.33128e+45 2.33128e+45 2.33129e+45 2.33129e+45 2.33129e+45 0 0 2.63402e+45 5.76612e+43 4.64348e+42 0 0 0
29.4273 1.77446e+45 1.77446e+45 1.77447e+45 1.77447e+45 1.77447e+45 0 0 1.77844e+44 4.99317e+43 4.64348e+42 0 0 0
33.9821 1.35272e+45 1.35272e+45 1.35272e+45 1.35272e+45 1.35272e+45 0 0 7.56709e+42 4.32382e+43 4.64348e+42 0 0 0
39.2419 1.03281e+45 1.03281e+45 1.03281e+45 1.03281e+45 1.03281e+45 0 0 1.88906e+41 3.74418e+43 4.64348e+42 0 0 0
45.3158 7.89771e+44 7.89771e+44 7.89778e+44 7.89778e+44 7.89778e+44 0 0 2.54771e+39 3.24224e+43 4.64348e+42 0 0 0
52.3299 6.04854e+44 6.04854e+44 6.04859e+44 6.04859e+44 6.04859e+44 0 0 1.68752e+37 2.80758e+43 4.64348e+42 0 0 0
60.4296 4.63934e+44 4.63934e+44 4.63939e+44 4.63939e+44 4.63939e+44 0 0 4.91751e+34 2.43117e+43 4.64348e+42 0 0 0
69.7831 3.56372e+44 3.56372e+44 3.56377e+44 3.56377e+44 3.56377e+44 0 0 5.55192e+31 2.10522e+43 4.64348e+42 0 0 0
80.5842 2.74141e+44 2.74141e+44 2.74145e+44 2.74145e+44 2.74145e+44 0 0 2.09703e+28 1.82296e+43 4.64348e+42 0 0 0
93.0572 2.11173e+44 2.11173e+44 2.11177e+44 2.11177e+44 2.11177e+44 0 0 2.23678e+24 1.57853e+43 4.64348e+42 0 0 0
107.461 1.6288e+44 1.6288e+44 1.62883e+44 1.62883e+44 1.62883e+44 0 0 5.53994e+19 1.36686e+43 4.64348e+42 0 0 0
124.094 1.25782e+44 1.25782e+44 1.25785e+44 1.25785e+44 1.25785e+44 0 0 2.54152e+14 1.18356e+43 4.64348e+42 0 0 0
143.301 9.72415e+43 9.72415e+43 9.7244e+43 9.7244e+43 9.7244e+43 0 0 1.66359e+08 1.02484e+43 4.64348e+42 0 0 0
165.482 7.52509e+43 7.52509e+43 7.52531e+43 7.52531e+43 7.52531e+43 0 0 11.494 8.87384e+42 4.64348e+42 0 0 0
191.095 5.82828e+43 5.82828e+43 5.82848e+43 5.82848e+43 5.82848e+43 0 0 5.91858e-08 7.68355e+42 4.64348e+42 0 0 0
220.673 4.51724e+43 4.51724e+43 4.51742e+43 4.51742e+43 4.51742e+43 0 0 1.51966e-17 6.6528e+42 4.64348e+42 0 0 0
254.83 3.50299e+43 3.50299e+43 3.50315e+43 3.50315e+43 3.50315e+43 0 0 1.22319e-28 5.7602e+42 4.64348e+42 0 0 0
294.273 2.71744e+43 2.71744e+43 2.71758e+43 2.71758e+43 2.71758e+43 0 0 1.80595e-41 4.98725e+42 4.64348e+42 0 0 0
339.821 2.1084e+43 2.1084e+43 2.10853e+43 2.10853e+43 2.10853e+43 0 0 2.63386e-56 4.3179e+42 4.64348e+42 0 0 0
392.419 1.63582e+43 1.63582e+43 1.63593e+43 1.63593e+43 1.63593e+43 0 0 1.85682e-73 3.73826e+42 4.64348e+42 0 0 0
453.158 1.26887e+43 1.26887e+43 1.26897e+43 1.26897e+43 1.26897e+43 0 0 2.77209e-93 3.23632e+42 4.64348e+42 0 0 0
523.299 9.83802e+42 9.83802e+42 9.83894e+42 9.83894e+42 9.83894e+42 0 0 3.37904e-116 2.80166e+42 4.64348e+42 0 0 0
604.296 7.62288e+42 7.62288e+42 7.6237e+42 7.6237e+42 7.6237e+42 0 0 1.11881e-142 2.42526e+42 4.64348e+42 0 0 0
697.831 5.90151e+42 5.90151e+42 5.90225e+42 5.90225e+42 5.90225e+42 0 0 2.82317e-173 2.09931e+42 4.64348e+42 0 0 0
805.842 4.56415e+42 4.56415e+42 4.5648e+42 4.5648e+42 4.5648e+42 0 0 1.25126e-208 1.81704e+42 4.64348e+42 0 0 0
930.572 3.5256e+42 3.5256e+42 3.52618e+42 3.52618e+42 3.52618e+42 0 0 1.78873e-249 1.57262e+42 4.64348e+42 0 0 0
1074.61 2.71969e+42 2.71969e+42 2.72021e+42 2.72021e+42 2.72021e+42 0 0 0 1.36095e+42 4.64348e+42 0 0 0
1240.94 2.09492e+42 2.09492e+42 2.09539e+42 2.09539e+42 2.09539e+42 0 0 0 1.17766e+42 4.64348e+42 0 0 0
1433.01 1.61118e+42 1.61118e+42 1.61159e+42 1.61159e+42 1.61159e+42 0 0 0 1.01893e+42 4.64348e+42 0 0 0
1654.82 1.23716e+42 1.23716e+42 1.23753e+42 1.23753e+42 1.23753e+42 0 0 0 8.81482e+41 4.64348e+42 0 0 0
1910.95 9.4846e+41 9.4846e+41 9.48783e+41 9.48783e+41 9.48783e+41 0 0 0 7.62456e+41 4.64348e+42 0 0 0
2206.73 7.26006e+41 7.26006e+41 7.26291e+41 7.26291e+41 7.26291e+41 0 0 0 6.59385e+41 4.64348e+42 0 0 0
2548.3 5.54916e+41 5.54916e+41 5.55168e+41 5.55168e+41 5.55168e+41 0 0 0 5.70131e+41 4.64348e+42 0 0 0
2942.73 4.23579e+41 4.23579e+41 4.23802e+41 4.23802e+41 4.23802e+41 0 0 0 4.92841e+41 4.64348e+42 0 0 0
3398.21 3.22946e+41 3.22946e+41 3.23142e+41 3.23142e+41 3.23142e+41 0 0 0 4.25913e+41 4.64348e+42 0 0 0
3924.19 2.45973e+41 2.45973e+41 2.46145e+41 2.46145e+41 2.46145e+41 0 0 0 3.67957e+41 4.64348e+42 0 0 0
4531.58 1.87191e+41 1.87191e+41 1.87343e+41 1.87343e+41 1.87343e+41 0 0 0 3.17772e+41 4.64348e+42 0 0 0
5232.99 1.42376e+41 1.42376e+41 1.42503e+41 1.42503e+41 1.42503e+41 0 0 0 2.74337e+41 4.64348e+42 0 0 0
6042.96 1.08231e+41 1.08231e+41 1.08342e+41 1.08342e+41 1.08342e+41 0 0 0 2.36711e+41 4.64348e+42 0 0 0
6978.31 8.22464e+40 8.22464e+40 8.23432e+40 8.23432e+40 8.23432e+40 0 0 0 2.04133e+41 4.64348e+42 0 0 0
8058.42 6.2486e+40 6.2486e+40 6.25702e+40 6.25702e+40 6.25702e+40 0 0 0 1.75926e+41 4.64348e+42 0 0 0
9305.72 4.7466e+40 4.7466e+40 4.75392e+40 4.75392e+40 4.75392e+40 0 0 0 1.51506e+41 4.64348e+42 0 0 0
10746.1 3.60529e+40 3.60529e+40 3.61163e+40 3.61163e+40 3.61163e+40 0 0 0 1.30364e+41 4.64348e+42 0 0 0
12409.4 2.73819e+40 2.73819e+40 2.74369e+40 2.74369e+40 2.74369e+40 0 0 0 1.12064e+41 4.64348e+42 0 0 0
14330.1 2.07948e+40 2.07948e+40 2.08423e+40 2.08423e+40 2.08423e+40 0 0 0 9.62245e+40 4.64348e+42 0 0 0
16548.2 1.57909e+40 1.57909e+40 1.58318e+40 1.58318e+40 1.58318e+40 0 0 0 8.25172e+40 4.64348e+42 0 0 0
19109.5 1.19895e+40 1.19895e+40 1.20247e+40 1.20247e+40 1.20247e+40 0 0 0 7.06575e+40 4.64348e+42 0 0 0
22067.3 9.10161e+39 9.10161e+39 9.13184e+39 9.13184e+39 9.13184e+39 0 0 0 6.0399e+40 4.64348e+42 0 0 0
25483 6.90777e+39 6.90777e+39 6.93362e+39 6.93362e+39 6.93362e+39 0 0 0 5.15286e+40 4.64348e+42 0 0 0
29427.3 5.24122e+39 5.24122e+39 5.26325e+39 5.26325e+39 5.26325e+39 0 0 0 4.38617e+40 4.64348e+42 0 0 0
33982.1 3.97535e+39 3.97535e+39 3.99405e+39 3.99405e+39 3.99405e+39 0 0 0 3.72388e+40 4.64348e+42 0 0 0
39241.9 3.01397e+39 3.01397e+39 3.02977e+39 3.02977e+39 3.02977e+39 0 0 0 3.15218e+40 4.64348e+42 0 0 0
45315.8 2.284e+39 2.284e+39 2.29728e+39 2.29728e+39 2.29728e+39 0 0 0 2.65911e+40 4.64348e+42 0 0 0
52329.9 1.72988e+39 1.72988e+39 1.74099e+39 1.74099e+39 1.74099e+39 0 0 0 2.23436e+40 4.64348e+42 0 0 0
60429.6 1.30941e+39 1.30941e+39 1.31864e+39 1.31864e+39 1.31864e+39 0 0 0 1.86896e+40 4.64348e+42 0 0 0
69783.1 9.90476e+38 9.90476e+38 9.98107e+38 9.98107e+38 9.98107e+38 0 0 0 1.55521e+40 4.64348e+42 0 0 0
80584.2 7.48686e+38 7.48686e+38 7.5495e+38 7.5495e+38 7.5495e+38 0 0 0 1.28639e+40 4.64348e+42 0 0 0
93057.2 5.65484e+38 5.65484e+38 5.70589e+38 5.70589e+38 5.70589e+38 0 0 0 1.05673e+40 4.64348e+42 0 0 0
107461 4.2676e+38 4.2676e+38 4.30891e+38 4.30891e+38 4.30891e+38 0 0 0 8.61205e+39 4.64348e+42 0 0 0
124094 3.2179e+38 3.2179e+38 3.25108e+38 3.25108e+38 3.25108e+38 0 0 0 6.95464e+39 4.64348e+42 0 0 0
143301 2.42421e+38 2.42421e+38 2.45066e+38 2.45066e+38 2.45066e+38 0 0 0 5.55724e+39 4.64348e+42 0 0 0
165482 1.82458e+38 1.82458e+38 1.8455e+38 1.8455e+38 1.8455e+38 0 0 0 4.38688e+39 4.64348e+42 0 0 0
191095 1.37196e+38 1.37196e+38 1.38839e+38 1.38839e+38 1.38839e+38 0 0 0 3.41466e+39 4.64348e+42 0 0 0
220673 1.03063e+38 1.03063e+38 1.04342e+38 1.04342e+38 1.04342e+38 0 0 0 2.61511e+39 4.64348e+42 0 0 0
254830 7.73455e+37 7.73455e+37 7.8335e+37 7.8335e+37 7.8335e+37 0 0 0 1.96557e+39 4.64348e+42 0 0 0
294273 5.79892e+37 5.79892e+37 5.8749e+37 5.8749e+37 5.8749e+37 0 0 0 1.44569e+39 4.64348e+42 0 0 0
339821 4.34353e+37 4.34353e+37 4.40147e+37 4.40147e+37 4.40147e+37 0 0 0 1.03703e+39 4.64348e+42 0 0 0
392419 3.25037e+37 3.25037e+37 3.29426e+37 3.29426e+37 3.29426e+37 0 0 0 7.22669e+38 4.64348e+42 0 0 0
453158 2.43015e+37 2.43015e+37 2.46318e+37 2.46318e+37 2.46318e+37 0 0 0 4.87046e+38 4.64348e+42 0 0 0
523299 1.81535e+37 1.81535e+37 1.84006e+37 1.84006e+37 1.84006e+37 1.18195e+29 2.93145e+33 0 3.15809e+38 4.64348e+42 0 0 0
604296 1.355e+37 1.355e+37 1.37336e+37 1.37336e+37 1.37336e+37 1.8206e+29 2.94411e+33 0 1.95837e+38 4.64348e+42 0 0 0
697831 1.01063e+37 1.01063e+37 1.0242e+37 1.0242e+37 1.0242e+37 2.45925e+29 2.95676e+33 0 1.15337e+38 4.64348e+42 0 0 0
805842 7.53256e+36 7.53256e+36 7.63219e+36 7.63219e+36 7.63219e+36 3.0979e+29 2.96942e+33 0 6.39989e+37 4.64348e+42 0 0 0
930572 5.61068e+36 5.61068e+36 5.68342e+36 5.68342e+36 5.68342e+36 3.73655e+29 2.98208e+33 0 3.31501e+37 4.64348e+42 0 0 0
1.07461e+06 4.1767e+36 4.1767e+36 4.2295e+36 4.2295e+36 4.2295e+36 4.73149e+29 2.99664e+33 0 1.58588e+37 4.64348e+42 0 0 0
1.24094e+06 3.10755e+36 3.10755e+36 3.14566e+36 3.14566e+36 3.14566e+36 6.34787e+29 3.00061e+33 0 6.92101e+36 4.64348e+42 0 0 0
1.43301e+06 2.31095e+36 2.31095e+36 2.33831e+36 2.33831e+36 2.33831e+36 8.47621e+29 3.0057e+33 0 2.71642e+36 4.64348e+42 0 0 0
1.65482e+06 1.71777e+36 1.71777e+36 1.73732e+36 1.73732e+36 1.73732e+36 1.12889e+30 3.01225e+33 0 9.43214e+35 4.64348e+42 0 0 0
1.91095e+06 1.27633e+36 1.27633e+36 1.29022e+36 1.29022e+36 1.29022e+36 1.53079e+30 3.02135e+33 0 2.84287e+35 4.64348e+42 0 0 0
2.20673e+06 9.47979e+35 9.47979e+35 9.57813e+35 9.57813e+35 9.57813e+35 2.04628e+30 3.03316e+33 0 7.27637e+34 4.64348e+42 0 0 0
2.5483e+06 7.03863e+35 7.03863e+35 7.10796e+35 7.10796e+35 7.10796e+35 2.72334e+30 3.04867e+33 0 1.542e+34 4.64348e+42 0 0 0
2.94273e+06 5.22454e+35 5.22454e+35 5.27323e+35 5.27323e+35 5.27323e+35 3.62154e+30 3.06903e+33 0 2.62765e+33 4.64348e+42 0 0 0
3.39821e+06 3.87697e+35 3.87697e+35 3.91106e+35 3.91106e+35 3.91106e+35 4.91569e+30 3.09742e+33 0 3.48097e+32 4.64348e+42 0 0 0
3.92419e+06 2.87633e+35 2.87633e+35 2.90013e+35 2.90013e+35 2.90013e+35 6.60456e+30 3.13428e+33 0 3.44788e+31 4.64348e+42 0 0 0
4.53158e+06 2.13355e+35 2.13355e+35 2.15012e+35 2.15012e+35 2.15012e+35 8.88106e+30 3.1818e+33 0 2.44103e+30 4.64348e+42 0 0 0
5.23299e+06 1.58234e+35 1.58234e+35 1.59386e+35 1.59386e+35 1.59386e+35 1.19178e+31 3.24189e+33 0 1.17271e+29 4.64348e+42 0 0 0
6.04296e+06 1.17341e+35 1.17341e+35 1.1814e+35 1.1814e+35 1.1814e+35 1.62115e+31 3.32157e+33 0 3.60025e+27 4.64348e+42 0 0 0
6.97831e+06 8.70102e+34 8.70102e+34 8.75649e+34 8.75649e+34 8.75649e+34 2.17626e+31 3.41551e+33 0 6.59023e+25 4.64348e+42 0 0 0
8.05842e+06 6.45196e+34 6.45196e+34 6.49042e+34 6.49042e+34 6.49042e+34 2.89997e+31 3.5265e+33 0 6.6395e+23 4.64348e+42 0 0 0
9.30572e+06 4.78466e+34 4.78466e+34 4.81133e+34 4.81133e+34 4.81133e+34 3.85044e+31 3.65225e+33 0 3.35659e+21 4.64348e+42 0 0 0
1.07461e+07 3.54904e+34 3.54904e+34 3.56756e+34 3.56756e+34 3.56756e+34 5.12635e+31 3.80289e+33 0 7.65313e+18 4.64348e+42 0 0 0
1.24094e+07 2.63361e+34 2.63361e+34 2.64649e+34 2.64649e+34 2.64649e+34 6.68265e+31 3.95091e+33 0 6.95719e+15 4.64348e+42 0 0 0
1.43301e+07 1.95571e+34 1.95571e+34 1.96469e+34 1.96469e+34 1.96469e+34 8.55396e+31 4.09552e+33 0 2.18713e+12 4.64348e+42 0 0 0
1.65482e+07 1.45402e+34 1.45402e+34 1.4603e+34 1.4603e+34 1.4603e+34 1.07524e+32 4.22977e+33 0 2.01738e+08 4.64348e+42 0 0 0
1.91095e+07 1.08314e+34 1.08314e+34 1.08755e+34 1.08755e+34 1.08755e+34 1.33712e+32 4.3455e+33 0 4515.97 4.64348e+42 0 0 0
2.20673e+07 8.09073e+33 8.09073e+33 8.12192e+33 8.12192e+33 8.12192e+33 1.61562e+32 4.44533e+33 0 0.0197054 4.64348e+42 0 0 0
2.5483e+07 6.06867e+33 6.06867e+33 6.0909e+33 6.0909e+33 6.0909e+33 1.91574e+32 4.51538e+33 0 1.30131e-08 4.64348e+42 0 0 0
2.94273e+07 4.57748e+33 4.57748e+33 4.59348e+33 4.59348e+33 4.59348e+33 2.21413e+32 4.51626e+33 0 9.70992e-16 4.64348e+42 0 0 0
3.39821e+07 3.47906e+33 3.47906e+33 3.49071e+33 3.49071e+33 3.49071e+33 2.50418e+32 4.43559e+33 0 5.84143e-24 4.64348e+42 0 0 0
3.92419e+07 2.6681e+33 2.6681e+33 2.67669e+33 2.67669e+33 2.67669e+33 2.75134e+32 4.2712e+33 0 1.91884e-33 4.64348e+42 0 0 0
4.53158e+07 2.0701e+33 2.0701e+33 2.07655e+33 2.07655e+33 2.07655e+33 2.96579e+32 4.05201e+33 0 2.19442e-44 4.64348e+42 0 0 0
5.23299e+07 1.62783e+33 1.62783e+33 1.63276e+33 1.63276e+33 1.63276e+33 3.13468e+32 3.79927e+33 0 5.19588e-57 4.64348e+42 0 0 0
6.04296e+07 1.29718e+33 1.29718e+33 1.30101e+33 1.30101e+33 1.30101e+33 3.23162e+32 3.4881e+33 0 1.3977e-71 4.64348e+42 0 0 0
6.97831e+07 1.04667e+33 1.04667e+33 1.0497e+33 1.0497e+33 1.0497e+33 3.24912e+32 3.12543e+33 0 2.13602e-88 4.64348e+42 0 0 0
8.05842e+07 8.54187e+32 8.54187e+32 8.56626e+32 8.56626e+32 8.56626e+32 3.19412e+32 2.7173e+33 0 8.33031e-108 4.64348e+42 0 0 0
9.30572e+07 7.03058e+32 7.03058e+32 7.05044e+32 7.05044e+32 7.05044e+32 3.0686e+32 2.278e+33 0 3.29013e-130 4.64348e+42 0 0 0
1.07461e+08 5.80791e+32 5.80791e+32 5.82421e+32 5.82421e+32 5.82421e+32 2.87279e+32 1.8324e+33 0 4.52656e-156 4.64348e+42 119.415 0 0
1.24094e+08 4.81916e+32 4.81916e+32 4.83264e+32 4.83264e+32 4.83264e+32 2.64488e+32 1.45042e+33 0 6.3255e-186 4.64348e+42 104.908 0 0
1.43301e+08 3.99419e+32 3.99419e+32 4.00537e+32 4.00537e+32 4.00537e+32 2.38347e+32 1.12773e+33 0 2.16329e-220 4.64348e+42 92.1636 0 0
1.65482e+08 3.29078e+32 3.29078e+32 3.30002e+32 3.30002e+32 3.30002e+32 2.0973e+32 8.62877e+32 0 3.50012e-260 4.64348e+42 80.9673 0 0
1.91095e+08 2.66748e+32 2.66748e+32 2.67503e+32 2.67503e+32 2.67503e+32 1.78276e+32 6.43331e+32 0 0 4.64348e+42 71.1311 0 0
2.20673e+08 2.14974e+32 2.14974e+32 2.15587e+32 2.15587e+32 2.15587e+32 1.4936e+32 4.82155e+32 0 0 4.64348e+42 62.4899 0 0
2.5483e+08 1.71287e+32 1.71287e+32 1.71781e+32 1.71781e+32 1.71781e+32 1.22595e+32 3.57292e+32 0 0 4.64348e+42 54.8984 0 0
2.94273e+08 1.34726e+32 1.34726e+32 1.35119e+32 1.35119e+32 1.35119e+32 9.85657e+31 2.61842e+32 0 0 4.64348e+42 48.2291 0 0
3.39821e+08 1.03698e+32 1.03698e+32 1.04006e+32 1.04006e+32 1.04006e+32 7.68215e+31 1.88488e+32 0 0 4.64348e+42 44.2394 0 0
3.92419e+08 7.9651e+31 7.9651e+31 7.98905e+31 7.98905e+31 7.98905e+31 5.96641e+31 1.37899e+32 0 0 4.64348e+42 42.3701 0 0
4.53158e+08 6.0508e+31 6.0508e+31 6.0693e+31 6.0693e+31 6.0693e+31 4.56361e+31 1.00425e+32 0 0 4.64348e+42 40.5798 0 0
5.23299e+08 4.53794e+31 4.53794e+31 4.55206e+31 4.55206e+31 4.55206e+31 3.43071e+31 7.28304e+31 0 0 4.64348e+42 38.8651 0 0
6.04296e+08 3.36952e+31 3.36952e+31 3.38019e+31 3.38019e+31 3.38019e+31 2.54477e+31 5.22611e+31 0 0 4.64348e+42 37.2228 0 0
6.97831e+08 2.52648e+31 2.52648e+31 2.53464e+31 2.53464e+31 2.53464e+31 1.91213e+31 3.82753e+31 0 0 4.64348e+42 35.65 0 0
8.05842e+08 1.88593e+31 1.88593e+31 1.89214e+31 1.89214e+31 1.89214e+31 1.42815e+31 2.79856e+31 0 0 4.64348e+42 34.1436 0 0
9.30572e+08 1.40018e+31 1.40018e+31 1.40488e+31 1.40488e+31 1.40488e+31 1.05899e+31 2.04131e+31 0 0 4.64348e+42 32.7009 0 0
1.07461e+09 1.02914e+31 1.02914e+31 1.03267e+31 1.03267e+31 1.03267e+31 7.74775e+30 1.46791e+31 0 0 4.64348e+42 32.8187 0 0
1.24094e+09 7.69286e+30 7.69286e+30 7.71973e+30 7.71973e+30 7.71973e+30 5.79758e+30 1.08002e+31 0 0 4.64348e+42 34.5141 0 0
1.43301e+09 5.75629e+30 5.75629e+30 5.7768e+30 5.7768e+30 5.7768e+30 4.34477e+30 7.92508e+30 0 0 4.64348e+42 36.2971 0 0
1.65482e+09 4.29595e+30 4.29595e+30 4.31156e+30 4.31156e+30 4.31156e+30 3.24543e+30 5.79782e+30 0 0 4.64348e+42 38.1722 0 0
1.91095e+09 3.17534e+30 3.17534e+30 3.18711e+30 3.18711e+30 3.18711e+30 2.39418e+30 4.17209e+30 0 0 4.64348e+42 40.1441 0 0
2.20673e+09 2.38364e+30 2.38364e+30 2.39266e+30 2.39266e+30 2.39266e+30 1.80392e+30 3.07637e+30 0 0 4.64348e+42 42.2179 0 0
2.5483e+09 1.78453e+30 1.78453e+30 1.79141e+30 1.79141e+30 1.79141e+30 1.35515e+30 2.26212e+30 0 0 4.64348e+42 44.3989 0 0
2.94273e+09 1.33042e+30 1.33042e+30 1.33566e+30 1.33566e+30 1.33566e+30 1.01319e+30 1.65809e+30 0 0 4.64348e+42 46.6925 0 0
3.39821e+09 9.77717e+29 9.77717e+29 9.81639e+29 9.81639e+29 9.81639e+29 7.43992e+29 1.19543e+30 0 0 4.64348e+42 49.1046 0 0
3.92419e+09 7.30341e+29 7.30341e+29 7.33328e+29 7.33328e+29 7.33328e+29 5.58882e+29 8.82114e+29 0 0 4.64348e+42 51.6413 0 0
4.53158e+09 5.43685e+29 5.43685e+29 5.45951e+29 5.45951e+29 5.45951e+29 4.18451e+29 6.48595e+29 0 0 4.64348e+42 54.309 0 0
5.23299e+09 4.03241e+29 4.03241e+29 4.04954e+29 4.04954e+29 4.04954e+29 3.12217e+29 4.74958e+29 0 0 4.64348e+42 57.1146 0 0
6.04296e+09 2.94146e+29 2.94146e+29 2.95418e+29 2.95418e+29 2.95418e+29 2.28304e+29 3.42386e+29 0 0 4.64348e+42 60.0651 0 0
6.97831e+09 2.18506e+29 2.18506e+29 2.19469e+29 2.19469e+29 2.19469e+29 1.71176e+29 2.52378e+29 0 0 4.64348e+42 63.168 0 0
8.05842e+09 1.61759e+29 1.61759e+29 1.62484e+29 1.62484e+29 1.62484e+29 1.2792e+29 1.85523e+29 0 0 4.64348e+42 66.4312 0 0
9.30572e+09 1.19064e+29 1.19064e+29 1.19607e+29 1.19607e+29 1.19607e+29 9.49909e+28 1.35998e+29 0 0 4.64348e+42 69.863 0 0
1.07461e+10 8.63578e+28 8.63578e+28 8.67592e+28 8.67592e+28 8.67592e+28 6.93044e+28 9.83489e+28 0 0 4.64348e+42 78.3875 0 0
1.24094e+10 6.35672e+28 6.35672e+28 6.38682e+28 6.38682e+28 6.38682e+28 5.15578e+28 7.27376e+28 0 0 4.64348e+42 93.8365 0 0
1.43301e+10 4.64949e+28 4.64949e+28 4.67212e+28 4.67212e+28 4.67212e+28 3.81223e+28 5.36617e+28 0 0 4.64348e+42 112.33 0 0
1.65482e+10 3.37138e+28 3.37138e+28 3.38904e+28 3.38904e+28 3.38904e+28 2.81006e+28 3.94678e+28 0 0 4.64348e+42 134.469 0 0
1.91095e+10 2.34987e+28 2.34987e+28 2.36537e+28 2.36537e+28 2.36537e+28 2.03252e+28 2.85459e+28 0 0 4.64348e+42 160.971 0 0
2.20673e+10 1.5531e+28 1.5531e+28 1.5705e+28 1.5705e+28 1.5705e+28 1.50405e+28 2.11268e+28 0 0 4.64348e+42 192.696 34.7254 0
2.5483e+10 8.79914e+27 8.79914e+27 9.01572e+27 9.01572e+27 9.01572e+27 1.10926e+28 1.55844e+28 0 0 4.64348e+42 230.673 22.9578 0
2.94273e+10 4.06667e+27 4.06667e+27 4.30351e+27 4.30351e+27 4.30351e+27 8.15685e+27 1.14562e+28 0 0 4.64348e+42 276.135 15.5417 0
3.39821e+10 1.57261e+27 1.57261e+27 1.782e+27 1.782e+27 1.782e+27 5.88564e+27 8.26869e+27 0 0 4.64348e+42 330.558 10.7604 0
3.92419e+10 5.68268e+26 5.68268e+26 7.31387e+26 7.31387e+26 7.31387e+26 4.36211e+27 6.12046e+27 0 0 4.64348e+42 395.705 7.61059 0
4.53158e+10 1.94301e+26 1.94301e+26 3.09068e+26 3.09068e+26 3.09068e+26 3.22586e+27 4.51921e+27 0 0 4.64348e+42 473.693 5.49245 0
5.23299e+10 6.30801e+25 6.30801e+25 1.38059e+26 1.38059e+26 1.38059e+26 2.38169e+27 3.32757e+27 0 0 4.64348e+42 567.051 4.04008 0
6.04296e+10 1.90248e+25 1.90248e+25 6.47139e+25 6.47139e+25 6.47139e+25 1.72931e+27 2.40537e+27 0 0 4.64348e+42 678.808 3.02568 0
6.97831e+10 5.51189e+24 5.51189e+24 3.29781e+25 3.29781e+25 3.29781e+25 1.28857e+27 1.78487e+27 0 0 4.64348e+42 812.591 2.3047 0
8.05842e+10 1.50645e+24 1.50645e+24 1.77231e+25 1.77231e+25 1.77231e+25 9.57574e+26 1.32134e+27 0 0 4.64348e+42 972.741 1.78376 0
9.30572e+10 3.95834e+23 3.95834e+23 9.98348e+24 9.98348e+24 9.98348e+24 7.09635e+26 9.7538e+26 0 0 4.64348e+42 1164.45 1.40144 0
1.07461e+11 1.01359e+23 1.01359e+23 5.77322e+24 5.77322e+24 5.77322e+24 5.15962e+26 7.06178e+26 0 0 4.64348e+42 1393.95 1.11671 0
1.24094e+11 2.72104e+22 2.72104e+22 3.54639e+24 3.54639e+24 3.54639e+24 3.84308e+26 5.24712e+26 0 0 4.64348e+42 1668.68 0.901709 0
1.43301e+11 7.72774e+21 7.72774e+21 2.24616e+24 2.24616e+24 2.24616e+24 2.85255e+26 3.88787e+26 0 0 4.64348e+42 1997.55 0.737233 0
1.65482e+11 2.39329e+21 2.39329e+21 1.46022e+24 1.46022e+24 1.46022e+24 2.10911e+26 2.87119e+26 0 0 4.64348e+42 2391.23 0.609868 0
1.91095e+11 8.1632e+20 8.1632e+20 9.566e+23 9.566e+23 9.566e+23 1.52916e+26 2.07809e+26 0 0 4.64348e+42 2862.51 0.510106 0
2.20673e+11 3.25248e+20 3.25248e+20 6.56337e+23 6.56337e+23 6.56337e+23 1.13648e+26 1.54368e+26 0 0 4.64348e+42 3426.67 0.431129 0
2.5483e+11 1.48857e+20 1.48857e+20 4.5821e+23 4.5821e+23 4.5821e+23 8.419e+25 1.1433e+26 0 0 4.64348e+42 4102.01 0.367983 0
2.94273e+11 7.84148e+19 7.84148e+19 3.24699e+23 3.24699e+23 3.24699e+23 6.21597e+25 8.43869e+25 0 0 4.64348e+42 4910.46 0.317029 0
3.39821e+11 4.66367e+19 4.66367e+19 2.29555e+23 2.29555e+23 2.29555e+23 4.50239e+25 6.10254e+25 0 0 4.64348e+42 0 0.275565 0
3.92419e+11 3.23849e+19 3.2385e+19 1.68646e+23 1.68646e+23 1.68646e+23 3.34456e+25 4.53005e+25 0 0 4.64348e+42 0 0.241562 0
4.53158e+11 2.52383e+19 2.52384e+19 1.25105e+23 1.25105e+23 1.25105e+23 2.47662e+25 3.35241e+25 0 0 4.64348e+42 0 0.213483 0
5.23299e+11 2.17507e+19 2.17507e+19 9.35607e+22 9.35607e+22 9.35607e+22 1.82778e+25 2.47212e+25 0 0 4.64348e+42 0 0.190154 0
6.04296e+11 2.00889e+19 2.00889e+19 6.93476e+22 6.93476e+22 6.93476e+22 1.32279e+25 1.7855e+25 0 0 4.64348e+42 0 0.170669 0
6.97831e+11 2.04512e+19 2.04512e+19 5.31643e+22 5.31643e+22 5.31643e+22 9.81983e+24 1.32391e+25 0 0 4.64348e+42 0 0.154323 0
8.05842e+11 2.19859e+19 2.19859e+19 4.09588e+22 4.09588e+22 4.09588e+22 7.26615e+24 9.7849e+24 0 0 4.64348e+42 0 0.140565 0
9.30572e+11 2.46094e+19 2.46094e+19 3.16778e+22 3.16778e+22 3.16778e+22 5.35813e+24 7.20514e+24 0 0 4.64348e+42 0 0.12896 0
1.07461e+12 2.78659e+19 2.78659e+19 2.41788e+22 2.41788e+22 2.41788e+22 3.8729e+24 5.1942e+24 0 0 4.64348e+42 0 0.119166 0
1.24094e+12 3.30186e+19 3.30186e+19 1.90346e+22 1.90346e+22 1.90346e+22 2.872e+24 3.84482e+24 0 0 4.64348e+42 0 0.110908 0
1.43301e+12 3.94227e+19 3.94227e+19 1.5013e+22 1.5013e+22 1.5013e+22 2.12261e+24 2.83626e+24 0 0 4.64348e+42 0 0.103969 0
1.65482e+12 4.70481e+19 4.70481e+19 1.18541e+22 1.18541e+22 1.18541e+22 1.56313e+24 2.08402e+24 0 0 4.64348e+42 0 0.098177 0
1.91095e+12 5.48438e+19 5.48438e+19 9.21038e+21 9.21038e+21 9.21038e+21 1.12781e+24 1.49831e+24 0 0 4.64348e+42 0 0.0933933 0
2.20673e+12 6.50375e+19 6.50375e+19 7.368e+21 7.368e+21 7.368e+21 8.34972e+23 1.10629e+24 0 0 4.64348e+42 0 0.0895108 0
2.5483e+12 7.59239e+19 7.59239e+19 5.89279e+21 5.89279e+21 5.89279e+21 6.15985e+23 8.13832e+23 0 0 4.64348e+42 0 0.0864461 0
2.94273e+12 8.698e+19 8.698e+19 4.70895e+21 4.70895e+21 4.70895e+21 4.52724e+23 5.96153e+23 0 0 4.64348e+42 0 0.0841374 0
3.39821e+12 9.59214e+19 9.59214e+19 3.69411e+21 3.69411e+21 3.69411e+21 3.25779e+23 4.26933e+23 0 0 4.64348e+42 0 0.082541 0
3.92419e+12 1.06568e+20 1.06568e+20 2.98032e+21 2.98032e+21 2.98032e+21 2.40616e+23 3.1411e+23 0 0 4.64348e+42 0 0.08163 0
4.53158e+12 1.15708e+20 1.15709e+20 2.39981e+21 2.39981e+21 2.39981e+21 1.77043e+23 2.30165e+23 0 0 4.64348e+42 0 0.0813928 0
5.23299e+12 1.2271e+20 1.2271e+20 1.92749e+21 1.92749e+21 1.92749e+21 1.29741e+23 1.67871e+23 0 0 4.64348e+42 0 0.0818329 0
6.04296e+12 1.24857e+20 1.24857e+20 1.51632e+21 1.51632e+21 1.51632e+21 9.30094e+22 1.19559e+23 0 0 4.64348e+42 0 0.0829683 0
6.97831e+12 1.27936e+20 1.27936e+20 1.22555e+21 1.22555e+21 1.22555e+21 6.84605e+22 8.75248e+22 0 0 4.64348e+42 0 0.0848322 0
8.05842e+12 1.28114e+20 1.28114e+20 9.86824e+20 9.86824e+20 9.86824e+20 5.01832e+22 6.3783e+22 0 0 4.64348e+42 0 0.0874729 0
9.30572e+12 1.25403e+20 1.25403e+20 7.91031e+20 7.91031e+20 7.91031e+20 3.66229e+22 4.62401e+22 0 0 4.64348e+42 0 0.0909553 0
1.07461e+13 1.17821e+20 1.17821e+20 6.19218e+20 6.19218e+20 6.19218e+20 2.61142e+22 3.26791e+22 0 0 4.64348e+42 0 0.0953611 0
1.24094e+13 1.11755e+20 1.11755e+20 4.97344e+20 4.97344e+20 4.97344e+20 1.9129e+22 2.37586e+22 0 0 4.64348e+42 0 0.10079 0
1.43301e+13 1.03749e+20 1.03749e+20 3.96916e+20 3.96916e+20 3.96916e+20 1.39481e+22 1.71836e+22 0 0 4.64348e+42 0 0.10736 0
1.65482e+13 9.42661e+19 9.42662e+19 3.14404e+20 3.14404e+20 3.14404e+20 1.01198e+22 1.23544e+22 0 0 4.64348e+42 0 0.115206 0
1.91095e+13 8.2204e+19 8.22041e+19 2.42144e+20 2.42144e+20 2.42144e+20 7.16224e+21 8.63878e+21 0 0 4.64348e+42 0 0.12448 0
2.20673e+13 7.25141e+19 7.25142e+19 1.90913e+20 1.90913e+20 1.90913e+20 5.21132e+21 6.22166e+21 0 0 4.64348e+42 0 0.135345 0
2.5483e+13 6.26153e+19 6.26155e+19 1.48965e+20 1.48965e+20 1.48965e+20 3.77199e+21 4.45379e+21 0 0 4.64348e+42 0 0.147968 0
2.94273e+13 5.28988e+19 5.2899e+19 1.14868e+20 1.14868e+20 1.14868e+20 2.71473e+21 3.16627e+21 0 0 4.64348e+42 0 0.162507 0
3.39821e+13 4.27901e+19 4.27904e+19 8.55892e+19 8.55892e+19 8.55892e+19 1.90146e+21 2.18193e+21 0 0 4.64348e+42 0 0.179093 0
3.92419e+13 3.50445e+19 3.50447e+19 6.51084e+19 6.51084e+19 6.51084e+19 1.37082e+21 1.55155e+21 0 0 4.64348e+42 0 0.197804 0
4.53158e+13 2.80587e+19 2.8059e+19 4.87881e+19 4.87881e+19 4.87881e+19 9.82249e+20 1.09539e+21 0 0 4.64348e+42 0 0.218621 0
5.23299e+13 2.19513e+19 2.19516e+19 3.5968e+19 3.5968e+19 3.5968e+19 6.99167e+20 7.67015e+20 0 0 4.64348e+42 0 0.241387 0
6.04296e+13 1.63888e+19 1.63891e+19 2.54629e+19 2.54629e+19 2.54629e+19 4.82751e+20 5.18176e+20 0 0 4.64348e+42 0 0.265741 0
6.97831e+13 1.24164e+19 1.24167e+19 1.83948e+19 1.83948e+19 1.83948e+19 3.43678e+20 3.62229e+20 0 0 4.64348e+42 0 0.291055 0
8.05842e+13 9.19722e+18 9.19747e+18 1.30585e+19 1.30585e+19 1.30585e+19 2.42904e+20 2.51031e+20 0 0 4.64348e+42 0 0.316368 0
9.30572e+13 6.66216e+18 6.66237e+18 9.10676e+18 9.10676e+18 9.10676e+18 1.70326e+20 1.72253e+20 0 0 4.64348e+42 0 0.340344 0
1.07461e+14 4.59765e+18 4.59783e+18 6.07544e+18 6.07544e+18 6.07544e+18 1.15314e+20 1.13272e+20 0 0 4.64348e+42 0 0 0
1.24094e+14 3.24059e+18 3.24077e+18 4.15489e+18 4.15489e+18 4.15489e+18 8.07076e+19 7.73995e+19 0 0 4.64348e+42 0 0 0
1.43301e+14 2.23985e+18 2.24007e+18 2.79572e+18 2.79572e+18 2.79572e+18 5.59934e+19 5.23296e+19 0 0 4.64348e+42 0 0 0
1.65482e+14 1.51887e+18 1.51918e+18 1.85116e+18 1.85116e+18 1.85116e+18 3.84739e+19 3.49516e+19 0 0 4.64348e+42 0 0 0
1.91095e+14 9.79849e+17 9.8027e+17 1.16932e+18 1.16932e+18 1.16932e+18 2.53546e+19 2.21556e+19 0 0 4.64348e+42 0 0 0
2.20673e+14 6.51551e+17 6.52101e+17 7.63281e+17 7.63281e+17 7.63281e+17 1.73416e+19 1.46867e+19 0 0 4.64348e+42 0 0 0
2.5483e+14 4.26119e+17 4.26771e+17 4.91208e+17 4.91208e+17 4.91208e+17 1.17329e+19 9.60838e+18 0 0 4.64348e+42 0 0 0
2.94273e+14 2.74084e+17 2.74788e+17 3.11594e+17 3.11594e+17 3.11594e+17 7.84404e+18 6.19149e+18 0 0 4.64348e+42 0 0 0
3.39821e+14 1.66791e+17 1.67458e+17 1.87392e+17 1.87392e+17 1.87392e+17 4.98014e+18 3.73218e+18 0 0 4.64348e+42 0 0 0
3.92419e+14 1.0568e+17 1.06298e+17 1.17564e+17 1.17564e+17 1.17564e+17 3.30168e+18 2.37612e+18 0 0 4.64348e+42 0 0 0
4.53158e+14 6.59101e+16 6.64413e+16 7.27236e+16 7.27236e+16 7.27236e+16 2.15913e+18 1.488e+18 0 0 4.64348e+42 0 0 0
5.23299e+14 4.04369e+16 4.0864e+16 4.43182e+16 4.43182e+16 4.43182e+16 1.39086e+18 9.14206e+17 0 0 4.64348e+42 0 0 0
6.04296e+14 2.31941e+16 2.35013e+16 2.52812e+16 2.52812e+16 2.52812e+16 8.38244e+17 5.14029e+17 0 0 4.64348e+42 0 0 0
6.97831e+14 1.40243e+16 1.42484e+16 1.52175e+16 1.52175e+16 1.52175e+16 5.3261e+17 3.10112e+17 0 0 4.64348e+42 0 0 0
8.05842e+14 8.33494e+15 8.49026e+15 9.01025e+15 9.01025e+15 9.01025e+15 3.32499e+17 1.83228e+17 0 0 4.64348e+42 0 0 0
9.30572e+14 4.86301e+15 4.9656e+15 5.24021e+15 5.24021e+15 5.24021e+15 2.03604e+17 1.05664e+17 0 0 4.64348e+42 0 0 0
1.07461e+15 2.59631e+15 2.65673e+15 2.78978e+15 2.78978e+15 2.78978e+15 1.13948e+17 5.38891e+16 0 0 4.64348e+42 0 0 0
1.24094e+15 1.48649e+15 1.52378e+15 1.5931e+15 1.5931e+15 1.5931e+15 6.82858e+16 3.02567e+16 0 0 4.64348e+42 0 0 0
1.43301e+15 8.32992e+14 8.55064e+14 8.90529e+14 8.90529e+14 8.90529e+14 3.99838e+16 1.65463e+16 0 0 4.64348e+42 0 0 0
1.65482e+15 4.56063e+14 4.68601e+14 4.86383e+14 4.86383e+14 4.86383e+14 2.28311e+16 8.77287e+15 0 0 4.64348e+42 0 0 0
1.91095e+15 2.20158e+14 2.26338e+14 2.34226e+14 2.34226e+14 2.34226e+14 1.14718e+16 3.89381e+15 0 0 4.64348e+42 0 0 0
2.20673e+15 1.17035e+14 1.20343e+14 1.2421e+14 1.2421e+14 1.2421e+14 6.33459e+15 1.9856e+15 0 0 4.64348e+42 0 0 0
2.5483e+15 6.04232e+13 6.2121e+13 6.39692e+13 6.39692e+13 6.39692e+13 3.39004e+15 9.79575e+14 0 0 4.64348e+42 0 0 0
2.94273e+15 3.0252e+13 3.10877e+13 3.19478e+13 3.19478e+13 3.19478e+13 1.75567e+15 4.64673e+14 0 0 4.64348e+42 0 0 0
3.39821e+15 1.25305e+13 1.28674e+13 1.32e+13 1.32e+13 1.32e+13 7.50655e+14 1.68446e+14 0 0 4.64348e+42 0 0 0
3.92419e+15 5.97716e+12 6.13221e+12 6.2809e+12 6.2809e+12 6.2809e+12 3.68855e+14 7.54067e+13 0 0 4.64348e+42 0 0 0
4.53158e+15 2.73403e+12 2.80191e+12 2.86594e+12 2.86594e+12 2.86594e+12 1.7345e+14 3.24017e+13 0 0 4.64348e+42 0 0 0
5.23299e+15 1.1999e+12 1.22821e+12 1.25479e+12 1.25479e+12 1.25479e+12 7.8103e+13 1.32593e+13 0 0 4.64348e+42 0 0 0
6.04296e+15 3.9108e+11 3.99793e+11 4.08019e+11 4.08019e+11 4.08019e+11 2.60674e+13 3.53721e+12 0 0 4.64348e+42 0 0 0
6.97831e+15 1.58528e+11 1.61844e+11 1.65025e+11 1.65025e+11 1.65025e+11 1.08001e+13 1.31984e+12 0 0 4.64348e+42 0 0 0
8.05842e+15 6.02345e+10 6.14114e+10 6.25692e+10 6.25692e+10 6.25692e+10 4.18659e+12 4.68926e+11 0 0 4.64348e+42 0 0 0
9.30572e+15 2.15403e+10 2.19316e+10 2.23299e+10 2.23299e+10 2.23299e+10 1.5247e+12 1.57901e+11 0 0 4.64348e+42 0 0 0
1.07461e+16 4.82725e+09 4.90845e+09 4.99463e+09 4.99463e+09 4.99463e+09 3.47369e+11 2.5752e+10 0 0 4.64348e+42 0 0 0
1.24094e+16 1.5244e+09 1.54805e+09 1.57443e+09 1.57443e+09 1.57443e+09 1.11331e+11 7.31157e+09 0 0 4.64348e+42 0 0 0
1.43301e+16 4.31608e+08 4.37765e+08 4.45029e+08 4.45029e+08 4.45029e+08 3.19388e+10 1.95e+09 0 0 4.64348e+42 0 0 0
1.65482e+16 1.08748e+08 1.1017e+08 1.11956e+08 1.11956e+08 1.11956e+08 8.14085e+09 5.00239e+08 0 0 4.64348e+42 0 0 0
1.91095e+16 1.37022e+07 1.3866e+07 1.40863e+07 1.40863e+07 1.40863e+07 1.03606e+09 3.80282e+07 0 0 4.64348e+42 0 0 0
2.20673e+16 2.90018e+06 2.93178e+06 2.97755e+06 2.97755e+06 2.97755e+06 2.2116e+08 6.96684e+06 0 0 4.64348e+42 0 0 0
2.5483e+16 509904 514957 522878 522878 522878 3.91586e+07 1.13498e+06 0 0 4.64348e+42 0 0 0
2.94273e+16 69635.2 70261.5 71328.7 71328.7 71328.7 5.37786e+06 181317 0 0 4.64348e+42 0 0 0
3.39821e+16 3450.3 3478.42 3530.7 3530.7 3530.7 267598 4885.61 0 0 4.64348e+42 0 0 0
3.92419e+16 368.164 370.877 376.403 376.403 376.403 28637.6 433.884 0 0 4.64348e+42 0 0 0
4.53158e+16 28.6047 28.795 29.2211 29.2211 29.2211 2228.67 29.2036 0 0 4.64348e+42 0 0 0
5.23299e+16 1.46503 1.47381 1.4955 1.4955 1.4955 114.189 1.76545 0 0 4.64348e+42 0 0 0
6.04296e+16 0.0145653 0.0146439 0.0148585 0.0148585 0.0148585 1.13436 0.0111162 0 0 4.64348e+42 0 0 0
6.97831e+16 0.000474302 0.000476604 0.000483568 0.000483568 0.000483568 0.0368664 0.000287632 0 0 4.64348e+42 0 0 0
8.05842e+16 7.30737e-06 7.33921e-06 7.44626e-06 7.44626e-06 7.44626e-06 0.000566254 3.25056e-06 0 0 4.64348e+42 0 0 0
9.30572e+16 0 0 0 0 0 0 0 0 0 4.64348e+42 0 0 0