
1.07461e-07 2.48162e+54 2.48162e+54 6.12566e+54 6.23034e+54 6.24183e+54 0 0 4.35269e+43 8.78043e+48 4.64348e+42 0 0 1
1.24094e-07 2.76451e+54 2.76451e+54 5.39121e+54 5.47089e+54 5.47833e+54 0 0 5.02641e+43 9.62424e+48 4.64348e+42 0 0 1
1.43301e-07 2.8907e+54 2.8907e+54 4.73604e+54 4.7966e+54 4.80139e+54 0 0 5.80441e+43 9.92023e+48 4.64348e+42 0 0 1
1.65482e-07 2.88309e+54 2.88309e+54 4.15285e+54 4.1988e+54 4.20188e+54 0 0 6.70283e+43 9.77113e+48 4.64348e+42 0 0 1
1.91095e-07 2.77541e+54 2.77541e+54 3.63478e+54 3.66958e+54 3.67156e+54 0 0 7.7403e+43 9.3064e+48 4.64348e+42 0 0 1
2.20673e-07 2.6014e+54 2.6014e+54 3.17544e+54 3.20175e+54 3.20301e+54 0 0 8.93836e+43 8.64644e+48 4.64348e+42 0 0 1
2.5483e-07 2.38947e+54 2.38947e+54 2.76893e+54 2.78878e+54 2.78959e+54 0 0 1.03219e+44 7.88721e+48 4.64348e+42 0 0 1
2.94273e-07 2.16108e+54 2.16108e+54 2.40983e+54 2.42479e+54 2.4253e+54 0 0 1.19195e+44 7.09772e+48 4.64348e+42 0 0 1
3.39821e-07 1.93123e+54 1.93123e+54 2.09319e+54 2.10444e+54 2.10476e+54 0 0 1.37644e+44 6.32353e+48 4.64348e+42 0 0 1
3.92419e-07 1.70965e+54 1.70965e+54 1.81451e+54 1.82295e+54 1.82316e+54 0 0 1.58949e+44 5.59218e+48 4.64348e+42 0 0 1
4.53158e-07 1.50213e+54 1.50213e+54 1.5697e+54 1.57602e+54 1.57615e+54 0 0 1.83551e+44 4.9184e+48 4.64348e+42 0 0 1
5.23299e-07 1.31168e+54 1.31168e+54 1.35504e+54 1.35976e+54 1.35984e+54 0 0 2.11962e+44 4.30832e+48 4.64348e+42 0 0 1
6.04296e-07 1.13947e+54 1.13947e+54 1.1672e+54 1.17072e+54 1.17077e+54 0 0 2.4477e+44 3.76264e+48 4.64348e+42 0 0 1
6.97831e-07 9.85473e+53 9.85473e+53 1.00314e+54 1.00576e+54 1.00579e+54 0 0 2.82656e+44 3.27881e+48 4.64348e+42 0 0 1
8.05842e-07 8.48941e+53 8.48941e+53 8.60167e+53 8.62112e+53 8.62132e+53 0 0 3.26406e+44 2.85252e+48 4.64348e+42 0 0 1
9.30572e-07 7.28717e+53 7.28717e+53 7.35828e+53 7.37269e+53 7.37281e+53 0 0 3.76927e+44 2.47866e+48 4.64348e+42 0 0 1
1.07461e-06 6.23446e+53 6.23446e+53 6.27936e+53 6.29001e+53 6.29008e+53 0 0 4.35269e+44 2.15187e+48 4.64348e+42 0 0 1
1.24094e-06 5.31704e+53 5.31704e+53 5.34533e+53 5.35318e+53 5.35322e+53 0 0 5.02641e+44 1.86694e+48 4.64348e+42 0 0 1
1.43301e-06 4.52088e+53 4.52088e+53 4.53864e+53 4.54441e+53 4.54444e+53 0 0 5.8044e+44 1.61894e+48 4.64348e+42 0 0 1
1.65482e-06 3.83252e+53 3.83252e+53 3.84365e+53 3.84788e+53 3.84791e+53 0 0 6.70282e+44 1.40338e+48 4.64348e+42 0 0 1
1.91095e-06 3.2395e+53 3.2395e+53 3.24645e+53 3.24954e+53 3.24956e+53 0 0 7.74029e+44 1.21619e+48 4.64348e+42 0 0 1
2.20673e-06 2.73029e+53 2.73029e+53 2.73461e+53 2.73687e+53 2.73688e+53 0 0 8.93835e+44 1.05377e+48 4.64348e+42 0 0 1
2.5483e-06 2.29445e+53 2.29445e+53 2.29714e+53 2.29878e+53 2.29879e+53 0 0 1.03218e+45 9.12904e+47 4.64348e+42 0 0 1
2.94273e-06 1.9226e+53 1.9226e+53 1.92427e+53 1.92546e+53 1.92546e+53 0 0 1.19195e+45 7.90784e+47 4.64348e+42 0 0 1
3.39821e-06 1.60635e+53 1.60635e+53 1.60738e+53 1.60824e+53 1.60824e+53 0 0 1.37644e+45 6.84945e+47 4.64348e+42 0 0 1
3.92419e-06 1.33823e+53 1.33823e+53 1.33886e+53 1.33948e+53 1.33948e+53 0 0 1.58949e+45 5.93237e+47 4.64348e+42 0 0 1
4.53158e-06 1.11163e+53 1.11163e+53 1.11202e+53 1.11247e+53 1.11247e+53 0 0 1.83551e+45 5.13785e+47 4.64348e+42 0 0 1
5.23299e-06 9.20736e+52 9.20736e+52 9.20974e+52 9.21295e+52 9.21295e+52 0 0 2.11961e+45 4.4496e+47 4.64348e+42 0 0 1
6.04296e-06 7.60437e+52 7.60437e+52 7.60582e+52 7.60811e+52 7.60811e+52 0 0 2.44769e+45 3.85346e+47 4.64348e+42 0 0 1
6.97831e-06 6.26262e+52 6.26262e+52 6.26351e+52 6.26514e+52 6.26514e+52 0 0 2.82655e+45 3.33712e+47 4.64348e+42 0 0 1
8.05842e-06 5.14318e+52 5.14318e+52 5.14372e+52 5.14488e+52 5.14488e+52 0 0 3.26404e+45 2.88994e+47 4.64348e+42 0 0 1
9.30572e-06 4.21224e+52 4.21224e+52 4.21256e+52 4.21339e+52 4.21339e+52 0 0 3.76926e+45 2.50265e+47 4.64348e+42 0 0 1
1.07461e-05 3.44055e+52 3.44055e+52 3.44075e+52 3.44133e+52 3.44133e+52 0 0 4.35266e+45 2.16725e+47 4.64348e+42 0 0 1
1.24094e-05 2.80293e+52 2.80293e+52 2.80305e+52 2.80346e+52 2.80346e+52 0 0 5.02637e+45 1.87679e+47 4.64348e+42 0 0 1
1.43301e-05 2.27774e+52 2.27774e+52 2.27781e+52 2.2781e+52 2.2781e+52 0 0 5.80436e+45 1.62525e+47 4.64348e+42 0 0 1
1.65482e-05 1.8465e+52 1.8465e+52 1.84654e+52 1.84675e+52 1.84675e+52 0 0 6.70276e+45 1.40742e+47 4.64348e+42 0 0 1
1.91095e-05 1.49348e+52 1.49348e+52 1.4935e+52 1.49365e+52 1.49365e+52 0 0 7.74022e+45 1.21878e+47 4.64348e+42 0 0 1
2.20673e-05 1.20533e+52 1.20533e+52 1.20534e+52 1.20544e+52 1.20544e+52 0 0 8.93825e+45 1.05543e+47 4.64348e+42 0 0 1
2.5483e-05 9.70795e+51 9.70795e+51 9.70804e+51 9.70874e+51 9.70874e+51 0 0 1.03217e+46 9.13965e+46 4.64348e+42 0 0 1
2.94273e-05 7.80412e+51 7.80412e+51 7.80418e+51 7.80466e+51 7.80466e+51 0 0 1.19193e+46 7.91463e+46 4.64348e+42 0 0 1
3.39821e-05 6.26262e+51 6.26262e+51 6.26265e+51 6.26298e+51 6.26298e+51 0 0 1.37641e+46 6.8538e+46 4.64348e+42 0 0 1
3.92419e-05 5.01746e+51 5.01746e+51 5.01748e+51 5.01771e+51 5.01771e+51 0 0 1.58945e+46 5.93515e+46 4.64348e+42 0 0 1
4.53158e-05 4.01392e+51 4.01392e+51 4.01393e+51 4.01409e+51 4.01409e+51 0 0 1.83547e+46 5.13964e+46 4.64348e+42 0 0 1
5.23299e-05 3.20678e+51 3.20678e+51 3.20679e+51 3.2069e+51 3.2069e+51 0 0 2.11956e+46 4.45074e+46 4.64348e+42 0 0 1
6.04296e-05 2.55884e+51 2.55884e+51 2.55884e+51 2.55892e+51 2.55892e+51 0 0 2.44761e+46 3.85419e+46 4.64348e+42 0 0 1
6.97831e-05 2.03959e+51 2.03959e+51 2.0396e+51 2.03965e+51 2.03965e+51 0 0 2.82644e+46 3.33759e+46 4.64348e+42 0 0 1
8.05842e-05 1.62414e+51 1.62414e+51 1.62414e+51 1.62418e+51 1.62418e+51 0 0 3.26391e+46 2.89024e+46 4.64348e+42 0 0 1
9.30572e-05 1.29221e+51 1.29221e+51 1.29221e+51 1.29223e+51 1.29223e+51 0 0 3.76907e+46 2.50284e+46 4.64348e+42 0 0 1
0.000107461 1.02734e+51 1.02734e+51 1.02734e+51 1.02736e+51 1.02736e+51 0 0 4.35242e+46 2.16737e+46 4.64348e+42 0 0 1
0.000124094 8.16234e+50 8.16234e+50 8.16234e+50 8.16246e+50 8.16246e+50 0 0 5.02605e+46 1.87687e+46 4.64348e+42 0 0 1
0.000143301 6.48147e+50 6.48147e+50 6.48147e+50 6.48155e+50 6.48155e+50 0 0 5.80393e+46 1.6253e+46 4.64348e+42 0 0 1
0.000165482 5.14431e+50 5.14431e+50 5.14432e+50 5.14437e+50 5.14437e+50 0 0 6.70218e+46 1.40745e+46 4.64348e+42 0 0 1
0.000191095 4.08141e+50 4.08141e+50 4.08141e+50 4.08145e+50 4.08145e+50 0 0 7.73944e+46 1.2188e+46 4.64348e+42 0 0 1
0.000220673 3.23707e+50 3.23707e+50 3.23707e+50 3.2371e+50 3.2371e+50 0 0 8.93722e+46 1.05544e+46 4.64348e+42 0 0 1
0.00025483 2.56672e+50 2.56672e+50 2.56672e+50 2.56674e+50 2.56674e+50 0 0 1.03203e+47 9.13973e+45 4.64348e+42 0 0 1
0.000294273 2.03475e+50 2.03475e+50 2.03475e+50 2.03476e+50 2.03476e+50 0 0 1.19175e+47 7.91468e+45 4.64348e+42 0 0 1
0.000339821 1.61275e+50 1.61275e+50 1.61275e+50 1.61276e+50 1.61276e+50 0 0 1.37617e+47 6.85383e+45 4.64348e+42 0 0 1
0.000392419 1.27809e+50 1.27809e+50 1.27809e+50 1.2781e+50 1.2781e+50 0 0 1.58913e+47 5.93518e+45 4.64348e+42 0 0 1
0.000453158 1.01275e+50 1.01275e+50 1.01275e+50 1.01276e+50 1.01276e+50 0 0 1.83503e+47 5.13965e+45 4.64348e+42 0 0 1
0.000523299 8.0241e+49 8.0241e+49 8.0241e+49 8.02413e+49 8.02413e+49 0 0 2.11898e+47 4.45075e+45 4.64348e+42 0 0 1
0.000604296 6.35684e+49 6.35684e+49 6.35684e+49 6.35686e+49 6.35686e+49 0 0 2.44684e+47 3.85419e+45 4.64348e+42 0 0 1
0.000697831 5.03542e+49 5.03542e+49 5.03542e+49 5.03543e+49 5.03543e+49 0 0 2.82541e+47 3.33759e+45 4.64348e+42 0 0 1
0.000805842 3.98816e+49 3.98816e+49 3.98816e+49 3.98817e+49 3.98817e+49 0 0 3.26253e+47 2.89024e+45 4.64348e+42 0 0 1
0.000930572 3.15824e+49 3.15824e+49 3.15824e+49 3.15824e+49 3.15824e+49 0 0 3.76724e+47 2.50284e+45 4.64348e+42 0 0 1
0.00107461 2.50057e+49 2.50057e+49 2.50057e+49 2.50057e+49 2.50057e+49 0 0 4.34998e+47 2.16737e+45 4.64348e+42 0 0 1
0.00124094 1.97944e+49 1.97944e+49 1.97944e+49 1.97944e+49 1.97944e+49 0 0 5.02279e+47 1.87687e+45 4.64348e+42 0 0 1
0.00143301 1.56653e+49 1.56653e+49 1.56653e+49 1.56653e+49 1.56653e+49 0 0 5.79958e+47 1.6253e+45 4.64348e+42 0 0 1
0.00165482 1.2394e+49 1.2394e+49 1.2394e+49 1.2394e+49 1.2394e+49 0 0 6.69639e+47 1.40745e+45 4.64348e+42 0 0 1
0.00191095 9.80258e+48 9.80258e+48 9.80258e+48 9.80259e+48 9.80259e+48 0 0 7.73172e+47 1.2188e+45 4.64348e+42 0 0 1
0.00220673 7.7501e+48 7.7501e+48 7.7501e+48 7.7501e+48 7.7501e+48 0 0 8.92692e+47 1.05544e+45 4.64348e+42 0 0 1
0.0025483 6.12477e+48 6.12477e+48 6.12477e+48 6.12477e+48 6.12477e+48 0 0 1.03066e+48 9.13973e+44 4.64348e+42 0 0 1
0.00294273 4.83801e+48 4.83801e+48 4.83801e+48 4.83801e+48 4.83801e+48 0 0 1.18992e+48 7.91468e+44 4.64348e+42 0 0 1
0.00339821 3.81958e+48 3.81958e+48 3.81958e+48 3.81958e+48 3.81958e+48 0 0 1.37373e+48 6.85383e+44 4.64348e+42 0 0 1
0.00392419 3.0138e+48 3.0138e+48 3.0138e+48 3.0138e+48 3.0138e+48 0 0 1.58587e+48 5.93518e+44 4.64348e+42 0 0 1
0.00453158 2.3765e+48 2.3765e+48 2.3765e+48 2.3765e+48 2.3765e+48 0 0 1.83069e+48 5.13965e+44 4.64348e+42 0 0 1
0.00523299 1.87268e+48 1.87268e+48 1.87268e+48 1.87268e+48 1.87268e+48 0 0 2.11319e+48 4.45075e+44 4.64348e+42 0 0 1
0.00604296 1.47457e+48 1.47457e+48 1.47457e+48 1.47457e+48 1.47457e+48 0 0 2.43913e+48 3.85419e+44 4.64348e+42 0 0 1
0.00697831 1.16016e+48 1.16016e+48 1.16016e+48 1.16016e+48 1.16016e+48 0 0 2.81513e+48 3.33759e+44 4.64348e+42 0 0 1
0.00805842 9.12004e+47 9.12004e+47 9.12004e+47 9.12005e+47 9.12005e+47 0 0 3.24882e+48 2.89024e+44 4.64348e+42 0 0 1
0.00930572 7.16271e+47 7.16271e+47 7.16271e+47 7.16271e+47 7.16271e+47 0 0 3.74896e+48 2.50284e+44 4.64348e+42 0 0 1
0.0107461 5.61997e+47 5.61997e+47 5.61997e+47 5.61997e+47 5.61997e+47 0 0 4.32561e+48 2.16737e+44 4.64348e+42 0 0 1
0.0124094 4.40497e+47 4.40497e+47 4.40497e+47 4.40497e+47 4.40497e+47 0 0 4.99031e+48 1.87687e+44 4.64348e+42 0 0 1
0.0143301 3.44889e+47 3.44889e+47 3.44889e+47 3.44889e+47 3.44889e+47 0 0 5.75628e+48 1.6253e+44 4.64348e+42 0 0 1
0.0165482 2.69725e+47 2.69725e+47 2.69725e+47 2.69725e+47 2.69725e+47 0 0 6.63867e+48 1.40745e+44 4.64348e+42 0 0 1
0.0191095 2.10693e+47 2.10693e+47 2.10693e+47 2.10693e+47 2.10693e+47 0 0 7.6548e+48 1.2188e+44 4.64348e+42 0 0 1
0.0220673 1.64377e+47 1.64377e+47 1.64377e+47 1.64377e+47 1.64377e+47 0 0 8.8244e+48 1.05544e+44 4.64348e+42 0 0 1
0.025483 1.28081e+47 1.28081e+47 1.28081e+47 1.28081e+47 1.28081e+47 0 0 1.017e+49 9.13973e+43 4.64348e+42 0 0 1
0.0294273 9.96692e+46 9.96692e+46 9.96692e+46 9.96692e+46 9.96692e+46 0 0 1.17171e+49 7.91468e+43 4.64348e+42 0 0 1
0.0339821 7.74574e+46 7.74574e+46 7.74574e+46 7.74574e+46 7.74574e+46 0 0 1.34948e+49 6.85383e+43 4.64348e+42 0 0 1
0.0392419 6.0115e+46 6.0115e+46 6.0115e+46 6.0115e+46 6.0115e+46 0 0 1.55357e+49 5.93517e+43 4.64348e+42 0 0 1
0.0453158 4.65928e+46 4.65928e+46 4.65928e+46 4.65928e+46 4.65928e+46 0 0 1.78768e+49 5.13965e+43 4.64348e+42 0 0 1
0.0523299 3.60638e+46 3.60638e+46 3.60638e+46 3.60638e+46 3.60638e+46 0 0 2.05591e+49 4.45075e+43 4.64348e+42 0 0 1
0.0604296 2.78769e+46 2.78769e+46 2.78769e+46 2.78769e+46 2.78769e+46 0 0 2.36288e+49 3.85419e+43 4.64348e+42 0 0 1
0.0697831 2.15202e+46 2.15202e+46 2.15202e+46 2.15202e+46 2.15202e+46 0 0 2.71366e+49 3.33759e+43 4.64348e+42 0 0 1
0.0805842 1.65917e+46 1.65917e+46 1.65917e+46 1.65917e+46 1.65917e+46 0 0 3.11382e+49 2.89023e+43 4.64348e+42 0 0 1
0.0930572 1.27759e+46 1.27759e+46 1.27759e+46 1.27759e+46 1.27759e+46 0 0 3.56942e+49 2.50284e+43 4.64348e+42 0 0 1
0.107461 9.82569e+45 9.82569e+45 9.82569e+45 9.82569e+45 9.82569e+45 0 0 4.08693e+49 2.16737e+43 4.64348e+42 0 0 1
0.124094 7.54794e+45 7.54794e+45 7.54794e+45 7.54794e+45 7.54794e+45 0 0 4.67318e+49 1.87686e+43 4.64348e+42 0 0 1
0.143301 5.79171e+45 5.79171e+45 5.79171e+45 5.79171e+45 5.79171e+45 0 0 5.33516e+49 1.6253e+43 4.64348e+42 0 0 1
0.165482 4.43935e+45 4.43935e+45 4.43935e+45 4.43935e+45 4.43935e+45 0 0 6.07983e+49 1.40745e+43 4.64348e+42 0 0 1
0.191095 3.39927e+45 3.39927e+45 3.39927e+45 3.39927e+45 3.39927e+45 0 0 6.91377e+49 1.2188e+43 4.64348e+42 0 0 1
0.220673 2.60031e+45 2.60031e+45 2.60031e+45 2.60031e+45 2.60031e+45 0 0 7.84269e+49 1.05544e+43 4.64348e+42 0 0 1
0.25483 1.98727e+45 1.98727e+45 1.98727e+45 1.98727e+45 1.98727e+45 0 0 8.87079e+49 9.13969e+42 4.64348e+42 0 0 1
0.294273 1.51738e+45 1.51738e+45 1.51738e+45 1.51738e+45 1.51738e+45 0 0 9.99992e+49 7.91464e+42 4.64348e+42 0 0 1
0.339821 1.15759e+45 1.15759e+45 1.15759e+45 1.15759e+45 1.15759e+45 0 0 1.12284e+50 6.85379e+42 4.64348e+42 0 0 1
0.392419 8.82373e+44 8.82373e+44 8.82373e+44 8.82373e+44 8.82373e+44 0 0 1.25495e+50 5.93513e+42 4.64348e+42 0 0 1
0.453158 6.72039e+44 6.72039e+44 6.72039e+44 6.72039e+44 6.72039e+44 0 0 1.395e+50 5.1396e+42 4.64348e+42 0 0 1
0.523299 5.11436e+44 5.11436e+44 5.11436e+44 5.11436e+44 5.11436e+44 0 0 1.54078e+50 4.45071e+42 4.64348e+42 0 0 1
0.604296 3.88912e+44 3.88912e+44 3.88912e+44 3.88912e+44 3.88912e+44 0 0 1.68896e+50 3.85415e+42 4.64348e+42 0 0 1
0.697831 2.95515e+44 2.95515e+44 2.95515e+44 2.95515e+44 2.95515e+44 0 0 1.83489e+50 3.33755e+42 4.64348e+42 0 0 1
0.805842 2.2438e+44 2.2438e+44 2.2438e+44 2.2438e+44 2.2438e+44 0 0 1.97235e+50 2.89019e+42 4.64348e+42 0 0 1
0.930572 1.70243e+44 1.70243e+44 1.70243e+44 1.70243e+44 1.70243e+44 0 0 2.09346e+50 2.50279e+42 4.64348e+42 0 0 1
1.07461 1.29074e+44 1.29074e+44 1.29074e+44 1.29074e+44 1.29074e+44 0 0 2.18869e+50 2.16732e+42 4.64348e+42 0 0 1
1.24094 9.7791e+43 9.7791e+43 9.7791e+43 9.7791e+43 9.7791e+43 0 0 2.24729e+50 1.87682e+42 4.64348e+42 0 0 1
1.43301 7.40378e+43 7.40378e+43 7.40378e+43 7.40378e+43 7.40378e+43 0 0 2.25798e+50 1.62525e+42 4.64348e+42 0 0 1
1.65482 5.60153e+43 5.60153e+43 5.60153e+43 5.60153e+43 5.60153e+43 0 0 2.2104e+50 1.4074e+42 4.64348e+42 0 0 1
1.91095 4.2351e+43 4.2351e+43 4.2351e+43 4.2351e+43 4.2351e+43 0 0 2.0971e+50 1.21876e+42 4.64348e+42 0 0 1
2.20673 3.19983e+43 3.19983e+43 3.19983e+43 3.19983e+43 3.19983e+43 0 0 1.91604e+50 1.05539e+42 4.64348e+42 0 0 1
2.5483 2.41602e+43 2.41602e+43 2.41602e+43 2.41602e+43 2.41602e+43 0 0 1.67312e+50 9.13925e+41 4.64348e+42 0 0 1
2.94273 1.823e+43 1.823e+43 1.823e+43 1.823e+43 1.823e+43 0 0 1.38385e+50 7.9142e+41 4.64348e+42 0 0 1
3.39821 1.37464e+43 1.37464e+43 1.37464e+43 1.37464e+43 1.37464e+43 0 0 1.07279e+50 6.85335e+41 4.64348e+42 0 0 1
3.92419 1.03588e+43 1.03588e+43 1.03588e+43 1.03588e+43 1.03588e+43 0 0 7.70069e+49 5.93469e+41 4.64348e+42 0 0 1
4.53158 7.80105e+42 7.80105e+42 7.80105e+42 7.80105e+42 7.80105e+42 0 0 5.04762e+49 5.13917e+41 4.64348e+42 0 0 1
5.23299 5.87107e+42 5.87107e+42 5.87107e+42 5.87107e+42 5.87107e+42 0 0 2.97393e+49 4.45027e+41 4.64348e+42 0 0 1
6.04296 4.41575e+42 4.41575e+42 4.41575e+42 4.41575e+42 4.41575e+42 0 0 1.54708e+49 3.85371e+41 4.64348e+42 0 0 1
6.97831 3.31907e+42 3.31907e+42 3.31907e+42 3.31907e+42 3.31907e+42 0 0 6.96406e+48 3.33711e+41 4.64348e+42 0 0 1
8.05842 2.49317e+42 2.49317e+42 2.49317e+42 2.49317e+42 2.49317e+42 0 0 2.65103e+48 2.88976e+41 4.64348e+42 0 0 1
9.30572 1.8716e+42 1.8716e+42 1.8716e+42 1.8716e+42 1.8716e+42 0 0 8.31336e+47 2.50236e+41 4.64348e+42 0 0 1
10.7461 1.4041e+42 1.4041e+42 1.4041e+42 1.4041e+42 1.4041e+42 0 0 2.08383e+47 2.16689e+41 4.64348e+42 0 0 1
12.4094 1.05271e+42 1.05271e+42 1.05271e+42 1.05271e+42 1.05271e+42 0 0 4.03271e+46 1.87639e+41 4.64348e+42 0 0 1
14.3301 7.88761e+41 7.88761e+41 7.88761e+41 7.88761e+41 7.88761e+41 0 0 5.78875e+45 1.62482e+41 4.64348e+42 0 0 1
16.5482 5.90621e+41 5.90621e+41 5.90621e+41 5.90621e+41 5.90621e+41 0 0 5.88493e+44 1.40697e+41 4.64348e+42 0 0 1
19.1095 4.41978e+41 4.41978e+41 4.41978e+41 4.41978e+41 4.41978e+41 0 0 4.01676e+43 1.21832e+41 4.64348e+42 0 0 1
22.0673 3.30537e+41 3.30537e+41 3.30537e+41 3.30537e+41 3.30537e+41 0 0 1.73065e+42 1.05496e+41 4.64348e+42 0 0 1
25.483 2.47041e+41 2.47041e+41 2.47041e+41 2.47041e+41 2.47041e+41 0 0 4.38341e+40 9.13492e+40 4.64348e+42 0 0 1
29.4273 1.84523e+41 1.84523e+41 1.84523e+41 1.84523e+41 1.84523e+41 0 0 6.01138e+38 7.90987e+40 4.64348e+42 0 0 1
33.9821 1.37741e+41 1.37741e+41 1.37741e+41 1.37741e+41 1.37741e+41 0 0 4.05934e+36 6.84902e+40 4.64348e+42 0 0 1
39.2419 1.02757e+41 1.02757e+41 1.02757e+41 1.02757e+41 1.02757e+41 0 0 1.20957e+34 5.93036e+40 4.64348e+42 0 0 1
45.3158 7.66126e+40 7.66126e+40 7.66126e+40 7.66126e+40 7.66126e+40 0 0 1.40123e+31 5.13484e+40 4.64348e+42 0 0 1
52.3299 5.7086e+40 5.7086e+40 5.7086e+40 5.7086e+40 5.7086e+40 0 0 5.45227e+27 4.44594e+40 4.64348e+42 0 0 1
60.4296 4.25112e+40 4.25112e+40 4.25112e+40 4.25112e+40 4.25112e+40 0 0 6.01871e+23 3.84938e+40 4.64348e+42 0 0 1
69.7831 3.16392e+40 3.16392e+40 3.16392e+40 3.16392e+40 3.16392e+40 0 0 1.55095e+19 3.33278e+40 4.64348e+42 0 0 1
80.5842 2.35342e+40 2.35342e+40 2.35342e+40 2.35342e+40 2.35342e+40 0 0 7.44843e+13 2.88543e+40 4.64348e+42 0 0 1
93.0572 1.74955e+40 1.74955e+40 1.74955e+40 1.74955e+40 1.74955e+40 0 0 5.14009e+07 2.49803e+40 4.64348e+42 0 0 1
107.461 1.29991e+40 1.29991e+40 1.29991e+40 1.29991e+40 1.29991e+40 0 0 3.77487 2.16256e+40 4.64348e+42 0 0 1
124.094 9.65297e+39 9.65297e+39 9.65297e+39 9.65297e+39 9.65297e+39 0 0 2.08574e-08 1.87206e+40 4.64348e+42 0 0 1
143.301 7.16431e+39 7.16431e+39 7.16431e+39 7.16431e+39 7.16431e+39 0 0 5.80949e-18 1.62049e+40 4.64348e+42 0 0 1
165.482 5.31443e+39 5.31443e+39 5.31443e+39 5.31443e+39 5.31443e+39 0 0 5.13696e-29 1.40265e+40 4.64348e+42 0 0 1
191.095 3.94013e+39 3.94013e+39 3.94013e+39 3.94013e+39 3.94013e+39 0 0 8.45385e-42 1.214e+40 4.64348e+42 0 0 1
220.673 2.91971e+39 2.91971e+39 2.91971e+39 2.91971e+39 2.91971e+39 0 0 1.39758e-56 1.05064e+40 4.64348e+42 0 0 1
254.83 2.16245e+39 2.16245e+39 2.16245e+39 2.16245e+39 2.16245e+39 0 0 1.13871e-73 9.09172e+39 4.64348e+42 0 0 1
294.273 1.60078e+39 1.60078e+39 1.60078e+39 1.60078e+39 1.60078e+39 0 0 2.00927e-93 7.86669e+39 4.64348e+42 0 0 1
339.821 1.18439e+39 1.18439e+39 1.18439e+39 1.18439e+39 1.18439e+39 0 0 2.97063e-116 6.80586e+39 4.64348e+42 0 0 1
392.419 8.75878e+38 8.75878e+38 8.75878e+38 8.75878e+38 8.75878e+38 0 0 1.22916e-142 5.88723e+39 4.64348e+42 0 0 1
453.158 6.47404e+38 6.47404e+38 6.47404e+38 6.47404e+38 6.47404e+38 0 0 4.01211e-173 5.09173e+39 4.64348e+42 0 0 1
523.299 4.78291e+38 4.78291e+38 4.78291e+38 4.78291e+38 4.78291e+38 0 0 2.39369e-208 4.40287e+39 4.64348e+42 0 0 1
604.296 3.53179e+38 3.53179e+38 3.53179e+38 3.53179e+38 3.53179e+38 0 0 4.82311e-249 3.80635e+39 4.64348e+42 0 0 1
697.831 2.60665e+38 2.60665e+38 2.60665e+38 2.60665e+38 2.60665e+38 0 0 0 3.2898e+39 4.64348e+42 0 0 1
805.842 1.92289e+38 1.92289e+38 1.92289e+38 1.92289e+38 1.92289e+38 0 0 0 2.84249e+39 4.64348e+42 0 0 1
930.572 1.41779e+38 1.41779e+38 1.41779e+38 1.41779e+38 1.41779e+38 0 0 0 2.45516e+39 4.64348e+42 0 0 1
1074.61 1.04484e+38 1.04484e+38 1.04484e+38 1.04484e+38 1.04484e+38 0 0 0 2.11976e+39 4.64348e+42 0 0 1
1240.94 7.69613e+37 7.69613e+37 7.69613e+37 7.69613e+37 7.69613e+37 0 0 0 1.82934e+39 4.64348e+42 0 0 1
1433.01 5.66596e+37 5.66596e+37 5.66597e+37 5.66597e+37 5.66597e+37 0 0 0 1.57786e+39 4.64348e+42 0 0 1
1654.82 4.16921e+37 4.16921e+37 4.16921e+37 4.16921e+37 4.16921e+37 0 0 0 1.36012e+39 4.64348e+42 0 0 1
1910.95 3.06627e+37 3.06627e+37 3.06627e+37 3.06627e+37 3.06627e+37 0 0 0 1.1716e+39 4.64348e+42 0 0 1
2206.73 2.25393e+37 2.25393e+37 2.25393e+37 2.25393e+37 2.25393e+37 0 0 0 1.00838e+39 4.64348e+42 0 0 1
2548.3 1.65592e+37 1.65592e+37 1.65592e+37 1.65592e+37 1.65592e+37 0 0 0 8.67076e+38 4.64348e+42 0 0 1
2942.73 1.21592e+37 1.21592e+37 1.21593e+37 1.21593e+37 1.21593e+37 0 0 0 7.4476e+38 4.64348e+42 0 0 1
3398.21 8.92352e+36 8.92352e+36 8.92353e+36 8.92353e+36 8.92353e+36 0 0 0 6.38892e+38 4.64348e+42 0 0 1
3924.19 6.54525e+36 6.54525e+36 6.54525e+36 6.54525e+36 6.54525e+36 0 0 0 5.47275e+38 4.64348e+42 0 0 1
4531.58 4.79813e+36 4.79813e+36 4.79813e+36 4.79813e+36 4.79813e+36 0 0 0 4.68008e+38 4.64348e+42 0 0 1
5232.99 3.51537e+36 3.51537e+36 3.51537e+36 3.51537e+36 3.51537e+36 0 0 0 3.99444e+38 4.64348e+42 0 0 1
6042.96 2.57406e+36 2.57406e+36 2.57406e+36 2.57406e+36 2.57406e+36 0 0 0 3.40161e+38 4.64348e+42 0 0 1
6978.31 1.8837e+36 1.8837e+36 1.8837e+36 1.8837e+36 1.8837e+36 0 0 0 2.88927e+38 4.64348e+42 0 0 1
8058.42 1.37767e+36 1.37767e+36 1.37767e+36 1.37767e+36 1.37767e+36 0 0 0 2.44676e+38 4.64348e+42 0 0 1
9305.72 1.00697e+36 1.00697e+36 1.00697e+36 1.00697e+36 1.00697e+36 0 0 0 2.06488e+38 4.64348e+42 0 0 1
10746.1 7.35561e+35 7.35561e+35 7.35562e+35 7.35562e+35 7.35562e+35 0 0 0 1.73566e+38 4.64348e+42 0 0 1
12409.4 5.3697e+35 5.3697e+35 5.36971e+35 5.36971e+35 5.36971e+35 0 0 0 1.45222e+38 4.64348e+42 0 0 1
14330.1 3.91748e+35 3.91748e+35 3.91749e+35 3.91749e+35 3.91749e+35 0 0 0 1.20862e+38 4.64348e+42 0 0 1
16548.2 2.85619e+35 2.85619e+35 2.8562e+35 2.8562e+35 2.8562e+35 0 0 0 9.99721e+37 4.64348e+42 0 0 1
19109.5 2.08107e+35 2.08107e+35 2.08108e+35 2.08108e+35 2.08108e+35 0 0 0 8.21079e+37 4.64348e+42 0 0 1
22067.3 1.51532e+35 1.51532e+35 1.51533e+35 1.51533e+35 1.51533e+35 0 0 0 6.68856e+37 4.64348e+42 0 0 1
25483 1.10265e+35 1.10265e+35 1.10265e+35 1.10265e+35 1.10265e+35 0 0 0 5.39722e+37 4.64348e+42 0 0 1
29427.3 8.01826e+34 8.01826e+34 8.01829e+34 8.01829e+34 8.01829e+34 0 0 0 4.30786e+37 4.64348e+42 0 0 1
33982.1 5.82685e+34 5.82685e+34 5.82687e+34 5.82687e+34 5.82687e+34 0 0 0 3.39526e+37 4.64348e+42 0 0 1
39241.9 4.23152e+34 4.23152e+34 4.23154e+34 4.23154e+34 4.23154e+34 0 0 0 2.63727e+37 4.64348e+42 0 0 1
45315.8 3.07092e+34 3.07092e+34 3.07093e+34 3.07093e+34 3.07093e+34 0 0 0 2.01432e+37 4.64348e+42 0 0 1
52329.9 2.22715e+34 2.22715e+34 2.22716e+34 2.22716e+34 2.22716e+34 0 0 0 1.50891e+37 4.64348e+42 0 0 1
60429.6 1.61413e+34 1.61413e+34 1.61414e+34 1.61414e+34 1.61414e+34 0 0 0 1.10523e+37 4.64348e+42 0 0 1
69783.1 1.16907e+34 1.16907e+34 1.16908e+34 1.16908e+34 1.16908e+34 0 0 0 7.88832e+36 4.64348e+42 0 0 1
80584.2 8.46158e+33 8.46158e+33 8.46163e+33 8.46163e+33 8.46163e+33 0 0 0 5.46414e+36 4.64348e+42 0 0 1
93057.2 6.12034e+33 6.12034e+33 6.12038e+33 6.12038e+33 6.12038e+33 0 0 0 3.65638e+36 4.64348e+42 0 0 1
107461 4.424e+33 4.424e+33 4.42403e+33 4.42403e+33 4.42403e+33 0 0 0 2.35098e+36 4.64348e+42 0 0 1
124094 3.19576e+33 3.19576e+33 3.19578e+33 3.19578e+33 3.19578e+33 0 0 0 1.44356e+36 4.64348e+42 0 0 1
143301 2.30706e+33 2.30706e+33 2.30708e+33 2.30708e+33 2.30708e+33 0 0 0 8.40443e+35 4.64348e+42 0 0 1
165482 1.66448e+33 1.66448e+33 1.66449e+33 1.66449e+33 1.66449e+33 0 0 0 4.60143e+35 4.64348e+42 0 0 1
191095 1.20016e+33 1.20016e+33 1.20017e+33 1.20017e+33 1.20017e+33 0 0 0 2.34671e+35 4.64348e+42 0 0 1
220673 8.6488e+32 8.6488e+32 8.64887e+32 8.64887e+32 8.64887e+32 0 0 0 1.10264e+35 4.64348e+42 0 0 1
254830 6.22931e+32 6.22931e+32 6.22937e+32 6.22937e+32 6.22937e+32 0 0 0 4.71317e+34 4.64348e+42 0 0 1
294273 4.48446e+32 4.48446e+32 4.4845e+32 4.4845e+32 4.4845e+32 0 0 0 1.80606e+34 4.64348e+42 0 0 1
339821 3.22692e+32 3.22692e+32 3.22695e+32 3.22695e+32 3.22695e+32 0 0 0 6.10022e+33 4.64348e+42 0 0 1
392419 2.32113e+32 2.32113e+32 2.32115e+32 2.32115e+32 2.32115e+32 0 0 0 1.78103e+33 4.64348e+42 0 0 1
453158 1.66908e+32 1.66908e+32 1.6691e+32 1.6691e+32 1.6691e+32 0 0 0 4.39452e+32 4.64348e+42 0 0 1
523299 1.19994e+32 1.19994e+32 1.19995e+32 1.19995e+32 1.19995e+32 1.70927e+25 4.24205e+29 0 8.92804e+31 4.64348e+42 0 0 1
604296 8.62562e+31 8.62562e+31 8.6257e+31 8.6257e+31 8.6257e+31 2.6332e+25 4.26037e+29 0 1.44924e+31 4.64348e+42 0 0 1
697831 6.20039e+31 6.20039e+31 6.20045e+31 6.20045e+31 6.20045e+31 3.55714e+25 4.27868e+29 0 1.81545e+30 4.64348e+42 0 0 1
805842 4.45763e+31 4.45763e+31 4.45767e+31 4.45767e+31 4.45767e+31 4.48107e+25 4.29699e+29 0 1.68601e+29 4.64348e+42 0 0 1
930572 3.2056e+31 3.2056e+31 3.20563e+31 3.20563e+31 3.20563e+31 5.40501e+25 4.31531e+29 0 1.1083e+28 4.64348e+42 0 0 1
1.07461e+06 2.30627e+31 2.30627e+31 2.30629e+31 2.30629e+31 2.30629e+31 6.8445e+25 4.33638e+29 0 4.88816e+26 4.64348e+42 0 0 1
1.24094e+06 1.66032e+31 1.66032e+31 1.66033e+31 1.66033e+31 1.66033e+31 9.18315e+25 4.34214e+29 0 1.35987e+25 4.64348e+42 0 0 1
1.43301e+06 1.19633e+31 1.19633e+31 1.19634e+31 1.19634e+31 1.19634e+31 1.22626e+26 4.34949e+29 0 2.22197e+23 4.64348e+42 0 0 1
1.65482e+06 8.62959e+30 8.62959e+30 8.62966e+30 8.62966e+30 8.62966e+30 1.63324e+26 4.35898e+29 0 1.96378e+21 4.64348e+42 0 0 1
1.91095e+06 6.23347e+30 6.23347e+30 6.23352e+30 6.23352e+30 6.23352e+30 2.21476e+26 4.37215e+29 0 8.53602e+18 4.64348e+42 0 0 1
2.20673e+06 4.51018e+30 4.51018e+30 4.51021e+30 4.51021e+30 4.51021e+30 2.96066e+26 4.38924e+29 0 1.63501e+16 4.64348e+42 0 0 1
2.5483e+06 3.26977e+30 3.26977e+30 3.2698e+30 3.2698e+30 3.2698e+30 3.94035e+26 4.41167e+29 0 1.21564e+13 4.64348e+42 0 0 1
2.94273e+06 2.376e+30 2.376e+30 2.37602e+30 2.37602e+30 2.37602e+30 5.24004e+26 4.44113e+29 0 3.03036e+09 4.64348e+42 0 0 1
3.39821e+06 1.73118e+30 1.73118e+30 1.73119e+30 1.73119e+30 1.73119e+30 7.1127e+26 4.48222e+29 0 213860 4.64348e+42 0 0 1
3.92419e+06 1.26523e+30 1.26523e+30 1.26524e+30 1.26524e+30 1.26524e+30 9.55653e+26 4.53555e+29 0 3.51464 4.64348e+42 0 0 1
4.53158e+06 9.27966e+29 9.27966e+29 9.27971e+29 9.27971e+29 9.27971e+29 1.28507e+27 4.60432e+29 0 1.07347e-05 4.64348e+42 0 0 1
5.23299e+06 6.83364e+29 6.83364e+29 6.83368e+29 6.83368e+29 6.83368e+29 1.7245e+27 4.69128e+29 0 4.69612e-12 4.64348e+42 0 0 1
6.04296e+06 5.05654e+29 5.05654e+29 5.05657e+29 5.05657e+29 5.05657e+29 2.34582e+27 4.80659e+29 0 2.17818e-19 4.64348e+42 0 0 1
6.97831e+06 3.76284e+29 3.76284e+29 3.76285e+29 3.76285e+29 3.76285e+29 3.1491e+27 4.94253e+29 0 7.56845e-28 4.64348e+42 0 0 1
8.05842e+06 2.81992e+29 2.81992e+29 2.81993e+29 2.81993e+29 2.81993e+29 4.19636e+27 5.10314e+29 0 1.3191e-37 4.64348e+42 0 0 1
9.30572e+06 2.13284e+29 2.13284e+29 2.13285e+29 2.13285e+29 2.13285e+29 5.57175e+27 5.2851e+29 0 7.25688e-49 4.64348e+42 0 0 1
1.07461e+07 1.63409e+29 1.63409e+29 1.6341e+29 1.6341e+29 1.6341e+29 7.41808e+27 5.5031e+29 0 7.38112e-62 4.64348e+42 0 0 1
1.24094e+07 1.27331e+29 1.27331e+29 1.27331e+29 1.27331e+29 1.27331e+29 9.67016e+27 5.7173e+29 0 7.48417e-77 4.64348e+42 0 0 1
1.43301e+07 1.01507e+29 1.01507e+29 1.01507e+29 1.01507e+29 1.01507e+29 1.23781e+28 5.92655e+29 0 3.70716e-94 4.64348e+42 0 0 1
1.65482e+07 8.33545e+28 8.33545e+28 8.33548e+28 8.33548e+28 8.33548e+28 1.55593e+28 6.12082e+29 0 3.93635e-114 4.64348e+42 0 0 1
1.91095e+07 7.11189e+28 7.11189e+28 7.11191e+28 7.11191e+28 7.11191e+28 1.93489e+28 6.28829e+29 0 3.4611e-137 4.64348e+42 0 0 1
2.20673e+07 6.30562e+28 6.30562e+28 6.30564e+28 6.30564e+28 6.30564e+28 2.33791e+28 6.43276e+29 0 8.40181e-164 4.64348e+42 0 0 1
2.5483e+07 5.82325e+28 5.82325e+28 5.82327e+28 5.82327e+28 5.82327e+28 2.77221e+28 6.53412e+29 0 1.58383e-194 4.64348e+42 0 0 1
2.94273e+07 5.55718e+28 5.55718e+28 5.55719e+28 5.55719e+28 5.55719e+28 3.20401e+28 6.5354e+29 0 5.35909e-230 4.64348e+42 0 0 1
3.39821e+07 5.44342e+28 5.44342e+28 5.44343e+28 5.44343e+28 5.44343e+28 3.62372e+28 6.41867e+29 0 5.99703e-271 4.64348e+42 0 0 1
3.92419e+07 5.39171e+28 5.39171e+28 5.39173e+28 5.39173e+28 5.39173e+28 3.9814e+28 6.18077e+29 0 0 4.64348e+42 0 0 1
4.53158e+07 5.38679e+28 5.38679e+28 5.3868e+28 5.3868e+28 5.3868e+28 4.29172e+28 5.86359e+29 0 0 4.64348e+42 0 0 1
5.23299e+07 5.38766e+28 5.38766e+28 5.38767e+28 5.38767e+28 5.38767e+28 4.53612e+28 5.49786e+29 0 0 4.64348e+42 0 0 1
6.04296e+07 5.33928e+28 5.33928e+28 5.33929e+28 5.33929e+28 5.33929e+28 4.67639e+28 5.04756e+29 0 0 4.64348e+42 0 0 1
6.97831e+07 5.21812e+28 5.21812e+28 5.21813e+28 5.21813e+28 5.21813e+28 4.70172e+28 4.52275e+29 0 0 4.64348e+42 0 0 1
8.05842e+07 5.02455e+28 5.02455e+28 5.02456e+28 5.02456e+28 5.02456e+28 4.62214e+28 3.93216e+29 0 0 4.64348e+42 0 0 1
9.30572e+07 4.75407e+28 4.75407e+28 4.75408e+28 4.75408e+28 4.75408e+28 4.44049e+28 3.29644e+29 0 0 4.64348e+42 0 0 1
1.07461e+08 4.4014e+28 4.4014e+28 4.40141e+28 4.40141e+28 4.40141e+28 4.15713e+28 2.65162e+29 0 0 4.64348e+42 2.12354 0 1
1.24094e+08 4.01749e+28 4.01749e+28 4.01749e+28 4.01749e+28 4.01749e+28 3.82734e+28 2.09886e+29 0 0 4.64348e+42 1.86556 0 1
1.43301e+08 3.59691e+28 3.59691e+28 3.59692e+28 3.59692e+28 3.59692e+28 3.44905e+28 1.6319e+29 0 0 4.64348e+42 1.63893 0 1
1.65482e+08 3.14977e+28 3.14977e+28 3.14978e+28 3.14978e+28 3.14978e+28 3.03494e+28 1.24864e+29 0 0 4.64348e+42 1.43982 0 1
1.91095e+08 2.66882e+28 2.66882e+28 2.66883e+28 2.66883e+28 2.66883e+28 2.57978e+28 9.30943e+28 0 0 4.64348e+42 1.26491 0 1
2.20673e+08 2.23025e+28 2.23025e+28 2.23026e+28 2.23026e+28 2.23026e+28 2.16133e+28 6.97709e+28 0 0 4.64348e+42 1.11124 0 1
2.5483e+08 1.82727e+28 1.82727e+28 1.82728e+28 1.82728e+28 1.82728e+28 1.77403e+28 5.17022e+28 0 0 4.64348e+42 0.976247 0 1
2.94273e+08 1.46736e+28 1.46736e+28 1.46736e+28 1.46736e+28 1.46736e+28 1.42631e+28 3.78899e+28 0 0 4.64348e+42 0.857649 0 1
3.39821e+08 1.14325e+28 1.14325e+28 1.14325e+28 1.14325e+28 1.14325e+28 1.11165e+28 2.7275e+28 0 0 4.64348e+42 0.786701 0 1
3.92419e+08 8.87636e+27 8.87636e+27 8.87637e+27 8.87637e+27 8.87637e+27 8.63371e+27 1.99545e+28 0 0 4.64348e+42 0.753459 0 1
4.53158e+08 6.78972e+27 6.78972e+27 6.78974e+27 6.78974e+27 6.78974e+27 6.60376e+27 1.45317e+28 0 0 4.64348e+42 0.721622 0 1
5.23299e+08 5.10658e+27 5.10658e+27 5.10659e+27 5.10659e+27 5.10659e+27 4.96437e+27 1.05386e+28 0 0 4.64348e+42 0.69113 0 1
6.04296e+08 3.79084e+27 3.79084e+27 3.79085e+27 3.79085e+27 3.79085e+27 3.68236e+27 7.56215e+27 0 0 4.64348e+42 0.661926 0 1
6.97831e+08 2.84943e+27 2.84943e+27 2.84943e+27 2.84943e+27 2.84943e+27 2.76689e+27 5.53834e+27 0 0 4.64348e+42 0.633957 0 1
8.05842e+08 2.12917e+27 2.12917e+27 2.12917e+27 2.12917e+27 2.12917e+27 2.06655e+27 4.04938e+27 0 0 4.64348e+42 0.607169 0 1
9.30572e+08 1.57971e+27 1.57971e+27 1.57971e+27 1.57971e+27 1.57971e+27 1.53234e+27 2.95364e+27 0 0 4.64348e+42 0.581513 0 1
1.07461e+09 1.15679e+27 1.15679e+27 1.1568e+27 1.1568e+27 1.1568e+27 1.12108e+27 2.12391e+27 0 0 4.64348e+42 0.583609 0 1
1.24094e+09 8.65736e+26 8.65736e+26 8.65738e+26 8.65738e+26 8.65738e+26 8.3888e+26 1.56264e+27 0 0 4.64348e+42 0.613758 0 1
1.43301e+09 6.4879e+26 6.4879e+26 6.48792e+26 6.48792e+26 6.48792e+26 6.28656e+26 1.14662e+27 0 0 4.64348e+42 0.645464 0 1
1.65482e+09 4.84633e+26 4.84633e+26 4.84634e+26 4.84634e+26 4.84634e+26 4.69581e+26 8.38816e+26 0 0 4.64348e+42 0.678808 0 1
1.91095e+09 3.57626e+26 3.57626e+26 3.57626e+26 3.57626e+26 3.57626e+26 3.46406e+26 6.03584e+26 0 0 4.64348e+42 0.713875 0 1
2.20673e+09 2.69335e+26 2.69335e+26 2.69336e+26 2.69336e+26 2.69336e+26 2.60996e+26 4.45046e+26 0 0 4.64348e+42 0.750753 0 1
2.5483e+09 2.0224e+26 2.0224e+26 2.02241e+26 2.02241e+26 2.02241e+26 1.96062e+26 3.27235e+26 0 0 4.64348e+42 0.789536 0 1
2.94273e+09 1.51147e+26 1.51147e+26 1.51147e+26 1.51147e+26 1.51147e+26 1.46583e+26 2.39843e+26 0 0 4.64348e+42 0.830323 0 1
3.39821e+09 1.10993e+26 1.10993e+26 1.10993e+26 1.10993e+26 1.10993e+26 1.07632e+26 1.72906e+26 0 0 4.64348e+42 0.873217 0 1
3.92419e+09 8.33159e+25 8.33159e+25 8.33162e+25 8.33162e+25 8.33162e+25 8.08493e+25 1.27578e+26 0 0 4.64348e+42 0.918326 0 1
4.53158e+09 6.23359e+25 6.23359e+25 6.2336e+25 6.2336e+25 6.2336e+25 6.05313e+25 9.37964e+25 0 0 4.64348e+42 0.965766 0 1
5.23299e+09 4.64772e+25 4.64772e+25 4.64774e+25 4.64774e+25 4.64774e+25 4.51614e+25 6.86786e+25 0 0 4.64348e+42 1.01566 0 1
6.04296e+09 3.39775e+25 3.39775e+25 3.39776e+25 3.39776e+25 3.39776e+25 3.30213e+25 4.95021e+25 0 0 4.64348e+42 1.06812 0 1
6.97831e+09 2.54491e+25 2.54491e+25 2.54492e+25 2.54492e+25 2.54492e+25 2.47567e+25 3.64837e+25 0 0 4.64348e+42 1.1233 0 1
8.05842e+09 1.89987e+25 1.89987e+25 1.89987e+25 1.89987e+25 1.89987e+25 1.84991e+25 2.68148e+25 0 0 4.64348e+42 1.18133 0 1
9.30572e+09 1.40948e+25 1.40948e+25 1.40949e+25 1.40949e+25 1.40949e+25 1.37358e+25 1.96529e+25 0 0 4.64348e+42 1.24236 0 1
1.07461e+10 1.02773e+25 1.02773e+25 1.02774e+25 1.02774e+25 1.02774e+25 1.00203e+25 1.42089e+25 0 0 4.64348e+42 1.39395 0 1
1.24094e+10 7.63677e+24 7.63677e+24 7.63679e+24 7.63679e+24 7.63679e+24 7.45345e+24 1.05062e+25 0 0 4.64348e+42 1.66868 0 1
1.43301e+10 5.64052e+24 5.64052e+24 5.64054e+24 5.64054e+24 5.64054e+24 5.51032e+24 7.74875e+24 0 0 4.64348e+42 1.99755 0 1
1.65482e+10 4.15314e+24 4.15314e+24 4.15315e+24 4.15315e+24 4.15315e+24 4.06105e+24 5.69732e+24 0 0 4.64348e+42 2.39123 0 1
1.91095e+10 3.00156e+24 3.00156e+24 3.00157e+24 3.00157e+24 3.00157e+24 2.9367e+24 4.11903e+24 0 0 4.64348e+42 2.86251 0 1
2.20673e+10 2.21813e+24 2.21813e+24 2.21814e+24 2.21814e+24 2.21814e+24 2.17265e+24 3.04724e+24 0 0 4.64348e+42 3.42667 34.7254 1
2.5483e+10 1.63368e+24 1.63368e+24 1.63369e+24 1.63369e+24 1.63369e+24 1.60193e+24 2.24676e+24 0 0 4.64348e+42 4.10201 22.9578 1
2.94273e+10 1.19967e+24 1.19967e+24 1.19967e+24 1.19967e+24 1.19967e+24 1.17761e+24 1.65071e+24 0 0 4.64348e+42 4.91046 15.5417 1
3.39821e+10 8.64624e+23 8.64624e+23 8.64627e+23 8.64627e+23 8.64627e+23 8.49374e+23 1.1906e+24 0 0 4.64348e+42 5.87824 10.7604 1
3.92419e+10 6.3974e+23 6.3974e+23 6.39743e+23 6.39743e+23 6.39743e+23 6.29264e+23 8.80669e+23 0 0 4.64348e+42 7.03675 7.61059 1
4.53158e+10 4.72281e+23 4.72281e+23 4.72282e+23 4.72282e+23 4.72282e+23 4.65146e+23 6.49755e+23 0 0 4.64348e+42 8.42359 5.49245 1
5.23299e+10 3.48045e+23 3.48045e+23 3.48047e+23 3.48047e+23 3.48047e+23 3.43248e+23 4.77995e+23 0 0 4.64348e+42 10.0837 4.04008 1
6.04296e+10 2.52233e+23 2.52233e+23 2.52234e+23 2.52234e+23 2.52234e+23 2.49066e+23 3.45127e+23 0 0 4.64348e+42 12.0711 3.02568 1
6.97831e+10 1.87503e+23 1.87503e+23 1.87504e+23 1.87504e+23 1.87504e+23 1.85473e+23 2.55813e+23 0 0 4.64348e+42 14.4501 2.3047 1
8.05842e+10 1.38979e+23 1.38979e+23 1.3898e+23 1.3898e+23 1.3898e+23 1.37732e+23 1.89141e+23 0 0 4.64348e+42 17.298 1.78376 1
9.30572e+10 1.02703e+23 1.02703e+23 1.02703e+23 1.02703e+23 1.02703e+23 1.01988e+23 1.39421e+23 0 0 4.64348e+42 20.7072 1.40144 1
1.07461e+11 7.44433e+22 7.44433e+22 7.44436e+22 7.44436e+22 7.44436e+22 7.40763e+22 1.00756e+23 0 0 4.64348e+42 24.7883 1.11671 1
1.24094e+11 5.52583e+22 5.52583e+22 5.52586e+22 5.52586e+22 5.52586e+22 5.51193e+22 7.47347e+22 0 0 4.64348e+42 29.6737 0.901709 1
1.43301e+11 4.08667e+22 4.08667e+22 4.08668e+22 4.08668e+22 4.08668e+22 4.08657e+22 5.5266e+22 0 0 4.64348e+42 35.522 0.737233 1
1.65482e+11 3.01006e+22 3.01006e+22 3.01008e+22 3.01008e+22 3.01008e+22 3.01755e+22 4.07231e+22 0 0 4.64348e+42 42.5228 0.609868 1
1.91095e+11 2.17354e+22 2.17354e+22 2.17355e+22 2.17355e+22 2.17355e+22 2.18411e+22 2.939e+22 0 0 4.64348e+42 50.9034 0.510106 1
2.20673e+11 1.60889e+22 1.60889e+22 1.60889e+22 1.60889e+22 1.60889e+22 1.62061e+22 2.17728e+22 0 0 4.64348e+42 60.9357 0.431129 1
2.5483e+11 1.18704e+22 1.18704e+22 1.18705e+22 1.18705e+22 1.18705e+22 1.19832e+22 1.60767e+22 0 0 4.64348e+42 72.9453 0.367983 1
2.94273e+11 8.729e+21 8.729e+21 8.72904e+21 8.72904e+21 8.72904e+21 8.82906e+21 1.18257e+22 0 0 4.64348e+42 87.3217 0.317029 1
3.39821e+11 6.29572e+21 6.29573e+21 6.29576e+21 6.29576e+21 6.29576e+21 6.37805e+21 8.5143e+21 0 0 4.64348e+42 0 0.275565 1
3.92419e+11 4.65845e+21 4.65845e+21 4.65847e+21 4.65847e+21 4.65847e+21 4.72583e+21 6.29438e+21 0 0 4.64348e+42 0 0.241562 1
4.53158e+11 3.43609e+21 3.43609e+21 3.43611e+21 3.43611e+21 3.43611e+21 3.48941e+21 4.6367e+21 0 0 4.64348e+42 0 0.213483 1
5.23299e+11 2.52588e+21 2.52588e+21 2.5259e+21 2.5259e+21 2.5259e+21 2.56692e+21 3.4016e+21 0 0 4.64348e+42 0 0.190154 1
6.04296e+11 1.81977e+21 1.81977e+21 1.81978e+21 1.81978e+21 1.81978e+21 1.85006e+21 2.44061e+21 0 0 4.64348e+42 0 0.170669 1
6.97831e+11 1.34543e+21 1.34543e+21 1.34544e+21 1.34544e+21 1.34544e+21 1.36806e+21 1.79861e+21 0 0 4.64348e+42 0 0.154323 1
8.05842e+11 9.91281e+20 9.91282e+20 9.91287e+20 9.91287e+20 9.91287e+20 1.00789e+21 1.32032e+21 0 0 4.64348e+42 0 0.140565 1
9.30572e+11 7.2761e+20 7.27611e+20 7.27615e+20 7.27615e+20 7.27615e+20 7.39597e+20 9.64867e+20 0 0 4.64348e+42 0 0.12896 1
1.07461e+12 5.22881e+20 5.22881e+20 5.22884e+20 5.22884e+20 5.22884e+20 5.31255e+20 6.88826e+20 0 0 4.64348e+42 0 0.119166 1
1.24094e+12 3.85712e+20 3.85712e+20 3.85714e+20 3.85714e+20 3.85714e+20 3.91668e+20 5.05347e+20 0 0 4.64348e+42 0 0.110908 1
1.43301e+12 2.83409e+20 2.8341e+20 2.83411e+20 2.83411e+20 2.83411e+20 2.87594e+20 3.69124e+20 0 0 4.64348e+42 0 0.103969 1
1.65482e+12 2.07354e+20 2.07354e+20 2.07356e+20 2.07356e+20 2.07356e+20 2.10261e+20 2.68269e+20 0 0 4.64348e+42 0 0.098177 1
1.91095e+12 1.48345e+20 1.48345e+20 1.48346e+20 1.48346e+20 1.48346e+20 1.50305e+20 1.90176e+20 0 0 4.64348e+42 0 0.0933933 1
2.20673e+12 1.08981e+20 1.08981e+20 1.08981e+20 1.08981e+20 1.08981e+20 1.10331e+20 1.3864e+20 0 0 4.64348e+42 0 0.0895108 1
2.5483e+12 7.97047e+19 7.97047e+19 7.97052e+19 7.97052e+19 7.97052e+19 8.0626e+19 1.00568e+20 0 0 4.64348e+42 0 0.0864461 1
2.94273e+12 5.80134e+19 5.80135e+19 5.80138e+19 5.80138e+19 5.80138e+19 5.86362e+19 7.25349e+19 0 0 4.64348e+42 0 0.0841374 1
3.39821e+12 4.1221e+19 4.1221e+19 4.12213e+19 4.12213e+19 4.12213e+19 4.16301e+19 5.09184e+19 0 0 4.64348e+42 0 0.082541 1
3.92419e+12 3.00965e+19 3.00965e+19 3.00967e+19 3.00967e+19 3.00967e+19 3.03717e+19 3.67987e+19 0 0 4.64348e+42 0 0.08163 1
4.53158e+12 2.18622e+19 2.18622e+19 2.18623e+19 2.18623e+19 2.18623e+19 2.20458e+19 2.64408e+19 0 0 4.64348e+42 0 0.0813928 1
5.23299e+12 1.57936e+19 1.57937e+19 1.57937e+19 1.57937e+19 1.57937e+19 1.59151e+19 1.88729e+19 0 0 4.64348e+42 0 0.0818329 1
6.04296e+12 1.11139e+19 1.11139e+19 1.1114e+19 1.1114e+19 1.1114e+19 1.11919e+19 1.30713e+19 0 0 4.64348e+42 0 0.0829683 1
6.97831e+12 8.04466e+18 8.04466e+18 8.04471e+18 8.04471e+18 8.04471e+18 8.0961e+18 9.3357e+18 0 0 4.64348e+42 0 0.0848322 1
8.05842e+12 5.78869e+18 5.78869e+18 5.78873e+18 5.78873e+18 5.78873e+18 5.82233e+18 6.6222e+18 0 0 4.64348e+42 0 0.0874729 1
9.30572e+12 4.1388e+18 4.13881e+18 4.13883e+18 4.13883e+18 4.13883e+18 4.16062e+18 4.66075e+18 0 0 4.64348e+42 0 0.0909553 1
1.07461e+13 2.87376e+18 2.87376e+18 2.87378e+18 2.87378e+18 2.87378e+18 2.88747e+18 3.1692e+18 0 0 4.64348e+42 0 0.0953611 1
1.24094e+13 2.05576e+18 2.05576e+18 2.05577e+18 2.05577e+18 2.05577e+18 2.06462e+18 2.22782e+18 0 0 4.64348e+42 0 0.10079 1
1.43301e+13 1.46037e+18 1.46037e+18 1.46038e+18 1.46038e+18 1.46038e+18 1.46606e+18 1.55324e+18 0 0 4.64348e+42 0 0.10736 1
1.65482e+13 1.02956e+18 1.02956e+18 1.02957e+18 1.02957e+18 1.02957e+18 1.03317e+18 1.07273e+18 0 0 4.64348e+42 0 0.115206 1
1.91095e+13 7.0193e+17 7.01931e+17 7.01936e+17 7.01936e+17 7.01936e+17 7.04144e+17 7.11423e+17 0 0 4.64348e+42 0 0.12448 1
2.20673e+13 4.94187e+17 4.94188e+17 4.94191e+17 4.94191e+17 4.94191e+17 4.95588e+17 4.89584e+17 0 0 4.64348e+42 0 0.135345 1
2.5483e+13 3.45015e+17 3.45016e+17 3.45018e+17 3.45018e+17 3.45018e+17 3.45893e+17 3.33549e+17 0 0 4.64348e+42 0 0.147968 1
2.94273e+13 2.38672e+17 2.38673e+17 2.38674e+17 2.38674e+17 2.38674e+17 2.39217e+17 2.24632e+17 0 0 4.64348e+42 0 0.162507 1
3.39821e+13 1.58694e+17 1.58695e+17 1.58696e+17 1.58696e+17 1.58696e+17 1.59019e+17 1.43979e+17 0 0 4.64348e+42 0 0.179093 1
3.92419e+13 1.09351e+17 1.09352e+17 1.09353e+17 1.09353e+17 1.09353e+17 1.09552e+17 9.63129e+16 0 0 4.64348e+42 0 0.197804 1
4.53158e+13 7.45746e+16 7.45754e+16 7.45759e+16 7.45759e+16 7.45759e+16 7.46973e+16 6.36285e+16 0 0 4.64348e+42 0 0.218621 1
5.23299e+13 5.02858e+16 5.02865e+16 5.02869e+16 5.02869e+16 5.02869e+16 5.03599e+16 4.1436e+16 0 0 4.64348e+42 0 0.241387 1
6.04296e+13 3.23011e+16 3.23017e+16 3.23019e+16 3.23019e+16 3.23019e+16 3.23438e+16 2.53463e+16 0 0 4.64348e+42 0 0.265741 1
6.97831e+13 2.16195e+16 2.162e+16 2.16201e+16 2.16201e+16 2.16201e+16 2.16451e+16 1.63253e+16 0 0 4.64348e+42 0 0.291055 1
8.05842e+13 1.42832e+16 1.42836e+16 1.42837e+16 1.42837e+16 1.42837e+16 1.42984e+16 1.03518e+16 0 0 4.64348e+42 0 0.316368 1
9.30572e+13 9.30308e+15 9.30337e+15 9.30344e+15 9.30344e+15 9.30344e+15 9.31197e+15 6.4462e+15 0 0 4.64348e+42 0 0.340344 1
1.07461e+14 5.69508e+15 5.69531e+15 5.69535e+15 5.69535e+15 5.69535e+15 5.7e+15 3.69623e+15 0 0 4.64348e+42 0 0 1
1.24094e+14 3.66366e+15 3.66387e+15 3.66389e+15 3.66389e+15 3.66389e+15 3.66655e+15 2.26333e+15 0 0 4.64348e+42 0 0 1
1.43301e+14 2.31777e+15 2.318e+15 2.31802e+15 2.31802e+15 2.31802e+15 2.31951e+15 1.35879e+15 0 0 4.64348e+42 0 0 1
1.65482e+14 1.43968e+15 1.43997e+15 1.43998e+15 1.43998e+15 1.43998e+15 1.44081e+15 7.97159e+14 0 0 4.64348e+42 0 0 1
1.91095e+14 8.23056e+14 8.2341e+14 8.23415e+14 8.23415e+14 8.23415e+14 8.23835e+14 4.17514e+14 0 0 4.64348e+42 0 0 1
2.20673e+14 5.01161e+14 5.01583e+14 5.01587e+14 5.01587e+14 5.01587e+14 5.01814e+14 2.38934e+14 0 0 4.64348e+42 0 0 1
2.5483e+14 2.98456e+14 2.98912e+14 2.98915e+14 2.98915e+14 2.98915e+14 2.99035e+14 1.33356e+14 0 0 4.64348e+42 0 0 1
2.94273e+14 1.73515e+14 1.7396e+14 1.73961e+14 1.73961e+14 1.73961e+14 1.74023e+14 7.22731e+13 0 0 4.64348e+42 0 0 1
3.39821e+14 8.97398e+13 9.00991e+13 9.00998e+13 9.00998e+13 9.00998e+13 9.01283e+13 3.32771e+13 0 0 4.64348e+42 0 0 1
3.92419e+14 5.05625e+13 5.08581e+13 5.08585e+13 5.08585e+13 5.08585e+13 5.08728e+13 1.73926e+13 0 0 4.64348e+42 0 0 1
4.53158e+14 2.76487e+13 2.78715e+13 2.78717e+13 2.78717e+13 2.78717e+13 2.78787e+13 8.80826e+12 0 0 4.64348e+42 0 0 1
5.23299e+14 1.46515e+13 1.48063e+13 1.48064e+13 1.48064e+13 1.48064e+13 1.48097e+13 4.29716e+12 0 0 4.64348e+42 0 0 1
6.04296e+14 6.53014e+12 6.61663e+12 6.61668e+12 6.61668e+12 6.61668e+12 6.61798e+12 1.6411e+12 0 0 4.64348e+42 0 0 1
6.97831e+14 3.2985e+12 3.3512e+12 3.35123e+12 3.35123e+12 3.35123e+12 3.35181e+12 7.58845e+11 0 0 4.64348e+42 0 0 1
8.05842e+14 1.59888e+12 1.62867e+12 1.62869e+12 1.62869e+12 1.62869e+12 1.62894e+12 3.37402e+11 0 0 4.64348e+42 0 0 1
9.30572e+14 7.43789e+11 7.59481e+11 7.59487e+11 7.59487e+11 7.59487e+11 7.59592e+11 1.43163e+11 0 0 4.64348e+42 0 0 1
1.07461e+15 2.64668e+11 2.70827e+11 2.70829e+11 2.70829e+11 2.70829e+11 2.70862e+11 4.12873e+10 0 0 4.64348e+42 0 0 1
1.24094e+15 1.14279e+11 1.17146e+11 1.17147e+11 1.17147e+11 1.17147e+11 1.1716e+11 1.61095e+10 0 0 4.64348e+42 0 0 1
1.43301e+15 4.64159e+10 4.76458e+10 4.76462e+10 4.76462e+10 4.76462e+10 4.76508e+10 5.99532e+09 0 0 4.64348e+42 0 0 1
1.65482e+15 1.77851e+10 1.82741e+10 1.82742e+10 1.82742e+10 1.82742e+10 1.82758e+10 2.11522e+09 0 0 4.64348e+42 0 0 1
1.91095e+15 4.47297e+09 4.59853e+09 4.59857e+09 4.59857e+09 4.59857e+09 4.59892e+09 3.90456e+08 0 0 4.64348e+42 0 0 1
2.20673e+15 1.5277e+09 1.57088e+09 1.57089e+09 1.57089e+09 1.57089e+09 1.571e+09 1.18544e+08 0 0 4.64348e+42 0 0 1
2.5483e+15 4.71902e+08 4.85162e+08 4.85166e+08 4.85166e+08 4.85166e+08 4.85196e+08 3.39427e+07 0 0 4.64348e+42 0 0 1
2.94273e+15 1.31242e+08 1.34867e+08 1.34868e+08 1.34868e+08 1.34868e+08 1.34876e+08 9.31302e+06 0 0 4.64348e+42 0 0 1
3.39821e+15 1.93909e+07 1.99122e+07 1.99124e+07 1.99124e+07 1.99124e+07 1.99134e+07 849009 0 0 4.64348e+42 0 0 1
3.92419e+15 4.58559e+06 4.70454e+06 4.70458e+06 4.70458e+06 4.70458e+06 4.7048e+06 173167 0 0 4.64348e+42 0 0 1
4.53158e+15 915448 938176 938184 938184 938184 938224 31905.5 0 0 4.64348e+42 0 0 1
5.23299e+15 145739 149178 149179 149179 149179 149185 5755.72 0 0 4.64348e+42 0 0 1
6.04296e+15 9222.42 9427.89 9427.97 9427.97 9427.97 9428.3 197.406 0 0 4.64348e+42 0 0 1
6.97831e+15 1174.1 1198.66 1198.67 1198.67 1198.67 1198.71 20.937 0 0 4.64348e+42 0 0 1
8.05842e+15 112.461 114.658 114.659 114.659 114.659 114.663 1.75297 0 0 4.64348e+42 0 0 1
9.30572e+15 7.28743 7.41982 7.41989 7.41989 7.41989 7.4201 0.136523 0 0 4.64348e+42 0 0 1
1.07461e+16 0.107483 0.109291 0.109292 0.109292 0.109292 0.109295 0.00121661 0 0 4.64348e+42 0 0 1
1.24094e+16 0.00474497 0.0048186 0.00481864 0.00481864 0.00481864 0.00481877 4.34728e-05 0 0 4.64348e+42 0 0 1
1.43301e+16 0.000122343 0.000124088 0.000124089 0.000124089 0.000124089 0.000124092 9.51178e-07 0 0 4.64348e+42 0 0 1
1.65482e+16 1.73396e-06 1.75663e-06 1.75665e-06 1.75665e-06 1.75665e-06 1.75669e-06 1.36104e-08 0 0 4.64348e+42 0 0 1
1.91095e+16 2.52868e-09 2.5589e-09 2.55892e-09 2.55892e-09 2.55892e-09 2.55898e-09 1.66396e-11 0 0 4.64348e+42 0 0 1
2.20673e+16 1.44965e-11 1.46544e-11 1.46546e-11 1.46546e-11 1.46546e-11 1.46549e-11 8.79267e-14 0 0 4.64348e+42 0 0 1
2.5483e+16 2.8119e-14 2.83977e-14 2.83979e-14 2.83979e-14 2.83979e-14 2.83986e-14 1.65532e-16 0 0 4.64348e+42 0 0 1
2.94273e+16 1.84342e-17 1.86e-17 1.86001e-17 1.86001e-17 1.86001e-17 1.86006e-17 1.07756e-19 0 0 4.64348e+42 0 0 1
3.39821e+16 6.52758e-22 6.58077e-22 6.58083e-22 6.58083e-22 6.58083e-22 6.58099e-22 3.78535e-24 0 0 4.64348e+42 0 0 1
3.92419e+16 5.62412e-26 5.66556e-26 5.66562e-26 5.66562e-26 5.66562e-26 5.66576e-26 3.25349e-28 0 0 4.64348e+42 0 0 1
4.53158e+16 8.03085e-31 8.08427e-31 8.08435e-31 8.08435e-31 8.08435e-31 8.08456e-31 4.64145e-33 0 0 4.64348e+42 0 0 1
5.23299e+16 1.78134e-36 1.79202e-36 1.79204e-36 1.79204e-36 1.79204e-36 1.79209e-36 1.02875e-38 0 0 4.64348e+42 0 0 1
6.04296e+16 8.77754e-44 8.82492e-44 8.825e-44 8.825e-44 8.825e-44 8.82525e-44 5.06608e-46 0 0 4.64348e+42 0 0 1
6.97831e+16 3.80286e-51 3.82131e-51 3.82135e-51 3.82135e-51 3.82135e-51 3.82146e-51 2.19381e-53 0 0 4.64348e+42 0 0 1
8.05842e+16 8.41747e-60 8.45414e-60 8.45422e-60 8.45422e-60 8.45422e-60 8.45447e-60 4.85326e-62 0 0 4.64348e+42 0 0 1
9.30572e+16 0 0 0 0 0 0 0 0 0 4.64348e+42 0 0 1