
1.07461e-07 0 0 4.70731e+50 5.45e+51 2.16188e+57 0 0 2.81033e+44 0 4.64348e+42 0 0 1
1.24094e-07 0 0 7.43336e+50 6.19791e+51 1.9178e+57 0 0 3.24532e+44 0 4.64348e+42 0 0 1
1.43301e-07 0 0 1.12428e+51 7.05469e+51 1.69993e+57 0 0 3.74764e+44 0 4.64348e+42 0 0 1
1.65482e-07 0 0 1.6388e+51 8.03939e+51 1.50576e+57 0 0 4.32771e+44 0 4.64348e+42 0 0 1
1.91095e-07 0 0 2.31466e+51 9.17501e+51 1.33303e+57 0 0 4.99756e+44 0 4.64348e+42 0 0 1
2.20673e-07 0 0 3.18262e+51 1.0489e+52 1.17962e+57 0 0 5.77109e+44 0 4.64348e+42 0 0 1
2.5483e-07 0 0 4.27719e+51 1.20139e+52 1.04355e+57 0 0 6.66435e+44 0 4.64348e+42 0 0 1
2.94273e-07 0 0 5.63756e+51 1.37879e+52 9.22977e+56 0 0 7.69587e+44 0 4.64348e+42 0 0 1
3.39821e-07 0 0 7.30882e+51 1.5856e+52 8.16177e+56 0 0 8.88706e+44 0 4.64348e+42 0 0 1
3.92419e-07 0 0 9.34339e+51 1.82713e+52 7.21594e+56 0 0 1.02626e+45 0 4.64348e+42 0 0 1
4.53158e-07 0 0 1.18031e+52 2.10971e+52 6.37818e+56 0 0 1.18511e+45 0 4.64348e+42 0 0 1
5.23299e-07 0 0 1.47621e+52 2.44099e+52 5.63597e+56 0 0 1.36854e+45 0 4.64348e+42 0 0 1
6.04296e-07 0 0 1.83096e+52 2.83022e+52 4.97829e+56 0 0 1.58037e+45 0 4.64348e+42 0 0 1
6.97831e-07 0 0 2.25541e+52 3.28863e+52 4.39544e+56 0 0 1.82498e+45 0 4.64348e+42 0 0 1
8.05842e-07 0 0 2.76268e+52 3.82972e+52 3.87894e+56 0 0 2.10745e+45 0 4.64348e+42 0 0 1
9.30572e-07 0 0 3.36857e+52 4.46962e+52 3.42131e+56 0 0 2.43365e+45 0 4.64348e+42 0 0 1
1.07461e-06 0 0 4.09202e+52 5.22757e+52 3.01593e+56 0 0 2.81033e+45 0 4.64348e+42 0 0 1
1.24094e-06 0 0 4.95572e+52 6.1265e+52 2.65692e+56 0 0 3.24532e+45 0 4.64348e+42 0 0 1
1.43301e-06 0 0 5.98693e+52 7.19391e+52 2.33907e+56 0 0 3.74764e+45 0 4.64348e+42 0 0 1
1.65482e-06 0 0 7.21846e+52 8.4628e+52 2.05775e+56 0 0 4.3277e+45 0 4.64348e+42 0 0 1
1.91095e-06 0 0 8.68966e+52 9.97275e+52 1.80885e+56 0 0 4.99755e+45 0 4.64348e+42 0 0 1
2.20673e-06 0 0 1.04477e+53 1.17711e+53 1.58874e+56 0 0 5.77108e+45 0 4.64348e+42 0 0 1
2.5483e-06 0 0 1.2549e+53 1.39143e+53 1.39418e+56 0 0 6.66434e+45 0 4.64348e+42 0 0 1
2.94273e-06 0 0 1.5061e+53 1.647e+53 1.22229e+56 0 0 7.69586e+45 0 4.64348e+42 0 0 1
3.39821e-06 0 0 1.80642e+53 1.95188e+53 1.07052e+56 0 0 8.88704e+45 0 4.64348e+42 0 0 1
3.92419e-06 0 0 2.1655e+53 2.31571e+53 9.36613e+55 0 0 1.02626e+46 0 4.64348e+42 0 0 1
4.53158e-06 0 0 2.59481e+53 2.74997e+53 8.1854e+55 0 0 1.1851e+46 0 4.64348e+42 0 0 1
5.23299e-06 0 0 3.10806e+53 3.26837e+53 7.14512e+55 0 0 1.36854e+46 0 4.64348e+42 0 0 1
6.04296e-06 0 0 3.7216e+53 3.88726e+53 6.22935e+55 0 0 1.58036e+46 0 4.64348e+42 0 0 1
6.97831e-06 0 0 4.4549e+53 4.62612e+53 5.42391e+55 0 0 1.82497e+46 0 4.64348e+42 0 0 1
8.05842e-06 0 0 5.3312e+53 5.50818e+53 4.71618e+55 0 0 2.10744e+46 0 4.64348e+42 0 0 1
9.30572e-06 0 0 6.37816e+53 6.56112e+53 4.09495e+55 0 0 2.43364e+46 0 4.64348e+42 0 0 1
1.07461e-05 0 0 7.62877e+53 7.81791e+53 3.55025e+55 0 0 2.81032e+46 0 4.64348e+42 0 0 1
1.24094e-05 0 0 9.12232e+53 9.31785e+53 3.07321e+55 0 0 3.2453e+46 0 4.64348e+42 0 0 1
1.43301e-05 1.79328e-210 1.79328e-210 1.09056e+54 1.11078e+54 2.65595e+55 0 0 3.74761e+46 3.86305e-215 4.64348e+42 0 0 1
1.65482e-05 1.35318e-141 1.35318e-141 1.30345e+54 1.32435e+54 2.29145e+55 0 0 4.32767e+46 2.11199e-146 4.64348e+42 0 0 1
1.91095e-05 1.15997e-90 1.15997e-90 1.55754e+54 1.57914e+54 1.97348e+55 0 0 4.9975e+46 1.31203e-95 4.64348e+42 0 0 1
2.20673e-05 5.4098e-53 5.4098e-53 1.86055e+54 1.88287e+54 1.69652e+55 0 0 5.77102e+46 4.43582e-58 4.64348e+42 0 0 1
2.5483e-05 3.95028e-25 3.95028e-25 2.21919e+54 2.24223e+54 1.45565e+55 0 0 6.66425e+46 2.35162e-30 4.64348e+42 0 0 1
2.94273e-05 0.000162079 0.000162079 2.629e+54 2.65262e+54 1.24651e+55 0 0 7.69574e+46 7.05294e-10 4.64348e+42 0 0 1
3.39821e-05 2.86766e+11 2.86766e+11 3.0564e+54 3.08016e+54 1.06524e+55 0 0 8.88688e+46 929503 4.64348e+42 0 0 1
3.92419e-05 5.37975e+22 5.37975e+22 3.4351e+54 3.45822e+54 9.08392e+54 0 0 1.02624e+47 1.34356e+17 4.64348e+42 0 0 1
4.53158e-05 1.14183e+31 1.14183e+31 3.69261e+54 3.71411e+54 7.72945e+54 0 0 1.18508e+47 2.29722e+25 4.64348e+42 0 0 1
5.23299e-05 1.58553e+37 1.58553e+37 3.78514e+54 3.80423e+54 6.56206e+54 0 0 1.3685e+47 2.69479e+31 4.64348e+42 0 0 1
6.04296e-05 5.29875e+41 5.29875e+41 3.71162e+54 3.72782e+54 5.558e+54 0 0 1.58031e+47 7.95323e+35 4.64348e+42 0 0 1
6.97831e-05 1.12062e+45 1.12062e+45 3.50352e+54 3.51676e+54 4.69627e+54 0 0 1.82491e+47 1.54308e+39 4.64348e+42 0 0 1
8.05842e-05 3.07196e+47 3.07196e+47 3.20594e+54 3.21643e+54 3.95835e+54 0 0 2.10735e+47 4.00307e+41 4.64348e+42 0 0 1
9.30572e-05 1.8568e+49 1.8568e+49 2.86235e+54 2.87046e+54 3.32792e+54 0 0 2.43352e+47 2.3468e+43 4.64348e+42 0 0 1
0.000107461 3.66711e+50 3.66711e+50 2.50699e+54 2.51314e+54 2.79062e+54 0 0 2.81016e+47 4.58251e+44 4.64348e+42 0 0 1
0.000124094 3.16573e+51 3.16573e+51 2.16321e+54 2.16781e+54 2.33383e+54 0 0 3.24509e+47 3.97016e+45 4.64348e+42 0 0 1
0.000143301 1.48143e+52 1.48143e+52 1.84491e+54 1.8483e+54 1.94649e+54 0 0 3.74733e+47 1.88642e+46 4.64348e+42 0 0 1
0.000165482 4.4059e+52 4.4059e+52 1.55895e+54 1.56143e+54 1.61893e+54 0 0 4.32729e+47 5.74958e+46 4.64348e+42 0 0 1
0.000191095 9.36705e+52 9.36705e+52 1.3075e+54 1.3093e+54 1.34266e+54 0 0 4.997e+47 1.26211e+47 4.64348e+42 0 0 1
0.000220673 1.5528e+53 1.5528e+53 1.08982e+54 1.09112e+54 1.11032e+54 0 0 5.77035e+47 2.17367e+47 4.64348e+42 0 0 1
0.00025483 2.14017e+53 2.14017e+53 9.03586e+53 9.0452e+53 9.15483e+53 0 0 6.66337e+47 3.12905e+47 4.64348e+42 0 0 1
0.000294273 2.57153e+53 2.57153e+53 7.45699e+53 7.46366e+53 7.5258e+53 0 0 7.69456e+47 3.94513e+47 4.64348e+42 0 0 1
0.000339821 2.78969e+53 2.78969e+53 6.12817e+53 6.13292e+53 6.16789e+53 0 0 8.8853e+47 4.50981e+47 4.64348e+42 0 0 1
0.000392419 2.80397e+53 2.80397e+53 5.01655e+53 5.01991e+53 5.03945e+53 0 0 1.02603e+48 4.79514e+47 4.64348e+42 0 0 1
0.000453158 2.66156e+53 2.66156e+53 4.09145e+53 4.09382e+53 4.10467e+53 0 0 1.1848e+48 4.83274e+47 4.64348e+42 0 0 1
0.000523299 2.41976e+53 2.41976e+53 3.32511e+53 3.32679e+53 3.33276e+53 0 0 1.36813e+48 4.68166e+47 4.64348e+42 0 0 1
0.000604296 2.12913e+53 2.12913e+53 2.69298e+53 2.69416e+53 2.69743e+53 0 0 1.57981e+48 4.40456e+47 4.64348e+42 0 0 1
0.000697831 1.82711e+53 1.82711e+53 2.17362e+53 2.17444e+53 2.17621e+53 0 0 1.82424e+48 4.05522e+47 4.64348e+42 0 0 1
0.000805842 1.53788e+53 1.53788e+53 1.74852e+53 1.74909e+53 1.75004e+53 0 0 2.10647e+48 3.67439e+47 4.64348e+42 0 0 1
0.000930572 1.27495e+53 1.27495e+53 1.40185e+53 1.40225e+53 1.40276e+53 0 0 2.43234e+48 3.29023e+47 4.64348e+42 0 0 1
0.00107461 1.0443e+53 1.0443e+53 1.12017e+53 1.12044e+53 1.12072e+53 0 0 2.80858e+48 2.92061e+47 4.64348e+42 0 0 1
0.00124094 8.47038e+52 8.47038e+52 8.92109e+52 8.92298e+52 8.92442e+52 0 0 3.24299e+48 2.57584e+47 4.64348e+42 0 0 1
0.00143301 6.81495e+52 6.81495e+52 7.08117e+52 7.08247e+52 7.08323e+52 0 0 3.74453e+48 2.26095e+47 4.64348e+42 0 0 1
0.00165482 5.44558e+52 5.44558e+52 5.60204e+52 5.60293e+52 5.60332e+52 0 0 4.32355e+48 1.97757e+47 4.64348e+42 0 0 1
0.00191095 4.32563e+52 4.32563e+52 4.41715e+52 4.41776e+52 4.41796e+52 0 0 4.99202e+48 1.72521e+47 4.64348e+42 0 0 1
0.00220673 3.41802e+52 3.41802e+52 3.47133e+52 3.47175e+52 3.47185e+52 0 0 5.7637e+48 1.50215e+47 4.64348e+42 0 0 1
0.0025483 2.6881e+52 2.6881e+52 2.71902e+52 2.71931e+52 2.71936e+52 0 0 6.6545e+48 1.30607e+47 4.64348e+42 0 0 1
0.00294273 2.10488e+52 2.10488e+52 2.12276e+52 2.12295e+52 2.12297e+52 0 0 7.68274e+48 1.13439e+47 4.64348e+42 0 0 1
0.00339821 1.64154e+52 1.64154e+52 1.65184e+52 1.65196e+52 1.65198e+52 0 0 8.86954e+48 9.84508e+46 4.64348e+42 0 0 1
0.00392419 1.27533e+52 1.27533e+52 1.28123e+52 1.28132e+52 1.28133e+52 0 0 1.02393e+49 8.5394e+46 4.64348e+42 0 0 1
0.00453158 9.87231e+51 9.87231e+51 9.90607e+51 9.90665e+51 9.90672e+51 0 0 1.18199e+49 7.40373e+46 4.64348e+42 0 0 1
0.00523299 7.61582e+51 7.61582e+51 7.63506e+51 7.63545e+51 7.63548e+51 0 0 1.36439e+49 6.41708e+46 4.64348e+42 0 0 1
0.00604296 5.85569e+51 5.85569e+51 5.86662e+51 5.86688e+51 5.8669e+51 0 0 1.57483e+49 5.56062e+46 4.64348e+42 0 0 1
0.00697831 4.48811e+51 4.48811e+51 4.49431e+51 4.49448e+51 4.49448e+51 0 0 1.8176e+49 4.81764e+46 4.64348e+42 0 0 1
0.00805842 3.42952e+51 3.42952e+51 3.43302e+51 3.43313e+51 3.43313e+51 0 0 2.09761e+49 4.17341e+46 4.64348e+42 0 0 1
0.00930572 2.61305e+51 2.61305e+51 2.61502e+51 2.61509e+51 2.61509e+51 0 0 2.42053e+49 3.61498e+46 4.64348e+42 0 0 1
0.0107461 1.98549e+51 1.98549e+51 1.9866e+51 1.98665e+51 1.98665e+51 0 0 2.79285e+49 3.13106e+46 4.64348e+42 0 0 1
0.0124094 1.50474e+51 1.50474e+51 1.50536e+51 1.50539e+51 1.50539e+51 0 0 3.22201e+49 2.71178e+46 4.64348e+42 0 0 1
0.0143301 1.13761e+51 1.13761e+51 1.13795e+51 1.13797e+51 1.13797e+51 0 0 3.71657e+49 2.34856e+46 4.64348e+42 0 0 1
0.0165482 8.58088e+50 8.58088e+50 8.5828e+50 8.58294e+50 8.58294e+50 0 0 4.28629e+49 2.03393e+46 4.64348e+42 0 0 1
0.0191095 6.45877e+50 6.45877e+50 6.45985e+50 6.45994e+50 6.45994e+50 0 0 4.94235e+49 1.76141e+46 4.64348e+42 0 0 1
0.0220673 4.85198e+50 4.85198e+50 4.85257e+50 4.85263e+50 4.85263e+50 0 0 5.69751e+49 1.52539e+46 4.64348e+42 0 0 1
0.025483 3.63838e+50 3.63838e+50 3.63872e+50 3.63875e+50 3.63875e+50 0 0 6.5663e+49 1.32097e+46 4.64348e+42 0 0 1
0.0294273 2.72389e+50 2.72389e+50 2.72407e+50 2.72409e+50 2.72409e+50 0 0 7.56522e+49 1.14394e+46 4.64348e+42 0 0 1
0.0339821 2.03624e+50 2.03624e+50 2.03634e+50 2.03635e+50 2.03635e+50 0 0 8.71298e+49 9.90631e+45 4.64348e+42 0 0 1
0.0392419 1.52017e+50 1.52017e+50 1.52022e+50 1.52023e+50 1.52023e+50 0 0 1.00307e+50 8.57862e+45 4.64348e+42 0 0 1
0.0453158 1.13355e+50 1.13355e+50 1.13358e+50 1.13359e+50 1.13359e+50 0 0 1.15422e+50 7.42885e+45 4.64348e+42 0 0 1
0.0523299 8.44385e+49 8.44385e+49 8.44402e+49 8.44406e+49 8.44406e+49 0 0 1.32741e+50 6.43317e+45 4.64348e+42 0 0 1
0.0604296 6.28414e+49 6.28414e+49 6.28424e+49 6.28426e+49 6.28427e+49 0 0 1.5256e+50 5.57092e+45 4.64348e+42 0 0 1
0.0697831 4.6732e+49 4.6732e+49 4.67325e+49 4.67327e+49 4.67327e+49 0 0 1.75208e+50 4.82424e+45 4.64348e+42 0 0 1
0.0805842 3.47296e+49 3.47296e+49 3.47299e+49 3.473e+49 3.473e+49 0 0 2.01045e+50 4.17763e+45 4.64348e+42 0 0 1
0.0930572 2.57961e+49 2.57961e+49 2.57962e+49 2.57963e+49 2.57963e+49 0 0 2.30461e+50 3.61769e+45 4.64348e+42 0 0 1
0.107461 1.91525e+49 1.91525e+49 1.91526e+49 1.91526e+49 1.91526e+49 0 0 2.63875e+50 3.13279e+45 4.64348e+42 0 0 1
0.124094 1.42155e+49 1.42155e+49 1.42155e+49 1.42156e+49 1.42156e+49 0 0 3.01726e+50 2.71289e+45 4.64348e+42 0 0 1
0.143301 1.05489e+49 1.05489e+49 1.05489e+49 1.05489e+49 1.05489e+49 0 0 3.44467e+50 2.34927e+45 4.64348e+42 0 0 1
0.165482 7.82713e+48 7.82713e+48 7.82714e+48 7.82716e+48 7.82716e+48 0 0 3.92547e+50 2.03438e+45 4.64348e+42 0 0 1
0.191095 5.80747e+48 5.80747e+48 5.80747e+48 5.80748e+48 5.80748e+48 0 0 4.4639e+50 1.7617e+45 4.64348e+42 0 0 1
0.220673 4.30918e+48 4.30918e+48 4.30919e+48 4.30919e+48 4.30919e+48 0 0 5.06366e+50 1.52557e+45 4.64348e+42 0 0 1
0.25483 3.19786e+48 3.19786e+48 3.19787e+48 3.19787e+48 3.19787e+48 0 0 5.72747e+50 1.32109e+45 4.64348e+42 0 0 1
0.294273 2.37362e+48 2.37362e+48 2.37362e+48 2.37362e+48 2.37362e+48 0 0 6.45649e+50 1.14402e+45 4.64348e+42 0 0 1
0.339821 1.76227e+48 1.76227e+48 1.76227e+48 1.76227e+48 1.76227e+48 0 0 7.24964e+50 9.90678e+44 4.64348e+42 0 0 1
0.392419 1.30879e+48 1.30879e+48 1.30879e+48 1.30879e+48 1.30879e+48 0 0 8.10265e+50 8.57892e+44 4.64348e+42 0 0 1
0.453158 9.72354e+47 9.72354e+47 9.72354e+47 9.72354e+47 9.72354e+47 0 0 9.00689e+50 7.42903e+44 4.64348e+42 0 0 1
0.523299 7.22694e+47 7.22694e+47 7.22694e+47 7.22695e+47 7.22695e+47 0 0 9.9481e+50 6.43328e+44 4.64348e+42 0 0 1
0.604296 5.37378e+47 5.37378e+47 5.37378e+47 5.37378e+47 5.37378e+47 0 0 1.09049e+51 5.57098e+44 4.64348e+42 0 0 1
0.697831 3.99776e+47 3.99776e+47 3.99776e+47 3.99776e+47 3.99776e+47 0 0 1.18471e+51 4.82427e+44 4.64348e+42 0 0 1
0.805842 2.97565e+47 2.97565e+47 2.97565e+47 2.97566e+47 2.97566e+47 0 0 1.27346e+51 4.17764e+44 4.64348e+42 0 0 1
0.930572 2.21612e+47 2.21612e+47 2.21612e+47 2.21612e+47 2.21612e+47 0 0 1.35165e+51 3.61769e+44 4.64348e+42 0 0 1
1.07461 1.65144e+47 1.65144e+47 1.65144e+47 1.65145e+47 1.65145e+47 0 0 1.41314e+51 3.13279e+44 4.64348e+42 0 0 1
1.24094 1.23143e+47 1.23143e+47 1.23143e+47 1.23143e+47 1.23143e+47 0 0 1.45097e+51 2.71288e+44 4.64348e+42 0 0 1
1.43301 9.18862e+46 9.18862e+46 9.18862e+46 9.18862e+46 9.18862e+46 0 0 1.45787e+51 2.34925e+44 4.64348e+42 0 0 1
1.65482 6.86116e+46 6.86116e+46 6.86116e+46 6.86116e+46 6.86116e+46 0 0 1.42715e+51 2.03437e+44 4.64348e+42 0 0 1
1.91095 5.12708e+46 5.12708e+46 5.12708e+46 5.12708e+46 5.12708e+46 0 0 1.354e+51 1.76169e+44 4.64348e+42 0 0 1
2.20673 3.8343e+46 3.8343e+46 3.8343e+46 3.8343e+46 3.8343e+46 0 0 1.2371e+51 1.52555e+44 4.64348e+42 0 0 1
2.5483 2.86988e+46 2.86988e+46 2.86988e+46 2.86988e+46 2.86988e+46 0 0 1.08026e+51 1.32107e+44 4.64348e+42 0 0 1
2.94273 2.1499e+46 2.1499e+46 2.1499e+46 2.1499e+46 2.1499e+46 0 0 8.93486e+50 1.144e+44 4.64348e+42 0 0 1
3.39821 1.61203e+46 1.61203e+46 1.61203e+46 1.61203e+46 1.61203e+46 0 0 6.92654e+50 9.9066e+43 4.64348e+42 0 0 1
3.92419 1.20988e+46 1.20988e+46 1.20988e+46 1.20988e+46 1.20988e+46 0 0 4.97199e+50 8.57874e+43 4.64348e+42 0 0 1
4.53158 9.08963e+45 9.08963e+45 9.08963e+45 9.08963e+45 9.08963e+45 0 0 3.25902e+50 7.42885e+43 4.64348e+42 0 0 1
5.23299 6.83602e+45 6.83602e+45 6.83602e+45 6.83602e+45 6.83602e+45 0 0 1.92013e+50 6.43309e+43 4.64348e+42 0 0 1
6.04296 5.14674e+45 5.14674e+45 5.14674e+45 5.14674e+45 5.14674e+45 0 0 9.98878e+49 5.5708e+43 4.64348e+42 0 0 1
6.97831 3.87928e+45 3.87928e+45 3.87928e+45 3.87928e+45 3.87928e+45 0 0 4.49638e+49 4.82409e+43 4.64348e+42 0 0 1
8.05842 2.92738e+45 2.92738e+45 2.92738e+45 2.92738e+45 2.92738e+45 0 0 1.71165e+49 4.17746e+43 4.64348e+42 0 0 1
9.30572 2.21172e+45 2.21172e+45 2.21172e+45 2.21172e+45 2.21172e+45 0 0 5.36756e+48 3.61751e+43 4.64348e+42 0 0 1
10.7461 1.6731e+45 1.6731e+45 1.67311e+45 1.67311e+45 1.67311e+45 0 0 1.34543e+48 3.1326e+43 4.64348e+42 0 0 1
12.4094 1.26727e+45 1.26727e+45 1.26728e+45 1.26728e+45 1.26728e+45 0 0 2.60374e+47 2.7127e+43 4.64348e+42 0 0 1
14.3301 9.61139e+44 9.61139e+44 9.6114e+44 9.6114e+44 9.6114e+44 0 0 3.73753e+46 2.34907e+43 4.64348e+42 0 0 1
16.5482 7.2993e+44 7.2993e+44 7.2993e+44 7.2993e+44 7.2993e+44 0 0 3.79963e+45 2.03418e+43 4.64348e+42 0 0 1
19.1095 5.55091e+44 5.55091e+44 5.55091e+44 5.55091e+44 5.55091e+44 0 0 2.59344e+44 1.7615e+43 4.64348e+42 0 0 1
22.0673 4.2271e+44 4.2271e+44 4.2271e+44 4.2271e+44 4.2271e+44 0 0 1.1174e+43 1.52537e+43 4.64348e+42 0 0 1
25.483 3.22344e+44 3.22344e+44 3.22344e+44 3.22344e+44 3.22344e+44 0 0 2.83017e+41 1.32089e+43 4.64348e+42 0 0 1
29.4273 2.46147e+44 2.46147e+44 2.46148e+44 2.46148e+44 2.46148e+44 0 0 3.88128e+39 1.14382e+43 4.64348e+42 0 0 1
33.9821 1.8822e+44 1.8822e+44 1.8822e+44 1.8822e+44 1.8822e+44 0 0 2.62093e+37 9.90478e+42 4.64348e+42 0 0 1
39.2419 1.44119e+44 1.44119e+44 1.44119e+44 1.44119e+44 1.44119e+44 0 0 7.80965e+34 8.57691e+42 4.64348e+42 0 0 1
45.3158 1.10496e+44 1.10496e+44 1.10497e+44 1.10497e+44 1.10497e+44 0 0 9.04707e+31 7.42703e+42 4.64348e+42 0 0 1
52.3299 8.48257e+43 8.48257e+43 8.48259e+43 8.48259e+43 8.48259e+43 0 0 3.52028e+28 6.43127e+42 4.64348e+42 0 0 1
60.4296 6.51982e+43 6.51982e+43 6.51983e+43 6.51983e+43 6.51983e+43 0 0 3.88601e+24 5.56898e+42 4.64348e+42 0 0 1
69.7831 5.01696e+43 5.01696e+43 5.01697e+43 5.01697e+43 5.01697e+43 0 0 1.00138e+20 4.82226e+42 4.64348e+42 0 0 1
80.5842 3.86462e+43 3.86462e+43 3.86463e+43 3.86463e+43 3.86463e+43 0 0 4.80911e+14 4.17564e+42 4.64348e+42 0 0 1
93.0572 2.97982e+43 2.97982e+43 2.97983e+43 2.97983e+43 2.97983e+43 0 0 3.31872e+08 3.61568e+42 4.64348e+42 0 0 1
107.461 2.29954e+43 2.29954e+43 2.29955e+43 2.29955e+43 2.29955e+43 0 0 24.3726 3.13078e+42 4.64348e+42 0 0 1
124.094 1.77584e+43 1.77584e+43 1.77585e+43 1.77585e+43 1.77585e+43 0 0 1.34667e-07 2.71087e+42 4.64348e+42 0 0 1
143.301 1.3722e+43 1.3722e+43 1.37221e+43 1.37221e+43 1.37221e+43 0 0 3.75092e-17 2.34724e+42 4.64348e+42 0 0 1
165.482 1.06075e+43 1.06075e+43 1.06076e+43 1.06076e+43 1.06076e+43 0 0 3.3167e-28 2.03236e+42 4.64348e+42 0 0 1
191.095 8.20202e+42 8.20202e+42 8.20207e+42 8.20207e+42 8.20207e+42 0 0 5.45827e-41 1.75968e+42 4.64348e+42 0 0 1
220.673 6.34253e+42 6.34253e+42 6.34257e+42 6.34257e+42 6.34257e+42 0 0 9.02353e-56 1.52355e+42 4.64348e+42 0 0 1
254.83 4.9041e+42 4.9041e+42 4.90414e+42 4.90414e+42 4.90414e+42 0 0 7.35212e-73 1.31907e+42 4.64348e+42 0 0 1
294.273 3.79079e+42 3.79079e+42 3.79083e+42 3.79083e+42 3.79083e+42 0 0 1.29729e-92 1.14199e+42 4.64348e+42 0 0 1
339.821 2.92882e+42 2.92882e+42 2.92886e+42 2.92886e+42 2.92886e+42 0 0 1.918e-115 9.88653e+41 4.64348e+42 0 0 1
392.419 2.26135e+42 2.26135e+42 2.26138e+42 2.26138e+42 2.26138e+42 0 0 7.93614e-142 8.55867e+41 4.64348e+42 0 0 1
453.158 1.74452e+42 1.74452e+42 1.74455e+42 1.74455e+42 1.74455e+42 0 0 2.59043e-172 7.40879e+41 4.64348e+42 0 0 1
523.299 1.34445e+42 1.34445e+42 1.34448e+42 1.34448e+42 1.34448e+42 0 0 1.5455e-207 6.41303e+41 4.64348e+42 0 0 1
604.296 1.03493e+42 1.03493e+42 1.03495e+42 1.03495e+42 1.03495e+42 0 0 3.11406e-248 5.55074e+41 4.64348e+42 0 0 1
697.831 7.9563e+41 7.9563e+41 7.95648e+41 7.95648e+41 7.95648e+41 0 0 0 4.80404e+41 4.64348e+42 0 0 1
805.842 6.10808e+41 6.10808e+41 6.10825e+41 6.10825e+41 6.10825e+41 0 0 0 4.15742e+41 4.64348e+42 0 0 1
930.572 4.68229e+41 4.68229e+41 4.68244e+41 4.68244e+41 4.68244e+41 0 0 0 3.59747e+41 4.64348e+42 0 0 1
1074.61 3.58388e+41 3.58388e+41 3.58401e+41 3.58401e+41 3.58401e+41 0 0 0 3.11257e+41 4.64348e+42 0 0 1
1240.94 2.73896e+41 2.73896e+41 2.73908e+41 2.73908e+41 2.73908e+41 0 0 0 2.69268e+41 4.64348e+42 0 0 1
1433.01 2.09011e+41 2.09011e+41 2.09022e+41 2.09022e+41 2.09022e+41 0 0 0 2.32906e+41 4.64348e+42 0 0 1
1654.82 1.5927e+41 1.5927e+41 1.59278e+41 1.59278e+41 1.59278e+41 0 0 0 2.01419e+41 4.64348e+42 0 0 1
1910.95 1.21204e+41 1.21204e+41 1.21212e+41 1.21212e+41 1.21212e+41 0 0 0 1.74153e+41 4.64348e+42 0 0 1
2206.73 9.2124e+40 9.2124e+40 9.21309e+40 9.21309e+40 9.21309e+40 0 0 0 1.50541e+41 4.64348e+42 0 0 1
2548.3 6.99465e+40 6.99465e+40 6.99525e+40 6.99525e+40 6.99525e+40 0 0 0 1.30095e+41 4.64348e+42 0 0 1
2942.73 5.30594e+40 5.30594e+40 5.30647e+40 5.30647e+40 5.30647e+40 0 0 0 1.1239e+41 4.64348e+42 0 0 1
3398.21 4.02192e+40 4.02192e+40 4.02238e+40 4.02238e+40 4.02238e+40 0 0 0 9.70589e+40 4.64348e+42 0 0 1
3924.19 3.04681e+40 3.04681e+40 3.04722e+40 3.04722e+40 3.04722e+40 0 0 0 8.37834e+40 4.64348e+42 0 0 1
4531.58 2.30709e+40 2.30709e+40 2.30745e+40 2.30745e+40 2.30745e+40 0 0 0 7.22882e+40 4.64348e+42 0 0 1
5232.99 1.74645e+40 1.74645e+40 1.74675e+40 1.74675e+40 1.74675e+40 0 0 0 6.23358e+40 4.64348e+42 0 0 1
6042.96 1.32177e+40 1.32177e+40 1.32203e+40 1.32203e+40 1.32203e+40 0 0 0 5.37178e+40 4.64348e+42 0 0 1
6978.31 1.00026e+40 1.00026e+40 1.00049e+40 1.00049e+40 1.00049e+40 0 0 0 4.62564e+40 4.64348e+42 0 0 1
8058.42 7.5694e+39 7.5694e+39 7.57135e+39 7.57135e+39 7.57135e+39 0 0 0 3.97967e+40 4.64348e+42 0 0 1
9305.72 5.72821e+39 5.72821e+39 5.72989e+39 5.72989e+39 5.72989e+39 0 0 0 3.42047e+40 4.64348e+42 0 0 1
10746.1 4.33512e+39 4.33512e+39 4.33657e+39 4.33657e+39 4.33657e+39 0 0 0 2.93644e+40 4.64348e+42 0 0 1
12409.4 3.28105e+39 3.28105e+39 3.2823e+39 3.2823e+39 3.2823e+39 0 0 0 2.51753e+40 4.64348e+42 0 0 1
14330.1 2.48343e+39 2.48343e+39 2.48451e+39 2.48451e+39 2.48451e+39 0 0 0 2.15504e+40 4.64348e+42 0 0 1
16548.2 1.87979e+39 1.87979e+39 1.88072e+39 1.88072e+39 1.88072e+39 0 0 0 1.84146e+40 4.64348e+42 0 0 1
19109.5 1.42288e+39 1.42288e+39 1.42368e+39 1.42368e+39 1.42368e+39 0 0 0 1.57027e+40 4.64348e+42 0 0 1
22067.3 1.07699e+39 1.07699e+39 1.07767e+39 1.07767e+39 1.07767e+39 0 0 0 1.33583e+40 4.64348e+42 0 0 1
25483 8.15104e+38 8.15104e+38 8.15685e+38 8.15685e+38 8.15685e+38 0 0 0 1.13329e+40 4.64348e+42 0 0 1
29427.3 6.16795e+38 6.16795e+38 6.17288e+38 6.17288e+38 6.17288e+38 0 0 0 9.58412e+39 4.64348e+42 0 0 1
33982.1 4.66619e+38 4.66619e+38 4.67036e+38 4.67036e+38 4.67036e+38 0 0 0 8.07565e+39 4.64348e+42 0 0 1
39241.9 3.52892e+38 3.52892e+38 3.53243e+38 3.53243e+38 3.53243e+38 0 0 0 6.77597e+39 4.64348e+42 0 0 1
45315.8 2.66773e+38 2.66773e+38 2.67068e+38 2.67068e+38 2.67068e+38 0 0 0 5.65785e+39 4.64348e+42 0 0 1
52329.9 2.01569e+38 2.01569e+38 2.01815e+38 2.01815e+38 2.01815e+38 0 0 0 4.69778e+39 4.64348e+42 0 0 1
60429.6 1.52211e+38 1.52211e+38 1.52415e+38 1.52415e+38 1.52415e+38 0 0 0 3.87542e+39 4.64348e+42 0 0 1
69783.1 1.14862e+38 1.14862e+38 1.1503e+38 1.1503e+38 1.1503e+38 0 0 0 3.17318e+39 4.64348e+42 0 0 1
80584.2 8.6611e+37 8.6611e+37 8.67486e+37 8.67486e+37 8.67486e+37 0 0 0 2.57586e+39 4.64348e+42 0 0 1
93057.2 6.52534e+37 6.52534e+37 6.53653e+37 6.53653e+37 6.53653e+37 0 0 0 2.07024e+39 4.64348e+42 0 0 1
107461 4.91174e+37 4.91174e+37 4.92077e+37 4.92077e+37 4.92077e+37 0 0 0 1.64484e+39 4.64348e+42 0 0 1
124094 3.69353e+37 3.69353e+37 3.70076e+37 3.70076e+37 3.70076e+37 0 0 0 1.28961e+39 4.64348e+42 0 0 1
143301 2.77461e+37 2.77461e+37 2.78035e+37 2.78035e+37 2.78035e+37 0 0 0 9.95706e+38 4.64348e+42 0 0 1
165482 2.08207e+37 2.08207e+37 2.0866e+37 2.0866e+37 2.0866e+37 0 0 0 7.55293e+38 4.64348e+42 0 0 1
191095 1.56069e+37 1.56069e+37 1.56423e+37 1.56423e+37 1.56423e+37 0 0 0 5.61331e+38 4.64348e+42 0 0 1
220673 1.16857e+37 1.16857e+37 1.17132e+37 1.17132e+37 1.17132e+37 0 0 0 4.07445e+38 4.64348e+42 0 0 1
254830 8.74006e+36 8.74006e+36 8.76126e+36 8.76126e+36 8.76126e+36 0 0 0 2.8779e+38 4.64348e+42 0 0 1
294273 6.52981e+36 6.52981e+36 6.54603e+36 6.54603e+36 6.54603e+36 0 0 0 1.96973e+38 4.64348e+42 0 0 1
339821 4.87332e+36 4.87332e+36 4.88564e+36 4.88564e+36 4.88564e+36 0 0 0 1.3e+38 4.64348e+42 0 0 1
392419 3.63331e+36 3.63331e+36 3.64261e+36 3.64261e+36 3.64261e+36 0 0 0 8.227e+37 4.64348e+42 0 0 1
453158 2.70614e+36 2.70614e+36 2.71311e+36 2.71311e+36 2.71311e+36 0 0 0 4.9599e+37 4.64348e+42 0 0 1
523299 2.01368e+36 2.01368e+36 2.01887e+36 2.01887e+36 2.01887e+36 1.56551e+28 3.88304e+32 0 2.82732e+37 4.64348e+42 0 0 1
604296 1.49708e+36 1.49708e+36 1.50092e+36 1.50092e+36 1.50092e+36 2.41145e+28 3.89981e+32 0 1.51072e+37 4.64348e+42 0 0 1
697831 1.11207e+36 1.11207e+36 1.1149e+36 1.1149e+36 1.1149e+36 3.25739e+28 3.91657e+32 0 7.49106e+36 4.64348e+42 0 0 1
805842 8.25426e+35 8.25426e+35 8.27495e+35 8.27495e+35 8.27495e+35 4.10333e+28 3.93334e+32 0 3.40748e+36 4.64348e+42 0 0 1
930572 6.12213e+35 6.12213e+35 6.13718e+35 6.13718e+35 6.13718e+35 4.94926e+28 3.9501e+32 0 1.40298e+36 4.64348e+42 0 0 1
1.07461e+06 4.53761e+35 4.53761e+35 4.54848e+35 4.54848e+35 4.54848e+35 6.26715e+28 3.96939e+32 0 5.14865e+35 4.64348e+42 0 0 1
1.24094e+06 3.36102e+35 3.36102e+35 3.36884e+35 3.36884e+35 3.36884e+35 8.40819e+28 3.97466e+32 0 1.65435e+35 4.64348e+42 0 0 1
1.43301e+06 2.48804e+35 2.48804e+35 2.49363e+35 2.49363e+35 2.49363e+35 1.12274e+29 3.98139e+32 0 4.55947e+34 4.64348e+42 0 0 1
1.65482e+06 1.84079e+35 1.84079e+35 1.84476e+35 1.84476e+35 1.84476e+35 1.49531e+29 3.99007e+32 0 1.05254e+34 4.64348e+42 0 0 1
1.91095e+06 1.36122e+35 1.36122e+35 1.36404e+35 1.36404e+35 1.36404e+35 2.02766e+29 4.00213e+32 0 1.98008e+33 4.64348e+42 0 0 1
2.20673e+06 1.00613e+35 1.00613e+35 1.00811e+35 1.00811e+35 1.00811e+35 2.71049e+29 4.01777e+32 0 2.94097e+32 4.64348e+42 0 0 1
2.5483e+06 7.43352e+34 7.43352e+34 7.44742e+34 7.44742e+34 7.44742e+34 3.60732e+29 4.03831e+32 0 3.32485e+31 4.64348e+42 0 0 1
2.94273e+06 5.48995e+34 5.48995e+34 5.49966e+34 5.49966e+34 5.49966e+34 4.79708e+29 4.06528e+32 0 2.74271e+30 4.64348e+42 0 0 1
3.39821e+06 4.05315e+34 4.05315e+34 4.05991e+34 4.05991e+34 4.05991e+34 6.51132e+29 4.10289e+32 0 1.57227e+29 4.64348e+42 0 0 1
3.92419e+06 2.99145e+34 2.99145e+34 2.99615e+34 2.99615e+34 2.99615e+34 8.74841e+29 4.15171e+32 0 5.92039e+27 4.64348e+42 0 0 1
4.53158e+06 2.20725e+34 2.20725e+34 2.21051e+34 2.21051e+34 2.21051e+34 1.17639e+30 4.21466e+32 0 1.37212e+26 4.64348e+42 0 0 1
5.23299e+06 1.62824e+34 1.62824e+34 1.63049e+34 1.63049e+34 1.63049e+34 1.57864e+30 4.29426e+32 0 1.81565e+24 4.64348e+42 0 0 1
6.04296e+06 1.20087e+34 1.20087e+34 1.20243e+34 1.20243e+34 1.20243e+34 2.14739e+30 4.3998e+32 0 1.25775e+22 4.64348e+42 0 0 1
6.97831e+06 8.85544e+33 8.85544e+33 8.86617e+33 8.86617e+33 8.86617e+33 2.88269e+30 4.52424e+32 0 4.12637e+19 4.64348e+42 0 0 1
8.05842e+06 6.52958e+33 6.52958e+33 6.53698e+33 6.53698e+33 6.53698e+33 3.84133e+30 4.67126e+32 0 5.7111e+16 4.64348e+42 0 0 1
9.30572e+06 4.81468e+33 4.81468e+33 4.81978e+33 4.81978e+33 4.81978e+33 5.10033e+30 4.83782e+32 0 2.91763e+13 4.64348e+42 0 0 1
1.07461e+07 3.55088e+33 3.55088e+33 3.5544e+33 3.5544e+33 3.5544e+33 6.79042e+30 5.03737e+32 0 4.71526e+09 4.64348e+42 0 0 1
1.24094e+07 2.61997e+33 2.61997e+33 2.62241e+33 2.62241e+33 2.62241e+33 8.85192e+30 5.23344e+32 0 201735 4.64348e+42 0 0 1
1.43301e+07 1.93476e+33 1.93476e+33 1.93645e+33 1.93645e+33 1.93645e+33 1.13307e+31 5.42498e+32 0 1.86001 4.64348e+42 0 0 1
1.65482e+07 1.43087e+33 1.43087e+33 1.43205e+33 1.43205e+33 1.43205e+33 1.42427e+31 5.60281e+32 0 2.91436e-06 4.64348e+42 0 0 1
1.91095e+07 1.06091e+33 1.06091e+33 1.06173e+33 1.06173e+33 1.06173e+33 1.77116e+31 5.75611e+32 0 5.89829e-13 4.64348e+42 0 0 1
2.20673e+07 7.89482e+32 7.89482e+32 7.90061e+32 7.90061e+32 7.90061e+32 2.14007e+31 5.88835e+32 0 1.12329e-20 4.64348e+42 0 0 1
2.5483e+07 5.90807e+32 5.90807e+32 5.91219e+32 5.91219e+32 5.91219e+32 2.53762e+31 5.98113e+32 0 1.39625e-29 4.64348e+42 0 0 1
2.94273e+07 4.45512e+32 4.45512e+32 4.45808e+32 4.45808e+32 4.45808e+32 2.93287e+31 5.9823e+32 0 7.42482e-40 4.64348e+42 0 0 1
3.39821e+07 3.39454e+32 3.39454e+32 3.3967e+32 3.3967e+32 3.3967e+32 3.31707e+31 5.87545e+32 0 1.03705e-51 4.64348e+42 0 0 1
3.92419e+07 2.61814e+32 2.61814e+32 2.61975e+32 2.61975e+32 2.61975e+32 3.64447e+31 5.65769e+32 0 2.16599e-65 4.64348e+42 0 0 1
4.53158e+07 2.05092e+32 2.05092e+32 2.05213e+32 2.05213e+32 2.05213e+32 3.92852e+31 5.36735e+32 0 3.52973e-81 4.64348e+42 0 0 1
5.23299e+07 1.6349e+32 1.6349e+32 1.63584e+32 1.63584e+32 1.63584e+32 4.15224e+31 5.03257e+32 0 2.11742e-99 4.64348e+42 0 0 1
6.04296e+07 1.32512e+32 1.32512e+32 1.32587e+32 1.32587e+32 1.32587e+32 4.28065e+31 4.62038e+32 0 1.96388e-120 4.64348e+42 0 0 1
6.97831e+07 1.09006e+32 1.09006e+32 1.09066e+32 1.09066e+32 1.09066e+32 4.30383e+31 4.13999e+32 0 1.03421e-144 4.64348e+42 0 0 1
8.05842e+07 9.08134e+31 9.08134e+31 9.08628e+31 9.08628e+31 9.08628e+31 4.23098e+31 3.59938e+32 0 9.7251e-173 4.64348e+42 0 0 1
9.30572e+07 7.63044e+31 7.63044e+31 7.63454e+31 7.63454e+31 7.63454e+31 4.06471e+31 3.01747e+32 0 4.29358e-205 4.64348e+42 0 0 1
1.07461e+08 6.42626e+31 6.42626e+31 6.4297e+31 6.4297e+31 6.4297e+31 3.80533e+31 2.42722e+32 0 1.90298e-242 4.64348e+42 47.54 0 1
1.24094e+08 5.4296e+31 5.4296e+31 5.43249e+31 5.43249e+31 5.43249e+31 3.50345e+31 1.92124e+32 0 0 4.64348e+42 41.7647 0 1
1.43301e+08 4.5725e+31 4.5725e+31 4.57494e+31 4.57494e+31 4.57494e+31 3.15717e+31 1.4938e+32 0 0 4.64348e+42 36.691 0 1
1.65482e+08 3.81796e+31 3.81796e+31 3.82001e+31 3.82001e+31 3.82001e+31 2.77811e+31 1.14298e+32 0 0 4.64348e+42 32.2337 0 1
1.91095e+08 3.12544e+31 3.12544e+31 3.12712e+31 3.12712e+31 3.12712e+31 2.36147e+31 8.52164e+31 0 0 4.64348e+42 28.3178 0 1
2.20673e+08 2.53973e+31 2.53973e+31 2.54111e+31 2.54111e+31 2.54111e+31 1.97844e+31 6.38669e+31 0 0 4.64348e+42 24.8777 0 1
2.5483e+08 2.03638e+31 2.03638e+31 2.0375e+31 2.0375e+31 2.0375e+31 1.62391e+31 4.73273e+31 0 0 4.64348e+42 21.8554 0 1
2.94273e+08 1.60883e+31 1.60883e+31 1.60973e+31 1.60973e+31 1.60973e+31 1.30561e+31 3.46839e+31 0 0 4.64348e+42 19.2004 0 1
3.39821e+08 1.24062e+31 1.24062e+31 1.24132e+31 1.24132e+31 1.24132e+31 1.01759e+31 2.49673e+31 0 0 4.64348e+42 17.612 0 1
3.92419e+08 9.54474e+30 9.54474e+30 9.55021e+30 9.55021e+30 9.55021e+30 7.90318e+30 1.82662e+31 0 0 4.64348e+42 16.8678 0 1
4.53158e+08 7.25408e+30 7.25408e+30 7.2583e+30 7.2583e+30 7.2583e+30 6.04501e+30 1.33024e+31 0 0 4.64348e+42 16.1551 0 1
5.23299e+08 5.43553e+30 5.43553e+30 5.43875e+30 5.43875e+30 5.43875e+30 4.54436e+30 9.64717e+30 0 0 4.64348e+42 15.4725 0 1
6.04296e+08 4.02811e+30 4.02811e+30 4.03054e+30 4.03054e+30 4.03054e+30 3.37083e+30 6.92253e+30 0 0 4.64348e+42 14.8187 0 1
6.97831e+08 3.01783e+30 3.01783e+30 3.01968e+30 3.01968e+30 3.01968e+30 2.53282e+30 5.06995e+30 0 0 4.64348e+42 14.1925 0 1
8.05842e+08 2.24981e+30 2.24981e+30 2.25121e+30 2.25121e+30 2.25121e+30 1.89174e+30 3.70697e+30 0 0 4.64348e+42 13.5928 0 1
9.30572e+08 1.66722e+30 1.66722e+30 1.66828e+30 1.66828e+30 1.66828e+30 1.40274e+30 2.70392e+30 0 0 4.64348e+42 13.0185 0 1
1.07461e+09 1.22173e+30 1.22173e+30 1.22253e+30 1.22253e+30 1.22253e+30 1.02627e+30 1.94438e+30 0 0 4.64348e+42 13.0654 0 1
1.24094e+09 9.12473e+29 9.12473e+29 9.13079e+29 9.13079e+29 9.13079e+29 7.67947e+29 1.43059e+30 0 0 4.64348e+42 13.7403 0 1
1.43301e+09 6.82428e+29 6.82428e+29 6.82891e+29 6.82891e+29 6.82891e+29 5.75507e+29 1.04975e+30 0 0 4.64348e+42 14.4501 0 1
1.65482e+09 5.09032e+29 5.09032e+29 5.09385e+29 5.09385e+29 5.09385e+29 4.29888e+29 7.67969e+29 0 0 4.64348e+42 15.1966 0 1
1.91095e+09 3.75744e+29 3.75744e+29 3.76009e+29 3.76009e+29 3.76009e+29 3.17131e+29 5.52625e+29 0 0 4.64348e+42 15.9817 0 1
2.20673e+09 2.82358e+29 2.82358e+29 2.82561e+29 2.82561e+29 2.82561e+29 2.38945e+29 4.07487e+29 0 0 4.64348e+42 16.8073 0 1
2.5483e+09 2.11658e+29 2.11658e+29 2.11814e+29 2.11814e+29 2.11814e+29 1.79501e+29 2.99632e+29 0 0 4.64348e+42 17.6755 0 1
2.94273e+09 1.58021e+29 1.58021e+29 1.5814e+29 1.5814e+29 1.5814e+29 1.34205e+29 2.19623e+29 0 0 4.64348e+42 18.5886 0 1
3.39821e+09 1.1618e+29 1.1618e+29 1.16268e+29 1.16268e+29 1.16268e+29 9.85471e+28 1.5834e+29 0 0 4.64348e+42 19.5489 0 1
3.92419e+09 8.7069e+28 8.7069e+28 8.71367e+28 8.71367e+28 8.71367e+28 7.40276e+28 1.16838e+29 0 0 4.64348e+42 20.5588 0 1
4.53158e+09 6.506e+28 6.506e+28 6.51116e+28 6.51116e+28 6.51116e+28 5.54263e+28 8.59072e+28 0 0 4.64348e+42 21.6208 0 1
5.23299e+09 4.84588e+28 4.84588e+28 4.84979e+28 4.84979e+28 4.84979e+28 4.13546e+28 6.29079e+28 0 0 4.64348e+42 22.7377 0 1
6.04296e+09 3.5467e+28 3.5467e+28 3.54962e+28 3.54962e+28 3.54962e+28 3.02398e+28 4.53482e+28 0 0 4.64348e+42 23.9123 0 1
6.97831e+09 2.65067e+28 2.65067e+28 2.65289e+28 2.65289e+28 2.65289e+28 2.26728e+28 3.34263e+28 0 0 4.64348e+42 25.1476 0 1
8.05842e+09 1.97448e+28 1.97448e+28 1.97616e+28 1.97616e+28 1.97616e+28 1.69432e+28 2.45712e+28 0 0 4.64348e+42 26.4467 0 1
9.30572e+09 1.46197e+28 1.46197e+28 1.46324e+28 1.46324e+28 1.46324e+28 1.25815e+28 1.80115e+28 0 0 4.64348e+42 27.8129 0 1
1.07461e+10 1.06546e+28 1.06546e+28 1.0664e+28 1.0664e+28 1.0664e+28 9.17922e+27 1.30249e+28 0 0 4.64348e+42 31.2066 0 1
1.24094e+10 7.89022e+27 7.89022e+27 7.89731e+27 7.89731e+27 7.89731e+27 6.82861e+27 9.63277e+27 0 0 4.64348e+42 37.357 0 1
1.43301e+10 5.80821e+27 5.80821e+27 5.81353e+27 5.81353e+27 5.81353e+27 5.04904e+27 7.10627e+27 0 0 4.64348e+42 44.7195 0 1
1.65482e+10 4.26107e+27 4.26107e+27 4.26503e+27 4.26503e+27 4.26503e+27 3.72166e+27 5.2264e+27 0 0 4.64348e+42 53.5331 0 1
1.91095e+10 3.07259e+27 3.07259e+27 3.0755e+27 3.0755e+27 3.0755e+27 2.6918e+27 3.77992e+27 0 0 4.64348e+42 64.0836 0 1
2.20673e+10 2.25851e+27 2.25851e+27 2.26069e+27 2.26069e+27 2.26069e+27 1.99187e+27 2.79736e+27 0 0 4.64348e+42 76.7135 34.7254 1
2.5483e+10 1.653e+27 1.653e+27 1.65464e+27 1.65464e+27 1.65464e+27 1.46898e+27 2.06338e+27 0 0 4.64348e+42 91.8326 22.9578 1
2.94273e+10 1.2017e+27 1.2017e+27 1.20296e+27 1.20296e+27 1.20296e+27 1.08016e+27 1.5167e+27 0 0 4.64348e+42 109.931 15.5417 1
3.39821e+10 8.48221e+26 8.48221e+26 8.49248e+26 8.49248e+26 8.49248e+26 7.79361e+26 1.09461e+27 0 0 4.64348e+42 131.597 10.7604 1
3.92419e+10 5.94298e+26 5.94298e+26 5.95282e+26 5.95282e+26 5.95282e+26 5.77591e+26 8.10155e+26 0 0 4.64348e+42 157.533 7.61059 1
4.53158e+10 3.90813e+26 3.90813e+26 3.91879e+26 3.91879e+26 3.91879e+26 4.27116e+26 5.98139e+26 0 0 4.64348e+42 188.581 5.49245 1
5.23299e+10 2.34649e+26 2.34649e+26 2.35818e+26 2.35818e+26 2.35818e+26 3.15324e+26 4.40369e+26 0 0 4.64348e+42 225.747 4.04008 1
6.04296e+10 1.26586e+26 1.26586e+26 1.27746e+26 1.27746e+26 1.27746e+26 2.28933e+26 3.18278e+26 0 0 4.64348e+42 270.238 3.02568 1
6.97831e+10 6.57373e+25 6.57373e+25 6.67978e+25 6.67978e+25 6.67978e+25 1.70573e+26 2.3614e+26 0 0 4.64348e+42 323.498 2.3047 1
8.05842e+10 3.33309e+25 3.33309e+25 3.42206e+25 3.42206e+25 3.42206e+25 1.26746e+26 1.74786e+26 0 0 4.64348e+42 387.255 1.78376 1
9.30572e+10 1.70179e+25 1.70179e+25 1.77229e+25 1.77229e+25 1.77229e+25 9.3919e+25 1.28998e+26 0 0 4.64348e+42 463.577 1.40144 1
1.07461e+11 8.76482e+24 8.76482e+24 9.29569e+24 9.29569e+24 9.29569e+24 6.82775e+25 9.33726e+25 0 0 4.64348e+42 554.941 1.11671 1
1.24094e+11 4.77863e+24 4.77863e+24 5.17961e+24 5.17961e+24 5.17961e+24 5.08491e+25 6.93627e+25 0 0 4.64348e+42 664.312 0.901709 1
1.43301e+11 2.69223e+24 2.69223e+24 2.99056e+24 2.99056e+24 2.99056e+24 3.77374e+25 5.13809e+25 0 0 4.64348e+42 795.238 0.737233 1
1.65482e+11 1.56567e+24 1.56567e+24 1.78525e+24 1.78525e+24 1.78525e+24 2.78974e+25 3.79333e+25 0 0 4.64348e+42 951.967 0.609868 1
1.91095e+11 9.24098e+23 9.24098e+23 1.08204e+24 1.08204e+24 1.08204e+24 2.02218e+25 2.74445e+25 0 0 4.64348e+42 1139.59 0.510106 1
2.20673e+11 5.76631e+23 5.76631e+23 6.92756e+23 6.92756e+23 6.92756e+23 1.50258e+25 2.03792e+25 0 0 4.64348e+42 1364.18 0.431129 1
2.5483e+11 3.69489e+23 3.69489e+23 4.54554e+23 4.54554e+23 4.54554e+23 1.11283e+25 1.50872e+25 0 0 4.64348e+42 1633.04 0.367983 1
2.94273e+11 2.42585e+23 2.42585e+23 3.04723e+23 3.04723e+23 3.04723e+23 8.21402e+24 1.11306e+25 0 0 4.64348e+42 1954.89 0.317029 1
3.39821e+11 1.60332e+23 1.60332e+23 2.04924e+23 2.04924e+23 2.04924e+23 5.9475e+24 8.04434e+24 0 0 4.64348e+42 0 0.275565 1
3.92419e+11 1.11197e+23 1.11197e+23 1.44048e+23 1.44048e+23 1.44048e+23 4.41652e+24 5.96805e+24 0 0 4.64348e+42 0 0.241562 1
4.53158e+11 7.8544e+22 7.8544e+22 1.02711e+23 1.02711e+23 1.02711e+23 3.26911e+24 4.41372e+24 0 0 4.64348e+42 0 0.213483 1
5.23299e+11 5.63797e+22 5.63798e+22 7.41303e+22 7.41303e+22 7.41303e+22 2.41159e+24 3.25237e+24 0 0 4.64348e+42 0 0.190154 1
6.04296e+11 4.03894e+22 4.03894e+22 5.31975e+22 5.31975e+22 5.31975e+22 1.74431e+24 2.34683e+24 0 0 4.64348e+42 0 0.170669 1
6.97831e+11 3.01393e+22 3.01393e+22 3.96315e+22 3.96315e+22 3.96315e+22 1.2942e+24 1.7386e+24 0 0 4.64348e+42 0 0.154323 1
8.05842e+11 2.27299e+22 2.273e+22 2.97514e+22 2.97514e+22 2.97514e+22 9.57054e+23 1.28372e+24 0 0 4.64348e+42 0 0.140565 1
9.30572e+11 1.72925e+22 1.72925e+22 2.24742e+22 2.24742e+22 2.24742e+22 7.05255e+23 9.44226e+23 0 0 4.64348e+42 0 0.12896 1
1.07461e+12 1.30325e+22 1.30325e+22 1.67839e+22 1.67839e+22 1.67839e+22 5.09314e+23 6.79728e+23 0 0 4.64348e+42 0 0.119166 1
1.24094e+12 1.017e+22 1.017e+22 1.29579e+22 1.29579e+22 1.29579e+22 3.77375e+23 5.02482e+23 0 0 4.64348e+42 0 0.110908 1
1.43301e+12 7.97257e+21 7.97258e+21 1.00384e+22 1.00384e+22 1.00384e+22 2.78646e+23 3.7013e+23 0 0 4.64348e+42 0 0.103969 1
1.65482e+12 6.27e+21 6.27e+21 7.79542e+21 7.79542e+21 7.79542e+21 2.04987e+23 2.71519e+23 0 0 4.64348e+42 0 0.098177 1
1.91095e+12 4.8584e+21 4.85841e+21 5.96177e+21 5.96177e+21 5.96177e+21 1.47701e+23 1.94799e+23 0 0 4.64348e+42 0 0.0933933 1
2.20673e+12 3.88237e+21 3.88238e+21 4.70124e+21 4.70124e+21 4.70124e+21 1.09213e+23 1.43555e+23 0 0 4.64348e+42 0 0.0895108 1
2.5483e+12 3.10406e+21 3.10407e+21 3.70939e+21 3.70939e+21 3.70939e+21 8.04578e+22 1.0538e+23 0 0 4.64348e+42 0 0.0864461 1
2.94273e+12 2.48078e+21 2.48078e+21 2.92632e+21 2.92632e+21 2.92632e+21 5.9041e+22 7.70104e+22 0 0 4.64348e+42 0 0.0841374 1
3.39821e+12 1.94606e+21 1.94607e+21 2.26684e+21 2.26684e+21 2.26684e+21 4.24012e+22 5.4983e+22 0 0 4.64348e+42 0 0.082541 1
3.92419e+12 1.57082e+21 1.57082e+21 1.80774e+21 1.80774e+21 1.80774e+21 3.12592e+22 4.03413e+22 0 0 4.64348e+42 0 0.08163 1
4.53158e+12 1.26529e+21 1.2653e+21 1.43946e+21 1.43946e+21 1.43946e+21 2.29532e+22 2.94702e+22 0 0 4.64348e+42 0 0.0813928 1
5.23299e+12 1.01638e+21 1.01638e+21 1.14376e+21 1.14376e+21 1.14376e+21 1.67824e+22 2.14218e+22 0 0 4.64348e+42 0 0.0818329 1
6.04296e+12 7.99084e+20 7.99084e+20 8.9008e+20 8.9008e+20 8.9008e+20 1.19961e+22 1.51907e+22 0 0 4.64348e+42 0 0.0829683 1
6.97831e+12 6.45715e+20 6.45716e+20 7.12409e+20 7.12409e+20 7.12409e+20 8.80637e+21 1.10774e+22 0 0 4.64348e+42 0 0.0848322 1
8.05842e+12 5.19742e+20 5.19742e+20 5.68355e+20 5.68355e+20 5.68355e+20 6.43631e+21 8.03811e+21 0 0 4.64348e+42 0 0.0874729 1
9.30572e+12 4.1645e+20 4.16451e+20 4.51676e+20 4.51676e+20 4.51676e+20 4.68186e+21 5.79994e+21 0 0 4.64348e+42 0 0.0909553 1
1.07461e+13 3.25714e+20 3.25714e+20 3.50597e+20 3.50597e+20 3.50597e+20 3.32453e+21 4.07414e+21 0 0 4.64348e+42 0 0.0953611 1
1.24094e+13 2.61708e+20 2.61709e+20 2.79748e+20 2.79748e+20 2.79748e+20 2.42609e+21 2.94608e+21 0 0 4.64348e+42 0 0.10079 1
1.43301e+13 2.09102e+20 2.09103e+20 2.22095e+20 2.22095e+20 2.22095e+20 1.76167e+21 2.11825e+21 0 0 4.64348e+42 0 0.10736 1
1.65482e+13 1.66014e+20 1.66014e+20 1.75306e+20 1.75306e+20 1.75306e+20 1.27231e+21 1.51312e+21 0 0 4.64348e+42 0 0.115206 1
1.91095e+13 1.28245e+20 1.28246e+20 1.34706e+20 1.34706e+20 1.34706e+20 8.95187e+20 1.04918e+21 0 0 4.64348e+42 0 0.12448 1
2.20673e+13 1.01751e+20 1.01751e+20 1.06363e+20 1.06363e+20 1.06363e+20 6.47926e+20 7.50077e+20 0 0 4.64348e+42 0 0.135345 1
2.5483e+13 8.01115e+19 8.01118e+19 8.33774e+19 8.33774e+19 8.33774e+19 4.66272e+20 5.3265e+20 0 0 4.64348e+42 0 0.147968 1
2.94273e+13 6.25349e+19 6.25352e+19 6.48272e+19 6.48272e+19 6.48272e+19 3.33457e+20 3.75353e+20 0 0 4.64348e+42 0 0.162507 1
3.39821e+13 4.72875e+19 4.72877e+19 4.88458e+19 4.88458e+19 4.88458e+19 2.31652e+20 2.55694e+20 0 0 4.64348e+42 0 0.179093 1
3.92419e+13 3.67212e+19 3.67215e+19 3.78093e+19 3.78093e+19 3.78093e+19 1.65797e+20 1.8002e+20 0 0 4.64348e+42 0 0.197804 1
4.53158e+13 2.82184e+19 2.82187e+19 2.89703e+19 2.89703e+19 2.89703e+19 1.17861e+20 1.25724e+20 0 0 4.64348e+42 0 0.218621 1
5.23299e+13 2.1434e+19 2.14343e+19 2.19478e+19 2.19478e+19 2.19478e+19 8.31674e+19 8.69977e+19 0 0 4.64348e+42 0 0.241387 1
6.04296e+13 1.56759e+19 1.56762e+19 1.60141e+19 1.60141e+19 1.60141e+19 5.67753e+19 5.7854e+19 0 0 4.64348e+42 0 0.265741 1
6.97831e+13 1.17755e+19 1.17758e+19 1.20043e+19 1.20043e+19 1.20043e+19 4.00207e+19 3.99055e+19 0 0 4.64348e+42 0 0.291055 1
8.05842e+13 8.72272e+18 8.72295e+18 8.87548e+18 8.87548e+18 8.87548e+18 2.79812e+19 2.72563e+19 0 0 4.64348e+42 0 0.316368 1
9.30572e+13 6.36345e+18 6.36365e+18 6.46401e+18 6.46401e+18 6.46401e+18 1.93897e+19 1.84082e+19 0 0 4.64348e+42 0 0.340344 1
1.07461e+14 4.43467e+18 4.43484e+18 4.498e+18 4.498e+18 4.498e+18 1.29227e+19 1.1847e+19 0 0 4.64348e+42 0 0 1
1.24094e+14 3.17914e+18 3.17932e+18 3.22025e+18 3.22025e+18 3.22025e+18 8.92352e+18 7.95156e+18 0 0 4.64348e+42 0 0 1
1.43301e+14 2.23953e+18 2.23975e+18 2.26587e+18 2.26587e+18 2.26587e+18 6.10056e+18 5.27261e+18 0 0 4.64348e+42 0 0 1
1.65482e+14 1.54837e+18 1.54869e+18 1.56508e+18 1.56508e+18 1.56508e+18 4.12492e+18 3.44774e+18 0 0 4.64348e+42 0 0 1
1.91095e+14 1.013e+18 1.01343e+18 1.02318e+18 1.02318e+18 1.02318e+18 2.65985e+18 2.12175e+18 0 0 4.64348e+42 0 0 1
2.20673e+14 6.84861e+17 6.85438e+17 6.91445e+17 6.91445e+17 6.91445e+17 1.7862e+18 1.37322e+18 0 0 4.64348e+42 0 0 1
2.5483e+14 4.53773e+17 4.54467e+17 4.58105e+17 4.58105e+17 4.58105e+17 1.18455e+18 8.75388e+17 0 0 4.64348e+42 0 0 1
2.94273e+14 2.94371e+17 2.95127e+17 2.97292e+17 2.97292e+17 2.97292e+17 7.74794e+17 5.48336e+17 0 0 4.64348e+42 0 0 1
3.39821e+14 1.78562e+17 1.79277e+17 1.80485e+17 1.80485e+17 1.80485e+17 4.77157e+17 3.17244e+17 0 0 4.64348e+42 0 0 1
3.92419e+14 1.12992e+17 1.13652e+17 1.14358e+17 1.14358e+17 1.14358e+17 3.08515e+17 1.95611e+17 0 0 4.64348e+42 0 0 1
4.53158e+14 6.99578e+16 7.05217e+16 7.09267e+16 7.09267e+16 7.09267e+16 1.963e+17 1.18326e+17 0 0 4.64348e+42 0 0 1
5.23299e+14 4.23449e+16 4.27922e+16 4.30203e+16 4.30203e+16 4.30203e+16 1.22722e+17 7.00018e+16 0 0 4.64348e+42 0 0 1
6.04296e+14 2.35606e+16 2.38727e+16 2.39913e+16 2.39913e+16 2.39913e+16 7.08268e+16 3.71577e+16 0 0 4.64348e+42 0 0 1
6.97831e+14 1.38932e+16 1.41152e+16 1.41808e+16 1.41808e+16 1.41808e+16 4.34734e+16 2.14754e+16 0 0 4.64348e+42 0 0 1
8.05842e+14 8.0005e+15 8.14959e+15 8.18516e+15 8.18516e+15 8.18516e+15 2.61304e+16 1.21149e+16 0 0 4.64348e+42 0 0 1
9.30572e+14 4.49412e+15 4.58894e+15 4.60783e+15 4.60783e+15 4.60783e+15 1.53524e+16 6.64348e+15 0 0 4.64348e+42 0 0 1
1.07461e+15 2.25468e+15 2.30715e+15 2.31614e+15 2.31614e+15 2.31614e+15 8.06756e+15 3.12142e+15 0 0 4.64348e+42 0 0 1
1.24094e+15 1.22799e+15 1.2588e+15 1.26347e+15 1.26347e+15 1.26347e+15 4.60636e+15 1.65442e+15 0 0 4.64348e+42 0 0 1
1.43301e+15 6.50082e+14 6.67308e+14 6.69671e+14 6.69671e+14 6.69671e+14 2.55743e+15 8.5054e+14 0 0 4.64348e+42 0 0 1
1.65482e+15 3.34042e+14 3.43226e+14 3.44391e+14 3.44391e+14 3.44391e+14 1.37817e+15 4.2178e+14 0 0 4.64348e+42 0 0 1
1.91095e+15 1.45723e+14 1.49814e+14 1.50304e+14 1.50304e+14 1.50304e+14 6.30292e+14 1.6617e+14 0 0 4.64348e+42 0 0 1
2.20673e+15 7.16866e+13 7.37127e+13 7.39454e+13 7.39454e+13 7.39454e+13 3.24851e+14 7.8381e+13 0 0 4.64348e+42 0 0 1
2.5483e+15 3.39547e+13 3.49087e+13 3.50156e+13 3.50156e+13 3.50156e+13 1.61066e+14 3.55931e+13 0 0 4.64348e+42 0 0 1
2.94273e+15 1.54814e+13 1.5909e+13 1.59564e+13 1.59564e+13 1.59564e+13 7.67916e+13 1.54468e+13 0 0 4.64348e+42 0 0 1
3.39821e+15 5.4861e+12 5.63361e+12 5.65e+12 5.65e+12 5.65e+12 2.84216e+13 4.68099e+12 0 0 4.64348e+42 0 0 1
3.92419e+15 2.33712e+12 2.39775e+12 2.40457e+12 2.40457e+12 2.40457e+12 1.26292e+13 1.88063e+12 0 0 4.64348e+42 0 0 1
4.53158e+15 9.41952e+11 9.65338e+11 9.68037e+11 9.68037e+11 9.68037e+11 5.30184e+12 7.21506e+11 0 0 4.64348e+42 0 0 1
5.23299e+15 3.6028e+11 3.68781e+11 3.69795e+11 3.69795e+11 3.69795e+11 2.10911e+12 2.62417e+11 0 0 4.64348e+42 0 0 1
6.04296e+15 9.26073e+10 9.46705e+10 9.49275e+10 9.49275e+10 9.49275e+10 5.62989e+11 5.26198e+10 0 0 4.64348e+42 0 0 1
6.97831e+15 3.18253e+10 3.2491e+10 3.25782e+10 3.25782e+10 3.25782e+10 2.00604e+11 1.67302e+10 0 0 4.64348e+42 0 0 1
8.05842e+15 9.99373e+09 1.0189e+10 1.02161e+10 1.02161e+10 1.02161e+10 6.521e+10 5.03129e+09 0 0 4.64348e+42 0 0 1
9.30572e+15 2.86913e+09 2.92125e+09 2.92896e+09 2.92896e+09 2.92896e+09 1.93486e+10 1.44437e+09 0 0 4.64348e+42 0 0 1
1.07461e+16 4.50481e+08 4.58059e+08 4.5926e+08 4.5926e+08 4.5926e+08 3.13457e+09 1.4943e+08 0 0 4.64348e+42 0 0 1
1.24094e+16 1.10737e+08 1.12455e+08 1.12749e+08 1.12749e+08 1.12749e+08 7.93746e+08 3.28864e+07 0 0 4.64348e+42 0 0 1
1.43301e+16 2.3338e+07 2.36709e+07 2.37325e+07 2.37325e+07 2.37325e+07 1.72037e+08 6.61847e+06 0 0 4.64348e+42 0 0 1
1.65482e+16 4.04479e+06 4.09767e+06 4.10832e+06 4.10832e+06 4.10832e+06 3.06134e+07 1.30091e+06 0 0 4.64348e+42 0 0 1
1.91095e+16 292559 296055 296823 296823 296823 2.26973e+06 52820.6 0 0 4.64348e+42 0 0 1
2.20673e+16 41024.9 41471.9 41579.4 41579.4 41579.4 325723 6359.89 0 0 4.64348e+42 0 0 1
2.5483e+16 4439.71 4483.71 4495.34 4495.34 4495.34 36015.9 624.016 0 0 4.64348e+42 0 0 1
2.94273e+16 334.71 337.72 338.597 338.597 338.597 2769.84 58.3374 0 0 4.64348e+42 0 0 1
3.39821e+16 6.43261 6.48502 6.50189 6.50189 6.50189 54.2169 0.663845 0 0 4.64348e+42 0 0 1
3.92419e+16 0.34335 0.34588 0.346782 0.346782 0.346782 2.94289 0.0292979 0 0 4.64348e+42 0 0 1
4.53158e+16 0.0113732 0.0114489 0.0114788 0.0114788 0.0114788 0.0989795 0.000831822 0 0 4.64348e+42 0 0 1
5.23299e+16 0.00021829 0.000219599 0.000220175 0.000220175 0.000220175 0.00192606 1.68256e-05 0 0 4.64348e+42 0 0 1
6.04296e+16 4.85775e-07 4.88397e-07 4.89682e-07 4.89682e-07 4.89682e-07 4.33918e-06 3.00274e-08 0 0 4.64348e+42 0 0 1
6.97831e+16 4.28716e-09 4.30796e-09 4.31934e-09 4.31934e-09 4.31934e-09 3.87126e-08 2.39253e-10 0 0 4.64348e+42 0 0 1
8.05842e+16 1.39074e-11 1.3968e-11 1.4005e-11 1.4005e-11 1.4005e-11 1.26773e-10 7.27738e-13 0 0 4.64348e+42 0 0 1
9.30572e+16 0 0 0 0 0 0 0 0 0 4.64348e+42 0 0 1