1.07461e-07 0 0 2.08539e+06 4.60053e+48 1.04142e+58 0 0 2.44606e+42 0 4.64348e+42 0 0 0
1.24094e-07 0 0 1.12178e+12 5.22362e+48 9.30351e+57 0 0 2.82467e+42 0 4.64348e+42 0 0 0
1.43301e-07 0 0 1.0449e+17 5.91988e+48 8.29547e+57 0 0 3.26188e+42 0 4.64348e+42 0 0 0
1.65482e-07 0 0 2.13096e+21 6.69491e+48 7.38106e+57 0 0 3.76676e+42 0 4.64348e+42 0 0 0
1.91095e-07 0 0 1.16575e+25 7.55394e+48 6.55214e+57 0 0 4.34978e+42 0 4.64348e+42 0 0 0
2.20673e-07 0 0 2.03954e+28 8.5016e+48 5.80137e+57 0 0 5.02305e+42 0 4.64348e+42 0 0 0
2.5483e-07 0 0 1.32881e+31 9.54155e+48 5.12211e+57 0 0 5.80053e+42 0 4.64348e+42 0 0 0
2.94273e-07 0 0 3.67808e+33 1.06762e+49 4.50837e+57 0 0 6.69835e+42 0 4.64348e+42 0 0 0
3.39821e-07 0 0 4.84782e+35 1.19063e+49 3.95475e+57 0 0 7.73513e+42 0 4.64348e+42 0 0 0
3.92419e-07 0 0 3.35829e+37 1.32306e+49 3.45641e+57 0 0 8.93239e+42 0 4.64348e+42 0 0 0
4.53158e-07 0 0 1.33184e+39 1.46456e+49 3.00893e+57 0 0 1.0315e+43 0 4.64348e+42 0 0 0
5.23299e-07 0 0 3.25604e+40 1.61457e+49 2.60837e+57 0 0 1.19115e+43 0 4.64348e+42 0 0 0
6.04296e-07 0 0 5.2319e+41 1.77231e+49 2.25111e+57 0 0 1.37552e+43 0 4.64348e+42 0 0 0
6.97831e-07 0 0 5.84098e+42 1.93683e+49 1.93387e+57 0 0 1.58843e+43 0 4.64348e+42 0 0 0
8.05842e-07 0 0 4.75437e+43 2.1072e+49 1.65363e+57 0 0 1.83429e+43 0 4.64348e+42 0 0 0
9.30572e-07 0 0 2.94218e+44 2.28263e+49 1.40757e+57 0 0 2.1182e+43 0 4.64348e+42 0 0 0
1.07461e-06 0 0 1.43569e+45 2.46276e+49 1.19304e+57 0 0 2.44606e+43 0 4.64348e+42 0 0 0
1.24094e-06 0 0 5.70324e+45 2.64806e+49 1.00749e+57 0 0 2.82467e+43 0 4.64348e+42 0 0 0
1.43301e-06 0 0 1.89681e+46 2.84019e+49 8.48404e+56 0 0 3.26188e+43 0 4.64348e+42 0 0 0
1.65482e-06 0 0 5.4139e+46 3.04248e+49 7.13324e+56 0 0 3.76676e+43 0 4.64348e+42 0 0 0
1.91095e-06 0 0 1.35552e+47 3.26034e+49 5.99766e+56 0 0 4.34978e+43 0 4.64348e+42 0 0 0
2.20673e-06 0 0 3.0357e+47 3.50151e+49 5.05236e+56 0 0 5.02305e+43 0 4.64348e+42 0 0 0
2.5483e-06 0 0 6.18619e+47 3.77606e+49 4.27239e+56 0 0 5.80053e+43 0 4.64348e+42 0 0 0
2.94273e-06 0 0 1.16434e+48 4.09601e+49 3.63313e+56 0 0 6.69835e+43 0 4.64348e+42 0 0 0
3.39821e-06 0 0 2.04989e+48 4.47459e+49 3.11085e+56 0 0 7.73513e+43 0 4.64348e+42 0 0 0
3.92419e-06 0 0 3.41097e+48 4.9252e+49 2.68345e+56 0 0 8.93239e+43 0 4.64348e+42 0 0 0
4.53158e-06 0 0 5.40859e+48 5.46021e+49 2.33113e+56 0 0 1.0315e+44 0 4.64348e+42 0 0 0
5.23299e-06 0 0 8.22425e+48 6.09022e+49 2.03703e+56 0 0 1.19115e+44 0 4.64348e+42 0 0 0
6.04296e-06 0 0 1.20515e+49 6.82385e+49 1.7876e+56 0 0 1.37552e+44 0 4.64348e+42 0 0 0
6.97831e-06 0 0 1.70864e+49 7.66851e+49 1.57257e+56 0 0 1.58843e+44 0 4.64348e+42 0 0 0
8.05842e-06 0 0 2.35204e+49 8.6319e+49 1.38463e+56 0 0 1.83429e+44 0 4.64348e+42 0 0 0
9.30572e-06 0 0 3.15402e+49 9.72392e+49 1.2188e+56 0 0 2.1182e+44 0 4.64348e+42 0 0 0
1.07461e-05 0 0 4.13342e+49 1.09584e+50 1.07177e+56 0 0 2.44606e+44 0 4.64348e+42 0 0 0
1.24094e-05 0 0 5.31047e+49 1.23542e+50 9.41257e+55 0 0 2.82467e+44 0 4.64348e+42 0 0 0
1.43301e-05 0 0 6.70833e+49 1.39363e+50 8.25531e+55 0 0 3.26187e+44 0 4.64348e+42 0 0 0
1.65482e-05 0 0 8.35461e+49 1.57361e+50 7.23153e+55 0 0 3.76675e+44 0 4.64348e+42 0 0 0
1.91095e-05 0 0 1.02828e+50 1.77922e+50 6.32823e+55 0 0 4.34978e+44 0 4.64348e+42 0 0 0
2.20673e-05 0 0 1.25338e+50 2.01504e+50 5.53321e+55 0 0 5.02304e+44 0 4.64348e+42 0 0 0
2.5483e-05 0 0 1.51569e+50 2.28651e+50 4.83496e+55 0 0 5.80052e+44 0 4.64348e+42 0 0 0
2.94273e-05 0 0 1.82112e+50 2.59995e+50 4.22265e+55 0 0 6.69833e+44 0 4.64348e+42 0 0 0
3.39821e-05 0 0 2.17666e+50 2.96274e+50 3.68624e+55 0 0 7.73511e+44 0 4.64348e+42 0 0 0
3.92419e-05 0 0 2.59064e+50 3.38347e+50 3.21652e+55 0 0 8.93236e+44 0 4.64348e+42 0 0 0
4.53158e-05 0 0 3.07298e+50 3.87232e+50 2.80523e+55 0 0 1.03149e+45 0 4.64348e+42 0 0 0
5.23299e-05 0 0 3.63562e+50 4.44152e+50 2.44507e+55 0 0 1.19115e+45 0 4.64348e+42 0 0 0
6.04296e-05 0 0 4.29309e+50 5.10586e+50 2.12967e+55 0 0 1.37552e+45 0 4.64348e+42 0 0 0
6.97831e-05 0 0 5.06302e+50 5.88323e+50 1.85348e+55 0 0 1.58842e+45 0 4.64348e+42 0 0 0
8.05842e-05 0 0 5.96668e+50 6.79514e+50 1.61171e+55 0 0 1.83428e+45 0 4.64348e+42 0 0 0
9.30572e-05 0 0 7.02945e+50 7.86718e+50 1.40016e+55 0 0 2.11819e+45 0 4.64348e+42 0 0 0
0.000107461 0 0 8.28151e+50 9.12963e+50 1.21517e+55 0 0 2.44604e+45 0 4.64348e+42 0 0 0
0.000124094 0 0 9.75878e+50 1.06185e+51 1.05349e+55 0 0 2.82464e+45 0 4.64348e+42 0 0 0
0.000143301 0 0 1.15042e+51 1.23768e+51 9.12281e+54 0 0 3.26184e+45 0 4.64348e+42 0 0 0
0.000165482 0 0 1.3569e+51 1.44559e+51 7.89043e+54 0 0 3.76671e+45 0 4.64348e+42 0 0 0
0.000191095 0 0 1.6015e+51 1.69176e+51 6.81576e+54 0 0 4.34972e+45 0 4.64348e+42 0 0 0
0.000220673 0 0 1.89155e+51 1.98353e+51 5.87943e+54 0 0 5.02297e+45 0 4.64348e+42 0 0 0
0.00025483 0 0 2.23583e+51 2.32967e+51 5.06443e+54 0 0 5.80042e+45 0 4.64348e+42 0 0 0
0.000294273 0 0 2.64478e+51 2.74064e+51 4.35581e+54 0 0 6.6982e+45 0 4.64348e+42 0 0 0
0.000339821 0 0 3.13089e+51 3.22893e+51 3.74037e+54 0 0 7.73493e+45 0 4.64348e+42 0 0 0
0.000392419 0 0 3.70908e+51 3.80944e+51 3.20653e+54 0 0 8.93212e+45 0 4.64348e+42 0 0 0
0.000453158 0 0 4.39714e+51 4.49999e+51 2.74409e+54 0 0 1.03146e+46 0 4.64348e+42 0 0 0
0.000523299 0 0 5.21637e+51 5.32186e+51 2.34407e+54 0 0 1.19111e+46 0 4.64348e+42 0 0 0
0.000604296 0 0 6.19219e+51 6.30049e+51 1.99857e+54 0 0 1.37546e+46 0 4.64348e+42 0 0 0
0.000697831 0 0 7.35506e+51 7.46632e+51 1.70065e+54 0 0 1.58834e+46 0 4.64348e+42 0 0 0
0.000805842 0 0 8.74142e+51 8.85581e+51 1.44418e+54 0 0 1.83418e+46 0 4.64348e+42 0 0 0
0.000930572 0 0 1.0395e+52 1.05127e+52 1.22381e+54 0 0 2.11805e+46 0 4.64348e+42 0 0 0
0.00107461 0 0 1.23682e+52 1.24894e+52 1.03481e+54 0 0 2.44586e+46 0 4.64348e+42 0 0 0
0.00124094 0 0 1.4724e+52 1.48489e+52 8.73046e+53 0 0 2.8244e+46 0 4.64348e+42 0 0 0
0.00143301 0 0 1.75383e+52 1.7667e+52 7.34878e+53 0 0 3.26152e+46 0 4.64348e+42 0 0 0
0.00165482 0 0 2.09023e+52 2.10351e+52 6.17124e+53 0 0 3.76629e+46 0 4.64348e+42 0 0 0
0.00191095 0 0 2.49262e+52 2.50632e+52 5.16996e+53 0 0 4.34916e+46 0 4.64348e+42 0 0 0
0.00220673 0 0 2.97429e+52 2.98845e+52 4.32057e+53 0 0 5.02222e+46 0 4.64348e+42 0 0 0
0.0025483 0 0 3.55119e+52 3.56582e+52 3.60179e+53 0 0 5.79942e+46 0 4.64348e+42 0 0 0
0.00294273 0 0 4.2395e+52 4.25462e+52 2.99505e+53 0 0 6.69686e+46 0 4.64348e+42 0 0 0
0.00339821 0 0 5.03513e+52 5.05068e+52 2.48421e+53 0 0 7.73315e+46 0 4.64348e+42 0 0 0
0.00392419 0 0 5.8637e+52 5.87937e+52 2.05525e+53 0 0 8.92975e+46 0 4.64348e+42 0 0 0
0.00453158 0 0 6.56144e+52 6.57663e+52 1.69601e+53 0 0 1.03114e+47 0 4.64348e+42 0 0 0
0.00523299 3.18906e-223 3.18906e-223 6.953e+52 6.96693e+52 1.39598e+53 0 0 1.19068e+47 1.17469e-227 4.64348e+42 0 0 0
0.00604296 2.12444e-151 2.12444e-151 6.95508e+52 6.96715e+52 1.14609e+53 0 0 1.3749e+47 6.77447e-156 4.64348e+42 0 0 0
0.00697831 2.47586e-98 2.47586e-98 6.60316e+52 6.61308e+52 9.38537e+52 0 0 1.58759e+47 7.20124e-103 4.64348e+42 0 0 0
0.00805842 3.92293e-59 3.92293e-59 6.00482e+52 6.01263e+52 7.6663e+52 0 0 1.83318e+47 1.08654e-63 4.64348e+42 0 0 0
0.00930572 3.49139e-30 3.49139e-30 5.2803e+52 5.28625e+52 6.24644e+52 0 0 2.11672e+47 9.52298e-35 4.64348e+42 0 0 0
0.0107461 8.22873e-09 8.22873e-09 4.52678e+52 4.5312e+52 5.07697e+52 0 0 2.44408e+47 2.26713e-13 4.64348e+42 0 0 0
0.0124094 4.86336e+07 4.86336e+07 3.80815e+52 3.81137e+52 4.11638e+52 0 0 2.82203e+47 1379.29 4.64348e+42 0 0 0
0.0143301 2.08299e+19 2.08299e+19 3.15905e+52 3.16136e+52 3.32953e+52 0 0 3.25836e+47 6.16686e+14 4.64348e+42 0 0 0
0.0165482 7.7696e+27 7.7696e+27 2.59338e+52 2.59502e+52 2.68672e+52 0 0 3.76206e+47 2.42642e+23 4.64348e+42 0 0 0
0.0191095 1.58561e+34 1.58561e+34 2.11229e+52 2.11344e+52 2.16298e+52 0 0 4.34353e+47 5.26475e+29 4.64348e+42 0 0 0
0.0220673 6.8864e+38 6.8864e+38 1.71e+52 1.71081e+52 1.73736e+52 0 0 5.01471e+47 2.44585e+34 4.64348e+42 0 0 0
0.025483 1.73697e+42 1.73697e+42 1.37767e+52 1.37824e+52 1.39236e+52 0 0 5.7894e+47 6.63102e+37 4.64348e+42 0 0 0
0.0294273 5.34379e+44 5.34379e+44 1.10555e+52 1.10594e+52 1.1134e+52 0 0 6.68351e+47 2.20144e+40 4.64348e+42 0 0 0
0.0339821 3.47014e+46 3.47014e+46 8.84209e+51 8.84482e+51 8.88405e+51 0 0 7.71535e+47 1.54784e+42 4.64348e+42 0 0 0
0.0392419 7.1338e+47 7.1338e+47 7.05117e+51 7.05306e+51 7.07356e+51 0 0 8.90602e+47 3.45536e+43 4.64348e+42 0 0 0
0.0453158 6.26443e+48 6.26443e+48 5.60816e+51 5.60946e+51 5.62012e+51 0 0 1.02798e+48 3.30365e+44 4.64348e+42 0 0 0
0.0523299 2.93219e+49 2.93219e+49 4.44957e+51 4.45046e+51 4.45598e+51 0 0 1.18647e+48 1.68775e+45 4.64348e+42 0 0 0
0.0604296 8.61638e+49 8.61638e+49 3.52219e+51 3.5228e+51 3.52564e+51 0 0 1.36927e+48 5.42558e+45 4.64348e+42 0 0 0
0.0697831 1.79395e+50 1.79395e+50 2.78191e+51 2.78233e+51 2.78378e+51 0 0 1.5801e+48 1.23851e+46 4.64348e+42 0 0 0
0.0805842 2.8938e+50 2.8938e+50 2.19248e+51 2.19277e+51 2.19351e+51 0 0 1.82318e+48 2.19516e+46 4.64348e+42 0 0 0
0.0930572 3.8636e+50 3.8636e+50 1.72428e+51 1.72447e+51 1.72485e+51 0 0 2.10339e+48 3.22714e+46 4.64348e+42 0 0 0
0.107461 4.48318e+50 4.48318e+50 1.35322e+51 1.35335e+51 1.35354e+51 0 0 2.42632e+48 4.13192e+46 4.64348e+42 0 0 0
0.124094 4.68726e+50 4.68726e+50 1.0598e+51 1.05989e+51 1.05998e+51 0 0 2.79835e+48 4.77672e+46 4.64348e+42 0 0 0
0.143301 4.53496e+50 4.53496e+50 8.28279e+50 8.28339e+50 8.28387e+50 0 0 3.2268e+48 5.12071e+46 4.64348e+42 0 0 0
0.165482 4.141e+50 4.141e+50 6.45995e+50 6.46036e+50 6.4606e+50 0 0 3.72001e+48 5.1917e+46 4.64348e+42 0 0 0
0.191095 3.62111e+50 3.62111e+50 5.02786e+50 5.02814e+50 5.02826e+50 0 0 4.28749e+48 5.05116e+46 4.64348e+42 0 0 0
0.220673 3.06518e+50 3.06518e+50 3.90518e+50 3.90536e+50 3.90542e+50 0 0 4.94004e+48 4.76704e+46 4.64348e+42 0 0 0
0.25483 2.53168e+50 2.53168e+50 3.02695e+50 3.02708e+50 3.0271e+50 0 0 5.68993e+48 4.39882e+46 4.64348e+42 0 0 0
0.294273 2.05237e+50 2.05237e+50 2.34144e+50 2.34153e+50 2.34154e+50 0 0 6.551e+48 3.99214e+46 4.64348e+42 0 0 0
0.339821 1.64019e+50 1.64019e+50 1.80752e+50 1.80758e+50 1.80759e+50 0 0 7.53887e+48 3.57884e+46 4.64348e+42 0 0 0
0.392419 1.29638e+50 1.29638e+50 1.3926e+50 1.39264e+50 1.39264e+50 0 0 8.67102e+48 3.17937e+46 4.64348e+42 0 0 0
0.453158 1.01583e+50 1.01583e+50 1.07084e+50 1.07087e+50 1.07087e+50 0 0 9.96696e+48 2.80563e+46 4.64348e+42 0 0 0
0.523299 7.90585e+49 7.90585e+49 8.21883e+49 8.219e+49 8.21901e+49 0 0 1.14483e+49 2.46361e+46 4.64348e+42 0 0 0
0.604296 6.11935e+49 6.11935e+49 6.29668e+49 6.29679e+49 6.2968e+49 0 0 1.31387e+49 2.15539e+46 4.64348e+42 0 0 0
0.697831 4.71572e+49 4.71572e+49 4.81582e+49 4.81589e+49 4.81589e+49 0 0 1.50642e+49 1.88066e+46 4.64348e+42 0 0 0
0.805842 3.62102e+49 3.62102e+49 3.67732e+49 3.67737e+49 3.67737e+49 0 0 1.72523e+49 1.63769e+46 4.64348e+42 0 0 0
0.930572 2.77225e+49 2.77225e+49 2.80383e+49 2.80386e+49 2.80386e+49 0 0 1.97323e+49 1.42401e+46 4.64348e+42 0 0 0
1.07461 2.1173e+49 2.1173e+49 2.13495e+49 2.13497e+49 2.13497e+49 0 0 2.25345e+49 1.23687e+46 4.64348e+42 0 0 0
1.24094 1.61387e+49 1.61387e+49 1.62372e+49 1.62373e+49 1.62373e+49 0 0 2.56892e+49 1.07347e+46 4.64348e+42 0 0 0
1.43301 1.22817e+49 1.22817e+49 1.23364e+49 1.23365e+49 1.23365e+49 0 0 2.92252e+49 9.31106e+45 4.64348e+42 0 0 0
1.65482 9.33445e+48 9.33445e+48 9.36482e+48 9.36488e+48 9.36488e+48 0 0 3.31683e+49 8.07272e+45 4.64348e+42 0 0 0
1.91095 7.08748e+48 7.08748e+48 7.10429e+48 7.10433e+48 7.10433e+48 0 0 3.7538e+49 6.99683e+45 4.64348e+42 0 0 0
2.20673 5.37753e+48 5.37753e+48 5.38681e+48 5.38683e+48 5.38683e+48 0 0 4.23447e+49 6.0629e+45 4.64348e+42 0 0 0
2.5483 4.07819e+48 4.07819e+48 4.0833e+48 4.08332e+48 4.08332e+48 0 0 4.75842e+49 5.25273e+45 4.64348e+42 0 0 0
2.94273 3.09203e+48 3.09203e+48 3.09484e+48 3.09485e+48 3.09485e+48 0 0 5.32324e+49 4.55023e+45 4.64348e+42 0 0 0
3.39821 2.34424e+48 2.34424e+48 2.34578e+48 2.34579e+48 2.34579e+48 0 0 5.92377e+49 3.94132e+45 4.64348e+42 0 0 0
3.92419 1.77756e+48 1.77756e+48 1.77841e+48 1.77841e+48 1.77841e+48 0 0 6.55124e+49 3.41365e+45 4.64348e+42 0 0 0
4.53158 1.34831e+48 1.34831e+48 1.34878e+48 1.34878e+48 1.34878e+48 0 0 7.19224e+49 2.95648e+45 4.64348e+42 0 0 0
5.23299 1.02322e+48 1.02322e+48 1.02347e+48 1.02348e+48 1.02348e+48 0 0 7.82777e+49 2.56044e+45 4.64348e+42 0 0 0
6.04296 7.77005e+47 7.77005e+47 7.77146e+47 7.77147e+47 7.77147e+47 0 0 8.43225e+49 2.21739e+45 4.64348e+42 0 0 0
6.97831 5.90495e+47 5.90495e+47 5.90574e+47 5.90575e+47 5.90575e+47 0 0 8.97288e+49 1.92027e+45 4.64348e+42 0 0 0
8.05842 4.49158e+47 4.49158e+47 4.49203e+47 4.49204e+47 4.49204e+47 0 0 9.40976e+49 1.66293e+45 4.64348e+42 0 0 0
9.30572 3.41995e+47 3.41995e+47 3.42021e+47 3.42022e+47 3.42022e+47 0 0 9.69705e+49 1.44006e+45 4.64348e+42 0 0 0
10.7461 2.60687e+47 2.60687e+47 2.60703e+47 2.60703e+47 2.60703e+47 0 0 9.78602e+49 1.24705e+45 4.64348e+42 0 0 0
12.4094 1.98945e+47 1.98945e+47 1.98955e+47 1.98955e+47 1.98955e+47 0 0 9.6305e+49 1.07991e+45 4.64348e+42 0 0 0
14.3301 1.52015e+47 1.52015e+47 1.52023e+47 1.52023e+47 1.52023e+47 0 0 9.19503e+49 9.35156e+44 4.64348e+42 0 0 0
16.5482 1.16307e+47 1.16307e+47 1.16313e+47 1.16313e+47 1.16313e+47 0 0 8.46549e+49 8.09805e+44 4.64348e+42 0 0 0
19.1095 8.91053e+46 8.91053e+46 8.91097e+46 8.91098e+46 8.91098e+46 0 0 7.46029e+49 7.01253e+44 4.64348e+42 0 0 0
22.0673 6.83571e+46 6.83571e+46 6.83608e+46 6.83608e+46 6.83608e+46 0 0 6.23848e+49 6.0725e+44 4.64348e+42 0 0 0
25.483 5.25105e+46 5.25105e+46 5.25136e+46 5.25136e+46 5.25136e+46 0 0 4.89985e+49 5.25846e+44 4.64348e+42 0 0 0
29.4273 4.03908e+46 4.03908e+46 4.03934e+46 4.03934e+46 4.03934e+46 0 0 3.5721e+49 4.55352e+44 4.64348e+42 0 0 0
33.9821 3.11081e+46 3.11081e+46 3.11104e+46 3.11104e+46 3.11104e+46 0 0 2.38455e+49 3.94307e+44 4.64348e+42 0 0 0
39.2419 2.39881e+46 2.39881e+46 2.39902e+46 2.39902e+46 2.39902e+46 0 0 1.43526e+49 3.41444e+44 4.64348e+42 0 0 0
45.3158 1.85191e+46 1.85191e+46 1.85209e+46 1.85209e+46 1.85209e+46 0 0 7.65462e+48 2.95667e+44 4.64348e+42 0 0 0
52.3299 1.43121e+46 1.43121e+46 1.43137e+46 1.43138e+46 1.43138e+46 0 0 3.54668e+48 2.56025e+44 4.64348e+42 0 0 0
60.4296 1.10715e+46 1.10715e+46 1.10729e+46 1.10729e+46 1.10729e+46 0 0 1.39605e+48 2.21696e+44 4.64348e+42 0 0 0
69.7831 8.57185e+45 8.57185e+45 8.57314e+45 8.57314e+45 8.57314e+45 0 0 4.55043e+47 1.91969e+44 4.64348e+42 0 0 0
80.5842 6.64128e+45 6.64128e+45 6.64243e+45 6.64243e+45 6.64243e+45 0 0 1.19271e+47 1.66227e+44 4.64348e+42 0 0 0
93.0572 5.14843e+45 5.14843e+45 5.14946e+45 5.14946e+45 5.14946e+45 0 0 2.43035e+46 1.43934e+44 4.64348e+42 0 0 0
107.461 3.99277e+45 3.99277e+45 3.99369e+45 3.99369e+45 3.99369e+45 0 0 3.70275e+45 1.2463e+44 4.64348e+42 0 0 0
124.094 3.09727e+45 3.09727e+45 3.09809e+45 3.09809e+45 3.09809e+45 0 0 4.0323e+44 1.07913e+44 4.64348e+42 0 0 0
143.301 2.40276e+45 2.40276e+45 2.40349e+45 2.40349e+45 2.40349e+45 0 0 2.97977e+43 9.3437e+43 4.64348e+42 0 0 0
165.482 1.86375e+45 1.86375e+45 1.86441e+45 1.86441e+45 1.86441e+45 0 0 1.40718e+42 8.09012e+43 4.64348e+42 0 0 0
191.095 1.44521e+45 1.44521e+45 1.4458e+45 1.4458e+45 1.4458e+45 0 0 3.96237e+40 7.00456e+43 4.64348e+42 0 0 0
220.673 1.1201e+45 1.1201e+45 1.12063e+45 1.12063e+45 1.12063e+45 0 0 6.14098e+38 6.0645e+43 4.64348e+42 0 0 0
254.83 8.67526e+44 8.67526e+44 8.68e+44 8.68e+44 8.68e+44 0 0 4.77597e+36 5.25045e+43 4.64348e+42 0 0 0
294.273 6.71322e+44 6.71322e+44 6.71746e+44 6.71746e+44 6.71746e+44 0 0 1.67523e+34 4.54551e+43 4.64348e+42 0 0 0
339.821 5.18952e+44 5.18952e+44 5.19331e+44 5.19331e+44 5.19331e+44 0 0 2.3429e+31 3.93505e+43 4.64348e+42 0 0 0
392.419 4.00688e+44 4.00688e+44 4.01025e+44 4.01025e+44 4.01025e+44 0 0 1.13315e+28 3.40642e+43 4.64348e+42 0 0 0
453.158 3.08967e+44 3.08967e+44 3.09267e+44 3.09267e+44 3.09267e+44 0 0 1.60804e+24 2.94865e+43 4.64348e+42 0 0 0
523.299 2.37903e+44 2.37903e+44 2.3817e+44 2.3817e+44 2.3817e+44 0 0 5.53809e+19 2.55223e+43 4.64348e+42 0 0 0
604.296 1.82913e+44 1.82913e+44 1.8315e+44 1.8315e+44 1.8315e+44 0 0 3.71786e+14 2.20895e+43 4.64348e+42 0 0 0
697.831 1.40422e+44 1.40422e+44 1.40632e+44 1.40632e+44 1.40632e+44 0 0 3.7773e+08 1.91168e+43 4.64348e+42 0 0 0
805.842 1.0764e+44 1.0764e+44 1.07826e+44 1.07826e+44 1.07826e+44 0 0 43.3606 1.65426e+43 4.64348e+42 0 0 0
930.572 8.23933e+43 8.23933e+43 8.25579e+43 8.25579e+43 8.25579e+43 0 0 4.01294e-07 1.43134e+43 4.64348e+42 0 0 0
1074.61 6.29836e+43 6.29836e+43 6.31289e+43 6.31289e+43 6.31289e+43 0 0 2.02777e-16 1.2383e+43 4.64348e+42 0 0 0
1240.94 4.80879e+43 4.80879e+43 4.82159e+43 4.82159e+43 4.82159e+43 0 0 3.56703e-27 1.07114e+43 4.64348e+42 0 0 0
1433.01 3.66759e+43 3.66759e+43 3.67887e+43 3.67887e+43 3.67887e+43 0 0 1.29901e-39 9.26383e+42 4.64348e+42 0 0 0
1654.82 2.79468e+43 2.79468e+43 2.80461e+43 2.80461e+43 2.80461e+43 0 0 5.3738e-54 8.01031e+42 4.64348e+42 0 0 0
1910.95 2.12793e+43 2.12793e+43 2.13667e+43 2.13667e+43 2.13667e+43 0 0 1.26277e-70 6.92484e+42 4.64348e+42 0 0 0
2206.73 1.61928e+43 1.61928e+43 1.62696e+43 1.62696e+43 1.62696e+43 0 0 7.57102e-90 5.98488e+42 4.64348e+42 0 0 0
2548.3 1.23163e+43 1.23163e+43 1.23837e+43 1.23837e+43 1.23837e+43 0 0 4.59613e-112 5.17093e+42 4.64348e+42 0 0 0
2942.73 9.3642e+42 9.3642e+42 9.42346e+42 9.42346e+42 9.42346e+42 0 0 9.71692e-138 4.46611e+42 4.64348e+42 0 0 0
3398.21 7.11747e+42 7.11747e+42 7.1695e+42 7.1695e+42 7.1695e+42 0 0 2.08598e-167 3.85581e+42 4.64348e+42 0 0 0
3924.19 5.40828e+42 5.40828e+42 5.45396e+42 5.45396e+42 5.45396e+42 0 0 1.09557e-201 3.32734e+42 4.64348e+42 0 0 0
4531.58 4.10842e+42 4.10842e+42 4.14852e+42 4.14852e+42 4.14852e+42 0 0 2.72109e-241 2.86976e+42 4.64348e+42 0 0 0
5232.99 3.12297e+42 3.12297e+42 3.15673e+42 3.15673e+42 3.15673e+42 0 0 0 2.47586e+42 4.64348e+42 0 0 0
6042.96 2.37162e+42 2.37162e+42 2.40106e+42 2.40106e+42 2.40106e+42 0 0 0 2.13316e+42 4.64348e+42 0 0 0
6978.31 1.80051e+42 1.80051e+42 1.82615e+42 1.82615e+42 1.82615e+42 0 0 0 1.83655e+42 4.64348e+42 0 0 0
8058.42 1.36647e+42 1.36647e+42 1.38877e+42 1.38877e+42 1.38877e+42 0 0 0 1.57987e+42 4.64348e+42 0 0 0
9305.72 1.03664e+42 1.03664e+42 1.05601e+42 1.05601e+42 1.05601e+42 0 0 0 1.35779e+42 4.64348e+42 0 0 0
10746.1 7.8605e+41 7.8605e+41 8.02845e+41 8.02845e+41 8.02845e+41 0 0 0 1.16571e+42 4.64348e+42 0 0 0
12409.4 5.95717e+41 5.95717e+41 6.10249e+41 6.10249e+41 6.10249e+41 0 0 0 9.99614e+41 4.64348e+42 0 0 0
14330.1 4.51194e+41 4.51194e+41 4.6374e+41 4.6374e+41 4.6374e+41 0 0 0 8.56054e+41 4.64348e+42 0 0 0
16548.2 3.415e+41 3.415e+41 3.52303e+41 3.52303e+41 3.52303e+41 0 0 0 7.32035e+41 4.64348e+42 0 0 0
19109.5 2.5828e+41 2.5828e+41 2.67555e+41 2.67555e+41 2.67555e+41 0 0 0 6.24964e+41 4.64348e+42 0 0 0
22067.3 1.95181e+41 1.95181e+41 2.03119e+41 2.03119e+41 2.03119e+41 0 0 0 5.32596e+41 4.64348e+42 0 0 0
25483 1.4737e+41 1.4737e+41 1.54139e+41 1.54139e+41 1.54139e+41 0 0 0 4.52987e+41 4.64348e+42 0 0 0
29427.3 1.11172e+41 1.11172e+41 1.16921e+41 1.16921e+41 1.16921e+41 0 0 0 3.8445e+41 4.64348e+42 0 0 0
33982.1 8.37889e+40 8.37889e+40 8.86512e+40 8.86512e+40 8.86512e+40 0 0 0 3.25521e+41 4.64348e+42 0 0 0
39241.9 6.30947e+40 6.30947e+40 6.71873e+40 6.71873e+40 6.71873e+40 0 0 0 2.7493e+41 4.64348e+42 0 0 0
45315.8 4.74715e+40 4.74715e+40 5.08988e+40 5.08988e+40 5.08988e+40 0 0 0 2.31572e+41 4.64348e+42 0 0 0
52329.9 3.56896e+40 3.56896e+40 3.85443e+40 3.85443e+40 3.85443e+40 0 0 0 1.94483e+41 4.64348e+42 0 0 0
60429.6 2.68144e+40 2.68144e+40 2.91787e+40 2.91787e+40 2.91787e+40 0 0 0 1.62825e+41 4.64348e+42 0 0 0
69783.1 2.01361e+40 2.01361e+40 2.20825e+40 2.20825e+40 2.20825e+40 0 0 0 1.35864e+41 4.64348e+42 0 0 0
80584.2 1.51161e+40 1.51161e+40 1.67087e+40 1.67087e+40 1.67087e+40 0 0 0 1.12957e+41 4.64348e+42 0 0 0
93057.2 1.13462e+40 1.13462e+40 1.2641e+40 1.2641e+40 1.2641e+40 0 0 0 9.35457e+40 4.64348e+42 0 0 0
107461 8.51719e+39 8.51719e+39 9.56317e+39 9.56317e+39 9.56317e+39 0 0 0 7.71382e+40 4.64348e+42 0 0 0
124094 6.39548e+39 6.39548e+39 7.23502e+39 7.23502e+39 7.23502e+39 0 0 0 6.33069e+40 4.64348e+42 0 0 0
143301 4.80472e+39 4.80472e+39 5.47428e+39 5.47428e+39 5.47428e+39 0 0 0 5.16794e+40 4.64348e+42 0 0 0
165482 3.61211e+39 3.61211e+39 4.14276e+39 4.14276e+39 4.14276e+39 0 0 0 4.19329e+40 4.64348e+42 0 0 0
191095 2.71778e+39 2.71778e+39 3.13577e+39 3.13577e+39 3.13577e+39 0 0 0 3.37889e+40 4.64348e+42 0 0 0
220673 2.04681e+39 2.04681e+39 2.37411e+39 2.37411e+39 2.37411e+39 0 0 0 2.70081e+40 4.64348e+42 0 0 0
254830 1.54305e+39 1.54305e+39 1.79787e+39 1.79787e+39 1.79787e+39 0 0 0 2.13863e+40 4.64348e+42 0 0 0
294273 1.16448e+39 1.16448e+39 1.36177e+39 1.36177e+39 1.36177e+39 0 0 0 1.67496e+40 4.64348e+42 0 0 0
339821 8.79695e+38 8.79695e+38 1.03164e+39 1.03164e+39 1.03164e+39 0 0 0 1.29503e+40 4.64348e+42 0 0 0
392419 6.65217e+38 6.65217e+38 7.81627e+38 7.81627e+38 7.81627e+38 0 0 0 9.8628e+39 4.64348e+42 0 0 0
453158 5.03504e+38 5.03504e+38 5.92241e+38 5.92241e+38 5.92241e+38 0 0 0 7.37974e+39 4.64348e+42 0 0 0
523299 3.81435e+38 3.81435e+38 4.48741e+38 4.48741e+38 4.48741e+38 2.45352e+30 6.0847e+34 0 5.40878e+39 4.64348e+42 0 0 0
604296 2.8919e+38 2.8919e+38 3.39987e+38 3.39987e+38 3.39987e+38 3.77918e+30 6.11097e+34 0 3.86959e+39 4.64348e+42 0 0 0
697831 2.19408e+38 2.19408e+38 2.57555e+38 2.57555e+38 2.57555e+38 5.10484e+30 6.13724e+34 0 2.69147e+39 4.64348e+42 0 0 0
805842 1.66567e+38 1.66567e+38 1.95071e+38 1.95071e+38 1.95071e+38 6.4305e+30 6.16351e+34 0 1.81155e+39 4.64348e+42 0 0 0
930572 1.26517e+38 1.26517e+38 1.47708e+38 1.47708e+38 1.47708e+38 7.75616e+30 6.18978e+34 0 1.17356e+39 4.64348e+42 0 0 0
1.07461e+06 9.61361e+37 9.61361e+37 1.1181e+38 1.1181e+38 1.1181e+38 9.82137e+30 6.22001e+34 0 7.27194e+38 4.64348e+42 0 0 0
1.24094e+06 7.30718e+37 7.30718e+37 8.46055e+37 8.46055e+37 8.46055e+37 1.31765e+31 6.22826e+34 0 4.27913e+38 4.64348e+42 0 0 0
1.43301e+06 5.55488e+37 5.55488e+37 6.39931e+37 6.39931e+37 6.39931e+37 1.75943e+31 6.23881e+34 0 2.37138e+38 4.64348e+42 0 0 0
1.65482e+06 4.22272e+37 4.22272e+37 4.83797e+37 4.83797e+37 4.83797e+37 2.34326e+31 6.25242e+34 0 1.22575e+38 4.64348e+42 0 0 0
1.91095e+06 3.20952e+37 3.20952e+37 3.6557e+37 3.6557e+37 3.6557e+37 3.17747e+31 6.27131e+34 0 5.84443e+37 4.64348e+42 0 0 0
2.20673e+06 2.43872e+37 2.43872e+37 2.76087e+37 2.76087e+37 2.76087e+37 4.24747e+31 6.29582e+34 0 2.53784e+37 4.64348e+42 0 0 0
2.5483e+06 1.85228e+37 1.85228e+37 2.08391e+37 2.08391e+37 2.08391e+37 5.65282e+31 6.32801e+34 0 9.88941e+36 4.64348e+42 0 0 0
2.94273e+06 1.40615e+37 1.40615e+37 1.57206e+37 1.57206e+37 1.57206e+37 7.5172e+31 6.37026e+34 0 3.40002e+36 4.64348e+42 0 0 0
3.39821e+06 1.06686e+37 1.06686e+37 1.18527e+37 1.18527e+37 1.18527e+37 1.02034e+32 6.4292e+34 0 1.01134e+36 4.64348e+42 0 0 0
3.92419e+06 8.08921e+36 8.08921e+36 8.93161e+36 8.93161e+36 8.93161e+36 1.3709e+32 6.5057e+34 0 2.54458e+35 4.64348e+42 0 0 0
4.53158e+06 6.12926e+36 6.12926e+36 6.7269e+36 6.7269e+36 6.7269e+36 1.84342e+32 6.60434e+34 0 5.27636e+34 4.64348e+42 0 0 0
5.23299e+06 4.6409e+36 4.6409e+36 5.06389e+36 5.06389e+36 5.06389e+36 2.47375e+32 6.72907e+34 0 8.75018e+33 4.64348e+42 0 0 0
6.04296e+06 3.51145e+36 3.51145e+36 3.81026e+36 3.81026e+36 3.81026e+36 3.36498e+32 6.89446e+34 0 1.12105e+33 4.64348e+42 0 0 0
6.97831e+06 2.655e+36 2.655e+36 2.8658e+36 2.8658e+36 2.8658e+36 4.5172e+32 7.08945e+34 0 1.06611e+32 4.64348e+42 0 0 0
8.05842e+06 2.00609e+36 2.00609e+36 2.15467e+36 2.15467e+36 2.15467e+36 6.01939e+32 7.31983e+34 0 7.18669e+30 4.64348e+42 0 0 0
9.30572e+06 1.51485e+36 1.51485e+36 1.61955e+36 1.61955e+36 1.61955e+36 7.99224e+32 7.58083e+34 0 3.25601e+29 4.64348e+42 0 0 0
1.07461e+07 1.14332e+36 1.14332e+36 1.21713e+36 1.21713e+36 1.21713e+36 1.06406e+33 7.89353e+34 0 9.32375e+27 4.64348e+42 0 0 0
1.24094e+07 8.62582e+35 8.62582e+35 9.14665e+35 9.14665e+35 9.14665e+35 1.3871e+33 8.20076e+34 0 1.57194e+26 4.64348e+42 0 0 0
1.43301e+07 6.50656e+35 6.50656e+35 6.87473e+35 6.87473e+35 6.87473e+35 1.77552e+33 8.50091e+34 0 1.43766e+24 4.64348e+42 0 0 0
1.65482e+07 4.90845e+35 4.90845e+35 5.16936e+35 5.16936e+35 5.16936e+35 2.23183e+33 8.77956e+34 0 6.48902e+21 4.64348e+42 0 0 0
1.91095e+07 3.70489e+35 3.70489e+35 3.89045e+35 3.89045e+35 3.89045e+35 2.7754e+33 9.01978e+34 0 1.29593e+19 4.64348e+42 0 0 0
2.20673e+07 2.79932e+35 2.79932e+35 2.93187e+35 2.93187e+35 2.93187e+35 3.35348e+33 9.22701e+34 0 1.00949e+16 4.64348e+42 0 0 0
2.5483e+07 2.119e+35 2.119e+35 2.21423e+35 2.21423e+35 2.21423e+35 3.97644e+33 9.3724e+34 0 2.65158e+12 4.64348e+42 0 0 0
2.94273e+07 1.60838e+35 1.60838e+35 1.67726e+35 1.67726e+35 1.67726e+35 4.5958e+33 9.37423e+34 0 1.98502e+08 4.64348e+42 0 0 0
3.39821e+07 1.2256e+35 1.2256e+35 1.27584e+35 1.27584e+35 1.27584e+35 5.19783e+33 9.20679e+34 0 3487.78 4.64348e+42 0 0 0
3.92419e+07 9.3841e+34 9.3841e+34 9.7541e+34 9.7541e+34 9.7541e+34 5.71086e+33 8.86556e+34 0 0.0114942 4.64348e+42 0 0 0
4.53158e+07 7.23126e+34 7.23126e+34 7.5068e+34 7.5068e+34 7.5068e+34 6.15598e+33 8.4106e+34 0 5.48394e-09 4.64348e+42 0 0 0
5.23299e+07 5.61471e+34 5.61471e+34 5.82247e+34 5.82247e+34 5.82247e+34 6.50654e+33 7.88601e+34 0 2.80884e-16 4.64348e+42 0 0 0
6.04296e+07 4.39358e+34 4.39358e+34 4.55223e+34 4.55223e+34 4.55223e+34 6.70775e+33 7.24011e+34 0 1.09348e-24 4.64348e+42 0 0 0
6.97831e+07 3.46433e+34 3.46433e+34 3.58698e+34 3.58698e+34 3.58698e+34 6.74408e+33 6.48734e+34 0 2.17149e-34 4.64348e+42 0 0 0
8.05842e+07 2.7517e+34 2.7517e+34 2.84766e+34 2.84766e+34 2.84766e+34 6.62993e+33 5.64021e+34 0 1.38795e-45 4.64348e+42 0 0 0
9.30572e+07 2.19873e+34 2.19873e+34 2.27458e+34 2.27458e+34 2.27458e+34 6.36938e+33 4.72835e+34 0 1.67769e-58 4.64348e+42 0 0 0
1.07461e+08 1.76252e+34 1.76252e+34 1.82291e+34 1.82291e+34 1.82291e+34 5.96294e+33 3.80344e+34 0 2.07523e-73 4.64348e+42 475.4 0 0
1.24094e+08 1.41821e+34 1.41821e+34 1.46667e+34 1.46667e+34 1.46667e+34 5.48989e+33 3.01058e+34 0 1.29257e-90 4.64348e+42 417.647 0 0
1.43301e+08 1.1414e+34 1.1414e+34 1.18041e+34 1.18041e+34 1.18041e+34 4.94727e+33 2.34078e+34 0 1.78738e-110 4.64348e+42 366.91 0 0
1.65482e+08 9.15604e+33 9.15604e+33 9.47015e+33 9.47015e+33 9.47015e+33 4.35329e+33 1.79104e+34 0 2.13132e-133 4.64348e+42 322.337 0 0
1.91095e+08 7.26499e+33 7.26499e+33 7.51583e+33 7.51583e+33 7.51583e+33 3.70042e+33 1.33534e+34 0 7.35303e-160 4.64348e+42 283.178 0 0
2.20673e+08 5.74011e+33 5.74011e+33 5.94005e+33 5.94005e+33 5.94005e+33 3.10021e+33 1.00079e+34 0 2.07959e-190 4.64348e+42 248.777 0 0
2.5483e+08 4.49643e+33 4.49643e+33 4.65478e+33 4.65478e+33 4.65478e+33 2.54466e+33 7.41619e+33 0 1.12386e-225 4.64348e+42 218.554 0 0
2.94273e+08 3.48648e+33 3.48648e+33 3.61085e+33 3.61085e+33 3.61085e+33 2.04589e+33 5.43497e+33 0 2.15928e-266 4.64348e+42 192.004 0 0
3.39821e+08 2.65771e+33 2.65771e+33 2.75389e+33 2.75389e+33 2.75389e+33 1.59456e+33 3.91238e+33 0 0 4.64348e+42 176.12 0 0
3.92419e+08 2.01975e+33 2.01975e+33 2.09401e+33 2.09401e+33 2.09401e+33 1.23843e+33 2.86233e+33 0 0 4.64348e+42 168.678 0 0
4.53158e+08 1.51981e+33 1.51981e+33 1.57663e+33 1.57663e+33 1.57663e+33 9.47254e+32 2.08449e+33 0 0 4.64348e+42 161.551 0 0
5.23299e+08 1.13053e+33 1.13053e+33 1.17356e+33 1.17356e+33 1.17356e+33 7.12102e+32 1.51172e+33 0 0 4.64348e+42 154.725 0 0
6.04296e+08 8.32876e+32 8.32876e+32 8.65169e+32 8.65169e+32 8.65169e+32 5.28211e+32 1.08477e+33 0 0 4.64348e+42 148.187 0 0
6.97831e+08 6.16568e+32 6.16568e+32 6.40935e+32 6.40935e+32 6.40935e+32 3.96895e+32 7.94472e+32 0 0 4.64348e+42 141.925 0 0
8.05842e+08 4.53767e+32 4.53767e+32 4.72055e+32 4.72055e+32 4.72055e+32 2.96438e+32 5.80891e+32 0 0 4.64348e+42 135.928 0 0
9.30572e+08 3.31732e+32 3.31732e+32 3.45371e+32 3.45371e+32 3.45371e+32 2.19812e+32 4.23713e+32 0 0 4.64348e+42 130.185 0 0
1.07461e+09 2.40046e+32 2.40046e+32 2.50116e+32 2.50116e+32 2.50116e+32 1.60819e+32 3.04692e+32 0 0 4.64348e+42 130.654 0 0
1.24094e+09 1.75513e+32 1.75513e+32 1.83026e+32 1.83026e+32 1.83026e+32 1.20339e+32 2.2418e+32 0 0 4.64348e+42 137.403 0 0
1.43301e+09 1.28156e+32 1.28156e+32 1.33755e+32 1.33755e+32 1.33755e+32 9.01838e+31 1.64501e+32 0 0 4.64348e+42 144.501 0 0
1.65482e+09 9.32064e+31 9.32064e+31 9.73623e+31 9.73623e+31 9.73623e+31 6.73651e+31 1.20346e+32 0 0 4.64348e+42 151.966 0 0
1.91095e+09 6.71483e+31 6.71483e+31 7.02043e+31 7.02043e+31 7.02043e+31 4.9696e+31 8.6601e+31 0 0 4.64348e+42 159.817 0 0
2.20673e+09 4.88808e+31 4.88808e+31 5.11546e+31 5.11546e+31 5.11546e+31 3.7444e+31 6.38573e+31 0 0 4.64348e+42 168.073 0 0
2.5483e+09 3.5363e+31 3.5363e+31 3.70672e+31 3.70672e+31 3.70672e+31 2.8129e+31 4.69559e+31 0 0 4.64348e+42 176.755 0 0
2.94273e+09 2.50283e+31 2.50283e+31 2.63887e+31 2.63887e+31 2.63887e+31 2.1031e+31 3.4418e+31 0 0 4.64348e+42 185.886 0 0
3.39821e+09 1.61021e+31 1.61021e+31 1.74499e+31 1.74499e+31 1.74499e+31 1.54433e+31 2.48145e+31 0 0 4.64348e+42 195.489 0 0
3.92419e+09 8.00359e+30 8.00359e+30 9.70563e+30 9.70563e+30 9.70563e+30 1.16009e+31 1.83109e+31 0 0 4.64348e+42 205.588 0 0
4.53158e+09 2.24134e+30 2.24134e+30 3.96957e+30 3.96957e+30 3.96957e+30 8.68599e+30 1.34637e+31 0 0 4.64348e+42 216.208 0 0
5.23299e+09 2.55155e+29 2.55155e+29 1.30606e+30 1.30606e+30 1.30606e+30 6.48088e+30 9.85938e+30 0 0 4.64348e+42 227.377 0 0
6.04296e+09 6.41453e+27 6.41453e+27 4.09802e+29 4.09802e+29 4.09802e+29 4.73909e+30 7.10753e+30 0 0 4.64348e+42 239.123 0 0
6.97831e+09 1.20443e+25 1.20443e+25 1.39322e+29 1.39322e+29 1.39322e+29 3.55328e+30 5.23915e+30 0 0 4.64348e+42 251.476 0 0
8.05842e+09 3.55259e+20 3.55259e+20 5.17658e+28 5.17658e+28 5.17658e+28 2.65538e+30 3.85138e+30 0 0 4.64348e+42 264.467 0 0
9.30572e+09 3.07417e+13 3.07417e+13 2.09875e+28 2.09875e+28 2.09875e+28 1.97186e+30 2.82332e+30 0 0 4.64348e+42 278.129 0 0
1.07461e+10 1856.45 1856.45 9.13949e+27 9.13949e+27 9.13949e+27 1.43867e+30 2.04178e+30 0 0 4.64348e+42 312.066 0 0
1.24094e+10 3.5837e-11 3.5837e-11 4.34977e+27 4.34977e+27 4.34977e+27 1.07029e+30 1.51012e+30 0 0 4.64348e+42 373.57 0 0
1.43301e+10 2.3118e-28 2.3118e-28 2.20133e+27 2.20133e+27 2.20133e+27 7.91396e+29 1.11412e+30 0 0 4.64348e+42 447.195 0 0
1.65482e+10 1.34971e-48 1.34971e-48 1.17717e+27 1.17717e+27 1.17717e+27 5.83364e+29 8.19461e+29 0 0 4.64348e+42 535.331 0 0
1.91095e+10 4.26531e-71 4.26531e-71 6.52349e+26 6.52349e+26 6.52349e+26 4.21959e+29 5.92723e+29 0 0 4.64348e+42 640.836 0 0
2.20673e+10 7.88816e-95 7.88816e-95 3.8409e+26 3.8409e+26 3.8409e+26 3.12256e+29 4.38695e+29 0 0 4.64348e+42 767.135 34.7254 0
2.5483e+10 1.1093e-118 1.1093e-118 2.34294e+26 2.34294e+26 2.34294e+26 2.303e+29 3.23627e+29 0 0 4.64348e+42 918.326 22.9578 0
2.94273e+10 1.47293e-141 1.47293e-141 1.47402e+26 1.47402e+26 1.47402e+26 1.69356e+29 2.37918e+29 0 0 4.64348e+42 1099.31 15.5417 0
3.39821e+10 1.66971e-162 1.66971e-162 9.40591e+25 9.40591e+25 9.40591e+25 1.22206e+29 1.71736e+29 0 0 4.64348e+42 1315.97 10.7604 0
3.92419e+10 9.67529e-181 9.67529e-181 6.28796e+25 6.28796e+25 6.28796e+25 9.0577e+28 1.2713e+29 0 0 4.64348e+42 1575.33 7.61059 0
4.53158e+10 9.48946e-196 9.48946e-196 4.29277e+25 4.29277e+25 4.29277e+25 6.69872e+28 9.38795e+28 0 0 4.64348e+42 1885.81 5.49245 0
5.23299e+10 3.1194e-207 3.1194e-207 2.9864e+25 2.9864e+25 2.9864e+25 4.94606e+28 6.91332e+28 0 0 4.64348e+42 2257.47 4.04008 0
6.04296e+10 4.11933e-215 4.11933e-215 2.08646e+25 2.08646e+25 2.08646e+25 3.59154e+28 4.99812e+28 0 0 4.64348e+42 2702.38 3.02568 0
6.97831e+10 1.82162e-219 1.82162e-219 1.51256e+25 1.51256e+25 1.51256e+25 2.67641e+28 3.70935e+28 0 0 4.64348e+42 3234.98 2.3047 0
8.05842e+10 1.54591e-220 1.54591e-220 1.10983e+25 1.10983e+25 1.10983e+25 1.9891e+28 2.74649e+28 0 0 4.64348e+42 3872.55 1.78376 0
9.30572e+10 1.18184e-218 1.18184e-218 8.22858e+24 8.22858e+24 8.22858e+24 1.47423e+28 2.02778e+28 0 0 4.64348e+42 4635.77 1.40144 0
1.07461e+11 3.28992e-214 3.28992e-214 6.07218e+24 6.07218e+24 6.07218e+24 1.07203e+28 1.46849e+28 0 0 4.64348e+42 5549.41 1.11671 0
1.24094e+11 1.33168e-207 1.33168e-207 4.61851e+24 4.61851e+24 4.61851e+24 7.98595e+27 1.09139e+28 0 0 4.64348e+42 6643.12 0.901709 0
1.43301e+11 2.94068e-199 2.94068e-199 3.5343e+24 3.5343e+24 3.5343e+24 5.92854e+27 8.08894e+27 0 0 4.64348e+42 7952.38 0.737233 0
1.65482e+11 1.41628e-189 1.41628e-189 2.71739e+24 2.71739e+24 2.71739e+24 4.3842e+27 5.97554e+27 0 0 4.64348e+42 9519.67 0.609868 0
1.91095e+11 6.30272e-179 6.30272e-179 2.06913e+24 2.06913e+24 2.06913e+24 3.17938e+27 4.32669e+27 0 0 4.64348e+42 11395.9 0.510106 0
2.20673e+11 1.26463e-167 1.26463e-167 1.61947e+24 1.61947e+24 1.61947e+24 2.36346e+27 3.21527e+27 0 0 4.64348e+42 13641.8 0.431129 0
2.5483e+11 5.79236e-156 5.79236e-156 1.27116e+24 1.27116e+24 1.27116e+24 1.75129e+27 2.38238e+27 0 0 4.64348e+42 16330.4 0.367983 0
2.94273e+11 3.47223e-144 3.47223e-144 9.99867e+23 9.99867e+23 9.99867e+23 1.2934e+27 1.75932e+27 0 0 4.64348e+42 19548.9 0.317029 0
3.39821e+11 1.69763e-132 1.69763e-132 7.76874e+23 7.76874e+23 7.76874e+23 9.37196e+26 1.27309e+27 0 0 4.64348e+42 0 0.275565 0
3.92419e+11 4.86596e-121 4.86596e-121 6.19393e+23 6.19393e+23 6.19393e+23 6.96439e+26 9.45627e+26 0 0 4.64348e+42 0 0.241562 0
4.53158e+11 5.98681e-110 5.98681e-110 4.94141e+23 4.94141e+23 4.94141e+23 5.15919e+26 7.00284e+26 0 0 4.64348e+42 0 0.213483 0
5.23299e+11 2.5499e-99 2.54991e-99 3.94196e+23 3.94196e+23 3.94196e+23 3.80934e+26 5.16806e+26 0 0 4.64348e+42 0 0.190154 0
6.04296e+11 3.182e-89 3.182e-89 3.09826e+23 3.09826e+23 3.09826e+23 2.75853e+26 3.73642e+26 0 0 4.64348e+42 0 0.170669 0
6.97831e+11 1.09553e-79 1.09554e-79 2.49524e+23 2.49524e+23 2.49524e+23 2.04899e+26 2.77312e+26 0 0 4.64348e+42 0 0.154323 0
8.05842e+11 9.59122e-71 9.59122e-71 2.00687e+23 2.00687e+23 2.00687e+23 1.51713e+26 2.05178e+26 0 0 4.64348e+42 0 0.140565 0
9.30572e+11 2.08992e-62 2.08992e-62 1.61081e+23 1.61081e+23 1.61081e+23 1.11957e+26 1.51265e+26 0 0 4.64348e+42 0 0.12896 0
1.07461e+12 1.12387e-54 1.12387e-54 1.27067e+23 1.27067e+23 1.27067e+23 8.09997e+25 1.09216e+26 0 0 4.64348e+42 0 0.119166 0
1.24094e+12 1.59695e-47 1.59695e-47 1.02551e+23 1.02551e+23 1.02551e+23 6.01202e+25 8.09604e+25 0 0 4.64348e+42 0 0.110908 0
1.43301e+12 6.10177e-41 6.10177e-41 8.24647e+22 8.24647e+22 8.24647e+22 4.44778e+25 5.98196e+25 0 0 4.64348e+42 0 0.103969 0
1.65482e+12 6.62026e-35 6.62026e-35 6.6014e+22 6.6014e+22 6.6014e+22 3.27917e+25 4.40336e+25 0 0 4.64348e+42 0 0.098177 0
1.91095e+12 2.13827e-29 2.13827e-29 5.17719e+22 5.17719e+22 5.17719e+22 2.36938e+25 3.17316e+25 0 0 4.64348e+42 0 0.0933933 0
2.20673e+12 2.29294e-24 2.29294e-24 4.14402e+22 4.14402e+22 4.14402e+22 1.75657e+25 2.34798e+25 0 0 4.64348e+42 0 0.0895108 0
2.5483e+12 8.52579e-20 8.52579e-20 3.29415e+22 3.29415e+22 3.29415e+22 1.29786e+25 1.73139e+25 0 0 4.64348e+42 0 0.0864461 0
2.94273e+12 1.17943e-15 1.17943e-15 2.59743e+22 2.59743e+22 2.59743e+22 9.55513e+24 1.27167e+25 0 0 4.64348e+42 0 0.0841374 0
3.39821e+12 6.40847e-12 6.40847e-12 1.99767e+22 1.99767e+22 1.99767e+22 6.89098e+24 9.13818e+24 0 0 4.64348e+42 0 0.082541 0
3.92419e+12 1.52875e-08 1.52875e-08 1.5628e+22 1.5628e+22 1.5628e+22 5.09999e+24 6.74435e+24 0 0 4.64348e+42 0 0.08163 0
4.53158e+12 1.66448e-05 1.66448e-05 1.20911e+22 1.20911e+22 1.20911e+22 3.76108e+24 4.95905e+24 0 0 4.64348e+42 0 0.0813928 0
5.23299e+12 0.00880798 0.00880799 9.24102e+21 9.24102e+21 9.24102e+21 2.76322e+24 3.63079e+24 0 0 4.64348e+42 0 0.0818329 0
6.04296e+12 2.36593 2.36594 6.85835e+21 6.85835e+21 6.85835e+21 1.98736e+24 2.59864e+24 0 0 4.64348e+42 0 0.0829683 0
6.97831e+12 356.825 356.825 5.16418e+21 5.16418e+21 5.16418e+21 1.4672e+24 1.91088e+24 0 0 4.64348e+42 0 0.0848322 0
8.05842e+12 30982.3 30982.3 3.83528e+21 3.83528e+21 3.83528e+21 1.07907e+24 1.39939e+24 0 0 4.64348e+42 0 0.0874729 0
9.30572e+12 1.62702e+06 1.62702e+06 2.80858e+21 2.80858e+21 2.80858e+21 7.90396e+23 1.02001e+24 0 0 4.64348e+42 0 0.0909553 0
1.07461e+13 5.31969e+07 5.3197e+07 1.99404e+21 1.99404e+21 1.99404e+21 5.66261e+23 7.25918e+23 0 0 4.64348e+42 0 0.0953611 0
1.24094e+13 1.18365e+09 1.18365e+09 1.43809e+21 1.43809e+21 1.43809e+21 4.16584e+23 5.31068e+23 0 0 4.64348e+42 0 0.10079 0
1.43301e+13 1.81142e+10 1.81142e+10 1.02417e+21 1.02417e+21 1.02417e+21 3.052e+23 3.86737e+23 0 0 4.64348e+42 0 0.10736 0
1.65482e+13 1.97684e+11 1.97685e+11 7.20649e+20 7.20649e+20 7.20649e+20 2.22596e+23 2.80152e+23 0 0 4.64348e+42 0 0.115206 0
1.91095e+13 1.56238e+12 1.56238e+12 4.92513e+20 4.92513e+20 4.92513e+20 1.58605e+23 1.9781e+23 0 0 4.64348e+42 0 0.12448 0
2.20673e+13 9.67609e+12 9.67611e+12 3.43421e+20 3.43421e+20 3.43421e+20 1.16105e+23 1.43694e+23 0 0 4.64348e+42 0 0.135345 0
2.5483e+13 4.68489e+13 4.6849e+13 2.3727e+20 2.3727e+20 2.3727e+20 8.45998e+22 1.03834e+23 0 0 4.64348e+42 0 0.147968 0
2.94273e+13 1.81817e+14 1.81817e+14 1.62519e+20 1.62519e+20 1.62519e+20 6.13353e+22 7.45816e+22 0 0 4.64348e+42 0 0.162507 0
3.39821e+13 5.67631e+14 5.67635e+14 1.08337e+20 1.08337e+20 1.08337e+20 4.33687e+22 5.20888e+22 0 0 4.64348e+42 0 0.179093 0
3.92419e+13 1.5318e+15 1.53181e+15 7.40254e+19 7.40254e+19 7.40254e+19 3.153e+22 3.74751e+22 0 0 4.64348e+42 0 0.197804 0
4.53158e+13 3.52603e+15 3.52607e+15 5.02503e+19 5.02503e+19 5.02503e+19 2.2802e+22 2.6796e+22 0 0 4.64348e+42 0 0.218621 0
5.23299e+13 7.0378e+15 7.0379e+15 3.3893e+19 3.3893e+19 3.3893e+19 1.63955e+22 1.90262e+22 0 0 4.64348e+42 0 0.241387 0
6.04296e+13 1.21072e+16 1.21074e+16 2.22505e+19 2.22505e+19 2.22505e+19 1.14701e+22 1.3091e+22 0 0 4.64348e+42 0 0.265741 0
6.97831e+13 1.92252e+16 1.92256e+16 1.50274e+19 1.50274e+19 1.50274e+19 8.2605e+21 9.29605e+21 0 0 4.64348e+42 0 0.291055 0
8.05842e+13 2.75632e+16 2.75639e+16 1.00934e+19 1.00934e+19 1.00934e+19 5.91246e+21 6.55318e+21 0 0 4.64348e+42 0 0.316368 0
9.30572e+13 3.60494e+16 3.60505e+16 6.74046e+18 6.74046e+18 6.74046e+18 4.20344e+21 4.58124e+21 0 0 4.64348e+42 0 0.340344 0
1.07461e+14 4.24167e+16 4.24184e+16 4.37211e+18 4.37211e+18 4.37211e+18 2.89776e+21 3.08846e+21 0 0 4.64348e+42 0 0 0
1.24094e+14 4.81106e+16 4.81133e+16 2.92657e+18 2.92657e+18 2.92657e+18 2.06018e+21 2.15502e+21 0 0 4.64348e+42 0 0 0
1.43301e+14 5.10659e+16 5.10711e+16 1.94776e+18 1.94776e+18 1.94776e+18 1.45398e+21 1.49048e+21 0 0 4.64348e+42 0 0 0
1.65482e+14 5.10352e+16 5.10458e+16 1.28813e+18 1.28813e+18 1.28813e+18 1.01789e+21 1.02047e+21 0 0 4.64348e+42 0 0 0
1.91095e+14 4.70256e+16 4.70458e+16 8.23978e+17 8.23978e+17 8.23978e+17 6.87694e+20 6.69094e+20 0 0 4.64348e+42 0 0 0
2.20673e+14 4.29929e+16 4.30292e+16 5.45715e+17 5.45715e+17 5.45715e+17 4.80433e+20 4.56031e+20 0 0 4.64348e+42 0 0 0
2.5483e+14 3.75836e+16 3.76411e+16 3.58926e+17 3.58926e+17 3.58926e+17 3.32649e+20 3.07455e+20 0 0 4.64348e+42 0 0 0
2.94273e+14 3.15202e+16 3.16012e+16 2.34242e+17 2.34242e+17 2.34242e+17 2.28069e+20 2.04716e+20 0 0 4.64348e+42 0 0 0
3.39821e+14 2.4647e+16 2.47457e+16 1.46861e+17 1.46861e+17 1.46861e+17 1.49852e+20 1.29211e+20 0 0 4.64348e+42 0 0 0
3.92419e+14 1.95159e+16 1.963e+16 9.57487e+16 9.57487e+16 9.57487e+16 1.02231e+20 8.53399e+19 0 0 4.64348e+42 0 0 0
4.53158e+14 1.49586e+16 1.50792e+16 6.18659e+16 6.18659e+16 6.18659e+16 6.89725e+19 5.56051e+19 0 0 4.64348e+42 0 0 0
5.23299e+14 1.11167e+16 1.12341e+16 3.95703e+16 3.95703e+16 3.95703e+16 4.5967e+19 3.56693e+19 0 0 4.64348e+42 0 0 0
6.04296e+14 7.71277e+15 7.81492e+15 2.40648e+16 2.40648e+16 2.40648e+16 2.90557e+19 2.13615e+19 0 0 4.64348e+42 0 0 0
6.97831e+14 5.51074e+15 5.59879e+15 1.53157e+16 1.53157e+16 1.53157e+16 1.91907e+19 1.35271e+19 0 0 4.64348e+42 0 0 0
8.05842e+14 3.83592e+15 3.9074e+15 9.63078e+15 9.63078e+15 9.63078e+15 1.24974e+19 8.421e+18 0 0 4.64348e+42 0 0 0
9.30572e+14 2.60204e+15 2.65694e+15 5.97471e+15 5.97471e+15 5.97471e+15 8.01277e+18 5.13985e+18 0 0 4.64348e+42 0 0 0
1.07461e+15 1.63411e+15 1.67214e+15 3.46869e+15 3.46869e+15 3.46869e+15 4.7959e+18 2.86149e+18 0 0 4.64348e+42 0 0 0
1.24094e+15 1.0745e+15 1.10145e+15 2.12838e+15 2.12838e+15 2.12838e+15 3.02984e+18 1.71325e+18 0 0 4.64348e+42 0 0 0
1.43301e+15 6.89381e+14 7.07648e+14 1.28478e+15 1.28478e+15 1.28478e+15 1.87943e+18 1.004e+18 0 0 4.64348e+42 0 0 0
1.65482e+15 4.31183e+14 4.43037e+14 7.61503e+14 7.61503e+14 7.61503e+14 1.14263e+18 5.73874e+17 0 0 4.64348e+42 0 0 0
1.91095e+15 2.44567e+14 2.51433e+14 4.11889e+14 4.11889e+14 4.11889e+14 6.32499e+17 2.88639e+17 0 0 4.64348e+42 0 0 0
2.20673e+15 1.48348e+14 1.52541e+14 2.3957e+14 2.3957e+14 2.3957e+14 3.7579e+17 1.60507e+17 0 0 4.64348e+42 0 0 0
2.5483e+15 8.74041e+13 8.986e+13 1.36007e+14 1.36007e+14 1.36007e+14 2.1798e+17 8.68987e+16 0 0 4.64348e+42 0 0 0
2.94273e+15 5.01798e+13 5.1566e+13 7.55601e+13 7.55601e+13 7.55601e+13 1.23223e+17 4.55935e+16 0 0 4.64348e+42 0 0 0
3.39821e+15 2.5075e+13 2.57493e+13 3.6676e+13 3.6676e+13 3.6676e+13 6.09252e+16 1.98866e+16 0 0 4.64348e+42 0 0 0
3.92419e+15 1.38255e+13 1.41841e+13 1.97083e+13 1.97083e+13 1.97083e+13 3.32696e+16 1.00309e+16 0 0 4.64348e+42 0 0 0
4.53158e+15 7.37346e+12 7.55652e+12 1.02744e+13 1.02744e+13 1.02744e+13 1.75981e+16 4.89362e+15 0 0 4.64348e+42 0 0 0
5.23299e+15 3.80044e+12 3.89011e+12 5.19016e+12 5.19016e+12 5.19016e+12 9.00532e+15 2.29466e+15 0 0 4.64348e+42 0 0 0
6.04296e+15 1.60364e+12 1.63937e+12 2.15145e+12 2.15145e+12 2.15145e+12 3.77414e+15 8.14275e+14 0 0 4.64348e+42 0 0 0
6.97831e+15 7.82291e+11 7.98655e+11 1.03318e+12 1.03318e+12 1.03318e+12 1.83073e+15 3.6002e+14 0 0 4.64348e+42 0 0 0
8.05842e+15 3.64781e+11 3.71908e+11 4.75143e+11 4.75143e+11 4.75143e+11 8.49224e+14 1.5275e+14 0 0 4.64348e+42 0 0 0
9.30572e+15 1.62778e+11 1.65735e+11 2.09456e+11 2.09456e+11 2.09456e+11 3.77082e+14 6.17031e+13 0 0 4.64348e+42 0 0 0
1.07461e+16 5.32398e+10 5.41354e+10 6.77761e+10 6.77761e+10 6.77761e+10 1.22717e+14 1.60072e+13 0 0 4.64348e+42 0 0 0
1.24094e+16 2.18173e+10 2.21558e+10 2.7514e+10 2.7514e+10 2.7514e+10 5.00548e+13 5.88316e+12 0 0 4.64348e+42 0 0 0
1.43301e+16 8.35326e+09 8.47243e+09 1.04479e+10 1.04479e+10 1.04479e+10 1.90763e+13 2.05856e+12 0 0 4.64348e+42 0 0 0
1.65482e+16 3.00298e+09 3.04225e+09 3.72906e+09 3.72906e+09 3.72906e+09 6.82314e+12 6.82988e+11 0 0 4.64348e+42 0 0 0
1.91095e+16 6.65224e+08 6.73174e+08 8.20897e+08 8.20897e+08 8.20897e+08 1.50483e+12 1.07135e+11 0 0 4.64348e+42 0 0 0
2.20673e+16 2.09966e+08 2.12254e+08 2.57693e+08 2.57693e+08 2.57693e+08 4.72644e+11 2.98057e+10 0 0 4.64348e+42 0 0 0
2.5483e+16 5.91749e+07 5.97613e+07 7.22841e+07 7.22841e+07 7.22841e+07 1.32527e+11 7.78196e+09 0 0 4.64348e+42 0 0 0
2.94273e+16 1.47717e+07 1.49046e+07 1.79709e+07 1.79709e+07 1.79709e+07 3.29055e+10 1.95719e+09 0 0 4.64348e+42 0 0 0
3.39821e+16 1.81064e+06 1.82539e+06 2.19512e+06 2.19512e+06 2.19512e+06 4.01042e+09 1.41307e+08 0 0 4.64348e+42 0 0 0
3.92419e+16 377676 380459 456516 456516 456516 8.31459e+08 2.50658e+07 0 0 4.64348e+42 0 0 0
4.53158e+16 65038.8 65471.4 78418.3 78418.3 78418.3 1.42256e+08 3.9196e+06 0 0 4.64348e+42 0 0 0
5.23299e+16 8602.69 8654.27 10350.6 10350.6 10350.6 1.8686e+07 595554 0 0 4.64348e+42 0 0 0
6.04296e+16 388.703 390.801 466.863 466.863 466.863 838083 13192.2 0 0 4.64348e+42 0 0 0
6.97831e+16 35.4865 35.6587 42.5611 42.5611 42.5611 75917.9 836.042 0 0 4.64348e+42 0 0 0
8.05842e+16 1.40529 1.41141 1.68351 1.68351 1.68351 2982.25 17.1195 0 0 4.64348e+42 0 0 0
9.30572e+16 0 0 0 0 0 0 0 0 0 4.64348e+42 0 0 0