
1.07461e-07 0 0 2.2008e+52 5.83467e+52 8.24478e+56 0 0 1.98956e+44 0 4.64348e+42 0 0 1
1.24094e-07 0 0 2.9045e+52 6.75698e+52 7.38471e+56 0 0 2.29751e+44 0 4.64348e+42 0 0 1
1.43301e-07 0 0 3.77185e+52 7.83587e+52 6.61252e+56 0 0 2.65313e+44 0 4.64348e+42 0 0 1
1.65482e-07 0 0 4.83131e+52 9.09989e+52 5.91922e+56 0 0 3.06378e+44 0 4.64348e+42 0 0 1
1.91095e-07 0 0 6.11652e+52 1.05833e+53 5.29672e+56 0 0 3.538e+44 0 4.64348e+42 0 0 1
2.20673e-07 0 0 7.6676e+52 1.2327e+53 4.73782e+56 0 0 4.08562e+44 0 4.64348e+42 0 0 1
2.5483e-07 0 0 9.53233e+52 1.43801e+53 4.23607e+56 0 0 4.718e+44 0 4.64348e+42 0 0 1
2.94273e-07 0 0 1.17677e+53 1.68004e+53 3.7857e+56 0 0 5.44826e+44 0 4.64348e+42 0 0 1
3.39821e-07 0 0 1.44413e+53 1.96566e+53 3.38151e+56 0 0 6.29155e+44 0 4.64348e+42 0 0 1
3.92419e-07 0 0 1.76339e+53 2.30305e+53 3.01884e+56 0 0 7.26537e+44 0 4.64348e+42 0 0 1
4.53158e-07 0 0 2.14413e+53 2.70187e+53 2.6935e+56 0 0 8.38992e+44 0 4.64348e+42 0 0 1
5.23299e-07 0 0 2.5978e+53 3.17365e+53 2.40172e+56 0 0 9.68853e+44 0 4.64348e+42 0 0 1
6.04296e-07 0 0 3.13799e+53 3.73207e+53 2.14011e+56 0 0 1.11881e+45 0 4.64348e+42 0 0 1
6.97831e-07 0 0 3.78085e+53 4.39335e+53 1.90563e+56 0 0 1.29199e+45 0 4.64348e+42 0 0 1
8.05842e-07 0 0 4.54551e+53 5.17665e+53 1.69554e+56 0 0 1.49196e+45 0 4.64348e+42 0 0 1
9.30572e-07 0 0 5.45465e+53 6.1047e+53 1.50738e+56 0 0 1.72289e+45 0 4.64348e+42 0 0 1
1.07461e-06 0 0 6.53509e+53 7.20435e+53 1.33892e+56 0 0 1.98956e+45 0 4.64348e+42 0 0 1
1.24094e-06 0 0 7.81855e+53 8.50735e+53 1.18819e+56 0 0 2.29751e+45 0 4.64348e+42 0 0 1
1.43301e-06 0 0 9.34256e+53 1.00512e+54 1.05339e+56 0 0 2.65312e+45 0 4.64348e+42 0 0 1
1.65482e-06 0 0 1.11514e+54 1.18803e+54 9.32901e+55 0 0 3.06378e+45 0 4.64348e+42 0 0 1
1.91095e-06 0 0 1.32974e+54 1.40468e+54 8.25275e+55 0 0 3.538e+45 0 4.64348e+42 0 0 1
2.20673e-06 0 0 1.58422e+54 1.66125e+54 7.29205e+55 0 0 4.08561e+45 0 4.64348e+42 0 0 1
2.5483e-06 0 0 1.88587e+54 1.96503e+54 6.43515e+55 0 0 4.71799e+45 0 4.64348e+42 0 0 1
2.94273e-06 0 0 2.2433e+54 2.32461e+54 5.67145e+55 0 0 5.44825e+45 0 4.64348e+42 0 0 1
3.39821e-06 2.90463e-188 2.90463e-188 2.66663e+54 2.75013e+54 4.99142e+55 0 0 6.29154e+45 4.29598e-193 4.64348e+42 0 0 1
3.92419e-06 4.43341e-125 4.43341e-125 3.16784e+54 3.25355e+54 4.38646e+55 0 0 7.26536e+45 4.77979e-130 4.64348e+42 0 0 1
4.53158e-06 2.34444e-78 2.34444e-78 3.76088e+54 3.84885e+54 3.84886e+55 0 0 8.3899e+45 1.84367e-83 4.64348e+42 0 0 1
5.23299e-06 8.432e-44 8.432e-44 4.46022e+54 4.55042e+54 3.37163e+55 0 0 9.6885e+45 4.84181e-49 4.64348e+42 0 0 1
6.04296e-06 3.06711e-18 3.06711e-18 5.271e+54 5.36319e+54 2.94851e+55 0 0 1.11881e+46 1.29053e-23 4.64348e+42 0 0 1
6.97831e-06 24.8401 24.8401 6.16472e+54 6.25797e+54 2.57385e+55 0 0 1.29198e+46 7.7388e-05 4.64348e+42 0 0 1
8.05842e-06 2.40057e+15 2.40057e+15 7.05719e+54 7.14955e+54 2.24254e+55 0 0 1.49196e+46 5.65739e+09 4.64348e+42 0 0 1
9.30572e-06 5.23767e+25 5.23767e+25 7.82191e+54 7.91047e+54 1.95002e+55 0 0 1.72288e+46 9.64403e+19 4.64348e+42 0 0 1
1.07461e-05 2.2707e+33 2.2707e+33 8.33899e+54 8.4207e+54 1.69215e+55 0 0 1.98955e+46 3.39609e+27 4.64348e+42 0 0 1
1.24094e-05 9.79873e+38 9.79873e+38 8.54169e+54 8.61411e+54 1.4652e+55 0 0 2.2975e+46 1.23897e+33 4.64348e+42 0 0 1
1.43301e-05 1.39009e+43 1.39009e+43 8.43025e+54 8.49211e+54 1.26583e+55 0 0 2.6531e+46 1.54218e+37 4.64348e+42 0 0 1
1.65482e-05 1.57219e+46 1.57219e+46 8.0558e+54 8.10697e+54 1.09103e+55 0 0 3.06375e+46 1.58063e+40 4.64348e+42 0 0 1
1.91095e-05 2.73344e+48 2.73344e+48 7.49326e+54 7.53446e+54 9.38074e+54 0 0 3.53796e+46 2.55843e+42 4.64348e+42 0 0 1
2.20673e-05 1.1882e+50 1.1882e+50 6.81866e+54 6.85112e+54 8.04523e+54 0 0 4.08557e+46 1.05834e+44 4.64348e+42 0 0 1
2.5483e-05 1.85116e+51 1.85116e+51 6.09617e+54 6.12129e+54 6.88181e+54 0 0 4.71793e+46 1.59705e+45 4.64348e+42 0 0 1
2.94273e-05 1.34931e+52 1.34931e+52 5.37355e+54 5.39271e+54 5.87072e+54 0 0 5.44817e+46 1.14363e+46 4.64348e+42 0 0 1
3.39821e-05 5.60438e+52 5.60438e+52 4.68278e+54 4.69724e+54 4.99423e+54 0 0 6.29143e+46 4.72017e+46 4.64348e+42 0 0 1
3.92419e-05 1.53468e+53 1.53468e+53 4.04299e+54 4.0538e+54 4.23642e+54 0 0 7.26521e+46 1.29643e+47 4.64348e+42 0 0 1
4.53158e-05 3.08608e+53 3.08608e+53 3.46376e+54 3.47178e+54 3.58303e+54 0 0 8.3897e+46 2.63507e+47 4.64348e+42 0 0 1
5.23299e-05 4.9353e+53 4.9353e+53 2.9482e+54 2.9541e+54 3.02128e+54 0 0 9.68824e+46 4.28737e+47 4.64348e+42 0 0 1
6.04296e-05 6.65768e+53 6.65768e+53 2.4952e+54 2.49953e+54 2.53976e+54 0 0 1.11877e+47 5.91767e+47 4.64348e+42 0 0 1
6.97831e-05 7.91306e+53 7.91306e+53 2.10123e+54 2.10438e+54 2.12827e+54 0 0 1.29193e+47 7.23278e+47 4.64348e+42 0 0 1
8.05842e-05 8.55755e+53 8.55755e+53 1.76139e+54 1.76368e+54 1.77776e+54 0 0 1.49189e+47 8.08029e+47 4.64348e+42 0 0 1
9.30572e-05 8.62307e+53 8.62307e+53 1.47028e+54 1.47193e+54 1.48017e+54 0 0 1.7228e+47 8.44687e+47 4.64348e+42 0 0 1
0.000107461 8.23963e+53 8.23963e+53 1.22237e+54 1.22356e+54 1.22834e+54 0 0 1.98944e+47 8.40694e+47 4.64348e+42 0 0 1
0.000124094 7.56348e+53 7.56348e+53 1.01237e+54 1.01323e+54 1.01598e+54 0 0 2.29735e+47 8.06892e+47 4.64348e+42 0 0 1
0.000143301 6.73388e+53 6.73388e+53 8.35331e+53 8.35942e+53 8.37513e+53 0 0 2.65291e+47 7.53946e+47 4.64348e+42 0 0 1
0.000165482 5.85616e+53 5.85616e+53 6.86745e+53 6.8718e+53 6.8807e+53 0 0 3.06349e+47 6.90639e+47 4.64348e+42 0 0 1
0.000191095 5.00077e+53 5.00077e+53 5.62568e+53 5.62876e+53 5.63377e+53 0 0 3.53761e+47 6.23441e+47 4.64348e+42 0 0 1
0.000220673 4.20934e+53 4.20934e+53 4.59213e+53 4.59431e+53 4.5971e+53 0 0 4.0851e+47 5.56716e+47 4.64348e+42 0 0 1
0.00025483 3.50255e+53 3.50255e+53 3.7353e+53 3.73683e+53 3.73838e+53 0 0 4.7173e+47 4.93165e+47 4.64348e+42 0 0 1
0.000294273 2.88712e+53 2.88712e+53 3.02773e+53 3.02881e+53 3.02966e+53 0 0 5.44733e+47 4.3429e+47 4.64348e+42 0 0 1
0.000339821 2.36119e+53 2.36119e+53 2.44567e+53 2.44642e+53 2.44689e+53 0 0 6.29031e+47 3.80774e+47 4.64348e+42 0 0 1
0.000392419 1.91816e+53 1.91816e+53 1.96865e+53 1.96918e+53 1.96943e+53 0 0 7.26372e+47 3.32774e+47 4.64348e+42 0 0 1
0.000453158 1.54916e+53 1.54916e+53 1.5792e+53 1.57957e+53 1.5797e+53 0 0 8.38772e+47 2.9013e+47 4.64348e+42 0 0 1
0.000523299 1.24462e+53 1.24462e+53 1.26242e+53 1.26267e+53 1.26275e+53 0 0 9.68559e+47 2.52504e+47 4.64348e+42 0 0 1
0.000604296 9.95211e+52 9.95211e+52 1.00571e+53 1.00588e+53 1.00592e+53 0 0 1.11842e+48 2.1947e+47 4.64348e+42 0 0 1
0.000697831 7.92278e+52 7.92278e+52 7.98448e+52 7.98568e+52 7.98588e+52 0 0 1.29146e+48 1.90574e+47 4.64348e+42 0 0 1
0.000805842 6.28115e+52 6.28115e+52 6.31727e+52 6.31809e+52 6.3182e+52 0 0 1.49127e+48 1.65365e+47 4.64348e+42 0 0 1
0.000930572 4.96005e+52 4.96005e+52 4.98112e+52 4.98168e+52 4.98174e+52 0 0 1.72196e+48 1.43414e+47 4.64348e+42 0 0 1
0.00107461 3.90199e+52 3.90199e+52 3.91423e+52 3.91461e+52 3.91464e+52 0 0 1.98832e+48 1.24329e+47 4.64348e+42 0 0 1
0.00124094 3.05838e+52 3.05838e+52 3.06547e+52 3.06573e+52 3.06576e+52 0 0 2.29586e+48 1.07753e+47 4.64348e+42 0 0 1
0.00143301 2.38865e+52 2.38865e+52 2.39274e+52 2.39292e+52 2.39293e+52 0 0 2.65092e+48 9.33663e+46 4.64348e+42 0 0 1
0.00165482 1.85913e+52 1.85913e+52 1.86149e+52 1.8616e+52 1.86161e+52 0 0 3.06084e+48 8.0888e+46 4.64348e+42 0 0 1
0.00191095 1.44213e+52 1.44213e+52 1.44348e+52 1.44356e+52 1.44356e+52 0 0 3.53408e+48 7.00692e+46 4.64348e+42 0 0 1
0.00220673 1.11501e+52 1.11501e+52 1.11578e+52 1.11583e+52 1.11583e+52 0 0 4.08039e+48 6.06923e+46 4.64348e+42 0 0 1
0.0025483 8.59359e+51 8.59359e+51 8.59798e+51 8.59833e+51 8.59834e+51 0 0 4.71103e+48 5.25668e+46 4.64348e+42 0 0 1
0.00294273 6.603e+51 6.603e+51 6.60549e+51 6.60573e+51 6.60573e+51 0 0 5.43896e+48 4.55271e+46 4.64348e+42 0 0 1
0.00339821 5.0586e+51 5.0586e+51 5.06001e+51 5.06017e+51 5.06017e+51 0 0 6.27916e+48 3.94287e+46 4.64348e+42 0 0 1
0.00392419 3.86453e+51 3.86453e+51 3.86533e+51 3.86543e+51 3.86543e+51 0 0 7.24884e+48 3.41463e+46 4.64348e+42 0 0 1
0.00453158 2.94442e+51 2.94442e+51 2.94487e+51 2.94494e+51 2.94494e+51 0 0 8.36788e+48 2.95711e+46 4.64348e+42 0 0 1
0.00523299 2.23771e+51 2.23771e+51 2.23796e+51 2.23801e+51 2.23801e+51 0 0 9.65914e+48 2.56085e+46 4.64348e+42 0 0 1
0.00604296 1.69657e+51 1.69657e+51 1.69671e+51 1.69674e+51 1.69674e+51 0 0 1.1149e+49 2.21767e+46 4.64348e+42 0 0 1
0.00697831 1.28342e+51 1.28342e+51 1.2835e+51 1.28352e+51 1.28352e+51 0 0 1.28676e+49 1.92047e+46 4.64348e+42 0 0 1
0.00805842 9.68874e+50 9.68874e+50 9.68918e+50 9.68931e+50 9.68931e+50 0 0 1.485e+49 1.66308e+46 4.64348e+42 0 0 1
0.00930572 7.30012e+50 7.30012e+50 7.30037e+50 7.30045e+50 7.30045e+50 0 0 1.71361e+49 1.44019e+46 4.64348e+42 0 0 1
0.0107461 5.49065e+50 5.49065e+50 5.49079e+50 5.49084e+50 5.49084e+50 0 0 1.97718e+49 1.24716e+46 4.64348e+42 0 0 1
0.0124094 4.123e+50 4.123e+50 4.12308e+50 4.12311e+50 4.12311e+50 0 0 2.28101e+49 1.08e+46 4.64348e+42 0 0 1
0.0143301 3.09145e+50 3.09145e+50 3.09149e+50 3.09151e+50 3.09151e+50 0 0 2.63113e+49 9.3525e+45 4.64348e+42 0 0 1
0.0165482 2.31489e+50 2.31489e+50 2.31491e+50 2.31493e+50 2.31493e+50 0 0 3.03446e+49 8.09896e+45 4.64348e+42 0 0 1
0.0191095 1.73132e+50 1.73132e+50 1.73133e+50 1.73134e+50 1.73134e+50 0 0 3.49892e+49 7.01343e+45 4.64348e+42 0 0 1
0.0220673 1.29349e+50 1.29349e+50 1.29349e+50 1.2935e+50 1.2935e+50 0 0 4.03353e+49 6.07339e+45 4.64348e+42 0 0 1
0.025483 9.65469e+49 9.65469e+49 9.65473e+49 9.65477e+49 9.65477e+49 0 0 4.64858e+49 5.25935e+45 4.64348e+42 0 0 1
0.0294273 7.20047e+49 7.20047e+49 7.20049e+49 7.20052e+49 7.20052e+49 0 0 5.35576e+49 4.55441e+45 4.64348e+42 0 0 1
0.0339821 5.36637e+49 5.36637e+49 5.36639e+49 5.3664e+49 5.3664e+49 0 0 6.16832e+49 3.94396e+45 4.64348e+42 0 0 1
0.0392419 3.99712e+49 3.99712e+49 3.99713e+49 3.99714e+49 3.99714e+49 0 0 7.1012e+49 3.41533e+45 4.64348e+42 0 0 1
0.0453158 2.97582e+49 2.97582e+49 2.97582e+49 2.97583e+49 2.97583e+49 0 0 8.17126e+49 2.95756e+45 4.64348e+42 0 0 1
0.0523299 2.21463e+49 2.21463e+49 2.21463e+49 2.21464e+49 2.21464e+49 0 0 9.39733e+49 2.56114e+45 4.64348e+42 0 0 1
0.0604296 1.64768e+49 1.64768e+49 1.64769e+49 1.64769e+49 1.64769e+49 0 0 1.08004e+50 2.21785e+45 4.64348e+42 0 0 1
0.0697831 1.22564e+49 1.22564e+49 1.22564e+49 1.22564e+49 1.22564e+49 0 0 1.24038e+50 1.92058e+45 4.64348e+42 0 0 1
0.0805842 9.11585e+48 9.11585e+48 9.11586e+48 9.11587e+48 9.11587e+48 0 0 1.42329e+50 1.66316e+45 4.64348e+42 0 0 1
0.0930572 6.77974e+48 6.77974e+48 6.77975e+48 6.77975e+48 6.77975e+48 0 0 1.63154e+50 1.44023e+45 4.64348e+42 0 0 1
0.107461 5.0424e+48 5.0424e+48 5.0424e+48 5.0424e+48 5.0424e+48 0 0 1.86809e+50 1.24719e+45 4.64348e+42 0 0 1
0.124094 3.75054e+48 3.75054e+48 3.75054e+48 3.75054e+48 3.75054e+48 0 0 2.13606e+50 1.08002e+45 4.64348e+42 0 0 1
0.143301 2.79001e+48 2.79001e+48 2.79001e+48 2.79001e+48 2.79001e+48 0 0 2.43864e+50 9.35262e+44 4.64348e+42 0 0 1
0.165482 2.07584e+48 2.07584e+48 2.07584e+48 2.07584e+48 2.07584e+48 0 0 2.77902e+50 8.09903e+44 4.64348e+42 0 0 1
0.191095 1.54481e+48 1.54481e+48 1.54481e+48 1.54481e+48 1.54481e+48 0 0 3.1602e+50 7.01347e+44 4.64348e+42 0 0 1
0.220673 1.14993e+48 1.14993e+48 1.14993e+48 1.14993e+48 1.14993e+48 0 0 3.5848e+50 6.07341e+44 4.64348e+42 0 0 1
0.25483 8.56243e+47 8.56243e+47 8.56243e+47 8.56243e+47 8.56243e+47 0 0 4.05474e+50 5.25936e+44 4.64348e+42 0 0 1
0.294273 6.37775e+47 6.37775e+47 6.37775e+47 6.37775e+47 6.37775e+47 0 0 4.57084e+50 4.55442e+44 4.64348e+42 0 0 1
0.339821 4.75224e+47 4.75224e+47 4.75224e+47 4.75224e+47 4.75224e+47 0 0 5.13235e+50 3.94396e+44 4.64348e+42 0 0 1
0.392419 3.54246e+47 3.54246e+47 3.54246e+47 3.54246e+47 3.54246e+47 0 0 5.73623e+50 3.41533e+44 4.64348e+42 0 0 1
0.453158 2.64181e+47 2.64181e+47 2.64181e+47 2.64181e+47 2.64181e+47 0 0 6.37639e+50 2.95755e+44 4.64348e+42 0 0 1
0.523299 1.97107e+47 1.97107e+47 1.97107e+47 1.97107e+47 1.97107e+47 0 0 7.04271e+50 2.56113e+44 4.64348e+42 0 0 1
0.604296 1.47138e+47 1.47138e+47 1.47138e+47 1.47138e+47 1.47138e+47 0 0 7.72004e+50 2.21785e+44 4.64348e+42 0 0 1
0.697831 1.09896e+47 1.09896e+47 1.09896e+47 1.09896e+47 1.09896e+47 0 0 8.38707e+50 1.92058e+44 4.64348e+42 0 0 1
0.805842 8.21285e+46 8.21285e+46 8.21285e+46 8.21285e+46 8.21285e+46 0 0 9.01539e+50 1.66315e+44 4.64348e+42 0 0 1
0.930572 6.14148e+46 6.14148e+46 6.14148e+46 6.14148e+46 6.14148e+46 0 0 9.56894e+50 1.44023e+44 4.64348e+42 0 0 1
1.07461 4.59555e+46 4.59555e+46 4.59555e+46 4.59555e+46 4.59555e+46 0 0 1.00043e+51 1.24718e+44 4.64348e+42 0 0 1
1.24094 3.44115e+46 3.44115e+46 3.44115e+46 3.44115e+46 3.44115e+46 0 0 1.02721e+51 1.08001e+44 4.64348e+42 0 0 1
1.43301 2.57862e+46 2.57862e+46 2.57862e+46 2.57862e+46 2.57862e+46 0 0 1.03209e+51 9.35253e+43 4.64348e+42 0 0 1
1.65482 1.93378e+46 1.93378e+46 1.93378e+46 1.93378e+46 1.93378e+46 0 0 1.01035e+51 8.09894e+43 4.64348e+42 0 0 1
1.91095 1.45137e+46 1.45137e+46 1.45137e+46 1.45137e+46 1.45137e+46 0 0 9.5856e+50 7.01338e+43 4.64348e+42 0 0 1
2.20673 1.09023e+46 1.09023e+46 1.09023e+46 1.09023e+46 1.09023e+46 0 0 8.75798e+50 6.07332e+43 4.64348e+42 0 0 1
2.5483 8.19684e+45 8.19684e+45 8.19684e+45 8.19684e+45 8.19684e+45 0 0 7.64765e+50 5.25927e+43 4.64348e+42 0 0 1
2.94273 6.16846e+45 6.16846e+45 6.16846e+45 6.16846e+45 6.16846e+45 0 0 6.3254e+50 4.55432e+43 4.64348e+42 0 0 1
3.39821 4.64651e+45 4.64651e+45 4.64651e+45 4.64651e+45 4.64651e+45 0 0 4.90361e+50 3.94387e+43 4.64348e+42 0 0 1
3.92419 3.50359e+45 3.50359e+45 3.50359e+45 3.50359e+45 3.50359e+45 0 0 3.5199e+50 3.41524e+43 4.64348e+42 0 0 1
4.53158 2.64454e+45 2.64454e+45 2.64454e+45 2.64454e+45 2.64454e+45 0 0 2.30721e+50 2.95746e+43 4.64348e+42 0 0 1
5.23299 1.99826e+45 1.99826e+45 1.99826e+45 1.99826e+45 1.99826e+45 0 0 1.35935e+50 2.56104e+43 4.64348e+42 0 0 1
6.04296 1.51159e+45 1.51159e+45 1.51159e+45 1.51159e+45 1.51159e+45 0 0 7.07151e+49 2.21776e+43 4.64348e+42 0 0 1
6.97831 1.14474e+45 1.14474e+45 1.14474e+45 1.14474e+45 1.14474e+45 0 0 3.18319e+49 1.92048e+43 4.64348e+42 0 0 1
8.05842 8.67929e+44 8.67929e+44 8.67929e+44 8.67929e+44 8.67929e+44 0 0 1.21176e+49 1.66306e+43 4.64348e+42 0 0 1
9.30572 6.58832e+44 6.58832e+44 6.58832e+44 6.58832e+44 6.58832e+44 0 0 3.79994e+48 1.44013e+43 4.64348e+42 0 0 1
10.7461 5.00708e+44 5.00708e+44 5.00708e+44 5.00708e+44 5.00708e+44 0 0 9.52495e+47 1.24709e+43 4.64348e+42 0 0 1
12.4094 3.80993e+44 3.80993e+44 3.80993e+44 3.80993e+44 3.80993e+44 0 0 1.8433e+47 1.07992e+43 4.64348e+42 0 0 1
14.3301 2.90251e+44 2.90251e+44 2.90251e+44 2.90251e+44 2.90251e+44 0 0 2.64597e+46 9.35162e+42 4.64348e+42 0 0 1
16.5482 2.21387e+44 2.21387e+44 2.21387e+44 2.21387e+44 2.21387e+44 0 0 2.68993e+45 8.09803e+42 4.64348e+42 0 0 1
19.1095 1.69061e+44 1.69061e+44 1.69061e+44 1.69061e+44 1.69061e+44 0 0 1.83601e+44 7.01247e+42 4.64348e+42 0 0 1
22.0673 1.29253e+44 1.29253e+44 1.29253e+44 1.29253e+44 1.29253e+44 0 0 7.91058e+42 6.07242e+42 4.64348e+42 0 0 1
25.483 9.8929e+43 9.8929e+43 9.8929e+43 9.8929e+43 9.8929e+43 0 0 2.0036e+41 5.25836e+42 4.64348e+42 0 0 1
29.4273 7.58007e+43 7.58007e+43 7.58007e+43 7.58007e+43 7.58007e+43 0 0 2.74773e+39 4.55342e+42 4.64348e+42 0 0 1
33.9821 5.81383e+43 5.81383e+43 5.81384e+43 5.81384e+43 5.81384e+43 0 0 1.85548e+37 3.94296e+42 4.64348e+42 0 0 1
39.2419 4.46334e+43 4.46334e+43 4.46334e+43 4.46334e+43 4.46334e+43 0 0 5.52881e+34 3.41433e+42 4.64348e+42 0 0 1
45.3158 3.42947e+43 3.42947e+43 3.42947e+43 3.42947e+43 3.42947e+43 0 0 6.40483e+31 2.95655e+42 4.64348e+42 0 0 1
52.3299 2.63707e+43 2.63707e+43 2.63707e+43 2.63707e+43 2.63707e+43 0 0 2.49217e+28 2.56013e+42 4.64348e+42 0 0 1
60.4296 2.02905e+43 2.02905e+43 2.02905e+43 2.02905e+43 2.02905e+43 0 0 2.75108e+24 2.21685e+42 4.64348e+42 0 0 1
69.7831 1.56203e+43 1.56203e+43 1.56203e+43 1.56203e+43 1.56203e+43 0 0 7.08921e+19 1.91958e+42 4.64348e+42 0 0 1
80.5842 1.20296e+43 1.20296e+43 1.20296e+43 1.20296e+43 1.20296e+43 0 0 3.40459e+14 1.66215e+42 4.64348e+42 0 0 1
93.0572 9.26646e+42 9.26646e+42 9.26647e+42 9.26647e+42 9.26647e+42 0 0 2.34947e+08 1.43923e+42 4.64348e+42 0 0 1
107.461 7.13857e+42 7.13857e+42 7.13858e+42 7.13858e+42 7.13858e+42 0 0 17.2545 1.24618e+42 4.64348e+42 0 0 1
124.094 5.49886e+42 5.49886e+42 5.49887e+42 5.49887e+42 5.49887e+42 0 0 9.53369e-08 1.07902e+42 4.64348e+42 0 0 1
143.301 4.23473e+42 4.23473e+42 4.23474e+42 4.23474e+42 4.23474e+42 0 0 2.65545e-17 9.34254e+41 4.64348e+42 0 0 1
165.482 3.25984e+42 3.25984e+42 3.25985e+42 3.25985e+42 3.25985e+42 0 0 2.34804e-28 8.08896e+41 4.64348e+42 0 0 1
191.095 2.50791e+42 2.50791e+42 2.50792e+42 2.50792e+42 2.50792e+42 0 0 3.86416e-41 7.0034e+41 4.64348e+42 0 0 1
220.673 1.92797e+42 1.92797e+42 1.92798e+42 1.92798e+42 1.92798e+42 0 0 6.38817e-56 6.06334e+41 4.64348e+42 0 0 1
254.83 1.48079e+42 1.48079e+42 1.4808e+42 1.4808e+42 1.4808e+42 0 0 5.20491e-73 5.24929e+41 4.64348e+42 0 0 1
294.273 1.13613e+42 1.13613e+42 1.13613e+42 1.13613e+42 1.13613e+42 0 0 9.18413e-93 4.54435e+41 4.64348e+42 0 0 1
339.821 8.70653e+41 8.70653e+41 8.70656e+41 8.70656e+41 8.70656e+41 0 0 1.35784e-115 3.93389e+41 4.64348e+42 0 0 1
392.419 6.6634e+41 6.6634e+41 6.66343e+41 6.66343e+41 6.66343e+41 0 0 5.61836e-142 3.40526e+41 4.64348e+42 0 0 1
453.158 5.0926e+41 5.0926e+41 5.09263e+41 5.09263e+41 5.09263e+41 0 0 1.83389e-172 2.94749e+41 4.64348e+42 0 0 1
523.299 3.8864e+41 3.8864e+41 3.88642e+41 3.88642e+41 3.88642e+41 0 0 1.09413e-207 2.55107e+41 4.64348e+42 0 0 1
604.296 2.96143e+41 2.96143e+41 2.96145e+41 2.96145e+41 2.96145e+41 0 0 2.20459e-248 2.20779e+41 4.64348e+42 0 0 1
697.831 2.25317e+41 2.25317e+41 2.25319e+41 2.25319e+41 2.25319e+41 0 0 0 1.91052e+41 4.64348e+42 0 0 1
805.842 1.71172e+41 1.71172e+41 1.71174e+41 1.71174e+41 1.71174e+41 0 0 0 1.6531e+41 4.64348e+42 0 0 1
930.572 1.29848e+41 1.29848e+41 1.29849e+41 1.29849e+41 1.29849e+41 0 0 0 1.43018e+41 4.64348e+42 0 0 1
1074.61 9.83619e+40 9.83619e+40 9.83631e+40 9.83631e+40 9.83631e+40 0 0 0 1.23714e+41 4.64348e+42 0 0 1
1240.94 7.44127e+40 7.44127e+40 7.44138e+40 7.44138e+40 7.44138e+40 0 0 0 1.06998e+41 4.64348e+42 0 0 1
1433.01 5.62264e+40 5.62264e+40 5.62274e+40 5.62274e+40 5.62274e+40 0 0 0 9.25226e+40 4.64348e+42 0 0 1
1654.82 4.24383e+40 4.24383e+40 4.24391e+40 4.24391e+40 4.24391e+40 0 0 0 7.99876e+40 4.64348e+42 0 0 1
1910.95 3.20003e+40 3.20003e+40 3.2001e+40 3.2001e+40 3.2001e+40 0 0 0 6.9133e+40 4.64348e+42 0 0 1
2206.73 2.41093e+40 2.41093e+40 2.411e+40 2.411e+40 2.411e+40 0 0 0 5.97335e+40 4.64348e+42 0 0 1
2548.3 1.81514e+40 1.81514e+40 1.81519e+40 1.81519e+40 1.81519e+40 0 0 0 5.15942e+40 4.64348e+42 0 0 1
2942.73 1.36579e+40 1.36579e+40 1.36583e+40 1.36583e+40 1.36583e+40 0 0 0 4.45463e+40 4.64348e+42 0 0 1
3398.21 1.02721e+40 1.02721e+40 1.02725e+40 1.02725e+40 1.02725e+40 0 0 0 3.84434e+40 4.64348e+42 0 0 1
3924.19 7.72304e+39 7.72304e+39 7.72341e+39 7.72341e+39 7.72341e+39 0 0 0 3.31591e+40 4.64348e+42 0 0 1
4531.58 5.80522e+39 5.80522e+39 5.80553e+39 5.80553e+39 5.80553e+39 0 0 0 2.85835e+40 4.64348e+42 0 0 1
5232.99 4.36308e+39 4.36308e+39 4.36335e+39 4.36335e+39 4.36335e+39 0 0 0 2.46221e+40 4.64348e+42 0 0 1
6042.96 3.27905e+39 3.27905e+39 3.27928e+39 3.27928e+39 3.27928e+39 0 0 0 2.11923e+40 4.64348e+42 0 0 1
6978.31 2.46443e+39 2.46443e+39 2.46463e+39 2.46463e+39 2.46463e+39 0 0 0 1.8223e+40 4.64348e+42 0 0 1
8058.42 1.85237e+39 1.85237e+39 1.85254e+39 1.85254e+39 1.85254e+39 0 0 0 1.56527e+40 4.64348e+42 0 0 1
9305.72 1.39252e+39 1.39252e+39 1.39267e+39 1.39267e+39 1.39267e+39 0 0 0 1.3428e+40 4.64348e+42 0 0 1
10746.1 1.04703e+39 1.04703e+39 1.04715e+39 1.04715e+39 1.04715e+39 0 0 0 1.15028e+40 4.64348e+42 0 0 1
12409.4 7.87424e+38 7.87424e+38 7.87531e+38 7.87531e+38 7.87531e+38 0 0 0 9.83715e+39 4.64348e+42 0 0 1
14330.1 5.92325e+38 5.92325e+38 5.92416e+38 5.92416e+38 5.92416e+38 0 0 0 8.39639e+39 4.64348e+42 0 0 1
16548.2 4.4567e+38 4.4567e+38 4.45748e+38 4.45748e+38 4.45748e+38 0 0 0 7.15064e+39 4.64348e+42 0 0 1
19109.5 3.35403e+38 3.35403e+38 3.35469e+38 3.35469e+38 3.35469e+38 0 0 0 6.07402e+39 4.64348e+42 0 0 1
22067.3 2.5247e+38 2.5247e+38 2.52527e+38 2.52527e+38 2.52527e+38 0 0 0 5.14415e+39 4.64348e+42 0 0 1
25483 1.90077e+38 1.90077e+38 1.90125e+38 1.90125e+38 1.90125e+38 0 0 0 4.34166e+39 4.64348e+42 0 0 1
29427.3 1.43123e+38 1.43123e+38 1.43163e+38 1.43163e+38 1.43163e+38 0 0 0 3.64984e+39 4.64348e+42 0 0 1
33982.1 1.07775e+38 1.07775e+38 1.0781e+38 1.0781e+38 1.0781e+38 0 0 0 3.05421e+39 4.64348e+42 0 0 1
39241.9 8.11588e+37 8.11588e+37 8.11875e+37 8.11875e+37 8.11875e+37 0 0 0 2.54228e+39 4.64348e+42 0 0 1
45315.8 6.11116e+37 6.11116e+37 6.11356e+37 6.11356e+37 6.11356e+37 0 0 0 2.10326e+39 4.64348e+42 0 0 1
52329.9 4.60095e+37 4.60095e+37 4.60294e+37 4.60294e+37 4.60294e+37 0 0 0 1.72781e+39 4.64348e+42 0 0 1
60429.6 3.46312e+37 3.46312e+37 3.46476e+37 3.46476e+37 3.46476e+37 0 0 0 1.40786e+39 4.64348e+42 0 0 1
69783.1 2.6058e+37 2.6058e+37 2.60715e+37 2.60715e+37 2.60715e+37 0 0 0 1.13641e+39 4.64348e+42 0 0 1
80584.2 1.95985e+37 1.95985e+37 1.96096e+37 1.96096e+37 1.96096e+37 0 0 0 9.07385e+38 4.64348e+42 0 0 1
93057.2 1.47324e+37 1.47324e+37 1.47414e+37 1.47414e+37 1.47414e+37 0 0 0 7.15482e+38 4.64348e+42 0 0 1
107461 1.10674e+37 1.10674e+37 1.10746e+37 1.10746e+37 1.10746e+37 0 0 0 5.56051e+38 4.64348e+42 0 0 1
124094 8.30806e+36 8.30806e+36 8.31382e+36 8.31382e+36 8.31382e+36 0 0 0 4.24976e+38 4.64348e+42 0 0 1
143301 6.23157e+36 6.23157e+36 6.23614e+36 6.23614e+36 6.23614e+36 0 0 0 3.18586e+38 4.64348e+42 0 0 1
165482 4.66987e+36 4.66987e+36 4.67347e+36 4.67347e+36 4.67347e+36 0 0 0 2.33561e+38 4.64348e+42 0 0 1
191095 3.49619e+36 3.49619e+36 3.499e+36 3.499e+36 3.499e+36 0 0 0 1.66873e+38 4.64348e+42 0 0 1
220673 2.61483e+36 2.61483e+36 2.61701e+36 2.61701e+36 2.61701e+36 0 0 0 1.15732e+38 4.64348e+42 0 0 1
254830 1.9536e+36 1.9536e+36 1.95528e+36 1.95528e+36 1.95528e+36 0 0 0 7.75542e+37 4.64348e+42 0 0 1
294273 1.45802e+36 1.45802e+36 1.4593e+36 1.4593e+36 1.4593e+36 0 0 0 4.99492e+37 4.64348e+42 0 0 1
339821 1.08697e+36 1.08697e+36 1.08794e+36 1.08794e+36 1.08794e+36 0 0 0 3.07296e+37 4.64348e+42 0 0 1
392419 8.09474e+35 8.09474e+35 8.10208e+35 8.10208e+35 8.10208e+35 0 0 0 1.79313e+37 4.64348e+42 0 0 1
453158 6.02177e+35 6.02177e+35 6.02726e+35 6.02726e+35 6.02726e+35 0 0 0 9.84316e+36 4.64348e+42 0 0 1
523299 4.47497e+35 4.47497e+35 4.47906e+35 4.47906e+35 4.47906e+35 4.42609e+27 1.0979e+32 0 5.03523e+36 4.64348e+42 0 0 1
604296 3.32211e+35 3.32211e+35 3.32514e+35 3.32514e+35 3.32514e+35 6.81786e+27 1.10264e+32 0 2.37423e+36 4.64348e+42 0 0 1
697831 2.46383e+35 2.46383e+35 2.46605e+35 2.46605e+35 2.46605e+35 9.20963e+27 1.10738e+32 0 1.01899e+36 4.64348e+42 0 0 1
805842 1.82555e+35 1.82555e+35 1.82717e+35 1.82717e+35 1.82717e+35 1.16014e+28 1.11212e+32 0 3.92312e+35 4.64348e+42 0 0 1
930572 1.3514e+35 1.3514e+35 1.35257e+35 1.35257e+35 1.35257e+35 1.39932e+28 1.11686e+32 0 1.33232e+35 4.64348e+42 0 0 1
1.07461e+06 9.99526e+34 9.99526e+34 1.00038e+35 1.00038e+35 1.00038e+35 1.77193e+28 1.12232e+32 0 3.91437e+34 4.64348e+42 0 0 1
1.24094e+06 7.38667e+34 7.38667e+34 7.39276e+34 7.39276e+34 7.39276e+34 2.37729e+28 1.12381e+32 0 9.72869e+33 4.64348e+42 0 0 1
1.43301e+06 5.45463e+34 5.45463e+34 5.45898e+34 5.45898e+34 5.45898e+34 3.17438e+28 1.12571e+32 0 1.99314e+33 4.64348e+42 0 0 1
1.65482e+06 4.02501e+34 4.02501e+34 4.02809e+34 4.02809e+34 4.02809e+34 4.22779e+28 1.12817e+32 0 3.26681e+32 4.64348e+42 0 0 1
1.91095e+06 2.96806e+34 2.96806e+34 2.97024e+34 2.97024e+34 2.97024e+34 5.73297e+28 1.13157e+32 0 4.13822e+31 4.64348e+42 0 0 1
2.20673e+06 2.18729e+34 2.18729e+34 2.18882e+34 2.18882e+34 2.18882e+34 7.66359e+28 1.136e+32 0 3.89302e+30 4.64348e+42 0 0 1
2.5483e+06 1.61098e+34 1.61098e+34 1.61205e+34 1.61205e+34 1.61205e+34 1.01993e+29 1.1418e+32 0 2.59742e+29 4.64348e+42 0 0 1
2.94273e+06 1.1859e+34 1.1859e+34 1.18664e+34 1.18664e+34 1.18664e+34 1.35632e+29 1.14943e+32 0 1.16542e+28 4.64348e+42 0 0 1
3.39821e+06 8.72567e+33 8.72567e+33 8.73083e+33 8.73083e+33 8.73083e+33 1.84101e+29 1.16006e+32 0 3.30702e+26 4.64348e+42 0 0 1
3.92419e+06 6.41752e+33 6.41752e+33 6.4211e+33 6.4211e+33 6.4211e+33 2.47353e+29 1.17387e+32 0 5.52848e+24 4.64348e+42 0 0 1
4.53158e+06 4.7182e+33 4.7182e+33 4.72066e+33 4.72066e+33 4.72066e+33 3.32613e+29 1.19166e+32 0 5.01673e+22 4.64348e+42 0 0 1
5.23299e+06 3.46775e+33 3.46775e+33 3.46946e+33 3.46946e+33 3.46946e+33 4.46347e+29 1.21417e+32 0 2.24808e+20 4.64348e+42 0 0 1
6.04296e+06 2.54807e+33 2.54807e+33 2.54924e+33 2.54924e+33 2.54924e+33 6.07156e+29 1.24401e+32 0 4.46012e+17 4.64348e+42 0 0 1
6.97831e+06 1.87196e+33 1.87196e+33 1.87277e+33 1.87277e+33 1.87277e+33 8.15057e+29 1.2792e+32 0 3.45349e+14 4.64348e+42 0 0 1
8.05842e+06 1.37515e+33 1.37515e+33 1.3757e+33 1.3757e+33 1.3757e+33 1.08611e+30 1.32076e+32 0 9.02187e+10 4.64348e+42 0 0 1
9.30572e+06 1.01026e+33 1.01026e+33 1.01064e+33 1.01064e+33 1.01064e+33 1.44208e+30 1.36786e+32 0 6.72087e+06 4.64348e+42 0 0 1
1.07461e+07 7.42446e+32 7.42446e+32 7.42707e+32 7.42707e+32 7.42707e+32 1.91994e+30 1.42428e+32 0 117.572 4.64348e+42 0 0 1
1.24094e+07 5.46002e+32 5.46002e+32 5.46182e+32 5.46182e+32 5.46182e+32 2.50281e+30 1.47972e+32 0 0.000385951 4.64348e+42 0 0 1
1.43301e+07 4.02043e+32 4.02043e+32 4.02168e+32 4.02168e+32 4.02168e+32 3.20367e+30 1.53387e+32 0 1.83502e-10 4.64348e+42 0 0 1
1.65482e+07 2.96675e+32 2.96675e+32 2.96762e+32 2.96762e+32 2.96762e+32 4.02702e+30 1.58415e+32 0 9.37022e-18 4.64348e+42 0 0 1
1.91095e+07 2.19716e+32 2.19716e+32 2.19777e+32 2.19777e+32 2.19777e+32 5.00783e+30 1.6275e+32 0 3.6381e-26 4.64348e+42 0 0 1
2.20673e+07 1.63563e+32 1.63563e+32 1.63606e+32 1.63606e+32 1.63606e+32 6.05089e+30 1.66489e+32 0 7.20804e-36 4.64348e+42 0 0 1
2.5483e+07 1.22718e+32 1.22718e+32 1.22749e+32 1.22749e+32 1.22749e+32 7.17493e+30 1.69112e+32 0 4.59803e-47 4.64348e+42 0 0 1
2.94273e+07 9.30444e+31 9.30444e+31 9.30664e+31 9.30664e+31 9.30664e+31 8.29248e+30 1.69145e+32 0 5.54848e-60 4.64348e+42 0 0 1
3.39821e+07 7.15416e+31 7.15416e+31 7.15578e+31 7.15578e+31 7.15578e+31 9.37876e+30 1.66124e+32 0 6.85349e-75 4.64348e+42 0 0 1
3.92419e+07 5.58971e+31 5.58971e+31 5.59093e+31 5.59093e+31 5.59093e+31 1.03045e+31 1.59967e+32 0 4.26373e-92 4.64348e+42 0 0 1
4.53158e+07 4.4546e+31 4.4546e+31 4.45553e+31 4.45553e+31 4.45553e+31 1.11076e+31 1.51758e+32 0 5.89036e-112 4.64348e+42 0 0 1
5.23299e+07 3.62637e+31 3.62637e+31 3.62711e+31 3.62711e+31 3.62711e+31 1.17402e+31 1.42292e+32 0 7.01858e-135 4.64348e+42 0 0 1
6.04296e+07 3.00883e+31 3.00883e+31 3.00943e+31 3.00943e+31 3.00943e+31 1.21032e+31 1.30638e+32 0 2.42004e-161 4.64348e+42 0 0 1
6.97831e+07 2.53583e+31 2.53583e+31 2.53633e+31 2.53633e+31 2.53633e+31 1.21688e+31 1.17055e+32 0 6.84167e-192 4.64348e+42 0 0 1
8.05842e+07 2.16352e+31 2.16352e+31 2.16394e+31 2.16394e+31 2.16394e+31 1.19628e+31 1.0177e+32 0 3.6965e-227 4.64348e+42 0 0 1
9.30572e+07 1.85856e+31 1.85856e+31 1.85891e+31 1.85891e+31 1.85891e+31 1.14927e+31 8.53167e+31 0 7.1013e-268 4.64348e+42 0 0 1
1.07461e+08 1.59604e+31 1.59604e+31 1.59634e+31 1.59634e+31 1.59634e+31 1.07593e+31 6.8628e+31 0 0 4.64348e+42 26.7337 0 1
1.24094e+08 1.37194e+31 1.37194e+31 1.37219e+31 1.37219e+31 1.37219e+31 9.90575e+30 5.43218e+31 0 0 4.64348e+42 23.486 0 1
1.43301e+08 1.17227e+31 1.17227e+31 1.17249e+31 1.17249e+31 1.17249e+31 8.92667e+30 4.22361e+31 0 0 4.64348e+42 20.6329 0 1
1.65482e+08 9.90481e+30 9.90481e+30 9.90669e+30 9.90669e+30 9.90669e+30 7.85491e+30 3.23169e+31 0 0 4.64348e+42 18.1263 0 1
1.91095e+08 8.17977e+30 8.17977e+30 8.18133e+30 8.18133e+30 8.18133e+30 6.67689e+30 2.40943e+31 0 0 4.64348e+42 15.9243 0 1
2.20673e+08 6.69584e+30 6.69584e+30 6.69712e+30 6.69712e+30 6.69712e+30 5.59389e+30 1.80579e+31 0 0 4.64348e+42 13.9897 0 1
2.5483e+08 5.39967e+30 5.39967e+30 5.40072e+30 5.40072e+30 5.40072e+30 4.59148e+30 1.33814e+31 0 0 4.64348e+42 12.2902 0 1
2.94273e+08 4.28454e+30 4.28454e+30 4.28538e+30 4.28538e+30 4.28538e+30 3.69152e+30 9.80661e+30 0 0 4.64348e+42 10.7972 0 1
3.39821e+08 3.31257e+30 3.31257e+30 3.31323e+30 3.31323e+30 3.31323e+30 2.87715e+30 7.0593e+30 0 0 4.64348e+42 9.90397 0 1
3.92419e+08 2.5545e+30 2.5545e+30 2.55501e+30 2.55501e+30 2.55501e+30 2.23456e+30 5.16463e+30 0 0 4.64348e+42 9.48548 0 1
4.53158e+08 1.94445e+30 1.94445e+30 1.94485e+30 1.94485e+30 1.94485e+30 1.70918e+30 3.76114e+30 0 0 4.64348e+42 9.08468 0 1
5.23299e+08 1.45802e+30 1.45802e+30 1.45832e+30 1.45832e+30 1.45832e+30 1.28488e+30 2.72766e+30 0 0 4.64348e+42 8.70081 0 1
6.04296e+08 1.08057e+30 1.08057e+30 1.0808e+30 1.0808e+30 1.0808e+30 9.53074e+29 1.95729e+30 0 0 4.64348e+42 8.33316 0 1
6.97831e+08 8.10064e+29 8.10064e+29 8.1024e+29 8.1024e+29 8.1024e+29 7.16134e+29 1.43348e+30 0 0 4.64348e+42 7.98104 0 1
8.05842e+08 6.04104e+29 6.04104e+29 6.04238e+29 6.04238e+29 6.04238e+29 5.34874e+29 1.04811e+30 0 0 4.64348e+42 7.6438 0 1
9.30572e+08 4.47658e+29 4.47658e+29 4.47759e+29 4.47759e+29 4.47759e+29 3.96612e+29 7.64507e+29 0 0 4.64348e+42 7.32082 0 1
1.07461e+09 3.27824e+29 3.27824e+29 3.279e+29 3.279e+29 3.279e+29 2.90168e+29 5.49753e+29 0 0 4.64348e+42 7.3472 0 1
1.24094e+09 2.44921e+29 2.44921e+29 2.44979e+29 2.44979e+29 2.44979e+29 2.1713e+29 4.04483e+29 0 0 4.64348e+42 7.72675 0 1
1.43301e+09 1.83241e+29 1.83241e+29 1.83285e+29 1.83285e+29 1.83285e+29 1.62719e+29 2.96803e+29 0 0 4.64348e+42 8.12591 0 1
1.65482e+09 1.36709e+29 1.36709e+29 1.36743e+29 1.36743e+29 1.36743e+29 1.21546e+29 2.17133e+29 0 0 4.64348e+42 8.54569 0 1
1.91095e+09 1.00874e+29 1.00874e+29 1.00899e+29 1.00899e+29 1.00899e+29 8.96653e+28 1.56247e+29 0 0 4.64348e+42 8.98715 0 1
2.20673e+09 7.58469e+28 7.58469e+28 7.58663e+28 7.58663e+28 7.58663e+28 6.75588e+28 1.15211e+29 0 0 4.64348e+42 9.45142 0 1
2.5483e+09 5.68815e+28 5.68815e+28 5.68963e+28 5.68963e+28 5.68963e+28 5.07516e+28 8.4716e+28 0 0 4.64348e+42 9.93967 0 1
2.94273e+09 4.24787e+28 4.24787e+28 4.249e+28 4.249e+28 4.249e+28 3.79447e+28 6.20943e+28 0 0 4.64348e+42 10.4531 0 1
3.39821e+09 3.12162e+28 3.12162e+28 3.12247e+28 3.12247e+28 3.12247e+28 2.78628e+28 4.47673e+28 0 0 4.64348e+42 10.9931 0 1
3.92419e+09 2.34094e+28 2.34094e+28 2.34158e+28 2.34158e+28 2.34158e+28 2.09301e+28 3.30335e+28 0 0 4.64348e+42 11.561 0 1
4.53158e+09 1.75026e+28 1.75026e+28 1.75075e+28 1.75075e+28 1.75075e+28 1.56708e+28 2.42881e+28 0 0 4.64348e+42 12.1583 0 1
5.23299e+09 1.30444e+28 1.30444e+28 1.30481e+28 1.30481e+28 1.30481e+28 1.16923e+28 1.77855e+28 0 0 4.64348e+42 12.7864 0 1
6.04296e+09 9.54643e+27 9.54643e+27 9.54922e+27 9.54922e+27 9.54922e+27 8.54967e+27 1.28208e+28 0 0 4.64348e+42 13.4469 0 1
6.97831e+09 7.14357e+27 7.14357e+27 7.14569e+27 7.14569e+27 7.14569e+27 6.41022e+27 9.45009e+27 0 0 4.64348e+42 14.1416 0 1
8.05842e+09 5.3285e+27 5.3285e+27 5.33011e+27 5.33011e+27 5.33011e+27 4.79026e+27 6.94651e+27 0 0 4.64348e+42 14.8721 0 1
9.30572e+09 3.95091e+27 3.95091e+27 3.95212e+27 3.95212e+27 3.95212e+27 3.55708e+27 5.09194e+27 0 0 4.64348e+42 15.6404 0 1
1.07461e+10 2.88223e+27 2.88223e+27 2.88314e+27 2.88314e+27 2.88314e+27 2.59514e+27 3.68211e+27 0 0 4.64348e+42 17.5488 0 1
1.24094e+10 2.13889e+27 2.13889e+27 2.13957e+27 2.13957e+27 2.13957e+27 1.93056e+27 2.7231e+27 0 0 4.64348e+42 21.0074 0 1
1.43301e+10 1.57783e+27 1.57783e+27 1.57834e+27 1.57834e+27 1.57834e+27 1.42742e+27 2.00883e+27 0 0 4.64348e+42 25.1476 0 1
1.65482e+10 1.1601e+27 1.1601e+27 1.16048e+27 1.16048e+27 1.16048e+27 1.05214e+27 1.47737e+27 0 0 4.64348e+42 30.1038 0 1
1.91095e+10 8.37982e+26 8.37982e+26 8.38264e+26 8.38264e+26 8.38264e+26 7.60974e+26 1.06844e+27 0 0 4.64348e+42 36.0369 0 1
2.20673e+10 6.17616e+26 6.17616e+26 6.17827e+26 6.17827e+26 6.17827e+26 5.63088e+26 7.90678e+26 0 0 4.64348e+42 43.1392 34.7254 1
2.5483e+10 4.53497e+26 4.53497e+26 4.53654e+26 4.53654e+26 4.53654e+26 4.1526e+26 5.83188e+26 0 0 4.64348e+42 51.6413 22.9578 1
2.94273e+10 3.31643e+26 3.31643e+26 3.31761e+26 3.31761e+26 3.31761e+26 3.05338e+26 4.28653e+26 0 0 4.64348e+42 61.819 15.5417 1
3.39821e+10 2.37518e+26 2.37518e+26 2.37608e+26 2.37608e+26 2.37608e+26 2.20299e+26 3.09338e+26 0 0 4.64348e+42 74.0026 10.7604 1
3.92419e+10 1.72903e+26 1.72903e+26 1.72975e+26 1.72975e+26 1.72975e+26 1.63259e+26 2.28935e+26 0 0 4.64348e+42 88.5874 7.61059 1
4.53158e+10 1.23428e+26 1.23428e+26 1.23492e+26 1.23492e+26 1.23492e+26 1.20721e+26 1.6901e+26 0 0 4.64348e+42 106.047 5.49245 1
5.23299e+10 8.5331e+25 8.5331e+25 8.53927e+25 8.53927e+25 8.53927e+25 8.91195e+25 1.24419e+26 0 0 4.64348e+42 126.947 4.04008 1
6.04296e+10 5.56328e+25 5.56328e+25 5.56939e+25 5.56939e+25 5.56939e+25 6.46987e+25 8.99133e+25 0 0 4.64348e+42 151.966 3.02568 1
6.97831e+10 3.54391e+25 3.54391e+25 3.54999e+25 3.54999e+25 3.54999e+25 4.82026e+25 6.67018e+25 0 0 4.64348e+42 181.916 2.3047 1
8.05842e+10 2.1631e+25 2.1631e+25 2.16882e+25 2.16882e+25 2.16882e+25 3.58149e+25 4.93648e+25 0 0 4.64348e+42 217.769 1.78376 1
9.30572e+10 1.28555e+25 1.28555e+25 1.29059e+25 1.29059e+25 1.29059e+25 2.65366e+25 3.64276e+25 0 0 4.64348e+42 260.689 1.40144 1
1.07461e+11 7.45529e+24 7.45529e+24 7.49672e+24 7.49672e+24 7.49672e+24 1.92896e+25 2.63623e+25 0 0 4.64348e+42 312.066 1.11671 1
1.24094e+11 4.46094e+24 4.46094e+24 4.49446e+24 4.49446e+24 4.49446e+24 1.43643e+25 1.95799e+25 0 0 4.64348e+42 373.57 0.901709 1
1.43301e+11 2.70671e+24 2.70671e+24 2.73303e+24 2.73303e+24 2.73303e+24 1.06591e+25 1.45009e+25 0 0 4.64348e+42 447.195 0.737233 1
1.65482e+11 1.67254e+24 1.67254e+24 1.69274e+24 1.69274e+24 1.69274e+24 7.87867e+24 1.07032e+25 0 0 4.64348e+42 535.331 0.609868 1
1.91095e+11 1.03823e+24 1.03823e+24 1.05327e+24 1.05327e+24 1.05327e+24 5.70997e+24 7.74132e+24 0 0 4.64348e+42 640.836 0.510106 1
2.20673e+11 6.76084e+23 6.76084e+23 6.87451e+23 6.87451e+23 6.87451e+23 4.24205e+24 5.74674e+24 0 0 4.64348e+42 767.135 0.431129 1
2.5483e+11 4.48934e+23 4.48934e+23 4.5745e+23 4.5745e+23 4.5745e+23 3.14111e+24 4.25306e+24 0 0 4.64348e+42 918.326 0.367983 1
2.94273e+11 3.0348e+23 3.0348e+23 3.09814e+23 3.09814e+23 3.09814e+23 2.31801e+24 3.13655e+24 0 0 4.64348e+42 1099.31 0.317029 1
3.39821e+11 2.05249e+23 2.0525e+23 2.09858e+23 2.09858e+23 2.09858e+23 1.67792e+24 2.26577e+24 0 0 4.64348e+42 0 0.275565 1
3.92419e+11 1.44857e+23 1.44857e+23 1.48288e+23 1.48288e+23 1.48288e+23 1.24566e+24 1.68021e+24 0 0 4.64348e+42 0 0.241562 1
4.53158e+11 1.03555e+23 1.03555e+23 1.06097e+23 1.06097e+23 1.06097e+23 9.21755e+23 1.24199e+24 0 0 4.64348e+42 0 0.213483 1
5.23299e+11 7.48479e+22 7.4848e+22 7.67229e+22 7.67229e+22 7.67229e+22 6.79732e+23 9.14681e+23 0 0 4.64348e+42 0 0.190154 1
6.04296e+11 5.37343e+22 5.37343e+22 5.50891e+22 5.50891e+22 5.50891e+22 4.91435e+23 6.59532e+23 0 0 4.64348e+42 0 0.170669 1
6.97831e+11 4.00217e+22 4.00217e+22 4.10249e+22 4.10249e+22 4.10249e+22 3.64469e+23 4.8827e+23 0 0 4.64348e+42 0 0.154323 1
8.05842e+11 3.0014e+22 3.0014e+22 3.07539e+22 3.07539e+22 3.07539e+22 2.69396e+23 3.60249e+23 0 0 4.64348e+42 0 0.140565 1
9.30572e+11 2.26328e+22 2.26328e+22 2.31761e+22 2.31761e+22 2.31761e+22 1.98412e+23 2.64754e+23 0 0 4.64348e+42 0 0.12896 1
1.07461e+12 1.6858e+22 1.6858e+22 1.72488e+22 1.72488e+22 1.72488e+22 1.4319e+23 1.90384e+23 0 0 4.64348e+42 0 0.119166 1
1.24094e+12 1.29731e+22 1.29731e+22 1.32612e+22 1.32612e+22 1.32612e+22 1.06028e+23 1.40599e+23 0 0 4.64348e+42 0 0.110908 1
1.43301e+12 1.00094e+22 1.00094e+22 1.0221e+22 1.0221e+22 1.0221e+22 7.82331e+22 1.0345e+23 0 0 4.64348e+42 0 0.103969 1
1.65482e+12 7.73469e+21 7.7347e+21 7.88928e+21 7.88928e+21 7.88928e+21 5.75061e+22 7.5795e+22 0 0 4.64348e+42 0 0.098177 1
1.91095e+12 5.87986e+21 5.87986e+21 5.9904e+21 5.9904e+21 5.9904e+21 4.13929e+22 5.42923e+22 0 0 4.64348e+42 0 0.0933933 1
2.20673e+12 4.60516e+21 4.60517e+21 4.68621e+21 4.68621e+21 4.68621e+21 3.05777e+22 3.99521e+22 0 0 4.64348e+42 0 0.0895108 1
2.5483e+12 3.60505e+21 3.60505e+21 3.66419e+21 3.66419e+21 3.66419e+21 2.25028e+22 2.92807e+22 0 0 4.64348e+42 0 0.0864461 1
2.94273e+12 2.81844e+21 2.81845e+21 2.86138e+21 2.86138e+21 2.86138e+21 1.64933e+22 2.13601e+22 0 0 4.64348e+42 0 0.0841374 1
3.39821e+12 2.16057e+21 2.16057e+21 2.19103e+21 2.19103e+21 2.19103e+21 1.1827e+22 1.52157e+22 0 0 4.64348e+42 0 0.082541 1
3.92419e+12 1.70333e+21 1.70333e+21 1.72549e+21 1.72549e+21 1.72549e+21 8.70706e+21 1.11408e+22 0 0 4.64348e+42 0 0.08163 1
4.53158e+12 1.33901e+21 1.33901e+21 1.35505e+21 1.35505e+21 1.35505e+21 6.38361e+21 8.12021e+21 0 0 4.64348e+42 0 0.0813928 1
5.23299e+12 1.04885e+21 1.04885e+21 1.06039e+21 1.06039e+21 1.06039e+21 4.65946e+21 5.88781e+21 0 0 4.64348e+42 0 0.0818329 1
6.04296e+12 8.03175e+20 8.03176e+20 8.11272e+20 8.11272e+20 8.11272e+20 3.32332e+21 4.16175e+21 0 0 4.64348e+42 0 0.0829683 1
6.97831e+12 6.31824e+20 6.31824e+20 6.37653e+20 6.37653e+20 6.37653e+20 2.4348e+21 3.02611e+21 0 0 4.64348e+42 0 0.0848322 1
8.05842e+12 4.94607e+20 4.94607e+20 4.98777e+20 4.98777e+20 4.98777e+20 1.77562e+21 2.18894e+21 0 0 4.64348e+42 0 0.0874729 1
9.30572e+12 3.85039e+20 3.85039e+20 3.88003e+20 3.88003e+20 3.88003e+20 1.28848e+21 1.57398e+21 0 0 4.64348e+42 0 0.0909553 1
1.07461e+13 2.92135e+20 2.92136e+20 2.94186e+20 2.94186e+20 2.94186e+20 9.12094e+20 1.10068e+21 0 0 4.64348e+42 0 0.0953611 1
1.24094e+13 2.27581e+20 2.27581e+20 2.29038e+20 2.29038e+20 2.29038e+20 6.63746e+20 7.92783e+20 0 0 4.64348e+42 0 0.10079 1
1.43301e+13 1.76098e+20 1.76099e+20 1.77126e+20 1.77126e+20 1.77126e+20 4.80488e+20 5.6756e+20 0 0 4.64348e+42 0 0.10736 1
1.65482e+13 1.35247e+20 1.35247e+20 1.35966e+20 1.35966e+20 1.35966e+20 3.45845e+20 4.03507e+20 0 0 4.64348e+42 0 0.115206 1
1.91095e+13 1.00892e+20 1.00892e+20 1.0138e+20 1.0138e+20 1.0138e+20 2.42276e+20 2.78064e+20 0 0 4.64348e+42 0 0.12448 1
2.20673e+13 7.72876e+19 7.72877e+19 7.76291e+19 7.76291e+19 7.76291e+19 1.74677e+20 1.97728e+20 0 0 4.64348e+42 0 0.135345 1
2.5483e+13 5.87008e+19 5.8701e+19 5.89375e+19 5.89375e+19 5.89375e+19 1.25172e+20 1.39593e+20 0 0 4.64348e+42 0 0.147968 1
2.94273e+13 4.41718e+19 4.41719e+19 4.43344e+19 4.43344e+19 4.43344e+19 8.9101e+19 9.77416e+19 0 0 4.64348e+42 0 0.162507 1
3.39821e+13 3.21529e+19 3.21531e+19 3.22612e+19 3.22612e+19 3.22612e+19 6.15245e+19 6.60221e+19 0 0 4.64348e+42 0 0.179093 1
3.92419e+13 2.40596e+19 2.40598e+19 2.41339e+19 2.41339e+19 2.41339e+19 4.38005e+19 4.61473e+19 0 0 4.64348e+42 0 0.197804 1
4.53158e+13 1.78186e+19 1.78188e+19 1.78691e+19 1.78691e+19 1.78691e+19 3.09563e+19 3.19761e+19 0 0 4.64348e+42 0 0.218621 1
5.23299e+13 1.3051e+19 1.30512e+19 1.30851e+19 1.30851e+19 1.30851e+19 2.17055e+19 2.19373e+19 0 0 4.64348e+42 0 0.241387 1
6.04296e+13 9.19978e+18 9.19995e+18 9.22192e+18 9.22192e+18 9.22192e+18 1.4694e+19 1.44209e+19 0 0 4.64348e+42 0 0.265741 1
6.97831e+13 6.68203e+18 6.68217e+18 6.6969e+18 6.6969e+18 6.6969e+18 1.0283e+19 9.851e+18 0 0 4.64348e+42 0 0.291055 1
8.05842e+13 4.79495e+18 4.79507e+18 4.80485e+18 4.80485e+18 4.80485e+18 7.13294e+18 6.65795e+18 0 0 4.64348e+42 0 0.316368 1
9.30572e+13 3.39654e+18 3.39665e+18 3.40308e+18 3.40308e+18 3.40308e+18 4.90023e+18 4.44519e+18 0 0 4.64348e+42 0 0.340344 1
1.07461e+14 2.29975e+18 2.29984e+18 2.30389e+18 2.30389e+18 2.30389e+18 3.22831e+18 2.8159e+18 0 0 4.64348e+42 0 0 1
1.24094e+14 1.61088e+18 1.61097e+18 1.61362e+18 1.61362e+18 1.61362e+18 2.2074e+18 1.86563e+18 0 0 4.64348e+42 0 0 1
1.43301e+14 1.1125e+18 1.11262e+18 1.11433e+18 1.11433e+18 1.11433e+18 1.49295e+18 1.21979e+18 0 0 4.64348e+42 0 0 1
1.65482e+14 7.56705e+17 7.56862e+17 7.57962e+17 7.57962e+17 7.57962e+17 9.97672e+17 7.85451e+17 0 0 4.64348e+42 0 0 1
1.91095e+14 4.87156e+17 4.87365e+17 4.88034e+17 4.88034e+17 4.88034e+17 6.33043e+17 4.72931e+17 0 0 4.64348e+42 0 0 1
2.20673e+14 3.26453e+17 3.26728e+17 3.27153e+17 3.27153e+17 3.27153e+17 4.19449e+17 3.0082e+17 0 0 4.64348e+42 0 0 1
2.5483e+14 2.15074e+17 2.15403e+17 2.1567e+17 2.1567e+17 2.1567e+17 2.74113e+17 1.88191e+17 0 0 4.64348e+42 0 0 1
2.94273e+14 1.39119e+17 1.39476e+17 1.39641e+17 1.39641e+17 1.39641e+17 1.7644e+17 1.15486e+17 0 0 4.64348e+42 0 0 1
3.39821e+14 8.39005e+16 8.42364e+16 8.4332e+16 8.4332e+16 8.4332e+16 1.0622e+17 6.48118e+16 0 0 4.64348e+42 0 0 1
3.92419e+14 5.31887e+16 5.34997e+16 5.35581e+16 5.35581e+16 5.35581e+16 6.74243e+16 3.90438e+16 0 0 4.64348e+42 0 0 1
4.53158e+14 3.30278e+16 3.32941e+16 3.33292e+16 3.33292e+16 3.33292e+16 4.20428e+16 2.30317e+16 0 0 4.64348e+42 0 0 1
5.23299e+14 2.00593e+16 2.02711e+16 2.02919e+16 2.02919e+16 2.02919e+16 2.57107e+16 1.32576e+16 0 0 4.64348e+42 0 0 1
6.04296e+14 1.11005e+16 1.12475e+16 1.12587e+16 1.12587e+16 1.12587e+16 1.43616e+16 6.74073e+15 0 0 4.64348e+42 0 0 1
6.97831e+14 6.56473e+15 6.66962e+15 6.67608e+15 6.67608e+15 6.67608e+15 8.5922e+15 3.77613e+15 0 0 4.64348e+42 0 0 1
8.05842e+14 3.78482e+15 3.85535e+15 3.85901e+15 3.85901e+15 3.85901e+15 5.02122e+15 2.05992e+15 0 0 4.64348e+42 0 0 1
9.30572e+14 2.12392e+15 2.16873e+15 2.17075e+15 2.17075e+15 2.17075e+15 2.861e+15 1.08919e+15 0 0 4.64348e+42 0 0 1
1.07461e+15 1.04601e+15 1.07035e+15 1.07133e+15 1.07133e+15 1.07133e+15 1.43274e+15 4.81024e+14 0 0 4.64348e+42 0 0 1
1.24094e+15 5.65774e+14 5.79967e+14 5.80491e+14 5.80491e+14 5.80491e+14 7.88989e+14 2.44461e+14 0 0 4.64348e+42 0 0 1
1.43301e+15 2.96143e+14 3.03991e+14 3.04262e+14 3.04262e+14 3.04262e+14 4.20901e+14 1.20163e+14 0 0 4.64348e+42 0 0 1
1.65482e+15 1.49811e+14 1.5393e+14 1.54066e+14 1.54066e+14 1.54066e+14 2.17197e+14 5.67724e+13 0 0 4.64348e+42 0 0 1
1.91095e+15 6.23935e+13 6.41451e+13 6.42013e+13 6.42013e+13 6.42013e+13 9.23408e+13 2.04145e+13 0 0 4.64348e+42 0 0 1
2.20673e+15 2.98834e+13 3.0728e+13 3.07547e+13 3.07547e+13 3.07547e+13 4.51729e+13 9.09226e+12 0 0 4.64348e+42 0 0 1
2.5483e+15 1.36796e+13 1.4064e+13 1.40762e+13 1.40762e+13 1.40762e+13 2.11306e+13 3.88594e+12 0 0 4.64348e+42 0 0 1
2.94273e+15 5.99017e+12 6.15565e+12 6.16096e+12 6.16096e+12 6.16096e+12 9.45812e+12 1.58118e+12 0 0 4.64348e+42 0 0 1
3.39821e+15 1.93695e+12 1.98903e+12 1.99075e+12 1.99075e+12 1.99075e+12 3.12683e+12 4.16113e+11 0 0 4.64348e+42 0 0 1
3.92419e+15 7.79247e+11 7.99461e+11 8.00148e+11 8.00148e+11 8.00148e+11 1.28624e+12 1.54042e+11 0 0 4.64348e+42 0 0 1
4.53158e+15 2.92843e+11 3.00114e+11 3.00372e+11 3.00372e+11 3.00372e+11 4.94239e+11 5.42822e+10 0 0 4.64348e+42 0 0 1
5.23299e+15 1.03212e+11 1.05647e+11 1.05738e+11 1.05738e+11 1.05738e+11 1.78089e+11 1.81353e+10 0 0 4.64348e+42 0 0 1
6.04296e+15 2.26549e+10 2.31596e+10 2.31795e+10 2.31795e+10 2.31795e+10 3.99556e+10 2.89004e+09 0 0 4.64348e+42 0 0 1
6.97831e+15 7.02342e+09 7.17033e+09 7.17651e+09 7.17651e+09 7.17651e+09 1.26571e+10 8.09895e+08 0 0 4.64348e+42 0 0 1
8.05842e+15 1.94434e+09 1.98233e+09 1.98404e+09 1.98404e+09 1.98404e+09 3.57887e+09 2.12933e+08 0 0 4.64348e+42 0 0 1
9.30572e+15 4.76017e+08 4.84665e+08 4.85085e+08 4.85085e+08 4.85085e+08 8.94466e+08 5.39164e+07 0 0 4.64348e+42 0 0 1
1.07461e+16 5.78949e+07 5.88688e+07 5.892e+07 5.892e+07 5.892e+07 1.10991e+08 3.96354e+06 0 0 4.64348e+42 0 0 1
1.24094e+16 1.18817e+07 1.2066e+07 1.20765e+07 1.20765e+07 1.20765e+07 2.32241e+07 710400 0 0 4.64348e+42 0 0 1
1.43301e+16 2.01609e+06 2.04485e+06 2.04664e+06 2.04664e+06 2.04664e+06 4.01475e+06 112712 0 0 4.64348e+42 0 0 1
1.65482e+16 263196 266637 266871 266871 266871 533530 17531 0 0 4.64348e+42 0 0 1
1.91095e+16 12292.3 12439.2 12450.2 12450.2 12450.2 25343.2 451.462 0 0 4.64348e+42 0 0 1
2.20673e+16 1249.84 1263.46 1264.58 1264.58 1264.58 2618.34 38.6457 0 0 4.64348e+42 0 0 1
2.5483e+16 91.8045 92.7142 92.7969 92.7969 92.7969 195.232 2.4833 0 0 4.64348e+42 0 0 1
2.94273e+16 4.41273 4.45242 4.45641 4.45641 4.45641 9.51629 0.141784 0 0 4.64348e+42 0 0 1
3.39821e+16 0.0399235 0.0402488 0.040285 0.040285 0.040285 0.087218 0.000838126 0 0 4.64348e+42 0 0 1
3.92419e+16 0.00121427 0.00122322 0.00122432 0.00122432 0.00122432 0.00268438 2.10546e-05 0 0 4.64348e+42 0 0 1
4.53158e+16 1.94353e-05 1.95646e-05 1.95824e-05 1.95824e-05 1.95824e-05 4.34306e-05 2.96985e-07 0 0 4.64348e+42 0 0 1
5.23299e+16 1.56349e-07 1.57287e-07 1.57431e-07 1.57431e-07 1.57431e-07 3.52776e-07 2.38793e-09 0 0 4.64348e+42 0 0 1
6.04296e+16 1.1017e-10 1.10764e-10 1.10866e-10 1.10866e-10 1.10866e-10 2.50715e-10 1.52778e-12 0 0 4.64348e+42 0 0 1
6.97831e+16 2.88833e-13 2.90235e-13 2.90503e-13 2.90503e-13 2.90503e-13 6.62217e-13 3.86962e-15 0 0 4.64348e+42 0 0 1
8.05842e+16 2.19574e-16 2.20531e-16 2.20736e-16 2.20736e-16 2.20736e-16 5.0663e-16 2.90829e-18 0 0 4.64348e+42 0 0 1
9.30572e+16 0 0 0 0 0 0 0 0 0 4.64348e+42 0 0 1