
1.07461e-07 0 0 9.67307e+41 1.13233e+50 4.70438e+57 0 0 5.31944e+43 0 4.64348e+42 0 0 0
1.24094e-07 0 0 1.27251e+43 1.23486e+50 4.03168e+57 0 0 6.14279e+43 0 4.64348e+42 0 0 0
1.43301e-07 0 0 1.19563e+44 1.34293e+50 3.44481e+57 0 0 7.09359e+43 0 4.64348e+42 0 0 0
1.65482e-07 0 0 8.39702e+44 1.45748e+50 2.93664e+57 0 0 8.19155e+43 0 4.64348e+42 0 0 0
1.91095e-07 0 0 4.58672e+45 1.58017e+50 2.50015e+57 0 0 9.45945e+43 0 4.64348e+42 0 0 0
2.20673e-07 0 0 2.01766e+46 1.71357e+50 2.12842e+57 0 0 1.09236e+44 0 4.64348e+42 0 0 0
2.5483e-07 0 0 7.36914e+46 1.86139e+50 1.81451e+57 0 0 1.26144e+44 0 4.64348e+42 0 0 0
2.94273e-07 0 0 2.29511e+47 2.02851e+50 1.55149e+57 0 0 1.45669e+44 0 4.64348e+42 0 0 0
3.39821e-07 0 0 6.23865e+47 2.22099e+50 1.33249e+57 0 0 1.68216e+44 0 4.64348e+42 0 0 0
3.92419e-07 0 0 1.5099e+48 2.44578e+50 1.15079e+57 0 0 1.94252e+44 0 4.64348e+42 0 0 0
4.53158e-07 0 0 3.30911e+48 2.71039e+50 1.00002e+57 0 0 2.24319e+44 0 4.64348e+42 0 0 0
5.23299e-07 0 0 6.66017e+48 3.02241e+50 8.74327e+56 0 0 2.5904e+44 0 4.64348e+42 0 0 0
6.04296e-07 0 0 1.24534e+49 3.38903e+50 7.68571e+56 0 0 2.99134e+44 0 4.64348e+42 0 0 0
6.97831e-07 0 0 2.18389e+49 3.81687e+50 6.7845e+56 0 0 3.45435e+44 0 4.64348e+42 0 0 0
8.05842e-07 0 0 3.62036e+49 4.31213e+50 6.00566e+56 0 0 3.98902e+44 0 4.64348e+42 0 0 0
9.30572e-07 0 0 5.71217e+49 4.8812e+50 5.32382e+56 0 0 4.60645e+44 0 4.64348e+42 0 0 0
1.07461e-06 0 0 8.62983e+49 5.5315e+50 4.72097e+56 0 0 5.31944e+44 0 4.64348e+42 0 0 0
1.24094e-06 0 0 1.25529e+50 6.27249e+50 4.18471e+56 0 0 6.14279e+44 0 4.64348e+42 0 0 0
1.43301e-06 0 0 1.76694e+50 7.1165e+50 3.70646e+56 0 0 7.09359e+44 0 4.64348e+42 0 0 0
1.65482e-06 0 0 2.41785e+50 8.07935e+50 3.27987e+56 0 0 8.19155e+44 0 4.64348e+42 0 0 0
1.91095e-06 0 0 3.22971e+50 9.18087e+50 2.89986e+56 0 0 9.45945e+44 0 4.64348e+42 0 0 0
2.20673e-06 0 0 4.22684e+50 1.04453e+51 2.56196e+56 0 0 1.09236e+45 0 4.64348e+42 0 0 0
2.5483e-06 0 0 5.43716e+50 1.19018e+51 2.26209e+56 0 0 1.26144e+45 0 4.64348e+42 0 0 0
2.94273e-06 0 0 6.89327e+50 1.35851e+51 1.99642e+56 0 0 1.45669e+45 0 4.64348e+42 0 0 0
3.39821e-06 0 0 8.63353e+50 1.55358e+51 1.76134e+56 0 0 1.68215e+45 0 4.64348e+42 0 0 0
3.92419e-06 0 0 1.07032e+51 1.78017e+51 1.55351e+56 0 0 1.94252e+45 0 4.64348e+42 0 0 0
4.53158e-06 0 0 1.3156e+51 2.04388e+51 1.36985e+56 0 0 2.24319e+45 0 4.64348e+42 0 0 0
5.23299e-06 0 0 1.60554e+51 2.3513e+51 1.20756e+56 0 0 2.59039e+45 0 4.64348e+42 0 0 0
6.04296e-06 0 0 1.9478e+51 2.71033e+51 1.06412e+56 0 0 2.99134e+45 0 4.64348e+42 0 0 0
6.97831e-06 0 0 2.3516e+51 3.13048e+51 9.37313e+55 0 0 3.45434e+45 0 4.64348e+42 0 0 0
8.05842e-06 0 0 2.82817e+51 3.62326e+51 8.25201e+55 0 0 3.98901e+45 0 4.64348e+42 0 0 0
9.30572e-06 0 0 3.39108e+51 4.20253e+51 7.26081e+55 0 0 4.60644e+45 0 4.64348e+42 0 0 0
1.07461e-05 0 0 4.05666e+51 4.88487e+51 6.3846e+55 0 0 5.31943e+45 0 4.64348e+42 0 0 0
1.24094e-05 0 0 4.84442e+51 5.68999e+51 5.61025e+55 0 0 6.14278e+45 0 4.64348e+42 0 0 0
1.43301e-05 0 0 5.77759e+51 6.64127e+51 4.92614e+55 0 0 7.09356e+45 0 4.64348e+42 0 0 0
1.65482e-05 0 0 6.88389e+51 7.76656e+51 4.32198e+55 0 0 8.19151e+45 0 4.64348e+42 0 0 0
1.91095e-05 0 0 8.19648e+51 9.09913e+51 3.78862e+55 0 0 9.45941e+45 0 4.64348e+42 0 0 0
2.20673e-05 0 0 9.75508e+51 1.06788e+52 3.31799e+55 0 0 1.09235e+46 0 4.64348e+42 0 0 0
2.5483e-05 0 0 1.16071e+52 1.2553e+52 2.90294e+55 0 0 1.26143e+46 0 4.64348e+42 0 0 0
2.94273e-05 0 0 1.38089e+52 1.47783e+52 2.5371e+55 0 0 1.45668e+46 0 4.64348e+42 0 0 0
3.39821e-05 0 0 1.64279e+52 1.74219e+52 2.21487e+55 0 0 1.68214e+46 0 4.64348e+42 0 0 0
3.92419e-05 0 0 1.95439e+52 2.05639e+52 1.93125e+55 0 0 1.9425e+46 0 4.64348e+42 0 0 0
4.53158e-05 0 0 2.32521e+52 2.42994e+52 1.6818e+55 0 0 2.24316e+46 0 4.64348e+42 0 0 0
5.23299e-05 0 0 2.76659e+52 2.87418e+52 1.46262e+55 0 0 2.59036e+46 0 4.64348e+42 0 0 0
6.04296e-05 0 0 3.29199e+52 3.40257e+52 1.2702e+55 0 0 2.99129e+46 0 4.64348e+42 0 0 0
6.97831e-05 0 0 3.91741e+52 4.0311e+52 1.10145e+55 0 0 3.45429e+46 0 4.64348e+42 0 0 0
8.05842e-05 0 0 4.66187e+52 4.7788e+52 9.53628e+54 0 0 3.98894e+46 0 4.64348e+42 0 0 0
9.30572e-05 0 0 5.54799e+52 5.6683e+52 8.24289e+54 0 0 4.60634e+46 0 4.64348e+42 0 0 0
0.000107461 0 0 6.60265e+52 6.72646e+52 7.11269e+54 0 0 5.31929e+46 0 4.64348e+42 0 0 0
0.000124094 0 0 7.85784e+52 7.98528e+52 6.12641e+54 0 0 6.1426e+46 0 4.64348e+42 0 0 0
0.000143301 0 0 9.35159e+52 9.48278e+52 5.26701e+54 0 0 7.09333e+46 0 4.64348e+42 0 0 0
0.000165482 0 0 1.11292e+53 1.12643e+53 4.5193e+54 0 0 8.1912e+46 0 4.64348e+42 0 0 0
0.000191095 0 0 1.32445e+53 1.33836e+53 3.86986e+54 0 0 9.45899e+46 0 4.64348e+42 0 0 0
0.000220673 0 0 1.57618e+53 1.59051e+53 3.30674e+54 0 0 1.0923e+47 0 4.64348e+42 0 0 0
0.00025483 0 0 1.87578e+53 1.89053e+53 2.81937e+54 0 0 1.26136e+47 0 4.64348e+42 0 0 0
0.000294273 0 0 2.23233e+53 2.24753e+53 2.39838e+54 0 0 1.45658e+47 0 4.64348e+42 0 0 0
0.000339821 2.89202e-266 2.89202e-266 2.65562e+53 2.67127e+53 2.03548e+54 0 0 1.68201e+47 8.18407e-271 4.64348e+42 0 0 0
0.000392419 5.34435e-183 5.34435e-183 3.1485e+53 3.16455e+53 1.72331e+54 0 0 1.94233e+47 1.10465e-187 4.64348e+42 0 0 0
0.000453158 1.95187e-121 1.95187e-121 3.68447e+53 3.70074e+53 1.45539e+54 0 0 2.24293e+47 2.98544e-126 4.64348e+42 0 0 0
0.000523299 6.32932e-76 6.32932e-76 4.18841e+53 4.20442e+53 1.22598e+54 0 0 2.59004e+47 7.37465e-81 4.64348e+42 0 0 0
0.000604296 2.73888e-42 2.73888e-42 4.55784e+53 4.57292e+53 1.03003e+54 0 0 2.99087e+47 2.53949e-47 4.64348e+42 0 0 0
0.000697831 1.94255e-17 1.94255e-17 4.71576e+53 4.72928e+53 8.63079e+53 0 0 3.45372e+47 1.50748e-22 4.64348e+42 0 0 0
0.000805842 43.6531 43.6531 4.64497e+53 4.65649e+53 7.2121e+53 0 0 3.98819e+47 0.000297829 4.64348e+42 0 0 0
0.000930572 1.52998e+15 1.52998e+15 4.38211e+53 4.39152e+53 6.00981e+53 0 0 4.60534e+47 9.58157e+09 4.64348e+42 0 0 0
0.00107461 1.49484e+25 1.49484e+25 3.99013e+53 3.99755e+53 4.99377e+53 0 0 5.31796e+47 8.90311e+19 4.64348e+42 0 0 0
0.00124094 3.43634e+32 3.43634e+32 3.53268e+53 3.53836e+53 4.13758e+53 0 0 6.14082e+47 2.00183e+27 4.64348e+42 0 0 0
0.00143301 9.00102e+37 9.00102e+37 3.06032e+53 3.06459e+53 3.41823e+53 0 0 7.09096e+47 5.24153e+32 4.64348e+42 0 0 0
0.00165482 8.62478e+41 8.62478e+41 2.60706e+53 2.6102e+53 2.81566e+53 0 0 8.18804e+47 5.10541e+36 4.64348e+42 0 0 0
0.00191095 7.16077e+44 7.16077e+44 2.19237e+53 2.19466e+53 2.31246e+53 0 0 9.45478e+47 4.36496e+39 4.64348e+42 0 0 0
0.00220673 9.74438e+46 9.74438e+46 1.82512e+53 1.82677e+53 1.89354e+53 0 0 1.09174e+48 6.1787e+41 4.64348e+42 0 0 0
0.0025483 3.48131e+48 3.48131e+48 1.50724e+53 1.50842e+53 1.54589e+53 0 0 1.26061e+48 2.3147e+43 4.64348e+42 0 0 0
0.00294273 4.62545e+49 4.62545e+49 1.23662e+53 1.23746e+53 1.2583e+53 0 0 1.45558e+48 3.24601e+44 4.64348e+42 0 0 0
0.00339821 2.95636e+50 2.95636e+50 1.00907e+53 1.00966e+53 1.02115e+53 0 0 1.68068e+48 2.20176e+45 4.64348e+42 0 0 0
0.00392419 1.0994e+51 1.0994e+51 8.19523e+52 8.1994e+52 8.26224e+52 0 0 1.94055e+48 8.73028e+45 4.64348e+42 0 0 0
0.00453158 2.73778e+51 2.73778e+51 6.62817e+52 6.63109e+52 6.66521e+52 0 0 2.24056e+48 2.32776e+46 4.64348e+42 0 0 0
0.00523299 5.06527e+51 5.06527e+51 5.34051e+52 5.34255e+52 5.36093e+52 0 0 2.58689e+48 4.62865e+46 4.64348e+42 0 0 0
0.00604296 7.51823e+51 7.51823e+51 4.28791e+52 4.28933e+52 4.29917e+52 0 0 2.98667e+48 7.40975e+46 4.64348e+42 0 0 0
0.00697831 9.47502e+51 9.47502e+51 3.43136e+52 3.43234e+52 3.43757e+52 0 0 3.44812e+48 1.01053e+47 4.64348e+42 0 0 0
0.00805842 1.05733e+52 1.05733e+52 2.73718e+52 2.73786e+52 2.74062e+52 0 0 3.98071e+48 1.22417e+47 4.64348e+42 0 0 0
0.00930572 1.07764e+52 1.07764e+52 2.17671e+52 2.17718e+52 2.17862e+52 0 0 4.59537e+48 1.35865e+47 4.64348e+42 0 0 0
0.0107461 1.0264e+52 1.0264e+52 1.72579e+52 1.72611e+52 1.72686e+52 0 0 5.30467e+48 1.41339e+47 4.64348e+42 0 0 0
0.0124094 9.29165e+51 9.29165e+51 1.36423e+52 1.36445e+52 1.36484e+52 0 0 6.1231e+48 1.40164e+47 4.64348e+42 0 0 0
0.0143301 8.09546e+51 8.09546e+51 1.07528e+52 1.07543e+52 1.07563e+52 0 0 7.06733e+48 1.3417e+47 4.64348e+42 0 0 0
0.0165482 6.85141e+51 6.85141e+51 8.45071e+51 8.45173e+51 8.45276e+51 0 0 8.15654e+48 1.25118e+47 4.64348e+42 0 0 0
0.0191095 5.67126e+51 5.67126e+51 6.62245e+51 6.62315e+51 6.62367e+51 0 0 9.41278e+48 1.14444e+47 4.64348e+42 0 0 0
0.0220673 4.61463e+51 4.61463e+51 5.17493e+51 5.17539e+51 5.17566e+51 0 0 1.08614e+49 1.03197e+47 4.64348e+42 0 0 0
0.025483 3.7049e+51 3.7049e+51 4.03233e+51 4.03264e+51 4.03277e+51 0 0 1.25314e+49 9.20776e+46 4.64348e+42 0 0 0
0.0294273 2.94306e+51 2.94306e+51 3.13314e+51 3.13336e+51 3.13342e+51 0 0 1.44563e+49 8.15179e+46 4.64348e+42 0 0 0
0.0339821 2.31792e+51 2.31792e+51 2.42764e+51 2.42779e+51 2.42782e+51 0 0 1.66742e+49 7.17542e+46 4.64348e+42 0 0 0
0.0392419 1.81274e+51 1.81274e+51 1.87577e+51 1.87586e+51 1.87588e+51 0 0 1.92288e+49 6.28913e+46 4.64348e+42 0 0 0
0.0453158 1.4093e+51 1.4093e+51 1.44535e+51 1.44541e+51 1.44542e+51 0 0 2.21701e+49 5.49498e+46 4.64348e+42 0 0 0
0.0523299 1.09012e+51 1.09012e+51 1.11065e+51 1.11069e+51 1.1107e+51 0 0 2.5555e+49 4.78994e+46 4.64348e+42 0 0 0
0.0604296 8.39519e+50 8.39519e+50 8.51173e+50 8.51201e+50 8.51205e+50 0 0 2.94484e+49 4.16818e+46 4.64348e+42 0 0 0
0.0697831 6.44004e+50 6.44004e+50 6.50597e+50 6.50615e+50 6.50617e+50 0 0 3.39239e+49 3.62252e+46 4.64348e+42 0 0 0
0.0805842 4.9229e+50 4.9229e+50 4.96008e+50 4.9602e+50 4.96021e+50 0 0 3.90647e+49 3.14533e+46 4.64348e+42 0 0 0
0.0930572 3.75118e+50 3.75118e+50 3.77208e+50 3.77216e+50 3.77217e+50 0 0 4.49648e+49 2.7291e+46 4.64348e+42 0 0 0
0.107461 2.85002e+50 2.85002e+50 2.86174e+50 2.86179e+50 2.86179e+50 0 0 5.17299e+49 2.36674e+46 4.64348e+42 0 0 0
0.124094 2.15955e+50 2.15955e+50 2.16611e+50 2.16614e+50 2.16614e+50 0 0 5.94778e+49 2.05171e+46 4.64348e+42 0 0 0
0.143301 1.63235e+50 1.63235e+50 1.63601e+50 1.63603e+50 1.63603e+50 0 0 6.83396e+49 1.77812e+46 4.64348e+42 0 0 0
0.165482 1.23107e+50 1.23107e+50 1.23311e+50 1.23312e+50 1.23312e+50 0 0 7.846e+49 1.54069e+46 4.64348e+42 0 0 0
0.191095 9.2653e+49 9.2653e+49 9.27661e+49 9.27671e+49 9.27671e+49 0 0 8.99969e+49 1.33476e+46 4.64348e+42 0 0 0
0.220673 6.96028e+49 6.96028e+49 6.96654e+49 6.96661e+49 6.96661e+49 0 0 1.03121e+50 1.15623e+46 4.64348e+42 0 0 0
0.25483 5.21993e+49 5.21993e+49 5.2234e+49 5.22344e+49 5.22344e+49 0 0 1.18014e+50 1.00149e+46 4.64348e+42 0 0 0
0.294273 3.90889e+49 3.90889e+49 3.91081e+49 3.91084e+49 3.91084e+49 0 0 1.34864e+50 8.67402e+45 4.64348e+42 0 0 0
0.339821 2.92329e+49 2.92329e+49 2.92434e+49 2.92436e+49 2.92436e+49 0 0 1.53866e+50 7.51236e+45 4.64348e+42 0 0 0
0.392419 2.1837e+49 2.1837e+49 2.18428e+49 2.18429e+49 2.18429e+49 0 0 1.75206e+50 6.50605e+45 4.64348e+42 0 0 0
0.453158 1.62964e+49 1.62964e+49 1.62996e+49 1.62997e+49 1.62997e+49 0 0 1.99057e+50 5.6344e+45 4.64348e+42 0 0 0
0.523299 1.21518e+49 1.21518e+49 1.21535e+49 1.21536e+49 1.21536e+49 0 0 2.25564e+50 4.87944e+45 4.64348e+42 0 0 0
0.604296 9.05531e+48 9.05531e+48 9.05627e+48 9.0563e+48 9.0563e+48 0 0 2.54819e+50 4.22558e+45 4.64348e+42 0 0 0
0.697831 6.74453e+48 6.74453e+48 6.74505e+48 6.74507e+48 6.74507e+48 0 0 2.86839e+50 3.6593e+45 4.64348e+42 0 0 0
0.805842 5.02168e+48 5.02168e+48 5.02197e+48 5.02198e+48 5.02198e+48 0 0 3.21531e+50 3.16889e+45 4.64348e+42 0 0 0
0.930572 3.73818e+48 3.73818e+48 3.73833e+48 3.73834e+48 3.73834e+48 0 0 3.58649e+50 2.74419e+45 4.64348e+42 0 0 0
1.07461 2.78257e+48 2.78257e+48 2.78266e+48 2.78266e+48 2.78266e+48 0 0 3.97742e+50 2.37639e+45 4.64348e+42 0 0 0
1.24094 2.07142e+48 2.07142e+48 2.07147e+48 2.07147e+48 2.07147e+48 0 0 4.38095e+50 2.05789e+45 4.64348e+42 0 0 0
1.43301 1.54236e+48 1.54236e+48 1.54239e+48 1.54239e+48 1.54239e+48 0 0 4.78663e+50 1.78207e+45 4.64348e+42 0 0 0
1.65482 1.14883e+48 1.14883e+48 1.14884e+48 1.14884e+48 1.14884e+48 0 0 5.18011e+50 1.54321e+45 4.64348e+42 0 0 0
1.91095 8.56109e+47 8.56109e+47 8.56118e+47 8.56118e+47 8.56118e+47 0 0 5.54259e+50 1.33637e+45 4.64348e+42 0 0 0
2.20673 6.38355e+47 6.38355e+47 6.3836e+47 6.3836e+47 6.3836e+47 0 0 5.8507e+50 1.15725e+45 4.64348e+42 0 0 0
2.5483 4.76324e+47 4.76324e+47 4.76326e+47 4.76327e+47 4.76327e+47 0 0 6.07683e+50 1.00214e+45 4.64348e+42 0 0 0
2.94273 3.55709e+47 3.55709e+47 3.5571e+47 3.5571e+47 3.5571e+47 0 0 6.1906e+50 8.67814e+44 4.64348e+42 0 0 0
3.39821 2.65877e+47 2.65877e+47 2.65878e+47 2.65878e+47 2.65878e+47 0 0 6.16154e+50 7.51495e+44 4.64348e+42 0 0 0
3.92419 1.98931e+47 1.98931e+47 1.98931e+47 1.98931e+47 1.98931e+47 0 0 5.96354e+50 6.50767e+44 4.64348e+42 0 0 0
4.53158 1.49001e+47 1.49001e+47 1.49002e+47 1.49002e+47 1.49002e+47 0 0 5.58102e+50 5.6354e+44 4.64348e+42 0 0 0
5.23299 1.11732e+47 1.11732e+47 1.11732e+47 1.11733e+47 1.11733e+47 0 0 5.01602e+50 4.88004e+44 4.64348e+42 0 0 0
6.04296 8.38872e+46 8.38872e+46 8.38874e+46 8.38874e+46 8.38874e+46 0 0 4.29456e+50 4.22593e+44 4.64348e+42 0 0 0
6.97831 6.3062e+46 6.3062e+46 6.30622e+46 6.30622e+46 6.30622e+46 0 0 3.46927e+50 3.65949e+44 4.64348e+42 0 0 0
8.05842 4.747e+46 4.747e+46 4.74701e+46 4.74702e+46 4.74702e+46 0 0 2.61506e+50 3.16897e+44 4.64348e+42 0 0 0
9.30572 3.57825e+46 3.57825e+46 3.57826e+46 3.57827e+46 3.57827e+46 0 0 1.81585e+50 2.7442e+44 4.64348e+42 0 0 0
10.7461 2.70111e+46 2.70111e+46 2.70112e+46 2.70112e+46 2.70112e+46 0 0 1.14468e+50 2.37637e+44 4.64348e+42 0 0 0
12.4094 2.04198e+46 2.04198e+46 2.04198e+46 2.04198e+46 2.04198e+46 0 0 6.44326e+49 2.05784e+44 4.64348e+42 0 0 0
14.3301 1.546e+46 1.546e+46 1.54601e+46 1.54601e+46 1.54601e+46 0 0 3.1785e+49 1.782e+44 4.64348e+42 0 0 0
16.5482 1.17229e+46 1.17229e+46 1.1723e+46 1.1723e+46 1.1723e+46 0 0 1.34533e+49 1.54313e+44 4.64348e+42 0 0 0
19.1095 8.90299e+45 8.90299e+45 8.90305e+45 8.90305e+45 8.90305e+45 0 0 4.7691e+48 1.33628e+44 4.64348e+42 0 0 0
22.0673 6.77207e+45 6.77207e+45 6.77212e+45 6.77212e+45 6.77212e+45 0 0 1.37733e+48 1.15716e+44 4.64348e+42 0 0 0
25.483 5.15938e+45 5.15938e+45 5.15942e+45 5.15942e+45 5.15942e+45 0 0 3.13921e+47 1.00204e+44 4.64348e+42 0 0 0
29.4273 3.93702e+45 3.93702e+45 3.93706e+45 3.93706e+45 3.93706e+45 0 0 5.44319e+46 8.67719e+43 4.64348e+42 0 0 0
33.9821 3.00907e+45 3.00907e+45 3.0091e+45 3.0091e+45 3.0091e+45 0 0 6.88266e+45 7.51399e+43 4.64348e+42 0 0 0
39.2419 2.30348e+45 2.30348e+45 2.30351e+45 2.30351e+45 2.30351e+45 0 0 6.04369e+44 6.5067e+43 4.64348e+42 0 0 0
45.3158 1.76611e+45 1.76611e+45 1.76614e+45 1.76614e+45 1.76614e+45 0 0 3.48321e+43 5.63443e+43 4.64348e+42 0 0 0
52.3299 1.35618e+45 1.35618e+45 1.35621e+45 1.35621e+45 1.35621e+45 0 0 1.23448e+42 4.87907e+43 4.64348e+42 0 0 0
60.4296 1.04295e+45 1.04295e+45 1.04298e+45 1.04298e+45 1.04298e+45 0 0 2.49536e+40 4.22495e+43 4.64348e+42 0 0 0
69.7831 8.0322e+44 8.0322e+44 8.03239e+44 8.03239e+44 8.03239e+44 0 0 2.63741e+38 3.65851e+43 4.64348e+42 0 0 0
80.5842 6.19434e+44 6.19434e+44 6.1945e+44 6.1945e+44 6.1945e+44 0 0 1.31835e+36 3.168e+43 4.64348e+42 0 0 0
93.0572 4.78309e+44 4.78309e+44 4.78324e+44 4.78324e+44 4.78324e+44 0 0 2.77563e+33 2.74323e+43 4.64348e+42 0 0 0
107.461 3.6977e+44 3.6977e+44 3.69784e+44 3.69784e+44 3.69784e+44 0 0 2.153e+30 2.37539e+43 4.64348e+42 0 0 0
124.094 2.86163e+44 2.86163e+44 2.86175e+44 2.86175e+44 2.86175e+44 0 0 5.27179e+26 2.05686e+43 4.64348e+42 0 0 0
143.301 2.21664e+44 2.21664e+44 2.21674e+44 2.21674e+44 2.21674e+44 0 0 3.40873e+22 1.78102e+43 4.64348e+42 0 0 0
165.482 1.71835e+44 1.71835e+44 1.71844e+44 1.71844e+44 1.71844e+44 0 0 4.73632e+17 1.54215e+43 4.64348e+42 0 0 0
191.095 1.33288e+44 1.33288e+44 1.33297e+44 1.33297e+44 1.33297e+44 0 0 1.11466e+12 1.3353e+43 4.64348e+42 0 0 0
220.673 1.03433e+44 1.03433e+44 1.03441e+44 1.03441e+44 1.03441e+44 0 0 337549 1.15618e+43 4.64348e+42 0 0 0
254.83 8.02844e+43 8.02844e+43 8.02912e+43 8.02912e+43 8.02912e+43 0 0 0.00957614 1.00107e+43 4.64348e+42 0 0 0
294.273 6.23191e+43 6.23191e+43 6.23252e+43 6.23252e+43 6.23252e+43 0 0 1.76414e-11 8.66742e+42 4.64348e+42 0 0 0
339.821 4.83658e+43 4.83658e+43 4.83713e+43 4.83713e+43 4.83713e+43 0 0 1.38217e-21 7.50422e+42 4.64348e+42 0 0 0
392.419 3.75224e+43 3.75224e+43 3.75272e+43 3.75272e+43 3.75272e+43 0 0 2.825e-33 6.49693e+42 4.64348e+42 0 0 0
453.158 2.90926e+43 2.90926e+43 2.9097e+43 2.9097e+43 2.9097e+43 0 0 8.56639e-47 5.62466e+42 4.64348e+42 0 0 0
523.299 2.25385e+43 2.25385e+43 2.25424e+43 2.25424e+43 2.25424e+43 0 0 2.00841e-62 4.8693e+42 4.64348e+42 0 0 0
604.296 1.74432e+43 1.74432e+43 1.74467e+43 1.74467e+43 1.74467e+43 0 0 1.71524e-80 4.21518e+42 4.64348e+42 0 0 0
697.831 1.34835e+43 1.34835e+43 1.34867e+43 1.34867e+43 1.34867e+43 0 0 2.23752e-101 3.64875e+42 4.64348e+42 0 0 0
805.842 1.04084e+43 1.04084e+43 1.04112e+43 1.04112e+43 1.04112e+43 0 0 1.63421e-125 3.15823e+42 4.64348e+42 0 0 0
930.572 8.02247e+42 8.02247e+42 8.02495e+42 8.02495e+42 8.02495e+42 0 0 2.09707e-153 2.73347e+42 4.64348e+42 0 0 0
1074.61 6.1734e+42 6.1734e+42 6.1756e+42 6.1756e+42 6.1756e+42 0 0 1.24005e-185 2.36563e+42 4.64348e+42 0 0 0
1240.94 4.74245e+42 4.74245e+42 4.7444e+42 4.7444e+42 4.7444e+42 0 0 7.20401e-223 2.0471e+42 4.64348e+42 0 0 0
1433.01 3.6369e+42 3.6369e+42 3.63863e+42 3.63863e+42 3.63863e+42 0 0 0 1.77127e+42 4.64348e+42 0 0 0
1654.82 2.78433e+42 2.78433e+42 2.78586e+42 2.78586e+42 2.78586e+42 0 0 0 1.53241e+42 4.64348e+42 0 0 0
1910.95 2.12813e+42 2.12813e+42 2.12948e+42 2.12948e+42 2.12948e+42 0 0 0 1.32557e+42 4.64348e+42 0 0 0
2206.73 1.6241e+42 1.6241e+42 1.62529e+42 1.62529e+42 1.62529e+42 0 0 0 1.14645e+42 4.64348e+42 0 0 0
2548.3 1.23774e+42 1.23774e+42 1.23879e+42 1.23879e+42 1.23879e+42 0 0 0 9.91342e+41 4.64348e+42 0 0 0
2942.73 9.42175e+41 9.42175e+41 9.43096e+41 9.43096e+41 9.43096e+41 0 0 0 8.57027e+41 4.64348e+42 0 0 0
3398.21 7.16474e+41 7.16474e+41 7.17283e+41 7.17283e+41 7.17283e+41 0 0 0 7.40717e+41 4.64348e+42 0 0 0
3924.19 5.4441e+41 5.4441e+41 5.4512e+41 5.4512e+41 5.4512e+41 0 0 0 6.40001e+41 4.64348e+42 0 0 0
4531.58 4.13421e+41 4.13421e+41 4.14044e+41 4.14044e+41 4.14044e+41 0 0 0 5.52787e+41 4.64348e+42 0 0 0
5232.99 3.13863e+41 3.13863e+41 3.14386e+41 3.14386e+41 3.14386e+41 0 0 0 4.77336e+41 4.64348e+42 0 0 0
6042.96 2.38191e+41 2.38191e+41 2.38647e+41 2.38647e+41 2.38647e+41 0 0 0 4.11953e+41 4.64348e+42 0 0 0
6978.31 1.80738e+41 1.80738e+41 1.81134e+41 1.81134e+41 1.81134e+41 0 0 0 3.55342e+41 4.64348e+42 0 0 0
8058.42 1.37135e+41 1.37135e+41 1.37479e+41 1.37479e+41 1.37479e+41 0 0 0 3.06327e+41 4.64348e+42 0 0 0
9305.72 1.04051e+41 1.04051e+41 1.04349e+41 1.04349e+41 1.04349e+41 0 0 0 2.63893e+41 4.64348e+42 0 0 0
10746.1 7.89495e+40 7.89495e+40 7.92084e+40 7.92084e+40 7.92084e+40 0 0 0 2.27158e+41 4.64348e+42 0 0 0
12409.4 5.99051e+40 5.99051e+40 6.01291e+40 6.01291e+40 6.01291e+40 0 0 0 1.9536e+41 4.64348e+42 0 0 0
14330.1 4.54549e+40 4.54549e+40 4.56484e+40 4.56484e+40 4.56484e+40 0 0 0 1.67839e+41 4.64348e+42 0 0 0
16548.2 3.44895e+40 3.44895e+40 3.46562e+40 3.46562e+40 3.46562e+40 0 0 0 1.44023e+41 4.64348e+42 0 0 0
19109.5 2.61676e+40 2.61676e+40 2.6311e+40 2.6311e+40 2.6311e+40 0 0 0 1.23419e+41 4.64348e+42 0 0 0
22067.3 1.98514e+40 1.98514e+40 1.99744e+40 1.99744e+40 1.99744e+40 0 0 0 1.05597e+41 4.64348e+42 0 0 0
25483 1.50574e+40 1.50574e+40 1.51625e+40 1.51625e+40 1.51625e+40 0 0 0 9.01879e+40 4.64348e+42 0 0 0
29427.3 1.14186e+40 1.14186e+40 1.15081e+40 1.15081e+40 1.15081e+40 0 0 0 7.68698e+40 4.64348e+42 0 0 0
33982.1 8.65675e+39 8.65675e+39 8.73271e+39 8.73271e+39 8.73271e+39 0 0 0 6.53655e+40 4.64348e+42 0 0 0
39241.9 6.5608e+39 6.5608e+39 6.62497e+39 6.62497e+39 6.62497e+39 0 0 0 5.54346e+40 4.64348e+42 0 0 0
45315.8 4.97043e+39 4.97043e+39 5.02439e+39 5.02439e+39 5.02439e+39 0 0 0 4.68691e+40 4.64348e+42 0 0 0
52329.9 3.76397e+39 3.76397e+39 3.8091e+39 3.8091e+39 3.8091e+39 0 0 0 3.9489e+40 4.64348e+42 0 0 0
60429.6 2.84901e+39 2.84901e+39 2.88654e+39 2.88654e+39 2.88654e+39 0 0 0 3.31384e+40 4.64348e+42 0 0 0
69783.1 2.15536e+39 2.15536e+39 2.18638e+39 2.18638e+39 2.18638e+39 0 0 0 2.76822e+40 4.64348e+42 0 0 0
80584.2 1.6297e+39 1.6297e+39 1.65518e+39 1.65518e+39 1.65518e+39 0 0 0 2.30036e+40 4.64348e+42 0 0 0
93057.2 1.23153e+39 1.23153e+39 1.25231e+39 1.25231e+39 1.25231e+39 0 0 0 1.90013e+40 4.64348e+42 0 0 0
107461 9.30068e+38 9.30068e+38 9.46904e+38 9.46904e+38 9.46904e+38 0 0 0 1.55876e+40 4.64348e+42 0 0 0
124094 7.01953e+38 7.01953e+38 7.15492e+38 7.15492e+38 7.15492e+38 0 0 0 1.26861e+40 4.64348e+42 0 0 0
143301 5.29435e+38 5.29435e+38 5.40241e+38 5.40241e+38 5.40241e+38 0 0 0 1.0231e+40 4.64348e+42 0 0 0
165482 3.9904e+38 3.9904e+38 4.07602e+38 4.07602e+38 4.07602e+38 0 0 0 8.16459e+39 4.64348e+42 0 0 0
191095 3.00543e+38 3.00543e+38 3.07277e+38 3.07277e+38 3.07277e+38 0 0 0 6.43694e+39 4.64348e+42 0 0 0
220673 2.26191e+38 2.26191e+38 2.31448e+38 2.31448e+38 2.31448e+38 0 0 0 5.00419e+39 4.64348e+42 0 0 0
254830 1.70102e+38 1.70102e+38 1.74177e+38 1.74177e+38 1.74177e+38 0 0 0 3.82781e+39 4.64348e+42 0 0 0
294273 1.27821e+38 1.27821e+38 1.30958e+38 1.30958e+38 1.30958e+38 0 0 0 2.87363e+39 4.64348e+42 0 0 0
339821 9.5973e+37 9.5973e+37 9.83708e+37 9.83708e+37 9.83708e+37 0 0 0 2.11106e+39 4.64348e+42 0 0 0
392419 7.2002e+37 7.2002e+37 7.3823e+37 7.3823e+37 7.3823e+37 0 0 0 1.51247e+39 4.64348e+42 0 0 0
453158 5.39749e+37 5.39749e+37 5.5349e+37 5.5349e+37 5.5349e+37 0 0 0 1.05267e+39 4.64348e+42 0 0 0
523299 4.04293e+37 4.04293e+37 4.14598e+37 4.14598e+37 4.14598e+37 2.52271e+29 6.25663e+33 0 7.0851e+38 4.64348e+42 0 0 0
604296 3.02601e+37 3.02601e+37 3.10281e+37 3.10281e+37 3.10281e+37 3.8858e+29 6.28364e+33 0 4.58752e+38 4.64348e+42 0 0 0
697831 2.26323e+37 2.26323e+37 2.32012e+37 2.32012e+37 2.32012e+37 5.24889e+29 6.31065e+33 0 2.8403e+38 4.64348e+42 0 0 0
805842 1.69156e+37 1.69156e+37 1.73346e+37 1.73346e+37 1.73346e+37 6.61198e+29 6.33766e+33 0 1.66984e+38 4.64348e+42 0 0 0
930572 1.26348e+37 1.26348e+37 1.29416e+37 1.29416e+37 1.29416e+37 7.97506e+29 6.36468e+33 0 9.24707e+37 4.64348e+42 0 0 0
1.07461e+06 9.43178e+36 9.43178e+36 9.65502e+36 9.65502e+36 9.65502e+36 1.00986e+30 6.39576e+33 0 4.77874e+37 4.64348e+42 0 0 0
1.24094e+06 7.03686e+36 7.03686e+36 7.19842e+36 7.19842e+36 7.19842e+36 1.35485e+30 6.40424e+33 0 2.27998e+37 4.64348e+42 0 0 0
1.43301e+06 5.24738e+36 5.24738e+36 5.36366e+36 5.36366e+36 5.36366e+36 1.8091e+30 6.41509e+33 0 9.91885e+36 4.64348e+42 0 0 0
1.65482e+06 3.91109e+36 3.91109e+36 3.99436e+36 3.99436e+36 3.99436e+36 2.40943e+30 6.42909e+33 0 3.87862e+36 4.64348e+42 0 0 0
1.91095e+06 2.9138e+36 2.9138e+36 2.97314e+36 2.97314e+36 2.97314e+36 3.26721e+30 6.44851e+33 0 1.34087e+36 4.64348e+42 0 0 0
2.20673e+06 2.16992e+36 2.16992e+36 2.21202e+36 2.21202e+36 2.21202e+36 4.36743e+30 6.47371e+33 0 4.02056e+35 4.64348e+42 0 0 0
2.5483e+06 1.61532e+36 1.61532e+36 1.64507e+36 1.64507e+36 1.64507e+36 5.81248e+30 6.50681e+33 0 1.0228e+35 4.64348e+42 0 0 0
2.94273e+06 1.20205e+36 1.20205e+36 1.223e+36 1.223e+36 1.223e+36 7.72953e+30 6.55025e+33 0 2.15198e+34 4.64348e+42 0 0 0
3.39821e+06 8.94233e+35 8.94233e+35 9.08929e+35 9.08929e+35 9.08929e+35 1.04917e+31 6.61086e+33 0 3.63617e+33 4.64348e+42 0 0 0
3.92419e+06 6.6505e+35 6.6505e+35 6.75333e+35 6.75333e+35 6.75333e+35 1.40962e+31 6.68952e+33 0 4.76937e+32 4.64348e+42 0 0 0
4.53158e+06 4.94482e+35 4.94482e+35 5.01659e+35 5.01659e+35 5.01659e+35 1.8955e+31 6.79095e+33 0 4.66934e+31 4.64348e+42 0 0 0
5.23299e+06 3.67584e+35 3.67584e+35 3.72584e+35 3.72584e+35 3.72584e+35 2.54364e+31 6.9192e+33 0 3.26109e+30 4.64348e+42 0 0 0
6.04296e+06 2.73208e+35 2.73208e+35 2.76686e+35 2.76686e+35 2.76686e+35 3.46005e+31 7.08927e+33 0 1.54197e+29 4.64348e+42 0 0 0
6.97831e+06 2.03041e+35 2.03041e+35 2.05458e+35 2.05458e+35 2.05458e+35 4.64482e+31 7.28977e+33 0 4.647e+27 4.64348e+42 0 0 0
8.05842e+06 1.50889e+35 1.50889e+35 1.52568e+35 1.52568e+35 1.52568e+35 6.18945e+31 7.52665e+33 0 8.3249e+25 4.64348e+42 0 0 0
9.30572e+06 1.12139e+35 1.12139e+35 1.13306e+35 1.13306e+35 1.13306e+35 8.21805e+31 7.79503e+33 0 8.17965e+23 4.64348e+42 0 0 0
1.07461e+07 8.33572e+34 8.33572e+34 8.41688e+34 8.41688e+34 8.41688e+34 1.09412e+32 8.11656e+33 0 4.01669e+21 4.64348e+42 0 0 0
1.24094e+07 6.19861e+34 6.19861e+34 6.25516e+34 6.25516e+34 6.25516e+34 1.42629e+32 8.43248e+33 0 8.85448e+18 4.64348e+42 0 0 0
1.43301e+07 4.61248e+34 4.61248e+34 4.65197e+34 4.65197e+34 4.65197e+34 1.82568e+32 8.7411e+33 0 7.7408e+15 4.64348e+42 0 0 0
1.65482e+07 3.43594e+34 3.43594e+34 3.46361e+34 3.46361e+34 3.46361e+34 2.29489e+32 9.02763e+33 0 2.3258e+12 4.64348e+42 0 0 0
1.91095e+07 2.56406e+34 2.56406e+34 2.58354e+34 2.58354e+34 2.58354e+34 2.85382e+32 9.27464e+33 0 2.03581e+08 4.64348e+42 0 0 0
2.20673e+07 1.91819e+34 1.91819e+34 1.93198e+34 1.93198e+34 1.93198e+34 3.44824e+32 9.48772e+33 0 4289.29 4.64348e+42 0 0 0
2.5483e+07 1.4404e+34 1.4404e+34 1.45024e+34 1.45024e+34 1.45024e+34 4.08879e+32 9.63722e+33 0 0.0174497 4.64348e+42 0 0 0
2.94273e+07 1.08707e+34 1.08707e+34 1.09415e+34 1.09415e+34 1.09415e+34 4.72565e+32 9.6391e+33 0 1.06268e-08 4.64348e+42 0 0 0
3.39821e+07 8.26031e+33 8.26031e+33 8.31187e+33 8.31187e+33 8.31187e+33 5.34469e+32 9.46693e+33 0 7.22054e-16 4.64348e+42 0 0 0
3.92419e+07 6.32767e+33 6.32767e+33 6.36569e+33 6.36569e+33 6.36569e+33 5.87222e+32 9.11606e+33 0 3.89836e-24 4.64348e+42 0 0 0
4.53158e+07 4.89823e+33 4.89823e+33 4.92668e+33 4.92668e+33 4.92668e+33 6.32992e+32 8.64824e+33 0 1.13007e-33 4.64348e+42 0 0 0
5.23299e+07 3.83806e+33 3.83806e+33 3.85972e+33 3.85972e+33 3.85972e+33 6.69039e+32 8.10883e+33 0 1.11857e-44 4.64348e+42 0 0 0
6.04296e+07 3.04416e+33 3.04416e+33 3.06093e+33 3.06093e+33 3.06093e+33 6.89728e+32 7.44468e+33 0 2.24152e-57 4.64348e+42 0 0 0
6.97831e+07 2.44259e+33 2.44259e+33 2.45579e+33 2.45579e+33 2.45579e+33 6.93464e+32 6.67064e+33 0 4.97286e-72 4.64348e+42 0 0 0
8.05842e+07 1.98111e+33 1.98111e+33 1.99166e+33 1.99166e+33 1.99166e+33 6.81725e+32 5.79957e+33 0 6.08317e-89 4.64348e+42 0 0 0
9.30572e+07 1.62022e+33 1.62022e+33 1.62875e+33 1.62875e+33 1.62875e+33 6.54934e+32 4.86195e+33 0 1.83459e-108 4.64348e+42 0 0 0
1.07461e+08 1.33032e+33 1.33032e+33 1.33728e+33 1.33728e+33 1.33728e+33 6.13142e+32 3.91091e+33 0 5.38456e-131 4.64348e+42 168.678 0 0
1.24094e+08 1.09743e+33 1.09743e+33 1.10316e+33 1.10316e+33 1.10316e+33 5.64501e+32 3.09564e+33 0 5.25769e-157 4.64348e+42 148.187 0 0
1.43301e+08 9.04855e+32 9.04855e+32 9.09578e+32 9.09578e+32 9.09578e+32 5.08706e+32 2.40692e+33 0 4.94482e-187 4.64348e+42 130.185 0 0
1.65482e+08 7.42246e+32 7.42246e+32 7.46134e+32 7.46134e+32 7.46134e+32 4.47629e+32 1.84165e+33 0 1.07047e-221 4.64348e+42 114.369 0 0
1.91095e+08 5.99773e+32 5.99773e+32 6.02934e+32 6.02934e+32 6.02934e+32 3.80497e+32 1.37307e+33 0 1.0214e-261 4.64348e+42 100.475 0 0
2.20673e+08 4.82073e+32 4.82073e+32 4.84636e+32 4.84636e+32 4.84636e+32 3.1878e+32 1.02907e+33 0 0 4.64348e+42 88.2693 0 0
2.5483e+08 3.83339e+32 3.83339e+32 3.854e+32 3.854e+32 3.854e+32 2.61656e+32 7.62573e+32 0 0 4.64348e+42 77.546 0 0
2.94273e+08 3.01107e+32 3.01107e+32 3.02746e+32 3.02746e+32 3.02746e+32 2.1037e+32 5.58853e+32 0 0 4.64348e+42 68.1255 0 0
3.39821e+08 2.31683e+32 2.31683e+32 2.32963e+32 2.32963e+32 2.32963e+32 1.63961e+32 4.02291e+32 0 0 4.64348e+42 62.4899 0 0
3.92419e+08 1.77901e+32 1.77901e+32 1.78898e+32 1.78898e+32 1.78898e+32 1.27342e+32 2.9432e+32 0 0 4.64348e+42 59.8494 0 0
4.53158e+08 1.35167e+32 1.35167e+32 1.35937e+32 1.35937e+32 1.35937e+32 9.74017e+31 2.14338e+32 0 0 4.64348e+42 57.3204 0 0
5.23299e+08 1.01447e+32 1.01447e+32 1.02035e+32 1.02035e+32 1.02035e+32 7.32221e+31 1.55443e+32 0 0 4.64348e+42 54.8984 0 0
6.04296e+08 7.54161e+31 7.54161e+31 7.58618e+31 7.58618e+31 7.58618e+31 5.43134e+31 1.11542e+32 0 0 4.64348e+42 52.5787 0 0
6.97831e+08 5.65822e+31 5.65822e+31 5.69229e+31 5.69229e+31 5.69229e+31 4.08108e+31 8.16915e+31 0 0 4.64348e+42 50.357 0 0
8.05842e+08 4.22668e+31 4.22668e+31 4.25263e+31 4.25263e+31 4.25263e+31 3.04813e+31 5.973e+31 0 0 4.64348e+42 48.2291 0 0
9.30572e+08 3.14061e+31 3.14061e+31 3.16027e+31 3.16027e+31 3.16027e+31 2.26021e+31 4.35681e+31 0 0 4.64348e+42 46.1912 0 0
1.07461e+09 2.31096e+31 2.31096e+31 2.32572e+31 2.32572e+31 2.32572e+31 1.65362e+31 3.13298e+31 0 0 4.64348e+42 46.3577 0 0
1.24094e+09 1.72725e+31 1.72725e+31 1.7385e+31 1.7385e+31 1.7385e+31 1.23739e+31 2.30511e+31 0 0 4.64348e+42 48.7525 0 0
1.43301e+09 1.29171e+31 1.29171e+31 1.30029e+31 1.30029e+31 1.30029e+31 9.27312e+30 1.69147e+31 0 0 4.64348e+42 51.271 0 0
1.65482e+09 9.63168e+30 9.63168e+30 9.69698e+30 9.69698e+30 9.69698e+30 6.92679e+30 1.23744e+31 0 0 4.64348e+42 53.9196 0 0
1.91095e+09 7.11302e+30 7.11302e+30 7.16222e+30 7.16222e+30 7.16222e+30 5.10995e+30 8.90462e+30 0 0 4.64348e+42 56.7051 0 0
2.20673e+09 5.32745e+30 5.32745e+30 5.36504e+30 5.36504e+30 5.36504e+30 3.85014e+30 6.566e+30 0 0 4.64348e+42 59.6344 0 0
2.5483e+09 3.97763e+30 3.97763e+30 4.00625e+30 4.00625e+30 4.00625e+30 2.89233e+30 4.82813e+30 0 0 4.64348e+42 62.7151 0 0
2.94273e+09 2.95629e+30 2.95629e+30 2.97799e+30 2.97799e+30 2.97799e+30 2.16248e+30 3.53893e+30 0 0 4.64348e+42 65.9549 0 0
3.39821e+09 2.16604e+30 2.16604e+30 2.18225e+30 2.18225e+30 2.18225e+30 1.58793e+30 2.55146e+30 0 0 4.64348e+42 69.3621 0 0
3.92419e+09 1.61123e+30 1.61123e+30 1.62352e+30 1.62352e+30 1.62352e+30 1.19284e+30 1.88274e+30 0 0 4.64348e+42 72.9453 0 0
4.53158e+09 1.1943e+30 1.1943e+30 1.20358e+30 1.20358e+30 1.20358e+30 8.93116e+29 1.38433e+30 0 0 4.64348e+42 76.7135 0 0
5.23299e+09 8.82075e+29 8.82075e+29 8.89061e+29 8.89061e+29 8.89061e+29 6.66377e+29 1.01373e+30 0 0 4.64348e+42 80.6765 0 0
6.04296e+09 6.41163e+29 6.41163e+29 6.46337e+29 6.46337e+29 6.46337e+29 4.8728e+29 7.30782e+29 0 0 4.64348e+42 84.8442 0 0
6.97831e+09 4.74484e+29 4.74484e+29 4.78383e+29 4.78383e+29 4.78383e+29 3.65351e+29 5.38673e+29 0 0 4.64348e+42 89.2272 0 0
8.05842e+09 3.50066e+29 3.50066e+29 3.52999e+29 3.52999e+29 3.52999e+29 2.73027e+29 3.95981e+29 0 0 4.64348e+42 93.8365 0 0
9.30572e+09 2.56684e+29 2.56684e+29 2.58892e+29 2.58892e+29 2.58892e+29 2.02745e+29 2.90277e+29 0 0 4.64348e+42 98.6841 0 0
1.07461e+10 1.84531e+29 1.84531e+29 1.86232e+29 1.86232e+29 1.86232e+29 1.47922e+29 2.09919e+29 0 0 4.64348e+42 110.725 0 0
1.24094e+10 1.31294e+29 1.31294e+29 1.32821e+29 1.32821e+29 1.32821e+29 1.10044e+29 1.55255e+29 0 0 4.64348e+42 132.548 0 0
1.43301e+10 8.56073e+28 8.56073e+28 8.73563e+28 8.73563e+28 8.73563e+28 8.1368e+28 1.1454e+29 0 0 4.64348e+42 158.671 0 0
1.65482e+10 4.63132e+28 4.63132e+28 4.85379e+28 4.85379e+28 4.85379e+28 5.99782e+28 8.4244e+28 0 0 4.64348e+42 189.942 0 0
1.91095e+10 1.91518e+28 1.91518e+28 2.1514e+28 2.1514e+28 2.1514e+28 4.33826e+28 6.09322e+28 0 0 4.64348e+42 227.377 0 0
2.20673e+10 6.47445e+27 6.47445e+27 8.4897e+27 8.4897e+27 8.4897e+27 3.21032e+28 4.50964e+28 0 0 4.64348e+42 272.19 34.7254 0
2.5483e+10 1.8429e+27 1.8429e+27 3.26582e+27 3.26582e+27 3.26582e+27 2.36767e+28 3.32664e+28 0 0 4.64348e+42 325.834 22.9578 0
2.94273e+10 4.38474e+26 4.38474e+26 1.30805e+27 1.30805e+27 1.30805e+27 1.74107e+28 2.44549e+28 0 0 4.64348e+42 390.052 15.5417 0
3.39821e+10 8.20142e+25 8.20142e+25 5.5102e+26 5.5102e+26 5.5102e+26 1.2563e+28 1.76512e+28 0 0 4.64348e+42 466.925 10.7604 0
3.92419e+10 1.19283e+25 1.19283e+25 2.54577e+26 2.54577e+26 2.54577e+26 9.31115e+27 1.30657e+28 0 0 4.64348e+42 558.949 7.61059 0
4.53158e+10 1.28583e+24 1.28583e+24 1.2541e+26 1.2541e+26 1.2541e+26 6.88589e+27 9.64772e+27 0 0 4.64348e+42 669.109 5.49245 0
5.23299e+10 1.04277e+23 1.04277e+23 6.54774e+25 6.54774e+25 6.54774e+25 5.08402e+27 7.10402e+27 0 0 4.64348e+42 800.981 4.04008 0
6.04296e+10 6.62621e+21 6.62621e+21 3.55156e+25 3.55156e+25 3.55156e+25 3.69152e+27 5.13544e+27 0 0 4.64348e+42 958.842 3.02568 0
6.97831e+10 3.72969e+20 3.72969e+20 2.06368e+25 2.06368e+25 2.06368e+25 2.75075e+27 3.81086e+27 0 0 4.64348e+42 1147.82 2.3047 0
8.05842e+10 2.01412e+19 2.01412e+19 1.24598e+25 1.24598e+25 1.24598e+25 2.04422e+27 2.82132e+27 0 0 4.64348e+42 1374.03 1.78376 0
9.30572e+10 1.16447e+18 1.16447e+18 7.77642e+24 7.77642e+24 7.77642e+24 1.51497e+27 2.08275e+27 0 0 4.64348e+42 1644.83 1.40144 0
1.07461e+11 7.8694e+16 7.8694e+16 4.92198e+24 4.92198e+24 4.92198e+24 1.10155e+27 1.50802e+27 0 0 4.64348e+42 1969.01 1.11671 0
1.24094e+11 7.04479e+15 7.04479e+15 3.27207e+24 3.27207e+24 3.27207e+24 8.20508e+26 1.12059e+27 0 0 4.64348e+42 2357.07 0.901709 0
1.43301e+11 8.69383e+14 8.69384e+14 2.22162e+24 2.22162e+24 2.22162e+24 6.09055e+26 8.3037e+26 0 0 4.64348e+42 2821.61 0.737233 0
1.65482e+11 1.54021e+14 1.54021e+14 1.53555e+24 1.53555e+24 1.53555e+24 4.50345e+26 6.13283e+26 0 0 4.64348e+42 3377.71 0.609868 0
1.91095e+11 3.93144e+13 3.93144e+13 1.06218e+24 1.06218e+24 1.06218e+24 3.26533e+26 4.43931e+26 0 0 4.64348e+42 4043.4 0.510106 0
2.20673e+11 1.50378e+13 1.50378e+13 7.64432e+23 7.64432e+23 7.64432e+23 2.42698e+26 3.29805e+26 0 0 4.64348e+42 4840.3 0.431129 0
2.5483e+11 8.25096e+12 8.25096e+12 5.56759e+23 5.56759e+23 5.56759e+23 1.79803e+26 2.44296e+26 0 0 4.64348e+42 5794.25 0.367983 0
2.94273e+11 6.30198e+12 6.30198e+12 4.09652e+23 4.09652e+23 4.09652e+23 1.32765e+26 1.80341e+26 0 0 4.64348e+42 6936.21 0.317029 0
3.39821e+11 6.35573e+12 6.35573e+12 2.99536e+23 2.99536e+23 2.99536e+23 9.61755e+25 1.3044e+26 0 0 4.64348e+42 0 0.275565 0
3.92419e+11 8.46086e+12 8.46086e+12 2.26671e+23 2.26671e+23 2.26671e+23 7.14507e+25 9.68462e+25 0 0 4.64348e+42 0 0.241562 0
4.53158e+11 1.38568e+13 1.38568e+13 1.72643e+23 1.72643e+23 1.72643e+23 5.29149e+25 7.16842e+25 0 0 4.64348e+42 0 0.213483 0
5.23299e+11 2.67463e+13 2.67463e+13 1.32186e+23 1.32186e+23 1.32186e+23 3.90573e+25 5.28731e+25 0 0 4.64348e+42 0 0.190154 0
6.04296e+11 5.75443e+13 5.75444e+13 1.00082e+23 1.00082e+23 1.00082e+23 2.82713e+25 3.8199e+25 0 0 4.64348e+42 0 0.170669 0
6.97831e+11 1.38907e+14 1.38907e+14 7.81663e+22 7.81663e+22 7.81663e+22 2.09909e+25 2.83316e+25 0 0 4.64348e+42 0 0.154323 0
8.05842e+11 3.54414e+14 3.54414e+14 6.123e+22 6.123e+22 6.123e+22 1.55351e+25 2.09461e+25 0 0 4.64348e+42 0 0.140565 0
9.30572e+11 9.2944e+14 9.2944e+14 4.80644e+22 4.80644e+22 4.80644e+22 1.14582e+25 1.54291e+25 0 0 4.64348e+42 0 0.12896 0
1.07461e+12 2.40861e+15 2.40861e+15 3.71855e+22 3.71855e+22 3.71855e+22 8.28432e+24 1.11278e+25 0 0 4.64348e+42 0 0.119166 0
1.24094e+12 6.32472e+15 6.32473e+15 2.96183e+22 2.96183e+22 2.96183e+22 6.14494e+24 8.24038e+24 0 0 4.64348e+42 0 0.110908 0
1.43301e+12 1.61172e+16 1.61172e+16 2.36052e+22 2.36052e+22 2.36052e+22 4.54287e+24 6.0816e+24 0 0 4.64348e+42 0 0.103969 0
1.65482e+12 3.93843e+16 3.93844e+16 1.88114e+22 1.88114e+22 1.88114e+22 3.34656e+24 4.47094e+24 0 0 4.64348e+42 0 0.098177 0
1.91095e+12 8.99964e+16 8.99965e+16 1.47388e+22 1.47388e+22 1.47388e+22 2.41557e+24 3.21653e+24 0 0 4.64348e+42 0 0.0933933 0
2.20673e+12 1.99963e+17 1.99963e+17 1.18729e+22 1.18729e+22 1.18729e+22 1.78907e+24 2.37642e+24 0 0 4.64348e+42 0 0.0895108 0
2.5483e+12 4.18199e+17 4.182e+17 9.5526e+21 9.5526e+21 9.5526e+21 1.32044e+24 1.74938e+24 0 0 4.64348e+42 0 0.0864461 0
2.94273e+12 8.21294e+17 8.21295e+17 7.67172e+21 7.67172e+21 7.67172e+21 9.70946e+23 1.28244e+24 0 0 4.64348e+42 0 0.0841374 0
3.39821e+12 1.48791e+18 1.48791e+18 6.04378e+21 6.04378e+21 6.04378e+21 6.99132e+23 9.19308e+23 0 0 4.64348e+42 0 0.082541 0
3.92419e+12 2.60526e+18 2.60526e+18 4.88969e+21 4.88969e+21 4.88969e+21 5.16671e+23 6.7697e+23 0 0 4.64348e+42 0 0.08163 0
4.53158e+12 4.28658e+18 4.28659e+18 3.94385e+21 3.94385e+21 3.94385e+21 3.80409e+23 4.96538e+23 0 0 4.64348e+42 0 0.0813928 0
5.23299e+12 6.63729e+18 6.6373e+18 3.16892e+21 3.16892e+21 3.16892e+21 2.78975e+23 3.62545e+23 0 0 4.64348e+42 0 0.0818329 0
6.04296e+12 9.52206e+18 9.52207e+18 2.49092e+21 2.49092e+21 2.49092e+21 2.00178e+23 2.58567e+23 0 0 4.64348e+42 0 0.0829683 0
6.97831e+12 1.33047e+19 1.33047e+19 2.00759e+21 2.00759e+21 2.00759e+21 1.47469e+23 1.89527e+23 0 0 4.64348e+42 0 0.0848322 0
8.05842e+12 1.76123e+19 1.76123e+19 1.6089e+21 1.6089e+21 1.6089e+21 1.082e+23 1.38308e+23 0 0 4.64348e+42 0 0.0874729 0
9.30572e+12 2.2135e+19 2.2135e+19 1.28074e+21 1.28074e+21 1.28074e+21 7.90457e+22 1.00421e+23 0 0 4.64348e+42 0 0.0909553 0
1.07461e+13 2.59887e+19 2.59887e+19 9.9333e+20 9.9333e+20 9.9333e+20 5.64395e+22 7.11102e+22 0 0 4.64348e+42 0 0.0953611 0
1.24094e+13 3.00139e+19 3.00139e+19 7.87875e+20 7.87875e+20 7.87875e+20 4.13933e+22 5.17901e+22 0 0 4.64348e+42 0 0.10079 0
1.43301e+13 3.31197e+19 3.31197e+19 6.1892e+20 6.1892e+20 6.1892e+20 3.02227e+22 3.75298e+22 0 0 4.64348e+42 0 0.10736 0
1.65482e+13 3.49723e+19 3.49723e+19 4.80849e+20 4.80849e+20 4.80849e+20 2.19601e+22 2.70397e+22 0 0 4.64348e+42 0 0.115206 0
1.91095e+13 3.47159e+19 3.47159e+19 3.61969e+20 3.61969e+20 3.61969e+20 1.55718e+22 1.89593e+22 0 0 4.64348e+42 0 0.12448 0
2.20673e+13 3.41693e+19 3.41694e+19 2.77731e+20 2.77731e+20 2.77731e+20 1.13496e+22 1.36875e+22 0 0 4.64348e+42 0 0.135345 0
2.5483e+13 3.23339e+19 3.2334e+19 2.10093e+20 2.10093e+20 2.10093e+20 8.23039e+21 9.82412e+21 0 0 4.64348e+42 0 0.147968 0
2.94273e+13 2.94505e+19 2.94507e+19 1.56509e+20 1.56509e+20 1.56509e+20 5.93572e+21 7.00433e+21 0 0 4.64348e+42 0 0.162507 0
3.39821e+13 2.53243e+19 2.53245e+19 1.12379e+20 1.12379e+20 1.12379e+20 4.16863e+21 4.84505e+21 0 0 4.64348e+42 0 0.179093 0
3.92419e+13 2.17588e+19 2.1759e+19 8.21549e+19 8.21549e+19 8.21549e+19 3.0124e+21 3.45657e+21 0 0 4.64348e+42 0 0.197804 0
4.53158e+13 1.80847e+19 1.80849e+19 5.90922e+19 5.90922e+19 5.90922e+19 2.16412e+21 2.44905e+21 0 0 4.64348e+42 0 0.218621 0
5.23299e+13 1.45625e+19 1.45627e+19 4.18145e+19 4.18145e+19 4.18145e+19 1.54482e+21 1.72159e+21 0 0 4.64348e+42 0 0.241387 0
6.04296e+13 1.1125e+19 1.11252e+19 2.84612e+19 2.84612e+19 2.84612e+19 1.0706e+21 1.16908e+21 0 0 4.64348e+42 0 0.265741 0
6.97831e+13 8.57784e+18 8.57803e+18 1.97962e+19 1.97962e+19 1.97962e+19 7.64653e+20 8.20853e+20 0 0 4.64348e+42 0 0.291055 0
8.05842e+13 6.44722e+18 6.44739e+18 1.35728e+19 1.35728e+19 1.35728e+19 5.42361e+20 5.71599e+20 0 0 4.64348e+42 0 0.316368 0
9.30572e+13 4.73115e+18 4.7313e+18 9.17714e+18 9.17714e+18 9.17714e+18 3.81786e+20 3.94283e+20 0 0 4.64348e+42 0 0.340344 0
1.07461e+14 3.30882e+18 3.30895e+18 5.96697e+18 5.96697e+18 5.96697e+18 2.59802e+20 2.6111e+20 0 0 4.64348e+42 0 0 0
1.24094e+14 2.36137e+18 2.36151e+18 3.99098e+18 3.99098e+18 3.99098e+18 1.82639e+20 1.79475e+20 0 0 4.64348e+42 0 0 0
1.43301e+14 1.65378e+18 1.65395e+18 2.63853e+18 2.63853e+18 2.63853e+18 1.27324e+20 1.22123e+20 0 0 4.64348e+42 0 0 0
1.65482e+14 1.1375e+18 1.13773e+18 1.72433e+18 1.72433e+18 1.72433e+18 8.79487e+19 8.21414e+19 0 0 4.64348e+42 0 0 0
1.91095e+14 7.46175e+17 7.46495e+17 1.08104e+18 1.08104e+18 1.08104e+18 5.83701e+19 5.25737e+19 0 0 4.64348e+42 0 0 0
2.20673e+14 5.04318e+17 5.04744e+17 7.02012e+17 7.02012e+17 7.02012e+17 4.01633e+19 3.51268e+19 0 0 4.64348e+42 0 0 0
2.5483e+14 3.35629e+17 3.36143e+17 4.51066e+17 4.51066e+17 4.51066e+17 2.73523e+19 2.31785e+19 0 0 4.64348e+42 0 0 0
2.94273e+14 2.19916e+17 2.2048e+17 2.86613e+17 2.86613e+17 2.86613e+17 1.84178e+19 1.50762e+19 0 0 4.64348e+42 0 0 0
3.39821e+14 1.36742e+17 1.37289e+17 1.73519e+17 1.73519e+17 1.73519e+17 1.1809e+19 9.20957e+18 0 0 4.64348e+42 0 0 0
3.92419e+14 8.83988e+16 8.89157e+16 1.09616e+17 1.09616e+17 1.09616e+17 7.89327e+18 5.9256e+18 0 0 4.64348e+42 0 0 0
4.53158e+14 5.62992e+16 5.67529e+16 6.84402e+16 6.84402e+16 6.84402e+16 5.20815e+18 3.75349e+18 0 0 4.64348e+42 0 0 0
5.23299e+14 3.53004e+16 3.56733e+16 4.21892e+16 4.21892e+16 4.21892e+16 3.38791e+18 2.33504e+18 0 0 4.64348e+42 0 0 0
6.04296e+14 2.07767e+16 2.10518e+16 2.44719e+16 2.44719e+16 2.44719e+16 2.07035e+18 1.33751e+18 0 0 4.64348e+42 0 0 0
6.97831e+14 1.28544e+16 1.30598e+16 1.49522e+16 1.49522e+16 1.49522e+16 1.33033e+18 8.18404e+17 0 0 4.64348e+42 0 0 0
8.05842e+14 7.82376e+15 7.96955e+15 9.0026e+15 9.0026e+15 9.0026e+15 8.40775e+17 4.90992e+17 0 0 4.64348e+42 0 0 0
9.30572e+14 4.67887e+15 4.77758e+15 5.33327e+15 5.33327e+15 5.33327e+15 5.21803e+17 2.87893e+17 0 0 4.64348e+42 0 0 0
1.07461e+15 2.57649e+15 2.63645e+15 2.91249e+15 2.91249e+15 2.91249e+15 2.97915e+17 1.5073e+17 0 0 4.64348e+42 0 0 0
1.24094e+15 1.51441e+15 1.5524e+15 1.69921e+15 1.69921e+15 1.69921e+15 1.81339e+17 8.62488e+16 0 0 4.64348e+42 0 0 0
1.43301e+15 8.72284e+14 8.95398e+14 9.72154e+14 9.72154e+14 9.72154e+14 1.08014e+17 4.81375e+16 0 0 4.64348e+42 0 0 0
1.65482e+15 4.91481e+14 5.04992e+14 5.44379e+14 5.44379e+14 5.44379e+14 6.28391e+16 2.60933e+16 0 0 4.64348e+42 0 0 0
1.91095e+15 2.46727e+14 2.53653e+14 2.71724e+14 2.71724e+14 2.71724e+14 3.25175e+16 1.20268e+16 0 0 4.64348e+42 0 0 0
2.20673e+15 1.35345e+14 1.3917e+14 1.48264e+14 1.48264e+14 1.48264e+14 1.83556e+16 6.29141e+15 0 0 4.64348e+42 0 0 0
2.5483e+15 7.22469e+13 7.42769e+13 7.87475e+13 7.87475e+13 7.87475e+13 1.00648e+16 3.18952e+15 0 0 4.64348e+42 0 0 0
2.94273e+15 3.74643e+13 3.84993e+13 4.06431e+13 4.06431e+13 4.06431e+13 5.35167e+15 1.5581e+15 0 0 4.64348e+42 0 0 0
3.39821e+15 1.63639e+13 1.68039e+13 1.76735e+13 1.76735e+13 1.76735e+13 2.39259e+15 5.97163e+14 0 0 4.64348e+42 0 0 0
3.92419e+15 8.12359e+12 8.33432e+12 8.73704e+12 8.73704e+12 8.73704e+12 1.21362e+15 2.76811e+14 0 0 4.64348e+42 0 0 0
4.53158e+15 3.88027e+12 3.9766e+12 4.15685e+12 4.15685e+12 4.15685e+12 5.91281e+14 1.23404e+14 0 0 4.64348e+42 0 0 0
5.23299e+15 1.78304e+12 1.82511e+12 1.90307e+12 1.90307e+12 1.90307e+12 2.76667e+14 5.25134e+13 0 0 4.64348e+42 0 0 0
6.04296e+15 6.2725e+11 6.41225e+11 6.67159e+11 6.67159e+11 6.67159e+11 9.89413e+13 1.52697e+13 0 0 4.64348e+42 0 0 0
6.97831e+15 2.68382e+11 2.73996e+11 2.84536e+11 2.84536e+11 2.84536e+11 4.29666e+13 5.98852e+12 0 0 4.64348e+42 0 0 0
8.05842e+15 1.08358e+11 1.10475e+11 1.14535e+11 1.14535e+11 1.14535e+11 1.75791e+13 2.24054e+12 0 0 4.64348e+42 0 0 0
9.30572e+15 4.1427e+10 4.21796e+10 4.36671e+10 4.36671e+10 4.36671e+10 6.80002e+12 7.94337e+11 0 0 4.64348e+42 0 0 0
1.07461e+16 1.03884e+10 1.05632e+10 1.09221e+10 1.09221e+10 1.09221e+10 1.72273e+12 1.49092e+11 0 0 4.64348e+42 0 0 0
1.24094e+16 3.54591e+09 3.60093e+09 3.71928e+09 3.71928e+09 3.71928e+09 5.93213e+11 4.57211e+10 0 0 4.64348e+42 0 0 0
1.43301e+16 1.09953e+09 1.11521e+09 1.1508e+09 1.1508e+09 1.1508e+09 1.85309e+11 1.32375e+10 0 0 4.64348e+42 0 0 0
1.65482e+16 3.09417e+08 3.13463e+08 3.23209e+08 3.23209e+08 3.23209e+08 5.2461e+10 3.66633e+09 0 0 4.64348e+42 0 0 0
1.91095e+16 4.61218e+07 4.6673e+07 4.80915e+07 4.80915e+07 4.80915e+07 7.85676e+09 3.43091e+08 0 0 4.64348e+42 0 0 0
2.20673e+16 1.10266e+07 1.11467e+07 1.14789e+07 1.14789e+07 1.14789e+07 1.88477e+09 7.12614e+07 0 0 4.64348e+42 0 0 0
2.5483e+16 2.23729e+06 2.25946e+06 2.32565e+06 2.32565e+06 2.32565e+06 3.83248e+08 1.34313e+07 0 0 4.64348e+42 0 0 0
2.94273e+16 366927 370227 380916 380916 380916 6.29155e+07 2.47752e+06 0 0 4.64348e+42 0 0 0
3.39821e+16 23981.4 24176.8 24866.3 24866.3 24866.3 4.1111e+06 88018.1 0 0 4.64348e+42 0 0 0
3.92419e+16 3142.7 3165.86 3255.23 3255.23 3255.23 538034 9630.69 0 0 4.64348e+42 0 0 0
4.53158e+16 312.153 314.229 323.026 323.026 323.026 53311.8 839.978 0 0 4.64348e+42 0 0 0
5.23299e+16 21.2048 21.3319 21.9251 21.9251 21.9251 3609 68.769 0 0 4.64348e+42 0 0 0
6.04296e+16 0.335514 0.337325 0.346658 0.346658 0.346658 56.849 0.638694 0 0 4.64348e+42 0 0 0
6.97831e+16 0.0153335 0.0154079 0.0158325 0.0158325 0.0158325 2.58393 0.0224561 0 0 4.64348e+42 0 0 0
8.05842e+16 0.000339194 0.000340672 0.000350035 0.000350035 0.000350035 0.0567991 0.000326053 0 0 4.64348e+42 0 0 0
9.30572e+16 0 0 0 0 0 0 0 0 0 4.64348e+42 0 0 0