
1.07461e-07 0 0 1.62063e+40 8.12918e+49 5.13073e+57 0 0 3.86959e+43 0 4.64348e+42 0 0 0
1.24094e-07 0 0 3.5456e+41 8.90959e+49 4.42039e+57 0 0 4.46854e+43 0 4.64348e+42 0 0 0
1.43301e-07 0 0 5.17488e+42 9.73074e+49 3.79438e+57 0 0 5.16018e+43 0 4.64348e+42 0 0 0
1.65482e-07 0 0 5.31899e+43 1.05942e+50 3.2461e+57 0 0 5.95889e+43 0 4.64348e+42 0 0 0
1.91095e-07 0 0 4.03606e+44 1.15046e+50 2.76927e+57 0 0 6.88122e+43 0 4.64348e+42 0 0 0
2.20673e-07 0 0 2.35596e+45 1.24718e+50 2.3578e+57 0 0 7.9463e+43 0 4.64348e+42 0 0 0
2.5483e-07 0 0 1.09677e+46 1.35122e+50 2.00569e+57 0 0 9.17625e+43 0 4.64348e+42 0 0 0
2.94273e-07 0 0 4.20271e+46 1.46505e+50 1.70697e+57 0 0 1.05966e+44 0 4.64348e+42 0 0 0
3.39821e-07 0 0 1.36285e+47 1.59211e+50 1.45566e+57 0 0 1.22367e+44 0 4.64348e+42 0 0 0
3.92419e-07 0 0 3.83171e+47 1.73684e+50 1.24579e+57 0 0 1.41307e+44 0 4.64348e+42 0 0 0
4.53158e-07 0 0 9.53845e+47 1.90457e+50 1.07148e+57 0 0 1.63179e+44 0 4.64348e+42 0 0 0
5.23299e-07 0 0 2.14038e+48 2.10129e+50 9.27041e+56 0 0 1.88437e+44 0 4.64348e+42 0 0 0
6.04296e-07 0 0 4.3951e+48 2.33327e+50 8.07133e+56 0 0 2.17603e+44 0 4.64348e+42 0 0 0
6.97831e-07 0 0 8.36179e+48 2.60666e+50 7.06936e+56 0 0 2.51284e+44 0 4.64348e+42 0 0 0
8.05842e-07 0 0 1.48897e+49 2.92718e+50 6.22294e+56 0 0 2.90178e+44 0 4.64348e+42 0 0 0
9.30572e-07 0 0 2.50232e+49 3.30007e+50 5.49811e+56 0 0 3.35093e+44 0 4.64348e+42 0 0 0
1.07461e-06 0 0 3.99681e+49 3.73035e+50 4.86863e+56 0 0 3.86959e+44 0 4.64348e+42 0 0 0
1.24094e-06 0 0 6.10446e+49 4.22342e+50 4.31536e+56 0 0 4.46854e+44 0 4.64348e+42 0 0 0
1.43301e-06 0 0 8.96469e+49 4.78586e+50 3.82493e+56 0 0 5.16018e+44 0 4.64348e+42 0 0 0
1.65482e-06 0 0 1.27225e+50 5.4262e+50 3.38817e+56 0 0 5.95889e+44 0 4.64348e+42 0 0 0
1.91095e-06 0 0 1.75297e+50 6.15555e+50 2.99863e+56 0 0 6.88122e+44 0 4.64348e+42 0 0 0
2.20673e-06 0 0 2.35494e+50 6.98806e+50 2.65141e+56 0 0 7.9463e+44 0 4.64348e+42 0 0 0
2.5483e-06 0 0 3.09621e+50 7.9413e+50 2.34241e+56 0 0 9.17624e+44 0 4.64348e+42 0 0 0
2.94273e-06 0 0 3.99736e+50 9.03661e+50 2.06796e+56 0 0 1.05966e+45 0 4.64348e+42 0 0 0
3.39821e-06 0 0 5.08234e+50 1.02995e+51 1.82465e+56 0 0 1.22367e+45 0 4.64348e+42 0 0 0
3.92419e-06 0 0 6.37934e+50 1.17601e+51 1.6093e+56 0 0 1.41307e+45 0 4.64348e+42 0 0 0
4.53158e-06 0 0 7.92168e+50 1.34539e+51 1.4189e+56 0 0 1.63179e+45 0 4.64348e+42 0 0 0
5.23299e-06 0 0 9.74877e+50 1.54223e+51 1.25068e+56 0 0 1.88436e+45 0 4.64348e+42 0 0 0
6.04296e-06 0 0 1.19073e+51 1.77139e+51 1.1021e+56 0 0 2.17603e+45 0 4.64348e+42 0 0 0
6.97831e-06 0 0 1.44531e+51 2.03864e+51 9.7085e+55 0 0 2.51284e+45 0 4.64348e+42 0 0 0
8.05842e-06 0 0 1.74532e+51 2.35089e+51 8.54896e+55 0 0 2.90178e+45 0 4.64348e+42 0 0 0
9.30572e-06 0 0 2.09889e+51 2.71649e+51 7.52433e+55 0 0 3.35092e+45 0 4.64348e+42 0 0 0
1.07461e-05 0 0 2.5159e+51 3.14555e+51 6.61884e+55 0 0 3.86958e+45 0 4.64348e+42 0 0 0
1.24094e-05 0 0 3.00825e+51 3.65019e+51 5.81871e+55 0 0 4.46852e+45 0 4.64348e+42 0 0 0
1.43301e-05 0 0 3.59024e+51 4.24488e+51 5.11184e+55 0 0 5.16017e+45 0 4.64348e+42 0 0 0
1.65482e-05 0 0 4.27887e+51 4.94677e+51 4.48756e+55 0 0 5.95886e+45 0 4.64348e+42 0 0 0
1.91095e-05 0 0 5.09443e+51 5.77624e+51 3.93639e+55 0 0 6.88119e+45 0 4.64348e+42 0 0 0
2.20673e-05 0 0 6.06113e+51 6.75758e+51 3.44999e+55 0 0 7.94626e+45 0 4.64348e+42 0 0 0
2.5483e-05 0 0 7.20795e+51 7.91986e+51 3.02091e+55 0 0 9.1762e+45 0 4.64348e+42 0 0 0
2.94273e-05 0 0 8.56952e+51 9.29779e+51 2.64261e+55 0 0 1.05965e+46 0 4.64348e+42 0 0 0
3.39821e-05 0 0 1.01872e+52 1.09328e+52 2.30925e+55 0 0 1.22366e+46 0 4.64348e+42 0 0 0
3.92419e-05 0 0 1.21101e+52 1.2874e+52 2.0157e+55 0 0 1.41306e+46 0 4.64348e+42 0 0 0
4.53158e-05 0 0 1.43969e+52 1.518e+52 1.75738e+55 0 0 1.63178e+46 0 4.64348e+42 0 0 0
5.23299e-05 0 0 1.71172e+52 1.79206e+52 1.53024e+55 0 0 1.88434e+46 0 4.64348e+42 0 0 0
6.04296e-05 0 0 2.03539e+52 2.11786e+52 1.33068e+55 0 0 2.176e+46 0 4.64348e+42 0 0 0
6.97831e-05 0 0 2.42056e+52 2.50526e+52 1.15553e+55 0 0 2.5128e+46 0 4.64348e+42 0 0 0
8.05842e-05 0 0 2.87895e+52 2.96599e+52 1.00196e+55 0 0 2.90173e+46 0 4.64348e+42 0 0 0
9.30572e-05 0 0 3.4245e+52 3.51397e+52 8.67441e+54 0 0 3.35086e+46 0 4.64348e+42 0 0 0
0.000107461 0 0 4.07377e+52 4.16579e+52 7.49762e+54 0 0 3.8695e+46 0 4.64348e+42 0 0 0
0.000124094 0 0 4.84647e+52 4.94112e+52 6.46942e+54 0 0 4.46841e+46 0 4.64348e+42 0 0 0
0.000143301 0 0 5.76603e+52 5.86342e+52 5.57226e+54 0 0 5.16002e+46 0 4.64348e+42 0 0 0
0.000165482 0 0 6.86032e+52 6.96055e+52 4.79058e+54 0 0 5.95866e+46 0 4.64348e+42 0 0 0
0.000191095 0 0 8.16254e+52 8.26571e+52 4.11055e+54 0 0 6.88092e+46 0 4.64348e+42 0 0 0
0.000220673 0 0 9.7122e+52 9.81841e+52 3.51992e+54 0 0 7.94591e+46 0 4.64348e+42 0 0 0
0.00025483 0 0 1.15564e+53 1.16658e+53 3.00783e+54 0 0 9.17572e+46 0 4.64348e+42 0 0 0
0.000294273 0 0 1.37514e+53 1.3864e+53 2.56464e+54 0 0 1.05959e+47 0 4.64348e+42 0 0 0
0.000339821 0 0 1.63642e+53 1.64802e+53 2.18182e+54 0 0 1.22358e+47 0 4.64348e+42 0 0 0
0.000392419 0 0 1.94735e+53 1.95929e+53 1.85183e+54 0 0 1.41295e+47 0 4.64348e+42 0 0 0
0.000453158 0 0 2.3152e+53 2.32749e+53 1.56797e+54 0 0 1.63163e+47 0 4.64348e+42 0 0 0
0.000523299 3.64566e-187 3.64566e-187 2.73609e+53 2.74867e+53 1.32434e+54 0 0 1.88414e+47 7.8177e-192 4.64348e+42 0 0 0
0.000604296 1.55391e-124 1.55391e-124 3.17374e+53 3.18637e+53 1.11572e+54 0 0 2.17573e+47 2.48764e-129 4.64348e+42 0 0 0
0.000697831 3.07104e-78 3.07104e-78 3.55325e+53 3.56549e+53 9.37523e+53 0 0 2.51244e+47 3.80271e-83 4.64348e+42 0 0 0
0.000805842 5.01421e-44 5.01421e-44 3.7927e+53 3.80401e+53 7.85688e+53 0 0 2.90125e+47 5.03718e-49 4.64348e+42 0 0 0
0.000930572 9.43486e-19 9.43486e-19 3.84605e+53 3.85598e+53 6.56655e+53 0 0 3.35022e+47 8.09384e-24 4.64348e+42 0 0 0
0.00107461 4.34481 4.34481 3.71868e+53 3.727e+53 5.47295e+53 0 0 3.86865e+47 3.33822e-05 4.64348e+42 0 0 0
0.00124094 2.58208e+14 2.58208e+14 3.4527e+53 3.45938e+53 4.54865e+53 0 0 4.46727e+47 1.85031e+09 4.64348e+42 0 0 0
0.00143301 3.72191e+24 3.72191e+24 3.1026e+53 3.1078e+53 3.76969e+53 0 0 5.1585e+47 2.57024e+19 4.64348e+42 0 0 0
0.00165482 1.13939e+32 1.13939e+32 2.71757e+53 2.72152e+53 3.11513e+53 0 0 5.95665e+47 7.779e+26 4.64348e+42 0 0 0
0.00191095 3.6854e+37 3.6854e+37 2.33384e+53 2.33677e+53 2.56674e+53 0 0 6.87823e+47 2.53716e+32 4.64348e+42 0 0 0
0.00220673 4.12449e+41 4.12449e+41 1.97415e+53 1.9763e+53 2.10869e+53 0 0 7.94232e+47 2.90686e+36 4.64348e+42 0 0 0
0.0025483 3.83841e+44 3.83841e+44 1.65046e+53 1.65202e+53 1.7273e+53 0 0 9.17093e+47 2.80207e+39 4.64348e+42 0 0 0
0.00294273 5.67963e+46 5.67963e+46 1.36725e+53 1.36837e+53 1.41071e+53 0 0 1.05895e+48 4.33417e+41 4.64348e+42 0 0 0
0.00339821 2.15743e+48 2.15743e+48 1.12436e+53 1.12516e+53 1.14875e+53 0 0 1.22273e+48 1.73366e+43 4.64348e+42 0 0 0
0.00392419 2.99759e+49 2.99759e+49 9.19082e+52 9.19645e+52 9.32671e+52 0 0 1.41181e+48 2.55183e+44 4.64348e+42 0 0 0
0.00453158 1.97915e+50 1.97915e+50 7.47479e+52 7.47875e+52 7.55011e+52 0 0 1.63011e+48 1.79396e+45 4.64348e+42 0 0 0
0.00523299 7.53448e+50 7.53448e+50 6.05244e+52 6.05522e+52 6.094e+52 0 0 1.88213e+48 7.30393e+45 4.64348e+42 0 0 0
0.00604296 1.90797e+51 1.90797e+51 4.8815e+52 4.88343e+52 4.90436e+52 0 0 2.17304e+48 1.98588e+46 4.64348e+42 0 0 0
0.00697831 3.57205e+51 3.57205e+51 3.92294e+52 3.92429e+52 3.9355e+52 0 0 2.50886e+48 4.00627e+46 4.64348e+42 0 0 0
0.00805842 5.34561e+51 5.34561e+51 3.14202e+52 3.14296e+52 3.14892e+52 0 0 2.89647e+48 6.48219e+46 4.64348e+42 0 0 0
0.00930572 6.77445e+51 6.77445e+51 2.50853e+52 2.50917e+52 2.51233e+52 0 0 3.34385e+48 8.91024e+46 4.64348e+42 0 0 0
0.0107461 7.58702e+51 7.58702e+51 1.99661e+52 1.99705e+52 1.99871e+52 0 0 3.86015e+48 1.08571e+47 4.64348e+42 0 0 0
0.0124094 7.7496e+51 7.7496e+51 1.58441e+52 1.58472e+52 1.58558e+52 0 0 4.45594e+48 1.21016e+47 4.64348e+42 0 0 0
0.0143301 7.38954e+51 7.38954e+51 1.25364e+52 1.25385e+52 1.2543e+52 0 0 5.1434e+48 1.26293e+47 4.64348e+42 0 0 0
0.0165482 6.69215e+51 6.69215e+51 9.89069e+51 9.89212e+51 9.89442e+51 0 0 5.9365e+48 1.25537e+47 4.64348e+42 0 0 0
0.0191095 5.82977e+51 5.82977e+51 7.78113e+51 7.78211e+51 7.78329e+51 0 0 6.85137e+48 1.20377e+47 4.64348e+42 0 0 0
0.0220673 4.93131e+51 4.93131e+51 6.10426e+51 6.10493e+51 6.10553e+51 0 0 7.90652e+48 1.12399e+47 4.64348e+42 0 0 0
0.025483 4.07867e+51 4.07867e+51 4.77535e+51 4.7758e+51 4.7761e+51 0 0 9.1232e+48 1.02907e+47 4.64348e+42 0 0 0
0.0294273 3.31553e+51 3.31553e+51 3.72534e+51 3.72564e+51 3.72579e+51 0 0 1.05259e+49 9.28584e+46 4.64348e+42 0 0 0
0.0339821 2.659e+51 2.659e+51 2.89814e+51 2.89835e+51 2.89842e+51 0 0 1.21425e+49 8.28956e+46 4.64348e+42 0 0 0
0.0392419 2.10977e+51 2.10977e+51 2.2484e+51 2.24854e+51 2.24858e+51 0 0 1.40051e+49 7.34168e+46 4.64348e+42 0 0 0
0.0453158 1.65964e+51 1.65964e+51 1.73954e+51 1.73964e+51 1.73965e+51 0 0 1.61504e+49 6.46414e+46 4.64348e+42 0 0 0
0.0523299 1.29635e+51 1.29635e+51 1.34219e+51 1.34225e+51 1.34226e+51 0 0 1.86204e+49 5.66688e+46 4.64348e+42 0 0 0
0.0604296 1.00662e+51 1.00662e+51 1.0328e+51 1.03284e+51 1.03285e+51 0 0 2.14628e+49 4.95205e+46 4.64348e+42 0 0 0
0.0697831 7.77725e+50 7.77725e+50 7.92616e+50 7.92643e+50 7.92647e+50 0 0 2.4732e+49 4.31715e+46 4.64348e+42 0 0 0
0.0805842 5.98257e+50 5.98257e+50 6.06697e+50 6.06715e+50 6.06717e+50 0 0 2.84896e+49 3.75707e+46 4.64348e+42 0 0 0
0.0930572 4.5843e+50 4.5843e+50 4.63199e+50 4.6321e+50 4.63211e+50 0 0 3.28056e+49 3.26542e+46 4.64348e+42 0 0 0
0.107461 3.50074e+50 3.50074e+50 3.52759e+50 3.52767e+50 3.52768e+50 0 0 3.77585e+49 2.8354e+46 4.64348e+42 0 0 0
0.124094 2.66496e+50 2.66496e+50 2.68005e+50 2.6801e+50 2.6801e+50 0 0 4.34369e+49 2.46027e+46 4.64348e+42 0 0 0
0.143301 2.02298e+50 2.02298e+50 2.03143e+50 2.03146e+50 2.03146e+50 0 0 4.99394e+49 2.13365e+46 4.64348e+42 0 0 0
0.165482 1.53168e+50 1.53168e+50 1.5364e+50 1.53642e+50 1.53642e+50 0 0 5.73758e+49 1.84968e+46 4.64348e+42 0 0 0
0.191095 1.15696e+50 1.15696e+50 1.15959e+50 1.1596e+50 1.1596e+50 0 0 6.58667e+49 1.60305e+46 4.64348e+42 0 0 0
0.220673 8.72039e+49 8.72039e+49 8.73501e+49 8.73511e+49 8.73511e+49 0 0 7.55442e+49 1.38901e+46 4.64348e+42 0 0 0
0.25483 6.56007e+49 6.56007e+49 6.56819e+49 6.56825e+49 6.56825e+49 0 0 8.65503e+49 1.20336e+46 4.64348e+42 0 0 0
0.294273 4.92632e+49 4.92632e+49 4.93082e+49 4.93086e+49 4.93086e+49 0 0 9.90363e+49 1.04241e+46 4.64348e+42 0 0 0
0.339821 3.6937e+49 3.6937e+49 3.69618e+49 3.69621e+49 3.69621e+49 0 0 1.13159e+50 9.02903e+45 4.64348e+42 0 0 0
0.392419 2.76571e+49 2.76571e+49 2.76708e+49 2.7671e+49 2.7671e+49 0 0 1.29079e+50 7.8202e+45 4.64348e+42 0 0 0
0.453158 2.06841e+49 2.06841e+49 2.06917e+49 2.06918e+49 2.06918e+49 0 0 1.46949e+50 6.77289e+45 4.64348e+42 0 0 0
0.523299 1.54536e+49 1.54536e+49 1.54578e+49 1.54579e+49 1.54579e+49 0 0 1.66912e+50 5.86565e+45 4.64348e+42 0 0 0
0.604296 1.15362e+49 1.15362e+49 1.15385e+49 1.15385e+49 1.15385e+49 0 0 1.89083e+50 5.0798e+45 4.64348e+42 0 0 0
0.697831 8.60602e+48 8.60602e+48 8.60728e+48 8.60731e+48 8.60731e+48 0 0 2.13533e+50 4.39915e+45 4.64348e+42 0 0 0
0.805842 6.41688e+48 6.41688e+48 6.41757e+48 6.41759e+48 6.41759e+48 0 0 2.40269e+50 3.80966e+45 4.64348e+42 0 0 0
0.930572 4.78294e+48 4.78294e+48 4.78332e+48 4.78333e+48 4.78333e+48 0 0 2.69202e+50 3.29912e+45 4.64348e+42 0 0 0
1.07461 3.56437e+48 3.56437e+48 3.56458e+48 3.56459e+48 3.56459e+48 0 0 3.00113e+50 2.85698e+45 4.64348e+42 0 0 0
1.24094 2.65615e+48 2.65615e+48 2.65627e+48 2.65627e+48 2.65627e+48 0 0 3.32608e+50 2.47408e+45 4.64348e+42 0 0 0
1.43301 1.97957e+48 1.97957e+48 1.97963e+48 1.97963e+48 1.97963e+48 0 0 3.66071e+50 2.14248e+45 4.64348e+42 0 0 0
1.65482 1.47569e+48 1.47569e+48 1.47573e+48 1.47573e+48 1.47573e+48 0 0 3.99605e+50 1.85533e+45 4.64348e+42 0 0 0
1.91095 1.1005e+48 1.1005e+48 1.10052e+48 1.10052e+48 1.10052e+48 0 0 4.31987e+50 1.60666e+45 4.64348e+42 0 0 0
2.20673 8.21128e+47 8.21128e+47 8.21139e+47 8.2114e+47 8.2114e+47 0 0 4.61622e+50 1.39131e+45 4.64348e+42 0 0 0
2.5483 6.13075e+47 6.13075e+47 6.13081e+47 6.13082e+47 6.13082e+47 0 0 4.86536e+50 1.20483e+45 4.64348e+42 0 0 0
2.94273 4.58089e+47 4.58089e+47 4.58092e+47 4.58093e+47 4.58093e+47 0 0 5.04414e+50 1.04334e+45 4.64348e+42 0 0 0
3.39821 3.42585e+47 3.42585e+47 3.42587e+47 3.42587e+47 3.42587e+47 0 0 5.12727e+50 9.03494e+44 4.64348e+42 0 0 0
3.92419 2.56456e+47 2.56456e+47 2.56457e+47 2.56458e+47 2.56458e+47 0 0 5.08972e+50 7.82393e+44 4.64348e+42 0 0 0
4.53158 1.92188e+47 1.92188e+47 1.92189e+47 1.92189e+47 1.92189e+47 0 0 4.91052e+50 6.77523e+44 4.64348e+42 0 0 0
5.23299 1.44193e+47 1.44193e+47 1.44193e+47 1.44194e+47 1.44194e+47 0 0 4.57799e+50 5.8671e+44 4.64348e+42 0 0 0
6.04296 1.08318e+47 1.08318e+47 1.08318e+47 1.08318e+47 1.08318e+47 0 0 4.09565e+50 5.08068e+44 4.64348e+42 0 0 0
6.97831 8.14747e+46 8.14747e+46 8.1475e+46 8.1475e+46 8.1475e+46 0 0 3.48728e+50 4.39967e+44 4.64348e+42 0 0 0
8.05842 6.13677e+46 6.13677e+46 6.1368e+46 6.1368e+46 6.1368e+46 0 0 2.79863e+50 3.80994e+44 4.64348e+42 0 0 0
9.30572 4.62887e+46 4.62887e+46 4.62889e+46 4.62889e+46 4.62889e+46 0 0 2.0931e+50 3.29926e+44 4.64348e+42 0 0 0
10.7461 3.49661e+46 3.49661e+46 3.49663e+46 3.49663e+46 3.49663e+46 0 0 1.44003e+50 2.85702e+44 4.64348e+42 0 0 0
12.4094 2.6453e+46 2.6453e+46 2.64532e+46 2.64532e+46 2.64532e+46 0 0 8.97968e+49 2.47406e+44 4.64348e+42 0 0 0
14.3301 2.00435e+46 2.00435e+46 2.00436e+46 2.00436e+46 2.00436e+46 0 0 4.99088e+49 2.14243e+44 4.64348e+42 0 0 0
16.5482 1.52109e+46 1.52109e+46 1.5211e+46 1.5211e+46 1.5211e+46 0 0 2.42601e+49 1.85525e+44 4.64348e+42 0 0 0
19.1095 1.15619e+46 1.15619e+46 1.1562e+46 1.1562e+46 1.1562e+46 0 0 1.00944e+49 1.60657e+44 4.64348e+42 0 0 0
22.0673 8.80243e+45 8.80243e+45 8.80251e+45 8.80251e+45 8.80251e+45 0 0 3.50842e+48 1.39121e+44 4.64348e+42 0 0 0
25.483 6.71241e+45 6.71241e+45 6.71248e+45 6.71248e+45 6.71248e+45 0 0 9.90379e+47 1.20472e+44 4.64348e+42 0 0 0
29.4273 5.12693e+45 5.12693e+45 5.12699e+45 5.12699e+45 5.12699e+45 0 0 2.19854e+47 1.04323e+44 4.64348e+42 0 0 0
33.9821 3.92226e+45 3.92226e+45 3.92232e+45 3.92232e+45 3.92232e+45 0 0 3.69783e+46 9.03381e+43 4.64348e+42 0 0 0
39.2419 3.00544e+45 3.00544e+45 3.00549e+45 3.00549e+45 3.00549e+45 0 0 4.51421e+45 7.82278e+43 4.64348e+42 0 0 0
45.3158 2.30654e+45 2.30654e+45 2.30658e+45 2.30658e+45 2.30658e+45 0 0 3.80625e+44 6.77408e+43 4.64348e+42 0 0 0
52.3299 1.77286e+45 1.77286e+45 1.7729e+45 1.7729e+45 1.7729e+45 0 0 2.09322e+43 5.86593e+43 4.64348e+42 0 0 0
60.4296 1.36468e+45 1.36468e+45 1.36471e+45 1.36471e+45 1.36471e+45 0 0 7.02764e+41 5.07951e+43 4.64348e+42 0 0 0
69.7831 1.05195e+45 1.05195e+45 1.05198e+45 1.05198e+45 1.05198e+45 0 0 1.33446e+40 4.3985e+43 4.64348e+42 0 0 0
80.5842 8.11964e+44 8.11964e+44 8.1199e+44 8.1199e+44 8.1199e+44 0 0 1.3122e+38 3.80877e+43 4.64348e+42 0 0 0
93.0572 6.27497e+44 6.27497e+44 6.27521e+44 6.27521e+44 6.27521e+44 0 0 6.03459e+35 3.29809e+43 4.64348e+42 0 0 0
107.461 4.85481e+44 4.85481e+44 4.85502e+44 4.85502e+44 4.85502e+44 0 0 1.1539e+33 2.85585e+43 4.64348e+42 0 0 0
124.094 3.75979e+44 3.75979e+44 3.75998e+44 3.75998e+44 3.75998e+44 0 0 8.00887e+29 2.47289e+43 4.64348e+42 0 0 0
143.301 2.91422e+44 2.91422e+44 2.91439e+44 2.91439e+44 2.91439e+44 0 0 1.72477e+26 2.14126e+43 4.64348e+42 0 0 0
165.482 2.26037e+44 2.26037e+44 2.26053e+44 2.26053e+44 2.26053e+44 0 0 9.61576e+21 1.85408e+43 4.64348e+42 0 0 0
191.095 1.75413e+44 1.75413e+44 1.75427e+44 1.75427e+44 1.75427e+44 0 0 1.12586e+17 1.60539e+43 4.64348e+42 0 0 0
220.673 1.36172e+44 1.36172e+44 1.36184e+44 1.36184e+44 1.36184e+44 0 0 2.17435e+11 1.39004e+43 4.64348e+42 0 0 0
254.83 1.05723e+44 1.05723e+44 1.05734e+44 1.05734e+44 1.05734e+44 0 0 52405.8 1.20355e+43 4.64348e+42 0 0 0
294.273 8.20762e+43 8.20762e+43 8.2086e+43 8.2086e+43 8.2086e+43 0 0 0.0011422 1.04206e+43 4.64348e+42 0 0 0
339.821 6.37001e+43 6.37001e+43 6.37089e+43 6.37089e+43 6.37089e+43 0 0 1.55193e-12 9.02208e+42 4.64348e+42 0 0 0
392.419 4.94132e+43 4.94132e+43 4.94211e+43 4.94211e+43 4.94211e+43 0 0 8.5551e-23 7.81106e+42 4.64348e+42 0 0 0
453.158 3.83029e+43 3.83029e+43 3.83099e+43 3.83099e+43 3.83099e+43 0 0 1.16513e-34 6.76235e+42 4.64348e+42 0 0 0
523.299 2.96629e+43 2.96629e+43 2.96692e+43 2.96692e+43 2.96692e+43 0 0 2.21084e-48 5.85421e+42 4.64348e+42 0 0 0
604.296 2.29457e+43 2.29457e+43 2.29514e+43 2.29514e+43 2.29514e+43 0 0 3.0165e-64 5.06779e+42 4.64348e+42 0 0 0
697.831 1.77262e+43 1.77262e+43 1.77313e+43 1.77313e+43 1.77313e+43 0 0 1.37872e-82 4.38679e+42 4.64348e+42 0 0 0
805.842 1.36737e+43 1.36737e+43 1.36782e+43 1.36782e+43 1.36782e+43 0 0 8.73764e-104 3.79706e+42 4.64348e+42 0 0 0
930.572 1.05307e+43 1.05307e+43 1.05348e+43 1.05348e+43 1.05348e+43 0 0 2.77258e-128 3.28637e+42 4.64348e+42 0 0 0
1074.61 8.09638e+42 8.09638e+42 8.09993e+42 8.09993e+42 8.09993e+42 0 0 1.35862e-156 2.84414e+42 4.64348e+42 0 0 0
1240.94 6.21384e+42 6.21384e+42 6.21699e+42 6.21699e+42 6.21699e+42 0 0 2.64314e-189 2.46119e+42 4.64348e+42 0 0 0
1433.01 4.76064e+42 4.76064e+42 4.76343e+42 4.76343e+42 4.76343e+42 0 0 4.25327e-227 2.12956e+42 4.64348e+42 0 0 0
1654.82 3.64105e+42 3.64105e+42 3.64351e+42 3.64351e+42 3.64351e+42 0 0 0 1.84239e+42 4.64348e+42 0 0 0
1910.95 2.78024e+42 2.78024e+42 2.78241e+42 2.78241e+42 2.78241e+42 0 0 0 1.59371e+42 4.64348e+42 0 0 0
2206.73 2.11978e+42 2.11978e+42 2.1217e+42 2.1217e+42 2.1217e+42 0 0 0 1.37836e+42 4.64348e+42 0 0 0
2548.3 1.6141e+42 1.6141e+42 1.61578e+42 1.61578e+42 1.61578e+42 0 0 0 1.19188e+42 4.64348e+42 0 0 0
2942.73 1.22766e+42 1.22766e+42 1.22914e+42 1.22914e+42 1.22914e+42 0 0 0 1.0304e+42 4.64348e+42 0 0 0
3398.21 9.32893e+41 9.32893e+41 9.34189e+41 9.34189e+41 9.34189e+41 0 0 0 8.90565e+41 4.64348e+42 0 0 0
3924.19 7.08397e+41 7.08397e+41 7.09533e+41 7.09533e+41 7.09533e+41 0 0 0 7.69477e+41 4.64348e+42 0 0 0
4531.58 5.37646e+41 5.37646e+41 5.38642e+41 5.38642e+41 5.38642e+41 0 0 0 6.64623e+41 4.64348e+42 0 0 0
5232.99 4.07982e+41 4.07982e+41 4.08818e+41 4.08818e+41 4.08818e+41 0 0 0 5.7393e+41 4.64348e+42 0 0 0
6042.96 3.09485e+41 3.09485e+41 3.10213e+41 3.10213e+41 3.10213e+41 0 0 0 4.95325e+41 4.64348e+42 0 0 0
6978.31 2.34746e+41 2.34746e+41 2.35379e+41 2.35379e+41 2.35379e+41 0 0 0 4.27266e+41 4.64348e+42 0 0 0
8058.42 1.78052e+41 1.78052e+41 1.78602e+41 1.78602e+41 1.78602e+41 0 0 0 3.68341e+41 4.64348e+42 0 0 0
9305.72 1.35053e+41 1.35053e+41 1.3553e+41 1.3553e+41 1.3553e+41 0 0 0 3.17328e+41 4.64348e+42 0 0 0
10746.1 1.02442e+41 1.02442e+41 1.02855e+41 1.02855e+41 1.02855e+41 0 0 0 2.73167e+41 4.64348e+42 0 0 0
12409.4 7.77079e+40 7.77079e+40 7.80656e+40 7.80656e+40 7.80656e+40 0 0 0 2.34942e+41 4.64348e+42 0 0 0
14330.1 5.89465e+40 5.89465e+40 5.92553e+40 5.92553e+40 5.92553e+40 0 0 0 2.0186e+41 4.64348e+42 0 0 0
16548.2 4.47137e+40 4.47137e+40 4.49798e+40 4.49798e+40 4.49798e+40 0 0 0 1.73234e+41 4.64348e+42 0 0 0
19109.5 3.39152e+40 3.39152e+40 3.41439e+40 3.41439e+40 3.41439e+40 0 0 0 1.48468e+41 4.64348e+42 0 0 0
22067.3 2.57216e+40 2.57216e+40 2.59178e+40 2.59178e+40 2.59178e+40 0 0 0 1.27049e+41 4.64348e+42 0 0 0
25483 1.95044e+40 1.95044e+40 1.9672e+40 1.9672e+40 1.9672e+40 0 0 0 1.0853e+41 4.64348e+42 0 0 0
29427.3 1.47867e+40 1.47867e+40 1.49294e+40 1.49294e+40 1.49294e+40 0 0 0 9.25267e+40 4.64348e+42 0 0 0
33982.1 1.12071e+40 1.12071e+40 1.13282e+40 1.13282e+40 1.13282e+40 0 0 0 7.87038e+40 4.64348e+42 0 0 0
39241.9 8.49141e+39 8.49141e+39 8.59371e+39 8.59371e+39 8.59371e+39 0 0 0 6.67728e+40 4.64348e+42 0 0 0
45315.8 6.43144e+39 6.43144e+39 6.51744e+39 6.51744e+39 6.51744e+39 0 0 0 5.64835e+40 4.64348e+42 0 0 0
52329.9 4.86925e+39 4.86925e+39 4.94117e+39 4.94117e+39 4.94117e+39 0 0 0 4.76192e+40 4.64348e+42 0 0 0
60429.6 3.68489e+39 3.68489e+39 3.7447e+39 3.7447e+39 3.7447e+39 0 0 0 3.99922e+40 4.64348e+42 0 0 0
69783.1 2.78729e+39 2.78729e+39 2.83673e+39 2.83673e+39 2.83673e+39 0 0 0 3.34398e+40 4.64348e+42 0 0 0
80584.2 2.10729e+39 2.10729e+39 2.1479e+39 2.1479e+39 2.1479e+39 0 0 0 2.78213e+40 4.64348e+42 0 0 0
93057.2 1.59236e+39 1.59236e+39 1.62549e+39 1.62549e+39 1.62549e+39 0 0 0 2.30145e+40 4.64348e+42 0 0 0
107461 1.20261e+39 1.20261e+39 1.22945e+39 1.22945e+39 1.22945e+39 0 0 0 1.89134e+40 4.64348e+42 0 0 0
124094 9.07752e+38 9.07752e+38 9.29339e+38 9.29339e+38 9.29339e+38 0 0 0 1.54263e+40 4.64348e+42 0 0 0
143301 6.84794e+38 6.84794e+38 7.0203e+38 7.0203e+38 7.0203e+38 0 0 0 1.24733e+40 4.64348e+42 0 0 0
165482 5.16291e+38 5.16291e+38 5.29953e+38 5.29953e+38 5.29953e+38 0 0 0 9.98518e+39 4.64348e+42 0 0 0
191095 3.8901e+38 3.8901e+38 3.9976e+38 3.9976e+38 3.9976e+38 0 0 0 7.90166e+39 4.64348e+42 0 0 0
220673 2.9292e+38 2.9292e+38 3.01317e+38 3.01317e+38 3.01317e+38 0 0 0 6.17008e+39 4.64348e+42 0 0 0
254830 2.20418e+38 2.20418e+38 2.26932e+38 2.26932e+38 2.26932e+38 0 0 0 4.74427e+39 4.64348e+42 0 0 0
294273 1.65747e+38 1.65747e+38 1.70765e+38 1.70765e+38 1.70765e+38 0 0 0 3.5835e+39 4.64348e+42 0 0 0
339821 1.24548e+38 1.24548e+38 1.28387e+38 1.28387e+38 1.28387e+38 0 0 0 2.65149e+39 4.64348e+42 0 0 0
392419 9.35212e+37 9.35212e+37 9.64395e+37 9.64395e+37 9.64395e+37 0 0 0 1.91563e+39 4.64348e+42 0 0 0
453158 7.01723e+37 7.01723e+37 7.23767e+37 7.23767e+37 7.23767e+37 0 0 0 1.34632e+39 4.64348e+42 0 0 0
523299 5.26144e+37 5.26144e+37 5.42691e+37 5.42691e+37 5.42691e+37 3.24809e+29 8.0556e+33 0 9.1648e+38 4.64348e+42 0 0 0
604296 3.94215e+37 3.94215e+37 4.0656e+37 4.0656e+37 4.0656e+37 5.00311e+29 8.09037e+33 0 6.01261e+38 4.64348e+42 0 0 0
697831 2.95162e+37 2.95162e+37 3.04317e+37 3.04317e+37 3.04317e+37 6.75813e+29 8.12515e+33 0 3.77974e+38 4.64348e+42 0 0 0
805842 2.20852e+37 2.20852e+37 2.276e+37 2.276e+37 2.276e+37 8.51315e+29 8.15993e+33 0 2.26165e+38 4.64348e+42 0 0 0
930572 1.65147e+37 1.65147e+37 1.70093e+37 1.70093e+37 1.70093e+37 1.02682e+30 8.19471e+33 0 1.27823e+38 4.64348e+42 0 0 0
1.07461e+06 1.2342e+37 1.2342e+37 1.27024e+37 1.27024e+37 1.27024e+37 1.30023e+30 8.23473e+33 0 6.76309e+37 4.64348e+42 0 0 0
1.24094e+06 9.21867e+36 9.21867e+36 9.47974e+36 9.47974e+36 9.47974e+36 1.74441e+30 8.24566e+33 0 3.31571e+37 4.64348e+42 0 0 0
1.43301e+06 6.88222e+36 6.88222e+36 7.07032e+36 7.07032e+36 7.07032e+36 2.32928e+30 8.25963e+33 0 1.48849e+37 4.64348e+42 0 0 0
1.65482e+06 5.13547e+36 5.13547e+36 5.2703e+36 5.2703e+36 5.2703e+36 3.10222e+30 8.27764e+33 0 6.03536e+36 4.64348e+42 0 0 0
1.91095e+06 3.83032e+36 3.83032e+36 3.92651e+36 3.92651e+36 3.92651e+36 4.20663e+30 8.30265e+33 0 2.17559e+36 4.64348e+42 0 0 0
2.20673e+06 2.85564e+36 2.85564e+36 2.92396e+36 2.92396e+36 2.92396e+36 5.62321e+30 8.3351e+33 0 6.84593e+35 4.64348e+42 0 0 0
2.5483e+06 2.12814e+36 2.12814e+36 2.17646e+36 2.17646e+36 2.17646e+36 7.48376e+30 8.37771e+33 0 1.84126e+35 4.64348e+42 0 0 0
2.94273e+06 1.58539e+36 1.58539e+36 1.61944e+36 1.61944e+36 1.61944e+36 9.95201e+30 8.43365e+33 0 4.13095e+34 4.64348e+42 0 0 0
3.39821e+06 1.18066e+36 1.18066e+36 1.20457e+36 1.20457e+36 1.20457e+36 1.35083e+31 8.51168e+33 0 7.51685e+33 4.64348e+42 0 0 0
3.92419e+06 8.78977e+35 8.78977e+35 8.95726e+35 8.95726e+35 8.95726e+35 1.81493e+31 8.61296e+33 0 1.07394e+33 4.64348e+42 0 0 0
4.53158e+06 6.54204e+35 6.54204e+35 6.65906e+35 6.65906e+35 6.65906e+35 2.44051e+31 8.74355e+33 0 1.16042e+32 4.64348e+42 0 0 0
5.23299e+06 4.86797e+35 4.86797e+35 4.94956e+35 4.94956e+35 4.94956e+35 3.27501e+31 8.90868e+33 0 9.0815e+30 4.64348e+42 0 0 0
6.04296e+06 3.62161e+35 3.62161e+35 3.67841e+35 3.67841e+35 3.67841e+35 4.45492e+31 9.12764e+33 0 4.8969e+29 4.64348e+42 0 0 0
6.97831e+06 2.694e+35 2.694e+35 2.73351e+35 2.73351e+35 2.73351e+35 5.98034e+31 9.38579e+33 0 1.71737e+28 4.64348e+42 0 0 0
8.05842e+06 2.00386e+35 2.00386e+35 2.03132e+35 2.03132e+35 2.03132e+35 7.96911e+31 9.69079e+33 0 3.665e+26 4.64348e+42 0 0 0
9.30572e+06 1.49056e+35 1.49056e+35 1.50966e+35 1.50966e+35 1.50966e+35 1.0581e+32 1.00363e+34 0 4.40718e+24 4.64348e+42 0 0 0
1.07461e+07 1.10894e+35 1.10894e+35 1.12224e+35 1.12224e+35 1.12224e+35 1.40872e+32 1.04503e+34 0 2.73257e+22 4.64348e+42 0 0 0
1.24094e+07 8.25326e+34 8.25326e+34 8.34598e+34 8.34598e+34 8.34598e+34 1.83639e+32 1.08571e+34 0 7.88469e+19 4.64348e+42 0 0 0
1.43301e+07 6.14635e+34 6.14635e+34 6.21115e+34 6.21115e+34 6.21115e+34 2.35062e+32 1.12544e+34 0 9.40574e+16 4.64348e+42 0 0 0
1.65482e+07 4.58208e+34 4.58208e+34 4.62752e+34 4.62752e+34 4.62752e+34 2.95474e+32 1.16233e+34 0 4.04604e+13 4.64348e+42 0 0 0
1.91095e+07 3.42177e+34 3.42177e+34 3.45379e+34 3.45379e+34 3.45379e+34 3.67438e+32 1.19414e+34 0 5.3597e+09 4.64348e+42 0 0 0
2.20673e+07 2.56143e+34 2.56143e+34 2.58411e+34 2.58411e+34 2.58411e+34 4.43971e+32 1.22157e+34 0 182205 4.64348e+42 0 0 0
2.5483e+07 1.92432e+34 1.92432e+34 1.94051e+34 1.94051e+34 1.94051e+34 5.26444e+32 1.24082e+34 0 1.28786 4.64348e+42 0 0 0
2.94273e+07 1.45269e+34 1.45269e+34 1.46435e+34 1.46435e+34 1.46435e+34 6.08442e+32 1.24106e+34 0 1.48423e-06 4.64348e+42 0 0 0
3.39821e+07 1.10388e+34 1.10388e+34 1.11236e+34 1.11236e+34 1.11236e+34 6.88145e+32 1.2189e+34 0 2.10642e-13 4.64348e+42 0 0 0
3.92419e+07 8.45362e+33 8.45362e+33 8.51615e+33 8.51615e+33 8.51615e+33 7.56066e+32 1.17372e+34 0 2.66211e-21 4.64348e+42 0 0 0
4.53158e+07 6.53946e+33 6.53946e+33 6.58622e+33 6.58622e+33 6.58622e+33 8.14996e+32 1.11349e+34 0 2.0605e-30 4.64348e+42 0 0 0
5.23299e+07 5.11837e+33 5.11837e+33 5.15393e+33 5.15393e+33 5.15393e+33 8.61407e+32 1.04404e+34 0 6.3395e-41 4.64348e+42 0 0 0
6.04296e+07 4.05357e+33 4.05357e+33 4.08106e+33 4.08106e+33 4.08106e+33 8.88045e+32 9.58525e+33 0 4.70634e-53 4.64348e+42 0 0 0
6.97831e+07 3.24668e+33 3.24668e+33 3.26828e+33 3.26828e+33 3.26828e+33 8.92855e+32 8.58865e+33 0 4.7371e-67 4.64348e+42 0 0 0
8.05842e+07 2.62799e+33 2.62799e+33 2.64521e+33 2.64521e+33 2.64521e+33 8.77742e+32 7.46712e+33 0 3.32237e-83 4.64348e+42 0 0 0
9.30572e+07 2.14477e+33 2.14477e+33 2.15868e+33 2.15868e+33 2.15868e+33 8.43248e+32 6.25991e+33 0 7.52745e-102 4.64348e+42 0 0 0
1.07461e+08 1.75749e+33 1.75749e+33 1.76881e+33 1.76881e+33 1.76881e+33 7.89439e+32 5.03541e+33 0 2.26776e-123 4.64348e+42 189.26 0 0
1.24094e+08 1.447e+33 1.447e+33 1.45629e+33 1.45629e+33 1.45629e+33 7.26811e+32 3.98573e+33 0 3.25919e-148 4.64348e+42 166.268 0 0
1.43301e+08 1.19098e+33 1.19098e+33 1.19863e+33 1.19863e+33 1.19863e+33 6.54974e+32 3.09898e+33 0 6.84058e-177 4.64348e+42 146.069 0 0
1.65482e+08 9.75464e+32 9.75464e+32 9.81754e+32 9.81754e+32 9.81754e+32 5.76336e+32 2.37118e+33 0 5.34416e-210 4.64348e+42 128.324 0 0
1.91095e+08 7.87345e+32 7.87345e+32 7.92454e+32 7.92454e+32 7.92454e+32 4.89902e+32 1.76787e+33 0 3.20564e-248 4.64348e+42 112.735 0 0
2.20673e+08 6.32214e+32 6.32214e+32 6.36353e+32 6.36353e+32 6.36353e+32 4.10439e+32 1.32496e+33 0 0 4.64348e+42 99.0397 0 0
2.5483e+08 5.02347e+32 5.02347e+32 5.05671e+32 5.05671e+32 5.05671e+32 3.3689e+32 9.81835e+32 0 0 4.64348e+42 87.0081 0 0
2.94273e+08 3.94374e+32 3.94374e+32 3.97017e+32 3.97017e+32 3.97017e+32 2.70858e+32 7.1954e+32 0 0 4.64348e+42 76.438 0 0
3.39821e+08 3.03398e+32 3.03398e+32 3.0546e+32 3.0546e+32 3.0546e+32 2.11105e+32 5.17962e+32 0 0 4.64348e+42 70.1148 0 0
3.92419e+08 2.32933e+32 2.32933e+32 2.34541e+32 2.34541e+32 2.34541e+32 1.63957e+32 3.78946e+32 0 0 4.64348e+42 67.1521 0 0
4.53158e+08 1.76984e+32 1.76984e+32 1.78226e+32 1.78226e+32 1.78226e+32 1.25408e+32 2.75967e+32 0 0 4.64348e+42 64.3146 0 0
5.23299e+08 1.32861e+32 1.32861e+32 1.33811e+32 1.33811e+32 1.33811e+32 9.42757e+31 2.00138e+32 0 0 4.64348e+42 61.597 0 0
6.04296e+08 9.8806e+31 9.8806e+31 9.95248e+31 9.95248e+31 9.95248e+31 6.99302e+31 1.43613e+32 0 0 4.64348e+42 58.9942 0 0
6.97831e+08 7.41385e+31 7.41385e+31 7.46881e+31 7.46881e+31 7.46881e+31 5.25452e+31 1.0518e+32 0 0 4.64348e+42 56.5014 0 0
8.05842e+08 5.53863e+31 5.53863e+31 5.58049e+31 5.58049e+31 5.58049e+31 3.92456e+31 7.69043e+31 0 0 4.64348e+42 54.114 0 0
9.30572e+08 4.11574e+31 4.11574e+31 4.14746e+31 4.14746e+31 4.14746e+31 2.91009e+31 5.60954e+31 0 0 4.64348e+42 51.8274 0 0
1.07461e+09 3.02886e+31 3.02886e+31 3.05267e+31 3.05267e+31 3.05267e+31 2.12908e+31 4.03381e+31 0 0 4.64348e+42 52.0142 0 0
1.24094e+09 2.26295e+31 2.26295e+31 2.2811e+31 2.2811e+31 2.2811e+31 1.59317e+31 2.96791e+31 0 0 4.64348e+42 54.7012 0 0
1.43301e+09 1.69131e+31 1.69131e+31 1.70515e+31 1.70515e+31 1.70515e+31 1.19394e+31 2.17782e+31 0 0 4.64348e+42 57.527 0 0
1.65482e+09 1.26016e+31 1.26016e+31 1.27068e+31 1.27068e+31 1.27068e+31 8.91846e+30 1.59325e+31 0 0 4.64348e+42 60.4988 0 0
1.91095e+09 9.29863e+30 9.29863e+30 9.37781e+30 9.37781e+30 9.37781e+30 6.57923e+30 1.1465e+31 0 0 4.64348e+42 63.6242 0 0
2.20673e+09 6.95509e+30 6.95509e+30 7.0155e+30 7.0155e+30 7.0155e+30 4.95718e+30 8.45395e+30 0 0 4.64348e+42 66.9109 0 0
2.5483e+09 5.18511e+30 5.18511e+30 5.23105e+30 5.23105e+30 5.23105e+30 3.72397e+30 6.21638e+30 0 0 4.64348e+42 70.3675 0 0
2.94273e+09 3.8476e+30 3.8476e+30 3.88236e+30 3.88236e+30 3.88236e+30 2.78427e+30 4.5565e+30 0 0 4.64348e+42 74.0026 0 0
3.39821e+09 2.81488e+30 2.81488e+30 2.84082e+30 2.84082e+30 2.84082e+30 2.04451e+30 3.2851e+30 0 0 4.64348e+42 77.8255 0 0
3.92419e+09 2.09025e+30 2.09025e+30 2.10989e+30 2.10989e+30 2.10989e+30 1.53582e+30 2.4241e+30 0 0 4.64348e+42 81.8459 0 0
4.53158e+09 1.54688e+30 1.54688e+30 1.56168e+30 1.56168e+30 1.56168e+30 1.14992e+30 1.78238e+30 0 0 4.64348e+42 86.074 0 0
5.23299e+09 1.14084e+30 1.14084e+30 1.15197e+30 1.15197e+30 1.15197e+30 8.57984e+29 1.30522e+30 0 0 4.64348e+42 90.5205 0 0
6.04296e+09 8.28322e+29 8.28322e+29 8.36553e+29 8.36553e+29 8.36553e+29 6.27391e+29 9.40913e+29 0 0 4.64348e+42 95.1967 0 0
6.97831e+09 6.12201e+29 6.12201e+29 6.18403e+29 6.18403e+29 6.18403e+29 4.70403e+29 6.93565e+29 0 0 4.64348e+42 100.115 0 0
8.05842e+09 4.50768e+29 4.50768e+29 4.55457e+29 4.55457e+29 4.55457e+29 3.51533e+29 5.09844e+29 0 0 4.64348e+42 105.286 0 0
9.30572e+09 3.28307e+29 3.28307e+29 3.31967e+29 3.31967e+29 3.31967e+29 2.61043e+29 3.73745e+29 0 0 4.64348e+42 110.725 0 0
1.07461e+10 2.29684e+29 2.29684e+29 2.32923e+29 2.32923e+29 2.32923e+29 1.90455e+29 2.70282e+29 0 0 4.64348e+42 124.236 0 0
1.24094e+10 1.49343e+29 1.49343e+29 1.53103e+29 1.53103e+29 1.53103e+29 1.41687e+29 1.999e+29 0 0 4.64348e+42 148.721 0 0
1.43301e+10 7.91733e+28 7.91733e+28 8.39852e+28 8.39852e+28 8.39852e+28 1.04765e+29 1.47477e+29 0 0 4.64348e+42 178.032 0 0
1.65482e+10 3.17579e+28 3.17579e+28 3.68707e+28 3.68707e+28 3.68707e+28 7.72248e+28 1.0847e+29 0 0 4.64348e+42 213.119 0 0
1.91095e+10 9.78212e+27 9.78212e+27 1.39316e+28 1.39316e+28 1.39316e+28 5.58574e+28 7.84546e+28 0 0 4.64348e+42 255.121 0 0
2.20673e+10 2.47125e+27 2.47125e+27 5.26696e+27 5.26696e+27 5.26696e+27 4.13346e+28 5.80652e+28 0 0 4.64348e+42 305.402 34.7254 0
2.5483e+10 4.8276e+26 4.8276e+26 2.08272e+27 2.08272e+27 2.08272e+27 3.04852e+28 4.28333e+28 0 0 4.64348e+42 365.592 22.9578 0
2.94273e+10 6.72648e+25 6.72648e+25 8.80908e+26 8.80908e+26 8.80908e+26 2.24174e+28 3.1488e+28 0 0 4.64348e+42 437.645 15.5417 0
3.39821e+10 6.10897e+24 6.10897e+24 3.9419e+26 3.9419e+26 3.9419e+26 1.61758e+28 2.27277e+28 0 0 4.64348e+42 523.898 10.7604 0
3.92419e+10 3.61536e+23 3.61536e+23 1.92968e+26 1.92968e+26 1.92968e+26 1.19888e+28 1.68236e+28 0 0 4.64348e+42 627.151 7.61059 0
4.53158e+10 1.38439e+22 1.38439e+22 1.00201e+26 1.00201e+26 1.00201e+26 8.86614e+27 1.24226e+28 0 0 4.64348e+42 750.753 5.49245 0
5.23299e+10 3.69488e+20 3.69488e+20 5.48258e+25 5.48258e+25 5.48258e+25 6.54613e+27 9.14741e+27 0 0 4.64348e+42 898.715 4.04008 0
6.04296e+10 7.65411e+18 7.65411e+18 3.09932e+25 3.09932e+25 3.09932e+25 4.75319e+27 6.61269e+27 0 0 4.64348e+42 1075.84 3.02568 0
6.97831e+10 1.48298e+17 1.48298e+17 1.86711e+25 1.86711e+25 1.86711e+25 3.54189e+27 4.90715e+27 0 0 4.64348e+42 1287.87 2.3047 0
8.05842e+10 3.07308e+15 3.07308e+15 1.16351e+25 1.16351e+25 1.16351e+25 2.63218e+27 3.633e+27 0 0 4.64348e+42 1541.69 1.78376 0
9.30572e+10 7.911e+13 7.911e+13 7.46584e+24 7.46584e+24 7.46584e+24 1.95072e+27 2.68199e+27 0 0 4.64348e+42 1845.53 1.40144 0
1.07461e+11 2.83196e+12 2.83196e+12 4.8424e+24 4.8424e+24 4.8424e+24 1.41841e+27 1.94195e+27 0 0 4.64348e+42 2209.26 1.11671 0
1.24094e+11 1.6142e+11 1.6142e+11 3.2888e+24 3.2888e+24 3.2888e+24 1.05654e+27 1.44307e+27 0 0 4.64348e+42 2644.67 0.901709 0
1.43301e+11 1.52254e+10 1.52254e+10 2.27557e+24 2.27557e+24 2.27557e+24 7.84268e+26 1.06936e+27 0 0 4.64348e+42 3165.9 0.737233 0
1.65482e+11 2.44838e+09 2.44838e+09 1.59937e+24 1.59937e+24 1.59937e+24 5.79909e+26 7.89813e+26 0 0 4.64348e+42 3789.85 0.609868 0
1.91095e+11 6.62343e+08 6.62343e+08 1.12295e+24 1.12295e+24 1.12295e+24 4.20486e+26 5.71735e+26 0 0 4.64348e+42 4536.77 0.510106 0
2.20673e+11 3.06948e+08 3.06948e+08 8.18832e+23 8.18832e+23 8.18832e+23 3.12535e+26 4.24768e+26 0 0 4.64348e+42 5430.9 0.431129 0
2.5483e+11 2.28107e+08 2.28107e+08 6.03368e+23 6.03368e+23 6.03368e+23 2.31547e+26 3.1465e+26 0 0 4.64348e+42 6501.25 0.367983 0
2.94273e+11 2.57926e+08 2.57926e+08 4.48574e+23 4.48574e+23 4.48574e+23 1.70977e+26 2.32288e+26 0 0 4.64348e+42 7782.55 0.317029 0
3.39821e+11 4.12062e+08 4.12062e+08 3.31075e+23 3.31075e+23 3.31075e+23 1.23861e+26 1.68023e+26 0 0 4.64348e+42 0 0.275565 0
3.92419e+11 9.1164e+08 9.1164e+08 2.52593e+23 2.52593e+23 2.52593e+23 9.20216e+25 1.24757e+26 0 0 4.64348e+42 0 0.241562 0
4.53158e+11 2.55954e+09 2.55954e+09 1.93794e+23 1.93794e+23 1.93794e+23 6.81519e+25 9.23489e+25 0 0 4.64348e+42 0 0.213483 0
5.23299e+11 8.6096e+09 8.6096e+09 1.49349e+23 1.49349e+23 1.49349e+23 5.03061e+25 6.81198e+25 0 0 4.64348e+42 0 0.190154 0
6.04296e+11 3.24227e+10 3.24227e+10 1.13747e+23 1.13747e+23 1.13747e+23 3.64157e+25 4.92187e+25 0 0 4.64348e+42 0 0.170669 0
6.97831e+11 1.36215e+11 1.36215e+11 8.92946e+22 8.92946e+22 8.92946e+22 2.70393e+25 3.65079e+25 0 0 4.64348e+42 0 0.154323 0
8.05842e+11 5.96938e+11 5.96939e+11 7.02664e+22 7.02664e+22 7.02664e+22 2.00126e+25 2.69936e+25 0 0 4.64348e+42 0 0.140565 0
9.30572e+11 2.63808e+12 2.63808e+12 5.53819e+22 5.53819e+22 5.53819e+22 1.47616e+25 1.98859e+25 0 0 4.64348e+42 0 0.12896 0
1.07461e+12 1.12566e+13 1.12566e+13 4.30054e+22 4.30054e+22 4.30054e+22 1.06737e+25 1.43442e+25 0 0 4.64348e+42 0 0.119166 0
1.24094e+12 4.74016e+13 4.74017e+13 3.43602e+22 3.43602e+22 3.43602e+22 7.91788e+24 1.06235e+25 0 0 4.64348e+42 0 0.110908 0
1.43301e+12 1.88359e+14 1.88359e+14 2.74586e+22 2.74586e+22 2.74586e+22 5.8541e+24 7.84156e+24 0 0 4.64348e+42 0 0.103969 0
1.65482e+12 6.97282e+14 6.97283e+14 2.19333e+22 2.19333e+22 2.19333e+22 4.31295e+24 5.76573e+24 0 0 4.64348e+42 0 0.098177 0
1.91095e+12 2.3448e+15 2.3448e+15 1.72204e+22 1.72204e+22 1.72204e+22 3.11352e+24 4.1489e+24 0 0 4.64348e+42 0 0.0933933 0
2.20673e+12 7.44866e+15 7.44867e+15 1.38933e+22 1.38933e+22 1.38933e+22 2.30629e+24 3.06586e+24 0 0 4.64348e+42 0 0.0895108 0
2.5483e+12 2.16581e+16 2.16581e+16 1.11912e+22 1.11912e+22 1.11912e+22 1.70241e+24 2.25739e+24 0 0 4.64348e+42 0 0.0864461 0
2.94273e+12 5.75645e+16 5.75645e+16 8.99471e+21 8.99471e+21 8.99471e+21 1.25201e+24 1.65524e+24 0 0 4.64348e+42 0 0.0841374 0
3.39821e+12 1.37575e+17 1.37575e+17 7.08917e+21 7.08917e+21 7.08917e+21 9.01689e+23 1.18692e+24 0 0 4.64348e+42 0 0.082541 0
3.92419e+12 3.10088e+17 3.10089e+17 5.73439e+21 5.73439e+21 5.73439e+21 6.66487e+23 8.74279e+23 0 0 4.64348e+42 0 0.08163 0
4.53158e+12 6.41885e+17 6.41886e+17 4.62181e+21 4.62181e+21 4.62181e+21 4.90814e+23 6.41457e+23 0 0 4.64348e+42 0 0.0813928 0
5.23299e+12 1.22378e+18 1.22378e+18 3.70868e+21 3.70868e+21 3.70868e+21 3.60023e+23 4.68517e+23 0 0 4.64348e+42 0 0.0818329 0
6.04296e+12 2.11889e+18 2.11889e+18 2.90948e+21 2.90948e+21 2.90948e+21 2.5841e+23 3.34294e+23 0 0 4.64348e+42 0 0.0829683 0
6.97831e+12 3.50615e+18 3.50615e+18 2.33807e+21 2.33807e+21 2.33807e+21 1.90419e+23 2.45131e+23 0 0 4.64348e+42 0 0.0848322 0
8.05842e+12 5.40135e+18 5.40135e+18 1.86651e+21 1.86651e+21 1.86651e+21 1.39755e+23 1.78963e+23 0 0 4.64348e+42 0 0.0874729 0
9.30572e+12 7.77274e+18 7.77275e+18 1.47851e+21 1.47851e+21 1.47851e+21 1.02131e+23 1.30003e+23 0 0 4.64348e+42 0 0.0909553 0
1.07461e+13 1.02942e+19 1.02942e+19 1.13987e+21 1.13987e+21 1.13987e+21 7.29537e+22 9.2115e+22 0 0 4.64348e+42 0 0.0953611 0
1.24094e+13 1.32229e+19 1.32229e+19 8.97437e+20 8.97437e+20 8.97437e+20 5.35255e+22 6.71254e+22 0 0 4.64348e+42 0 0.10079 0
1.43301e+13 1.60216e+19 1.60217e+19 6.98873e+20 6.98873e+20 6.98873e+20 3.90975e+22 4.86722e+22 0 0 4.64348e+42 0 0.10736 0
1.65482e+13 1.83588e+19 1.83588e+19 5.37556e+20 5.37556e+20 5.37556e+20 2.84218e+22 3.50913e+22 0 0 4.64348e+42 0 0.115206 0
1.91095e+13 1.95675e+19 1.95676e+19 4.00178e+20 4.00178e+20 4.00178e+20 2.01659e+22 2.46261e+22 0 0 4.64348e+42 0 0.12448 0
2.20673e+13 2.0477e+19 2.0477e+19 3.03276e+20 3.03276e+20 3.03276e+20 1.4706e+22 1.77923e+22 0 0 4.64348e+42 0 0.135345 0
2.5483e+13 2.04259e+19 2.0426e+19 2.26412e+20 2.26412e+20 2.26412e+20 1.06707e+22 1.2781e+22 0 0 4.64348e+42 0 0.147968 0
2.94273e+13 1.94652e+19 1.94652e+19 1.66376e+20 1.66376e+20 1.66376e+20 7.7007e+21 9.12084e+21 0 0 4.64348e+42 0 0.162507 0
3.39821e+13 1.74029e+19 1.7403e+19 1.17845e+20 1.17845e+20 1.17845e+20 5.41273e+21 6.31663e+21 0 0 4.64348e+42 0 0.179093 0
3.92419e+13 1.54603e+19 1.54604e+19 8.49915e+19 8.49915e+19 8.49915e+19 3.91438e+21 4.51113e+21 0 0 4.64348e+42 0 0.197804 0
4.53158e+13 1.32273e+19 1.32274e+19 6.03502e+19 6.03502e+19 6.03502e+19 2.81442e+21 3.19985e+21 0 0 4.64348e+42 0 0.218621 0
5.23299e+13 1.09252e+19 1.09254e+19 4.22007e+19 4.22007e+19 4.22007e+19 2.01083e+21 2.25217e+21 0 0 4.64348e+42 0 0.241387 0
6.04296e+13 8.53868e+18 8.53884e+18 2.84269e+19 2.84269e+19 2.84269e+19 1.39519e+21 1.53189e+21 0 0 4.64348e+42 0 0.265741 0
6.97831e+13 6.71869e+18 6.71884e+18 1.95908e+19 1.95908e+19 1.95908e+19 9.97515e+20 1.0771e+21 0 0 4.64348e+42 0 0.291055 0
8.05842e+13 5.14441e+18 5.14455e+18 1.3329e+19 1.3329e+19 1.3329e+19 7.08325e+20 7.51185e+20 0 0 4.64348e+42 0 0.316368 0
9.30572e+13 3.84046e+18 3.84058e+18 8.9569e+18 8.9569e+18 8.9569e+18 4.99227e+20 5.19024e+20 0 0 4.64348e+42 0 0.340344 0
1.07461e+14 2.7301e+18 2.73021e+18 5.79827e+18 5.79827e+18 5.79827e+18 3.4027e+20 3.44489e+20 0 0 4.64348e+42 0 0 0
1.24094e+14 1.97787e+18 1.97798e+18 3.86519e+18 3.86519e+18 3.86519e+18 2.39544e+20 2.37231e+20 0 0 4.64348e+42 0 0 0
1.43301e+14 1.40506e+18 1.4052e+18 2.55009e+18 2.55009e+18 2.55009e+18 1.67251e+20 1.61753e+20 0 0 4.64348e+42 0 0 0
1.65482e+14 9.79596e+17 9.798e+17 1.66503e+18 1.66503e+18 1.66503e+18 1.15721e+20 1.0904e+20 0 0 4.64348e+42 0 0 0
1.91095e+14 6.51232e+17 6.51511e+17 1.04443e+18 1.04443e+18 1.04443e+18 7.69744e+19 7.00035e+19 0 0 4.64348e+42 0 0 0
2.20673e+14 4.45593e+17 4.45969e+17 6.78886e+17 6.78886e+17 6.78886e+17 5.30656e+19 4.68902e+19 0 0 4.64348e+42 0 0 0
2.5483e+14 3.00067e+17 3.00526e+17 4.36978e+17 4.36978e+17 4.36978e+17 3.62144e+19 3.10251e+19 0 0 4.64348e+42 0 0 0
2.94273e+14 1.98861e+17 1.99372e+17 2.78353e+17 2.78353e+17 2.78353e+17 2.44406e+19 2.02401e+19 0 0 4.64348e+42 0 0 0
3.39821e+14 1.25095e+17 1.25596e+17 1.69154e+17 1.69154e+17 1.69154e+17 1.57194e+19 1.24162e+19 0 0 4.64348e+42 0 0 0
3.92419e+14 8.17264e+16 8.22043e+16 1.07244e+17 1.07244e+17 1.07244e+17 1.05344e+19 8.01571e+18 0 0 4.64348e+42 0 0 0
4.53158e+14 5.25863e+16 5.30102e+16 6.72368e+16 6.72368e+16 6.72368e+16 6.97055e+18 5.09596e+18 0 0 4.64348e+42 0 0 0
5.23299e+14 3.3305e+16 3.36567e+16 4.16396e+16 4.16396e+16 4.16396e+16 4.54842e+18 3.18281e+18 0 0 4.64348e+42 0 0 0
6.04296e+14 1.98163e+16 2.00788e+16 2.43006e+16 2.43006e+16 2.43006e+16 2.79173e+18 1.83383e+18 0 0 4.64348e+42 0 0 0
6.97831e+14 1.23787e+16 1.25765e+16 1.4928e+16 1.4928e+16 1.4928e+16 1.80025e+18 1.12715e+18 0 0 4.64348e+42 0 0 0
8.05842e+14 7.60664e+15 7.74839e+15 9.0408e+15 9.0408e+15 9.0408e+15 1.1422e+18 6.79517e+17 0 0 4.64348e+42 0 0 0
9.30572e+14 4.59273e+15 4.68963e+15 5.3897e+15 5.3897e+15 5.3897e+15 7.11896e+17 4.00551e+17 0 0 4.64348e+42 0 0 0
1.07461e+15 2.55766e+15 2.61718e+15 2.96803e+15 2.96803e+15 2.96803e+15 4.09002e+17 2.11453e+17 0 0 4.64348e+42 0 0 0
1.24094e+15 1.51784e+15 1.55591e+15 1.74388e+15 1.74388e+15 1.74388e+15 2.50187e+17 1.21727e+17 0 0 4.64348e+42 0 0 0
1.43301e+15 8.82858e+14 9.06252e+14 1.00528e+15 1.00528e+15 1.00528e+15 1.49831e+17 6.83808e+16 0 0 4.64348e+42 0 0 0
1.65482e+15 5.02444e+14 5.16257e+14 5.67479e+14 5.67479e+14 5.67479e+14 8.76822e+16 3.73284e+16 0 0 4.64348e+42 0 0 0
1.91095e+15 2.55551e+14 2.62725e+14 2.86489e+14 2.86489e+14 2.86489e+14 4.57925e+16 1.74103e+16 0 0 4.64348e+42 0 0 0
2.20673e+15 1.41678e+14 1.45682e+14 1.57745e+14 1.57745e+14 1.57745e+14 2.60292e+16 9.18172e+15 0 0 4.64348e+42 0 0 0
2.5483e+15 7.64701e+13 7.86188e+13 8.46043e+13 8.46043e+13 8.46043e+13 1.43819e+16 4.69531e+15 0 0 4.64348e+42 0 0 0
2.94273e+15 4.01147e+13 4.12229e+13 4.41214e+13 4.41214e+13 4.41214e+13 7.71087e+15 2.31525e+15 0 0 4.64348e+42 0 0 0
3.39821e+15 1.78213e+13 1.83005e+13 1.94943e+13 1.94943e+13 1.94943e+13 3.49556e+15 9.0292e+14 0 0 4.64348e+42 0 0 0
3.92419e+15 8.96167e+12 9.19414e+12 9.75326e+12 9.75326e+12 9.75326e+12 1.79085e+15 4.23184e+14 0 0 4.64348e+42 0 0 0
4.53158e+15 4.34019e+12 4.44795e+12 4.70128e+12 4.70128e+12 4.70128e+12 8.82241e+14 1.90874e+14 0 0 4.64348e+42 0 0 0
5.23299e+15 2.0237e+12 2.07145e+12 2.18247e+12 2.18247e+12 2.18247e+12 4.17792e+14 8.22429e+13 0 0 4.64348e+42 0 0 0
6.04296e+15 7.29147e+11 7.45391e+11 7.83163e+11 7.83163e+11 7.83163e+11 1.52651e+14 2.45602e+13 0 0 4.64348e+42 0 0 0
6.97831e+15 3.17335e+11 3.23973e+11 3.39567e+11 3.39567e+11 3.39567e+11 6.72717e+13 9.78347e+12 0 0 4.64348e+42 0 0 0
8.05842e+15 1.30575e+11 1.33126e+11 1.3924e+11 1.3924e+11 1.3924e+11 2.7988e+13 3.72022e+12 0 0 4.64348e+42 0 0 0
9.30572e+15 5.09611e+10 5.18869e+10 5.41707e+10 5.41707e+10 5.41707e+10 1.1029e+13 1.34075e+12 0 0 4.64348e+42 0 0 0
1.07461e+16 1.32355e+10 1.34581e+10 1.40282e+10 1.40282e+10 1.40282e+10 2.88809e+12 2.62797e+11 0 0 4.64348e+42 0 0 0
1.24094e+16 4.62816e+09 4.69998e+09 4.89237e+09 4.89237e+09 4.89237e+09 1.01691e+12 8.25329e+10 0 0 4.64348e+42 0 0 0
1.43301e+16 1.47604e+09 1.4971e+09 1.55654e+09 1.55654e+09 1.55654e+09 3.26142e+11 2.45037e+10 0 0 4.64348e+42 0 0 0
1.65482e+16 4.29566e+08 4.35183e+08 4.52003e+08 4.52003e+08 4.52003e+08 9.53227e+10 6.94815e+09 0 0 4.64348e+42 0 0 0
1.91095e+16 6.74504e+07 6.82565e+07 7.08331e+07 7.08331e+07 7.08331e+07 1.50147e+10 6.94502e+08 0 0 4.64348e+42 0 0 0
2.20673e+16 1.67379e+07 1.69203e+07 1.7546e+07 1.7546e+07 1.7546e+07 3.73301e+09 1.49928e+08 0 0 4.64348e+42 0 0 0
2.5483e+16 3.54846e+06 3.58363e+06 3.71383e+06 3.71383e+06 3.71383e+06 7.91989e+08 2.95337e+07 0 0 4.64348e+42 0 0 0
2.94273e+16 615735 621274 643507 643507 643507 1.37376e+08 5.68596e+06 0 0 4.64348e+42 0 0 0
3.39821e+16 43781.3 44138.1 45697.6 45697.6 45697.6 9.7535e+06 220505 0 0 4.64348e+42 0 0 0
3.92419e+16 6108.71 6153.72 6368.84 6368.84 6368.84 1.35745e+06 25722.2 0 0 4.64348e+42 0 0 0
4.53158e+16 653.692 658.04 680.844 680.844 680.844 144747 2428.2 0 0 4.64348e+42 0 0 0
5.23299e+16 48.4413 48.7318 50.4086 50.4086 50.4086 10678.1 217.38 0 0 4.64348e+42 0 0 0
6.04296e+16 0.884098 0.88887 0.919288 0.919288 0.919288 193.826 2.27473 0 0 4.64348e+42 0 0 0
6.97831e+16 0.0446313 0.0448479 0.0463762 0.0463762 0.0463762 9.72262 0.0874238 0 0 4.64348e+42 0 0 0
8.05842e+16 0.00108899 0.00109373 0.0011309 0.0011309 0.0011309 0.235535 0.00135208 0 0 4.64348e+42 0 0 0
9.30572e+16 0 0 0 0 0 0 0 0 0 4.64348e+42 0 0 0