
1.07461e-07 7.64083e+24 7.64083e+24 2.21038e+55 2.35063e+55 2.91771e+55 0 0 7.05924e+43 2.72024e+19 4.64348e+42 0 0 1
1.24094e-07 6.36003e+32 6.36003e+32 2.08858e+55 2.20286e+55 2.59245e+55 0 0 8.15188e+43 2.07511e+27 4.64348e+42 0 0 1
1.43301e-07 4.41782e+38 4.41782e+38 1.94477e+55 2.03658e+55 2.30143e+55 0 0 9.41365e+43 1.34052e+33 4.64348e+42 0 0 1
1.65482e-07 8.91539e+42 8.91539e+42 1.78976e+55 1.86271e+55 2.04121e+55 0 0 1.08707e+44 2.54554e+37 4.64348e+42 0 0 1
1.91095e-07 1.31459e+46 1.31459e+46 1.63178e+55 1.68922e+55 1.80868e+55 0 0 1.25533e+44 3.56502e+40 4.64348e+42 0 0 1
2.20673e-07 2.80075e+48 2.80075e+48 1.47666e+55 1.52156e+55 1.60103e+55 0 0 1.44963e+44 7.26823e+42 4.64348e+42 0 0 1
2.5483e-07 1.42726e+50 1.42726e+50 1.32823e+55 1.36314e+55 1.41574e+55 0 0 1.67401e+44 3.56586e+44 4.64348e+42 0 0 1
2.94273e-07 2.5253e+51 2.5253e+51 1.18885e+55 1.21586e+55 1.25053e+55 0 0 1.93312e+44 6.10409e+45 4.64348e+42 0 0 1
3.39821e-07 2.04331e+52 2.04331e+52 1.05975e+55 1.08057e+55 1.10333e+55 0 0 2.23233e+44 4.79805e+46 4.64348e+42 0 0 1
3.92419e-07 9.26833e+52 9.26833e+52 9.41406e+54 9.574e+54 9.72288e+54 0 0 2.57785e+44 2.12157e+47 4.64348e+42 0 0 1
4.53158e-07 2.73958e+53 2.73958e+53 8.33782e+54 8.46034e+54 8.55741e+54 0 0 2.97686e+44 6.13149e+47 4.64348e+42 0 0 1
5.23299e-07 5.89797e+53 5.89797e+53 7.36509e+54 7.45872e+54 7.5218e+54 0 0 3.43762e+44 1.29407e+48 4.64348e+42 0 0 1
6.04296e-07 1.00408e+54 1.00408e+54 6.49024e+54 6.56163e+54 6.6025e+54 0 0 3.9697e+44 2.16492e+48 4.64348e+42 0 0 1
6.97831e-07 1.4364e+54 1.4364e+54 5.70658e+54 5.76089e+54 5.7873e+54 0 0 4.58414e+44 3.05024e+48 4.64348e+42 0 0 1
8.05842e-07 1.80606e+54 1.80606e+54 5.00695e+54 5.04819e+54 5.0652e+54 0 0 5.29368e+44 3.78522e+48 4.64348e+42 0 0 1
9.30572e-07 2.06322e+54 2.06322e+54 4.38415e+54 4.4154e+54 4.42632e+54 0 0 6.11305e+44 4.27655e+48 4.64348e+42 0 0 1
1.07461e-06 2.19465e+54 2.19465e+54 3.83114e+54 3.85478e+54 3.86176e+54 0 0 7.05924e+44 4.50786e+48 4.64348e+42 0 0 1
1.24094e-06 2.21336e+54 2.21336e+54 3.34123e+54 3.35908e+54 3.36353e+54 0 0 8.15188e+44 4.51419e+48 4.64348e+42 0 0 1
1.43301e-06 2.14493e+54 2.14493e+54 2.90816e+54 2.92161e+54 2.92444e+54 0 0 9.41364e+44 4.3524e+48 4.64348e+42 0 0 1
1.65482e-06 2.01712e+54 2.01712e+54 2.52612e+54 2.53623e+54 2.53803e+54 0 0 1.08707e+45 4.08047e+48 4.64348e+42 0 0 1
1.91095e-06 1.85423e+54 1.85423e+54 2.18977e+54 2.19736e+54 2.19849e+54 0 0 1.25533e+45 3.74713e+48 4.64348e+42 0 0 1
2.20673e-06 1.67508e+54 1.67508e+54 1.89422e+54 1.8999e+54 1.90062e+54 0 0 1.44963e+45 3.38874e+48 4.64348e+42 0 0 1
2.5483e-06 1.49301e+54 1.49301e+54 1.63505e+54 1.63929e+54 1.63974e+54 0 0 1.67401e+45 3.03016e+48 4.64348e+42 0 0 1
2.94273e-06 1.31674e+54 1.31674e+54 1.40823e+54 1.41139e+54 1.41167e+54 0 0 1.93311e+45 2.68695e+48 4.64348e+42 0 0 1
3.39821e-06 1.15151e+54 1.15151e+54 1.21013e+54 1.21248e+54 1.21266e+54 0 0 2.23232e+45 2.36793e+48 4.64348e+42 0 0 1
3.92419e-06 1.00009e+54 1.00009e+54 1.03748e+54 1.03923e+54 1.03933e+54 0 0 2.57785e+45 2.07727e+48 4.64348e+42 0 0 1
4.53158e-06 8.63584e+53 8.63584e+53 8.87335e+53 8.8863e+53 8.88696e+53 0 0 2.97685e+45 1.81615e+48 4.64348e+42 0 0 1
5.23299e-06 7.42026e+53 7.42026e+53 7.57058e+53 7.58015e+53 7.58055e+53 0 0 3.43761e+45 1.58389e+48 4.64348e+42 0 0 1
6.04296e-06 6.34801e+53 6.34801e+53 6.44281e+53 6.44986e+53 6.45011e+53 0 0 3.96969e+45 1.37878e+48 4.64348e+42 0 0 1
6.97831e-06 5.40929e+53 5.40929e+53 5.46889e+53 5.47408e+53 5.47422e+53 0 0 4.58412e+45 1.1986e+48 4.64348e+42 0 0 1
8.05842e-06 4.59258e+53 4.59258e+53 4.62993e+53 4.63373e+53 4.63382e+53 0 0 5.29366e+45 1.04092e+48 4.64348e+42 0 0 1
9.30572e-06 3.88576e+53 3.88576e+53 3.90909e+53 3.91187e+53 3.91192e+53 0 0 6.11302e+45 9.03303e+47 4.64348e+42 0 0 1
1.07461e-05 3.27686e+53 3.27686e+53 3.29139e+53 3.29342e+53 3.29345e+53 0 0 7.0592e+45 7.83451e+47 4.64348e+42 0 0 1
1.24094e-05 2.75451e+53 2.75451e+53 2.76354e+53 2.76501e+53 2.76503e+53 0 0 8.15182e+45 6.79224e+47 4.64348e+42 0 0 1
1.43301e-05 2.30814e+53 2.30814e+53 2.31373e+53 2.31479e+53 2.31482e+53 0 0 9.41357e+45 5.88686e+47 4.64348e+42 0 0 1
1.65482e-05 1.92811e+53 1.92811e+53 1.93156e+53 1.93234e+53 1.93235e+53 0 0 1.08706e+46 5.10102e+47 4.64348e+42 0 0 1
1.91095e-05 1.60571e+53 1.60571e+53 1.60784e+53 1.60839e+53 1.6084e+53 0 0 1.25532e+46 4.41936e+47 4.64348e+42 0 0 1
2.20673e-05 1.33315e+53 1.33315e+53 1.33445e+53 1.33485e+53 1.33485e+53 0 0 1.44961e+46 3.82833e+47 4.64348e+42 0 0 1
2.5483e-05 1.1035e+53 1.1035e+53 1.1043e+53 1.10458e+53 1.10458e+53 0 0 1.67398e+46 3.31604e+47 4.64348e+42 0 0 1
2.94273e-05 9.1067e+52 9.1067e+52 9.11157e+52 9.11361e+52 9.11363e+52 0 0 1.93308e+46 2.87212e+47 4.64348e+42 0 0 1
3.39821e-05 7.49307e+52 7.49307e+52 7.49602e+52 7.49748e+52 7.49749e+52 0 0 2.23228e+46 2.4875e+47 4.64348e+42 0 0 1
3.92419e-05 6.14729e+52 6.14729e+52 6.14908e+52 6.15012e+52 6.15012e+52 0 0 2.57779e+46 2.1543e+47 4.64348e+42 0 0 1
4.53158e-05 5.02867e+52 5.02867e+52 5.02976e+52 5.03049e+52 5.03049e+52 0 0 2.97678e+46 1.86569e+47 4.64348e+42 0 0 1
5.23299e-05 4.10199e+52 4.10199e+52 4.10264e+52 4.10316e+52 4.10316e+52 0 0 3.43752e+46 1.61571e+47 4.64348e+42 0 0 1
6.04296e-05 3.33685e+52 3.33685e+52 3.33724e+52 3.33761e+52 3.33761e+52 0 0 3.96956e+46 1.39921e+47 4.64348e+42 0 0 1
6.97831e-05 2.70716e+52 2.70716e+52 2.70739e+52 2.70765e+52 2.70765e+52 0 0 4.58395e+46 1.2117e+47 4.64348e+42 0 0 1
8.05842e-05 2.19061e+52 2.19061e+52 2.19075e+52 2.19093e+52 2.19093e+52 0 0 5.29344e+46 1.04931e+47 4.64348e+42 0 0 1
9.30572e-05 1.76821e+52 1.76821e+52 1.7683e+52 1.76842e+52 1.76842e+52 0 0 6.11272e+46 9.08684e+46 4.64348e+42 0 0 1
0.000107461 1.42386e+52 1.42386e+52 1.42391e+52 1.424e+52 1.424e+52 0 0 7.0588e+46 7.86898e+46 4.64348e+42 0 0 1
0.000124094 1.14396e+52 1.14396e+52 1.14399e+52 1.14405e+52 1.14405e+52 0 0 8.1513e+46 6.81432e+46 4.64348e+42 0 0 1
0.000143301 9.17104e+51 9.17104e+51 9.17122e+51 9.17164e+51 9.17164e+51 0 0 9.41286e+46 5.901e+46 4.64348e+42 0 0 1
0.000165482 7.33734e+51 7.33734e+51 7.33745e+51 7.33774e+51 7.33774e+51 0 0 1.08697e+47 5.11008e+46 4.64348e+42 0 0 1
0.000191095 5.85898e+51 5.85898e+51 5.85904e+51 5.85924e+51 5.85924e+51 0 0 1.25519e+47 4.42516e+46 4.64348e+42 0 0 1
0.000220673 4.66999e+51 4.66999e+51 4.67003e+51 4.67017e+51 4.67017e+51 0 0 1.44945e+47 3.83204e+46 4.64348e+42 0 0 1
0.00025483 3.71593e+51 3.71593e+51 3.71595e+51 3.71605e+51 3.71605e+51 0 0 1.67376e+47 3.31842e+46 4.64348e+42 0 0 1
0.000294273 2.95202e+51 2.95202e+51 2.95203e+51 2.9521e+51 2.9521e+51 0 0 1.93279e+47 2.87364e+46 4.64348e+42 0 0 1
0.000339821 2.34159e+51 2.34159e+51 2.3416e+51 2.34164e+51 2.34164e+51 0 0 2.23189e+47 2.48847e+46 4.64348e+42 0 0 1
0.000392419 1.85471e+51 1.85471e+51 1.85471e+51 1.85474e+51 1.85474e+51 0 0 2.57726e+47 2.15493e+46 4.64348e+42 0 0 1
0.000453158 1.46706e+51 1.46706e+51 1.46706e+51 1.46708e+51 1.46708e+51 0 0 2.97607e+47 1.86609e+46 4.64348e+42 0 0 1
0.000523299 1.15891e+51 1.15891e+51 1.15891e+51 1.15892e+51 1.15892e+51 0 0 3.43658e+47 1.61597e+46 4.64348e+42 0 0 1
0.000604296 9.14338e+50 9.14338e+50 9.14339e+50 9.14349e+50 9.14349e+50 0 0 3.96831e+47 1.39937e+46 4.64348e+42 0 0 1
0.000697831 7.20505e+50 7.20505e+50 7.20506e+50 7.20513e+50 7.20513e+50 0 0 4.58228e+47 1.21181e+46 4.64348e+42 0 0 1
0.000805842 5.67094e+50 5.67094e+50 5.67094e+50 5.67099e+50 5.67099e+50 0 0 5.29121e+47 1.04938e+46 4.64348e+42 0 0 1
0.000930572 4.4583e+50 4.4583e+50 4.45831e+50 4.45834e+50 4.45834e+50 0 0 6.10975e+47 9.08727e+45 4.64348e+42 0 0 1
0.00107461 3.50096e+50 3.50096e+50 3.50096e+50 3.50098e+50 3.50098e+50 0 0 7.05484e+47 7.86925e+45 4.64348e+42 0 0 1
0.00124094 2.74605e+50 2.74605e+50 2.74605e+50 2.74607e+50 2.74607e+50 0 0 8.14601e+47 6.81449e+45 4.64348e+42 0 0 1
0.00143301 2.15146e+50 2.15146e+50 2.15146e+50 2.15147e+50 2.15147e+50 0 0 9.40582e+47 5.90111e+45 4.64348e+42 0 0 1
0.00165482 1.68365e+50 1.68365e+50 1.68365e+50 1.68366e+50 1.68366e+50 0 0 1.08603e+48 5.11015e+45 4.64348e+42 0 0 1
0.00191095 1.31601e+50 1.31601e+50 1.31601e+50 1.31602e+50 1.31602e+50 0 0 1.25394e+48 4.42521e+45 4.64348e+42 0 0 1
0.00220673 1.02741e+50 1.02741e+50 1.02741e+50 1.02742e+50 1.02742e+50 0 0 1.44778e+48 3.83207e+45 4.64348e+42 0 0 1
0.0025483 8.0111e+49 8.0111e+49 8.0111e+49 8.01112e+49 8.01112e+49 0 0 1.67154e+48 3.31844e+45 4.64348e+42 0 0 1
0.00294273 6.23861e+49 6.23861e+49 6.23861e+49 6.23862e+49 6.23862e+49 0 0 1.92982e+48 2.87365e+45 4.64348e+42 0 0 1
0.00339821 4.85196e+49 4.85196e+49 4.85196e+49 4.85197e+49 4.85197e+49 0 0 2.22793e+48 2.48848e+45 4.64348e+42 0 0 1
0.00392419 3.76848e+49 3.76848e+49 3.76848e+49 3.76849e+49 3.76849e+49 0 0 2.57199e+48 2.15493e+45 4.64348e+42 0 0 1
0.00453158 2.92295e+49 2.92295e+49 2.92296e+49 2.92296e+49 2.92296e+49 0 0 2.96904e+48 1.86609e+45 4.64348e+42 0 0 1
0.00523299 2.26399e+49 2.26399e+49 2.26399e+49 2.26399e+49 2.26399e+49 0 0 3.42719e+48 1.61597e+45 4.64348e+42 0 0 1
0.00604296 1.75113e+49 1.75113e+49 1.75113e+49 1.75113e+49 1.75113e+49 0 0 3.9558e+48 1.39937e+45 4.64348e+42 0 0 1
0.00697831 1.35253e+49 1.35253e+49 1.35253e+49 1.35253e+49 1.35253e+49 0 0 4.5656e+48 1.21181e+45 4.64348e+42 0 0 1
0.00805842 1.04319e+49 1.04319e+49 1.04319e+49 1.04319e+49 1.04319e+49 0 0 5.26897e+48 1.04938e+45 4.64348e+42 0 0 1
0.00930572 8.03473e+48 8.03473e+48 8.03473e+48 8.03473e+48 8.03473e+48 0 0 6.0801e+48 9.08727e+44 4.64348e+42 0 0 1
0.0107461 6.17989e+48 6.17989e+48 6.17989e+48 6.1799e+48 6.1799e+48 0 0 7.01532e+48 7.86925e+44 4.64348e+42 0 0 1
0.0124094 4.74685e+48 4.74685e+48 4.74685e+48 4.74685e+48 4.74685e+48 0 0 8.09333e+48 6.81449e+44 4.64348e+42 0 0 1
0.0143301 3.64135e+48 3.64135e+48 3.64135e+48 3.64135e+48 3.64135e+48 0 0 9.33559e+48 5.90111e+44 4.64348e+42 0 0 1
0.0165482 2.7898e+48 2.7898e+48 2.7898e+48 2.7898e+48 2.7898e+48 0 0 1.07667e+49 5.11015e+44 4.64348e+42 0 0 1
0.0191095 2.13481e+48 2.13481e+48 2.13481e+48 2.13481e+48 2.13481e+48 0 0 1.24146e+49 4.42521e+44 4.64348e+42 0 0 1
0.0220673 1.63173e+48 1.63173e+48 1.63173e+48 1.63173e+48 1.63173e+48 0 0 1.43115e+49 3.83207e+44 4.64348e+42 0 0 1
0.025483 1.24586e+48 1.24586e+48 1.24586e+48 1.24586e+48 1.24586e+48 0 0 1.64938e+49 3.31844e+44 4.64348e+42 0 0 1
0.0294273 9.50266e+47 9.50266e+47 9.50266e+47 9.50266e+47 9.50266e+47 0 0 1.9003e+49 2.87365e+44 4.64348e+42 0 0 1
0.0339821 7.24112e+47 7.24112e+47 7.24112e+47 7.24112e+47 7.24112e+47 0 0 2.1886e+49 2.48848e+44 4.64348e+42 0 0 1
0.0392419 5.51286e+47 5.51286e+47 5.51286e+47 5.51286e+47 5.51286e+47 0 0 2.5196e+49 2.15493e+44 4.64348e+42 0 0 1
0.0453158 4.19357e+47 4.19357e+47 4.19357e+47 4.19357e+47 4.19357e+47 0 0 2.89927e+49 1.86609e+44 4.64348e+42 0 0 1
0.0523299 3.1875e+47 3.1875e+47 3.1875e+47 3.1875e+47 3.1875e+47 0 0 3.3343e+49 1.61597e+44 4.64348e+42 0 0 1
0.0604296 2.42102e+47 2.42102e+47 2.42102e+47 2.42102e+47 2.42102e+47 0 0 3.83214e+49 1.39937e+44 4.64348e+42 0 0 1
0.0697831 1.8376e+47 1.8376e+47 1.8376e+47 1.8376e+47 1.8376e+47 0 0 4.40103e+49 1.21181e+44 4.64348e+42 0 0 1
0.0805842 1.39388e+47 1.39388e+47 1.39388e+47 1.39388e+47 1.39388e+47 0 0 5.05002e+49 1.04938e+44 4.64348e+42 0 0 1
0.0930572 1.05668e+47 1.05668e+47 1.05668e+47 1.05668e+47 1.05668e+47 0 0 5.78892e+49 9.08726e+43 4.64348e+42 0 0 1
0.107461 8.00606e+46 8.00606e+46 8.00606e+46 8.00606e+46 8.00606e+46 0 0 6.62823e+49 7.86924e+43 4.64348e+42 0 0 1
0.124094 6.06275e+46 6.06275e+46 6.06275e+46 6.06275e+46 6.06275e+46 0 0 7.57901e+49 6.81448e+43 4.64348e+42 0 0 1
0.143301 4.58892e+46 4.58892e+46 4.58892e+46 4.58892e+46 4.58892e+46 0 0 8.65262e+49 5.9011e+43 4.64348e+42 0 0 1
0.165482 3.47182e+46 3.47182e+46 3.47182e+46 3.47182e+46 3.47182e+46 0 0 9.86033e+49 5.11014e+43 4.64348e+42 0 0 1
0.191095 2.62558e+46 2.62558e+46 2.62558e+46 2.62558e+46 2.62558e+46 0 0 1.12128e+50 4.42519e+43 4.64348e+42 0 0 1
0.220673 1.98486e+46 1.98486e+46 1.98486e+46 1.98486e+46 1.98486e+46 0 0 1.27193e+50 3.83206e+43 4.64348e+42 0 0 1
0.25483 1.49997e+46 1.49997e+46 1.49997e+46 1.49998e+46 1.49998e+46 0 0 1.43867e+50 3.31842e+43 4.64348e+42 0 0 1
0.294273 1.13319e+46 1.13319e+46 1.13319e+46 1.13319e+46 1.13319e+46 0 0 1.6218e+50 2.87364e+43 4.64348e+42 0 0 1
0.339821 8.55853e+45 8.55853e+45 8.55853e+45 8.55853e+45 8.55853e+45 0 0 1.82103e+50 2.48846e+43 4.64348e+42 0 0 1
0.392419 6.46228e+45 6.46228e+45 6.46228e+45 6.46228e+45 6.46228e+45 0 0 2.03529e+50 2.15492e+43 4.64348e+42 0 0 1
0.453158 4.87836e+45 4.87836e+45 4.87836e+45 4.87836e+45 4.87836e+45 0 0 2.26243e+50 1.86608e+43 4.64348e+42 0 0 1
0.523299 3.68194e+45 3.68194e+45 3.68194e+45 3.68194e+45 3.68194e+45 0 0 2.49885e+50 1.61596e+43 4.64348e+42 0 0 1
0.604296 2.77845e+45 2.77845e+45 2.77845e+45 2.77845e+45 2.77845e+45 0 0 2.73918e+50 1.39936e+43 4.64348e+42 0 0 1
0.697831 2.09634e+45 2.09634e+45 2.09634e+45 2.09634e+45 2.09634e+45 0 0 2.97585e+50 1.21179e+43 4.64348e+42 0 0 1
0.805842 1.58148e+45 1.58148e+45 1.58148e+45 1.58148e+45 1.58148e+45 0 0 3.19878e+50 1.04937e+43 4.64348e+42 0 0 1
0.930572 1.19293e+45 1.19293e+45 1.19293e+45 1.19293e+45 1.19293e+45 0 0 3.39519e+50 9.08715e+42 4.64348e+42 0 0 1
1.07461 8.99752e+44 8.99752e+44 8.99752e+44 8.99752e+44 8.99752e+44 0 0 3.54965e+50 7.86913e+42 4.64348e+42 0 0 1
1.24094 6.78564e+44 6.78564e+44 6.78564e+44 6.78564e+44 6.78564e+44 0 0 3.64467e+50 6.81437e+42 4.64348e+42 0 0 1
1.43301 5.11708e+44 5.11708e+44 5.11708e+44 5.11708e+44 5.11708e+44 0 0 3.66201e+50 5.90098e+42 4.64348e+42 0 0 1
1.65482 3.85852e+44 3.85852e+44 3.85852e+44 3.85852e+44 3.85852e+44 0 0 3.58485e+50 5.11002e+42 4.64348e+42 0 0 1
1.91095 2.90929e+44 2.90929e+44 2.90929e+44 2.90929e+44 2.90929e+44 0 0 3.4011e+50 4.42508e+42 4.64348e+42 0 0 1
2.20673 2.19342e+44 2.19342e+44 2.19342e+44 2.19342e+44 2.19342e+44 0 0 3.10745e+50 3.83194e+42 4.64348e+42 0 0 1
2.5483 1.65358e+44 1.65358e+44 1.65358e+44 1.65358e+44 1.65358e+44 0 0 2.71349e+50 3.31831e+42 4.64348e+42 0 0 1
2.94273 1.24651e+44 1.24651e+44 1.24651e+44 1.24651e+44 1.24651e+44 0 0 2.24434e+50 2.87352e+42 4.64348e+42 0 0 1
3.39821 9.3958e+43 9.3958e+43 9.3958e+43 9.3958e+43 9.3958e+43 0 0 1.73987e+50 2.48835e+42 4.64348e+42 0 0 1
3.92419 7.08163e+43 7.08163e+43 7.08163e+43 7.08163e+43 7.08163e+43 0 0 1.24891e+50 2.15481e+42 4.64348e+42 0 0 1
4.53158 5.33693e+43 5.33693e+43 5.33693e+43 5.33693e+43 5.33693e+43 0 0 8.18628e+49 1.86597e+42 4.64348e+42 0 0 1
5.23299 4.02165e+43 4.02165e+43 4.02165e+43 4.02165e+43 4.02165e+43 0 0 4.82315e+49 1.61584e+42 4.64348e+42 0 0 1
6.04296 3.03017e+43 3.03017e+43 3.03017e+43 3.03017e+43 3.03017e+43 0 0 2.50907e+49 1.39925e+42 4.64348e+42 0 0 1
6.97831 2.28282e+43 2.28282e+43 2.28282e+43 2.28282e+43 2.28282e+43 0 0 1.12944e+49 1.21168e+42 4.64348e+42 0 0 1
8.05842 1.71955e+43 1.71955e+43 1.71955e+43 1.71955e+43 1.71955e+43 0 0 4.29947e+48 1.04926e+42 4.64348e+42 0 0 1
9.30572 1.29504e+43 1.29504e+43 1.29504e+43 1.29504e+43 1.29504e+43 0 0 1.34827e+48 9.08601e+41 4.64348e+42 0 0 1
10.7461 9.75151e+42 9.75151e+42 9.75151e+42 9.75151e+42 9.75151e+42 0 0 3.37958e+47 7.86799e+41 4.64348e+42 0 0 1
12.4094 7.34119e+42 7.34119e+42 7.34119e+42 7.34119e+42 7.34119e+42 0 0 6.54029e+46 6.81323e+41 4.64348e+42 0 0 1
14.3301 5.52531e+42 5.52531e+42 5.52531e+42 5.52531e+42 5.52531e+42 0 0 9.38825e+45 5.89984e+41 4.64348e+42 0 0 1
16.5482 4.15746e+42 4.15746e+42 4.15746e+42 4.15746e+42 4.15746e+42 0 0 9.54424e+44 5.10888e+41 4.64348e+42 0 0 1
19.1095 3.12729e+42 3.12729e+42 3.12729e+42 3.12729e+42 3.12729e+42 0 0 6.51443e+43 4.42394e+41 4.64348e+42 0 0 1
22.0673 2.35159e+42 2.35159e+42 2.35159e+42 2.35159e+42 2.35159e+42 0 0 2.80678e+42 3.83081e+41 4.64348e+42 0 0 1
25.483 1.76763e+42 1.76763e+42 1.76763e+42 1.76763e+42 1.76763e+42 0 0 7.10906e+40 3.31717e+41 4.64348e+42 0 0 1
29.4273 1.32814e+42 1.32814e+42 1.32814e+42 1.32814e+42 1.32814e+42 0 0 9.74932e+38 2.87238e+41 4.64348e+42 0 0 1
33.9821 9.9748e+41 9.9748e+41 9.9748e+41 9.9748e+41 9.9748e+41 0 0 6.58348e+36 2.48721e+41 4.64348e+42 0 0 1
39.2419 7.48778e+41 7.48778e+41 7.48778e+41 7.48778e+41 7.48778e+41 0 0 1.9617e+34 2.15367e+41 4.64348e+42 0 0 1
45.3158 5.61793e+41 5.61793e+41 5.61793e+41 5.61793e+41 5.61793e+41 0 0 2.27252e+31 1.86483e+41 4.64348e+42 0 0 1
52.3299 4.2127e+41 4.2127e+41 4.2127e+41 4.2127e+41 4.2127e+41 0 0 8.84255e+27 1.61471e+41 4.64348e+42 0 0 1
60.4296 3.15712e+41 3.15712e+41 3.15712e+41 3.15712e+41 3.15712e+41 0 0 9.7612e+23 1.39811e+41 4.64348e+42 0 0 1
69.7831 2.36459e+41 2.36459e+41 2.36459e+41 2.36459e+41 2.36459e+41 0 0 2.51535e+19 1.21054e+41 4.64348e+42 0 0 1
80.5842 1.76989e+41 1.76989e+41 1.76989e+41 1.76989e+41 1.76989e+41 0 0 1.20799e+14 1.04812e+41 4.64348e+42 0 0 1
93.0572 1.32388e+41 1.32388e+41 1.32388e+41 1.32388e+41 1.32388e+41 0 0 8.33625e+07 9.07462e+40 4.64348e+42 0 0 1
107.461 9.89605e+40 9.89605e+40 9.89605e+40 9.89605e+40 9.89605e+40 0 0 6.12213 7.8566e+40 4.64348e+42 0 0 1
124.094 7.39223e+40 7.39223e+40 7.39223e+40 7.39223e+40 7.39223e+40 0 0 3.38268e-08 6.80184e+40 4.64348e+42 0 0 1
143.301 5.51805e+40 5.51805e+40 5.51805e+40 5.51805e+40 5.51805e+40 0 0 9.42189e-18 5.88846e+40 4.64348e+42 0 0 1
165.482 4.11614e+40 4.11614e+40 4.11614e+40 4.11614e+40 4.11614e+40 0 0 8.33117e-29 5.0975e+40 4.64348e+42 0 0 1
191.095 3.06823e+40 3.06823e+40 3.06823e+40 3.06823e+40 3.06823e+40 0 0 1.37105e-41 4.41256e+40 4.64348e+42 0 0 1
220.673 2.2855e+40 2.2855e+40 2.2855e+40 2.2855e+40 2.2855e+40 0 0 2.26661e-56 3.81943e+40 4.64348e+42 0 0 1
254.83 1.70125e+40 1.70125e+40 1.70125e+40 1.70125e+40 1.70125e+40 0 0 1.84677e-73 3.3058e+40 4.64348e+42 0 0 1
294.273 1.26548e+40 1.26548e+40 1.26548e+40 1.26548e+40 1.26548e+40 0 0 3.25865e-93 2.86101e+40 4.64348e+42 0 0 1
339.821 9.40694e+39 9.40694e+39 9.40694e+39 9.40694e+39 9.40694e+39 0 0 4.8178e-116 2.47585e+40 4.64348e+42 0 0 1
392.419 6.98792e+39 6.98792e+39 6.98793e+39 6.98793e+39 6.98793e+39 0 0 1.99347e-142 2.14231e+40 4.64348e+42 0 0 1
453.158 5.18755e+39 5.18755e+39 5.18755e+39 5.18755e+39 5.18755e+39 0 0 6.50688e-173 1.85347e+40 4.64348e+42 0 0 1
523.299 3.84855e+39 3.84855e+39 3.84855e+39 3.84855e+39 3.84855e+39 0 0 3.88211e-208 1.60336e+40 4.64348e+42 0 0 1
604.296 2.85338e+39 2.85338e+39 2.85338e+39 2.85338e+39 2.85338e+39 0 0 7.82217e-249 1.38677e+40 4.64348e+42 0 0 1
697.831 2.11425e+39 2.11425e+39 2.11425e+39 2.11425e+39 2.11425e+39 0 0 0 1.19921e+40 4.64348e+42 0 0 1
805.842 1.56566e+39 1.56566e+39 1.56566e+39 1.56566e+39 1.56566e+39 0 0 0 1.03679e+40 4.64348e+42 0 0 1
930.572 1.15876e+39 1.15876e+39 1.15876e+39 1.15876e+39 1.15876e+39 0 0 0 8.96151e+39 4.64348e+42 0 0 1
1074.61 8.57125e+38 8.57125e+38 8.57126e+38 8.57126e+38 8.57126e+38 0 0 0 7.74363e+39 4.64348e+42 0 0 1
1240.94 6.33672e+38 6.33672e+38 6.33672e+38 6.33672e+38 6.33672e+38 0 0 0 6.68903e+39 4.64348e+42 0 0 1
1433.01 4.68231e+38 4.68231e+38 4.68231e+38 4.68231e+38 4.68231e+38 0 0 0 5.77582e+39 4.64348e+42 0 0 1
1654.82 3.45811e+38 3.45811e+38 3.45811e+38 3.45811e+38 3.45811e+38 0 0 0 4.98507e+39 4.64348e+42 0 0 1
1910.95 2.55276e+38 2.55276e+38 2.55276e+38 2.55276e+38 2.55276e+38 0 0 0 4.30036e+39 4.64348e+42 0 0 1
2206.73 1.88357e+38 1.88357e+38 1.88357e+38 1.88357e+38 1.88357e+38 0 0 0 3.7075e+39 4.64348e+42 0 0 1
2548.3 1.38919e+38 1.38919e+38 1.3892e+38 1.3892e+38 1.3892e+38 0 0 0 3.19419e+39 4.64348e+42 0 0 1
2942.73 1.02415e+38 1.02415e+38 1.02415e+38 1.02415e+38 1.02415e+38 0 0 0 2.74976e+39 4.64348e+42 0 0 1
3398.21 7.54721e+37 7.54721e+37 7.54722e+37 7.54722e+37 7.54722e+37 0 0 0 2.36501e+39 4.64348e+42 0 0 1
3924.19 5.55962e+37 5.55962e+37 5.55963e+37 5.55963e+37 5.55963e+37 0 0 0 2.03194e+39 4.64348e+42 0 0 1
4531.58 4.09399e+37 4.09399e+37 4.094e+37 4.094e+37 4.094e+37 0 0 0 1.74366e+39 4.64348e+42 0 0 1
5232.99 3.01371e+37 3.01371e+37 3.01372e+37 3.01372e+37 3.01372e+37 0 0 0 1.49417e+39 4.64348e+42 0 0 1
6042.96 2.21778e+37 2.21778e+37 2.21778e+37 2.21778e+37 2.21778e+37 0 0 0 1.2783e+39 4.64348e+42 0 0 1
6978.31 1.63157e+37 1.63157e+37 1.63158e+37 1.63158e+37 1.63158e+37 0 0 0 1.09156e+39 4.64348e+42 0 0 1
8058.42 1.19999e+37 1.19999e+37 1.2e+37 1.2e+37 1.2e+37 0 0 0 9.30088e+38 4.64348e+42 0 0 1
9305.72 8.8236e+36 8.8236e+36 8.82364e+36 8.82364e+36 8.82364e+36 0 0 0 7.90518e+38 4.64348e+42 0 0 1
10746.1 6.48664e+36 6.48664e+36 6.48667e+36 6.48667e+36 6.48667e+36 0 0 0 6.69953e+38 4.64348e+42 0 0 1
12409.4 4.76774e+36 4.76774e+36 4.76777e+36 4.76777e+36 4.76777e+36 0 0 0 5.65883e+38 4.64348e+42 0 0 1
14330.1 3.50379e+36 3.50379e+36 3.50381e+36 3.50381e+36 3.50381e+36 0 0 0 4.7614e+38 4.64348e+42 0 0 1
16548.2 2.5746e+36 2.5746e+36 2.57462e+36 2.57462e+36 2.57462e+36 0 0 0 3.9885e+38 4.64348e+42 0 0 1
19109.5 1.89166e+36 1.89166e+36 1.89168e+36 1.89168e+36 1.89168e+36 0 0 0 3.32393e+38 4.64348e+42 0 0 1
22067.3 1.38981e+36 1.38981e+36 1.38982e+36 1.38982e+36 1.38982e+36 0 0 0 2.75369e+38 4.64348e+42 0 0 1
25483 1.02109e+36 1.02109e+36 1.0211e+36 1.0211e+36 1.0211e+36 0 0 0 2.26569e+38 4.64348e+42 0 0 1
29427.3 7.50206e+35 7.50206e+35 7.50216e+35 7.50216e+35 7.50216e+35 0 0 0 1.84948e+38 4.64348e+42 0 0 1
33982.1 5.51224e+35 5.51224e+35 5.51232e+35 5.51232e+35 5.51232e+35 0 0 0 1.49598e+38 4.64348e+42 0 0 1
39241.9 4.05062e+35 4.05062e+35 4.05068e+35 4.05068e+35 4.05068e+35 0 0 0 1.19734e+38 4.64348e+42 0 0 1
45315.8 2.97699e+35 2.97699e+35 2.97704e+35 2.97704e+35 2.97704e+35 0 0 0 9.4671e+37 4.64348e+42 0 0 1
52329.9 2.18833e+35 2.18833e+35 2.18837e+35 2.18837e+35 2.18837e+35 0 0 0 7.38075e+37 4.64348e+42 0 0 1
60429.6 1.60896e+35 1.60896e+35 1.60899e+35 1.60899e+35 1.60899e+35 0 0 0 5.66141e+37 4.64348e+42 0 0 1
69783.1 1.18328e+35 1.18328e+35 1.18331e+35 1.18331e+35 1.18331e+35 0 0 0 4.26182e+37 4.64348e+42 0 0 1
80584.2 8.70485e+34 8.70485e+34 8.70507e+34 8.70507e+34 8.70507e+34 0 0 0 3.13942e+37 4.64348e+42 0 0 1
93057.2 6.40582e+34 6.40582e+34 6.406e+34 6.406e+34 6.406e+34 0 0 0 2.25545e+37 4.64348e+42 0 0 1
107461 4.71567e+34 4.71567e+34 4.71581e+34 4.71581e+34 4.71581e+34 0 0 0 1.5742e+37 4.64348e+42 0 0 1
124094 3.4728e+34 3.4728e+34 3.47291e+34 3.47291e+34 3.47291e+34 0 0 0 1.06265e+37 4.64348e+42 0 0 1
143301 2.55855e+34 2.55855e+34 2.55864e+34 2.55864e+34 2.55864e+34 0 0 0 6.90203e+36 4.64348e+42 0 0 1
165482 1.88582e+34 1.88582e+34 1.88588e+34 1.88588e+34 1.88588e+34 0 0 0 4.28775e+36 4.64348e+42 0 0 1
191095 1.39062e+34 1.39062e+34 1.39067e+34 1.39067e+34 1.39067e+34 0 0 0 2.53021e+36 4.64348e+42 0 0 1
220673 1.02597e+34 1.02597e+34 1.02601e+34 1.02601e+34 1.02601e+34 0 0 0 1.40702e+36 4.64348e+42 0 0 1
254830 7.57346e+33 7.57346e+33 7.57375e+33 7.57375e+33 7.57375e+33 0 0 0 7.30587e+35 4.64348e+42 0 0 1
294273 5.59373e+33 5.59373e+33 5.59395e+33 5.59395e+33 5.59395e+33 0 0 0 3.50479e+35 4.64348e+42 0 0 1
339821 4.13403e+33 4.13403e+33 4.13419e+33 4.13419e+33 4.13419e+33 0 0 0 1.53444e+35 4.64348e+42 0 0 1
392419 3.05725e+33 3.05725e+33 3.05737e+33 3.05737e+33 3.05737e+33 0 0 0 6.04489e+34 4.64348e+42 0 0 1
453158 2.26252e+33 2.26252e+33 2.26261e+33 2.26261e+33 2.26261e+33 0 0 0 2.10806e+34 4.64348e+42 0 0 1
523299 1.67564e+33 1.67564e+33 1.67571e+33 1.67571e+33 1.67571e+33 1.00116e+26 2.48414e+30 0 6.38613e+33 4.64348e+42 0 0 1
604296 1.242e+33 1.242e+33 1.24205e+33 1.24205e+33 1.24205e+33 1.54227e+26 2.49487e+30 0 1.64433e+33 4.64348e+42 0 0 1
697831 9.21378e+32 9.21378e+32 9.21415e+32 9.21415e+32 9.21415e+32 2.08337e+26 2.50559e+30 0 3.50923e+32 4.64348e+42 0 0 1
805842 6.84155e+32 6.84155e+32 6.84182e+32 6.84182e+32 6.84182e+32 2.62447e+26 2.51632e+30 0 6.02951e+31 4.64348e+42 0 0 1
930572 5.08507e+32 5.08507e+32 5.08527e+32 5.08527e+32 5.08527e+32 3.16558e+26 2.52704e+30 0 8.06547e+30 4.64348e+42 0 0 1
1.07461e+06 3.78346e+32 3.78346e+32 3.7836e+32 3.7836e+32 3.7836e+32 4.0086e+26 2.53938e+30 0 8.08027e+29 4.64348e+42 0 0 1
1.24094e+06 2.81808e+32 2.81808e+32 2.81818e+32 2.81818e+32 2.81818e+32 5.37818e+26 2.54275e+30 0 5.79745e+28 4.64348e+42 0 0 1
1.43301e+06 2.10141e+32 2.10141e+32 2.10149e+32 2.10149e+32 2.10149e+32 7.1816e+26 2.54706e+30 0 2.82893e+27 4.64348e+42 0 0 1
1.65482e+06 1.56885e+32 1.56885e+32 1.56891e+32 1.56891e+32 1.56891e+32 9.56494e+26 2.55262e+30 0 8.84435e+25 4.64348e+42 0 0 1
1.91095e+06 1.17269e+32 1.17269e+32 1.17272e+32 1.17272e+32 1.17272e+32 1.29704e+27 2.56033e+30 0 1.65365e+24 4.64348e+42 0 0 1
2.20673e+06 8.77652e+31 8.77652e+31 8.77679e+31 8.77679e+31 8.77679e+31 1.73386e+27 2.57033e+30 0 1.70765e+22 4.64348e+42 0 0 1
2.5483e+06 6.57675e+31 6.57675e+31 6.57695e+31 6.57695e+31 6.57695e+31 2.30757e+27 2.58347e+30 0 8.88428e+19 4.64348e+42 0 0 1
2.94273e+06 4.93459e+31 4.93459e+31 4.93473e+31 4.93473e+31 4.93473e+31 3.06869e+27 2.60072e+30 0 2.09427e+17 4.64348e+42 0 0 1
3.39821e+06 3.70714e+31 3.70714e+31 3.70724e+31 3.70724e+31 3.70724e+31 4.16533e+27 2.62479e+30 0 1.97885e+14 4.64348e+42 0 0 1
3.92419e+06 2.78846e+31 2.78846e+31 2.78853e+31 2.78853e+31 2.78853e+31 5.59646e+27 2.65602e+30 0 6.50594e+10 4.64348e+42 0 0 1
4.53158e+06 2.1e+31 2.1e+31 2.10005e+31 2.10005e+31 2.10005e+31 7.52555e+27 2.69629e+30 0 6.32061e+06 4.64348e+42 0 0 1
5.23299e+06 1.5834e+31 1.5834e+31 1.58343e+31 1.58343e+31 1.58343e+31 1.00989e+28 2.74721e+30 0 150.249 4.64348e+42 0 0 1
6.04296e+06 1.19532e+31 1.19532e+31 1.19534e+31 1.19534e+31 1.19534e+31 1.37374e+28 2.81473e+30 0 0.000702803 4.64348e+42 0 0 1
6.97831e+06 9.03479e+30 9.03479e+30 9.03496e+30 9.03496e+30 9.03496e+30 1.84413e+28 2.89434e+30 0 5.02973e-10 4.64348e+42 0 0 1
8.05842e+06 6.83847e+30 6.83847e+30 6.83859e+30 6.83859e+30 6.83859e+30 2.45741e+28 2.98839e+30 0 4.1186e-17 4.64348e+42 0 0 1
9.30572e+06 5.18514e+30 5.18514e+30 5.18523e+30 5.18523e+30 5.18523e+30 3.26284e+28 3.09495e+30 0 2.7588e-25 4.64348e+42 0 0 1
1.07461e+07 3.94142e+30 3.94142e+30 3.94148e+30 3.94148e+30 3.94148e+30 4.34406e+28 3.22261e+30 0 1.02606e-34 4.64348e+42 0 0 1
1.24094e+07 3.00643e+30 3.00643e+30 3.00647e+30 3.00647e+30 3.00647e+30 5.66288e+28 3.34805e+30 0 1.35448e-45 4.64348e+42 0 0 1
1.43301e+07 2.3051e+30 2.3051e+30 2.30513e+30 2.30513e+30 2.30513e+30 7.24864e+28 3.47058e+30 0 3.7854e-58 4.64348e+42 0 0 1
1.65482e+07 1.78094e+30 1.78094e+30 1.78096e+30 1.78096e+30 1.78096e+30 9.11158e+28 3.58435e+30 0 1.23323e-72 4.64348e+42 0 0 1
1.91095e+07 1.39215e+30 1.39215e+30 1.39217e+30 1.39217e+30 1.39217e+30 1.13308e+29 3.68242e+30 0 2.35133e-89 4.64348e+42 0 0 1
2.20673e+07 1.1045e+30 1.1045e+30 1.10451e+30 1.10451e+30 1.10451e+30 1.36908e+29 3.76702e+30 0 1.18398e-108 4.64348e+42 0 0 1
2.5483e+07 8.94171e+29 8.94171e+29 8.94181e+29 8.94181e+29 8.94181e+29 1.62341e+29 3.82638e+30 0 6.28157e-131 4.64348e+42 0 0 1
2.94273e+07 7.40898e+29 7.40898e+29 7.40906e+29 7.40906e+29 7.40906e+29 1.87627e+29 3.82713e+30 0 1.21522e-156 4.64348e+42 0 0 1
3.39821e+07 6.30264e+29 6.30264e+29 6.30271e+29 6.30271e+29 6.30271e+29 2.12206e+29 3.75877e+30 0 2.51736e-186 4.64348e+42 0 0 1
3.92419e+07 5.48854e+29 5.48854e+29 5.48859e+29 5.48859e+29 5.48859e+29 2.33151e+29 3.61946e+30 0 1.35645e-220 4.64348e+42 0 0 1
4.53158e+07 4.89575e+29 4.89575e+29 4.89579e+29 4.89579e+29 4.89579e+29 2.51323e+29 3.43371e+30 0 3.71007e-260 4.64348e+42 0 0 1
5.23299e+07 4.45309e+29 4.45309e+29 4.45313e+29 4.45313e+29 4.45313e+29 2.65635e+29 3.21954e+30 0 0 4.64348e+42 0 0 1
6.04296e+07 4.09243e+29 4.09243e+29 4.09247e+29 4.09247e+29 4.09247e+29 2.7385e+29 2.95585e+30 0 0 4.64348e+42 0 0 1
6.97831e+07 3.77275e+29 3.77275e+29 3.77278e+29 3.77278e+29 3.77278e+29 2.75333e+29 2.64852e+30 0 0 4.64348e+42 0 0 1
8.05842e+07 3.4736e+29 3.4736e+29 3.47363e+29 3.47363e+29 3.47363e+29 2.70673e+29 2.30267e+30 0 0 4.64348e+42 0 0 1
9.30572e+07 3.17669e+29 3.17669e+29 3.17672e+29 3.17672e+29 3.17672e+29 2.60035e+29 1.93039e+30 0 0 4.64348e+42 0 0 1
1.07461e+08 2.86712e+29 2.86712e+29 2.86715e+29 2.86715e+29 2.86715e+29 2.43442e+29 1.55279e+30 0 0 4.64348e+42 4.754 0 1
1.24094e+08 2.56579e+29 2.56579e+29 2.56582e+29 2.56582e+29 2.56582e+29 2.24129e+29 1.2291e+30 0 0 4.64348e+42 4.17647 0 1
1.43301e+08 2.26283e+29 2.26283e+29 2.26285e+29 2.26285e+29 2.26285e+29 2.01977e+29 9.55642e+29 0 0 4.64348e+42 3.6691 0 1
1.65482e+08 1.9591e+29 1.9591e+29 1.95912e+29 1.95912e+29 1.95912e+29 1.77727e+29 7.31207e+29 0 0 4.64348e+42 3.22337 0 1
1.91095e+08 1.64658e+29 1.64658e+29 1.64659e+29 1.64659e+29 1.64659e+29 1.51072e+29 5.45161e+29 0 0 4.64348e+42 2.83178 0 1
2.20673e+08 1.36706e+29 1.36706e+29 1.36707e+29 1.36707e+29 1.36707e+29 1.26568e+29 4.0858e+29 0 0 4.64348e+42 2.48777 0 1
2.5483e+08 1.11443e+29 1.11443e+29 1.11444e+29 1.11444e+29 1.11444e+29 1.03887e+29 3.0277e+29 0 0 4.64348e+42 2.18554 0 1
2.94273e+08 8.9151e+28 8.9151e+28 8.91517e+28 8.91517e+28 8.91517e+28 8.35248e+28 2.21885e+29 0 0 4.64348e+42 1.92004 0 1
3.39821e+08 6.92844e+28 6.92844e+28 6.9285e+28 6.9285e+28 6.9285e+28 6.50986e+28 1.59723e+29 0 0 4.64348e+42 1.7612 0 1
3.92419e+08 5.36711e+28 5.36711e+28 5.36716e+28 5.36716e+28 5.36716e+28 5.05593e+28 1.16855e+29 0 0 4.64348e+42 1.68678 0 1
4.53158e+08 4.09834e+28 4.09834e+28 4.09838e+28 4.09838e+28 4.09838e+28 3.86719e+28 8.50989e+28 0 0 4.64348e+42 1.61551 0 1
5.23299e+08 3.07872e+28 3.07872e+28 3.07875e+28 3.07875e+28 3.07875e+28 2.90716e+28 6.17152e+28 0 0 4.64348e+42 1.54725 0 1
6.04296e+08 2.28359e+28 2.28359e+28 2.28361e+28 2.28361e+28 2.28361e+28 2.15641e+28 4.42848e+28 0 0 4.64348e+42 1.48187 0 1
6.97831e+08 1.71446e+28 1.71446e+28 1.71448e+28 1.71448e+28 1.71448e+28 1.62031e+28 3.24333e+28 0 0 4.64348e+42 1.41925 0 1
8.05842e+08 1.27978e+28 1.27978e+28 1.2798e+28 1.2798e+28 1.2798e+28 1.21019e+28 2.37139e+28 0 0 4.64348e+42 1.35928 0 1
9.30572e+08 9.48714e+27 9.48714e+27 9.48723e+27 9.48723e+27 9.48723e+27 8.97359e+27 1.72971e+28 0 0 4.64348e+42 1.30185 0 1
1.07461e+09 6.94351e+27 6.94351e+27 6.94359e+27 6.94359e+27 6.94359e+27 6.56519e+27 1.24381e+28 0 0 4.64348e+42 1.30654 0 1
1.24094e+09 5.19089e+27 5.19089e+27 5.19094e+27 5.19094e+27 5.19094e+27 4.91263e+27 9.1513e+27 0 0 4.64348e+42 1.37403 0 1
1.43301e+09 3.88588e+27 3.88588e+27 3.88592e+27 3.88592e+27 3.88592e+27 3.68154e+27 6.715e+27 0 0 4.64348e+42 1.44501 0 1
1.65482e+09 2.89979e+27 2.89979e+27 2.89982e+27 2.89982e+27 2.89982e+27 2.74998e+27 4.91245e+27 0 0 4.64348e+42 1.51966 0 1
1.91095e+09 2.1383e+27 2.1383e+27 2.13832e+27 2.13832e+27 2.13832e+27 2.02865e+27 3.53488e+27 0 0 4.64348e+42 1.59817 0 1
2.20673e+09 1.60858e+27 1.60858e+27 1.6086e+27 1.6086e+27 1.6086e+27 1.52848e+27 2.60644e+27 0 0 4.64348e+42 1.68073 0 1
2.5483e+09 1.20662e+27 1.20662e+27 1.20663e+27 1.20663e+27 1.20663e+27 1.14821e+27 1.91651e+27 0 0 4.64348e+42 1.76755 0 1
2.94273e+09 9.00953e+26 9.00953e+26 9.00963e+26 9.00963e+26 9.00963e+26 8.58455e+26 1.40471e+27 0 0 4.64348e+42 1.85886 0 1
3.39821e+09 6.61211e+26 6.61211e+26 6.61219e+26 6.61219e+26 6.61219e+26 6.30352e+26 1.0127e+27 0 0 4.64348e+42 1.95489 0 1
3.92419e+09 4.95862e+26 4.95862e+26 4.95868e+26 4.95868e+26 4.95868e+26 4.73503e+26 7.47235e+26 0 0 4.64348e+42 2.05588 0 1
4.53158e+09 3.70679e+26 3.70679e+26 3.70683e+26 3.70683e+26 3.70683e+26 3.54514e+26 5.49389e+26 0 0 4.64348e+42 2.16208 0 1
5.23299e+09 2.76161e+26 2.76161e+26 2.76165e+26 2.76165e+26 2.76165e+26 2.64502e+26 4.02281e+26 0 0 4.64348e+42 2.27377 0 1
6.04296e+09 2.01794e+26 2.01794e+26 2.01796e+26 2.01796e+26 2.01796e+26 1.93404e+26 2.89969e+26 0 0 4.64348e+42 2.39123 0 1
6.97831e+09 1.51024e+26 1.51024e+26 1.51026e+26 1.51026e+26 1.51026e+26 1.45002e+26 2.13721e+26 0 0 4.64348e+42 2.51476 0 1
8.05842e+09 1.12665e+26 1.12665e+26 1.12666e+26 1.12666e+26 1.12666e+26 1.08354e+26 1.57089e+26 0 0 4.64348e+42 2.64467 0 1
9.30572e+09 8.3534e+25 8.3534e+25 8.35351e+25 8.35351e+25 8.35351e+25 8.04565e+25 1.1514e+26 0 0 4.64348e+42 2.78129 0 1
1.07461e+10 6.0886e+25 6.0886e+25 6.08868e+25 6.08868e+25 6.08868e+25 5.86953e+25 8.32514e+25 0 0 4.64348e+42 3.12066 0 1
1.24094e+10 4.52162e+25 4.52162e+25 4.52168e+25 4.52168e+25 4.52168e+25 4.36616e+25 6.15617e+25 0 0 4.64348e+42 3.7357 0 1
1.43301e+10 3.33802e+25 3.33802e+25 3.33807e+25 3.33807e+25 3.33807e+25 3.22805e+25 4.54083e+25 0 0 4.64348e+42 4.47195 0 1
1.65482e+10 2.45671e+25 2.45671e+25 2.45675e+25 2.45675e+25 2.45675e+25 2.37918e+25 3.33902e+25 0 0 4.64348e+42 5.35331 0 1
1.91095e+10 1.77508e+25 1.77508e+25 1.77511e+25 1.77511e+25 1.77511e+25 1.7206e+25 2.41435e+25 0 0 4.64348e+42 6.40836 0 1
2.20673e+10 1.31118e+25 1.31118e+25 1.3112e+25 1.3112e+25 1.3112e+25 1.27304e+25 1.78636e+25 0 0 4.64348e+42 7.67135 34.7254 1
2.5483e+10 9.653e+24 9.653e+24 9.65315e+24 9.65315e+24 9.65315e+24 9.38713e+24 1.3173e+25 0 0 4.64348e+42 9.18326 22.9578 1
2.94273e+10 7.0858e+24 7.0858e+24 7.08591e+24 7.08591e+24 7.08591e+24 6.90134e+24 9.67998e+24 0 0 4.64348e+42 10.9931 15.5417 1
3.39821e+10 5.10553e+24 5.10553e+24 5.10562e+24 5.10562e+24 5.10562e+24 4.97837e+24 6.98334e+24 0 0 4.64348e+42 13.1597 10.7604 1
3.92419e+10 3.77543e+24 3.77543e+24 3.77549e+24 3.77549e+24 3.77549e+24 3.68872e+24 5.16662e+24 0 0 4.64348e+42 15.7533 7.61059 1
4.53158e+10 2.78497e+24 2.78497e+24 2.78502e+24 2.78502e+24 2.78502e+24 2.72705e+24 3.81286e+24 0 0 4.64348e+42 18.8581 5.49245 1
5.23299e+10 2.04987e+24 2.04987e+24 2.0499e+24 2.0499e+24 2.0499e+24 2.01271e+24 2.80574e+24 0 0 4.64348e+42 22.5747 4.04008 1
6.04296e+10 1.48284e+24 1.48284e+24 1.48287e+24 1.48287e+24 1.48287e+24 1.46076e+24 2.02656e+24 0 0 4.64348e+42 27.0238 3.02568 1
6.97831e+10 1.09896e+24 1.09896e+24 1.09898e+24 1.09898e+24 1.09898e+24 1.088e+24 1.50264e+24 0 0 4.64348e+42 32.3498 2.3047 1
8.05842e+10 8.11067e+23 8.11067e+23 8.11082e+23 8.11082e+23 8.11082e+23 8.08133e+23 1.11144e+24 0 0 4.64348e+42 38.7255 1.78376 1
9.30572e+10 5.95946e+23 5.95946e+23 5.95958e+23 5.95958e+23 5.95958e+23 5.98557e+23 8.19632e+23 0 0 4.64348e+42 46.3577 1.40144 1
1.07461e+11 4.28948e+23 4.28948e+23 4.28957e+23 4.28957e+23 4.28957e+23 4.34889e+23 5.92666e+23 0 0 4.64348e+42 55.4941 1.11671 1
1.24094e+11 3.15752e+23 3.15752e+23 3.15759e+23 3.15759e+23 3.15759e+23 3.23698e+23 4.39838e+23 0 0 4.64348e+42 66.4312 0.901709 1
1.43301e+11 2.31377e+23 2.31377e+23 2.31383e+23 2.31383e+23 2.31383e+23 2.40077e+23 3.25454e+23 0 0 4.64348e+42 79.5238 0.737233 1
1.65482e+11 1.68794e+23 1.68794e+23 1.68798e+23 1.68798e+23 1.68798e+23 1.77347e+23 2.39976e+23 0 0 4.64348e+42 95.1967 0.609868 1
1.91095e+11 1.2074e+23 1.2074e+23 1.20743e+23 1.20743e+23 1.20743e+23 1.28431e+23 1.73342e+23 0 0 4.64348e+42 113.959 0.510106 1
2.20673e+11 8.85676e+22 8.85676e+22 8.85704e+22 8.85704e+22 8.85704e+22 9.53438e+22 1.28522e+23 0 0 4.64348e+42 136.418 0.431129 1
2.5483e+11 6.48155e+22 6.48155e+22 6.48176e+22 6.48176e+22 6.48176e+22 7.05401e+22 9.49853e+22 0 0 4.64348e+42 163.304 0.367983 1
2.94273e+11 4.73328e+22 4.73328e+22 4.73344e+22 4.73344e+22 4.73344e+22 5.20061e+22 6.99409e+22 0 0 4.64348e+42 195.489 0.317029 1
3.39821e+11 3.39538e+22 3.39538e+22 3.3955e+22 3.3955e+22 3.3955e+22 3.75995e+22 5.04228e+22 0 0 4.64348e+42 0 0.275565 1
3.92419e+11 2.50214e+22 2.50214e+22 2.50223e+22 2.50223e+22 2.50223e+22 2.7881e+22 3.73218e+22 0 0 4.64348e+42 0 0.241562 1
4.53158e+11 1.84091e+22 1.84091e+22 1.84098e+22 1.84098e+22 1.84098e+22 2.06044e+22 2.75302e+22 0 0 4.64348e+42 0 0.213483 1
5.23299e+11 1.35186e+22 1.35186e+22 1.35191e+22 1.35191e+22 1.35191e+22 1.5172e+22 2.02276e+22 0 0 4.64348e+42 0 0.190154 1
6.04296e+11 9.74475e+21 9.74476e+21 9.74513e+21 9.74513e+21 9.74513e+21 1.09485e+22 1.45413e+22 0 0 4.64348e+42 0 0.170669 1
6.97831e+11 7.21646e+21 7.21647e+21 7.21674e+21 7.21674e+21 7.21674e+21 8.10555e+21 1.07354e+22 0 0 4.64348e+42 0 0.154323 1
8.05842e+11 5.33181e+21 5.33181e+21 5.33201e+21 5.33201e+21 5.33201e+21 5.97931e+21 7.89624e+21 0 0 4.64348e+42 0 0.140565 1
9.30572e+11 3.92861e+21 3.92861e+21 3.92876e+21 3.92876e+21 3.92876e+21 4.39404e+21 5.78315e+21 0 0 4.64348e+42 0 0.12896 1
1.07461e+12 2.83723e+21 2.83723e+21 2.83734e+21 2.83734e+21 2.83734e+21 3.16209e+21 4.1403e+21 0 0 4.64348e+42 0 0.119166 1
1.24094e+12 2.10423e+21 2.10423e+21 2.10431e+21 2.10431e+21 2.10431e+21 2.33525e+21 3.04525e+21 0 0 4.64348e+42 0 0.110908 1
1.43301e+12 1.55544e+21 1.55544e+21 1.5555e+21 1.5555e+21 1.5555e+21 1.71799e+21 2.23064e+21 0 0 4.64348e+42 0 0.103969 1
1.65482e+12 1.14548e+21 1.14548e+21 1.14552e+21 1.14552e+21 1.14552e+21 1.25868e+21 1.62623e+21 0 0 4.64348e+42 0 0.098177 1
1.91095e+12 8.25506e+20 8.25506e+20 8.25536e+20 8.25536e+20 8.25536e+20 9.02196e+20 1.15747e+21 0 0 4.64348e+42 0 0.0933933 1
2.20673e+12 6.10817e+20 6.10818e+20 6.10839e+20 6.10839e+20 6.10839e+20 6.63889e+20 8.46843e+20 0 0 4.64348e+42 0 0.0895108 1
2.5483e+12 4.50071e+20 4.50071e+20 4.50086e+20 4.50086e+20 4.50086e+20 4.86472e+20 6.16715e+20 0 0 4.64348e+42 0 0.0864461 1
2.94273e+12 3.30112e+20 3.30112e+20 3.30123e+20 3.30123e+20 3.30123e+20 3.54859e+20 4.46743e+20 0 0 4.64348e+42 0 0.0841374 1
3.39821e+12 2.36541e+20 2.36541e+20 2.36549e+20 2.36549e+20 2.36549e+20 2.52914e+20 3.1537e+20 0 0 4.64348e+42 0 0.082541 1
3.92419e+12 1.74074e+20 1.74074e+20 1.7408e+20 1.7408e+20 1.7408e+20 1.85161e+20 2.29052e+20 0 0 4.64348e+42 0 0.08163 1
4.53158e+12 1.27471e+20 1.27472e+20 1.27476e+20 1.27476e+20 1.27476e+20 1.34919e+20 1.65476e+20 0 0 4.64348e+42 0 0.0813928 1
5.23299e+12 9.28498e+19 9.28499e+19 9.28529e+19 9.28529e+19 9.28529e+19 9.7812e+19 1.18819e+20 0 0 4.64348e+42 0 0.0818329 1
6.04296e+12 6.59435e+19 6.59435e+19 6.59456e+19 6.59456e+19 6.59456e+19 6.91587e+19 8.29335e+19 0 0 4.64348e+42 0 0.0829683 1
6.97831e+12 4.81358e+19 4.81359e+19 4.81374e+19 4.81374e+19 4.81374e+19 5.0272e+19 5.96346e+19 0 0 4.64348e+42 0 0.0848322 1
8.05842e+12 3.49381e+19 3.49381e+19 3.49392e+19 3.49392e+19 3.49392e+19 3.63463e+19 4.26147e+19 0 0 4.64348e+42 0 0.0874729 1
9.30572e+12 2.52044e+19 2.52044e+19 2.52052e+19 2.52052e+19 2.52052e+19 2.61252e+19 3.02358e+19 0 0 4.64348e+42 0 0.0909553 1
1.07461e+13 1.7684e+19 1.7684e+19 1.76846e+19 1.76846e+19 1.76846e+19 1.82686e+19 2.07792e+19 0 0 4.64348e+42 0 0.0953611 1
1.24094e+13 1.27688e+19 1.27688e+19 1.27692e+19 1.27692e+19 1.27692e+19 1.31501e+19 1.47411e+19 0 0 4.64348e+42 0 0.10079 1
1.43301e+13 9.15947e+18 9.15948e+18 9.15975e+18 9.15975e+18 9.15975e+18 9.40615e+18 1.03803e+19 0 0 4.64348e+42 0 0.10736 1
1.65482e+13 6.52382e+18 6.52382e+18 6.52402e+18 6.52402e+18 6.52402e+18 6.68206e+18 7.24748e+18 0 0 4.64348e+42 0 0.115206 1
1.91095e+13 4.50371e+18 4.50372e+18 4.50386e+18 4.50386e+18 4.50386e+18 4.60197e+18 4.87671e+18 0 0 4.64348e+42 0 0.12448 1
2.20673e+13 3.20576e+18 3.20577e+18 3.20586e+18 3.20586e+18 3.20586e+18 3.26859e+18 3.3975e+18 0 0 4.64348e+42 0 0.135345 1
2.5483e+13 2.26431e+18 2.26432e+18 2.26438e+18 2.26438e+18 2.26438e+18 2.30413e+18 2.34577e+18 0 0 4.64348e+42 0 0.147968 1
2.94273e+13 1.58597e+18 1.58597e+18 1.58602e+18 1.58602e+18 1.58602e+18 1.61097e+18 1.60299e+18 0 0 4.64348e+42 0 0.162507 1
3.39821e+13 1.07136e+18 1.07137e+18 1.0714e+18 1.0714e+18 1.0714e+18 1.08649e+18 1.04807e+18 0 0 4.64348e+42 0 0.179093 1
3.92419e+13 7.48388e+17 7.48394e+17 7.48416e+17 7.48416e+17 7.48416e+17 7.57846e+17 7.12717e+17 0 0 4.64348e+42 0 0.197804 1
4.53158e+13 5.17927e+17 5.17933e+17 5.17948e+17 5.17948e+17 5.17948e+17 5.23781e+17 4.79334e+17 0 0 4.64348e+42 0 0.218621 1
5.23299e+13 3.54811e+17 3.54816e+17 3.54827e+17 3.54827e+17 3.54827e+17 3.58395e+17 3.18299e+17 0 0 4.64348e+42 0 0.241387 1
6.04296e+13 2.32751e+17 2.32755e+17 2.32762e+17 2.32762e+17 2.32762e+17 2.34851e+17 2.00107e+17 0 0 4.64348e+42 0 0.265741 1
6.97831e+13 1.58567e+17 1.58571e+17 1.58575e+17 1.58575e+17 1.58575e+17 1.59845e+17 1.31758e+17 0 0 4.64348e+42 0 0.291055 1
8.05842e+13 1.06792e+17 1.06795e+17 1.06798e+17 1.06798e+17 1.06798e+17 1.0756e+17 8.55667e+16 0 0 4.64348e+42 0 0.316368 1
9.30572e+13 7.10229e+16 7.10252e+16 7.10273e+16 7.10273e+16 7.10273e+16 7.14786e+16 5.4692e+16 0 0 4.64348e+42 0 0.340344 1
1.07461e+14 4.47492e+16 4.4751e+16 4.47524e+16 4.47524e+16 4.47524e+16 4.50055e+16 3.25777e+16 0 0 4.64348e+42 0 0 1
1.24094e+14 2.94776e+16 2.94792e+16 2.94801e+16 2.94801e+16 2.94801e+16 2.96286e+16 2.05468e+16 0 0 4.64348e+42 0 0 1
1.43301e+14 1.9137e+16 1.91389e+16 1.91395e+16 1.91395e+16 1.91395e+16 1.92253e+16 1.2736e+16 0 0 4.64348e+42 0 0 1
1.65482e+14 1.22265e+16 1.2229e+16 1.22294e+16 1.22294e+16 1.22294e+16 1.22782e+16 7.73689e+15 0 0 4.64348e+42 0 0 1
1.91095e+14 7.28036e+15 7.28349e+15 7.28372e+15 7.28372e+15 7.28372e+15 7.30955e+15 4.27571e+15 0 0 4.64348e+42 0 0 1
2.20673e+14 4.57923e+15 4.58309e+15 4.58323e+15 4.58323e+15 4.58323e+15 4.59769e+15 2.54596e+15 0 0 4.64348e+42 0 0 1
2.5483e+14 2.8258e+15 2.83012e+15 2.83021e+15 2.83021e+15 2.83021e+15 2.83816e+15 1.48305e+15 0 0 4.64348e+42 0 0 1
2.94273e+14 1.70781e+15 1.7122e+15 1.71225e+15 1.71225e+15 1.71225e+15 1.71653e+15 8.42001e+14 0 0 4.64348e+42 0 0 1
3.39821e+14 9.37216e+14 9.40968e+14 9.40999e+14 9.40999e+14 9.40999e+14 9.43092e+14 4.18665e+14 0 0 4.64348e+42 0 0 1
3.92419e+14 5.52576e+14 5.55807e+14 5.55825e+14 5.55825e+14 5.55825e+14 5.56927e+14 2.30827e+14 0 0 4.64348e+42 0 0 1
4.53158e+14 3.17655e+14 3.20215e+14 3.20225e+14 3.20225e+14 3.20225e+14 3.20792e+14 1.23779e+14 0 0 4.64348e+42 0 0 1
5.23299e+14 1.77743e+14 1.7962e+14 1.79626e+14 1.79626e+14 1.79626e+14 1.7991e+14 6.42381e+13 0 0 4.64348e+42 0 0 1
6.04296e+14 8.65904e+13 8.77373e+13 8.77402e+13 8.77402e+13 8.77402e+13 8.78644e+13 2.74527e+13 0 0 4.64348e+42 0 0 1
6.97831e+14 4.66713e+13 4.7417e+13 4.74186e+13 4.74186e+13 4.74186e+13 4.74788e+13 1.36494e+13 0 0 4.64348e+42 0 0 1
8.05842e+14 2.43162e+13 2.47693e+13 2.47701e+13 2.47701e+13 2.47701e+13 2.47984e+13 6.55434e+12 0 0 4.64348e+42 0 0 1
9.30572e+14 1.22337e+13 1.24918e+13 1.24923e+13 1.24923e+13 1.24923e+13 1.25052e+13 3.01968e+12 0 0 4.64348e+42 0 0 1
1.07461e+15 4.99198e+12 5.10815e+12 5.10832e+12 5.10832e+12 5.10832e+12 5.11311e+12 1.03308e+12 0 0 4.64348e+42 0 0 1
1.24094e+15 2.37064e+12 2.43011e+12 2.43019e+12 2.43019e+12 2.43019e+12 2.43227e+12 4.46237e+11 0 0 4.64348e+42 0 0 1
1.43301e+15 1.07284e+12 1.10126e+12 1.1013e+12 1.1013e+12 1.1013e+12 1.10216e+12 1.84673e+11 0 0 4.64348e+42 0 0 1
1.65482e+15 4.63258e+11 4.75994e+11 4.7601e+11 4.7601e+11 4.7601e+11 4.76355e+11 7.26424e+10 0 0 4.64348e+42 0 0 1
1.91095e+15 1.43989e+11 1.48031e+11 1.48036e+11 1.48036e+11 1.48036e+11 1.48135e+11 1.76577e+10 0 0 4.64348e+42 0 0 1
2.20673e+15 5.67648e+10 5.83691e+10 5.83711e+10 5.83711e+10 5.83711e+10 5.8408e+10 6.24746e+09 0 0 4.64348e+42 0 0 1
2.5483e+15 2.0758e+10 2.13413e+10 2.1342e+10 2.1342e+10 2.1342e+10 2.13548e+10 2.10043e+09 0 0 4.64348e+42 0 0 1
2.94273e+15 7.06257e+09 7.25767e+09 7.25793e+09 7.25793e+09 7.25793e+09 7.26208e+09 6.70614e+08 0 0 4.64348e+42 0 0 1
3.39821e+15 1.44262e+09 1.48141e+09 1.48147e+09 1.48147e+09 1.48147e+09 1.48228e+09 9.38705e+07 0 0 4.64348e+42 0 0 1
3.92419e+15 4.28154e+08 4.39261e+08 4.39277e+08 4.39277e+08 4.39277e+08 4.39513e+08 2.4478e+07 0 0 4.64348e+42 0 0 1
4.53158e+15 1.11951e+08 1.1473e+08 1.14734e+08 1.14734e+08 1.14734e+08 1.14795e+08 5.94868e+06 0 0 4.64348e+42 0 0 1
5.23299e+15 2.52825e+07 2.5879e+07 2.588e+07 2.588e+07 2.588e+07 2.58936e+07 1.39956e+06 0 0 4.64348e+42 0 0 1
6.04296e+15 2.70498e+06 2.76525e+06 2.76535e+06 2.76535e+06 2.76535e+06 2.76681e+06 85658.3 0 0 4.64348e+42 0 0 1
6.97831e+15 507268 517879 517898 517898 517898 518176 13635.4 0 0 4.64348e+42 0 0 1
8.05842e+15 76984.8 78488.9 78491.9 78491.9 78491.9 78534.7 1877.05 0 0 4.64348e+42 0 0 1
9.30572e+15 8659.42 8816.74 8817.07 8817.07 8817.07 8822 252.39 0 0 4.64348e+42 0 0 1
1.07461e+16 317.329 322.667 322.679 322.679 322.679 322.866 5.07013 0 0 4.64348e+42 0 0 1
1.24094e+16 27.1124 27.5331 27.5342 27.5342 27.5342 27.5506 0.355997 0 0 4.64348e+42 0 0 1
1.43301e+16 1.60355 1.62643 1.62649 1.62649 1.62649 1.6275 0.0178789 0 0 4.64348e+42 0 0 1
1.65482e+16 0.059916 0.0606993 0.0607017 0.0607017 0.0607017 0.0607409 0.000751973 0 0 4.64348e+42 0 0 1
1.91095e+16 0.00035719 0.000361458 0.000361472 0.000361472 0.000361472 0.000361716 3.08684e-06 0 0 4.64348e+42 0 0 1
2.20673e+16 7.77113e-06 7.8558e-06 7.85611e-06 7.85611e-06 7.85611e-06 7.86163e-06 5.57827e-08 0 0 4.64348e+42 0 0 1
2.5483e+16 8.00364e-08 8.08296e-08 8.08328e-08 8.08328e-08 8.08328e-08 8.08922e-08 5.15781e-10 0 0 4.64348e+42 0 0 1
2.94273e+16 3.77844e-10 3.81242e-10 3.81257e-10 3.81257e-10 3.81257e-10 3.8155e-10 2.39394e-12 0 0 4.64348e+42 0 0 1
3.39821e+16 1.37448e-13 1.38568e-13 1.38573e-13 1.38573e-13 1.38573e-13 1.38685e-13 8.19284e-16 0 0 4.64348e+42 0 0 1
3.92419e+16 1.71557e-16 1.72821e-16 1.72828e-16 1.72828e-16 1.72828e-16 1.72972e-16 1.00031e-18 0 0 4.64348e+42 0 0 1
4.53158e+16 5.44979e-20 5.48604e-20 5.48626e-20 5.48626e-20 5.48626e-20 5.49104e-20 3.15821e-22 0 0 4.64348e+42 0 0 1
5.23299e+16 4.36136e-24 4.38751e-24 4.38769e-24 4.38769e-24 4.38769e-24 4.39167e-24 2.52305e-26 0 0 4.64348e+42 0 0 1
6.04296e+16 1.35207e-29 1.35937e-29 1.35942e-29 1.35942e-29 1.35942e-29 1.36071e-29 7.81198e-32 0 0 4.64348e+42 0 0 1
6.97831e+16 6.99713e-35 7.03108e-35 7.03137e-35 7.03137e-35 7.03137e-35 7.03826e-35 4.04055e-37 0 0 4.64348e+42 0 0 1
8.05842e+16 3.87906e-41 3.89596e-41 3.89612e-41 3.89612e-41 3.89612e-41 3.90008e-41 2.23882e-43 0 0 4.64348e+42 0 0 1
9.30572e+16 0 0 0 0 0 0 0 0 0 4.64348e+42 0 0 1