
1.07461e-07 2.97979e+54 2.97979e+54 3.86688e+54 3.91247e+54 3.91426e+54 0 0 3.79104e+43 1.15547e+49 4.64348e+42 0 0 1
1.24094e-07 2.7907e+54 2.7907e+54 3.38353e+54 3.41805e+54 3.41919e+54 0 0 4.37782e+43 1.07097e+49 4.64348e+42 0 0 1
1.43301e-07 2.56291e+54 2.56291e+54 2.95509e+54 2.98118e+54 2.98191e+54 0 0 5.05543e+43 9.75206e+48 4.64348e+42 0 0 1
1.65482e-07 2.31868e+54 2.31868e+54 2.57602e+54 2.59571e+54 2.59617e+54 0 0 5.83792e+43 8.76445e+48 4.64348e+42 0 0 1
1.91095e-07 2.0735e+54 2.0735e+54 2.24125e+54 2.25608e+54 2.25637e+54 0 0 6.74152e+43 7.80094e+48 4.64348e+42 0 0 1
2.20673e-07 1.83739e+54 1.83739e+54 1.94615e+54 1.95729e+54 1.95748e+54 0 0 7.78499e+43 6.8938e+48 4.64348e+42 0 0 1
2.5483e-07 1.6163e+54 1.6163e+54 1.68648e+54 1.69484e+54 1.69496e+54 0 0 8.98996e+43 6.06e+48 4.64348e+42 0 0 1
2.94273e-07 1.41333e+54 1.41333e+54 1.45844e+54 1.46469e+54 1.46477e+54 0 0 1.03814e+44 5.30625e+48 4.64348e+42 0 0 1
3.39821e-07 1.22965e+54 1.22965e+54 1.25854e+54 1.26322e+54 1.26326e+54 0 0 1.19883e+44 4.63284e+48 4.64348e+42 0 0 1
3.92419e-07 1.06522e+54 1.06522e+54 1.08367e+54 1.08715e+54 1.08718e+54 0 0 1.38439e+44 4.03625e+48 4.64348e+42 0 0 1
4.53158e-07 9.19254e+53 9.19254e+53 9.30994e+53 9.33586e+53 9.33604e+53 0 0 1.59867e+44 3.51093e+48 4.64348e+42 0 0 1
5.23299e-07 7.90531e+53 7.90531e+53 7.97981e+53 7.99904e+53 7.99915e+53 0 0 1.84611e+44 3.05042e+48 4.64348e+42 0 0 1
6.04296e-07 6.77633e+53 6.77633e+53 6.82348e+53 6.83772e+53 6.83779e+53 0 0 2.13186e+44 2.64803e+48 4.64348e+42 0 0 1
6.97831e-07 5.79075e+53 5.79075e+53 5.8205e+53 5.83102e+53 5.83106e+53 0 0 2.46183e+44 2.29725e+48 4.64348e+42 0 0 1
8.05842e-07 4.93382e+53 4.93382e+53 4.95255e+53 4.9603e+53 4.96032e+53 0 0 2.84288e+44 1.992e+48 4.64348e+42 0 0 1
9.30572e-07 4.19149e+53 4.19149e+53 4.20324e+53 4.20894e+53 4.20897e+53 0 0 3.2829e+44 1.7267e+48 4.64348e+42 0 0 1
1.07461e-06 3.55064e+53 3.55064e+53 3.558e+53 3.56217e+53 3.56219e+53 0 0 3.79103e+44 1.49635e+48 4.64348e+42 0 0 1
1.24094e-06 2.99919e+53 2.99919e+53 3.00378e+53 3.00683e+53 3.00684e+53 0 0 4.37782e+44 1.29649e+48 4.64348e+42 0 0 1
1.43301e-06 2.52615e+53 2.52615e+53 2.52901e+53 2.53123e+53 2.53124e+53 0 0 5.05542e+44 1.12316e+48 4.64348e+42 0 0 1
1.65482e-06 2.12164e+53 2.12164e+53 2.12341e+53 2.12503e+53 2.12503e+53 0 0 5.83791e+44 9.72905e+47 4.64348e+42 0 0 1
1.91095e-06 1.77679e+53 1.77679e+53 1.77789e+53 1.77906e+53 1.77906e+53 0 0 6.74151e+44 8.42685e+47 4.64348e+42 0 0 1
2.20673e-06 1.48371e+53 1.48371e+53 1.48439e+53 1.48524e+53 1.48524e+53 0 0 7.78498e+44 7.29853e+47 4.64348e+42 0 0 1
2.5483e-06 1.23541e+53 1.23541e+53 1.23582e+53 1.23644e+53 1.23644e+53 0 0 8.98995e+44 6.32102e+47 4.64348e+42 0 0 1
2.94273e-06 1.0257e+53 1.0257e+53 1.02595e+53 1.02639e+53 1.02639e+53 0 0 1.03814e+45 5.47426e+47 4.64348e+42 0 0 1
3.39821e-06 8.49137e+52 8.49137e+52 8.49294e+52 8.49609e+52 8.49609e+52 0 0 1.19883e+45 4.74082e+47 4.64348e+42 0 0 1
3.92419e-06 7.00966e+52 7.00966e+52 7.01062e+52 7.01287e+52 7.01287e+52 0 0 1.38439e+45 4.10558e+47 4.64348e+42 0 0 1
4.53158e-06 5.77017e+52 5.77017e+52 5.77075e+52 5.77236e+52 5.77236e+52 0 0 1.59866e+45 3.55541e+47 4.64348e+42 0 0 1
5.23299e-06 4.73665e+52 4.73665e+52 4.737e+52 4.73815e+52 4.73815e+52 0 0 1.84611e+45 3.07894e+47 4.64348e+42 0 0 1
6.04296e-06 3.87765e+52 3.87765e+52 3.87787e+52 3.87868e+52 3.87868e+52 0 0 2.13185e+45 2.6663e+47 4.64348e+42 0 0 1
6.97831e-06 3.166e+52 3.166e+52 3.16613e+52 3.1667e+52 3.1667e+52 0 0 2.46182e+45 2.30896e+47 4.64348e+42 0 0 1
8.05842e-06 2.5783e+52 2.5783e+52 2.57838e+52 2.57878e+52 2.57878e+52 0 0 2.84286e+45 1.9995e+47 4.64348e+42 0 0 1
9.30572e-06 2.09448e+52 2.09448e+52 2.09453e+52 2.09481e+52 2.09481e+52 0 0 3.28288e+45 1.73151e+47 4.64348e+42 0 0 1
1.07461e-05 1.69741e+52 1.69741e+52 1.69744e+52 1.69764e+52 1.69764e+52 0 0 3.79101e+45 1.49943e+47 4.64348e+42 0 0 1
1.24094e-05 1.37252e+52 1.37252e+52 1.37253e+52 1.37267e+52 1.37267e+52 0 0 4.37779e+45 1.29846e+47 4.64348e+42 0 0 1
1.43301e-05 1.10744e+52 1.10744e+52 1.10745e+52 1.10755e+52 1.10755e+52 0 0 5.05539e+45 1.12442e+47 4.64348e+42 0 0 1
1.65482e-05 8.91782e+51 8.91782e+51 8.91788e+51 8.91855e+51 8.91855e+51 0 0 5.83786e+45 9.73712e+46 4.64348e+42 0 0 1
1.91095e-05 7.16783e+51 7.16783e+51 7.16787e+51 7.16834e+51 7.16834e+51 0 0 6.74145e+45 8.43202e+46 4.64348e+42 0 0 1
2.20673e-05 5.75138e+51 5.75138e+51 5.7514e+51 5.75173e+51 5.75173e+51 0 0 7.78489e+45 7.30184e+46 4.64348e+42 0 0 1
2.5483e-05 4.60757e+51 4.60757e+51 4.60758e+51 4.60781e+51 4.60781e+51 0 0 8.98983e+45 6.32313e+46 4.64348e+42 0 0 1
2.94273e-05 3.68594e+51 3.68594e+51 3.68595e+51 3.6861e+51 3.6861e+51 0 0 1.03813e+46 5.47561e+46 4.64348e+42 0 0 1
3.39821e-05 2.94484e+51 2.94484e+51 2.94484e+51 2.94495e+51 2.94495e+51 0 0 1.19881e+46 4.74169e+46 4.64348e+42 0 0 1
3.92419e-05 2.35e+51 2.35e+51 2.35e+51 2.35008e+51 2.35008e+51 0 0 1.38436e+46 4.10613e+46 4.64348e+42 0 0 1
4.53158e-05 1.87336e+51 1.87336e+51 1.87337e+51 1.87342e+51 1.87342e+51 0 0 1.59862e+46 3.55577e+46 4.64348e+42 0 0 1
5.23299e-05 1.49203e+51 1.49203e+51 1.49203e+51 1.49207e+51 1.49207e+51 0 0 1.84606e+46 3.07917e+46 4.64348e+42 0 0 1
6.04296e-05 1.18737e+51 1.18737e+51 1.18737e+51 1.18739e+51 1.18739e+51 0 0 2.13178e+46 2.66645e+46 4.64348e+42 0 0 1
6.97831e-05 9.44257e+50 9.44257e+50 9.44257e+50 9.44274e+50 9.44274e+50 0 0 2.46173e+46 2.30905e+46 4.64348e+42 0 0 1
8.05842e-05 7.50477e+50 7.50477e+50 7.50477e+50 7.50489e+50 7.50489e+50 0 0 2.84274e+46 1.99956e+46 4.64348e+42 0 0 1
9.30572e-05 5.96167e+50 5.96167e+50 5.96167e+50 5.96175e+50 5.96175e+50 0 0 3.28272e+46 1.73154e+46 4.64348e+42 0 0 1
0.000107461 4.73392e+50 4.73392e+50 4.73392e+50 4.73397e+50 4.73397e+50 0 0 3.7908e+46 1.49946e+46 4.64348e+42 0 0 1
0.000124094 3.75777e+50 3.75777e+50 3.75777e+50 3.75781e+50 3.75781e+50 0 0 4.37751e+46 1.29847e+46 4.64348e+42 0 0 1
0.000143301 2.98214e+50 2.98214e+50 2.98214e+50 2.98216e+50 2.98216e+50 0 0 5.05501e+46 1.12443e+46 4.64348e+42 0 0 1
0.000165482 2.36615e+50 2.36615e+50 2.36615e+50 2.36616e+50 2.36616e+50 0 0 5.83736e+46 9.73719e+45 4.64348e+42 0 0 1
0.000191095 1.87713e+50 1.87713e+50 1.87713e+50 1.87714e+50 1.87714e+50 0 0 6.74077e+46 8.43206e+45 4.64348e+42 0 0 1
0.000220673 1.48904e+50 1.48904e+50 1.48904e+50 1.48905e+50 1.48905e+50 0 0 7.78399e+46 7.30186e+45 4.64348e+42 0 0 1
0.00025483 1.18113e+50 1.18113e+50 1.18113e+50 1.18113e+50 1.18113e+50 0 0 8.98863e+46 6.32315e+45 4.64348e+42 0 0 1
0.000294273 9.36852e+49 9.36852e+49 9.36852e+49 9.36856e+49 9.36856e+49 0 0 1.03797e+47 5.47562e+45 4.64348e+42 0 0 1
0.000339821 7.43089e+49 7.43089e+49 7.43089e+49 7.43092e+49 7.43092e+49 0 0 1.19859e+47 4.74169e+45 4.64348e+42 0 0 1
0.000392419 5.89399e+49 5.89399e+49 5.89399e+49 5.89401e+49 5.89401e+49 0 0 1.38407e+47 4.10614e+45 4.64348e+42 0 0 1
0.000453158 4.67495e+49 4.67495e+49 4.67495e+49 4.67496e+49 4.67496e+49 0 0 1.59825e+47 3.55577e+45 4.64348e+42 0 0 1
0.000523299 3.70802e+49 3.70802e+49 3.70802e+49 3.70803e+49 3.70803e+49 0 0 1.84555e+47 3.07917e+45 4.64348e+42 0 0 1
0.000604296 2.94103e+49 2.94103e+49 2.94103e+49 2.94103e+49 2.94103e+49 0 0 2.13111e+47 2.66645e+45 4.64348e+42 0 0 1
0.000697831 2.33261e+49 2.33261e+49 2.33261e+49 2.33261e+49 2.33261e+49 0 0 2.46083e+47 2.30905e+45 4.64348e+42 0 0 1
0.000805842 1.84996e+49 1.84996e+49 1.84996e+49 1.84996e+49 1.84996e+49 0 0 2.84155e+47 1.99956e+45 4.64348e+42 0 0 1
0.000930572 1.46706e+49 1.46706e+49 1.46706e+49 1.46706e+49 1.46706e+49 0 0 3.28113e+47 1.73154e+45 4.64348e+42 0 0 1
0.00107461 1.16329e+49 1.16329e+49 1.16329e+49 1.1633e+49 1.1633e+49 0 0 3.78867e+47 1.49946e+45 4.64348e+42 0 0 1
0.00124094 9.22304e+48 9.22304e+48 9.22304e+48 9.22305e+48 9.22305e+48 0 0 4.37467e+47 1.29847e+45 4.64348e+42 0 0 1
0.00143301 7.31119e+48 7.31119e+48 7.31119e+48 7.3112e+48 7.3112e+48 0 0 5.05123e+47 1.12443e+45 4.64348e+42 0 0 1
0.00165482 5.79452e+48 5.79452e+48 5.79452e+48 5.79452e+48 5.79452e+48 0 0 5.83231e+47 9.73719e+44 4.64348e+42 0 0 1
0.00191095 4.59142e+48 4.59142e+48 4.59142e+48 4.59142e+48 4.59142e+48 0 0 6.73405e+47 8.43206e+44 4.64348e+42 0 0 1
0.00220673 3.63716e+48 3.63716e+48 3.63716e+48 3.63716e+48 3.63716e+48 0 0 7.77502e+47 7.30186e+44 4.64348e+42 0 0 1
0.0025483 2.88037e+48 2.88037e+48 2.88037e+48 2.88037e+48 2.88037e+48 0 0 8.97668e+47 6.32315e+44 4.64348e+42 0 0 1
0.00294273 2.28028e+48 2.28028e+48 2.28028e+48 2.28028e+48 2.28028e+48 0 0 1.03637e+48 5.47562e+44 4.64348e+42 0 0 1
0.00339821 1.80453e+48 1.80453e+48 1.80453e+48 1.80453e+48 1.80453e+48 0 0 1.19647e+48 4.74169e+44 4.64348e+42 0 0 1
0.00392419 1.42745e+48 1.42745e+48 1.42745e+48 1.42745e+48 1.42745e+48 0 0 1.38124e+48 4.10614e+44 4.64348e+42 0 0 1
0.00453158 1.12865e+48 1.12865e+48 1.12865e+48 1.12865e+48 1.12865e+48 0 0 1.59447e+48 3.55577e+44 4.64348e+42 0 0 1
0.00523299 8.91949e+47 8.91949e+47 8.91949e+47 8.91949e+47 8.91949e+47 0 0 1.84051e+48 3.07917e+44 4.64348e+42 0 0 1
0.00604296 7.04503e+47 7.04503e+47 7.04503e+47 7.04503e+47 7.04503e+47 0 0 2.12439e+48 2.66645e+44 4.64348e+42 0 0 1
0.00697831 5.56119e+47 5.56119e+47 5.56119e+47 5.56119e+47 5.56119e+47 0 0 2.45187e+48 2.30905e+44 4.64348e+42 0 0 1
0.00805842 4.38706e+47 4.38706e+47 4.38706e+47 4.38706e+47 4.38706e+47 0 0 2.8296e+48 1.99956e+44 4.64348e+42 0 0 1
0.00930572 3.45842e+47 3.45842e+47 3.45842e+47 3.45842e+47 3.45842e+47 0 0 3.26521e+48 1.73154e+44 4.64348e+42 0 0 1
0.0107461 2.72431e+47 2.72431e+47 2.72431e+47 2.72431e+47 2.72431e+47 0 0 3.76745e+48 1.49946e+44 4.64348e+42 0 0 1
0.0124094 2.14431e+47 2.14431e+47 2.14431e+47 2.14431e+47 2.14431e+47 0 0 4.34637e+48 1.29847e+44 4.64348e+42 0 0 1
0.0143301 1.68635e+47 1.68635e+47 1.68635e+47 1.68635e+47 1.68635e+47 0 0 5.01351e+48 1.12443e+44 4.64348e+42 0 0 1
0.0165482 1.32498e+47 1.32498e+47 1.32498e+47 1.32498e+47 1.32498e+47 0 0 5.78204e+48 9.73719e+43 4.64348e+42 0 0 1
0.0191095 1.04004e+47 1.04004e+47 1.04004e+47 1.04004e+47 1.04004e+47 0 0 6.66705e+48 8.43205e+43 4.64348e+42 0 0 1
0.0220673 8.15547e+46 8.15547e+46 8.15547e+46 8.15547e+46 8.15547e+46 0 0 7.68573e+48 7.30186e+43 4.64348e+42 0 0 1
0.025483 6.38822e+46 6.38822e+46 6.38822e+46 6.38822e+46 6.38822e+46 0 0 8.85769e+48 6.32315e+43 4.64348e+42 0 0 1
0.0294273 4.99829e+46 4.99829e+46 4.99829e+46 4.99829e+46 4.99829e+46 0 0 1.02052e+49 5.47562e+43 4.64348e+42 0 0 1
0.0339821 3.90619e+46 3.90619e+46 3.90619e+46 3.90619e+46 3.90619e+46 0 0 1.17535e+49 4.74169e+43 4.64348e+42 0 0 1
0.0392419 3.049e+46 3.049e+46 3.049e+46 3.049e+46 3.049e+46 0 0 1.35311e+49 4.10613e+43 4.64348e+42 0 0 1
0.0453158 2.37692e+46 2.37692e+46 2.37692e+46 2.37692e+46 2.37692e+46 0 0 1.557e+49 3.55577e+43 4.64348e+42 0 0 1
0.0523299 1.85059e+46 1.85059e+46 1.85059e+46 1.85059e+46 1.85059e+46 0 0 1.79063e+49 3.07917e+43 4.64348e+42 0 0 1
0.0604296 1.43891e+46 1.43891e+46 1.43891e+46 1.43891e+46 1.43891e+46 0 0 2.05798e+49 2.66645e+43 4.64348e+42 0 0 1
0.0697831 1.11732e+46 1.11732e+46 1.11732e+46 1.11732e+46 1.11732e+46 0 0 2.3635e+49 2.30905e+43 4.64348e+42 0 0 1
0.0805842 8.66429e+45 8.66429e+45 8.66429e+45 8.66429e+45 8.66429e+45 0 0 2.71202e+49 1.99955e+43 4.64348e+42 0 0 1
0.0930572 6.70967e+45 6.70967e+45 6.70967e+45 6.70967e+45 6.70967e+45 0 0 3.10883e+49 1.73154e+43 4.64348e+42 0 0 1
0.107461 5.18899e+45 5.18899e+45 5.18899e+45 5.18899e+45 5.18899e+45 0 0 3.55957e+49 1.49945e+43 4.64348e+42 0 0 1
0.124094 4.00759e+45 4.00759e+45 4.00759e+45 4.00759e+45 4.00759e+45 0 0 4.07017e+49 1.29847e+43 4.64348e+42 0 0 1
0.143301 3.09108e+45 3.09108e+45 3.09108e+45 3.09108e+45 3.09108e+45 0 0 4.64673e+49 1.12443e+43 4.64348e+42 0 0 1
0.165482 2.38108e+45 2.38108e+45 2.38108e+45 2.38108e+45 2.38108e+45 0 0 5.29531e+49 9.73715e+42 4.64348e+42 0 0 1
0.191095 1.83183e+45 1.83183e+45 1.83183e+45 1.83183e+45 1.83183e+45 0 0 6.02164e+49 8.43202e+42 4.64348e+42 0 0 1
0.220673 1.40755e+45 1.40755e+45 1.40755e+45 1.40755e+45 1.40755e+45 0 0 6.83069e+49 7.30183e+42 4.64348e+42 0 0 1
0.25483 1.08025e+45 1.08025e+45 1.08025e+45 1.08025e+45 1.08025e+45 0 0 7.72614e+49 6.32312e+42 4.64348e+42 0 0 1
0.294273 8.28096e+44 8.28096e+44 8.28096e+44 8.28096e+44 8.28096e+44 0 0 8.70957e+49 5.47559e+42 4.64348e+42 0 0 1
0.339821 6.34094e+44 6.34094e+44 6.34094e+44 6.34094e+44 6.34094e+44 0 0 9.7795e+49 4.74166e+42 4.64348e+42 0 0 1
0.392419 4.85019e+44 4.85019e+44 4.85019e+44 4.85019e+44 4.85019e+44 0 0 1.09302e+50 4.1061e+42 4.64348e+42 0 0 1
0.453158 3.70605e+44 3.70605e+44 3.70605e+44 3.70605e+44 3.70605e+44 0 0 1.215e+50 3.55573e+42 4.64348e+42 0 0 1
0.523299 2.82897e+44 2.82897e+44 2.82897e+44 2.82897e+44 2.82897e+44 0 0 1.34196e+50 3.07913e+42 4.64348e+42 0 0 1
0.604296 2.15735e+44 2.15735e+44 2.15735e+44 2.15735e+44 2.15735e+44 0 0 1.47102e+50 2.66641e+42 4.64348e+42 0 0 1
0.697831 1.64362e+44 1.64362e+44 1.64362e+44 1.64362e+44 1.64362e+44 0 0 1.59812e+50 2.30901e+42 4.64348e+42 0 0 1
0.805842 1.25108e+44 1.25108e+44 1.25108e+44 1.25108e+44 1.25108e+44 0 0 1.71785e+50 1.99952e+42 4.64348e+42 0 0 1
0.930572 9.51427e+43 9.51427e+43 9.51427e+43 9.51427e+43 9.51427e+43 0 0 1.82332e+50 1.73151e+42 4.64348e+42 0 0 1
1.07461 7.22913e+43 7.22913e+43 7.22913e+43 7.22913e+43 7.22913e+43 0 0 1.90627e+50 1.49942e+42 4.64348e+42 0 0 1
1.24094 5.48811e+43 5.48811e+43 5.48811e+43 5.48811e+43 5.48811e+43 0 0 1.95731e+50 1.29844e+42 4.64348e+42 0 0 1
1.43301 4.16285e+43 4.16285e+43 4.16285e+43 4.16285e+43 4.16285e+43 0 0 1.96662e+50 1.1244e+42 4.64348e+42 0 0 1
1.65482 3.15499e+43 3.15499e+43 3.15499e+43 3.15499e+43 3.15499e+43 0 0 1.92518e+50 9.73682e+41 4.64348e+42 0 0 1
1.91095 2.38917e+43 2.38917e+43 2.38917e+43 2.38917e+43 2.38917e+43 0 0 1.8265e+50 8.43169e+41 4.64348e+42 0 0 1
2.20673 1.80777e+43 1.80777e+43 1.80777e+43 1.80777e+43 1.80777e+43 0 0 1.6688e+50 7.3015e+41 4.64348e+42 0 0 1
2.5483 1.36675e+43 1.36675e+43 1.36675e+43 1.36675e+43 1.36675e+43 0 0 1.45723e+50 6.32279e+41 4.64348e+42 0 0 1
2.94273 1.0325e+43 1.0325e+43 1.0325e+43 1.0325e+43 1.0325e+43 0 0 1.20528e+50 5.47526e+41 4.64348e+42 0 0 1
3.39821 7.79384e+42 7.79384e+42 7.79384e+42 7.79384e+42 7.79384e+42 0 0 9.34364e+49 4.74133e+41 4.64348e+42 0 0 1
3.92419 5.87859e+42 5.87859e+42 5.87859e+42 5.87859e+42 5.87859e+42 0 0 6.70702e+49 4.10577e+41 4.64348e+42 0 0 1
4.53158 4.43055e+42 4.43055e+42 4.43055e+42 4.43055e+42 4.43055e+42 0 0 4.39629e+49 3.5554e+41 4.64348e+42 0 0 1
5.23299 3.33664e+42 3.33664e+42 3.33664e+42 3.33664e+42 3.33664e+42 0 0 2.59018e+49 3.0788e+41 4.64348e+42 0 0 1
6.04296 2.51089e+42 2.51089e+42 2.51089e+42 2.51089e+42 2.51089e+42 0 0 1.34745e+49 2.66609e+41 4.64348e+42 0 0 1
6.97831 1.88807e+42 1.88807e+42 1.88807e+42 1.88807e+42 1.88807e+42 0 0 6.06544e+48 2.30869e+41 4.64348e+42 0 0 1
8.05842 1.41867e+42 1.41867e+42 1.41867e+42 1.41867e+42 1.41867e+42 0 0 2.30895e+48 1.99919e+41 4.64348e+42 0 0 1
9.30572 1.06518e+42 1.06518e+42 1.06518e+42 1.06518e+42 1.06518e+42 0 0 7.24063e+47 1.73118e+41 4.64348e+42 0 0 1
10.7461 7.99178e+41 7.99178e+41 7.99178e+41 7.99178e+41 7.99178e+41 0 0 1.81494e+47 1.49909e+41 4.64348e+42 0 0 1
12.4094 5.99165e+41 5.99165e+41 5.99165e+41 5.99165e+41 5.99165e+41 0 0 3.51234e+46 1.29811e+41 4.64348e+42 0 0 1
14.3301 4.48885e+41 4.48885e+41 4.48885e+41 4.48885e+41 4.48885e+41 0 0 5.04179e+45 1.12407e+41 4.64348e+42 0 0 1
16.5482 3.36056e+41 3.36056e+41 3.36056e+41 3.36056e+41 3.36056e+41 0 0 5.12556e+44 9.73354e+40 4.64348e+42 0 0 1
19.1095 2.51409e+41 2.51409e+41 2.51409e+41 2.51409e+41 2.51409e+41 0 0 3.49845e+43 8.42841e+40 4.64348e+42 0 0 1
22.0673 1.87952e+41 1.87952e+41 1.87952e+41 1.87952e+41 1.87952e+41 0 0 1.50733e+42 7.29821e+40 4.64348e+42 0 0 1
25.483 1.40414e+41 1.40414e+41 1.40414e+41 1.40414e+41 1.40414e+41 0 0 3.81779e+40 6.3195e+40 4.64348e+42 0 0 1
29.4273 1.04829e+41 1.04829e+41 1.04829e+41 1.04829e+41 1.04829e+41 0 0 5.2357e+38 5.47197e+40 4.64348e+42 0 0 1
33.9821 7.82096e+40 7.82096e+40 7.82096e+40 7.82096e+40 7.82096e+40 0 0 3.53554e+36 4.73804e+40 4.64348e+42 0 0 1
39.2419 5.83114e+40 5.83114e+40 5.83114e+40 5.83114e+40 5.83114e+40 0 0 1.05349e+34 4.10249e+40 4.64348e+42 0 0 1
45.3158 4.34475e+40 4.34475e+40 4.34475e+40 4.34475e+40 4.34475e+40 0 0 1.22042e+31 3.55212e+40 4.64348e+42 0 0 1
52.3299 3.23519e+40 3.23519e+40 3.23519e+40 3.23519e+40 3.23519e+40 0 0 4.74873e+27 3.07552e+40 4.64348e+42 0 0 1
60.4296 2.40747e+40 2.40747e+40 2.40747e+40 2.40747e+40 2.40747e+40 0 0 5.24208e+23 2.6628e+40 4.64348e+42 0 0 1
69.7831 1.79041e+40 1.79041e+40 1.79041e+40 1.79041e+40 1.79041e+40 0 0 1.35082e+19 2.3054e+40 4.64348e+42 0 0 1
80.5842 1.33071e+40 1.33071e+40 1.33071e+40 1.33071e+40 1.33071e+40 0 0 6.48731e+13 1.99591e+40 4.64348e+42 0 0 1
93.0572 9.88443e+39 9.88443e+39 9.88443e+39 9.88443e+39 9.88443e+39 0 0 4.47683e+07 1.7279e+40 4.64348e+42 0 0 1
107.461 7.33779e+39 7.33779e+39 7.33779e+39 7.33779e+39 7.33779e+39 0 0 3.28778 1.49581e+40 4.64348e+42 0 0 1
124.094 5.44412e+39 5.44412e+39 5.44412e+39 5.44412e+39 5.44412e+39 0 0 1.81661e-08 1.29483e+40 4.64348e+42 0 0 1
143.301 4.03684e+39 4.03684e+39 4.03684e+39 4.03684e+39 4.03684e+39 0 0 5.05985e-18 1.12079e+40 4.64348e+42 0 0 1
165.482 2.99163e+39 2.99163e+39 2.99163e+39 2.99163e+39 2.99163e+39 0 0 4.47411e-29 9.70074e+39 4.64348e+42 0 0 1
191.095 2.21581e+39 2.21581e+39 2.21581e+39 2.21581e+39 2.21581e+39 0 0 7.363e-42 8.39562e+39 4.64348e+42 0 0 1
220.673 1.64027e+39 1.64027e+39 1.64027e+39 1.64027e+39 1.64027e+39 0 0 1.21724e-56 7.26543e+39 4.64348e+42 0 0 1
254.83 1.21355e+39 1.21355e+39 1.21355e+39 1.21355e+39 1.21355e+39 0 0 9.91774e-74 6.28674e+39 4.64348e+42 0 0 1
294.273 8.9735e+38 8.9735e+38 8.9735e+38 8.9735e+38 8.9735e+38 0 0 1.75e-93 5.43922e+39 4.64348e+42 0 0 1
339.821 6.63178e+38 6.63178e+38 6.63178e+38 6.63178e+38 6.63178e+38 0 0 2.58731e-116 4.70531e+39 4.64348e+42 0 0 1
392.419 4.89849e+38 4.89849e+38 4.89849e+38 4.89849e+38 4.89849e+38 0 0 1.07056e-142 4.06978e+39 4.64348e+42 0 0 1
453.158 3.61626e+38 3.61626e+38 3.61626e+38 3.61626e+38 3.61626e+38 0 0 3.4944e-173 3.51944e+39 4.64348e+42 0 0 1
523.299 2.66821e+38 2.66821e+38 2.66821e+38 2.66821e+38 2.66821e+38 0 0 2.08482e-208 3.04286e+39 4.64348e+42 0 0 1
604.296 1.96762e+38 1.96762e+38 1.96762e+38 1.96762e+38 1.96762e+38 0 0 4.20075e-249 2.63018e+39 4.64348e+42 0 0 1
697.831 1.45019e+38 1.45019e+38 1.45019e+38 1.45019e+38 1.45019e+38 0 0 0 2.27282e+39 4.64348e+42 0 0 1
805.842 1.06824e+38 1.06824e+38 1.06824e+38 1.06824e+38 1.06824e+38 0 0 0 1.96337e+39 4.64348e+42 0 0 1
930.572 7.86455e+37 7.86455e+37 7.86455e+37 7.86455e+37 7.86455e+37 0 0 0 1.69541e+39 4.64348e+42 0 0 1
1074.61 5.78674e+37 5.78674e+37 5.78674e+37 5.78674e+37 5.78674e+37 0 0 0 1.46338e+39 4.64348e+42 0 0 1
1240.94 4.25547e+37 4.25547e+37 4.25547e+37 4.25547e+37 4.25547e+37 0 0 0 1.26246e+39 4.64348e+42 0 0 1
1433.01 3.12761e+37 3.12761e+37 3.12761e+37 3.12761e+37 3.12761e+37 0 0 0 1.0885e+39 4.64348e+42 0 0 1
1654.82 2.29734e+37 2.29734e+37 2.29734e+37 2.29734e+37 2.29734e+37 0 0 0 9.37875e+38 4.64348e+42 0 0 1
1910.95 1.68648e+37 1.68648e+37 1.68648e+37 1.68648e+37 1.68648e+37 0 0 0 8.07465e+38 4.64348e+42 0 0 1
2206.73 1.2373e+37 1.2373e+37 1.2373e+37 1.2373e+37 1.2373e+37 0 0 0 6.94564e+38 4.64348e+42 0 0 1
2548.3 9.07204e+36 9.07204e+36 9.07205e+36 9.07205e+36 9.07205e+36 0 0 0 5.96829e+38 4.64348e+42 0 0 1
2942.73 6.64761e+36 6.64761e+36 6.64761e+36 6.64761e+36 6.64761e+36 0 0 0 5.12233e+38 4.64348e+42 0 0 1
3398.21 4.86802e+36 4.86802e+36 4.86802e+36 4.86802e+36 4.86802e+36 0 0 0 4.3902e+38 4.64348e+42 0 0 1
3924.19 3.56255e+36 3.56255e+36 3.56255e+36 3.56255e+36 3.56255e+36 0 0 0 3.7567e+38 4.64348e+42 0 0 1
4531.58 2.60546e+36 2.60546e+36 2.60546e+36 2.60546e+36 2.60546e+36 0 0 0 3.20869e+38 4.64348e+42 0 0 1
5232.99 1.90422e+36 1.90422e+36 1.90422e+36 1.90422e+36 1.90422e+36 0 0 0 2.73479e+38 4.64348e+42 0 0 1
6042.96 1.39077e+36 1.39077e+36 1.39077e+36 1.39077e+36 1.39077e+36 0 0 0 2.32515e+38 4.64348e+42 0 0 1
6978.31 1.01505e+36 1.01505e+36 1.01505e+36 1.01505e+36 1.01505e+36 0 0 0 1.97126e+38 4.64348e+42 0 0 1
8058.42 7.40314e+35 7.40314e+35 7.40315e+35 7.40315e+35 7.40315e+35 0 0 0 1.66576e+38 4.64348e+42 0 0 1
9305.72 5.39547e+35 5.39547e+35 5.39548e+35 5.39548e+35 5.39548e+35 0 0 0 1.40228e+38 4.64348e+42 0 0 1
10746.1 3.92938e+35 3.92938e+35 3.92938e+35 3.92938e+35 3.92938e+35 0 0 0 1.17533e+38 4.64348e+42 0 0 1
12409.4 2.85952e+35 2.85952e+35 2.85952e+35 2.85952e+35 2.85952e+35 0 0 0 9.80135e+37 4.64348e+42 0 0 1
14330.1 2.07937e+35 2.07937e+35 2.07937e+35 2.07937e+35 2.07937e+35 0 0 0 8.12605e+37 4.64348e+42 0 0 1
16548.2 1.51089e+35 1.51089e+35 1.51089e+35 1.51089e+35 1.51089e+35 0 0 0 6.69186e+37 4.64348e+42 0 0 1
19109.5 1.09696e+35 1.09696e+35 1.09696e+35 1.09696e+35 1.09696e+35 0 0 0 5.46808e+37 4.64348e+42 0 0 1
22067.3 7.95789e+34 7.95789e+34 7.95791e+34 7.95791e+34 7.95791e+34 0 0 0 4.42814e+37 4.64348e+42 0 0 1
25483 5.76836e+34 5.76836e+34 5.76837e+34 5.76837e+34 5.76837e+34 0 0 0 3.54895e+37 4.64348e+42 0 0 1
29427.3 4.17779e+34 4.17779e+34 4.1778e+34 4.1778e+34 4.1778e+34 0 0 0 2.81045e+37 4.64348e+42 0 0 1
33982.1 3.02328e+34 3.02328e+34 3.02329e+34 3.02329e+34 3.02329e+34 0 0 0 2.19504e+37 4.64348e+42 0 0 1
39241.9 2.18597e+34 2.18597e+34 2.18597e+34 2.18597e+34 2.18597e+34 0 0 0 1.68721e+37 4.64348e+42 0 0 1
45315.8 1.5792e+34 1.5792e+34 1.5792e+34 1.5792e+34 1.5792e+34 0 0 0 1.27316e+37 4.64348e+42 0 0 1
52329.9 1.13986e+34 1.13986e+34 1.13986e+34 1.13986e+34 1.13986e+34 0 0 0 9.40463e+36 4.64348e+42 0 0 1
60429.6 8.2203e+33 8.2203e+33 8.22033e+33 8.22033e+33 8.22033e+33 0 0 0 6.77821e+36 4.64348e+42 0 0 1
69783.1 5.92298e+33 5.92298e+33 5.923e+33 5.923e+33 5.923e+33 0 0 0 4.74841e+36 4.64348e+42 0 0 1
80584.2 4.26391e+33 4.26391e+33 4.26393e+33 4.26393e+33 4.26393e+33 0 0 0 3.21907e+36 4.64348e+42 0 0 1
93057.2 3.06684e+33 3.06684e+33 3.06685e+33 3.06685e+33 3.06685e+33 0 0 0 2.10115e+36 4.64348e+42 0 0 1
107461 2.20388e+33 2.20388e+33 2.20389e+33 2.20389e+33 2.20389e+33 0 0 0 1.31275e+36 4.64348e+42 0 0 1
124094 1.58234e+33 1.58234e+33 1.58235e+33 1.58235e+33 1.58235e+33 0 0 0 7.79759e+35 4.64348e+42 0 0 1
143301 1.13509e+33 1.13509e+33 1.13509e+33 1.13509e+33 1.13509e+33 0 0 0 4.36917e+35 4.64348e+42 0 0 1
165482 8.1354e+32 8.1354e+32 8.13545e+32 8.13545e+32 8.13545e+32 0 0 0 2.28862e+35 4.64348e+42 0 0 1
191095 5.82577e+32 5.82577e+32 5.82581e+32 5.82581e+32 5.82581e+32 0 0 0 1.10906e+35 4.64348e+42 0 0 1
220673 4.16832e+32 4.16832e+32 4.16834e+32 4.16834e+32 4.16834e+32 0 0 0 4.91265e+34 4.64348e+42 0 0 1
254830 2.97998e+32 2.97998e+32 2.98e+32 2.98e+32 2.98e+32 0 0 0 1.9616e+34 4.64348e+42 0 0 1
294273 2.12876e+32 2.12876e+32 2.12877e+32 2.12877e+32 2.12877e+32 0 0 0 6.94815e+33 4.64348e+42 0 0 1
339821 1.51956e+32 1.51956e+32 1.51957e+32 1.51957e+32 1.51957e+32 0 0 0 2.14306e+33 4.64348e+42 0 0 1
392419 1.08397e+32 1.08397e+32 1.08397e+32 1.08397e+32 1.08397e+32 0 0 0 5.63384e+32 4.64348e+42 0 0 1
453158 7.72763e+31 7.72763e+31 7.72768e+31 7.72768e+31 7.72768e+31 0 0 0 1.23152e+32 4.64348e+42 0 0 1
523299 5.50611e+31 5.50611e+31 5.50614e+31 5.50614e+31 5.50614e+31 1.03156e+25 2.56031e+29 0 2.17539e+31 4.64348e+42 0 0 1
604296 3.92151e+31 3.92151e+31 3.92154e+31 3.92154e+31 3.92154e+31 1.58919e+25 2.57137e+29 0 3.00449e+30 4.64348e+42 0 0 1
697831 2.79205e+31 2.79205e+31 2.79207e+31 2.79207e+31 2.79207e+31 2.14682e+25 2.58242e+29 0 3.12323e+29 4.64348e+42 0 0 1
805842 1.98754e+31 1.98754e+31 1.98755e+31 1.98755e+31 1.98755e+31 2.70445e+25 2.59347e+29 0 2.33848e+28 4.64348e+42 0 0 1
930572 1.41482e+31 1.41482e+31 1.41482e+31 1.41482e+31 1.41482e+31 3.26208e+25 2.60453e+29 0 1.19868e+27 4.64348e+42 0 0 1
1.07461e+06 1.0073e+31 1.0073e+31 1.00731e+31 1.00731e+31 1.00731e+31 4.13087e+25 2.61725e+29 0 3.96683e+25 4.64348e+42 0 0 1
1.24094e+06 7.17451e+30 7.17451e+30 7.17455e+30 7.17455e+30 7.17455e+30 5.54235e+25 2.62072e+29 0 7.92026e+23 4.64348e+42 0 0 1
1.43301e+06 5.11331e+30 5.11331e+30 5.11334e+30 5.11334e+30 5.11334e+30 7.40094e+25 2.62516e+29 0 8.8232e+21 4.64348e+42 0 0 1
1.65482e+06 3.64764e+30 3.64764e+30 3.64765e+30 3.64765e+30 3.64765e+30 9.85723e+25 2.63088e+29 0 5.01048e+19 4.64348e+42 0 0 1
1.91095e+06 2.60529e+30 2.60529e+30 2.60531e+30 2.60531e+30 2.60531e+30 1.3367e+26 2.63883e+29 0 1.30679e+17 4.64348e+42 0 0 1
2.20673e+06 1.86376e+30 1.86376e+30 1.86377e+30 1.86377e+30 1.86377e+30 1.78689e+26 2.64915e+29 0 1.38771e+14 4.64348e+42 0 0 1
2.5483e+06 1.33593e+30 1.33593e+30 1.33594e+30 1.33594e+30 1.33594e+30 2.37818e+26 2.66269e+29 0 5.22108e+10 4.64348e+42 0 0 1
2.94273e+06 9.59902e+29 9.59902e+29 9.59906e+29 9.59906e+29 9.59906e+29 3.16261e+26 2.68047e+29 0 5.92704e+06 4.64348e+42 0 0 1
3.39821e+06 6.91726e+29 6.91726e+29 6.91729e+29 6.91729e+29 6.91729e+29 4.29285e+26 2.70527e+29 0 168.65 4.64348e+42 0 0 1
3.92419e+06 5.00194e+29 5.00194e+29 5.00196e+29 5.00196e+29 5.00196e+29 5.76784e+26 2.73746e+29 0 0.00097094 4.64348e+42 0 0 1
4.53158e+06 3.63177e+29 3.63177e+29 3.63179e+29 3.63179e+29 3.63179e+29 7.75604e+26 2.77896e+29 0 8.83175e-10 4.64348e+42 0 0 1
5.23299e+06 2.64979e+29 2.64979e+29 2.6498e+29 2.6498e+29 2.6498e+29 1.04082e+27 2.83145e+29 0 9.53926e-17 4.64348e+42 0 0 1
6.04296e+06 1.94497e+29 1.94497e+29 1.94498e+29 1.94498e+29 1.94498e+29 1.41583e+27 2.90104e+29 0 8.79756e-25 4.64348e+42 0 0 1
6.97831e+06 1.43823e+29 1.43823e+29 1.43823e+29 1.43823e+29 1.43823e+29 1.90064e+27 2.98309e+29 0 4.73355e-34 4.64348e+42 0 0 1
8.05842e+06 1.07379e+29 1.07379e+29 1.0738e+29 1.0738e+29 1.0738e+29 2.53272e+27 3.08002e+29 0 9.57161e-45 4.64348e+42 0 0 1
9.30572e+06 8.12278e+28 8.12278e+28 8.12281e+28 8.12281e+28 8.12281e+28 3.36285e+27 3.18985e+29 0 4.3771e-57 4.64348e+42 0 0 1
1.07461e+07 6.26158e+28 6.26158e+28 6.26159e+28 6.26159e+28 6.26159e+28 4.47721e+27 3.32142e+29 0 2.51816e-71 4.64348e+42 0 0 1
1.24094e+07 4.94811e+28 4.94811e+28 4.94813e+28 4.94813e+28 4.94813e+28 5.83646e+27 3.4507e+29 0 9.25853e-88 4.64348e+42 0 0 1
1.43301e+07 4.04099e+28 4.04099e+28 4.041e+28 4.041e+28 4.041e+28 7.47084e+27 3.577e+29 0 9.95186e-107 4.64348e+42 0 0 1
1.65482e+07 3.43789e+28 3.43789e+28 3.43789e+28 3.43789e+28 3.43789e+28 9.3909e+27 3.69425e+29 0 1.26747e-128 4.64348e+42 0 0 1
1.91095e+07 3.07276e+28 3.07276e+28 3.07277e+28 3.07277e+28 3.07277e+28 1.16781e+28 3.79533e+29 0 6.74057e-154 4.64348e+42 0 0 1
2.20673e+07 2.86996e+28 2.86996e+28 2.86997e+28 2.86997e+28 2.86997e+28 1.41106e+28 3.88253e+29 0 4.48883e-183 4.64348e+42 0 0 1
2.5483e+07 2.79521e+28 2.79521e+28 2.79522e+28 2.79522e+28 2.79522e+28 1.67318e+28 3.9437e+29 0 9.31618e-217 4.64348e+42 0 0 1
2.94273e+07 2.80003e+28 2.80003e+28 2.80004e+28 2.80004e+28 2.80004e+28 1.93379e+28 3.94447e+29 0 1.20923e-255 4.64348e+42 0 0 1
3.39821e+07 2.85814e+28 2.85814e+28 2.85814e+28 2.85814e+28 2.85814e+28 2.18712e+28 3.87402e+29 0 0 4.64348e+42 0 0 1
3.92419e+07 2.92432e+28 2.92432e+28 2.92432e+28 2.92432e+28 2.92432e+28 2.40299e+28 3.73044e+29 0 0 4.64348e+42 0 0 1
4.53158e+07 2.99632e+28 2.99632e+28 2.99633e+28 2.99633e+28 2.99633e+28 2.59029e+28 3.539e+29 0 0 4.64348e+42 0 0 1
5.23299e+07 3.05469e+28 3.05469e+28 3.05469e+28 3.05469e+28 3.05469e+28 2.7378e+28 3.31826e+29 0 0 4.64348e+42 0 0 1
6.04296e+07 3.07018e+28 3.07018e+28 3.07018e+28 3.07018e+28 3.07018e+28 2.82246e+28 3.04648e+29 0 0 4.64348e+42 0 0 1
6.97831e+07 3.03163e+28 3.03163e+28 3.03163e+28 3.03163e+28 3.03163e+28 2.83775e+28 2.72973e+29 0 0 4.64348e+42 0 0 1
8.05842e+07 2.94159e+28 2.94159e+28 2.94159e+28 2.94159e+28 2.94159e+28 2.78971e+28 2.37327e+29 0 0 4.64348e+42 0 0 1
9.30572e+07 2.7991e+28 2.7991e+28 2.79911e+28 2.79911e+28 2.79911e+28 2.68008e+28 1.98958e+29 0 0 4.64348e+42 0 0 1
1.07461e+08 2.60235e+28 2.60235e+28 2.60235e+28 2.60235e+28 2.60235e+28 2.50906e+28 1.6004e+29 0 0 4.64348e+42 1.68678 0 1
1.24094e+08 2.38312e+28 2.38312e+28 2.38312e+28 2.38312e+28 2.38312e+28 2.31001e+28 1.26678e+29 0 0 4.64348e+42 1.48187 0 1
1.43301e+08 2.13896e+28 2.13896e+28 2.13896e+28 2.13896e+28 2.13896e+28 2.08169e+28 9.84941e+28 0 0 4.64348e+42 1.30185 0 1
1.65482e+08 1.87658e+28 1.87658e+28 1.87658e+28 1.87658e+28 1.87658e+28 1.83175e+28 7.53625e+28 0 0 4.64348e+42 1.14369 0 1
1.91095e+08 1.59209e+28 1.59209e+28 1.59209e+28 1.59209e+28 1.59209e+28 1.55704e+28 5.61874e+28 0 0 4.64348e+42 1.00475 0 1
2.20673e+08 1.33186e+28 1.33186e+28 1.33186e+28 1.33186e+28 1.33186e+28 1.30448e+28 4.21105e+28 0 0 4.64348e+42 0.882693 0 1
2.5483e+08 1.09207e+28 1.09207e+28 1.09207e+28 1.09207e+28 1.09207e+28 1.07072e+28 3.12051e+28 0 0 4.64348e+42 0.77546 0 1
2.94273e+08 8.77483e+27 8.77483e+27 8.77485e+27 8.77485e+27 8.77485e+27 8.60853e+27 2.28686e+28 0 0 4.64348e+42 0.681255 0 1
3.39821e+08 6.83877e+27 6.83877e+27 6.83878e+27 6.83878e+27 6.83878e+27 6.70942e+27 1.64619e+28 0 0 4.64348e+42 0.624899 0 1
3.92419e+08 5.31136e+27 5.31136e+27 5.31137e+27 5.31137e+27 5.31137e+27 5.21091e+27 1.20436e+28 0 0 4.64348e+42 0.598494 0 1
4.53158e+08 4.06361e+27 4.06361e+27 4.06361e+27 4.06361e+27 4.06361e+27 3.98572e+27 8.77066e+27 0 0 4.64348e+42 0.573204 0 1
5.23299e+08 3.05654e+27 3.05654e+27 3.05654e+27 3.05654e+27 3.05654e+27 2.99626e+27 6.36061e+27 0 0 4.64348e+42 0.548984 0 1
6.04296e+08 2.26904e+27 2.26904e+27 2.26905e+27 2.26905e+27 2.26905e+27 2.2225e+27 4.56414e+27 0 0 4.64348e+42 0.525787 0 1
6.97831e+08 1.70582e+27 1.70582e+27 1.70582e+27 1.70582e+27 1.70582e+27 1.66996e+27 3.34266e+27 0 0 4.64348e+42 0.50357 0 1
8.05842e+08 1.27481e+27 1.27481e+27 1.27481e+27 1.27481e+27 1.27481e+27 1.24727e+27 2.444e+27 0 0 4.64348e+42 0.482291 0 1
9.30572e+08 9.45946e+26 9.45946e+26 9.45947e+26 9.45947e+26 9.45947e+26 9.24847e+26 1.78266e+27 0 0 4.64348e+42 0.461912 0 1
1.07461e+09 6.92735e+26 6.92735e+26 6.92736e+26 6.92736e+26 6.92736e+26 6.76625e+26 1.28188e+27 0 0 4.64348e+42 0.463577 0 1
1.24094e+09 5.18566e+26 5.18566e+26 5.18567e+26 5.18567e+26 5.18567e+26 5.06305e+26 9.43126e+26 0 0 4.64348e+42 0.487525 0 1
1.43301e+09 3.88725e+26 3.88725e+26 3.88726e+26 3.88726e+26 3.88726e+26 3.79424e+26 6.92034e+26 0 0 4.64348e+42 0.51271 0 1
1.65482e+09 2.90447e+26 2.90447e+26 2.90447e+26 2.90447e+26 2.90447e+26 2.83414e+26 5.06259e+26 0 0 4.64348e+42 0.539196 0 1
1.91095e+09 2.14371e+26 2.14371e+26 2.14371e+26 2.14371e+26 2.14371e+26 2.09071e+26 3.64286e+26 0 0 4.64348e+42 0.567051 0 1
2.20673e+09 1.61502e+26 1.61502e+26 1.61502e+26 1.61502e+26 1.61502e+26 1.57523e+26 2.686e+26 0 0 4.64348e+42 0.596344 0 1
2.5483e+09 1.21309e+26 1.21309e+26 1.21309e+26 1.21309e+26 1.21309e+26 1.18331e+26 1.97497e+26 0 0 4.64348e+42 0.627151 0 1
2.94273e+09 9.06878e+25 9.06878e+25 9.0688e+25 9.0688e+25 9.0688e+25 8.84684e+25 1.44752e+26 0 0 4.64348e+42 0.659549 0 1
3.39821e+09 6.66084e+25 6.66084e+25 6.66085e+25 6.66085e+25 6.66085e+25 6.49599e+25 1.04353e+26 0 0 4.64348e+42 0.693621 0 1
3.92419e+09 5.00151e+25 5.00151e+25 5.00152e+25 5.00152e+25 5.00152e+25 4.87952e+25 7.69956e+25 0 0 4.64348e+42 0.729453 0 1
4.53158e+09 3.74318e+25 3.74318e+25 3.74319e+25 3.74319e+25 3.74319e+25 3.65324e+25 5.66071e+25 0 0 4.64348e+42 0.767135 0 1
5.23299e+09 2.79167e+25 2.79167e+25 2.79168e+25 2.79168e+25 2.79168e+25 2.72561e+25 4.14478e+25 0 0 4.64348e+42 0.806765 0 1
6.04296e+09 2.04125e+25 2.04125e+25 2.04125e+25 2.04125e+25 2.04125e+25 1.9929e+25 2.98743e+25 0 0 4.64348e+42 0.848442 0 1
6.97831e+09 1.52935e+25 1.52935e+25 1.52936e+25 1.52936e+25 1.52936e+25 1.49411e+25 2.20173e+25 0 0 4.64348e+42 0.892272 0 1
8.05842e+09 1.14204e+25 1.14204e+25 1.14204e+25 1.14204e+25 1.14204e+25 1.11644e+25 1.6182e+25 0 0 4.64348e+42 0.938365 0 1
9.30572e+09 8.47472e+24 8.47472e+24 8.47474e+24 8.47474e+24 8.47474e+24 8.28962e+24 1.18598e+25 0 0 4.64348e+42 0.986841 0 1
1.07461e+10 6.18052e+24 6.18052e+24 6.18053e+24 6.18053e+24 6.18053e+24 6.04719e+24 8.57431e+24 0 0 4.64348e+42 1.10725 0 1
1.24094e+10 4.59369e+24 4.59369e+24 4.5937e+24 4.5937e+24 4.5937e+24 4.49806e+24 6.33976e+24 0 0 4.64348e+42 1.32548 0 1
1.43301e+10 3.39365e+24 3.39365e+24 3.39366e+24 3.39366e+24 3.39366e+24 3.32535e+24 4.67569e+24 0 0 4.64348e+42 1.58671 0 1
1.65482e+10 2.49926e+24 2.49926e+24 2.49927e+24 2.49927e+24 2.49927e+24 2.4507e+24 3.43771e+24 0 0 4.64348e+42 1.89942 0 1
1.91095e+10 1.80653e+24 1.80653e+24 1.80653e+24 1.80653e+24 1.80653e+24 1.77215e+24 2.48528e+24 0 0 4.64348e+42 2.27377 0 1
2.20673e+10 1.33527e+24 1.33527e+24 1.33528e+24 1.33528e+24 1.33528e+24 1.31105e+24 1.83851e+24 0 0 4.64348e+42 2.7219 34.7254 1
2.5483e+10 9.83618e+23 9.83618e+23 9.8362e+23 9.8362e+23 9.8362e+23 9.66633e+23 1.35549e+24 0 0 4.64348e+42 3.25834 22.9578 1
2.94273e+10 7.22417e+23 7.22417e+23 7.22419e+23 7.22419e+23 7.22419e+23 7.10566e+23 9.95828e+23 0 0 4.64348e+42 3.90052 15.5417 1
3.39821e+10 5.20715e+23 5.20715e+23 5.20716e+23 5.20716e+23 5.20716e+23 5.12488e+23 7.18198e+23 0 0 4.64348e+42 4.66925 10.7604 1
3.92419e+10 3.85341e+23 3.85341e+23 3.85342e+23 3.85342e+23 3.85342e+23 3.79664e+23 5.31204e+23 0 0 4.64348e+42 5.58949 7.61059 1
4.53158e+10 2.84517e+23 2.84517e+23 2.84518e+23 2.84518e+23 2.84518e+23 2.8063e+23 3.91888e+23 0 0 4.64348e+42 6.69109 5.49245 1
5.23299e+10 2.09709e+23 2.09709e+23 2.0971e+23 2.0971e+23 2.0971e+23 2.07076e+23 2.88267e+23 0 0 4.64348e+42 8.00981 4.04008 1
6.04296e+10 1.52006e+23 1.52006e+23 1.52006e+23 1.52006e+23 1.52006e+23 1.50247e+23 2.08112e+23 0 0 4.64348e+42 9.58842 3.02568 1
6.97831e+10 1.13028e+23 1.13028e+23 1.13029e+23 1.13029e+23 1.13029e+23 1.11877e+23 1.54238e+23 0 0 4.64348e+42 11.4782 2.3047 1
8.05842e+10 8.38071e+22 8.38071e+22 8.38074e+22 8.38074e+22 8.38074e+22 8.30742e+22 1.14024e+23 0 0 4.64348e+42 13.7403 1.78376 1
9.30572e+10 6.19584e+22 6.19584e+22 6.19586e+22 6.19586e+22 6.19586e+22 6.15093e+22 8.40378e+22 0 0 4.64348e+42 16.4483 1.40144 1
1.07461e+11 4.49322e+22 4.49322e+22 4.49323e+22 4.49323e+22 4.49323e+22 4.46709e+22 6.0721e+22 0 0 4.64348e+42 19.6901 1.11671 1
1.24094e+11 3.33726e+22 3.33726e+22 3.33727e+22 3.33727e+22 3.33727e+22 3.32356e+22 4.50309e+22 0 0 4.64348e+42 23.5707 0.901709 1
1.43301e+11 2.4697e+22 2.4697e+22 2.4697e+22 2.4697e+22 2.4697e+22 2.46381e+22 3.32936e+22 0 0 4.64348e+42 28.2161 0.737233 1
1.65482e+11 1.82028e+22 1.82028e+22 1.82029e+22 1.82029e+22 1.82029e+22 1.81904e+22 2.45271e+22 0 0 4.64348e+42 33.7771 0.609868 1
1.91095e+11 1.31522e+22 1.31522e+22 1.31522e+22 1.31522e+22 1.31522e+22 1.3164e+22 1.76961e+22 0 0 4.64348e+42 40.434 0.510106 1
2.20673e+11 9.74136e+21 9.74136e+21 9.74139e+21 9.74139e+21 9.74139e+21 9.76601e+21 1.31062e+22 0 0 4.64348e+42 48.403 0.431129 1
2.5483e+11 7.19097e+21 7.19097e+21 7.19099e+21 7.19099e+21 7.19099e+21 7.21993e+21 9.67451e+21 0 0 4.64348e+42 57.9425 0.367983 1
2.94273e+11 5.29008e+21 5.29008e+21 5.2901e+21 5.2901e+21 5.2901e+21 5.31839e+21 7.11395e+21 0 0 4.64348e+42 69.3621 0.317029 1
3.39821e+11 3.81635e+21 3.81635e+21 3.81637e+21 3.81637e+21 3.81637e+21 3.84093e+21 5.11972e+21 0 0 4.64348e+42 0 0.275565 1
3.92419e+11 2.82429e+21 2.82429e+21 2.8243e+21 2.8243e+21 2.8243e+21 2.84522e+21 3.78335e+21 0 0 4.64348e+42 0 0.241562 1
4.53158e+11 2.08321e+21 2.08321e+21 2.08322e+21 2.08322e+21 2.08322e+21 2.10022e+21 2.78574e+21 0 0 4.64348e+42 0 0.213483 1
5.23299e+11 1.53116e+21 1.53116e+21 1.53116e+21 1.53116e+21 1.53116e+21 1.5445e+21 2.04268e+21 0 0 4.64348e+42 0 0.190154 1
6.04296e+11 1.10274e+21 1.10274e+21 1.10275e+21 1.10275e+21 1.10275e+21 1.11271e+21 1.46466e+21 0 0 4.64348e+42 0 0.170669 1
6.97831e+11 8.14973e+20 8.14973e+20 8.14976e+20 8.14976e+20 8.14976e+20 8.22504e+20 1.07876e+21 0 0 4.64348e+42 0 0.154323 1
8.05842e+11 6.00131e+20 6.00131e+20 6.00133e+20 6.00133e+20 6.00133e+20 6.05701e+20 7.91382e+20 0 0 4.64348e+42 0 0.140565 1
9.30572e+11 4.40213e+20 4.40213e+20 4.40215e+20 4.40215e+20 4.40215e+20 4.44259e+20 5.77919e+20 0 0 4.64348e+42 0 0.12896 1
1.07461e+12 3.16082e+20 3.16082e+20 3.16083e+20 3.16083e+20 3.16083e+20 3.1892e+20 4.12205e+20 0 0 4.64348e+42 0 0.119166 1
1.24094e+12 2.32967e+20 2.32967e+20 2.32968e+20 2.32968e+20 2.32968e+20 2.34993e+20 3.02158e+20 0 0 4.64348e+42 0 0.110908 1
1.43301e+12 1.71017e+20 1.71017e+20 1.71018e+20 1.71018e+20 1.71018e+20 1.72444e+20 2.20507e+20 0 0 4.64348e+42 0 0.103969 1
1.65482e+12 1.24995e+20 1.24995e+20 1.24995e+20 1.24995e+20 1.24995e+20 1.25988e+20 1.60098e+20 0 0 4.64348e+42 0 0.098177 1
1.91095e+12 8.93134e+19 8.93135e+19 8.93138e+19 8.93138e+19 8.93138e+19 8.99839e+19 1.13347e+20 0 0 4.64348e+42 0 0.0933933 1
2.20673e+12 6.55373e+19 6.55374e+19 6.55376e+19 6.55376e+19 6.55376e+19 6.59997e+19 8.25359e+19 0 0 4.64348e+42 0 0.0895108 1
2.5483e+12 4.78723e+19 4.78723e+19 4.78725e+19 4.78725e+19 4.78725e+19 4.8188e+19 5.97949e+19 0 0 4.64348e+42 0 0.0864461 1
2.94273e+12 3.47978e+19 3.47978e+19 3.47979e+19 3.47979e+19 3.47979e+19 3.50112e+19 4.30675e+19 0 0 4.64348e+42 0 0.0841374 1
3.39821e+12 2.4686e+19 2.4686e+19 2.46861e+19 2.46861e+19 2.46861e+19 2.48261e+19 3.01785e+19 0 0 4.64348e+42 0 0.082541 1
3.92419e+12 1.79976e+19 1.79977e+19 1.79977e+19 1.79977e+19 1.79977e+19 1.80919e+19 2.17755e+19 0 0 4.64348e+42 0 0.08163 1
4.53158e+12 1.30533e+19 1.30533e+19 1.30534e+19 1.30534e+19 1.30534e+19 1.31161e+19 1.56192e+19 0 0 4.64348e+42 0 0.0813928 1
5.23299e+12 9.41431e+18 9.41432e+18 9.41436e+18 9.41436e+18 9.41436e+18 9.45583e+18 1.11276e+19 0 0 4.64348e+42 0 0.0818329 1
6.04296e+12 6.61138e+18 6.61138e+18 6.61141e+18 6.61141e+18 6.61141e+18 6.63801e+18 7.68786e+18 0 0 4.64348e+42 0 0.0829683 1
6.97831e+12 4.77686e+18 4.77687e+18 4.77689e+18 4.77689e+18 4.77689e+18 4.7944e+18 5.47897e+18 0 0 4.64348e+42 0 0.0848322 1
8.05842e+12 3.43059e+18 3.43059e+18 3.43061e+18 3.43061e+18 3.43061e+18 3.44204e+18 3.87736e+18 0 0 4.64348e+42 0 0.0874729 1
9.30572e+12 2.44767e+18 2.44767e+18 2.44768e+18 2.44768e+18 2.44768e+18 2.45508e+18 2.72193e+18 0 0 4.64348e+42 0 0.0909553 1
1.07461e+13 1.69506e+18 1.69506e+18 1.69507e+18 1.69507e+18 1.69507e+18 1.69971e+18 1.84459e+18 0 0 4.64348e+42 0 0.0953611 1
1.24094e+13 1.20975e+18 1.20975e+18 1.20976e+18 1.20976e+18 1.20976e+18 1.21275e+18 1.29292e+18 0 0 4.64348e+42 0 0.10079 1
1.43301e+13 8.57235e+17 8.57236e+17 8.5724e+17 8.5724e+17 8.5724e+17 8.59154e+17 8.98587e+17 0 0 4.64348e+42 0 0.10736 1
1.65482e+13 6.02714e+17 6.02715e+17 6.02717e+17 6.02717e+17 6.02717e+17 6.0393e+17 6.18469e+17 0 0 4.64348e+42 0 0.115206 1
1.91095e+13 4.09481e+17 4.09482e+17 4.09483e+17 4.09483e+17 4.09483e+17 4.10224e+17 4.08267e+17 0 0 4.64348e+42 0 0.12448 1
2.20673e+13 2.87417e+17 2.87418e+17 2.87419e+17 2.87419e+17 2.87419e+17 2.87886e+17 2.79869e+17 0 0 4.64348e+42 0 0.135345 1
2.5483e+13 2e+17 2e+17 2.00001e+17 2.00001e+17 2.00001e+17 2.00293e+17 1.89868e+17 0 0 4.64348e+42 0 0.147968 1
2.94273e+13 1.3786e+17 1.37861e+17 1.37861e+17 1.37861e+17 1.37861e+17 1.38042e+17 1.2728e+17 0 0 4.64348e+42 0 0.162507 1
3.39821e+13 9.12314e+16 9.12319e+16 9.12323e+16 9.12323e+16 9.12323e+16 9.13391e+16 8.10649e+16 0 0 4.64348e+42 0 0.179093 1
3.92419e+13 6.26113e+16 6.26118e+16 6.26121e+16 6.26121e+16 6.26121e+16 6.26777e+16 5.39455e+16 0 0 4.64348e+42 0 0.197804 1
4.53158e+13 4.2512e+16 4.25125e+16 4.25127e+16 4.25127e+16 4.25127e+16 4.25525e+16 3.54379e+16 0 0 4.64348e+42 0 0.218621 1
5.23299e+13 2.8529e+16 2.85294e+16 2.85295e+16 2.85295e+16 2.85295e+16 2.85533e+16 2.29358e+16 0 0 4.64348e+42 0 0.241387 1
6.04296e+13 1.82065e+16 1.82068e+16 1.82069e+16 1.82069e+16 1.82069e+16 1.82205e+16 1.39072e+16 0 0 4.64348e+42 0 0.265741 1
6.97831e+13 1.21196e+16 1.21199e+16 1.21199e+16 1.21199e+16 1.21199e+16 1.2128e+16 8.89516e+15 0 0 4.64348e+42 0 0.291055 1
8.05842e+13 7.95951e+15 7.95972e+15 7.95976e+15 7.95976e+15 7.95976e+15 7.96448e+15 5.59787e+15 0 0 4.64348e+42 0 0.316368 1
9.30572e+13 5.15069e+15 5.15086e+15 5.15088e+15 5.15088e+15 5.15088e+15 5.1536e+15 3.45721e+15 0 0 4.64348e+42 0 0.340344 1
1.07461e+14 3.12436e+15 3.12448e+15 3.1245e+15 3.1245e+15 3.1245e+15 3.12597e+15 1.95819e+15 0 0 4.64348e+42 0 0 1
1.24094e+14 1.99498e+15 1.9951e+15 1.99511e+15 1.99511e+15 1.99511e+15 1.99594e+15 1.18789e+15 0 0 4.64348e+42 0 0 1
1.43301e+14 1.25184e+15 1.25197e+15 1.25197e+15 1.25197e+15 1.25197e+15 1.25244e+15 7.05965e+14 0 0 4.64348e+42 0 0 1
1.65482e+14 7.70672e+14 7.70832e+14 7.70835e+14 7.70835e+14 7.70835e+14 7.7109e+14 4.09622e+14 0 0 4.64348e+42 0 0 1
1.91095e+14 4.34828e+14 4.35015e+14 4.35017e+14 4.35017e+14 4.35017e+14 4.35145e+14 2.10845e+14 0 0 4.64348e+42 0 0 1
2.20673e+14 2.62041e+14 2.62262e+14 2.62263e+14 2.62263e+14 2.62263e+14 2.62331e+14 1.19152e+14 0 0 4.64348e+42 0 0 1
2.5483e+14 1.54287e+14 1.54523e+14 1.54523e+14 1.54523e+14 1.54523e+14 1.54559e+14 6.56075e+13 0 0 4.64348e+42 0 0 1
2.94273e+14 8.85912e+13 8.88187e+13 8.88191e+13 8.88191e+13 8.88191e+13 8.88374e+13 3.50373e+13 0 0 4.64348e+42 0 0 1
3.39821e+14 4.49368e+13 4.51167e+13 4.5117e+13 4.5117e+13 4.5117e+13 4.51252e+13 1.57334e+13 0 0 4.64348e+42 0 0 1
3.92419e+14 2.4951e+13 2.50968e+13 2.5097e+13 2.5097e+13 2.5097e+13 2.5101e+13 8.08471e+12 0 0 4.64348e+42 0 0 1
4.53158e+14 1.34247e+13 1.35329e+13 1.3533e+13 1.3533e+13 1.3533e+13 1.35349e+13 4.02082e+12 0 0 4.64348e+42 0 0 1
5.23299e+14 6.98987e+12 7.06371e+12 7.06374e+12 7.06374e+12 7.06374e+12 7.06464e+12 1.92359e+12 0 0 4.64348e+42 0 0 1
6.04296e+14 3.02485e+12 3.06491e+12 3.06492e+12 3.06492e+12 3.06492e+12 3.06527e+12 7.07925e+11 0 0 4.64348e+42 0 0 1
6.97831e+14 1.49593e+12 1.51983e+12 1.51984e+12 1.51984e+12 1.51984e+12 1.51999e+12 3.19824e+11 0 0 4.64348e+42 0 0 1
8.05842e+14 7.08165e+11 7.21361e+11 7.21365e+11 7.21365e+11 7.21365e+11 7.21429e+11 1.38756e+11 0 0 4.64348e+42 0 0 1
9.30572e+14 3.21059e+11 3.27833e+11 3.27835e+11 3.27835e+11 3.27835e+11 3.27861e+11 5.73631e+10 0 0 4.64348e+42 0 0 1
1.07461e+15 1.09146e+11 1.11686e+11 1.11687e+11 1.11687e+11 1.11687e+11 1.11695e+11 1.56208e+10 0 0 4.64348e+42 0 0 1
1.24094e+15 4.56742e+10 4.682e+10 4.68202e+10 4.68202e+10 4.68202e+10 4.68232e+10 5.89565e+09 0 0 4.64348e+42 0 0 1
1.43301e+15 1.78946e+10 1.83688e+10 1.83689e+10 1.83689e+10 1.83689e+10 1.83699e+10 2.11966e+09 0 0 4.64348e+42 0 0 1
1.65482e+15 6.58391e+09 6.76491e+09 6.76495e+09 6.76495e+09 6.76495e+09 6.76528e+09 7.22606e+08 0 0 4.64348e+42 0 0 1
1.91095e+15 1.54345e+09 1.58678e+09 1.58679e+09 1.58679e+09 1.58679e+09 1.58686e+09 1.21487e+08 0 0 4.64348e+42 0 0 1
2.20673e+15 5.02541e+08 5.16744e+08 5.16747e+08 5.16747e+08 5.16747e+08 5.16767e+08 3.50348e+07 0 0 4.64348e+42 0 0 1
2.5483e+15 1.4667e+08 1.50791e+08 1.50792e+08 1.50792e+08 1.50792e+08 1.50798e+08 9.49496e+06 0 0 4.64348e+42 0 0 1
2.94273e+15 3.80162e+07 3.90663e+07 3.90665e+07 3.90665e+07 3.90665e+07 3.90678e+07 2.47484e+06 0 0 4.64348e+42 0 0 1
3.39821e+15 5.03996e+06 5.17547e+06 5.1755e+06 5.1755e+06 5.1755e+06 5.17565e+06 196531 0 0 4.64348e+42 0 0 1
3.92419e+15 1.10264e+06 1.13124e+06 1.13125e+06 1.13125e+06 1.13125e+06 1.13128e+06 36868.6 0 0 4.64348e+42 0 0 1
4.53158e+15 200755 205739 205740 205740 205740 205745 6162.79 0 0 4.64348e+42 0 0 1
5.23299e+15 28377.8 29047.4 29047.6 29047.6 29047.6 29048.2 1009.59 0 0 4.64348e+42 0 0 1
6.04296e+15 1496.57 1529.91 1529.92 1529.92 1529.92 1529.95 28.8027 0 0 4.64348e+42 0 0 1
6.97831e+15 166.618 170.103 170.104 170.104 170.104 170.107 2.65822 0 0 4.64348e+42 0 0 1
8.05842e+15 13.587 13.8524 13.8525 13.8525 13.8525 13.8527 0.187268 0 0 4.64348e+42 0 0 1
9.30572e+15 0.731675 0.744967 0.744971 0.744971 0.744971 0.744983 0.0119054 0 0 4.64348e+42 0 0 1
1.07461e+16 0.00791683 0.00805 0.00805005 0.00805005 0.00805005 0.00805017 8.13018e-05 0 0 4.64348e+42 0 0 1
1.24094e+16 0.000277154 0.000281455 0.000281456 0.000281456 0.000281456 0.00028146 2.30946e-06 0 0 4.64348e+42 0 0 1
1.43301e+16 5.29264e-06 5.36814e-06 5.36817e-06 5.36817e-06 5.36817e-06 5.36824e-06 3.79938e-08 0 0 4.64348e+42 0 0 1
1.65482e+16 5.23742e-08 5.3059e-08 5.30593e-08 5.30593e-08 5.30593e-08 5.306e-08 3.73231e-10 0 0 4.64348e+42 0 0 1
1.91095e+16 4.77676e-11 4.83385e-11 4.83388e-11 4.83388e-11 4.83388e-11 4.83393e-11 2.99891e-13 0 0 4.64348e+42 0 0 1
2.20673e+16 1.65916e-13 1.67724e-13 1.67725e-13 1.67725e-13 1.67725e-13 1.67727e-13 9.8668e-16 0 0 4.64348e+42 0 0 1
2.5483e+16 1.76243e-16 1.7799e-16 1.77991e-16 1.77991e-16 1.77991e-16 1.77993e-16 1.0296e-18 0 0 4.64348e+42 0 0 1
2.94273e+16 5.72414e-20 5.77563e-20 5.77567e-20 5.77567e-20 5.77567e-20 5.77573e-20 3.32899e-22 0 0 4.64348e+42 0 0 1
3.39821e+16 8.9706e-25 9.0437e-25 9.04375e-25 9.04375e-25 9.04375e-25 9.04385e-25 5.1956e-27 0 0 4.64348e+42 0 0 1
3.92419e+16 3.0165e-29 3.03873e-29 3.03875e-29 3.03875e-29 3.03875e-29 3.03878e-29 1.74459e-31 0 0 4.64348e+42 0 0 1
4.53158e+16 1.45209e-34 1.46175e-34 1.46176e-34 1.46176e-34 1.46176e-34 1.46178e-34 8.39194e-37 0 0 4.64348e+42 0 0 1
5.23299e+16 9.17526e-41 9.23028e-41 9.23034e-41 9.23034e-41 9.23034e-41 9.23044e-41 5.2987e-43 0 0 4.64348e+42 0 0 1
6.04296e+16 1.06038e-48 1.0661e-48 1.06611e-48 1.06611e-48 1.06611e-48 1.06612e-48 6.11998e-51 0 0 4.64348e+42 0 0 1
6.97831e+16 8.60862e-57 8.6504e-57 8.65045e-57 8.65045e-57 8.65045e-57 8.65055e-57 4.96608e-59 0 0 4.64348e+42 0 0 1
8.05842e+16 2.75533e-66 2.76733e-66 2.76735e-66 2.76735e-66 2.76735e-66 2.76738e-66 1.58861e-68 0 0 4.64348e+42 0 0 1
9.30572e+16 0 0 0 0 0 0 0 0 0 4.64348e+42 0 0 1