
1.07461e-07 0 0 8.06226e+52 1.58272e+53 4.97464e+56 0 0 1.73284e+44 0 4.64348e+42 0 0 1
1.24094e-07 0 0 1.02831e+53 1.84418e+53 4.46138e+56 0 0 2.00105e+44 0 4.64348e+42 0 0 1
1.43301e-07 0 0 1.29774e+53 2.15212e+53 3.9998e+56 0 0 2.31078e+44 0 4.64348e+42 0 0 1
1.65482e-07 0 0 1.62318e+53 2.51536e+53 3.58474e+56 0 0 2.66844e+44 0 4.64348e+42 0 0 1
1.91095e-07 0 0 2.0149e+53 2.94435e+53 3.21155e+56 0 0 3.08147e+44 0 4.64348e+42 0 0 1
2.20673e-07 0 0 2.48517e+53 3.45153e+53 2.87606e+56 0 0 3.55843e+44 0 4.64348e+42 0 0 1
2.5483e-07 0 0 3.04859e+53 4.05166e+53 2.57449e+56 0 0 4.10921e+44 0 4.64348e+42 0 0 1
2.94273e-07 0 0 3.72258e+53 4.76234e+53 2.30347e+56 0 0 4.74524e+44 0 4.64348e+42 0 0 1
3.39821e-07 0 0 4.52792e+53 5.6045e+53 2.05995e+56 0 0 5.47971e+44 0 4.64348e+42 0 0 1
3.92419e-07 0 0 5.48934e+53 6.603e+53 1.84117e+56 0 0 6.32788e+44 0 4.64348e+42 0 0 1
4.53158e-07 0 0 6.63625e+53 7.78737e+53 1.64469e+56 0 0 7.30732e+44 0 4.64348e+42 0 0 1
5.23299e-07 0 0 8.0035e+53 9.19257e+53 1.46826e+56 0 0 8.43836e+44 0 4.64348e+42 0 0 1
6.04296e-07 0 0 9.63243e+53 1.086e+54 1.30989e+56 0 0 9.74446e+44 0 4.64348e+42 0 0 1
6.97831e-07 0 0 1.1572e+54 1.28387e+54 1.16779e+56 0 0 1.12527e+45 0 4.64348e+42 0 0 1
8.05842e-07 0 0 1.38802e+54 1.51866e+54 1.04031e+56 0 0 1.29945e+45 0 4.64348e+42 0 0 1
9.30572e-07 0 0 1.66255e+54 1.79723e+54 9.26015e+55 0 0 1.50057e+45 0 4.64348e+42 0 0 1
1.07461e-06 0 0 1.98887e+54 2.12766e+54 8.23573e+55 0 0 1.73284e+45 0 4.64348e+42 0 0 1
1.24094e-06 0 0 2.37654e+54 2.51949e+54 7.318e+55 0 0 2.00105e+45 0 4.64348e+42 0 0 1
1.43301e-06 0 0 2.83682e+54 2.984e+54 6.49628e+55 0 0 2.31077e+45 0 4.64348e+42 0 0 1
1.65482e-06 2.00644e-262 2.00644e-262 3.38298e+54 3.53446e+54 5.76095e+55 0 0 2.66844e+45 3.32323e-267 4.64348e+42 0 0 1
1.91095e-06 7.19301e-180 7.19301e-180 4.03066e+54 4.18648e+54 5.10331e+55 0 0 3.08147e+45 8.65902e-185 4.64348e+42 0 0 1
2.20673e-06 7.92386e-119 7.92386e-119 4.79779e+54 4.95801e+54 4.51555e+55 0 0 3.55842e+45 6.93951e-124 4.64348e+42 0 0 1
2.5483e-06 1.09385e-73 1.09385e-73 5.70124e+54 5.86574e+54 3.99062e+55 0 0 4.1092e+45 6.98105e-79 4.64348e+42 0 0 1
2.94273e-06 2.64807e-40 2.64807e-40 6.74129e+54 6.90941e+54 3.52218e+55 0 0 4.74523e+45 1.23771e-45 4.64348e+42 0 0 1
3.39821e-06 1.29792e-15 1.29792e-15 7.87234e+54 8.04207e+54 3.10448e+55 0 0 5.4797e+45 4.49862e-21 4.64348e+42 0 0 1
3.92419e-06 2352.14 2352.14 8.98521e+54 9.15272e+54 2.73238e+55 0 0 6.32786e+45 0.00618542 4.64348e+42 0 0 1
4.53158e-06 7.3894e+16 7.3894e+16 9.93162e+54 1.00918e+55 2.40122e+55 0 0 7.3073e+45 1.52238e+11 4.64348e+42 0 0 1
5.23299e-06 6.92996e+26 6.92996e+26 1.05797e+55 1.07273e+55 2.10681e+55 0 0 8.43833e+45 1.16062e+21 4.64348e+42 0 0 1
6.04296e-06 1.59574e+34 1.59574e+34 1.08596e+55 1.09906e+55 1.84537e+55 0 0 9.74443e+45 2.25468e+28 4.64348e+42 0 0 1
6.97831e-06 4.29664e+39 4.29664e+39 1.07732e+55 1.08857e+55 1.61349e+55 0 0 1.12527e+46 5.29928e+33 4.64348e+42 0 0 1
8.05842e-06 4.29798e+43 4.29798e+43 1.03765e+55 1.04703e+55 1.40811e+55 0 0 1.29944e+46 4.76592e+37 4.64348e+42 0 0 1
9.30572e-06 3.75942e+46 3.75942e+46 9.7509e+54 9.82715e+54 1.22644e+55 0 0 1.50057e+46 3.84158e+40 4.64348e+42 0 0 1
1.07461e-05 5.41852e+48 5.41852e+48 8.9801e+54 9.04088e+54 1.06601e+55 0 0 1.73283e+46 5.20634e+42 4.64348e+42 0 0 1
1.24094e-05 2.05676e+50 2.05676e+50 8.13651e+54 8.18418e+54 9.24548e+54 0 0 2.00104e+46 1.88877e+44 4.64348e+42 0 0 1
1.43301e-05 2.90862e+51 2.90862e+51 7.27583e+54 7.31273e+54 8.00041e+54 0 0 2.31076e+46 2.58665e+45 4.64348e+42 0 0 1
1.65482e-05 1.9807e+52 1.9807e+52 6.43718e+54 6.46544e+54 6.90657e+54 0 0 2.66842e+46 1.72408e+46 4.64348e+42 0 0 1
1.91095e-05 7.85202e+52 7.85202e+52 5.64559e+54 5.66705e+54 5.94752e+54 0 0 3.08144e+46 6.74847e+46 4.64348e+42 0 0 1
2.20673e-05 2.08497e+53 2.08497e+53 4.91537e+54 4.93154e+54 5.1084e+54 0 0 3.55838e+46 1.78229e+47 4.64348e+42 0 0 1
2.5483e-05 4.11352e+53 4.11352e+53 4.25308e+54 4.2652e+54 4.37588e+54 0 0 4.10915e+46 3.51919e+47 4.64348e+42 0 0 1
2.94273e-05 6.5104e+53 6.5104e+53 3.66015e+54 3.66917e+54 3.73794e+54 0 0 4.74516e+46 5.60458e+47 4.64348e+42 0 0 1
3.39821e-05 8.7475e+53 8.7475e+53 3.13464e+54 3.14134e+54 3.18375e+54 0 0 5.47961e+46 7.61429e+47 4.64348e+42 0 0 1
3.92419e-05 1.04044e+54 1.04044e+54 2.67268e+54 2.67763e+54 2.7036e+54 0 0 6.32773e+46 9.19821e+47 4.64348e+42 0 0 1
4.53158e-05 1.12989e+54 1.12989e+54 2.26933e+54 2.27297e+54 2.28877e+54 0 0 7.30712e+46 1.01875e+48 4.64348e+42 0 0 1
5.23299e-05 1.14617e+54 1.14617e+54 1.9192e+54 1.92186e+54 1.9314e+54 0 0 8.4381e+46 1.05819e+48 4.64348e+42 0 0 1
6.04296e-05 1.10455e+54 1.10455e+54 1.61684e+54 1.61878e+54 1.62449e+54 0 0 9.74412e+46 1.04822e+48 4.64348e+42 0 0 1
6.97831e-05 1.02387e+54 1.02387e+54 1.35695e+54 1.35836e+54 1.36176e+54 0 0 1.12523e+47 1.00257e+48 4.64348e+42 0 0 1
8.05842e-05 9.21323e+53 9.21323e+53 1.13456e+54 1.13558e+54 1.13759e+54 0 0 1.29938e+47 9.34367e+47 4.64348e+42 0 0 1
9.30572e-05 8.10273e+53 8.10273e+53 9.45072e+53 9.45809e+53 9.46986e+53 0 0 1.50049e+47 8.54279e+47 4.64348e+42 0 0 1
0.000107461 6.99955e+53 6.99955e+53 7.84283e+53 7.84812e+53 7.85496e+53 0 0 1.73273e+47 7.70072e+47 4.64348e+42 0 0 1
0.000124094 5.96113e+53 5.96113e+53 6.48404e+53 6.48783e+53 6.49177e+53 0 0 2.00091e+47 6.86936e+47 4.64348e+42 0 0 1
0.000143301 5.01863e+53 5.01863e+53 5.34045e+53 5.34315e+53 5.34541e+53 0 0 2.31058e+47 6.08052e+47 4.64348e+42 0 0 1
0.000165482 4.18514e+53 4.18514e+53 4.3819e+53 4.38382e+53 4.38509e+53 0 0 2.66819e+47 5.35157e+47 4.64348e+42 0 0 1
0.000191095 3.46214e+53 3.46214e+53 3.58173e+53 3.58309e+53 3.58381e+53 0 0 3.08113e+47 4.69013e+47 4.64348e+42 0 0 1
0.000220673 2.84424e+53 2.84424e+53 2.91654e+53 2.9175e+53 2.9179e+53 0 0 3.55797e+47 4.09762e+47 4.64348e+42 0 0 1
0.00025483 2.32234e+53 2.32234e+53 2.36583e+53 2.36651e+53 2.36673e+53 0 0 4.1086e+47 3.5717e+47 4.64348e+42 0 0 1
0.000294273 1.88577e+53 1.88577e+53 1.91181e+53 1.91228e+53 1.9124e+53 0 0 4.74443e+47 3.10797e+47 4.64348e+42 0 0 1
0.000339821 1.52353e+53 1.52353e+53 1.53905e+53 1.53938e+53 1.53945e+53 0 0 5.47863e+47 2.70104e+47 4.64348e+42 0 0 1
0.000392419 1.22508e+53 1.22508e+53 1.2343e+53 1.23452e+53 1.23456e+53 0 0 6.32643e+47 2.3452e+47 4.64348e+42 0 0 1
0.000453158 9.80722e+52 9.80722e+52 9.86169e+52 9.86327e+52 9.86346e+52 0 0 7.3054e+47 2.03483e+47 4.64348e+42 0 0 1
0.000523299 7.81784e+52 7.81784e+52 7.84992e+52 7.851e+52 7.8511e+52 0 0 8.4358e+47 1.76464e+47 4.64348e+42 0 0 1
0.000604296 6.20672e+52 6.20672e+52 6.22553e+52 6.22628e+52 6.22633e+52 0 0 9.74105e+47 1.52975e+47 4.64348e+42 0 0 1
0.000697831 4.90834e+52 4.90834e+52 4.91933e+52 4.91984e+52 4.91987e+52 0 0 1.12482e+48 1.32575e+47 4.64348e+42 0 0 1
0.000805842 3.86684e+52 3.86684e+52 3.87324e+52 3.87359e+52 3.87362e+52 0 0 1.29884e+48 1.14872e+47 4.64348e+42 0 0 1
0.000930572 3.03516e+52 3.03516e+52 3.03888e+52 3.03911e+52 3.03913e+52 0 0 1.49977e+48 9.95183e+46 4.64348e+42 0 0 1
0.00107461 2.37386e+52 2.37386e+52 2.37601e+52 2.37617e+52 2.37618e+52 0 0 1.73176e+48 8.62067e+46 4.64348e+42 0 0 1
0.00124094 1.85022e+52 1.85022e+52 1.85146e+52 1.85157e+52 1.85157e+52 0 0 1.99961e+48 7.46696e+46 4.64348e+42 0 0 1
0.00143301 1.43725e+52 1.43725e+52 1.43796e+52 1.43804e+52 1.43804e+52 0 0 2.30886e+48 6.46724e+46 4.64348e+42 0 0 1
0.00165482 1.11284e+52 1.11284e+52 1.11325e+52 1.1133e+52 1.1133e+52 0 0 2.66588e+48 5.60112e+46 4.64348e+42 0 0 1
0.00191095 8.5896e+51 8.5896e+51 8.59192e+51 8.59224e+51 8.59225e+51 0 0 3.07805e+48 4.85083e+46 4.64348e+42 0 0 1
0.00220673 6.61008e+51 6.61008e+51 6.61139e+51 6.61161e+51 6.61161e+51 0 0 3.55387e+48 4.20095e+46 4.64348e+42 0 0 1
0.0025483 5.07212e+51 5.07212e+51 5.07287e+51 5.07301e+51 5.07301e+51 0 0 4.10313e+48 3.63806e+46 4.64348e+42 0 0 1
0.00294273 3.88134e+51 3.88134e+51 3.88176e+51 3.88186e+51 3.88186e+51 0 0 4.73714e+48 3.15055e+46 4.64348e+42 0 0 1
0.00339821 2.96239e+51 2.96239e+51 2.96263e+51 2.9627e+51 2.9627e+51 0 0 5.46892e+48 2.72834e+46 4.64348e+42 0 0 1
0.00392419 2.25547e+51 2.25547e+51 2.2556e+51 2.25564e+51 2.25564e+51 0 0 6.31348e+48 2.3627e+46 4.64348e+42 0 0 1
0.00453158 1.71327e+51 1.71327e+51 1.71334e+51 1.71337e+51 1.71337e+51 0 0 7.28812e+48 2.04604e+46 4.64348e+42 0 0 1
0.00523299 1.2986e+51 1.2986e+51 1.29864e+51 1.29866e+51 1.29866e+51 0 0 8.41276e+48 1.77182e+46 4.64348e+42 0 0 1
0.00604296 9.82303e+50 9.82303e+50 9.82327e+50 9.82339e+50 9.82339e+50 0 0 9.71034e+48 1.53435e+46 4.64348e+42 0 0 1
0.00697831 7.41657e+50 7.41657e+50 7.4167e+50 7.41677e+50 7.41677e+50 0 0 1.12072e+49 1.3287e+46 4.64348e+42 0 0 1
0.00805842 5.58994e+50 5.58994e+50 5.59002e+50 5.59007e+50 5.59007e+50 0 0 1.29338e+49 1.15061e+46 4.64348e+42 0 0 1
0.00930572 4.20648e+50 4.20648e+50 4.20653e+50 4.20656e+50 4.20656e+50 0 0 1.49249e+49 9.9639e+45 4.64348e+42 0 0 1
0.0107461 3.1608e+50 3.1608e+50 3.16083e+50 3.16085e+50 3.16085e+50 0 0 1.72206e+49 8.6284e+45 4.64348e+42 0 0 1
0.0124094 2.37192e+50 2.37192e+50 2.37193e+50 2.37195e+50 2.37195e+50 0 0 1.98668e+49 7.4719e+45 4.64348e+42 0 0 1
0.0143301 1.7778e+50 1.7778e+50 1.7778e+50 1.77781e+50 1.77781e+50 0 0 2.29162e+49 6.47041e+45 4.64348e+42 0 0 1
0.0165482 1.33106e+50 1.33106e+50 1.33107e+50 1.33107e+50 1.33107e+50 0 0 2.6429e+49 5.60315e+45 4.64348e+42 0 0 1
0.0191095 9.9564e+49 9.9564e+49 9.95642e+49 9.95646e+49 9.95646e+49 0 0 3.04743e+49 4.85213e+45 4.64348e+42 0 0 1
0.0220673 7.44121e+49 7.44121e+49 7.44123e+49 7.44125e+49 7.44125e+49 0 0 3.51306e+49 4.20178e+45 4.64348e+42 0 0 1
0.025483 5.5574e+49 5.5574e+49 5.55741e+49 5.55742e+49 5.55742e+49 0 0 4.04875e+49 3.63859e+45 4.64348e+42 0 0 1
0.0294273 4.14794e+49 4.14794e+49 4.14794e+49 4.14795e+49 4.14795e+49 0 0 4.66468e+49 3.15089e+45 4.64348e+42 0 0 1
0.0339821 3.09435e+49 3.09435e+49 3.09435e+49 3.09436e+49 3.09436e+49 0 0 5.37238e+49 2.72856e+45 4.64348e+42 0 0 1
0.0392419 2.3074e+49 2.3074e+49 2.3074e+49 2.30741e+49 2.30741e+49 0 0 6.18489e+49 2.36283e+45 4.64348e+42 0 0 1
0.0453158 1.72001e+49 1.72001e+49 1.72001e+49 1.72002e+49 1.72002e+49 0 0 7.11687e+49 2.04613e+45 4.64348e+42 0 0 1
0.0523299 1.28183e+49 1.28183e+49 1.28183e+49 1.28183e+49 1.28183e+49 0 0 8.18474e+49 1.77188e+45 4.64348e+42 0 0 1
0.0604296 9.551e+48 9.551e+48 9.551e+48 9.55101e+48 9.55101e+48 0 0 9.40679e+49 1.53438e+45 4.64348e+42 0 0 1
0.0697831 7.11568e+48 7.11568e+48 7.11568e+48 7.11569e+48 7.11569e+48 0 0 1.08033e+50 1.32872e+45 4.64348e+42 0 0 1
0.0805842 5.30102e+48 5.30102e+48 5.30102e+48 5.30102e+48 5.30102e+48 0 0 1.23963e+50 1.15062e+45 4.64348e+42 0 0 1
0.0930572 3.94911e+48 3.94911e+48 3.94911e+48 3.94912e+48 3.94912e+48 0 0 1.42101e+50 9.96399e+44 4.64348e+42 0 0 1
0.107461 2.94211e+48 2.94211e+48 2.94211e+48 2.94211e+48 2.94211e+48 0 0 1.62704e+50 8.62846e+44 4.64348e+42 0 0 1
0.124094 2.19209e+48 2.19209e+48 2.19209e+48 2.19209e+48 2.19209e+48 0 0 1.86043e+50 7.47194e+44 4.64348e+42 0 0 1
0.143301 1.63348e+48 1.63348e+48 1.63348e+48 1.63348e+48 1.63348e+48 0 0 2.12397e+50 6.47043e+44 4.64348e+42 0 0 1
0.165482 1.21743e+48 1.21743e+48 1.21743e+48 1.21743e+48 1.21743e+48 0 0 2.42042e+50 5.60316e+44 4.64348e+42 0 0 1
0.191095 9.07541e+47 9.07541e+47 9.07541e+47 9.07542e+47 9.07542e+47 0 0 2.75242e+50 4.85214e+44 4.64348e+42 0 0 1
0.220673 6.76698e+47 6.76698e+47 6.76698e+47 6.76698e+47 6.76698e+47 0 0 3.12223e+50 4.20178e+44 4.64348e+42 0 0 1
0.25483 5.04714e+47 5.04714e+47 5.04714e+47 5.04714e+47 5.04714e+47 0 0 3.53153e+50 3.63859e+44 4.64348e+42 0 0 1
0.294273 3.76559e+47 3.76559e+47 3.76559e+47 3.76559e+47 3.76559e+47 0 0 3.98104e+50 3.15088e+44 4.64348e+42 0 0 1
0.339821 2.81043e+47 2.81043e+47 2.81043e+47 2.81043e+47 2.81043e+47 0 0 4.47009e+50 2.72855e+44 4.64348e+42 0 0 1
0.392419 2.09836e+47 2.09836e+47 2.09836e+47 2.09836e+47 2.09836e+47 0 0 4.99605e+50 2.36283e+44 4.64348e+42 0 0 1
0.453158 1.56737e+47 1.56737e+47 1.56737e+47 1.56737e+47 1.56737e+47 0 0 5.5536e+50 2.04612e+44 4.64348e+42 0 0 1
0.523299 1.17129e+47 1.17129e+47 1.17129e+47 1.17129e+47 1.17129e+47 0 0 6.13395e+50 1.77187e+44 4.64348e+42 0 0 1
0.604296 8.75727e+46 8.75727e+46 8.75727e+46 8.75727e+46 8.75727e+46 0 0 6.72388e+50 1.53437e+44 4.64348e+42 0 0 1
0.697831 6.55098e+46 6.55098e+46 6.55098e+46 6.55098e+46 6.55098e+46 0 0 7.30483e+50 1.32871e+44 4.64348e+42 0 0 1
0.805842 4.90333e+46 4.90333e+46 4.90333e+46 4.90333e+46 4.90333e+46 0 0 7.85208e+50 1.15062e+44 4.64348e+42 0 0 1
0.930572 3.67231e+46 3.67231e+46 3.67231e+46 3.67231e+46 3.67231e+46 0 0 8.3342e+50 9.96392e+43 4.64348e+42 0 0 1
1.07461 2.75212e+46 2.75212e+46 2.75212e+46 2.75212e+46 2.75212e+46 0 0 8.71335e+50 8.62839e+43 4.64348e+42 0 0 1
1.24094 2.06391e+46 2.06391e+46 2.06391e+46 2.06391e+46 2.06391e+46 0 0 8.94661e+50 7.47187e+43 4.64348e+42 0 0 1
1.43301 1.54892e+46 1.54892e+46 1.54892e+46 1.54892e+46 1.54892e+46 0 0 8.98917e+50 6.47036e+43 4.64348e+42 0 0 1
1.65482 1.16331e+46 1.16331e+46 1.16331e+46 1.16331e+46 1.16331e+46 0 0 8.79976e+50 5.60309e+43 4.64348e+42 0 0 1
1.91095 8.74393e+45 8.74393e+45 8.74393e+45 8.74393e+45 8.74393e+45 0 0 8.34871e+50 4.85207e+43 4.64348e+42 0 0 1
2.20673 6.57779e+45 6.57779e+45 6.57779e+45 6.57779e+45 6.57779e+45 0 0 7.62788e+50 4.20171e+43 4.64348e+42 0 0 1
2.5483 4.95257e+45 4.95257e+45 4.95257e+45 4.95257e+45 4.95257e+45 0 0 6.66082e+50 3.63852e+43 4.64348e+42 0 0 1
2.94273 3.73227e+45 3.73227e+45 3.73227e+45 3.73227e+45 3.73227e+45 0 0 5.50919e+50 3.15082e+43 4.64348e+42 0 0 1
3.39821 2.81529e+45 2.81529e+45 2.81529e+45 2.81529e+45 2.81529e+45 0 0 4.27087e+50 2.72848e+43 4.64348e+42 0 0 1
3.92419 2.12567e+45 2.12567e+45 2.12567e+45 2.12567e+45 2.12567e+45 0 0 3.0657e+50 2.36276e+43 4.64348e+42 0 0 1
4.53158 1.60659e+45 1.60659e+45 1.60659e+45 1.60659e+45 1.60659e+45 0 0 2.00949e+50 2.04606e+43 4.64348e+42 0 0 1
5.23299 1.21552e+45 1.21552e+45 1.21552e+45 1.21552e+45 1.21552e+45 0 0 1.18394e+50 1.7718e+43 4.64348e+42 0 0 1
6.04296 9.20618e+44 9.20618e+44 9.20619e+44 9.20619e+44 9.20619e+44 0 0 6.15903e+49 1.53431e+43 4.64348e+42 0 0 1
6.97831 6.98017e+44 6.98017e+44 6.98017e+44 6.98017e+44 6.98017e+44 0 0 2.77244e+49 1.32864e+43 4.64348e+42 0 0 1
8.05842 5.2982e+44 5.2982e+44 5.2982e+44 5.2982e+44 5.2982e+44 0 0 1.05539e+49 1.15055e+43 4.64348e+42 0 0 1
9.30572 4.02597e+44 4.02597e+44 4.02597e+44 4.02597e+44 4.02597e+44 0 0 3.30961e+48 9.96323e+42 4.64348e+42 0 0 1
10.7461 3.06264e+44 3.06264e+44 3.06264e+44 3.06264e+44 3.06264e+44 0 0 8.29588e+47 8.6277e+42 4.64348e+42 0 0 1
12.4094 2.33239e+44 2.33239e+44 2.33239e+44 2.33239e+44 2.33239e+44 0 0 1.60545e+47 7.47118e+42 4.64348e+42 0 0 1
14.3301 1.77821e+44 1.77821e+44 1.77821e+44 1.77821e+44 1.77821e+44 0 0 2.30454e+46 6.46967e+42 4.64348e+42 0 0 1
16.5482 1.35716e+44 1.35716e+44 1.35716e+44 1.35716e+44 1.35716e+44 0 0 2.34283e+45 5.6024e+42 4.64348e+42 0 0 1
19.1095 1.03689e+44 1.03689e+44 1.03689e+44 1.03689e+44 1.03689e+44 0 0 1.5991e+44 4.85138e+42 4.64348e+42 0 0 1
22.0673 7.92989e+43 7.92989e+43 7.92989e+43 7.92989e+43 7.92989e+43 0 0 6.88983e+42 4.20102e+42 4.64348e+42 0 0 1
25.483 6.07036e+43 6.07036e+43 6.07036e+43 6.07036e+43 6.07036e+43 0 0 1.74507e+41 3.63783e+42 4.64348e+42 0 0 1
29.4273 4.65097e+43 4.65097e+43 4.65097e+43 4.65097e+43 4.65097e+43 0 0 2.39318e+39 3.15013e+42 4.64348e+42 0 0 1
33.9821 3.56634e+43 3.56634e+43 3.56634e+43 3.56634e+43 3.56634e+43 0 0 1.61605e+37 2.7278e+42 4.64348e+42 0 0 1
39.2419 2.73661e+43 2.73661e+43 2.73661e+43 2.73661e+43 2.73661e+43 0 0 4.81539e+34 2.36207e+42 4.64348e+42 0 0 1
45.3158 2.10121e+43 2.10121e+43 2.10121e+43 2.10121e+43 2.10121e+43 0 0 5.57838e+31 2.04537e+42 4.64348e+42 0 0 1
52.3299 1.61415e+43 1.61415e+43 1.61415e+43 1.61415e+43 1.61415e+43 0 0 2.17059e+28 1.77111e+42 4.64348e+42 0 0 1
60.4296 1.24047e+43 1.24047e+43 1.24047e+43 1.24047e+43 1.24047e+43 0 0 2.39609e+24 1.53362e+42 4.64348e+42 0 0 1
69.7831 9.5353e+42 9.5353e+42 9.5353e+42 9.5353e+42 9.5353e+42 0 0 6.17444e+19 1.32796e+42 4.64348e+42 0 0 1
80.5842 7.33042e+42 7.33042e+42 7.33042e+42 7.33042e+42 7.33042e+42 0 0 2.96527e+14 1.14986e+42 4.64348e+42 0 0 1
93.0572 5.63514e+42 5.63514e+42 5.63515e+42 5.63515e+42 5.63515e+42 0 0 2.04631e+08 9.95636e+41 4.64348e+42 0 0 1
107.461 4.33107e+42 4.33107e+42 4.33108e+42 4.33108e+42 4.33108e+42 0 0 15.028 8.62082e+41 4.64348e+42 0 0 1
124.094 3.32761e+42 3.32761e+42 3.32761e+42 3.32761e+42 3.32761e+42 0 0 8.3035e-08 7.4643e+41 4.64348e+42 0 0 1
143.301 2.55533e+42 2.55533e+42 2.55534e+42 2.55534e+42 2.55534e+42 0 0 2.3128e-17 6.4628e+41 4.64348e+42 0 0 1
165.482 1.96098e+42 1.96098e+42 1.96098e+42 1.96098e+42 1.96098e+42 0 0 2.04506e-28 5.59553e+41 4.64348e+42 0 0 1
191.095 1.50364e+42 1.50364e+42 1.50364e+42 1.50364e+42 1.50364e+42 0 0 3.36554e-41 4.8445e+41 4.64348e+42 0 0 1
220.673 1.15185e+42 1.15185e+42 1.15185e+42 1.15185e+42 1.15185e+42 0 0 5.56386e-56 4.19414e+41 4.64348e+42 0 0 1
254.83 8.81405e+41 8.81405e+41 8.81407e+41 8.81407e+41 8.81407e+41 0 0 4.53328e-73 3.63096e+41 4.64348e+42 0 0 1
294.273 6.73643e+41 6.73643e+41 6.73644e+41 6.73644e+41 6.73644e+41 0 0 7.99904e-93 3.14326e+41 4.64348e+42 0 0 1
339.821 5.1418e+41 5.1418e+41 5.14182e+41 5.14182e+41 5.14182e+41 0 0 1.18263e-115 2.72093e+41 4.64348e+42 0 0 1
392.419 3.91921e+41 3.91921e+41 3.91923e+41 3.91923e+41 3.91923e+41 0 0 4.89339e-142 2.3552e+41 4.64348e+42 0 0 1
453.158 2.98301e+41 2.98301e+41 2.98302e+41 2.98302e+41 2.98302e+41 0 0 1.59725e-172 2.0385e+41 4.64348e+42 0 0 1
523.299 2.26709e+41 2.26709e+41 2.2671e+41 2.2671e+41 2.2671e+41 0 0 9.52945e-208 1.76425e+41 4.64348e+42 0 0 1
604.296 1.72042e+41 1.72042e+41 1.72043e+41 1.72043e+41 1.72043e+41 0 0 1.92011e-248 1.52676e+41 4.64348e+42 0 0 1
697.831 1.30365e+41 1.30365e+41 1.30365e+41 1.30365e+41 1.30365e+41 0 0 0 1.3211e+41 4.64348e+42 0 0 1
805.842 9.86408e+40 9.86408e+40 9.86415e+40 9.86415e+40 9.86415e+40 0 0 0 1.143e+41 4.64348e+42 0 0 1
930.572 7.4533e+40 7.4533e+40 7.45336e+40 7.45336e+40 7.45336e+40 0 0 0 9.88784e+40 4.64348e+42 0 0 1
1074.61 5.62427e+40 5.62427e+40 5.62432e+40 5.62432e+40 5.62432e+40 0 0 0 8.55235e+40 4.64348e+42 0 0 1
1240.94 4.23884e+40 4.23884e+40 4.23888e+40 4.23888e+40 4.23888e+40 0 0 0 7.39588e+40 4.64348e+42 0 0 1
1433.01 3.19104e+40 3.19104e+40 3.19108e+40 3.19108e+40 3.19108e+40 0 0 0 6.39444e+40 4.64348e+42 0 0 1
1654.82 2.39976e+40 2.39976e+40 2.3998e+40 2.3998e+40 2.3998e+40 0 0 0 5.52724e+40 4.64348e+42 0 0 1
1910.95 1.80303e+40 1.80303e+40 1.80306e+40 1.80306e+40 1.80306e+40 0 0 0 4.77629e+40 4.64348e+42 0 0 1
2206.73 1.35359e+40 1.35359e+40 1.35361e+40 1.35361e+40 1.35361e+40 0 0 0 4.12603e+40 4.64348e+42 0 0 1
2548.3 1.01547e+40 1.01547e+40 1.01549e+40 1.01549e+40 1.01549e+40 0 0 0 3.56294e+40 4.64348e+42 0 0 1
2942.73 7.61375e+39 7.61375e+39 7.61393e+39 7.61393e+39 7.61393e+39 0 0 0 3.07536e+40 4.64348e+42 0 0 1
3398.21 5.70593e+39 5.70593e+39 5.70609e+39 5.70609e+39 5.70609e+39 0 0 0 2.65317e+40 4.64348e+42 0 0 1
3924.19 4.27465e+39 4.27465e+39 4.27478e+39 4.27478e+39 4.27478e+39 0 0 0 2.28761e+40 4.64348e+42 0 0 1
4531.58 3.20159e+39 3.20159e+39 3.20171e+39 3.20171e+39 3.20171e+39 0 0 0 1.97109e+40 4.64348e+42 0 0 1
5232.99 2.39755e+39 2.39755e+39 2.39765e+39 2.39765e+39 2.39765e+39 0 0 0 1.69706e+40 4.64348e+42 0 0 1
6042.96 1.79534e+39 1.79534e+39 1.79542e+39 1.79542e+39 1.79542e+39 0 0 0 1.45981e+40 4.64348e+42 0 0 1
6978.31 1.34443e+39 1.34443e+39 1.3445e+39 1.3445e+39 1.3445e+39 0 0 0 1.25444e+40 4.64348e+42 0 0 1
8058.42 1.00688e+39 1.00688e+39 1.00694e+39 1.00694e+39 1.00694e+39 0 0 0 1.07667e+40 4.64348e+42 0 0 1
9305.72 7.54216e+38 7.54216e+38 7.54268e+38 7.54268e+38 7.54268e+38 0 0 0 9.2282e+39 4.64348e+42 0 0 1
10746.1 5.6509e+38 5.6509e+38 5.65134e+38 5.65134e+38 5.65134e+38 0 0 0 7.89698e+39 4.64348e+42 0 0 1
12409.4 4.2351e+38 4.2351e+38 4.23548e+38 4.23548e+38 4.23548e+38 0 0 0 6.74539e+39 4.64348e+42 0 0 1
14330.1 3.17504e+38 3.17504e+38 3.17536e+38 3.17536e+38 3.17536e+38 0 0 0 5.74952e+39 4.64348e+42 0 0 1
16548.2 2.38112e+38 2.38112e+38 2.38139e+38 2.38139e+38 2.38139e+38 0 0 0 4.8887e+39 4.64348e+42 0 0 1
19109.5 1.78634e+38 1.78634e+38 1.78657e+38 1.78657e+38 1.78657e+38 0 0 0 4.14501e+39 4.64348e+42 0 0 1
22067.3 1.34058e+38 1.34058e+38 1.34078e+38 1.34078e+38 1.34078e+38 0 0 0 3.503e+39 4.64348e+42 0 0 1
25483 1.00637e+38 1.00637e+38 1.00654e+38 1.00654e+38 1.00654e+38 0 0 0 2.94929e+39 4.64348e+42 0 0 1
29427.3 7.55688e+37 7.55688e+37 7.55829e+37 7.55829e+37 7.55829e+37 0 0 0 2.47231e+39 4.64348e+42 0 0 1
33982.1 5.67578e+37 5.67578e+37 5.67697e+37 5.67697e+37 5.67697e+37 0 0 0 2.06208e+39 4.64348e+42 0 0 1
39241.9 4.26364e+37 4.26364e+37 4.26464e+37 4.26464e+37 4.26464e+37 0 0 0 1.70997e+39 4.64348e+42 0 0 1
45315.8 3.20315e+37 3.20315e+37 3.20398e+37 3.20398e+37 3.20398e+37 0 0 0 1.4085e+39 4.64348e+42 0 0 1
52329.9 2.40646e+37 2.40646e+37 2.40714e+37 2.40714e+37 2.40714e+37 0 0 0 1.15124e+39 4.64348e+42 0 0 1
60429.6 1.80778e+37 1.80778e+37 1.80835e+37 1.80835e+37 1.80835e+37 0 0 0 9.32602e+38 4.64348e+42 0 0 1
69783.1 1.35781e+37 1.35781e+37 1.35827e+37 1.35827e+37 1.35827e+37 0 0 0 7.47728e+38 4.64348e+42 0 0 1
80584.2 1.01956e+37 1.01956e+37 1.01994e+37 1.01994e+37 1.01994e+37 0 0 0 5.92403e+38 4.64348e+42 0 0 1
93057.2 7.65289e+36 7.65289e+36 7.65596e+36 7.65596e+36 7.65596e+36 0 0 0 4.6293e+38 4.64348e+42 0 0 1
107461 5.74162e+36 5.74162e+36 5.74409e+36 5.74409e+36 5.74409e+36 0 0 0 3.56053e+38 4.64348e+42 0 0 1
124094 4.30525e+36 4.30525e+36 4.30722e+36 4.30722e+36 4.30722e+36 0 0 0 2.68873e+38 4.64348e+42 0 0 1
143301 3.22609e+36 3.22609e+36 3.22765e+36 3.22765e+36 3.22765e+36 0 0 0 1.98783e+38 4.64348e+42 0 0 1
165482 2.41564e+36 2.41564e+36 2.41687e+36 2.41687e+36 2.41687e+36 0 0 0 1.43413e+38 4.64348e+42 0 0 1
191095 1.80732e+36 1.80732e+36 1.80828e+36 1.80828e+36 1.80828e+36 0 0 0 1.00585e+38 4.64348e+42 0 0 1
220673 1.351e+36 1.351e+36 1.35175e+36 1.35175e+36 1.35175e+36 0 0 0 6.82823e+37 4.64348e+42 0 0 1
254830 1.00896e+36 1.00896e+36 1.00954e+36 1.00954e+36 1.00954e+36 0 0 0 4.46401e+37 4.64348e+42 0 0 1
294273 7.52792e+35 7.52792e+35 7.5323e+35 7.5323e+35 7.5323e+35 0 0 0 2.79416e+37 4.64348e+42 0 0 1
339821 5.61105e+35 5.61105e+35 5.61438e+35 5.61438e+35 5.61438e+35 0 0 0 1.66327e+37 4.64348e+42 0 0 1
392419 4.1781e+35 4.1781e+35 4.18061e+35 4.18061e+35 4.18061e+35 0 0 0 9.34285e+36 4.64348e+42 0 0 1
453158 3.10798e+35 3.10798e+35 3.10986e+35 3.10986e+35 3.10986e+35 0 0 0 4.908e+36 4.64348e+42 0 0 1
523299 2.30965e+35 2.30965e+35 2.31104e+35 2.31104e+35 2.31104e+35 2.67044e+27 6.6243e+31 0 2.38635e+36 4.64348e+42 0 0 1
604296 1.71469e+35 1.71469e+35 1.71573e+35 1.71573e+35 1.71573e+35 4.11352e+27 6.6529e+31 0 1.06112e+36 4.64348e+42 0 0 1
697831 1.27178e+35 1.27178e+35 1.27254e+35 1.27254e+35 1.27254e+35 5.55661e+27 6.6815e+31 0 4.25595e+35 4.64348e+42 0 0 1
805842 9.42391e+34 9.42391e+34 9.42944e+34 9.42944e+34 9.42944e+34 6.99969e+27 6.7101e+31 0 1.51527e+35 4.64348e+42 0 0 1
930572 6.97686e+34 6.97686e+34 6.98087e+34 6.98087e+34 6.98087e+34 8.44277e+27 6.7387e+31 0 4.70153e+34 4.64348e+42 0 0 1
1.07461e+06 5.16075e+34 5.16075e+34 5.16365e+34 5.16365e+34 5.16365e+34 1.0691e+28 6.77161e+31 0 1.2445e+34 4.64348e+42 0 0 1
1.24094e+06 3.81425e+34 3.81425e+34 3.81633e+34 3.81633e+34 3.81633e+34 1.43434e+28 6.78059e+31 0 2.74205e+33 4.64348e+42 0 0 1
1.43301e+06 2.81687e+34 2.81687e+34 2.81835e+34 2.81835e+34 2.81835e+34 1.91527e+28 6.79208e+31 0 4.88822e+32 4.64348e+42 0 0 1
1.65482e+06 2.07878e+34 2.07878e+34 2.07983e+34 2.07983e+34 2.07983e+34 2.55085e+28 6.80689e+31 0 6.82307e+31 4.64348e+42 0 0 1
1.91095e+06 1.53304e+34 1.53304e+34 1.53379e+34 1.53379e+34 1.53379e+34 3.45901e+28 6.82746e+31 0 7.17986e+30 4.64348e+42 0 0 1
2.20673e+06 1.12987e+34 1.12987e+34 1.13039e+34 1.13039e+34 1.13039e+34 4.62387e+28 6.85414e+31 0 5.45216e+29 4.64348e+42 0 0 1
2.5483e+06 8.32253e+33 8.32253e+33 8.32617e+33 8.32617e+33 8.32617e+33 6.15381e+28 6.88918e+31 0 2.84058e+28 4.64348e+42 0 0 1
2.94273e+06 6.12713e+33 6.12713e+33 6.12967e+33 6.12967e+33 6.12967e+33 8.18347e+28 6.93518e+31 0 9.57866e+26 4.64348e+42 0 0 1
3.39821e+06 4.5088e+33 4.5088e+33 4.51057e+33 4.51057e+33 4.51057e+33 1.11079e+29 6.99935e+31 0 1.95443e+25 4.64348e+42 0 0 1
3.92419e+06 3.31659e+33 3.31659e+33 3.31781e+33 3.31781e+33 3.31781e+33 1.49242e+29 7.08263e+31 0 2.23243e+23 4.64348e+42 0 0 1
4.53158e+06 2.4388e+33 2.4388e+33 2.43965e+33 2.43965e+33 2.43965e+33 2.00685e+29 7.19002e+31 0 1.30492e+21 4.64348e+42 0 0 1
5.23299e+06 1.79284e+33 1.79284e+33 1.79342e+33 1.79342e+33 1.79342e+33 2.69307e+29 7.32581e+31 0 3.51885e+18 4.64348e+42 0 0 1
6.04296e+06 1.31771e+33 1.31771e+33 1.31811e+33 1.31811e+33 1.31811e+33 3.66333e+29 7.50587e+31 0 3.88351e+15 4.64348e+42 0 0 1
6.97831e+06 9.68382e+32 9.68382e+32 9.68657e+32 9.68657e+32 9.68657e+32 4.91772e+29 7.71815e+31 0 1.52757e+12 4.64348e+42 0 0 1
8.05842e+06 7.11659e+32 7.11659e+32 7.11848e+32 7.11848e+32 7.11848e+32 6.55312e+29 7.96896e+31 0 1.8255e+08 4.64348e+42 0 0 1
9.30572e+06 5.23087e+32 5.23087e+32 5.23217e+32 5.23217e+32 5.23217e+32 8.70091e+29 8.25311e+31 0 5511.62 4.64348e+42 0 0 1
1.07461e+07 3.84669e+32 3.84669e+32 3.84758e+32 3.84758e+32 3.84758e+32 1.15841e+30 8.59353e+31 0 0.0339796 4.64348e+42 0 0 1
1.24094e+07 2.83129e+32 2.83129e+32 2.83191e+32 2.83191e+32 2.83191e+32 1.5101e+30 8.92802e+31 0 3.34506e-08 4.64348e+42 0 0 1
1.43301e+07 2.08716e+32 2.08716e+32 2.08759e+32 2.08759e+32 2.08759e+32 1.93296e+30 9.25478e+31 0 3.95834e-15 4.64348e+42 0 0 1
1.65482e+07 1.54256e+32 1.54256e+32 1.54286e+32 1.54286e+32 1.54286e+32 2.42974e+30 9.55815e+31 0 4.05634e-23 4.64348e+42 0 0 1
1.91095e+07 1.14493e+32 1.14493e+32 1.14514e+32 1.14514e+32 1.14514e+32 3.02152e+30 9.81967e+31 0 2.465e-32 4.64348e+42 0 0 1
2.20673e+07 8.54918e+31 8.54918e+31 8.55065e+31 8.55065e+31 8.55065e+31 3.65086e+30 1.00453e+32 0 5.73652e-43 4.64348e+42 0 0 1
2.5483e+07 6.44147e+31 6.44147e+31 6.44253e+31 6.44253e+31 6.44253e+31 4.32906e+30 1.02036e+32 0 3.08553e-55 4.64348e+42 0 0 1
2.94273e+07 4.91166e+31 4.91166e+31 4.91243e+31 4.91243e+31 4.91243e+31 5.00335e+30 1.02055e+32 0 2.14098e-69 4.64348e+42 0 0 1
3.39821e+07 3.80456e+31 3.80456e+31 3.80513e+31 3.80513e+31 3.80513e+31 5.65876e+30 1.00233e+32 0 9.77358e-86 4.64348e+42 0 0 1
3.92419e+07 2.99951e+31 2.99951e+31 2.99994e+31 2.99994e+31 2.99994e+31 6.2173e+30 9.65177e+31 0 1.34878e-104 4.64348e+42 0 0 1
4.53158e+07 2.41593e+31 2.41593e+31 2.41627e+31 2.41627e+31 2.41627e+31 6.70189e+30 9.15646e+31 0 2.29243e-126 4.64348e+42 0 0 1
5.23299e+07 1.99008e+31 1.99008e+31 1.99035e+31 1.99035e+31 1.99035e+31 7.08354e+30 8.58535e+31 0 1.70128e-151 4.64348e+42 0 0 1
6.04296e+07 1.67131e+31 1.67131e+31 1.67153e+31 1.67153e+31 1.67153e+31 7.30259e+30 7.88217e+31 0 1.66467e-180 4.64348e+42 0 0 1
6.97831e+07 1.42513e+31 1.42513e+31 1.42531e+31 1.42531e+31 1.42531e+31 7.34214e+30 7.06264e+31 0 5.38785e-214 4.64348e+42 0 0 1
8.05842e+07 1.22904e+31 1.22904e+31 1.2292e+31 1.2292e+31 1.2292e+31 7.21786e+30 6.14038e+31 0 1.16826e-252 4.64348e+42 0 0 1
9.30572e+07 1.06582e+31 1.06582e+31 1.06595e+31 1.06595e+31 1.06595e+31 6.93421e+30 5.14766e+31 0 0 4.64348e+42 0 0 1
1.07461e+08 9.22548e+30 9.22548e+30 9.22664e+30 9.22664e+30 9.22664e+30 6.49172e+30 4.14073e+31 0 0 4.64348e+42 21.2354 0 1
1.24094e+08 7.98336e+30 7.98336e+30 7.98435e+30 7.98435e+30 7.98435e+30 5.97673e+30 3.27755e+31 0 0 4.64348e+42 18.6556 0 1
1.43301e+08 6.85872e+30 6.85872e+30 6.85958e+30 6.85958e+30 6.85958e+30 5.38599e+30 2.54836e+31 0 0 4.64348e+42 16.3893 0 1
1.65482e+08 5.82008e+30 5.82008e+30 5.82081e+30 5.82081e+30 5.82081e+30 4.73933e+30 1.94987e+31 0 0 4.64348e+42 14.3982 0 1
1.91095e+08 4.82161e+30 4.82161e+30 4.82222e+30 4.82222e+30 4.82222e+30 4.02856e+30 1.45375e+31 0 0 4.64348e+42 12.6491 0 1
2.20673e+08 3.95706e+30 3.95706e+30 3.95756e+30 3.95756e+30 3.95756e+30 3.37512e+30 1.08954e+31 0 0 4.64348e+42 11.1124 0 1
2.5483e+08 3.19741e+30 3.19741e+30 3.19783e+30 3.19783e+30 3.19783e+30 2.77031e+30 8.07382e+30 0 0 4.64348e+42 9.76247 0 1
2.94273e+08 2.54089e+30 2.54089e+30 2.54122e+30 2.54122e+30 2.54122e+30 2.22731e+30 5.91691e+30 0 0 4.64348e+42 8.57649 0 1
3.39821e+08 1.96631e+30 1.96631e+30 1.96657e+30 1.96657e+30 1.96657e+30 1.73596e+30 4.25929e+30 0 0 4.64348e+42 7.86701 0 1
3.92419e+08 1.51757e+30 1.51757e+30 1.51777e+30 1.51777e+30 1.51777e+30 1.34824e+30 3.11613e+30 0 0 4.64348e+42 7.53459 0 1
4.53158e+08 1.1558e+30 1.1558e+30 1.15596e+30 1.15596e+30 1.15596e+30 1.03125e+30 2.26931e+30 0 0 4.64348e+42 7.21622 0 1
5.23299e+08 8.66915e+29 8.66915e+29 8.67036e+29 8.67036e+29 8.67036e+29 7.75244e+29 1.64575e+30 0 0 4.64348e+42 6.9113 0 1
6.04296e+08 6.42549e+29 6.42549e+29 6.4264e+29 6.4264e+29 6.4264e+29 5.75046e+29 1.18094e+30 0 0 4.64348e+42 6.61926 0 1
6.97831e+08 4.81807e+29 4.81807e+29 4.81876e+29 4.81876e+29 4.81876e+29 4.32086e+29 8.64903e+29 0 0 4.64348e+42 6.33957 0 1
8.05842e+08 3.59352e+29 3.59352e+29 3.59404e+29 3.59404e+29 3.59404e+29 3.22721e+29 6.32385e+29 0 0 4.64348e+42 6.07169 0 1
9.30572e+08 2.66292e+29 2.66292e+29 2.66331e+29 2.66331e+29 2.66331e+29 2.39299e+29 4.6127e+29 0 0 4.64348e+42 5.81513 0 1
1.07461e+09 1.9497e+29 1.9497e+29 1.95e+29 1.95e+29 1.95e+29 1.75075e+29 3.31697e+29 0 0 4.64348e+42 5.83609 0 1
1.24094e+09 1.45675e+29 1.45675e+29 1.45697e+29 1.45697e+29 1.45697e+29 1.31007e+29 2.44047e+29 0 0 4.64348e+42 6.13758 0 1
1.43301e+09 1.08996e+29 1.08996e+29 1.09013e+29 1.09013e+29 1.09013e+29 9.81775e+28 1.79078e+29 0 0 4.64348e+42 6.45464 0 1
1.65482e+09 8.13176e+28 8.13176e+28 8.13307e+28 8.13307e+28 8.13307e+28 7.33357e+28 1.31008e+29 0 0 4.64348e+42 6.78808 0 1
1.91095e+09 5.99911e+28 5.99911e+28 6.0001e+28 6.0001e+28 6.0001e+28 5.41001e+28 9.42721e+28 0 0 4.64348e+42 7.13875 0 1
2.20673e+09 4.51105e+28 4.51105e+28 4.51181e+28 4.51181e+28 4.51181e+28 4.07619e+28 6.95126e+28 0 0 4.64348e+42 7.50753 0 1
2.5483e+09 3.38315e+28 3.38315e+28 3.38373e+28 3.38373e+28 3.38373e+28 3.06212e+28 5.11134e+28 0 0 4.64348e+42 7.89536 0 1
2.94273e+09 2.5264e+28 2.5264e+28 2.52685e+28 2.52685e+28 2.52685e+28 2.2894e+28 3.74645e+28 0 0 4.64348e+42 8.30323 0 1
3.39821e+09 1.85605e+28 1.85605e+28 1.85638e+28 1.85638e+28 1.85638e+28 1.68111e+28 2.70102e+28 0 0 4.64348e+42 8.73217 0 1
3.92419e+09 1.3919e+28 1.3919e+28 1.39216e+28 1.39216e+28 1.39216e+28 1.26282e+28 1.99306e+28 0 0 4.64348e+42 9.18326 0 1
4.53158e+09 1.04069e+28 1.04069e+28 1.04089e+28 1.04089e+28 1.04089e+28 9.45499e+27 1.46541e+28 0 0 4.64348e+42 9.65766 0 1
5.23299e+09 7.75598e+27 7.75598e+27 7.75745e+27 7.75745e+27 7.75745e+27 7.0545e+27 1.07307e+28 0 0 4.64348e+42 10.1566 0 1
6.04296e+09 5.67477e+27 5.67477e+27 5.67586e+27 5.67586e+27 5.67586e+27 5.15841e+27 7.73522e+27 0 0 4.64348e+42 10.6812 0 1
6.97831e+09 4.24704e+27 4.24704e+27 4.24788e+27 4.24788e+27 4.24788e+27 3.86757e+27 5.70154e+27 0 0 4.64348e+42 11.233 0 1
8.05842e+09 3.16848e+27 3.16848e+27 3.16912e+27 3.16912e+27 3.16912e+27 2.89016e+27 4.19102e+27 0 0 4.64348e+42 11.8133 0 1
9.30572e+09 2.34974e+27 2.34974e+27 2.35021e+27 2.35021e+27 2.35021e+27 2.14613e+27 3.07208e+27 0 0 4.64348e+42 12.4236 0 1
1.07461e+10 1.71423e+27 1.71423e+27 1.71458e+27 1.71458e+27 1.71458e+27 1.56574e+27 2.22148e+27 0 0 4.64348e+42 13.9395 0 1
1.24094e+10 1.27264e+27 1.27264e+27 1.2729e+27 1.2729e+27 1.2729e+27 1.16477e+27 1.64287e+27 0 0 4.64348e+42 16.6868 0 1
1.43301e+10 9.3922e+26 9.3922e+26 9.39421e+26 9.39421e+26 9.39421e+26 8.61204e+26 1.21193e+27 0 0 4.64348e+42 19.9755 0 1
1.65482e+10 6.90917e+26 6.90917e+26 6.91067e+26 6.91067e+26 6.91067e+26 6.34779e+26 8.91285e+26 0 0 4.64348e+42 23.9123 0 1
1.91095e+10 4.99275e+26 4.99275e+26 4.99385e+26 4.99385e+26 4.99385e+26 4.59109e+26 6.4457e+26 0 0 4.64348e+42 28.6251 0 1
2.20673e+10 3.68264e+26 3.68264e+26 3.68347e+26 3.68347e+26 3.68347e+26 3.39717e+26 4.76991e+26 0 0 4.64348e+42 34.2667 34.7254 1
2.5483e+10 2.70645e+26 2.70645e+26 2.70707e+26 2.70707e+26 2.70707e+26 2.50528e+26 3.51812e+26 0 0 4.64348e+42 41.0201 22.9578 1
2.94273e+10 1.98178e+26 1.98178e+26 1.98224e+26 1.98224e+26 1.98224e+26 1.84209e+26 2.58581e+26 0 0 4.64348e+42 49.1046 15.5417 1
3.39821e+10 1.42277e+26 1.42277e+26 1.42312e+26 1.42312e+26 1.42312e+26 1.32903e+26 1.86599e+26 0 0 4.64348e+42 58.7824 10.7604 1
3.92419e+10 1.04203e+26 1.04203e+26 1.0423e+26 1.0423e+26 1.0423e+26 9.849e+25 1.38094e+26 0 0 4.64348e+42 70.3675 7.61059 1
4.53158e+10 7.53759e+25 7.53759e+25 7.53985e+25 7.53985e+25 7.53985e+25 7.28264e+25 1.01943e+26 0 0 4.64348e+42 84.2359 5.49245 1
5.23299e+10 5.34425e+25 5.34425e+25 5.34628e+25 5.34628e+25 5.34628e+25 5.3761e+25 7.50436e+25 0 0 4.64348e+42 100.837 4.04008 1
6.04296e+10 3.62849e+25 3.62849e+25 3.63039e+25 3.63039e+25 3.63039e+25 3.90281e+25 5.42287e+25 0 0 4.64348e+42 120.711 3.02568 1
6.97831e+10 2.44152e+25 2.44152e+25 2.44338e+25 2.44338e+25 2.44338e+25 2.90763e+25 4.02272e+25 0 0 4.64348e+42 144.501 2.3047 1
8.05842e+10 1.58556e+25 1.58556e+25 1.58732e+25 1.58732e+25 1.58732e+25 2.16032e+25 2.97697e+25 0 0 4.64348e+42 172.98 1.78376 1
9.30572e+10 1.00135e+25 1.00135e+25 1.00296e+25 1.00296e+25 1.00296e+25 1.6006e+25 2.19663e+25 0 0 4.64348e+42 207.072 1.40144 1
1.07461e+11 6.12587e+24 6.12587e+24 6.13948e+24 6.13948e+24 6.13948e+24 1.16343e+25 1.58954e+25 0 0 4.64348e+42 247.883 1.11671 1
1.24094e+11 3.83025e+24 3.83025e+24 3.84161e+24 3.84161e+24 3.84161e+24 8.66324e+24 1.18049e+25 0 0 4.64348e+42 296.737 0.901709 1
1.43301e+11 2.40603e+24 2.40603e+24 2.41518e+24 2.41518e+24 2.41518e+24 6.42827e+24 8.74194e+24 0 0 4.64348e+42 355.22 0.737233 1
1.65482e+11 1.52713e+24 1.52713e+24 1.5343e+24 1.5343e+24 1.5343e+24 4.75115e+24 6.45176e+24 0 0 4.64348e+42 425.228 0.609868 1
1.91095e+11 9.67601e+23 9.67601e+23 9.73022e+23 9.73022e+23 9.73022e+23 3.44306e+24 4.66575e+24 0 0 4.64348e+42 509.034 0.510106 1
2.20673e+11 6.40084e+23 6.40084e+23 6.44233e+23 6.44233e+23 6.44233e+23 2.55772e+24 3.46315e+24 0 0 4.64348e+42 609.357 0.431129 1
2.5483e+11 4.30148e+23 4.30148e+23 4.33285e+23 4.33285e+23 4.33285e+23 1.89375e+24 2.56264e+24 0 0 4.64348e+42 729.453 0.367983 1
2.94273e+11 2.93413e+23 2.93413e+23 2.95763e+23 2.95763e+23 2.95763e+23 1.39737e+24 1.88958e+24 0 0 4.64348e+42 873.217 0.317029 1
3.39821e+11 1.99755e+23 1.99755e+23 2.01474e+23 2.01474e+23 2.01474e+23 1.01137e+24 1.3647e+24 0 0 4.64348e+42 0 0.275565 1
3.92419e+11 1.41648e+23 1.41649e+23 1.42933e+23 1.42933e+23 1.42933e+23 7.50735e+23 1.01181e+24 0 0 4.64348e+42 0 0.241562 1
4.53158e+11 1.01576e+23 1.01576e+23 1.0253e+23 1.0253e+23 1.0253e+23 5.55448e+23 7.47749e+23 0 0 4.64348e+42 0 0.213483 1
5.23299e+11 7.35444e+22 7.35444e+22 7.42491e+22 7.42491e+22 7.42491e+22 4.09541e+23 5.5055e+23 0 0 4.64348e+42 0 0.190154 1
6.04296e+11 5.28235e+22 5.28235e+22 5.3333e+22 5.3333e+22 5.3333e+22 2.96033e+23 3.96846e+23 0 0 4.64348e+42 0 0.170669 1
6.97831e+11 3.93223e+22 3.93223e+22 3.96994e+22 3.96994e+22 3.96994e+22 2.19509e+23 2.93708e+23 0 0 4.64348e+42 0 0.154323 1
8.05842e+11 2.94452e+22 2.94452e+22 2.9723e+22 2.9723e+22 2.9723e+22 1.62214e+23 2.16627e+23 0 0 4.64348e+42 0 0.140565 1
9.30572e+11 2.21508e+22 2.21509e+22 2.23546e+22 2.23546e+22 2.23546e+22 1.19444e+23 1.59144e+23 0 0 4.64348e+42 0 0.12896 1
1.07461e+12 1.64454e+22 1.64454e+22 1.65916e+22 1.65916e+22 1.65916e+22 8.61738e+22 1.14385e+23 0 0 4.64348e+42 0 0.119166 1
1.24094e+12 1.26055e+22 1.26055e+22 1.2713e+22 1.2713e+22 1.2713e+22 6.37911e+22 8.44356e+22 0 0 4.64348e+42 0 0.110908 1
1.43301e+12 9.68006e+21 9.68007e+21 9.75871e+21 9.75871e+21 9.75871e+21 4.70533e+22 6.20959e+22 0 0 4.64348e+42 0 0.103969 1
1.65482e+12 7.43962e+21 7.43962e+21 7.49687e+21 7.49687e+21 7.49687e+21 3.45747e+22 4.54709e+22 0 0 4.64348e+42 0 0.098177 1
1.91095e+12 5.62055e+21 5.62055e+21 5.6613e+21 5.6613e+21 5.6613e+21 2.48755e+22 3.25481e+22 0 0 4.64348e+42 0 0.0933933 1
2.20673e+12 4.3721e+21 4.37211e+21 4.40184e+21 4.40184e+21 4.40184e+21 1.83682e+22 2.39359e+22 0 0 4.64348e+42 0 0.0895108 1
2.5483e+12 3.39692e+21 3.39692e+21 3.4185e+21 3.4185e+21 3.4185e+21 1.35112e+22 1.75301e+22 0 0 4.64348e+42 0 0.0864461 1
2.94273e+12 2.63393e+21 2.63393e+21 2.6495e+21 2.6495e+21 2.6495e+21 9.89778e+21 1.27781e+22 0 0 4.64348e+42 0 0.0841374 1
3.39821e+12 2.00094e+21 2.00094e+21 2.01192e+21 2.01192e+21 2.01192e+21 7.09275e+21 9.09326e+21 0 0 4.64348e+42 0 0.082541 1
3.92419e+12 1.56235e+21 1.56235e+21 1.57028e+21 1.57028e+21 1.57028e+21 5.21847e+21 6.65201e+21 0 0 4.64348e+42 0 0.08163 1
4.53158e+12 1.21552e+21 1.21552e+21 1.22122e+21 1.22122e+21 1.22122e+21 3.82334e+21 4.84362e+21 0 0 4.64348e+42 0 0.0813928 1
5.23299e+12 9.41624e+20 9.41624e+20 9.45694e+20 9.45694e+20 9.45694e+20 2.78859e+21 3.50817e+21 0 0 4.64348e+42 0 0.0818329 1
6.04296e+12 7.1251e+20 7.1251e+20 7.15344e+20 7.15344e+20 7.15344e+20 1.98702e+21 2.47622e+21 0 0 4.64348e+42 0 0.0829683 1
6.97831e+12 5.5356e+20 5.53561e+20 5.55584e+20 5.55584e+20 5.55584e+20 1.4545e+21 1.79826e+21 0 0 4.64348e+42 0 0.0848322 1
8.05842e+12 4.27682e+20 4.27683e+20 4.29118e+20 4.29118e+20 4.29118e+20 1.0597e+21 1.29898e+21 0 0 4.64348e+42 0 0.0874729 1
9.30572e+12 3.28378e+20 3.28379e+20 3.2939e+20 3.2939e+20 3.2939e+20 7.68153e+20 9.32636e+20 0 0 4.64348e+42 0 0.0909553 1
1.07461e+13 2.45533e+20 2.45534e+20 2.46228e+20 2.46228e+20 2.46228e+20 5.43019e+20 6.50916e+20 0 0 4.64348e+42 0 0.0953611 1
1.24094e+13 1.88445e+20 1.88445e+20 1.88934e+20 1.88934e+20 1.88934e+20 3.9468e+20 4.68025e+20 0 0 4.64348e+42 0 0.10079 1
1.43301e+13 1.43586e+20 1.43586e+20 1.43927e+20 1.43927e+20 1.43927e+20 2.85326e+20 3.34434e+20 0 0 4.64348e+42 0 0.10736 1
1.65482e+13 1.08543e+20 1.08543e+20 1.08781e+20 1.08781e+20 1.08781e+20 2.05068e+20 2.37277e+20 0 0 4.64348e+42 0 0.115206 1
1.91095e+13 7.9648e+19 7.96481e+19 7.98081e+19 7.98081e+19 7.98081e+19 1.43383e+20 1.63072e+20 0 0 4.64348e+42 0 0.12448 1
2.20673e+13 6.00238e+19 6.0024e+19 6.01349e+19 6.01349e+19 6.01349e+19 1.03202e+20 1.15688e+20 0 0 4.64348e+42 0 0.135345 1
2.5483e+13 4.48421e+19 4.48422e+19 4.49186e+19 4.49186e+19 4.49186e+19 7.38164e+19 8.14668e+19 0 0 4.64348e+42 0 0.147968 1
2.94273e+13 3.31887e+19 3.31888e+19 3.3241e+19 3.3241e+19 3.3241e+19 5.24383e+19 5.68842e+19 0 0 4.64348e+42 0 0.162507 1
3.39821e+13 2.37524e+19 2.37526e+19 2.37871e+19 2.37871e+19 2.37871e+19 3.61131e+19 3.82827e+19 0 0 4.64348e+42 0 0.179093 1
3.92419e+13 1.74871e+19 1.74873e+19 1.75108e+19 1.75108e+19 1.75108e+19 2.56502e+19 2.66745e+19 0 0 4.64348e+42 0 0.197804 1
4.53158e+13 1.27456e+19 1.27457e+19 1.27617e+19 1.27617e+19 1.27617e+19 1.80826e+19 1.84202e+19 0 0 4.64348e+42 0 0.218621 1
5.23299e+13 9.19061e+18 9.19074e+18 9.20145e+18 9.20145e+18 9.20145e+18 1.26438e+19 1.25902e+19 0 0 4.64348e+42 0 0.241387 1
6.04296e+13 6.37688e+18 6.377e+18 6.38394e+18 6.38394e+18 6.38394e+18 8.52829e+18 8.2349e+18 0 0 4.64348e+42 0 0.265741 1
6.97831e+13 4.56497e+18 4.56507e+18 4.56973e+18 4.56973e+18 4.56973e+18 5.94942e+18 5.60171e+18 0 0 4.64348e+42 0 0.291055 1
8.05842e+13 3.23053e+18 3.23062e+18 3.23372e+18 3.23372e+18 3.23372e+18 4.1127e+18 3.76877e+18 0 0 4.64348e+42 0 0.316368 1
9.30572e+13 2.25825e+18 2.25832e+18 2.26036e+18 2.26036e+18 2.26036e+18 2.81476e+18 2.50371e+18 0 0 4.64348e+42 0 0.340344 1
1.07461e+14 1.5085e+18 1.50856e+18 1.50986e+18 1.50986e+18 1.50986e+18 1.84502e+18 1.57511e+18 0 0 4.64348e+42 0 0 1
1.24094e+14 1.04442e+18 1.04448e+18 1.04533e+18 1.04533e+18 1.04533e+18 1.25617e+18 1.03771e+18 0 0 4.64348e+42 0 0 1
1.43301e+14 7.13485e+17 7.13557e+17 7.14112e+17 7.14112e+17 7.14112e+17 8.45626e+17 6.74359e+17 0 0 4.64348e+42 0 0 1
1.65482e+14 4.80399e+17 4.80499e+17 4.80857e+17 4.80857e+17 4.80857e+17 5.62209e+17 4.31353e+17 0 0 4.64348e+42 0 0 1
1.91095e+14 3.05921e+17 3.06052e+17 3.06271e+17 3.06271e+17 3.06271e+17 3.54221e+17 2.57253e+17 0 0 4.64348e+42 0 0 1
2.20673e+14 2.03272e+17 2.03444e+17 2.03584e+17 2.03584e+17 2.03584e+17 2.33334e+17 1.62405e+17 0 0 4.64348e+42 0 0 1
2.5483e+14 1.32876e+17 1.3308e+17 1.33168e+17 1.33168e+17 1.33168e+17 1.51513e+17 1.00775e+17 0 0 4.64348e+42 0 0 1
2.94273e+14 8.53312e+16 8.55503e+16 8.56057e+16 8.56057e+16 8.56057e+16 9.68451e+16 6.12948e+16 0 0 4.64348e+42 0 0 1
3.39821e+14 5.09967e+16 5.12009e+16 5.12332e+16 5.12332e+16 5.12332e+16 5.77214e+16 3.39419e+16 0 0 4.64348e+42 0 0 1
3.92419e+14 3.21363e+16 3.23242e+16 3.23442e+16 3.23442e+16 3.23442e+16 3.63451e+16 2.0242e+16 0 0 4.64348e+42 0 0 1
4.53158e+14 1.98424e+16 2.00023e+16 2.00144e+16 2.00144e+16 2.00144e+16 2.24638e+16 1.18113e+16 0 0 4.64348e+42 0 0 1
5.23299e+14 1.19857e+16 1.21123e+16 1.21195e+16 1.21195e+16 1.21195e+16 1.36055e+16 6.71872e+15 0 0 4.64348e+42 0 0 1
6.04296e+14 6.5713e+15 6.65833e+15 6.66223e+15 6.66223e+15 6.66223e+15 7.49043e+15 3.35177e+15 0 0 4.64348e+42 0 0 1
6.97831e+14 3.86629e+15 3.92806e+15 3.93033e+15 3.93033e+15 3.93033e+15 4.43119e+15 1.85238e+15 0 0 4.64348e+42 0 0 1
8.05842e+14 2.21704e+15 2.25835e+15 2.25964e+15 2.25964e+15 2.25964e+15 2.55772e+15 9.95903e+14 0 0 4.64348e+42 0 0 1
9.30572e+14 1.237e+15 1.2631e+15 1.26381e+15 1.26381e+15 1.26381e+15 1.43783e+15 5.18348e+14 0 0 4.64348e+42 0 0 1
1.07461e+15 6.01267e+14 6.1526e+14 6.15605e+14 6.15605e+14 6.15605e+14 7.04698e+14 2.22712e+14 0 0 4.64348e+42 0 0 1
1.24094e+15 3.22965e+14 3.31067e+14 3.31252e+14 3.31252e+14 3.31252e+14 3.81915e+14 1.11133e+14 0 0 4.64348e+42 0 0 1
1.43301e+15 1.67682e+14 1.72125e+14 1.72221e+14 1.72221e+14 1.72221e+14 2.00171e+14 5.35728e+13 0 0 4.64348e+42 0 0 1
1.65482e+15 8.40499e+13 8.63606e+13 8.64084e+13 8.64084e+13 8.64084e+13 1.01333e+14 2.47859e+13 0 0 4.64348e+42 0 0 1
1.91095e+15 3.42247e+13 3.51854e+13 3.52049e+13 3.52049e+13 3.52049e+13 4.16878e+13 8.55497e+12 0 0 4.64348e+42 0 0 1
2.20673e+15 1.61867e+13 1.66441e+13 1.66533e+13 1.66533e+13 1.66533e+13 1.9926e+13 3.71552e+12 0 0 4.64348e+42 0 0 1
2.5483e+15 7.29754e+12 7.50259e+12 7.50673e+12 7.50673e+12 7.50673e+12 9.08124e+12 1.54649e+12 0 0 4.64348e+42 0 0 1
2.94273e+15 3.14028e+12 3.22703e+12 3.22881e+12 3.22881e+12 3.22881e+12 3.95128e+12 6.11969e+11 0 0 4.64348e+42 0 0 1
3.39821e+15 9.75564e+11 1.0018e+12 1.00235e+12 1.00235e+12 1.00235e+12 1.24137e+12 1.51006e+11 0 0 4.64348e+42 0 0 1
3.92419e+15 3.8329e+11 3.93233e+11 3.93451e+11 3.93451e+11 3.93451e+11 4.93293e+11 5.38917e+10 0 0 4.64348e+42 0 0 1
4.53158e+15 1.39886e+11 1.43359e+11 1.43438e+11 1.43438e+11 1.43438e+11 1.82105e+11 1.82828e+10 0 0 4.64348e+42 0 0 1
5.23299e+15 4.76012e+10 4.87243e+10 4.87515e+10 4.87515e+10 4.87515e+10 6.26834e+10 5.88654e+09 0 0 4.64348e+42 0 0 1
6.04296e+15 9.76541e+09 9.98298e+09 9.98856e+09 9.98856e+09 9.98856e+09 1.30079e+10 8.44986e+08 0 0 4.64348e+42 0 0 1
6.97831e+15 2.89957e+09 2.96022e+09 2.96188e+09 2.96188e+09 2.96188e+09 3.90662e+09 2.23546e+08 0 0 4.64348e+42 0 0 1
8.05842e+15 7.60822e+08 7.75688e+08 7.76125e+08 7.76125e+08 7.76125e+08 1.03669e+09 5.52111e+07 0 0 4.64348e+42 0 0 1
9.30572e+15 1.73536e+08 1.76689e+08 1.76789e+08 1.76789e+08 1.76789e+08 2.391e+08 1.31851e+07 0 0 4.64348e+42 0 0 1
1.07461e+16 1.88636e+07 1.91809e+07 1.91918e+07 1.91918e+07 1.91918e+07 2.62745e+07 835793 0 0 4.64348e+42 0 0 1
1.24094e+16 3.57468e+06 3.63015e+06 3.63222e+06 3.63222e+06 3.63222e+06 5.03203e+06 136308 0 0 4.64348e+42 0 0 1
1.43301e+16 550831 558689 559009 559009 559009 783378 19332.4 0 0 4.64348e+42 0 0 1
1.65482e+16 63485.2 64315.3 64352.4 64352.4 64352.4 91180.3 2682.19 0 0 4.64348e+42 0 0 1
1.91095e+16 2426.01 2455 2456.43 2456.43 2456.43 3517.26 56.5638 0 0 4.64348e+42 0 0 1
2.20673e+16 213.348 215.673 215.799 215.799 215.799 312.085 4.13691 0 0 4.64348e+42 0 0 1
2.5483e+16 13.1118 13.2418 13.2495 13.2495 13.2495 19.3416 0.218666 0 0 4.64348e+42 0 0 1
2.94273e+16 0.513513 0.518132 0.518437 0.518437 0.518437 0.763453 0.00982069 0 0 4.64348e+42 0 0 1
3.39821e+16 0.00331749 0.00334452 0.0033465 0.0033465 0.0033465 0.00496806 4.33882e-05 0 0 4.64348e+42 0 0 1
3.92419e+16 7.70813e-05 7.76492e-05 7.76955e-05 7.76955e-05 7.76955e-05 0.0001162 8.39905e-07 0 0 4.64348e+42 0 0 1
4.53158e+16 8.67581e-07 8.73353e-07 8.73877e-07 8.73877e-07 8.73877e-07 1.31575e-06 8.49154e-09 0 0 4.64348e+42 0 0 1
5.23299e+16 4.56637e-09 4.59375e-09 4.59652e-09 4.59652e-09 4.59652e-09 6.96239e-09 4.42482e-11 0 0 4.64348e+42 0 0 1
6.04296e+16 1.90078e-12 1.91104e-12 1.9122e-12 1.9122e-12 1.9122e-12 2.91177e-12 1.72847e-14 0 0 4.64348e+42 0 0 1
6.97831e+16 2.76571e-15 2.77913e-15 2.78083e-15 2.78083e-15 2.78083e-15 4.25387e-15 2.46383e-17 0 0 4.64348e+42 0 0 1
8.05842e+16 1.05167e-18 1.05625e-18 1.05689e-18 1.05689e-18 1.05689e-18 1.62299e-18 9.31673e-21 0 0 4.64348e+42 0 0 1
9.30572e+16 0 0 0 0 0 0 0 0 0 4.64348e+42 0 0 1