
1.07461e-07 0 0 3.989e+32 2.87186e+49 6.44157e+57 0 0 1.44532e+43 0 4.64348e+42 0 0 0
1.24094e-07 0 0 8.07767e+34 3.19967e+49 5.64485e+57 0 0 1.66903e+43 0 4.64348e+42 0 0 0
1.43301e-07 0 0 8.11606e+36 3.55252e+49 4.92903e+57 0 0 1.92737e+43 0 4.64348e+42 0 0 0
1.65482e-07 0 0 4.44173e+38 3.92982e+49 4.28776e+57 0 0 2.22569e+43 0 4.64348e+42 0 0 0
1.91095e-07 0 0 1.43548e+40 4.33064e+49 3.71526e+57 0 0 2.57019e+43 0 4.64348e+42 0 0 0
2.20673e-07 0 0 2.93825e+41 4.75385e+49 3.20627e+57 0 0 2.96801e+43 0 4.64348e+42 0 0 0
2.5483e-07 0 0 4.04768e+42 5.19841e+49 2.75595e+57 0 0 3.4274e+43 0 4.64348e+42 0 0 0
2.94273e-07 0 0 3.95604e+43 5.66384e+49 2.35978e+57 0 0 3.9579e+43 0 4.64348e+42 0 0 0
3.39821e-07 0 0 2.87202e+44 6.15082e+49 2.01354e+57 0 0 4.57052e+43 0 4.64348e+42 0 0 0
3.92419e-07 0 0 1.61204e+45 6.6621e+49 1.71316e+57 0 0 5.27795e+43 0 4.64348e+42 0 0 0
4.53158e-07 0 0 7.24506e+45 7.2034e+49 1.45467e+57 0 0 6.09488e+43 0 4.64348e+42 0 0 0
5.23299e-07 0 0 2.68871e+46 7.78453e+49 1.23416e+57 0 0 7.03826e+43 0 4.64348e+42 0 0 0
6.04296e-07 0 0 8.46501e+46 8.42028e+49 1.04773e+57 0 0 8.12765e+43 0 4.64348e+42 0 0 0
6.97831e-07 0 0 2.31538e+47 9.13108e+49 8.91462e+56 0 0 9.38567e+43 0 4.64348e+42 0 0 0
8.05842e-07 0 0 5.61774e+47 9.94303e+49 7.61455e+56 0 0 1.08384e+44 0 4.64348e+42 0 0 0
9.30572e-07 0 0 1.23101e+48 1.08871e+50 6.53865e+56 0 0 1.2516e+44 0 4.64348e+42 0 0 0
1.07461e-06 0 0 2.47381e+48 1.19976e+50 5.64997e+56 0 0 1.44532e+44 0 4.64348e+42 0 0 0
1.24094e-06 0 0 4.61731e+48 1.33098e+50 4.91404e+56 0 0 1.66903e+44 0 4.64348e+42 0 0 0
1.43301e-06 0 0 8.08763e+48 1.48573e+50 4.30005e+56 0 0 1.92737e+44 0 4.64348e+42 0 0 0
1.65482e-06 0 0 1.34054e+49 1.6671e+50 3.78169e+56 0 0 2.22569e+44 0 4.64348e+42 0 0 0
1.91095e-06 0 0 2.11689e+49 1.87782e+50 3.33772e+56 0 0 2.57019e+44 0 4.64348e+42 0 0 0
2.20673e-06 0 0 3.20293e+49 2.12053e+50 2.95198e+56 0 0 2.96801e+44 0 4.64348e+42 0 0 0
2.5483e-06 0 0 4.66659e+49 2.39809e+50 2.6128e+56 0 0 3.4274e+44 0 4.64348e+42 0 0 0
2.94273e-06 0 0 6.57718e+49 2.71409e+50 2.31216e+56 0 0 3.9579e+44 0 4.64348e+42 0 0 0
3.39821e-06 0 0 9.0058e+49 3.07324e+50 2.04457e+56 0 0 4.57051e+44 0 4.64348e+42 0 0 0
3.92419e-06 0 0 1.20274e+50 3.48172e+50 1.80615e+56 0 0 5.27795e+44 0 4.64348e+42 0 0 0
4.53158e-06 0 0 1.5724e+50 3.94743e+50 1.59392e+56 0 0 6.09488e+44 0 4.64348e+42 0 0 0
5.23299e-06 0 0 2.01893e+50 4.48012e+50 1.40535e+56 0 0 7.03825e+44 0 4.64348e+42 0 0 0
6.04296e-06 0 0 2.55323e+50 5.09166e+50 1.23815e+56 0 0 8.12765e+44 0 4.64348e+42 0 0 0
6.97831e-06 0 0 3.18826e+50 5.7962e+50 1.0902e+56 0 0 9.38566e+44 0 4.64348e+42 0 0 0
8.05842e-06 0 0 3.93943e+50 6.61042e+50 9.59493e+55 0 0 1.08384e+45 0 4.64348e+42 0 0 0
9.30572e-06 0 0 4.82506e+50 7.55384e+50 8.4415e+55 0 0 1.2516e+45 0 4.64348e+42 0 0 0
1.07461e-05 0 0 5.86688e+50 8.64929e+50 7.42435e+55 0 0 1.44532e+45 0 4.64348e+42 0 0 0
1.24094e-05 0 0 7.09069e+50 9.92355e+50 6.52761e+55 0 0 1.66903e+45 0 4.64348e+42 0 0 0
1.43301e-05 0 0 8.52733e+50 1.14084e+51 5.73697e+55 0 0 1.92737e+45 0 4.64348e+42 0 0 0
1.65482e-05 0 0 1.0214e+51 1.3142e+51 5.03976e+55 0 0 2.22569e+45 0 4.64348e+42 0 0 0
1.91095e-05 0 0 1.21957e+51 1.51706e+51 4.42485e+55 0 0 2.57018e+45 0 4.64348e+42 0 0 0
2.20673e-05 0 0 1.45272e+51 1.75497e+51 3.88252e+55 0 0 2.968e+45 0 4.64348e+42 0 0 0
2.5483e-05 0 0 1.72743e+51 2.03463e+51 3.40428e+55 0 0 3.42739e+45 0 4.64348e+42 0 0 0
2.94273e-05 0 0 2.05157e+51 2.36399e+51 2.98268e+55 0 0 3.95789e+45 0 4.64348e+42 0 0 0
3.39821e-05 0 0 2.43453e+51 2.75247e+51 2.61116e+55 0 0 4.57049e+45 0 4.64348e+42 0 0 0
3.92419e-05 0 0 2.88743e+51 3.21125e+51 2.28391e+55 0 0 5.27792e+45 0 4.64348e+42 0 0 0
4.53158e-05 0 0 3.42361e+51 3.7537e+51 1.99578e+55 0 0 6.09484e+45 0 4.64348e+42 0 0 0
5.23299e-05 0 0 4.059e+51 4.39578e+51 1.74224e+55 0 0 7.0382e+45 0 4.64348e+42 0 0 0
6.04296e-05 0 0 4.81263e+51 5.15655e+51 1.51926e+55 0 0 8.12758e+45 0 4.64348e+42 0 0 0
6.97831e-05 0 0 5.7072e+51 6.05873e+51 1.32329e+55 0 0 9.38557e+45 0 4.64348e+42 0 0 0
8.05842e-05 0 0 6.76971e+51 7.12935e+51 1.15119e+55 0 0 1.08383e+46 0 4.64348e+42 0 0 0
9.30572e-05 0 0 8.03232e+51 8.40054e+51 1.00018e+55 0 0 1.25158e+46 0 4.64348e+42 0 0 0
0.000107461 0 0 9.53327e+51 9.91058e+51 8.67779e+54 0 0 1.4453e+46 0 4.64348e+42 0 0 0
0.000124094 0 0 1.13181e+52 1.1705e+52 7.51819e+54 0 0 1.669e+46 0 4.64348e+42 0 0 0
0.000143301 0 0 1.3441e+52 1.3838e+52 6.50364e+54 0 0 1.92733e+46 0 4.64348e+42 0 0 0
0.000165482 0 0 1.59665e+52 1.6374e+52 5.617e+54 0 0 2.22564e+46 0 4.64348e+42 0 0 0
0.000191095 0 0 1.89712e+52 1.93898e+52 4.8431e+54 0 0 2.57011e+46 0 4.64348e+42 0 0 0
0.000220673 0 0 2.25464e+52 2.29766e+52 4.1685e+54 0 0 2.96791e+46 0 4.64348e+42 0 0 0
0.00025483 0 0 2.68009e+52 2.72432e+52 3.58129e+54 0 0 3.42727e+46 0 4.64348e+42 0 0 0
0.000294273 0 0 3.18643e+52 3.23191e+52 3.07092e+54 0 0 3.95773e+46 0 4.64348e+42 0 0 0
0.000339821 0 0 3.78908e+52 3.83587e+52 2.62804e+54 0 0 4.57028e+46 0 4.64348e+42 0 0 0
0.000392419 0 0 4.50647e+52 4.55462e+52 2.24439e+54 0 0 5.27763e+46 0 4.64348e+42 0 0 0
0.000453158 0 0 5.36058e+52 5.41015e+52 1.91263e+54 0 0 6.09446e+46 0 4.64348e+42 0 0 0
0.000523299 0 0 6.37771e+52 6.42874e+52 1.6263e+54 0 0 7.0377e+46 0 4.64348e+42 0 0 0
0.000604296 0 0 7.58926e+52 7.64183e+52 1.37967e+54 0 0 8.1269e+46 0 4.64348e+42 0 0 0
0.000697831 0 0 9.03288e+52 9.08704e+52 1.16768e+54 0 0 9.38467e+46 0 4.64348e+42 0 0 0
0.000805842 0 0 1.07526e+53 1.08084e+53 9.85867e+53 0 0 1.08371e+47 0 4.64348e+42 0 0 0
0.000930572 0 0 1.27859e+53 1.28433e+53 8.30288e+53 0 0 1.25142e+47 0 4.64348e+42 0 0 0
0.00107461 0 0 1.50943e+53 1.5153e+53 6.97478e+53 0 0 1.44509e+47 0 4.64348e+42 0 0 0
0.00124094 4.18469e-200 4.18469e-200 1.74404e+53 1.74991e+53 5.84387e+53 0 0 1.66872e+47 1.03167e-204 4.64348e+42 0 0 0
0.00143301 3.61369e-134 3.61369e-134 1.938e+53 1.94365e+53 4.88333e+53 0 0 1.92695e+47 6.94275e-139 4.64348e+42 0 0 0
0.00165482 1.93368e-85 1.93368e-85 2.0473e+53 2.05247e+53 4.06966e+53 0 0 2.22513e+47 3.04535e-90 4.64348e+42 0 0 0
0.00191095 1.9432e-49 1.9432e-49 2.05174e+53 2.05622e+53 3.38228e+53 0 0 2.56944e+47 2.64441e-54 4.64348e+42 0 0 0
0.00220673 7.58208e-23 7.58208e-23 1.96005e+53 1.96375e+53 2.80323e+53 0 0 2.96701e+47 9.35311e-28 4.64348e+42 0 0 0
0.0025483 0.00325659 0.00325659 1.79898e+53 1.80193e+53 2.31682e+53 0 0 3.42607e+47 3.79027e-08 4.64348e+42 0 0 0
0.00294273 1.00313e+12 1.00313e+12 1.59942e+53 1.60169e+53 1.90942e+53 0 0 3.95612e+47 1.13718e+07 4.64348e+42 0 0 0
0.00339821 4.86279e+22 4.86279e+22 1.38742e+53 1.38912e+53 1.56922e+53 0 0 4.56814e+47 5.50316e+17 4.64348e+42 0 0 0
0.00392419 3.63935e+30 3.63935e+30 1.18111e+53 1.18237e+53 1.28598e+53 0 0 5.27479e+47 4.18954e+25 4.64348e+42 0 0 0
0.00453158 2.27445e+36 2.27445e+36 9.91197e+52 9.92109e+52 1.05088e+53 0 0 6.09066e+47 2.70178e+31 4.64348e+42 0 0 0
0.00523299 4.13374e+40 4.13374e+40 8.2274e+52 8.23396e+52 8.56336e+52 0 0 7.03263e+47 5.12288e+35 4.64348e+42 0 0 0
0.00604296 5.49504e+43 5.49504e+43 6.77103e+52 6.7757e+52 6.95843e+52 0 0 8.12015e+47 7.16556e+38 4.64348e+42 0 0 0
0.00697831 1.05636e+46 1.05636e+46 5.53472e+52 5.53803e+52 5.63846e+52 0 0 9.37567e+47 1.45932e+41 4.64348e+42 0 0 0
0.00805842 4.86049e+47 4.86049e+47 4.49911e+52 4.50144e+52 4.55619e+52 0 0 1.08251e+48 7.15298e+42 4.64348e+42 0 0 0
0.00930572 7.76782e+48 7.76782e+48 3.64024e+52 3.64187e+52 3.67149e+52 0 0 1.24982e+48 1.2235e+44 4.64348e+42 0 0 0
0.0107461 5.67806e+49 5.67806e+49 2.93344e+52 2.93458e+52 2.95048e+52 0 0 1.44295e+48 9.61074e+44 4.64348e+42 0 0 0
0.0124094 2.32662e+50 2.32662e+50 2.35536e+52 2.35615e+52 2.36463e+52 0 0 1.66587e+48 4.24719e+45 4.64348e+42 0 0 0
0.0143301 6.21112e+50 6.21112e+50 1.88497e+52 1.88552e+52 1.89002e+52 0 0 1.92315e+48 1.22687e+46 4.64348e+42 0 0 0
0.0165482 1.20724e+51 1.20724e+51 1.50389e+52 1.50427e+52 1.50663e+52 0 0 2.22007e+48 2.58828e+46 4.64348e+42 0 0 0
0.0191095 1.85465e+51 1.85465e+51 1.19634e+52 1.1966e+52 1.19784e+52 0 0 2.56269e+48 4.32852e+46 4.64348e+42 0 0 0
0.0220673 2.39298e+51 2.39298e+51 9.49012e+51 9.49191e+51 9.49835e+51 0 0 2.95802e+48 6.09678e+46 4.64348e+42 0 0 0
0.025483 2.71213e+51 2.71213e+51 7.50754e+51 7.50877e+51 7.5121e+51 0 0 3.41408e+48 7.5639e+46 4.64348e+42 0 0 0
0.0294273 2.7911e+51 2.7911e+51 5.92321e+51 5.92405e+51 5.92576e+51 0 0 3.94014e+48 8.54382e+46 4.64348e+42 0 0 0
0.0339821 2.67288e+51 2.67288e+51 4.66086e+51 4.66143e+51 4.6623e+51 0 0 4.54683e+48 9.00424e+46 4.64348e+42 0 0 0
0.0392419 2.42542e+51 2.42542e+51 3.65793e+51 3.65832e+51 3.65876e+51 0 0 5.24637e+48 9.01542e+46 4.64348e+42 0 0 0
0.0453158 2.11356e+51 2.11356e+51 2.86334e+51 2.8636e+51 2.86382e+51 0 0 6.05279e+48 8.69111e+46 4.64348e+42 0 0 0
0.0523299 1.7863e+51 1.7863e+51 2.23554e+51 2.23572e+51 2.23583e+51 0 0 6.98215e+48 8.14716e+46 4.64348e+42 0 0 0
0.0604296 1.47499e+51 1.47499e+51 1.74089e+51 1.74101e+51 1.74106e+51 0 0 8.05286e+48 7.48085e+46 4.64348e+42 0 0 0
0.0697831 1.19635e+51 1.19635e+51 1.35219e+51 1.35227e+51 1.3523e+51 0 0 9.28598e+48 6.76479e+46 4.64348e+42 0 0 0
0.0805842 9.56988e+50 9.56988e+50 1.04759e+51 1.04764e+51 1.04766e+51 0 0 1.07055e+49 6.04852e+46 4.64348e+42 0 0 0
0.0930572 7.57209e+50 7.57209e+50 8.09531e+50 8.09567e+50 8.09574e+50 0 0 1.23389e+49 5.3631e+46 4.64348e+42 0 0 0
0.107461 5.9394e+50 5.9394e+50 6.23984e+50 6.24009e+50 6.24012e+50 0 0 1.42173e+49 4.72609e+46 4.64348e+42 0 0 0
0.124094 4.6259e+50 4.6259e+50 4.79758e+50 4.79774e+50 4.79777e+50 0 0 1.6376e+49 4.14579e+46 4.64348e+42 0 0 0
0.143301 3.58188e+50 3.58188e+50 3.67957e+50 3.67967e+50 3.67969e+50 0 0 1.88549e+49 3.6245e+46 4.64348e+42 0 0 0
0.165482 2.75988e+50 2.75988e+50 2.81525e+50 2.81532e+50 2.81532e+50 0 0 2.16991e+49 3.16087e+46 4.64348e+42 0 0 0
0.191095 2.11758e+50 2.11758e+50 2.14885e+50 2.1489e+50 2.14891e+50 0 0 2.49589e+49 2.75148e+46 4.64348e+42 0 0 0
0.220673 1.61884e+50 1.61884e+50 1.63644e+50 1.63648e+50 1.63648e+50 0 0 2.86908e+49 2.39185e+46 4.64348e+42 0 0 0
0.25483 1.23359e+50 1.23359e+50 1.24348e+50 1.2435e+50 1.2435e+50 0 0 3.29572e+49 2.07715e+46 4.64348e+42 0 0 0
0.294273 9.37364e+49 9.37364e+49 9.42898e+49 9.42911e+49 9.42911e+49 0 0 3.78265e+49 1.80251e+46 4.64348e+42 0 0 0
0.339821 7.10474e+49 7.10474e+49 7.13564e+49 7.13573e+49 7.13573e+49 0 0 4.33737e+49 1.56332e+46 4.64348e+42 0 0 0
0.392419 5.37296e+49 5.37296e+49 5.39017e+49 5.39023e+49 5.39023e+49 0 0 4.96789e+49 1.35533e+46 4.64348e+42 0 0 0
0.453158 4.05524e+49 4.05524e+49 4.0648e+49 4.06484e+49 4.06484e+49 0 0 5.68271e+49 1.17465e+46 4.64348e+42 0 0 0
0.523299 3.05534e+49 3.05534e+49 3.06065e+49 3.06067e+49 3.06067e+49 0 0 6.49063e+49 1.01784e+46 4.64348e+42 0 0 0
0.604296 2.2985e+49 2.2985e+49 2.30143e+49 2.30145e+49 2.30145e+49 0 0 7.40046e+49 8.81817e+45 4.64348e+42 0 0 0
0.697831 1.72689e+49 1.72689e+49 1.72851e+49 1.72852e+49 1.72852e+49 0 0 8.4207e+49 7.63879e+45 4.64348e+42 0 0 0
0.805842 1.29602e+49 1.29602e+49 1.29691e+49 1.29692e+49 1.29692e+49 0 0 9.55891e+49 6.61657e+45 4.64348e+42 0 0 0
0.930572 9.71794e+48 9.71794e+48 9.72286e+48 9.7229e+48 9.7229e+48 0 0 1.0821e+50 5.73076e+45 4.64348e+42 0 0 0
1.07461 7.28182e+48 7.28182e+48 7.28453e+48 7.28456e+48 7.28456e+48 0 0 1.22103e+50 4.9633e+45 4.64348e+42 0 0 0
1.24094 5.4537e+48 5.4537e+48 5.45519e+48 5.45521e+48 5.45521e+48 0 0 1.37259e+50 4.29846e+45 4.64348e+42 0 0 0
1.43301 4.08328e+48 4.08328e+48 4.0841e+48 4.08411e+48 4.08411e+48 0 0 1.53615e+50 3.72258e+45 4.64348e+42 0 0 0
1.65482 3.05683e+48 3.05683e+48 3.05728e+48 3.05729e+48 3.05729e+48 0 0 1.71028e+50 3.22379e+45 4.64348e+42 0 0 0
1.91095 2.28852e+48 2.28852e+48 2.28876e+48 2.28877e+48 2.28877e+48 0 0 1.89252e+50 2.7918e+45 4.64348e+42 0 0 0
2.20673 1.71368e+48 1.71368e+48 1.71382e+48 1.71382e+48 1.71382e+48 0 0 2.07909e+50 2.41766e+45 4.64348e+42 0 0 0
2.5483 1.28372e+48 1.28372e+48 1.28379e+48 1.2838e+48 1.2838e+48 0 0 2.26462e+50 2.09365e+45 4.64348e+42 0 0 0
2.94273 9.62149e+47 9.62149e+47 9.6219e+47 9.62192e+47 9.62192e+47 0 0 2.44181e+50 1.81305e+45 4.64348e+42 0 0 0
3.39821 7.21626e+47 7.21626e+47 7.21649e+47 7.2165e+47 7.2165e+47 0 0 2.60131e+50 1.57005e+45 4.64348e+42 0 0 0
3.92419 5.41678e+47 5.41678e+47 5.41691e+47 5.41692e+47 5.41692e+47 0 0 2.73165e+50 1.35962e+45 4.64348e+42 0 0 0
4.53158 4.06993e+47 4.06993e+47 4.07001e+47 4.07001e+47 4.07001e+47 0 0 2.81961e+50 1.17738e+45 4.64348e+42 0 0 0
5.23299 3.06128e+47 3.06128e+47 3.06132e+47 3.06133e+47 3.06133e+47 0 0 2.851e+50 1.01957e+45 4.64348e+42 0 0 0
6.04296 2.30536e+47 2.30536e+47 2.30539e+47 2.30539e+47 2.30539e+47 0 0 2.81224e+50 8.82914e+44 4.64348e+42 0 0 0
6.97831 1.73835e+47 1.73835e+47 1.73837e+47 1.73837e+47 1.73837e+47 0 0 2.69262e+50 7.64571e+44 4.64348e+42 0 0 0
8.05842 1.31261e+47 1.31261e+47 1.31263e+47 1.31263e+47 1.31263e+47 0 0 2.48737e+50 6.62089e+44 4.64348e+42 0 0 0
9.30572 9.92597e+46 9.92597e+46 9.92607e+46 9.92607e+46 9.92607e+46 0 0 2.20092e+50 5.73343e+44 4.64348e+42 0 0 0
10.7461 7.51747e+46 7.51747e+46 7.51755e+46 7.51755e+46 7.51755e+46 0 0 1.84942e+50 4.96491e+44 4.64348e+42 0 0 0
12.4094 5.70238e+46 5.70238e+46 5.70244e+46 5.70244e+46 5.70244e+46 0 0 1.46101e+50 4.29941e+44 4.64348e+42 0 0 0
14.3301 4.33255e+46 4.33255e+46 4.3326e+46 4.3326e+46 4.3326e+46 0 0 1.07245e+50 3.7231e+44 4.64348e+42 0 0 0
16.5482 3.2972e+46 3.2972e+46 3.29724e+46 3.29724e+46 3.29724e+46 0 0 7.21725e+49 3.22404e+44 4.64348e+42 0 0 0
19.1095 2.51344e+46 2.51344e+46 2.51348e+46 2.51348e+46 2.51348e+46 0 0 4.38546e+49 2.79188e+44 4.64348e+42 0 0 0
22.0673 1.91919e+46 1.91919e+46 1.91922e+46 1.91922e+46 1.91922e+46 0 0 2.3649e+49 2.41763e+44 4.64348e+42 0 0 0
25.483 1.46787e+46 1.46787e+46 1.4679e+46 1.4679e+46 1.4679e+46 0 0 1.10991e+49 2.09355e+44 4.64348e+42 0 0 0
29.4273 1.12454e+46 1.12454e+46 1.12456e+46 1.12456e+46 1.12456e+46 0 0 4.43425e+48 1.81291e+44 4.64348e+42 0 0 0
33.9821 8.62904e+45 8.62904e+45 8.62926e+45 8.62926e+45 8.62926e+45 0 0 1.47041e+48 1.56988e+44 4.64348e+42 0 0 0
39.2419 6.63184e+45 6.63184e+45 6.63204e+45 6.63204e+45 6.63204e+45 0 0 3.93136e+47 1.35943e+44 4.64348e+42 0 0 0
45.3158 5.10465e+45 5.10465e+45 5.10483e+45 5.10483e+45 5.10483e+45 0 0 8.19664e+46 1.17719e+44 4.64348e+42 0 0 0
52.3299 3.93486e+45 3.93486e+45 3.93502e+45 3.93502e+45 3.93502e+45 0 0 1.28231e+46 1.01937e+44 4.64348e+42 0 0 0
60.4296 3.03731e+45 3.03731e+45 3.03745e+45 3.03745e+45 3.03745e+45 0 0 1.4398e+45 8.82704e+43 4.64348e+42 0 0 0
69.7831 2.34749e+45 2.34749e+45 2.34762e+45 2.34762e+45 2.34762e+45 0 0 1.10222e+44 7.64358e+43 4.64348e+42 0 0 0
80.5842 1.81646e+45 1.81646e+45 1.81657e+45 1.81657e+45 1.81657e+45 0 0 5.42184e+42 6.61875e+43 4.64348e+42 0 0 0
93.0572 1.40703e+45 1.40703e+45 1.40713e+45 1.40713e+45 1.40713e+45 0 0 1.6003e+41 5.73128e+43 4.64348e+42 0 0 0
107.461 1.09087e+45 1.09087e+45 1.09096e+45 1.09096e+45 1.09096e+45 0 0 2.6188e+39 4.96276e+43 4.64348e+42 0 0 0
124.094 8.46381e+44 8.46381e+44 8.46461e+44 8.46461e+44 8.46461e+44 0 0 2.1687e+37 4.29725e+43 4.64348e+42 0 0 0
143.301 6.57072e+44 6.57072e+44 6.57143e+44 6.57143e+44 6.57143e+44 0 0 8.17914e+34 3.72094e+43 4.64348e+42 0 0 0
165.482 5.10308e+44 5.10308e+44 5.10372e+44 5.10372e+44 5.10372e+44 0 0 1.24381e+32 3.22188e+43 4.64348e+42 0 0 0
191.095 3.96405e+44 3.96405e+44 3.96462e+44 3.96462e+44 3.96462e+44 0 0 6.62652e+28 2.78971e+43 4.64348e+42 0 0 0
220.673 3.07925e+44 3.07925e+44 3.07976e+44 3.07976e+44 3.07976e+44 0 0 1.05146e+25 2.41547e+43 4.64348e+42 0 0 0
254.83 2.39141e+44 2.39141e+44 2.39188e+44 2.39188e+44 2.39188e+44 0 0 4.11968e+20 2.09139e+43 4.64348e+42 0 0 0
294.273 1.85642e+44 1.85642e+44 1.85683e+44 1.85683e+44 1.85683e+44 0 0 3.20975e+15 1.81075e+43 4.64348e+42 0 0 0
339.821 1.44015e+44 1.44015e+44 1.44053e+44 1.44053e+44 1.44053e+44 0 0 3.87297e+09 1.56772e+43 4.64348e+42 0 0 0
392.419 1.11625e+44 1.11625e+44 1.11658e+44 1.11658e+44 1.11658e+44 0 0 542.254 1.35727e+43 4.64348e+42 0 0 0
453.158 8.64254e+43 8.64254e+43 8.64552e+43 8.64552e+43 8.64552e+43 0 0 6.31193e-06 1.17502e+43 4.64348e+42 0 0 0
523.299 6.68287e+43 6.68287e+43 6.68553e+43 6.68553e+43 6.68553e+43 0 0 4.1565e-15 1.01721e+43 4.64348e+42 0 0 0
604.296 5.16e+43 5.16e+43 5.16237e+43 5.16237e+43 5.16237e+43 0 0 9.92718e-26 8.80542e+42 4.64348e+42 0 0 0
697.831 3.97775e+43 3.97775e+43 3.97986e+43 3.97986e+43 3.97986e+43 0 0 5.14631e-38 7.62197e+42 4.64348e+42 0 0 0
805.842 3.06109e+43 3.06109e+43 3.06297e+43 3.06297e+43 3.06297e+43 0 0 3.20089e-52 6.59714e+42 4.64348e+42 0 0 0
930.572 2.35144e+43 2.35144e+43 2.35311e+43 2.35311e+43 2.35311e+43 0 0 1.20457e-68 5.70968e+42 4.64348e+42 0 0 0
1074.61 1.80301e+43 1.80301e+43 1.80449e+43 1.80449e+43 1.80449e+43 0 0 1.24404e-87 4.94117e+42 4.64348e+42 0 0 0
1240.94 1.38e+43 1.38e+43 1.3813e+43 1.3813e+43 1.3813e+43 0 0 1.41515e-109 4.27567e+42 4.64348e+42 0 0 0
1433.01 1.0544e+43 1.0544e+43 1.05555e+43 1.05555e+43 1.05555e+43 0 0 6.17846e-135 3.69937e+42 4.64348e+42 0 0 0
1654.82 8.04316e+42 8.04316e+42 8.05329e+42 8.05329e+42 8.05329e+42 0 0 3.06444e-164 3.20032e+42 4.64348e+42 0 0 0
1910.95 6.12653e+42 6.12653e+42 6.13544e+42 6.13544e+42 6.13544e+42 0 0 4.23313e-198 2.76817e+42 4.64348e+42 0 0 0
2206.73 4.66069e+42 4.66069e+42 4.66852e+42 4.66852e+42 4.66852e+42 0 0 3.21184e-237 2.39394e+42 4.64348e+42 0 0 0
2548.3 3.5418e+42 3.5418e+42 3.54867e+42 3.54867e+42 3.54867e+42 0 0 0 2.06988e+42 4.64348e+42 0 0 0
2942.73 2.68923e+42 2.68923e+42 2.69525e+42 2.69525e+42 2.69525e+42 0 0 0 1.78925e+42 4.64348e+42 0 0 0
3398.21 2.04056e+42 2.04056e+42 2.04584e+42 2.04584e+42 2.04584e+42 0 0 0 1.54625e+42 4.64348e+42 0 0 0
3924.19 1.54763e+42 1.54763e+42 1.55226e+42 1.55226e+42 1.55226e+42 0 0 0 1.33583e+42 4.64348e+42 0 0 0
4531.58 1.17341e+42 1.17341e+42 1.17747e+42 1.17747e+42 1.17747e+42 0 0 0 1.15362e+42 4.64348e+42 0 0 0
5232.99 8.89804e+41 8.89804e+41 8.93205e+41 8.93205e+41 8.93205e+41 0 0 0 9.96169e+41 4.64348e+42 0 0 0
6042.96 6.74517e+41 6.74517e+41 6.77476e+41 6.77476e+41 6.77476e+41 0 0 0 8.59597e+41 4.64348e+42 0 0 0
6978.31 5.11305e+41 5.11305e+41 5.13877e+41 5.13877e+41 5.13877e+41 0 0 0 7.41355e+41 4.64348e+42 0 0 0
8058.42 3.87587e+41 3.87587e+41 3.8982e+41 3.8982e+41 3.8982e+41 0 0 0 6.38991e+41 4.64348e+42 0 0 0
9305.72 2.93808e+41 2.93808e+41 2.95744e+41 2.95744e+41 2.95744e+41 0 0 0 5.50379e+41 4.64348e+42 0 0 0
10746.1 2.22718e+41 2.22718e+41 2.24395e+41 2.24395e+41 2.24395e+41 0 0 0 4.73681e+41 4.64348e+42 0 0 0
12409.4 1.68825e+41 1.68825e+41 1.70275e+41 1.70275e+41 1.70275e+41 0 0 0 4.07305e+41 4.64348e+42 0 0 0
14330.1 1.27965e+41 1.27965e+41 1.29216e+41 1.29216e+41 1.29216e+41 0 0 0 3.4987e+41 4.64348e+42 0 0 0
16548.2 9.69835e+40 9.69835e+40 9.80612e+40 9.80612e+40 9.80612e+40 0 0 0 3.00185e+41 4.64348e+42 0 0 0
19109.5 7.34918e+40 7.34918e+40 7.44176e+40 7.44176e+40 7.44176e+40 0 0 0 2.57216e+41 4.64348e+42 0 0 0
22067.3 5.56791e+40 5.56791e+40 5.64723e+40 5.64723e+40 5.64723e+40 0 0 0 2.20068e+41 4.64348e+42 0 0 0
25483 4.21733e+40 4.21733e+40 4.28507e+40 4.28507e+40 4.28507e+40 0 0 0 1.87967e+41 4.64348e+42 0 0 0
29427.3 3.19342e+40 3.19342e+40 3.25107e+40 3.25107e+40 3.25107e+40 0 0 0 1.60243e+41 4.64348e+42 0 0 0
33982.1 2.41729e+40 2.41729e+40 2.46616e+40 2.46616e+40 2.46616e+40 0 0 0 1.36314e+41 4.64348e+42 0 0 0
39241.9 1.82912e+40 1.82912e+40 1.87036e+40 1.87036e+40 1.87036e+40 0 0 0 1.15678e+41 4.64348e+42 0 0 0
45315.8 1.38352e+40 1.38352e+40 1.41817e+40 1.41817e+40 1.41817e+40 0 0 0 9.78994e+40 4.64348e+42 0 0 0
52329.9 1.04606e+40 1.04606e+40 1.07501e+40 1.07501e+40 1.07501e+40 0 0 0 8.25992e+40 4.64348e+42 0 0 0
60429.6 7.9059e+39 7.9059e+39 8.14653e+39 8.14653e+39 8.14653e+39 0 0 0 6.94498e+40 4.64348e+42 0 0 0
69783.1 5.97277e+39 5.97277e+39 6.17155e+39 6.17155e+39 6.17155e+39 0 0 0 5.81668e+40 4.64348e+42 0 0 0
80584.2 4.51063e+39 4.51063e+39 4.67382e+39 4.67382e+39 4.67382e+39 0 0 0 4.85029e+40 4.64348e+42 0 0 0
93057.2 3.40524e+39 3.40524e+39 3.53834e+39 3.53834e+39 3.53834e+39 0 0 0 4.02432e+40 4.64348e+42 0 0 0
107461 2.56992e+39 2.56992e+39 2.67774e+39 2.67774e+39 2.67774e+39 0 0 0 3.32012e+40 4.64348e+42 0 0 0
124094 1.93896e+39 1.93896e+39 2.0257e+39 2.0257e+39 2.0257e+39 0 0 0 2.72147e+40 4.64348e+42 0 0 0
143301 1.46253e+39 1.46253e+39 1.53182e+39 1.53182e+39 1.53182e+39 0 0 0 2.21429e+40 4.64348e+42 0 0 0
165482 1.1029e+39 1.1029e+39 1.15787e+39 1.15787e+39 1.15787e+39 0 0 0 1.78634e+40 4.64348e+42 0 0 0
191095 8.31514e+38 8.31514e+38 8.7481e+38 8.7481e+38 8.7481e+38 0 0 0 1.42701e+40 4.64348e+42 0 0 0
220673 6.26761e+38 6.26761e+38 6.60632e+38 6.60632e+38 6.60632e+38 0 0 0 1.12709e+40 4.64348e+42 0 0 0
254830 4.7231e+38 4.7231e+38 4.9863e+38 4.9863e+38 4.9863e+38 0 0 0 8.78591e+39 4.64348e+42 0 0 0
294273 3.55823e+38 3.55823e+38 3.76141e+38 3.76141e+38 3.76141e+38 0 0 0 6.74534e+39 4.64348e+42 0 0 0
339821 2.67983e+38 2.67983e+38 2.83569e+38 2.83569e+38 2.83569e+38 0 0 0 5.08812e+39 4.64348e+42 0 0 0
392419 2.01759e+38 2.01759e+38 2.1364e+38 2.1364e+38 2.1364e+38 0 0 0 3.76033e+39 4.64348e+42 0 0 0
453158 1.51843e+38 1.51843e+38 1.60845e+38 1.60845e+38 1.60845e+38 0 0 0 2.71391e+39 4.64348e+42 0 0 0
523299 1.1423e+38 1.1423e+38 1.2101e+38 1.2101e+38 1.2101e+38 6.93301e+29 1.71943e+34 0 1.90558e+39 4.64348e+42 0 0 0
604296 8.58968e+37 8.58968e+37 9.09732e+37 9.09732e+37 9.09732e+37 1.06791e+30 1.72685e+34 0 1.29608e+39 4.64348e+42 0 0 0
697831 6.45625e+37 6.45625e+37 6.83411e+37 6.83411e+37 6.83411e+37 1.44251e+30 1.73427e+34 0 8.4961e+38 4.64348e+42 0 0 0
805842 4.85049e+37 4.85049e+37 5.13012e+37 5.13012e+37 5.13012e+37 1.81711e+30 1.7417e+34 0 5.33662e+38 4.64348e+42 0 0 0
930572 3.64245e+37 3.64245e+37 3.84819e+37 3.84819e+37 3.84819e+37 2.19172e+30 1.74912e+34 0 3.19045e+38 4.64348e+42 0 0 0
1.07461e+06 2.73404e+37 2.73404e+37 2.88455e+37 2.88455e+37 2.88455e+37 2.7753e+30 1.75766e+34 0 1.80137e+38 4.64348e+42 0 0 0
1.24094e+06 2.05126e+37 2.05126e+37 2.16075e+37 2.16075e+37 2.16075e+37 3.72339e+30 1.75999e+34 0 9.51974e+37 4.64348e+42 0 0 0
1.43301e+06 1.53831e+37 1.53831e+37 1.61752e+37 1.61752e+37 1.61752e+37 4.97177e+30 1.76298e+34 0 4.66031e+37 4.64348e+42 0 0 0
1.65482e+06 1.15311e+37 1.15311e+37 1.21013e+37 1.21013e+37 1.21013e+37 6.62157e+30 1.76682e+34 0 2.08821e+37 4.64348e+42 0 0 0
1.91095e+06 8.63983e+36 8.63983e+36 9.04822e+36 9.04822e+36 9.04822e+36 8.9789e+30 1.77216e+34 0 8.44699e+36 4.64348e+42 0 0 0
2.20673e+06 6.4706e+36 6.4706e+36 6.76181e+36 6.76181e+36 6.76181e+36 1.20025e+31 1.77909e+34 0 3.03582e+36 4.64348e+42 0 0 0
2.5483e+06 4.84387e+36 4.84387e+36 5.05068e+36 5.05068e+36 5.05068e+36 1.59738e+31 1.78818e+34 0 9.51708e+35 4.64348e+42 0 0 0
2.94273e+06 3.62455e+36 3.62455e+36 3.77085e+36 3.77085e+36 3.77085e+36 2.12421e+31 1.80012e+34 0 2.5478e+35 4.64348e+42 0 0 0
3.39821e+06 2.71103e+36 2.71103e+36 2.81418e+36 2.81418e+36 2.81418e+36 2.88329e+31 1.81678e+34 0 5.6835e+34 4.64348e+42 0 0 0
3.92419e+06 2.02694e+36 2.02694e+36 2.09945e+36 2.09945e+36 2.09945e+36 3.8739e+31 1.83839e+34 0 1.027e+34 4.64348e+42 0 0 0
4.53158e+06 1.5149e+36 1.5149e+36 1.56574e+36 1.56574e+36 1.56574e+36 5.20916e+31 1.86627e+34 0 1.45497e+33 4.64348e+42 0 0 0
5.23299e+06 1.13182e+36 1.13182e+36 1.1674e+36 1.1674e+36 1.1674e+36 6.99036e+31 1.90151e+34 0 1.5563e+32 4.64348e+42 0 0 0
6.04296e+06 8.45363e+35 8.45363e+35 8.70217e+35 8.70217e+35 8.70217e+35 9.50881e+31 1.94825e+34 0 1.20335e+31 4.64348e+42 0 0 0
6.97831e+06 6.31247e+35 6.31247e+35 6.48594e+35 6.48594e+35 6.48594e+35 1.27648e+32 2.00335e+34 0 6.39643e+29 4.64348e+42 0 0 0
8.05842e+06 4.71279e+35 4.71279e+35 4.8338e+35 4.8338e+35 4.8338e+35 1.70097e+32 2.06845e+34 0 2.20567e+28 4.64348e+42 0 0 0
9.30572e+06 3.51819e+35 3.51819e+35 3.60262e+35 3.60262e+35 3.60262e+35 2.25846e+32 2.14221e+34 0 4.6144e+26 4.64348e+42 0 0 0
1.07461e+07 2.62655e+35 2.62655e+35 2.6855e+35 2.6855e+35 2.6855e+35 3.00684e+32 2.23057e+34 0 5.42105e+24 4.64348e+42 0 0 0
1.24094e+07 1.96133e+35 1.96133e+35 2.00255e+35 2.00255e+35 2.00255e+35 3.91968e+32 2.31739e+34 0 3.2709e+22 4.64348e+42 0 0 0
1.43301e+07 1.4653e+35 1.4653e+35 1.4942e+35 1.4942e+35 1.4942e+35 5.01729e+32 2.4022e+34 0 9.14307e+19 4.64348e+42 0 0 0
1.65482e+07 1.09567e+35 1.09567e+35 1.11599e+35 1.11599e+35 1.11599e+35 6.30674e+32 2.48095e+34 0 1.05112e+17 4.64348e+42 0 0 0
1.91095e+07 8.20476e+34 8.20476e+34 8.34827e+34 8.34827e+34 8.34827e+34 7.84279e+32 2.54883e+34 0 4.33151e+13 4.64348e+42 0 0 0
2.20673e+07 6.15674e+34 6.15674e+34 6.25864e+34 6.25864e+34 6.25864e+34 9.47634e+32 2.60739e+34 0 5.45891e+09 4.64348e+42 0 0 0
2.5483e+07 4.63438e+34 4.63438e+34 4.70722e+34 4.70722e+34 4.70722e+34 1.12367e+33 2.64847e+34 0 175159 4.64348e+42 0 0 0
2.94273e+07 3.5031e+34 3.5031e+34 3.55561e+34 3.55561e+34 3.55561e+34 1.29869e+33 2.64899e+34 0 1.15791 4.64348e+42 0 0 0
3.39821e+07 2.66312e+34 2.66312e+34 2.70135e+34 2.70135e+34 2.70135e+34 1.46881e+33 2.60167e+34 0 1.23498e-06 4.64348e+42 0 0 0
3.92419e+07 2.0383e+34 2.0383e+34 2.06646e+34 2.06646e+34 2.06646e+34 1.61379e+33 2.50525e+34 0 1.60241e-13 4.64348e+42 0 0 0
4.53158e+07 1.57393e+34 1.57393e+34 1.59495e+34 1.59495e+34 1.59495e+34 1.73957e+33 2.37668e+34 0 1.8257e-21 4.64348e+42 0 0 0
5.23299e+07 1.22804e+34 1.22804e+34 1.24397e+34 1.24397e+34 1.24397e+34 1.83863e+33 2.22844e+34 0 1.25349e-30 4.64348e+42 0 0 0
6.04296e+07 9.6836e+33 9.6836e+33 9.80625e+33 9.80625e+33 9.80625e+33 1.89549e+33 2.04592e+34 0 3.35768e-41 4.64348e+42 0 0 0
6.97831e+07 7.71508e+33 7.71508e+33 7.81091e+33 7.81091e+33 7.81091e+33 1.90576e+33 1.8332e+34 0 2.12394e-53 4.64348e+42 0 0 0
8.05842e+07 6.20738e+33 6.20738e+33 6.28334e+33 6.28334e+33 6.28334e+33 1.8735e+33 1.59382e+34 0 1.77681e-67 4.64348e+42 0 0 0
9.30572e+07 5.0337e+33 5.0337e+33 5.09464e+33 5.09464e+33 5.09464e+33 1.79987e+33 1.33615e+34 0 1.00641e-83 4.64348e+42 0 0 0
1.07461e+08 4.09873e+33 4.09873e+33 4.14802e+33 4.14802e+33 4.14802e+33 1.68502e+33 1.07478e+34 0 1.78147e-102 4.64348e+42 267.337 0 0
1.24094e+08 3.35322e+33 3.35322e+33 3.39343e+33 3.39343e+33 3.39343e+33 1.55134e+33 8.50735e+33 0 4.03562e-124 4.64348e+42 234.86 0 0
1.43301e+08 2.74343e+33 2.74343e+33 2.77634e+33 2.77634e+33 2.77634e+33 1.39801e+33 6.61462e+33 0 4.1727e-149 4.64348e+42 206.329 0 0
1.65482e+08 2.235e+33 2.235e+33 2.26191e+33 2.26191e+33 2.26191e+33 1.23016e+33 5.06116e+33 0 5.98739e-178 4.64348e+42 181.263 0 0
1.91095e+08 1.79662e+33 1.79662e+33 1.81838e+33 1.81838e+33 1.81838e+33 1.04567e+33 3.77343e+33 0 3.01495e-211 4.64348e+42 159.243 0 0
2.20673e+08 1.43732e+33 1.43732e+33 1.45489e+33 1.45489e+33 1.45489e+33 8.76062e+32 2.82806e+33 0 1.08902e-249 4.64348e+42 139.897 0 0
2.5483e+08 1.1387e+33 1.1387e+33 1.15277e+33 1.15277e+33 1.15277e+33 7.19075e+32 2.09568e+33 0 0 4.64348e+42 122.902 0 0
2.94273e+08 8.92003e+32 8.92003e+32 9.03165e+32 9.03165e+32 9.03165e+32 5.78132e+32 1.53582e+33 0 0 4.64348e+42 107.972 0 0
3.39821e+08 6.85597e+32 6.85597e+32 6.943e+32 6.943e+32 6.943e+32 4.50593e+32 1.10557e+33 0 0 4.64348e+42 99.0397 0 0
3.92419e+08 5.25858e+32 5.25858e+32 5.32638e+32 5.32638e+32 5.32638e+32 3.49957e+32 8.08842e+32 0 0 4.64348e+42 94.8548 0 0
4.53158e+08 3.99351e+32 3.99351e+32 4.04586e+32 4.04586e+32 4.04586e+32 2.67677e+32 5.89039e+32 0 0 4.64348e+42 90.8468 0 0
5.23299e+08 2.99795e+32 2.99795e+32 3.03794e+32 3.03794e+32 3.03794e+32 2.01227e+32 4.27184e+32 0 0 4.64348e+42 87.0081 0 0
6.04296e+08 2.23009e+32 2.23009e+32 2.26039e+32 2.26039e+32 2.26039e+32 1.49263e+32 3.06536e+32 0 0 4.64348e+42 83.3316 0 0
6.97831e+08 1.67195e+32 1.67195e+32 1.69511e+32 1.69511e+32 1.69511e+32 1.12155e+32 2.24503e+32 0 0 4.64348e+42 79.8104 0 0
8.05842e+08 1.24769e+32 1.24769e+32 1.26531e+32 1.26531e+32 1.26531e+32 8.3768e+31 1.64149e+32 0 0 4.64348e+42 76.438 0 0
9.30572e+08 9.25873e+31 9.25873e+31 9.39204e+31 9.39204e+31 9.39204e+31 6.21147e+31 1.19733e+32 0 0 4.64348e+42 73.2082 0 0
1.07461e+09 6.80365e+31 6.80365e+31 6.90358e+31 6.90358e+31 6.90358e+31 4.54443e+31 8.61e+31 0 0 4.64348e+42 73.472 0 0
1.24094e+09 5.06644e+31 5.06644e+31 5.14235e+31 5.14235e+31 5.14235e+31 3.40056e+31 6.33488e+31 0 0 4.64348e+42 77.2675 0 0
1.43301e+09 3.77096e+31 3.77096e+31 3.82861e+31 3.82861e+31 3.82861e+31 2.54842e+31 4.64847e+31 0 0 4.64348e+42 81.2591 0 0
1.65482e+09 2.79634e+31 2.79634e+31 2.83996e+31 2.83996e+31 2.83996e+31 1.90361e+31 3.40073e+31 0 0 4.64348e+42 85.4569 0 0
1.91095e+09 2.05324e+31 2.05324e+31 2.08592e+31 2.08592e+31 2.08592e+31 1.40431e+31 2.44716e+31 0 0 4.64348e+42 89.8715 0 0
2.20673e+09 1.52619e+31 1.52619e+31 1.55097e+31 1.55097e+31 1.55097e+31 1.05809e+31 1.80447e+31 0 0 4.64348e+42 94.5142 0 0
2.5483e+09 1.13058e+31 1.13058e+31 1.14931e+31 1.14931e+31 1.14931e+31 7.94867e+30 1.32687e+31 0 0 4.64348e+42 99.3967 0 0
2.94273e+09 8.33772e+30 8.33772e+30 8.47855e+30 8.47855e+30 8.47855e+30 5.94292e+30 9.72574e+30 0 0 4.64348e+42 104.531 0 0
3.39821e+09 6.06665e+30 6.06665e+30 6.17113e+30 6.17113e+30 6.17113e+30 4.36394e+30 7.01199e+30 0 0 4.64348e+42 109.931 0 0
3.92419e+09 4.47906e+30 4.47906e+30 4.55771e+30 4.55771e+30 4.55771e+30 3.27817e+30 5.17421e+30 0 0 4.64348e+42 115.61 0 0
4.53158e+09 3.29683e+30 3.29683e+30 3.35589e+30 3.35589e+30 3.35589e+30 2.45447e+30 3.80448e+30 0 0 4.64348e+42 121.583 0 0
5.23299e+09 2.41666e+30 2.41666e+30 2.46115e+30 2.46115e+30 2.46115e+30 1.83135e+30 2.786e+30 0 0 4.64348e+42 127.864 0 0
6.04296e+09 1.73286e+30 1.73286e+30 1.7672e+30 1.7672e+30 1.7672e+30 1.33916e+30 2.00838e+30 0 0 4.64348e+42 134.469 0 0
6.97831e+09 1.22254e+30 1.22254e+30 1.25403e+30 1.25403e+30 1.25403e+30 1.00407e+30 1.48043e+30 0 0 4.64348e+42 141.416 0 0
8.05842e+09 7.65089e+29 7.65089e+29 8.0297e+29 8.0297e+29 8.0297e+29 7.50343e+29 1.08828e+30 0 0 4.64348e+42 148.721 0 0
9.30572e+09 3.64258e+29 3.64258e+29 4.12258e+29 4.12258e+29 4.12258e+29 5.57195e+29 7.97774e+29 0 0 4.64348e+42 156.404 0 0
1.07461e+10 1.17337e+29 1.17337e+29 1.63509e+29 1.63509e+29 1.63509e+29 4.06528e+29 5.76932e+29 0 0 4.64348e+42 175.488 0 0
1.24094e+10 2.56792e+28 2.56792e+28 5.83024e+28 5.83024e+28 5.83024e+28 3.02432e+29 4.267e+29 0 0 4.64348e+42 210.074 0 0
1.43301e+10 3.39424e+27 3.39424e+27 2.08182e+28 2.08182e+28 2.08182e+28 2.23624e+29 3.14802e+29 0 0 4.64348e+42 251.476 0 0
1.65482e+10 2.15979e+26 2.15979e+26 7.90784e+27 7.90784e+27 7.90784e+27 1.64839e+29 2.3154e+29 0 0 4.64348e+42 301.038 0 0
1.91095e+10 4.9063e+24 4.9063e+24 3.20472e+27 3.20472e+27 3.20472e+27 1.1923e+29 1.67472e+29 0 0 4.64348e+42 360.369 0 0
2.20673e+10 3.19945e+22 3.19945e+22 1.42998e+27 1.42998e+27 1.42998e+27 8.82314e+28 1.2395e+29 0 0 4.64348e+42 431.392 34.7254 0
2.5483e+10 5.10713e+19 5.10713e+19 6.83736e+26 6.83736e+26 6.83736e+26 6.50731e+28 9.14362e+28 0 0 4.64348e+42 516.413 22.9578 0
2.94273e+10 2.0353e+16 2.0353e+16 3.47637e+26 3.47637e+26 3.47637e+26 4.78523e+28 6.72185e+28 0 0 4.64348e+42 618.19 15.5417 0
3.39821e+10 2.41013e+12 2.41013e+12 1.84062e+26 1.84062e+26 1.84062e+26 3.45292e+28 4.85188e+28 0 0 4.64348e+42 740.026 10.7604 0
3.92419e+10 1.22485e+08 1.22485e+08 1.04605e+26 1.04605e+26 1.04605e+26 2.5592e+28 3.59156e+28 0 0 4.64348e+42 885.874 7.61059 0
4.53158e+10 3993.22 3993.22 6.19394e+25 6.19394e+25 6.19394e+25 1.89264e+28 2.6521e+28 0 0 4.64348e+42 1060.47 5.49245 0
5.23299e+10 0.132846 0.132846 3.80216e+25 3.80216e+25 3.80216e+25 1.39742e+28 1.95293e+28 0 0 4.64348e+42 1269.47 4.04008 0
6.04296e+10 6.97104e-06 6.97104e-06 2.37763e+25 2.37763e+25 2.37763e+25 1.01469e+28 1.41183e+28 0 0 4.64348e+42 1519.66 3.02568 0
6.97831e+10 8.84277e-10 8.84277e-10 1.56402e+25 1.56402e+25 1.56402e+25 7.56126e+27 1.04773e+28 0 0 4.64348e+42 1819.16 2.3047 0
8.05842e+10 3.59581e-13 3.59581e-13 1.05286e+25 1.05286e+25 1.05286e+25 5.61932e+27 7.7572e+27 0 0 4.64348e+42 2177.69 1.78376 0
9.30572e+10 5.78013e-16 5.78013e-16 7.23095e+24 7.23095e+24 7.23095e+24 4.16463e+27 5.72688e+27 0 0 4.64348e+42 2606.89 1.40144 0
1.07461e+11 4.05502e-18 4.05502e-18 4.98148e+24 4.98148e+24 4.98148e+24 3.02828e+27 4.14693e+27 0 0 4.64348e+42 3120.66 1.11671 0
1.24094e+11 1.32357e-19 1.32357e-19 3.5669e+24 3.5669e+24 3.5669e+24 2.25577e+27 3.08178e+27 0 0 4.64348e+42 3735.7 0.901709 0
1.43301e+11 1.87334e-20 1.87334e-20 2.58638e+24 2.58638e+24 2.58638e+24 1.67453e+27 2.28385e+27 0 0 4.64348e+42 4471.95 0.737233 0
1.65482e+11 1.03785e-20 1.03785e-20 1.89507e+24 1.89507e+24 1.89507e+24 1.23825e+27 1.68696e+27 0 0 4.64348e+42 5353.31 0.609868 0
1.91095e+11 1.92783e-20 1.92783e-20 1.38124e+24 1.38124e+24 1.38124e+24 8.97891e+26 1.22129e+27 0 0 4.64348e+42 6408.36 0.510106 0
2.20673e+11 1.06061e-19 1.06061e-19 1.0407e+24 1.0407e+24 1.0407e+24 6.67414e+26 9.07441e+26 0 0 4.64348e+42 7671.35 0.431129 0
2.5483e+11 1.41641e-18 1.41641e-18 7.89573e+23 7.89573e+23 7.89573e+23 4.94497e+26 6.72269e+26 0 0 4.64348e+42 9183.26 0.367983 0
2.94273e+11 3.85954e-17 3.85955e-17 6.02495e+23 6.02495e+23 6.02495e+23 3.65168e+26 4.9636e+26 0 0 4.64348e+42 10993.1 0.317029 0
3.39821e+11 1.79227e-15 1.79227e-15 4.553e+23 4.553e+23 4.553e+23 2.64564e+26 3.59096e+26 0 0 4.64348e+42 0 0.275565 0
3.92419e+11 1.26858e-13 1.26858e-13 3.54563e+23 3.54563e+23 3.54563e+23 1.96574e+26 2.66669e+26 0 0 4.64348e+42 0 0.241562 0
4.53158e+11 1.16434e-11 1.16434e-11 2.77046e+23 2.77046e+23 2.77046e+23 1.456e+26 1.97432e+26 0 0 4.64348e+42 0 0.213483 0
5.23299e+11 1.23161e-09 1.23161e-09 2.17017e+23 2.17017e+23 2.17017e+23 1.07487e+26 1.45662e+26 0 0 4.64348e+42 0 0.190154 0
6.04296e+11 1.33883e-07 1.33883e-07 1.67764e+23 1.67764e+23 1.67764e+23 7.78194e+25 1.05272e+26 0 0 4.64348e+42 0 0.170669 0
6.97831e+11 1.43672e-05 1.43672e-05 1.33373e+23 1.33373e+23 1.33373e+23 5.77908e+25 7.81041e+25 0 0 4.64348e+42 0 0.154323 0
8.05842e+11 0.00138772 0.00138772 1.0613e+23 1.0613e+23 1.0613e+23 4.27798e+25 5.7765e+25 0 0 4.64348e+42 0 0.140565 0
9.30572e+11 0.114615 0.114615 8.44716e+22 8.44716e+22 8.44716e+22 3.15609e+25 4.25678e+25 0 0 4.64348e+42 0 0.12896 0
1.07461e+12 7.67062 7.67062 6.61789e+22 6.61789e+22 6.61789e+22 2.28261e+25 3.07172e+25 0 0 4.64348e+42 0 0.119166 0
1.24094e+12 422.621 422.621 5.32471e+22 5.32471e+22 5.32471e+22 1.69366e+25 2.27581e+25 0 0 4.64348e+42 0 0.110908 0
1.43301e+12 18328.3 18328.3 4.27995e+22 4.27995e+22 4.27995e+22 1.25253e+25 1.68053e+25 0 0 4.64348e+42 0 0.103969 0
1.65482e+12 619348 619348 3.4345e+22 3.4345e+22 3.4345e+22 9.23056e+24 1.23622e+25 0 0 4.64348e+42 0 0.098177 0
1.91095e+12 1.59885e+07 1.59886e+07 2.70655e+22 2.70655e+22 2.70655e+22 6.66601e+24 8.90086e+24 0 0 4.64348e+42 0 0.0933933 0
2.20673e+12 3.2984e+08 3.2984e+08 2.18753e+22 2.18753e+22 2.18753e+22 4.93944e+24 6.58094e+24 0 0 4.64348e+42 0 0.0895108 0
2.5483e+12 5.31436e+09 5.31436e+09 1.76272e+22 1.76272e+22 1.76272e+22 3.6475e+24 4.84847e+24 0 0 4.64348e+42 0 0.0864461 0
2.94273e+12 6.73674e+10 6.73674e+10 1.41502e+22 1.41502e+22 1.41502e+22 2.68367e+24 3.55757e+24 0 0 4.64348e+42 0 0.0841374 0
3.39821e+12 6.6717e+11 6.67171e+11 1.11228e+22 1.11228e+22 1.11228e+22 1.93384e+24 2.55321e+24 0 0 4.64348e+42 0 0.082541 0
3.92419e+12 5.45877e+12 5.45877e+12 8.94993e+21 8.94993e+21 8.94993e+21 1.43015e+24 1.88218e+24 0 0 4.64348e+42 0 0.08163 0
4.53158e+12 3.6281e+13 3.62811e+13 7.15908e+21 7.15908e+21 7.15908e+21 1.0538e+24 1.38216e+24 0 0 4.64348e+42 0 0.0813928 0
5.23299e+12 1.98188e+14 1.98188e+14 5.68649e+21 5.68649e+21 5.68649e+21 7.7348e+23 1.01051e+24 0 0 4.64348e+42 0 0.0818329 0
6.04296e+12 8.85164e+14 8.85164e+14 4.40447e+21 4.40447e+21 4.40447e+21 5.5563e+23 7.21914e+23 0 0 4.64348e+42 0 0.0829683 0
6.97831e+12 3.42632e+15 3.42633e+15 3.48136e+21 3.48136e+21 3.48136e+21 4.09747e+23 5.29966e+23 0 0 4.64348e+42 0 0.0848322 0
8.05842e+12 1.12912e+16 1.12912e+16 2.7241e+21 2.7241e+21 2.7241e+21 3.00981e+23 3.87395e+23 0 0 4.64348e+42 0 0.0874729 0
9.30572e+12 3.20199e+16 3.202e+16 2.10736e+21 2.10736e+21 2.10736e+21 2.20159e+23 2.81799e+23 0 0 4.64348e+42 0 0.0909553 0
1.07461e+13 7.75579e+16 7.7558e+16 1.58144e+21 1.58144e+21 1.58144e+21 1.57451e+23 2.00027e+23 0 0 4.64348e+42 0 0.0953611 0
1.24094e+13 1.70081e+17 1.70081e+17 1.20705e+21 1.20705e+21 1.20705e+21 1.15646e+23 1.45993e+23 0 0 4.64348e+42 0 0.10079 0
1.43301e+13 3.30741e+17 3.30741e+17 9.08428e+20 9.08428e+20 9.08428e+20 8.45753e+22 1.06043e+23 0 0 4.64348e+42 0 0.10736 0
1.65482e+13 5.75355e+17 5.75356e+17 6.7359e+20 6.7359e+20 6.7359e+20 6.15637e+22 7.66006e+22 0 0 4.64348e+42 0 0.115206 0
1.91095e+13 8.86274e+17 8.86275e+17 4.82771e+20 4.82771e+20 4.82771e+20 4.37555e+22 5.38894e+22 0 0 4.64348e+42 0 0.12448 0
2.20673e+13 1.28208e+18 1.28209e+18 3.51789e+20 3.51789e+20 3.51789e+20 3.19579e+22 3.90202e+22 0 0 4.64348e+42 0 0.135345 0
2.5483e+13 1.70108e+18 1.70109e+18 2.52617e+20 2.52617e+20 2.52617e+20 2.3228e+22 2.8097e+22 0 0 4.64348e+42 0 0.147968 0
2.94273e+13 2.08517e+18 2.08517e+18 1.78813e+20 1.78813e+20 1.78813e+20 1.67942e+22 2.01034e+22 0 0 4.64348e+42 0 0.162507 0
3.39821e+13 2.33059e+18 2.33061e+18 1.22354e+20 1.22354e+20 1.22354e+20 1.18328e+22 1.39702e+22 0 0 4.64348e+42 0 0.179093 0
3.92419e+13 2.5229e+18 2.52292e+18 8.54648e+19 8.54648e+19 8.54648e+19 8.5756e+21 1.00069e+22 0 0 4.64348e+42 0 0.197804 0
4.53158e+13 2.57446e+18 2.57448e+18 5.89984e+19 5.89984e+19 5.89984e+19 6.18031e+21 7.12119e+21 0 0 4.64348e+42 0 0.218621 0
5.23299e+13 2.48983e+18 2.48986e+18 4.02741e+19 4.02741e+19 4.02741e+19 4.42706e+21 5.03001e+21 0 0 4.64348e+42 0 0.241387 0
6.04296e+13 2.2439e+18 2.24394e+18 2.66132e+19 2.66132e+19 2.66132e+19 3.08195e+21 3.43736e+21 0 0 4.64348e+42 0 0.265741 0
6.97831e+13 2.00634e+18 2.00638e+18 1.80529e+19 1.80529e+19 1.80529e+19 2.20998e+21 2.42662e+21 0 0 4.64348e+42 0 0.291055 0
8.05842e+13 1.72467e+18 1.72472e+18 1.21383e+19 1.21383e+19 1.21383e+19 1.57434e+21 1.69977e+21 0 0 4.64348e+42 0 0.316368 0
9.30572e+13 1.43015e+18 1.4302e+18 8.09086e+18 8.09086e+18 8.09086e+18 1.11351e+21 1.18006e+21 0 0 4.64348e+42 0 0.340344 0
1.07461e+14 1.11964e+18 1.11969e+18 5.21728e+18 5.21728e+18 5.21728e+18 7.62478e+20 7.88254e+20 0 0 4.64348e+42 0 0 0
1.24094e+14 8.8489e+17 8.8494e+17 3.47108e+18 3.47108e+18 3.47108e+18 5.38926e+20 5.45762e+20 0 0 4.64348e+42 0 0 0
1.43301e+14 6.80658e+17 6.80727e+17 2.2917e+18 2.2917e+18 2.2917e+18 3.77933e+20 3.74307e+20 0 0 4.64348e+42 0 0 0
1.65482e+14 5.10426e+17 5.10532e+17 1.50092e+18 1.50092e+18 1.50092e+18 2.62749e+20 2.53943e+20 0 0 4.64348e+42 0 0 0
1.91095e+14 3.63257e+17 3.63413e+17 9.47492e+17 9.47492e+17 9.47492e+17 1.75891e+20 1.64461e+20 0 0 4.64348e+42 0 0 0
2.20673e+14 2.64276e+17 2.64499e+17 6.20007e+17 6.20007e+17 6.20007e+17 1.21921e+20 1.10957e+20 0 0 4.64348e+42 0 0 0
2.5483e+14 1.88335e+17 1.88624e+17 4.02406e+17 4.02406e+17 4.02406e+17 8.37007e+19 7.39913e+19 0 0 4.64348e+42 0 0 0
2.94273e+14 1.31539e+17 1.31877e+17 2.58845e+17 2.58845e+17 2.58845e+17 5.6857e+19 4.86843e+19 0 0 4.64348e+42 0 0 0
3.39821e+14 8.7042e+16 8.73905e+16 1.5934e+17 1.5934e+17 1.5934e+17 3.68938e+19 3.02259e+19 0 0 4.64348e+42 0 0 0
3.92419e+14 5.94992e+16 5.98471e+16 1.02236e+17 1.02236e+17 1.02236e+17 2.49084e+19 1.97022e+19 0 0 4.64348e+42 0 0 0
4.53158e+14 3.99465e+16 4.02685e+16 6.49415e+16 6.49415e+16 6.49415e+16 1.66158e+19 1.2657e+19 0 0 4.64348e+42 0 0 0
5.23299e+14 2.63356e+16 2.66138e+16 4.07927e+16 4.07927e+16 4.07927e+16 1.09385e+19 7.9958e+18 0 0 4.64348e+42 0 0 0
6.04296e+14 1.63244e+16 1.65406e+16 2.42403e+16 2.42403e+16 2.42403e+16 6.79774e+18 4.68438e+18 0 0 4.64348e+42 0 0 0
6.97831e+14 1.0572e+16 1.07409e+16 1.51297e+16 1.51297e+16 1.51297e+16 4.42823e+18 2.91656e+18 0 0 4.64348e+42 0 0 0
8.05842e+14 6.72613e+15 6.85147e+15 9.31989e+15 9.31989e+15 9.31989e+15 2.84094e+18 1.78295e+18 0 0 4.64348e+42 0 0 0
9.30572e+14 4.2004e+15 4.28902e+15 5.65745e+15 5.65745e+15 5.65745e+15 1.79225e+18 1.06706e+18 0 0 4.64348e+42 0 0 0
1.07461e+15 2.42866e+15 2.48517e+15 3.19042e+15 3.19042e+15 3.19042e+15 1.04813e+18 5.7668e+17 0 0 4.64348e+42 0 0 0
1.24094e+15 1.48831e+15 1.52564e+15 1.9124e+15 1.9124e+15 1.9124e+15 6.50197e+17 3.37756e+17 0 0 4.64348e+42 0 0 0
1.43301e+15 8.93803e+14 9.17488e+14 1.12618e+15 1.12618e+15 1.12618e+15 3.95425e+17 1.93296e+17 0 0 4.64348e+42 0 0 0
1.65482e+15 5.25221e+14 5.3966e+14 6.50289e+14 6.50289e+14 6.50289e+14 2.35321e+17 1.07672e+17 0 0 4.64348e+42 0 0 0
1.91095e+15 2.78036e+14 2.85841e+14 3.38892e+14 3.38892e+14 3.38892e+14 1.26127e+17 5.19313e+16 0 0 4.64348e+42 0 0 0
2.20673e+15 1.59249e+14 1.6375e+14 1.91393e+14 1.91393e+14 1.91393e+14 7.31182e+16 2.80296e+16 0 0 4.64348e+42 0 0 0
2.5483e+15 8.88887e+13 9.13863e+13 1.05486e+14 1.05486e+14 1.05486e+14 4.12851e+16 1.46938e+16 0 0 4.64348e+42 0 0 0
2.94273e+15 4.82679e+13 4.96013e+13 5.66291e+13 5.66291e+13 5.66291e+13 2.26624e+16 7.44254e+15 0 0 4.64348e+42 0 0 0
3.39821e+15 2.25249e+13 2.31306e+13 2.61551e+13 2.61551e+13 2.61551e+13 1.06819e+16 3.04823e+15 0 0 4.64348e+42 0 0 0
3.92419e+15 1.17608e+13 1.20659e+13 1.35293e+13 1.35293e+13 1.35293e+13 5.62903e+15 1.47432e+15 0 0 4.64348e+42 0 0 0
4.53158e+15 5.92824e+12 6.07543e+12 6.76226e+12 6.76226e+12 6.76226e+12 2.8612e+15 6.8754e+14 0 0 4.64348e+42 0 0 0
5.23299e+15 2.88246e+12 2.95047e+12 3.26296e+12 3.26296e+12 3.26296e+12 1.40157e+15 3.07014e+14 0 0 4.64348e+42 0 0 0
6.04296e+15 1.11122e+12 1.13597e+12 1.24925e+12 1.24925e+12 1.24925e+12 5.43791e+14 9.87658e+13 0 0 4.64348e+42 0 0 0
6.97831e+15 5.07534e+11 5.1815e+11 5.67037e+11 5.67037e+11 5.67037e+11 2.49762e+14 4.11161e+13 0 0 4.64348e+42 0 0 0
8.05842e+15 2.20272e+11 2.24576e+11 2.4472e+11 2.4472e+11 2.4472e+11 1.08903e+14 1.63703e+13 0 0 4.64348e+42 0 0 0
9.30572e+15 9.10525e+10 9.27066e+10 1.00649e+11 1.00649e+11 1.00649e+11 4.5183e+13 6.1846e+12 0 0 4.64348e+42 0 0 0
1.07461e+16 2.60942e+10 2.65331e+10 2.8714e+10 2.8714e+10 2.8714e+10 1.29824e+13 1.36702e+12 0 0 4.64348e+42 0 0 0
1.24094e+16 9.76226e+09 9.91374e+09 1.06989e+10 1.06989e+10 1.06989e+10 4.86554e+12 4.58822e+11 0 0 4.64348e+42 0 0 0
1.43301e+16 3.36672e+09 3.41475e+09 3.67637e+09 3.67637e+09 3.67637e+09 1.67939e+12 1.46042e+11 0 0 4.64348e+42 0 0 0
1.65482e+16 1.07418e+09 1.08823e+09 1.16919e+09 1.16919e+09 1.16919e+09 5.35617e+11 4.42155e+10 0 0 4.64348e+42 0 0 0
1.91095e+16 1.9503e+08 1.97361e+08 2.11671e+08 2.11671e+08 2.11671e+08 9.7169e+10 5.32974e+09 0 0 4.64348e+42 0 0 0
2.20673e+16 5.36358e+07 5.42202e+07 5.8064e+07 5.8064e+07 5.8064e+07 2.66708e+10 1.28053e+09 0 0 4.64348e+42 0 0 0
2.5483e+16 1.28364e+07 1.29636e+07 1.38649e+07 1.38649e+07 1.38649e+07 6.36504e+09 2.8457e+08 0 0 4.64348e+42 0 0 0
2.94273e+16 2.60271e+06 2.62612e+06 2.80568e+06 2.80568e+06 2.80568e+06 1.28587e+09 6.14876e+07 0 0 4.64348e+42 0 0 0
3.39821e+16 233251 235151 251003 251003 251003 1.14718e+08 3.06473e+06 0 0 4.64348e+42 0 0 0
3.92419e+16 38649 38933.8 41527.2 41527.2 41527.2 1.89082e+07 426678 0 0 4.64348e+42 0 0 0
4.53158e+16 5069.22 5102.94 5439.51 5439.51 5439.51 2.46502e+06 50016.9 0 0 4.64348e+42 0 0 0
5.23299e+16 478.594 481.464 512.966 512.966 512.966 231152 5669.17 0 0 4.64348e+42 0 0 0
6.04296e+16 12.9123 12.982 13.8261 13.8261 13.8261 6189.81 82.1522 0 0 4.64348e+42 0 0 0
6.97831e+16 0.848048 0.852163 0.907296 0.907296 0.907296 403.205 3.97376 0 0 4.64348e+42 0 0 0
8.05842e+16 0.0262327 0.026347 0.0280454 0.0280454 0.0280454 12.3626 0.0709672 0 0 4.64348e+42 0 0 0
9.30572e+16 0 0 0 0 0 0 0 0 0 4.64348e+42 0 0 0