
1.07461e-07 0 0 7.29298e+49 2.51367e+51 2.37323e+57 0 0 3.2267e+44 0 4.64348e+42 0 0 1
1.24094e-07 0 0 1.32956e+50 2.85131e+51 2.1077e+57 0 0 3.72613e+44 0 4.64348e+42 0 0 1
1.43301e-07 0 0 2.27655e+50 3.23719e+51 1.87193e+57 0 0 4.30287e+44 0 4.64348e+42 0 0 1
1.65482e-07 0 0 3.69148e+50 3.67758e+51 1.66167e+57 0 0 4.96887e+44 0 4.64348e+42 0 0 1
1.91095e-07 0 0 5.71066e+50 4.18054e+51 1.4739e+57 0 0 5.73797e+44 0 4.64348e+42 0 0 1
2.20673e-07 0 0 8.48394e+50 4.75624e+51 1.3063e+57 0 0 6.6261e+44 0 4.64348e+42 0 0 1
2.5483e-07 0 0 1.21748e+51 5.41725e+51 1.15693e+57 0 0 7.6517e+44 0 4.64348e+42 0 0 1
2.94273e-07 0 0 1.69624e+51 6.17886e+51 1.02404e+57 0 0 8.83605e+44 0 4.64348e+42 0 0 1
3.39821e-07 0 0 2.30458e+51 7.05931e+51 9.06006e+56 0 0 1.02037e+45 0 4.64348e+42 0 0 1
3.92419e-07 0 0 3.06492e+51 8.08025e+51 8.01325e+56 0 0 1.17831e+45 0 4.64348e+42 0 0 1
4.53158e-07 0 0 4.00286e+51 9.26715e+51 7.08576e+56 0 0 1.36069e+45 0 4.64348e+42 0 0 1
5.23299e-07 0 0 5.14797e+51 1.06499e+52 6.26445e+56 0 0 1.5713e+45 0 4.64348e+42 0 0 1
6.04296e-07 0 0 6.53477e+51 1.22638e+52 5.53731e+56 0 0 1.8145e+45 0 4.64348e+42 0 0 1
6.97831e-07 0 0 8.20404e+51 1.41507e+52 4.89346e+56 0 0 2.09536e+45 0 4.64348e+42 0 0 1
8.05842e-07 0 0 1.02046e+52 1.6361e+52 4.32323e+56 0 0 2.41968e+45 0 4.64348e+42 0 0 1
9.30572e-07 0 0 1.25953e+52 1.8956e+52 3.81807e+56 0 0 2.7942e+45 0 4.64348e+42 0 0 1
1.07461e-06 0 0 1.54479e+52 2.20094e+52 3.37051e+56 0 0 3.22669e+45 0 4.64348e+42 0 0 1
1.24094e-06 0 0 1.88488e+52 2.56105e+52 2.97397e+56 0 0 3.72613e+45 0 4.64348e+42 0 0 1
1.43301e-06 0 0 2.29026e+52 2.98658e+52 2.62269e+56 0 0 4.30286e+45 0 4.64348e+42 0 0 1
1.65482e-06 0 0 2.77341e+52 3.4902e+52 2.31157e+56 0 0 4.96887e+45 0 4.64348e+42 0 0 1
1.91095e-06 0 0 3.34929e+52 4.08703e+52 2.03607e+56 0 0 5.73796e+45 0 4.64348e+42 0 0 1
2.20673e-06 0 0 4.03585e+52 4.79515e+52 1.7922e+56 0 0 6.62609e+45 0 4.64348e+42 0 0 1
2.5483e-06 0 0 4.85464e+52 5.63623e+52 1.57638e+56 0 0 7.65169e+45 0 4.64348e+42 0 0 1
2.94273e-06 0 0 5.8315e+52 6.63624e+52 1.38546e+56 0 0 8.83603e+45 0 4.64348e+42 0 0 1
3.39821e-06 0 0 6.9974e+52 7.82624e+52 1.21664e+56 0 0 1.02037e+46 0 4.64348e+42 0 0 1
3.92419e-06 0 0 8.3893e+52 9.24328e+52 1.06743e+56 0 0 1.1783e+46 0 4.64348e+42 0 0 1
4.53158e-06 0 0 1.00513e+53 1.09315e+53 9.35622e+55 0 0 1.36068e+46 0 4.64348e+42 0 0 1
5.23299e-06 0 0 1.20362e+53 1.29438e+53 8.19258e+55 0 0 1.57129e+46 0 4.64348e+42 0 0 1
6.04296e-06 0 0 1.44068e+53 1.53429e+53 7.16595e+55 0 0 1.8145e+46 0 4.64348e+42 0 0 1
6.97831e-06 0 0 1.7238e+53 1.82038e+53 6.26084e+55 0 0 2.09535e+46 0 4.64348e+42 0 0 1
8.05842e-06 0 0 2.06191e+53 2.16158e+53 5.46348e+55 0 0 2.41967e+46 0 4.64348e+42 0 0 1
9.30572e-06 0 0 2.46564e+53 2.56852e+53 4.76164e+55 0 0 2.79419e+46 0 4.64348e+42 0 0 1
1.07461e-05 0 0 2.94767e+53 3.05388e+53 4.14444e+55 0 0 3.22667e+46 0 4.64348e+42 0 0 1
1.24094e-05 0 0 3.52305e+53 3.63272e+53 3.6022e+55 0 0 3.7261e+46 0 4.64348e+42 0 0 1
1.43301e-05 0 0 4.20974e+53 4.32299e+53 3.12631e+55 0 0 4.30283e+46 0 4.64348e+42 0 0 1
1.65482e-05 0 0 5.02909e+53 5.14604e+53 2.70913e+55 0 0 4.96883e+46 0 4.64348e+42 0 0 1
1.91095e-05 0 0 6.00651e+53 6.12728e+53 2.34385e+55 0 0 5.7379e+46 0 4.64348e+42 0 0 1
2.20673e-05 0 0 7.17225e+53 7.29696e+53 2.02442e+55 0 0 6.62601e+46 0 4.64348e+42 0 0 1
2.5483e-05 7.56525e-220 7.56525e-220 8.56232e+53 8.6911e+53 1.74546e+55 0 0 7.65159e+46 1.6872e-224 4.64348e+42 0 0 1
2.94273e-05 1.49173e-148 1.49173e-148 1.02196e+54 1.03525e+54 1.50219e+55 0 0 8.83589e+46 2.41375e-153 4.64348e+42 0 0 1
3.39821e-05 7.8224e-96 7.8224e-96 1.21947e+54 1.2332e+54 1.29038e+55 0 0 1.02035e+47 9.18546e-101 4.64348e+42 0 0 1
3.92419e-05 7.6269e-57 7.6269e-57 1.45419e+54 1.46835e+54 1.10625e+55 0 0 1.17828e+47 6.50372e-62 4.64348e+42 0 0 1
4.53158e-05 5.2552e-28 5.2552e-28 1.7278e+54 1.74236e+54 9.46447e+54 0 0 1.36065e+47 3.26611e-33 4.64348e+42 0 0 1
5.23299e-05 1.12525e-06 1.12525e-06 2.02703e+54 2.04182e+54 8.08011e+54 0 0 1.57125e+47 5.16205e-12 4.64348e+42 0 0 1
6.04296e-05 6.67811e+09 6.67811e+09 2.31395e+54 2.32857e+54 6.88308e+54 0 0 1.81444e+47 23239.8 4.64348e+42 0 0 1
6.97831e-05 3.02882e+21 3.02882e+21 2.53568e+54 2.54955e+54 5.85006e+54 0 0 2.09527e+47 8.32935e+15 4.64348e+42 0 0 1
8.05842e-05 1.22282e+30 1.22282e+30 2.64989e+54 2.66243e+54 4.96041e+54 0 0 2.41957e+47 2.78656e+24 4.64348e+42 0 0 1
9.30572e-05 2.71344e+36 2.71344e+36 2.64292e+54 2.65374e+54 4.19589e+54 0 0 2.79405e+47 5.36872e+30 4.64348e+42 0 0 1
0.000107461 1.277e+41 1.277e+41 2.52907e+54 2.53803e+54 3.54036e+54 0 0 3.22649e+47 2.28647e+35 4.64348e+42 0 0 1
0.000124094 3.46891e+44 3.46891e+44 2.33821e+54 2.34539e+54 2.9796e+54 0 0 3.72586e+47 5.81758e+38 4.64348e+42 0 0 1
0.000143301 1.14202e+47 1.14202e+47 2.10298e+54 2.10857e+54 2.50107e+54 0 0 4.30251e+47 1.84405e+41 4.64348e+42 0 0 1
0.000165482 7.89124e+48 7.89124e+48 1.85096e+54 1.85522e+54 2.09375e+54 0 0 4.9684e+47 1.25367e+43 4.64348e+42 0 0 1
0.000191095 1.71821e+50 1.71821e+50 1.60196e+54 1.60515e+54 1.74794e+54 0 0 5.73733e+47 2.73123e+44 4.64348e+42 0 0 1
0.000220673 1.59215e+51 1.59215e+51 1.36838e+54 1.37074e+54 1.45514e+54 0 0 6.62525e+47 2.56572e+45 4.64348e+42 0 0 1
0.00025483 7.84082e+51 7.84082e+51 1.15685e+54 1.15858e+54 1.20791e+54 0 0 7.65057e+47 1.29425e+46 4.64348e+42 0 0 1
0.000294273 2.41843e+52 2.41843e+52 9.69943e+53 9.71198e+53 9.99758e+53 0 0 8.83454e+47 4.12306e+46 4.64348e+42 0 0 1
0.000339821 5.27479e+52 5.27479e+52 8.07728e+53 8.08632e+53 8.25021e+53 0 0 1.02017e+48 9.35134e+46 4.64348e+42 0 0 1
0.000392419 8.89867e+52 8.89867e+52 6.68797e+53 6.69446e+53 6.78773e+53 0 0 1.17804e+48 1.64993e+47 4.64348e+42 0 0 1
0.000453158 1.2407e+53 1.2407e+53 5.51015e+53 5.51478e+53 5.56744e+53 0 0 1.36033e+48 2.41789e+47 4.64348e+42 0 0 1
0.000523299 1.50137e+53 1.50137e+53 4.51963e+53 4.52292e+53 4.55243e+53 0 0 1.57082e+48 3.08901e+47 4.64348e+42 0 0 1
0.000604296 1.63491e+53 1.63491e+53 3.69211e+53 3.69443e+53 3.71085e+53 0 0 1.81387e+48 3.56577e+47 4.64348e+42 0 0 1
0.000697831 1.64544e+53 1.64544e+53 3.00461e+53 3.00625e+53 3.01532e+53 0 0 2.09451e+48 3.81881e+47 4.64348e+42 0 0 1
0.000805842 1.56107e+53 1.56107e+53 2.43625e+53 2.4374e+53 2.44237e+53 0 0 2.41855e+48 3.86932e+47 4.64348e+42 0 0 1
0.000930572 1.41659e+53 1.41659e+53 1.96846e+53 1.96926e+53 1.97197e+53 0 0 2.79269e+48 3.76316e+47 4.64348e+42 0 0 1
0.00107461 1.24286e+53 1.24286e+53 1.58502e+53 1.58558e+53 1.58705e+53 0 0 3.22468e+48 3.55075e+47 4.64348e+42 0 0 1
0.00124094 1.06269e+53 1.06269e+53 1.27196e+53 1.27235e+53 1.27314e+53 0 0 3.72345e+48 3.27617e+47 4.64348e+42 0 0 1
0.00143301 8.90742e+52 8.90742e+52 1.01732e+53 1.01759e+53 1.01801e+53 0 0 4.29929e+48 2.97323e+47 4.64348e+42 0 0 1
0.00165482 7.35091e+52 7.35091e+52 8.10952e+52 8.11138e+52 8.1136e+52 0 0 4.9641e+48 2.66551e+47 4.64348e+42 0 0 1
0.00191095 5.99193e+52 5.99193e+52 6.44311e+52 6.44439e+52 6.44555e+52 0 0 5.73161e+48 2.36813e+47 4.64348e+42 0 0 1
0.00220673 4.83569e+52 4.83569e+52 5.10227e+52 5.10315e+52 5.10376e+52 0 0 6.61762e+48 2.08992e+47 4.64348e+42 0 0 1
0.0025483 3.8706e+52 3.8706e+52 4.02721e+52 4.02781e+52 4.02812e+52 0 0 7.64039e+48 1.8353e+47 4.64348e+42 0 0 1
0.00294273 3.07673e+52 3.07673e+52 3.16827e+52 3.16868e+52 3.16884e+52 0 0 8.82097e+48 1.60583e+47 4.64348e+42 0 0 1
0.00339821 2.43115e+52 2.43115e+52 2.48442e+52 2.48469e+52 2.48478e+52 0 0 1.01836e+49 1.40127e+47 4.64348e+42 0 0 1
0.00392419 1.911e+52 1.911e+52 1.94185e+52 1.94204e+52 1.94208e+52 0 0 1.17562e+49 1.22033e+47 4.64348e+42 0 0 1
0.00453158 1.49509e+52 1.49509e+52 1.51289e+52 1.51302e+52 1.51304e+52 0 0 1.35711e+49 1.06119e+47 4.64348e+42 0 0 1
0.00523299 1.16469e+52 1.16469e+52 1.17493e+52 1.17501e+52 1.17502e+52 0 0 1.56653e+49 9.21792e+46 4.64348e+42 0 0 1
0.00604296 9.03715e+51 9.03715e+51 9.0958e+51 9.09637e+51 9.09642e+51 0 0 1.80815e+49 8.00063e+46 4.64348e+42 0 0 1
0.00697831 6.98614e+51 6.98614e+51 7.01963e+51 7.02001e+51 7.02006e+51 0 0 2.08688e+49 6.93996e+46 4.64348e+42 0 0 1
0.00805842 5.38175e+51 5.38175e+51 5.4008e+51 5.40106e+51 5.40108e+51 0 0 2.40838e+49 6.01726e+46 4.64348e+42 0 0 1
0.00930572 4.13204e+51 4.13204e+51 4.14285e+51 4.14302e+51 4.14303e+51 0 0 2.77914e+49 5.21554e+46 4.64348e+42 0 0 1
0.0107461 3.16251e+51 3.16251e+51 3.16862e+51 3.16873e+51 3.16874e+51 0 0 3.20662e+49 4.51955e+46 4.64348e+42 0 0 1
0.0124094 2.41319e+51 2.41319e+51 2.41664e+51 2.41671e+51 2.41671e+51 0 0 3.69936e+49 3.91574e+46 4.64348e+42 0 0 1
0.0143301 1.83615e+51 1.83615e+51 1.83809e+51 1.83814e+51 1.83814e+51 0 0 4.26719e+49 3.39215e+46 4.64348e+42 0 0 1
0.0165482 1.39332e+51 1.39332e+51 1.3944e+51 1.39444e+51 1.39444e+51 0 0 4.92132e+49 2.93829e+46 4.64348e+42 0 0 1
0.0191095 1.05459e+51 1.05459e+51 1.05519e+51 1.05521e+51 1.05521e+51 0 0 5.67458e+49 2.54497e+46 4.64348e+42 0 0 1
0.0220673 7.96292e+50 7.96292e+50 7.96631e+50 7.96645e+50 7.96645e+50 0 0 6.54162e+49 2.20419e+46 4.64348e+42 0 0 1
0.025483 5.99918e+50 5.99918e+50 6.00107e+50 6.00116e+50 6.00116e+50 0 0 7.53912e+49 1.90896e+46 4.64348e+42 0 0 1
0.0294273 4.51037e+50 4.51037e+50 4.51141e+50 4.51147e+50 4.51147e+50 0 0 8.68603e+49 1.65323e+46 4.64348e+42 0 0 1
0.0339821 3.38457e+50 3.38457e+50 3.38515e+50 3.38519e+50 3.38519e+50 0 0 1.00038e+50 1.43172e+46 4.64348e+42 0 0 1
0.0392419 2.53535e+50 2.53535e+50 2.53567e+50 2.5357e+50 2.5357e+50 0 0 1.15168e+50 1.23988e+46 4.64348e+42 0 0 1
0.0453158 1.89621e+50 1.89621e+50 1.89639e+50 1.8964e+50 1.8964e+50 0 0 1.32522e+50 1.07372e+46 4.64348e+42 0 0 1
0.0523299 1.41617e+50 1.41617e+50 1.41626e+50 1.41627e+50 1.41627e+50 0 0 1.52407e+50 9.2983e+45 4.64348e+42 0 0 1
0.0604296 1.0563e+50 1.0563e+50 1.05636e+50 1.05636e+50 1.05636e+50 0 0 1.75163e+50 8.05214e+45 4.64348e+42 0 0 1
0.0697831 7.86995e+49 7.86995e+49 7.87025e+49 7.8703e+49 7.8703e+49 0 0 2.01166e+50 6.97296e+45 4.64348e+42 0 0 1
0.0805842 5.85768e+49 5.85768e+49 5.85785e+49 5.85787e+49 5.85787e+49 0 0 2.30831e+50 6.03839e+45 4.64348e+42 0 0 1
0.0930572 4.35619e+49 4.35619e+49 4.35628e+49 4.3563e+49 4.3563e+49 0 0 2.64605e+50 5.22907e+45 4.64348e+42 0 0 1
0.107461 3.23722e+49 3.23722e+49 3.23727e+49 3.23728e+49 3.23728e+49 0 0 3.02969e+50 4.52821e+45 4.64348e+42 0 0 1
0.124094 2.40423e+49 2.40423e+49 2.40426e+49 2.40426e+49 2.40426e+49 0 0 3.46428e+50 3.92129e+45 4.64348e+42 0 0 1
0.143301 1.78471e+49 1.78471e+49 1.78472e+49 1.78473e+49 1.78473e+49 0 0 3.95501e+50 3.3957e+45 4.64348e+42 0 0 1
0.165482 1.32433e+49 1.32433e+49 1.32434e+49 1.32435e+49 1.32435e+49 0 0 4.50704e+50 2.94056e+45 4.64348e+42 0 0 1
0.191095 9.82454e+48 9.82454e+48 9.82458e+48 9.8246e+48 9.8246e+48 0 0 5.12525e+50 2.54643e+45 4.64348e+42 0 0 1
0.220673 7.28712e+48 7.28712e+48 7.28714e+48 7.28715e+48 7.28715e+48 0 0 5.81386e+50 2.20512e+45 4.64348e+42 0 0 1
0.25483 5.40467e+48 5.40467e+48 5.40469e+48 5.40469e+48 5.40469e+48 0 0 6.57601e+50 1.90955e+45 4.64348e+42 0 0 1
0.294273 4.00859e+48 4.00859e+48 4.0086e+48 4.00861e+48 4.00861e+48 0 0 7.41304e+50 1.65361e+45 4.64348e+42 0 0 1
0.339821 2.97344e+48 2.97344e+48 2.97345e+48 2.97345e+48 2.97345e+48 0 0 8.3237e+50 1.43196e+45 4.64348e+42 0 0 1
0.392419 2.20599e+48 2.20599e+48 2.206e+48 2.206e+48 2.206e+48 0 0 9.30308e+50 1.24003e+45 4.64348e+42 0 0 1
0.453158 1.63703e+48 1.63703e+48 1.63703e+48 1.63703e+48 1.63703e+48 0 0 1.03413e+51 1.07382e+45 4.64348e+42 0 0 1
0.523299 1.21518e+48 1.21518e+48 1.21518e+48 1.21518e+48 1.21518e+48 0 0 1.14219e+51 9.29891e+44 4.64348e+42 0 0 1
0.604296 9.0237e+47 9.0237e+47 9.02371e+47 9.02371e+47 9.02371e+47 0 0 1.25204e+51 8.05252e+44 4.64348e+42 0 0 1
0.697831 6.7036e+47 6.7036e+47 6.7036e+47 6.7036e+47 6.7036e+47 0 0 1.36022e+51 6.97319e+44 4.64348e+42 0 0 1
0.805842 4.98231e+47 4.98231e+47 4.98231e+47 4.98231e+47 4.98231e+47 0 0 1.46212e+51 6.03853e+44 4.64348e+42 0 0 1
0.930572 3.70486e+47 3.70486e+47 3.70487e+47 3.70487e+47 3.70487e+47 0 0 1.5519e+51 5.22915e+44 4.64348e+42 0 0 1
1.07461 2.75646e+47 2.75646e+47 2.75646e+47 2.75646e+47 2.75646e+47 0 0 1.6225e+51 4.52826e+44 4.64348e+42 0 0 1
1.24094 2.05203e+47 2.05203e+47 2.05203e+47 2.05203e+47 2.05203e+47 0 0 1.66594e+51 3.9213e+44 4.64348e+42 0 0 1
1.43301 1.52858e+47 1.52858e+47 1.52858e+47 1.52858e+47 1.52858e+47 0 0 1.67386e+51 3.39571e+44 4.64348e+42 0 0 1
1.65482 1.13941e+47 1.13941e+47 1.13941e+47 1.13941e+47 1.13941e+47 0 0 1.63859e+51 2.94056e+44 4.64348e+42 0 0 1
1.91095 8.49919e+46 8.49919e+46 8.49919e+46 8.49919e+46 8.49919e+46 0 0 1.5546e+51 2.54641e+44 4.64348e+42 0 0 1
2.20673 6.34447e+46 6.34447e+46 6.34447e+46 6.34447e+46 6.34447e+46 0 0 1.42038e+51 2.2051e+44 4.64348e+42 0 0 1
2.5483 4.7397e+46 4.7397e+46 4.7397e+46 4.7397e+46 4.7397e+46 0 0 1.2403e+51 1.90953e+44 4.64348e+42 0 0 1
2.94273 3.54375e+46 3.54375e+46 3.54375e+46 3.54375e+46 3.54375e+46 0 0 1.02586e+51 1.65358e+44 4.64348e+42 0 0 1
3.39821 2.65186e+46 2.65186e+46 2.65186e+46 2.65186e+46 2.65186e+46 0 0 7.95273e+50 1.43194e+44 4.64348e+42 0 0 1
3.92419 1.98624e+46 1.98624e+46 1.98624e+46 1.98624e+46 1.98624e+46 0 0 5.7086e+50 1.24001e+44 4.64348e+42 0 0 1
4.53158 1.4891e+46 1.4891e+46 1.4891e+46 1.4891e+46 1.4891e+46 0 0 3.74185e+50 1.0738e+44 4.64348e+42 0 0 1
5.23299 1.1175e+46 1.1175e+46 1.1175e+46 1.1175e+46 1.1175e+46 0 0 2.2046e+50 9.29867e+43 4.64348e+42 0 0 1
6.04296 8.39508e+45 8.39508e+45 8.39509e+45 8.39509e+45 8.39509e+45 0 0 1.14686e+50 8.05228e+43 4.64348e+42 0 0 1
6.97831 6.31352e+45 6.31352e+45 6.31352e+45 6.31352e+45 6.31352e+45 0 0 5.16253e+49 6.97295e+43 4.64348e+42 0 0 1
8.05842 4.75344e+45 4.75344e+45 4.75344e+45 4.75344e+45 4.75344e+45 0 0 1.96524e+49 6.03829e+43 4.64348e+42 0 0 1
9.30572 3.58305e+45 3.58305e+45 3.58305e+45 3.58305e+45 3.58305e+45 0 0 6.16278e+48 5.22891e+43 4.64348e+42 0 0 1
10.7461 2.70411e+45 2.70411e+45 2.70411e+45 2.70411e+45 2.70411e+45 0 0 1.54477e+48 4.52801e+43 4.64348e+42 0 0 1
12.4094 2.04335e+45 2.04335e+45 2.04335e+45 2.04335e+45 2.04335e+45 0 0 2.98949e+47 3.92106e+43 4.64348e+42 0 0 1
14.3301 1.54604e+45 1.54604e+45 1.54604e+45 1.54604e+45 1.54604e+45 0 0 4.29126e+46 3.39546e+43 4.64348e+42 0 0 1
16.5482 1.17132e+45 1.17132e+45 1.17133e+45 1.17133e+45 1.17133e+45 0 0 4.36256e+45 2.94031e+43 4.64348e+42 0 0 1
19.1095 8.88636e+44 8.88636e+44 8.88637e+44 8.88637e+44 8.88637e+44 0 0 2.97767e+44 2.54617e+43 4.64348e+42 0 0 1
22.0673 6.75107e+44 6.75107e+44 6.75108e+44 6.75108e+44 6.75108e+44 0 0 1.28295e+43 2.20486e+43 4.64348e+42 0 0 1
25.483 5.13609e+44 5.13609e+44 5.1361e+44 5.1361e+44 5.1361e+44 0 0 3.24947e+41 1.90929e+43 4.64348e+42 0 0 1
29.4273 3.91302e+44 3.91302e+44 3.91303e+44 3.91303e+44 3.91303e+44 0 0 4.4563e+39 1.65334e+43 4.64348e+42 0 0 1
33.9821 2.98548e+44 2.98548e+44 2.98548e+44 2.98548e+44 2.98548e+44 0 0 3.00923e+37 1.4317e+43 4.64348e+42 0 0 1
39.2419 2.28107e+44 2.28107e+44 2.28107e+44 2.28107e+44 2.28107e+44 0 0 8.96668e+34 1.23976e+43 4.64348e+42 0 0 1
45.3158 1.74535e+44 1.74535e+44 1.74535e+44 1.74535e+44 1.74535e+44 0 0 1.03874e+32 1.07356e+43 4.64348e+42 0 0 1
52.3299 1.33732e+44 1.33732e+44 1.33732e+44 1.33732e+44 1.33732e+44 0 0 4.04182e+28 9.29625e+42 4.64348e+42 0 0 1
60.4296 1.02609e+44 1.02609e+44 1.0261e+44 1.0261e+44 1.0261e+44 0 0 4.46173e+24 8.04986e+42 4.64348e+42 0 0 1
69.7831 7.88343e+43 7.88343e+43 7.88346e+43 7.88346e+43 7.88346e+43 0 0 1.14974e+20 6.97053e+42 4.64348e+42 0 0 1
80.5842 6.06453e+43 6.06453e+43 6.06456e+43 6.06456e+43 6.06456e+43 0 0 5.5216e+14 6.03587e+42 4.64348e+42 0 0 1
93.0572 4.67091e+43 4.67091e+43 4.67093e+43 4.67093e+43 4.67093e+43 0 0 3.8104e+08 5.22649e+42 4.64348e+42 0 0 1
107.461 3.60156e+43 3.60156e+43 3.60158e+43 3.60158e+43 3.60158e+43 0 0 27.9835 4.52559e+42 4.64348e+42 0 0 1
124.094 2.77985e+43 2.77985e+43 2.77987e+43 2.77987e+43 2.77987e+43 0 0 1.54618e-07 3.91864e+42 4.64348e+42 0 0 1
143.301 2.14755e+43 2.14755e+43 2.14757e+43 2.14757e+43 2.14757e+43 0 0 4.30663e-17 3.39304e+42 4.64348e+42 0 0 1
165.482 1.66035e+43 1.66035e+43 1.66037e+43 1.66037e+43 1.66037e+43 0 0 3.80808e-28 2.93789e+42 4.64348e+42 0 0 1
191.095 1.28449e+43 1.28449e+43 1.2845e+43 1.2845e+43 1.2845e+43 0 0 6.26693e-41 2.54375e+42 4.64348e+42 0 0 1
220.673 9.94174e+42 9.94174e+42 9.94185e+42 9.94185e+42 9.94185e+42 0 0 1.03604e-55 2.20243e+42 4.64348e+42 0 0 1
254.83 7.69707e+42 7.69707e+42 7.69717e+42 7.69717e+42 7.69717e+42 0 0 8.44137e-73 1.90687e+42 4.64348e+42 0 0 1
294.273 5.95992e+42 5.95992e+42 5.96001e+42 5.96001e+42 5.96001e+42 0 0 1.48949e-92 1.65092e+42 4.64348e+42 0 0 1
339.821 4.61453e+42 4.61453e+42 4.61461e+42 4.61461e+42 4.61461e+42 0 0 2.20216e-115 1.42928e+42 4.64348e+42 0 0 1
392.419 3.57193e+42 3.57193e+42 3.572e+42 3.572e+42 3.572e+42 0 0 9.11191e-142 1.23734e+42 4.64348e+42 0 0 1
453.158 2.76365e+42 2.76365e+42 2.76371e+42 2.76371e+42 2.76371e+42 0 0 2.97422e-172 1.07113e+42 4.64348e+42 0 0 1
523.299 2.13691e+42 2.13691e+42 2.13697e+42 2.13697e+42 2.13697e+42 0 0 1.77447e-207 9.27203e+41 4.64348e+42 0 0 1
604.296 1.65094e+42 1.65094e+42 1.65099e+42 1.65099e+42 1.65099e+42 0 0 3.57542e-248 8.02564e+41 4.64348e+42 0 0 1
697.831 1.27423e+42 1.27423e+42 1.27428e+42 1.27428e+42 1.27428e+42 0 0 0 6.94632e+41 4.64348e+42 0 0 1
805.842 9.82348e+41 9.82348e+41 9.82388e+41 9.82388e+41 9.82388e+41 0 0 0 6.01167e+41 4.64348e+42 0 0 1
930.572 7.56359e+41 7.56359e+41 7.56396e+41 7.56396e+41 7.56396e+41 0 0 0 5.20229e+41 4.64348e+42 0 0 1
1074.61 5.81556e+41 5.81556e+41 5.81588e+41 5.81588e+41 5.81588e+41 0 0 0 4.50141e+41 4.64348e+42 0 0 1
1240.94 4.46502e+41 4.46502e+41 4.46531e+41 4.46531e+41 4.46531e+41 0 0 0 3.89447e+41 4.64348e+42 0 0 1
1433.01 3.42302e+41 3.42302e+41 3.42327e+41 3.42327e+41 3.42327e+41 0 0 0 3.36888e+41 4.64348e+42 0 0 1
1654.82 2.62028e+41 2.62028e+41 2.6205e+41 2.6205e+41 2.6205e+41 0 0 0 2.91375e+41 4.64348e+42 0 0 1
1910.95 2.00289e+41 2.00289e+41 2.00309e+41 2.00309e+41 2.00309e+41 0 0 0 2.51963e+41 4.64348e+42 0 0 1
2206.73 1.52886e+41 1.52886e+41 1.52904e+41 1.52904e+41 1.52904e+41 0 0 0 2.17833e+41 4.64348e+42 0 0 1
2548.3 1.16554e+41 1.16554e+41 1.1657e+41 1.1657e+41 1.1657e+41 0 0 0 1.88279e+41 4.64348e+42 0 0 1
2942.73 8.87556e+40 8.87556e+40 8.8769e+40 8.8769e+40 8.8769e+40 0 0 0 1.62687e+41 4.64348e+42 0 0 1
3398.21 6.75203e+40 6.75203e+40 6.75321e+40 6.75321e+40 6.75321e+40 0 0 0 1.40526e+41 4.64348e+42 0 0 1
3924.19 5.13232e+40 5.13232e+40 5.13336e+40 5.13336e+40 5.13336e+40 0 0 0 1.21337e+41 4.64348e+42 0 0 1
4531.58 3.89855e+40 3.89855e+40 3.89946e+40 3.89946e+40 3.89946e+40 0 0 0 1.0472e+41 4.64348e+42 0 0 1
5232.99 2.9599e+40 2.9599e+40 2.96067e+40 2.96067e+40 2.96067e+40 0 0 0 9.03345e+40 4.64348e+42 0 0 1
6042.96 2.24636e+40 2.24636e+40 2.24702e+40 2.24702e+40 2.24702e+40 0 0 0 7.78768e+40 4.64348e+42 0 0 1
6978.31 1.70437e+40 1.70437e+40 1.70495e+40 1.70495e+40 1.70495e+40 0 0 0 6.70906e+40 4.64348e+42 0 0 1
8058.42 1.29292e+40 1.29292e+40 1.29342e+40 1.29342e+40 1.29342e+40 0 0 0 5.77522e+40 4.64348e+42 0 0 1
9305.72 9.80686e+39 9.80686e+39 9.81122e+39 9.81122e+39 9.81122e+39 0 0 0 4.96678e+40 4.64348e+42 0 0 1
10746.1 7.43802e+39 7.43802e+39 7.44179e+39 7.44179e+39 7.44179e+39 0 0 0 4.26697e+40 4.64348e+42 0 0 1
12409.4 5.64106e+39 5.64106e+39 5.64432e+39 5.64432e+39 5.64432e+39 0 0 0 3.66126e+40 4.64348e+42 0 0 1
14330.1 4.27797e+39 4.27797e+39 4.28079e+39 4.28079e+39 4.28079e+39 0 0 0 3.13708e+40 4.64348e+42 0 0 1
16548.2 3.244e+39 3.244e+39 3.24643e+39 3.24643e+39 3.24643e+39 0 0 0 2.68356e+40 4.64348e+42 0 0 1
19109.5 2.45965e+39 2.45965e+39 2.46173e+39 2.46173e+39 2.46173e+39 0 0 0 2.29127e+40 4.64348e+42 0 0 1
22067.3 1.86463e+39 1.86463e+39 1.86641e+39 1.86641e+39 1.86641e+39 0 0 0 1.95208e+40 4.64348e+42 0 0 1
25483 1.41323e+39 1.41323e+39 1.41476e+39 1.41476e+39 1.41476e+39 0 0 0 1.65893e+40 4.64348e+42 0 0 1
29427.3 1.0708e+39 1.0708e+39 1.07209e+39 1.07209e+39 1.07209e+39 0 0 0 1.40572e+40 4.64348e+42 0 0 1
33982.1 8.11036e+38 8.11036e+38 8.12134e+38 8.12134e+38 8.12134e+38 0 0 0 1.18719e+40 4.64348e+42 0 0 1
39241.9 6.14014e+38 6.14014e+38 6.14941e+38 6.14941e+38 6.14941e+38 0 0 0 9.98773e+39 4.64348e+42 0 0 1
45315.8 4.64608e+38 4.64608e+38 4.65386e+38 4.65386e+38 4.65386e+38 0 0 0 8.36531e+39 4.64348e+42 0 0 1
52329.9 3.51342e+38 3.51342e+38 3.51991e+38 3.51991e+38 3.51991e+38 0 0 0 6.97059e+39 4.64348e+42 0 0 1
60429.6 2.65504e+38 2.65504e+38 2.66042e+38 2.66042e+38 2.66042e+38 0 0 0 5.77414e+39 4.64348e+42 0 0 1
69783.1 2.00482e+38 2.00482e+38 2.00926e+38 2.00926e+38 2.00926e+38 0 0 0 4.75051e+39 4.64348e+42 0 0 1
80584.2 1.51256e+38 1.51256e+38 1.5162e+38 1.5162e+38 1.5162e+38 0 0 0 3.87768e+39 4.64348e+42 0 0 1
93057.2 1.14012e+38 1.14012e+38 1.14308e+38 1.14308e+38 1.14308e+38 0 0 0 3.13658e+39 4.64348e+42 0 0 1
107461 8.58557e+37 8.58557e+37 8.60946e+37 8.60946e+37 8.60946e+37 0 0 0 2.51065e+39 4.64348e+42 0 0 1
124094 6.45865e+37 6.45865e+37 6.47779e+37 6.47779e+37 6.47779e+37 0 0 0 1.98543e+39 4.64348e+42 0 0 1
143301 4.85348e+37 4.85348e+37 4.8687e+37 4.8687e+37 4.8687e+37 0 0 0 1.5483e+39 4.64348e+42 0 0 1
165482 3.64328e+37 3.64328e+37 3.65528e+37 3.65528e+37 3.65528e+37 0 0 0 1.18808e+39 4.64348e+42 0 0 1
191095 2.73183e+37 2.73183e+37 2.74122e+37 2.74122e+37 2.74122e+37 0 0 0 8.94832e+38 4.64348e+42 0 0 1
220673 2.04614e+37 2.04614e+37 2.05343e+37 2.05343e+37 2.05343e+37 0 0 0 6.59617e+38 4.64348e+42 0 0 1
254830 1.53089e+37 1.53089e+37 1.53651e+37 1.53651e+37 1.53651e+37 0 0 0 4.74295e+38 4.64348e+42 0 0 1
294273 1.14417e+37 1.14417e+37 1.14847e+37 1.14847e+37 1.14847e+37 0 0 0 3.3139e+38 4.64348e+42 0 0 1
339821 8.54261e+36 8.54261e+36 8.57532e+36 8.57532e+36 8.57532e+36 0 0 0 2.23992e+38 4.64348e+42 0 0 1
392419 6.37179e+36 6.37179e+36 6.39649e+36 6.39649e+36 6.39649e+36 0 0 0 1.45713e+38 4.64348e+42 0 0 1
453158 4.74816e+36 4.74816e+36 4.76669e+36 4.76669e+36 4.76669e+36 0 0 0 9.06897e+37 4.64348e+42 0 0 1
523299 3.53512e+36 3.53512e+36 3.54893e+36 3.54893e+36 3.54893e+36 2.59494e+28 6.43627e+32 0 5.36337e+37 4.64348e+42 0 0 1
604296 2.6298e+36 2.6298e+36 2.64003e+36 2.64003e+36 2.64003e+36 3.99712e+28 6.46406e+32 0 2.99021e+37 4.64348e+42 0 0 1
697831 1.9548e+36 1.9548e+36 1.96233e+36 1.96233e+36 1.96233e+36 5.39931e+28 6.49185e+32 0 1.55733e+37 4.64348e+42 0 0 1
805842 1.45201e+36 1.45201e+36 1.45752e+36 1.45752e+36 1.45752e+36 6.80149e+28 6.51963e+32 0 7.49708e+36 4.64348e+42 0 0 1
930572 1.07781e+36 1.07781e+36 1.08182e+36 1.08182e+36 1.08182e+36 8.20367e+28 6.54742e+32 0 3.29568e+36 4.64348e+42 0 0 1
1.07461e+06 7.99551e+35 7.99551e+35 8.02453e+35 8.02453e+35 8.02453e+35 1.03881e+29 6.57939e+32 0 1.30445e+36 4.64348e+42 0 0 1
1.24094e+06 5.9279e+35 5.9279e+35 5.94878e+35 5.94878e+35 5.94878e+35 1.3937e+29 6.58813e+32 0 4.57386e+35 4.64348e+42 0 0 1
1.43301e+06 4.39266e+35 4.39266e+35 4.4076e+35 4.4076e+35 4.4076e+35 1.86099e+29 6.59929e+32 0 1.39432e+35 4.64348e+42 0 0 1
1.65482e+06 3.25346e+35 3.25346e+35 3.26409e+35 3.26409e+35 3.26409e+35 2.47854e+29 6.61368e+32 0 3.6162e+34 4.64348e+42 0 0 1
1.91095e+06 2.40864e+35 2.40864e+35 2.41617e+35 2.41617e+35 2.41617e+35 3.36094e+29 6.63366e+32 0 7.78194e+33 4.64348e+42 0 0 1
2.20673e+06 1.78248e+35 1.78248e+35 1.78779e+35 1.78779e+35 1.78779e+35 4.49275e+29 6.65959e+32 0 1.34996e+33 4.64348e+42 0 0 1
2.5483e+06 1.31862e+35 1.31862e+35 1.32235e+35 1.32235e+35 1.32235e+35 5.97928e+29 6.69363e+32 0 1.82581e+32 4.64348e+42 0 0 1
2.94273e+06 9.75161e+34 9.75161e+34 9.77774e+34 9.77774e+34 9.77774e+34 7.95135e+29 6.73833e+32 0 1.85252e+31 4.64348e+42 0 0 1
3.39821e+06 7.20955e+34 7.20955e+34 7.22778e+34 7.22778e+34 7.22778e+34 1.07928e+30 6.80068e+32 0 1.3487e+30 4.64348e+42 0 0 1
3.92419e+06 5.32881e+34 5.32881e+34 5.34149e+34 5.34149e+34 5.34149e+34 1.45008e+30 6.88159e+32 0 6.69276e+28 4.64348e+42 0 0 1
4.53158e+06 3.93783e+34 3.93783e+34 3.94663e+34 3.94663e+34 3.94663e+34 1.94991e+30 6.98593e+32 0 2.13334e+27 4.64348e+42 0 0 1
5.23299e+06 2.90939e+34 2.90939e+34 2.91549e+34 2.91549e+34 2.91549e+34 2.61665e+30 7.11787e+32 0 4.07874e+25 4.64348e+42 0 0 1
6.04296e+06 2.14922e+34 2.14922e+34 2.15344e+34 2.15344e+34 2.15344e+34 3.55937e+30 7.29282e+32 0 4.32159e+23 4.64348e+42 0 0 1
6.97831e+06 1.58749e+34 1.58749e+34 1.5904e+34 1.5904e+34 1.5904e+34 4.77816e+30 7.49907e+32 0 2.31597e+21 4.64348e+42 0 0 1
8.05842e+06 1.17252e+34 1.17252e+34 1.17453e+34 1.17453e+34 1.17453e+34 6.36714e+30 7.74276e+32 0 5.64908e+18 4.64348e+42 0 0 1
9.30572e+06 8.66051e+33 8.66051e+33 8.67441e+33 8.67441e+33 8.67441e+33 8.45398e+30 8.01885e+32 0 5.55218e+15 4.64348e+42 0 0 1
1.07461e+07 6.39823e+33 6.39823e+33 6.40784e+33 6.40784e+33 6.40784e+33 1.12554e+31 8.34961e+32 0 1.91026e+12 4.64348e+42 0 0 1
1.24094e+07 4.72892e+33 4.72892e+33 4.73558e+33 4.73558e+33 4.73558e+33 1.46724e+31 8.6746e+32 0 1.95571e+08 4.64348e+42 0 0 1
1.43301e+07 3.49794e+33 3.49794e+33 3.50256e+33 3.50256e+33 3.50256e+33 1.8781e+31 8.99208e+32 0 4938.81 4.64348e+42 0 0 1
1.65482e+07 2.59093e+33 2.59093e+33 2.59415e+33 2.59415e+33 2.59415e+33 2.36078e+31 9.28684e+32 0 0.0247717 4.64348e+42 0 0 1
1.91095e+07 1.92358e+33 1.92358e+33 1.92583e+33 1.92583e+33 1.92583e+33 2.93576e+31 9.54094e+32 0 1.92155e-08 4.64348e+42 0 0 1
2.20673e+07 1.43289e+33 1.43289e+33 1.43448e+33 1.43448e+33 1.43448e+33 3.54724e+31 9.76014e+32 0 1.72679e-15 4.64348e+42 0 0 1
2.5483e+07 1.07283e+33 1.07283e+33 1.07397e+33 1.07397e+33 1.07397e+33 4.20619e+31 9.91393e+32 0 1.28773e-23 4.64348e+42 0 0 1
2.94273e+07 8.08842e+32 8.08842e+32 8.09656e+32 8.09656e+32 8.09656e+32 4.86133e+31 9.91586e+32 0 5.42119e-33 4.64348e+42 0 0 1
3.39821e+07 6.15602e+32 6.15602e+32 6.16195e+32 6.16195e+32 6.16195e+32 5.49815e+31 9.73875e+32 0 8.25714e-44 4.64348e+42 0 0 1
3.92419e+07 4.73776e+32 4.73776e+32 4.74216e+32 4.74216e+32 4.74216e+32 6.04083e+31 9.37781e+32 0 2.72213e-56 4.64348e+42 0 0 1
4.53158e+07 3.69869e+32 3.69869e+32 3.70201e+32 3.70201e+32 3.70201e+32 6.51166e+31 8.89655e+32 0 1.07318e-70 4.64348e+42 0 0 1
5.23299e+07 2.93471e+32 2.93471e+32 2.93726e+32 2.93726e+32 2.93726e+32 6.88248e+31 8.34166e+32 0 2.55027e-87 4.64348e+42 0 0 1
6.04296e+07 2.36526e+32 2.36526e+32 2.36727e+32 2.36727e+32 2.36727e+32 7.09531e+31 7.65844e+32 0 1.65597e-106 4.64348e+42 0 0 1
6.97831e+07 1.93353e+32 1.93353e+32 1.93515e+32 1.93515e+32 1.93515e+32 7.13374e+31 6.86217e+32 0 1.17843e-128 4.64348e+42 0 0 1
8.05842e+07 1.60034e+32 1.60034e+32 1.60166e+32 1.60166e+32 1.60166e+32 7.01299e+31 5.96609e+32 0 3.19997e-154 4.64348e+42 0 0 1
9.30572e+07 1.33607e+32 1.33607e+32 1.33716e+32 1.33716e+32 1.33716e+32 6.73739e+31 5.00155e+32 0 9.80562e-184 4.64348e+42 0 0 1
1.07461e+08 1.11862e+32 1.11862e+32 1.11952e+32 1.11952e+32 1.11952e+32 6.30746e+31 4.0232e+32 0 8.30402e-218 4.64348e+42 59.8494 0 1
1.24094e+08 9.40016e+31 9.40016e+31 9.40774e+31 9.40774e+31 9.40774e+31 5.80708e+31 3.18452e+32 0 3.82834e-257 4.64348e+42 52.5787 0 1
1.43301e+08 7.87893e+31 7.87893e+31 7.88529e+31 7.88529e+31 7.88529e+31 5.23312e+31 2.47602e+32 0 0 4.64348e+42 46.1912 0 1
1.65482e+08 6.55288e+31 6.55288e+31 6.55818e+31 6.55818e+31 6.55818e+31 4.60481e+31 1.89452e+32 0 0 4.64348e+42 40.5798 0 1
1.91095e+08 5.34852e+31 5.34852e+31 5.35288e+31 5.35288e+31 5.35288e+31 3.91422e+31 1.41249e+32 0 0 4.64348e+42 35.65 0 1
2.20673e+08 4.33539e+31 4.33539e+31 4.33895e+31 4.33895e+31 4.33895e+31 3.27933e+31 1.05861e+32 0 0 4.64348e+42 31.3191 0 1
2.5483e+08 3.4694e+31 3.4694e+31 3.47228e+31 3.47228e+31 3.47228e+31 2.69168e+31 7.84467e+31 0 0 4.64348e+42 27.5144 0 1
2.94273e+08 2.73704e+31 2.73704e+31 2.73934e+31 2.73934e+31 2.73934e+31 2.1641e+31 5.74898e+31 0 0 4.64348e+42 24.1718 0 1
3.39821e+08 2.10901e+31 2.10901e+31 2.11081e+31 2.11081e+31 2.11081e+31 1.68669e+31 4.13841e+31 0 0 4.64348e+42 22.1722 0 1
3.92419e+08 1.62146e+31 1.62146e+31 1.62286e+31 1.62286e+31 1.62286e+31 1.30998e+31 3.02769e+31 0 0 4.64348e+42 21.2354 0 1
4.53158e+08 1.23186e+31 1.23186e+31 1.23295e+31 1.23295e+31 1.23295e+31 1.00198e+31 2.20492e+31 0 0 4.64348e+42 20.3381 0 1
5.23299e+08 9.23019e+30 9.23019e+30 9.23846e+30 9.23846e+30 9.23846e+30 7.53243e+30 1.59905e+31 0 0 4.64348e+42 19.4787 0 1
6.04296e+08 6.84191e+30 6.84191e+30 6.84815e+30 6.84815e+30 6.84815e+30 5.58726e+30 1.14743e+31 0 0 4.64348e+42 18.6556 0 1
6.97831e+08 5.12578e+30 5.12578e+30 5.13055e+30 5.13055e+30 5.13055e+30 4.19824e+30 8.40363e+30 0 0 4.64348e+42 17.8673 0 1
8.05842e+08 3.82166e+30 3.82166e+30 3.82528e+30 3.82528e+30 3.82528e+30 3.13563e+30 6.14444e+30 0 0 4.64348e+42 17.1123 0 1
9.30572e+08 2.83272e+30 2.83272e+30 2.83546e+30 2.83546e+30 2.83546e+30 2.32509e+30 4.48185e+30 0 0 4.64348e+42 16.3893 0 1
1.07461e+09 2.0769e+30 2.0769e+30 2.07895e+30 2.07895e+30 2.07895e+30 1.70108e+30 3.22289e+30 0 0 4.64348e+42 16.4483 0 1
1.24094e+09 1.55123e+30 1.55123e+30 1.55279e+30 1.55279e+30 1.55279e+30 1.2729e+30 2.37126e+30 0 0 4.64348e+42 17.298 0 1
1.43301e+09 1.16014e+30 1.16014e+30 1.16133e+30 1.16133e+30 1.16133e+30 9.53925e+29 1.74e+30 0 0 4.64348e+42 18.1916 0 1
1.65482e+09 8.65402e+29 8.65402e+29 8.66308e+29 8.66308e+29 8.66308e+29 7.12557e+29 1.27294e+30 0 0 4.64348e+42 19.1314 0 1
1.91095e+09 6.38989e+29 6.38989e+29 6.39671e+29 6.39671e+29 6.39671e+29 5.25658e+29 9.16002e+29 0 0 4.64348e+42 20.1197 0 1
2.20673e+09 4.80085e+29 4.80085e+29 4.80608e+29 4.80608e+29 4.80608e+29 3.96061e+29 6.75429e+29 0 0 4.64348e+42 21.1591 0 1
2.5483e+09 3.59817e+29 3.59817e+29 3.60217e+29 3.60217e+29 3.60217e+29 2.9753e+29 4.96655e+29 0 0 4.64348e+42 22.2522 0 1
2.94273e+09 2.68606e+29 2.68606e+29 2.6891e+29 2.6891e+29 2.6891e+29 2.22451e+29 3.64037e+29 0 0 4.64348e+42 23.4017 0 1
3.39821e+09 1.97526e+29 1.97526e+29 1.97754e+29 1.97754e+29 1.97754e+29 1.63347e+29 2.62457e+29 0 0 4.64348e+42 24.6106 0 1
3.92419e+09 1.47981e+29 1.47981e+29 1.48155e+29 1.48155e+29 1.48155e+29 1.22704e+29 1.93667e+29 0 0 4.64348e+42 25.882 0 1
4.53158e+09 1.10534e+29 1.10534e+29 1.10666e+29 1.10666e+29 1.10666e+29 9.18719e+28 1.42397e+29 0 0 4.64348e+42 27.219 0 1
5.23299e+09 8.2296e+28 8.2296e+28 8.23966e+28 8.23966e+28 8.23966e+28 6.85476e+28 1.04275e+29 0 0 4.64348e+42 28.6251 0 1
6.04296e+09 6.02261e+28 6.02261e+28 6.03011e+28 6.03011e+28 6.03011e+28 5.01242e+28 7.51684e+28 0 0 4.64348e+42 30.1038 0 1
6.97831e+09 4.49762e+28 4.49762e+28 4.50333e+28 4.50333e+28 4.50333e+28 3.75816e+28 5.54071e+28 0 0 4.64348e+42 31.659 0 1
8.05842e+09 3.34746e+28 3.34746e+28 3.35178e+28 3.35178e+28 3.35178e+28 2.80844e+28 4.07292e+28 0 0 4.64348e+42 33.2945 0 1
9.30572e+09 2.47647e+28 2.47647e+28 2.47973e+28 2.47973e+28 2.47973e+28 2.08548e+28 2.98561e+28 0 0 4.64348e+42 35.0144 0 1
1.07461e+10 1.80363e+28 1.80363e+28 1.80605e+28 1.80605e+28 1.80605e+28 1.52153e+28 2.15904e+28 0 0 4.64348e+42 39.2868 0 1
1.24094e+10 1.33418e+28 1.33418e+28 1.33599e+28 1.33599e+28 1.33599e+28 1.1319e+28 1.59676e+28 0 0 4.64348e+42 47.0297 0 1
1.43301e+10 9.81072e+27 9.81072e+27 9.82431e+27 9.82431e+27 9.82431e+27 8.36928e+27 1.17797e+28 0 0 4.64348e+42 56.2985 0 1
1.65482e+10 7.18991e+27 7.18991e+27 7.20004e+27 7.20004e+27 7.20004e+27 6.16905e+27 8.66366e+27 0 0 4.64348e+42 67.3941 0 1
1.91095e+10 5.18064e+27 5.18064e+27 5.18806e+27 5.18806e+27 5.18806e+27 4.46199e+27 6.26595e+27 0 0 4.64348e+42 80.6765 0 1
2.20673e+10 3.80345e+27 3.80345e+27 3.809e+27 3.809e+27 3.809e+27 3.30178e+27 4.63724e+27 0 0 4.64348e+42 96.5766 34.7254 1
2.5483e+10 2.77873e+27 2.77873e+27 2.78292e+27 2.78292e+27 2.78292e+27 2.43505e+27 3.42056e+27 0 0 4.64348e+42 115.61 22.9578 1
2.94273e+10 2.01084e+27 2.01084e+27 2.01414e+27 2.01414e+27 2.01414e+27 1.79055e+27 2.51436e+27 0 0 4.64348e+42 138.396 15.5417 1
3.39821e+10 1.40055e+27 1.40055e+27 1.40343e+27 1.40343e+27 1.40343e+27 1.29194e+27 1.81466e+27 0 0 4.64348e+42 165.671 10.7604 1
3.92419e+10 9.47624e+26 9.47624e+26 9.50672e+26 9.50672e+26 9.50672e+26 9.57479e+26 1.34312e+27 0 0 4.64348e+42 198.323 7.61059 1
4.53158e+10 5.81657e+26 5.81657e+26 5.85161e+26 5.85161e+26 5.85161e+26 7.08046e+26 9.91659e+26 0 0 4.64348e+42 237.409 5.49245 1
5.23299e+10 3.161e+26 3.161e+26 3.19881e+26 3.19881e+26 3.19881e+26 5.22734e+26 7.30114e+26 0 0 4.64348e+42 284.199 4.04008 1
6.04296e+10 1.53333e+26 1.53333e+26 1.56869e+26 1.56869e+26 1.56869e+26 3.79526e+26 5.27714e+26 0 0 4.64348e+42 340.21 3.02568 1
6.97831e+10 7.26477e+25 7.26477e+25 7.56792e+25 7.56792e+25 7.56792e+25 2.82783e+26 3.91543e+26 0 0 4.64348e+42 407.26 2.3047 1
8.05842e+10 3.42546e+25 3.42546e+25 3.66669e+25 3.66669e+25 3.66669e+25 2.10131e+26 2.89825e+26 0 0 4.64348e+42 487.525 1.78376 1
9.30572e+10 1.64818e+25 1.64818e+25 1.8316e+25 1.8316e+25 1.8316e+25 1.55711e+26 2.13913e+26 0 0 4.64348e+42 583.609 1.40144 1
1.07461e+11 8.05354e+24 8.05354e+24 9.38881e+24 9.38881e+24 9.38881e+24 1.13204e+26 1.54846e+26 0 0 4.64348e+42 698.63 1.11671 1
1.24094e+11 4.17447e+24 4.17447e+24 5.15331e+24 5.15331e+24 5.15331e+24 8.43105e+25 1.15036e+26 0 0 4.64348e+42 836.319 0.901709 1
1.43301e+11 2.23719e+24 2.23719e+24 2.94568e+24 2.94568e+24 2.94568e+24 6.25733e+25 8.52203e+25 0 0 4.64348e+42 1001.15 0.737233 1
1.65482e+11 1.23821e+24 1.23821e+24 1.7464e+24 1.7464e+24 1.7464e+24 4.62595e+25 6.29214e+25 0 0 4.64348e+42 1198.46 0.609868 1
1.91095e+11 6.96574e+23 6.96574e+23 1.05349e+24 1.05349e+24 1.05349e+24 3.35339e+25 4.55282e+25 0 0 4.64348e+42 1434.65 0.510106 1
2.20673e+11 4.1535e+23 4.1535e+23 6.72067e+23 6.72067e+23 6.72067e+23 2.49188e+25 3.38109e+25 0 0 4.64348e+42 1717.4 0.431129 1
2.5483e+11 2.55379e+23 2.55379e+23 4.39819e+23 4.39819e+23 4.39819e+23 1.84565e+25 2.50339e+25 0 0 4.64348e+42 2055.88 0.367983 1
2.94273e+11 1.61749e+23 1.61749e+23 2.94269e+23 2.94269e+23 2.94269e+23 1.36241e+25 1.84712e+25 0 0 4.64348e+42 2461.06 0.317029 1
3.39821e+11 1.03785e+23 1.03785e+23 1.97623e+23 1.97623e+23 1.97623e+23 9.86577e+24 1.33518e+25 0 0 4.64348e+42 0 0.275565 1
3.92419e+11 7.03407e+22 7.03407e+22 1.3876e+23 1.3876e+23 1.3876e+23 7.32687e+24 9.90719e+24 0 0 4.64348e+42 0 0.241562 1
4.53158e+11 4.88901e+22 4.88901e+22 9.88616e+22 9.88616e+22 9.88616e+22 5.42395e+24 7.32825e+24 0 0 4.64348e+42 0 0.213483 1
5.23299e+11 3.47655e+22 3.47655e+22 7.1315e+22 7.1315e+22 7.1315e+22 4.00167e+24 5.40111e+24 0 0 4.64348e+42 0 0.190154 1
6.04296e+11 2.48301e+22 2.48301e+22 5.11657e+22 5.11657e+22 5.11657e+22 2.89488e+24 3.89831e+24 0 0 4.64348e+42 0 0.170669 1
6.97831e+11 1.85766e+22 1.85766e+22 3.81133e+22 3.81133e+22 3.81133e+22 2.14819e+24 2.88868e+24 0 0 4.64348e+42 0 0.154323 1
8.05842e+11 1.41167e+22 1.41167e+22 2.8614e+22 2.8614e+22 2.8614e+22 1.58884e+24 2.13347e+24 0 0 4.64348e+42 0 0.140565 1
9.30572e+11 1.08678e+22 1.08678e+22 2.16208e+22 2.16208e+22 2.16208e+22 1.17105e+24 1.56973e+24 0 0 4.64348e+42 0 0.12896 1
1.07461e+12 8.31769e+21 8.31769e+21 1.61548e+22 1.61548e+22 1.61548e+22 8.45899e+23 1.13045e+24 0 0 4.64348e+42 0 0.119166 1
1.24094e+12 6.60906e+21 6.60907e+21 1.24798e+22 1.24798e+22 1.24798e+22 6.26909e+23 8.35977e+23 0 0 4.64348e+42 0 0.110908 1
1.43301e+12 5.28647e+21 5.28648e+21 9.67554e+21 9.67554e+21 9.67554e+21 4.63017e+23 6.1603e+23 0 0 4.64348e+42 0 0.103969 1
1.65482e+12 4.24835e+21 4.24835e+21 7.521e+21 7.521e+21 7.521e+21 3.40717e+23 4.52107e+23 0 0 4.64348e+42 0 0.098177 1
1.91095e+12 3.36718e+21 3.36718e+21 5.759e+21 5.759e+21 5.759e+21 2.4559e+23 3.24546e+23 0 0 4.64348e+42 0 0.0933933 1
2.20673e+12 2.75337e+21 2.75337e+21 4.54746e+21 4.54746e+21 4.54746e+21 1.81657e+23 2.39297e+23 0 0 4.64348e+42 0 0.0895108 1
2.5483e+12 2.25292e+21 2.25292e+21 3.59366e+21 3.59366e+21 3.59366e+21 1.33878e+23 1.75763e+23 0 0 4.64348e+42 0 0.0864461 1
2.94273e+12 1.84239e+21 1.84239e+21 2.8401e+21 2.8401e+21 2.8401e+21 9.82836e+22 1.28529e+23 0 0 4.64348e+42 0 0.0841374 1
3.39821e+12 1.4784e+21 1.4784e+21 2.20469e+21 2.20469e+21 2.20469e+21 7.06223e+22 9.18413e+22 0 0 4.64348e+42 0 0.082541 1
3.92419e+12 1.21987e+21 1.21987e+21 1.76215e+21 1.76215e+21 1.76215e+21 5.20907e+22 6.74349e+22 0 0 4.64348e+42 0 0.08163 1
4.53158e+12 1.00378e+21 1.00379e+21 1.40672e+21 1.40672e+21 1.40672e+21 3.82708e+22 4.93034e+22 0 0 4.64348e+42 0 0.0813928 1
5.23299e+12 8.23093e+20 8.23093e+20 1.12091e+21 1.12091e+21 1.12091e+21 2.79993e+22 3.58712e+22 0 0 4.64348e+42 0 0.0818329 1
6.04296e+12 6.60148e+20 6.60148e+20 8.75128e+20 8.75128e+20 8.75128e+20 2.00298e+22 2.54669e+22 0 0 4.64348e+42 0 0.0829683 1
6.97831e+12 5.43685e+20 5.43686e+20 7.02844e+20 7.02844e+20 7.02844e+20 1.47146e+22 1.85905e+22 0 0 4.64348e+42 0 0.0848322 1
8.05842e+12 4.45681e+20 4.45682e+20 5.6284e+20 5.6284e+20 5.6284e+20 1.0763e+22 1.35055e+22 0 0 4.64348e+42 0 0.0874729 1
9.30572e+12 3.63428e+20 3.63429e+20 4.49143e+20 4.49143e+20 4.49143e+20 7.83606e+21 9.75732e+21 0 0 4.64348e+42 0 0.0909553 1
1.07461e+13 2.89127e+20 2.89127e+20 3.50261e+20 3.50261e+20 3.50261e+20 5.57058e+21 6.86523e+21 0 0 4.64348e+42 0 0.0953611 1
1.24094e+13 2.36105e+20 2.36105e+20 2.80834e+20 2.80834e+20 2.80834e+20 4.06932e+21 4.97158e+21 0 0 4.64348e+42 0 0.10079 1
1.43301e+13 1.91617e+20 1.91617e+20 2.24123e+20 2.24123e+20 2.24123e+20 2.95819e+21 3.58026e+21 0 0 4.64348e+42 0 0.10736 1
1.65482e+13 1.54447e+20 1.54447e+20 1.77898e+20 1.77898e+20 1.77898e+20 2.1391e+21 2.56192e+21 0 0 4.64348e+42 0 0.115206 1
1.91095e+13 1.21096e+20 1.21096e+20 1.37547e+20 1.37547e+20 1.37547e+20 1.50745e+21 1.78044e+21 0 0 4.64348e+42 0 0.12448 1
2.20673e+13 9.74422e+19 9.74424e+19 1.09283e+20 1.09283e+20 1.09283e+20 1.09262e+21 1.27538e+21 0 0 4.64348e+42 0 0.135345 1
2.5483e+13 7.77728e+19 7.7773e+19 8.62246e+19 8.62246e+19 8.62246e+19 7.87519e+20 9.07635e+20 0 0 4.64348e+42 0 0.147968 1
2.94273e+13 6.15149e+19 6.15152e+19 6.74923e+19 6.74923e+19 6.74923e+19 5.64161e+20 6.4111e+20 0 0 4.64348e+42 0 0.162507 1
3.39821e+13 4.71264e+19 4.71267e+19 5.12206e+19 5.12206e+19 5.12206e+19 3.9279e+20 4.38088e+20 0 0 4.64348e+42 0 0.179093 1
3.92419e+13 3.70394e+19 3.70397e+19 3.99164e+19 3.99164e+19 3.99164e+19 2.81674e+20 3.09256e+20 0 0 4.64348e+42 0 0.197804 1
4.53158e+13 2.87891e+19 2.87894e+19 3.07886e+19 3.07886e+19 3.07886e+19 2.00663e+20 2.16608e+20 0 0 4.64348e+42 0 0.218621 1
5.23299e+13 2.21015e+19 2.21018e+19 2.34742e+19 2.34742e+19 2.34742e+19 1.41927e+20 1.50364e+20 0 0 4.64348e+42 0 0.241387 1
6.04296e+13 1.63309e+19 1.63312e+19 1.72383e+19 1.72383e+19 1.72383e+19 9.71854e+19 1.00417e+20 0 0 4.64348e+42 0 0.265741 1
6.97831e+13 1.23737e+19 1.2374e+19 1.29889e+19 1.29889e+19 1.29889e+19 6.86881e+19 6.95122e+19 0 0 4.64348e+42 0 0.291055 1
8.05842e+13 9.2344e+18 9.23464e+18 9.64544e+18 9.64544e+18 9.64544e+18 4.81644e+19 4.76631e+19 0 0 4.64348e+42 0 0.316368 1
9.30572e+13 6.77845e+18 6.77866e+18 7.04874e+18 7.04874e+18 7.04874e+18 3.34818e+19 3.23275e+19 0 0 4.64348e+42 0 0.340344 1
1.07461e+14 4.75026e+18 4.75044e+18 4.92007e+18 4.92007e+18 4.92007e+18 2.24094e+19 2.0926e+19 0 0 4.64348e+42 0 0 1
1.24094e+14 3.41641e+18 3.4166e+18 3.52604e+18 3.52604e+18 3.52604e+18 1.55304e+19 1.41126e+19 0 0 4.64348e+42 0 0 1
1.43301e+14 2.41114e+18 2.41139e+18 2.48073e+18 2.48073e+18 2.48073e+18 1.06593e+19 9.4067e+18 0 0 4.64348e+42 0 0 1
1.65482e+14 1.66799e+18 1.66834e+18 1.71146e+18 1.71146e+18 1.71146e+18 7.23853e+18 6.18598e+18 0 0 4.64348e+42 0 0 1
1.91095e+14 1.09195e+18 1.09242e+18 1.11784e+18 1.11784e+18 1.11784e+18 4.69507e+18 3.83735e+18 0 0 4.64348e+42 0 0 1
2.20673e+14 7.3706e+17 7.37681e+17 7.53152e+17 7.53152e+17 7.53152e+17 3.1685e+18 2.49954e+18 0 0 4.64348e+42 0 0 1
2.5483e+14 4.87294e+17 4.8804e+17 4.97282e+17 4.97282e+17 4.97282e+17 2.11258e+18 1.60447e+18 0 0 4.64348e+42 0 0 1
2.94273e+14 3.15348e+17 3.16158e+17 3.21574e+17 3.21574e+17 3.21574e+17 1.38995e+18 1.01267e+18 0 0 4.64348e+42 0 0 1
3.39821e+14 1.91183e+17 1.91949e+17 1.9493e+17 1.9493e+17 1.9493e+17 8.63085e+17 5.92417e+17 0 0 4.64348e+42 0 0 1
3.92419e+14 1.2071e+17 1.21416e+17 1.2313e+17 1.2313e+17 1.2313e+17 5.61819e+17 3.68425e+17 0 0 4.64348e+42 0 0 1
4.53158e+14 7.46233e+16 7.52247e+16 7.61923e+16 7.61923e+16 7.61923e+16 3.60117e+17 2.24937e+17 0 0 4.64348e+42 0 0 1
5.23299e+14 4.51442e+16 4.5621e+16 4.61572e+16 4.61572e+16 4.61572e+16 2.26959e+17 1.34425e+17 0 0 4.64348e+42 0 0 1
6.04296e+14 2.52094e+16 2.55433e+16 2.58185e+16 2.58185e+16 2.58185e+16 1.32537e+17 7.24762e+16 0 0 4.64348e+42 0 0 1
6.97831e+14 1.48918e+16 1.51298e+16 1.52797e+16 1.52797e+16 1.52797e+16 8.21139e+16 4.23721e+16 0 0 4.64348e+42 0 0 1
8.05842e+14 8.60444e+15 8.76479e+15 8.84493e+15 8.84493e+15 8.84493e+15 4.98638e+16 2.42011e+16 0 0 4.64348e+42 0 0 1
9.30572e+14 4.85776e+15 4.96025e+15 5.00226e+15 5.00226e+15 5.00226e+15 2.96256e+16 1.34509e+16 0 0 4.64348e+42 0 0 1
1.07461e+15 2.46619e+15 2.52358e+15 2.54346e+15 2.54346e+15 2.54346e+15 1.58386e+16 6.4625e+15 0 0 4.64348e+42 0 0 1
1.24094e+15 1.35467e+15 1.38865e+15 1.39886e+15 1.39886e+15 1.39886e+15 9.16271e+15 3.47859e+15 0 0 4.64348e+42 0 0 1
1.43301e+15 7.24773e+14 7.43979e+14 7.4911e+14 7.4911e+14 7.4911e+14 5.16107e+15 1.81816e+15 0 0 4.64348e+42 0 0 1
1.65482e+15 3.77132e+14 3.87501e+14 3.90017e+14 3.90017e+14 3.90017e+14 2.82524e+15 9.17884e+14 0 0 4.64348e+42 0 0 1
1.91095e+15 1.68428e+14 1.73157e+14 1.7422e+14 1.7422e+14 1.7422e+14 1.32601e+15 3.73614e+14 0 0 4.64348e+42 0 0 1
2.20673e+15 8.42753e+13 8.66571e+13 8.71625e+13 8.71625e+13 8.71625e+13 6.96374e+14 1.79965e+14 0 0 4.64348e+42 0 0 1
2.5483e+15 4.07099e+13 4.18537e+13 4.20865e+13 4.20865e+13 4.20865e+13 3.52548e+14 8.35603e+13 0 0 4.64348e+42 0 0 1
2.94273e+15 1.8973e+13 1.94971e+13 1.9601e+13 1.9601e+13 1.9601e+13 1.71924e+14 3.71368e+13 0 0 4.64348e+42 0 0 1
3.39821e+15 6.99624e+12 7.18436e+12 7.22116e+12 7.22116e+12 7.22116e+12 6.62232e+13 1.18259e+13 0 0 4.64348e+42 0 0 1
3.92419e+15 3.06469e+12 3.14419e+12 3.15973e+12 3.15973e+12 3.15973e+12 3.02487e+13 4.89287e+12 0 0 4.64348e+42 0 0 1
4.53158e+15 1.27537e+12 1.30704e+12 1.31329e+12 1.31329e+12 1.31329e+12 1.31022e+13 1.93559e+12 0 0 4.64348e+42 0 0 1
5.23299e+15 5.05444e+11 5.17369e+11 5.19778e+11 5.19778e+11 5.19778e+11 5.3947e+12 7.26457e+11 0 0 4.64348e+42 0 0 1
6.04296e+15 1.38389e+11 1.41472e+11 1.42115e+11 1.42115e+11 1.42115e+11 1.5317e+12 1.57811e+11 0 0 4.64348e+42 0 0 1
6.97831e+15 4.96635e+10 5.07024e+10 5.09277e+10 5.09277e+10 5.09277e+10 5.68954e+11 5.24488e+10 0 0 4.64348e+42 0 0 1
8.05842e+15 1.64102e+10 1.67308e+10 1.68038e+10 1.68038e+10 1.68038e+10 1.94228e+11 1.65228e+10 0 0 4.64348e+42 0 0 1
9.30572e+15 5.00525e+09 5.09618e+09 5.11804e+09 5.11804e+09 5.11804e+09 6.10912e+10 4.95524e+09 0 0 4.64348e+42 0 0 1
1.07461e+16 8.65463e+08 8.80021e+08 8.83743e+08 8.83743e+08 8.83743e+08 1.08732e+10 5.80746e+08 0 0 4.64348e+42 0 0 1
1.24094e+16 2.27834e+08 2.31369e+08 2.32337e+08 2.32337e+08 2.32337e+08 2.94099e+09 1.3726e+08 0 0 4.64348e+42 0 0 1
1.43301e+16 5.20735e+07 5.28163e+07 5.3035e+07 5.3035e+07 5.3035e+07 6.89409e+08 2.99373e+07 0 0 4.64348e+42 0 0 1
1.65482e+16 1.00196e+07 1.01506e+07 1.01923e+07 1.01923e+07 1.01923e+07 1.35808e+08 6.35558e+06 0 0 4.64348e+42 0 0 1
1.91095e+16 846453 856568 860064 860064 860064 1.17257e+07 305032 0 0 4.64348e+42 0 0 1
2.20673e+16 133268 134720 135267 135267 135267 1.88353e+06 41329.8 0 0 4.64348e+42 0 0 1
2.5483e+16 16541.8 16705.7 16773.3 16773.3 16773.3 238129 4687.82 0 0 4.64348e+42 0 0 1
2.94273e+16 1468.4 1481.61 1487.59 1487.59 1487.59 21495.1 513.952 0 0 4.64348e+42 0 0 1
3.39821e+16 36.8833 37.1839 37.3337 37.3337 37.3337 548.137 7.39885 0 0 4.64348e+42 0 0 1
3.92419e+16 2.39255 2.41018 2.41989 2.41989 2.41989 36.0409 0.39739 0 0 4.64348e+42 0 0 1
4.53158e+16 0.101227 0.101901 0.102311 0.102311 0.102311 1.54325 0.0143584 0 0 4.64348e+42 0 0 1
5.23299e+16 0.00258585 0.00260135 0.00261184 0.00261184 0.00261184 0.0398375 0.000397911 0 0 4.64348e+42 0 0 1
6.04296e+16 8.67346e-06 8.72027e-06 8.75549e-06 8.75549e-06 8.75549e-06 0.000134832 1.00683e-06 0 0 4.64348e+42 0 0 1
6.97831e+16 1.13455e-07 1.14006e-07 1.14467e-07 1.14467e-07 1.14467e-07 1.77712e-06 1.1456e-08 0 0 4.64348e+42 0 0 1
8.05842e+16 5.92882e-10 5.95465e-10 5.97881e-10 5.97881e-10 5.97881e-10 9.34429e-09 5.36405e-11 0 0 4.64348e+42 0 0 1
9.30572e+16 0 0 0 0 0 0 0 0 0 4.64348e+42 0 0 1