
1.07461e-07 0 0 4.88676e+19 9.63051e+48 8.18647e+57 0 0 5.09407e+42 0 4.64348e+42 0 0 0
1.24094e-07 0 0 4.65658e+23 1.08685e+49 7.26862e+57 0 0 5.88254e+42 0 4.64348e+42 0 0 0
1.43301e-07 0 0 1.31746e+27 1.22351e+49 6.43739e+57 0 0 6.79305e+42 0 4.64348e+42 0 0 0
1.65482e-07 0 0 1.30158e+30 1.37361e+49 5.68543e+57 0 0 7.84449e+42 0 4.64348e+42 0 0 0
1.91095e-07 0 0 5.16713e+32 1.53755e+49 5.00612e+57 0 0 9.05868e+42 0 4.64348e+42 0 0 0
2.20673e-07 0 0 9.30814e+34 1.71552e+49 4.39348e+57 0 0 1.04608e+43 0 4.64348e+42 0 0 0
2.5483e-07 0 0 8.45301e+36 1.90745e+49 3.84212e+57 0 0 1.20799e+43 0 4.64348e+42 0 0 0
2.94273e-07 0 0 4.23896e+38 2.113e+49 3.34716e+57 0 0 1.39497e+43 0 4.64348e+42 0 0 0
3.39821e-07 0 0 1.27019e+40 2.33154e+49 2.90422e+57 0 0 1.61089e+43 0 4.64348e+42 0 0 0
3.92419e-07 0 0 2.43508e+41 2.56219e+49 2.50929e+57 0 0 1.86022e+43 0 4.64348e+42 0 0 0
4.53158e-07 0 0 3.16899e+42 2.80396e+49 2.15872e+57 0 0 2.14815e+43 0 4.64348e+42 0 0 0
5.23299e-07 0 0 2.94722e+43 3.0559e+49 1.84914e+57 0 0 2.48065e+43 0 4.64348e+42 0 0 0
6.04296e-07 0 0 2.0483e+44 3.31739e+49 1.57741e+57 0 0 2.86461e+43 0 4.64348e+42 0 0 0
6.97831e-07 0 0 1.10603e+45 3.5886e+49 1.34056e+57 0 0 3.308e+43 0 4.64348e+42 0 0 0
8.05842e-07 0 0 4.80079e+45 3.87092e+49 1.13572e+57 0 0 3.82001e+43 0 4.64348e+42 0 0 0
9.30572e-07 0 0 1.72583e+46 4.16762e+49 9.601e+56 0 0 4.41128e+43 0 4.64348e+42 0 0 0
1.07461e-06 0 0 5.27529e+46 4.48445e+49 8.10913e+56 0 0 5.09407e+43 0 4.64348e+42 0 0 0
1.24094e-06 0 0 1.40331e+47 4.83018e+49 6.85375e+56 0 0 5.88254e+43 0 4.64348e+42 0 0 0
1.43301e-06 0 0 3.31608e+47 5.21689e+49 5.80694e+56 0 0 6.79305e+43 0 4.64348e+42 0 0 0
1.65482e-06 0 0 7.08714e+47 5.65992e+49 4.94083e+56 0 0 7.84449e+43 0 4.64348e+42 0 0 0
1.91095e-06 0 0 1.39135e+48 6.17723e+49 4.22807e+56 0 0 9.05868e+43 0 4.64348e+42 0 0 0
2.20673e-06 0 0 2.54221e+48 6.78835e+49 3.64249e+56 0 0 1.04608e+44 0 4.64348e+42 0 0 0
2.5483e-06 0 0 4.36979e+48 7.51286e+49 3.15985e+56 0 0 1.20799e+44 0 4.64348e+42 0 0 0
2.94273e-06 0 0 7.12701e+48 8.36896e+49 2.75869e+56 0 0 1.39497e+44 0 4.64348e+42 0 0 0
3.39821e-06 0 0 1.1104e+49 9.37252e+49 2.4209e+56 0 0 1.61089e+44 0 4.64348e+42 0 0 0
3.92419e-06 0 0 1.66156e+49 1.05372e+50 2.13204e+56 0 0 1.86022e+44 0 4.64348e+42 0 0 0
4.53158e-06 0 0 2.39874e+49 1.18759e+50 1.88129e+56 0 0 2.14815e+44 0 4.64348e+42 0 0 0
5.23299e-06 0 0 3.35446e+49 1.34028e+50 1.66099e+56 0 0 2.48065e+44 0 4.64348e+42 0 0 0
6.04296e-06 0 0 4.56117e+49 1.51362e+50 1.4659e+56 0 0 2.8646e+44 0 4.64348e+42 0 0 0
6.97831e-06 0 0 6.05207e+49 1.71009e+50 1.29251e+56 0 0 3.30799e+44 0 4.64348e+42 0 0 0
8.05842e-06 0 0 7.86288e+49 1.933e+50 1.1383e+56 0 0 3.82001e+44 0 4.64348e+42 0 0 0
9.30572e-06 0 0 1.0034e+50 2.18657e+50 1.00133e+56 0 0 4.41128e+44 0 4.64348e+42 0 0 0
1.07461e-05 0 0 1.2613e+50 2.47608e+50 8.79949e+55 0 0 5.09406e+44 0 4.64348e+42 0 0 0
1.24094e-05 0 0 1.56566e+50 2.80788e+50 7.72625e+55 0 0 5.88253e+44 0 4.64348e+42 0 0 0
1.43301e-05 0 0 1.92332e+50 3.18956e+50 6.77938e+55 0 0 6.79304e+44 0 4.64348e+42 0 0 0
1.65482e-05 0 0 2.34251e+50 3.63007e+50 5.94546e+55 0 0 7.84448e+44 0 4.64348e+42 0 0 0
1.91095e-05 0 0 2.833e+50 4.13982e+50 5.21193e+55 0 0 9.05866e+44 0 4.64348e+42 0 0 0
2.20673e-05 0 0 3.40639e+50 4.73097e+50 4.56715e+55 0 0 1.04608e+45 0 4.64348e+42 0 0 0
2.5483e-05 0 0 4.0765e+50 5.41778e+50 4.00055e+55 0 0 1.20799e+45 0 4.64348e+42 0 0 0
2.94273e-05 0 0 4.8598e+50 6.2172e+50 3.50262e+55 0 0 1.39497e+45 0 4.64348e+42 0 0 0
3.39821e-05 0 0 5.77624e+50 7.14962e+50 3.06497e+55 0 0 1.61088e+45 0 4.64348e+42 0 0 0
3.92419e-05 0 0 6.84999e+50 8.23969e+50 2.68028e+55 0 0 1.86022e+45 0 4.64348e+42 0 0 0
4.53158e-05 0 0 8.11037e+50 9.5172e+50 2.34217e+55 0 0 2.14814e+45 0 4.64348e+42 0 0 0
5.23299e-05 0 0 9.59264e+50 1.10178e+51 2.04506e+55 0 0 2.48063e+45 0 4.64348e+42 0 0 0
6.04296e-05 0 0 1.13388e+51 1.27839e+51 1.78411e+55 0 0 2.86459e+45 0 4.64348e+42 0 0 0
6.97831e-05 0 0 1.3399e+51 1.48656e+51 1.555e+55 0 0 3.30797e+45 0 4.64348e+42 0 0 0
8.05842e-05 0 0 1.58325e+51 1.73227e+51 1.35398e+55 0 0 3.81998e+45 0 4.64348e+42 0 0 0
9.30572e-05 0 0 1.87105e+51 2.02262e+51 1.17769e+55 0 0 4.41124e+45 0 4.64348e+42 0 0 0
0.000107461 0 0 2.21182e+51 2.36616e+51 1.02319e+55 0 0 5.09402e+45 0 4.64348e+42 0 0 0
0.000124094 0 0 2.61573e+51 2.77307e+51 8.8789e+54 0 0 5.88247e+45 0 4.64348e+42 0 0 0
0.000143301 0 0 3.09489e+51 3.25547e+51 7.69493e+54 0 0 6.79295e+45 0 4.64348e+42 0 0 0
0.000165482 0 0 3.66376e+51 3.82781e+51 6.65979e+54 0 0 7.84436e+45 0 4.64348e+42 0 0 0
0.000191095 0 0 4.33954e+51 4.50731e+51 5.75565e+54 0 0 9.05851e+45 0 4.64348e+42 0 0 0
0.000220673 0 0 5.14274e+51 5.31447e+51 4.96675e+54 0 0 1.04606e+46 0 4.64348e+42 0 0 0
0.00025483 0 0 6.0978e+51 6.27374e+51 4.2792e+54 0 0 1.20796e+46 0 4.64348e+42 0 0 0
0.000294273 0 0 7.23385e+51 7.41425e+51 3.68069e+54 0 0 1.39493e+46 0 4.64348e+42 0 0 0
0.000339821 0 0 8.58563e+51 8.77073e+51 3.16039e+54 0 0 1.61083e+46 0 4.64348e+42 0 0 0
0.000392419 0 0 1.01945e+52 1.03846e+52 2.7087e+54 0 0 1.86015e+46 0 4.64348e+42 0 0 0
0.000453158 0 0 1.211e+52 1.23053e+52 2.31718e+54 0 0 2.14805e+46 0 4.64348e+42 0 0 0
0.000523299 0 0 1.43911e+52 1.45919e+52 1.97834e+54 0 0 2.48052e+46 0 4.64348e+42 0 0 0
0.000604296 0 0 1.71084e+52 1.73148e+52 1.6856e+54 0 0 2.86443e+46 0 4.64348e+42 0 0 0
0.000697831 0 0 2.03461e+52 2.05585e+52 1.43314e+54 0 0 3.30776e+46 0 4.64348e+42 0 0 0
0.000805842 0 0 2.42054e+52 2.44241e+52 1.21582e+54 0 0 3.8197e+46 0 4.64348e+42 0 0 0
0.000930572 0 0 2.88073e+52 2.90326e+52 1.02913e+54 0 0 4.41087e+46 0 4.64348e+42 0 0 0
0.00107461 0 0 3.42972e+52 3.45293e+52 8.69088e+53 0 0 5.09352e+46 0 4.64348e+42 0 0 0
0.00124094 0 0 4.08497e+52 4.1089e+52 7.32185e+53 0 0 5.88181e+46 0 4.64348e+42 0 0 0
0.00143301 0 0 4.86749e+52 4.89217e+52 6.15345e+53 0 0 6.79207e+46 0 4.64348e+42 0 0 0
0.00165482 0 0 5.80179e+52 5.82726e+52 5.15862e+53 0 0 7.84319e+46 0 4.64348e+42 0 0 0
0.00191095 0 0 6.90696e+52 6.93321e+52 4.31367e+53 0 0 9.05694e+46 0 4.64348e+42 0 0 0
0.00220673 0 0 8.15169e+52 8.17851e+52 3.59781e+53 0 0 1.04585e+47 0 4.64348e+42 0 0 0
0.0025483 0 0 9.38376e+52 9.41049e+52 2.99292e+53 0 0 1.20768e+47 0 4.64348e+42 0 0 0
0.00294273 9.73472e-214 9.73472e-214 1.03438e+53 1.03693e+53 2.48316e+53 0 0 1.39456e+47 2.96537e-218 4.64348e+42 0 0 0
0.00339821 2.49706e-144 2.49706e-144 1.08019e+53 1.08249e+53 2.05474e+53 0 0 1.61034e+47 6.30758e-149 4.64348e+42 0 0 0
0.00392419 4.8271e-93 4.8271e-93 1.06815e+53 1.07013e+53 1.69569e+53 0 0 1.85949e+47 1.06779e-97 4.64348e+42 0 0 0
0.00453158 3.72012e-55 3.72012e-55 1.00646e+53 1.00807e+53 1.39564e+53 0 0 2.14717e+47 7.56299e-60 4.64348e+42 0 0 0
0.00523299 3.55887e-27 3.55887e-27 9.11603e+52 9.12867e+52 1.14559e+53 0 0 2.47934e+47 6.91735e-32 4.64348e+42 0 0 0
0.00604296 1.6182e-06 1.6182e-06 8.006e+52 8.01561e+52 9.37833e+52 0 0 2.86286e+47 3.10134e-11 4.64348e+42 0 0 0
0.00697831 2.8411e+09 2.8411e+09 6.86795e+52 6.87508e+52 7.65707e+52 0 0 3.30567e+47 54966 4.64348e+42 0 0 0
0.00805842 4.97156e+20 4.97156e+20 5.78849e+52 5.7937e+52 6.2352e+52 0 0 3.81691e+47 9.88237e+15 4.64348e+42 0 0 0
0.00930572 9.58655e+28 9.58655e+28 4.81433e+52 4.81808e+52 5.06404e+52 0 0 4.40715e+47 1.98409e+24 4.64348e+42 0 0 0
0.0107461 1.20336e+35 1.20336e+35 3.96401e+52 3.96668e+52 4.10219e+52 0 0 5.08856e+47 2.61936e+30 4.64348e+42 0 0 0
0.0124094 3.65476e+39 3.65476e+39 3.23867e+52 3.24056e+52 3.31451e+52 0 0 5.87519e+47 8.43192e+34 4.64348e+42 0 0 0
0.0143301 7.08725e+42 7.08725e+42 2.62994e+52 2.63127e+52 2.67128e+52 0 0 6.78325e+47 1.74368e+38 4.64348e+42 0 0 0
0.0165482 1.79775e+45 1.79775e+45 2.12508e+52 2.12601e+52 2.1475e+52 0 0 7.83143e+47 4.74011e+40 4.64348e+42 0 0 0
0.0191095 1.01351e+47 1.01351e+47 1.71004e+52 1.71069e+52 1.72215e+52 0 0 9.04126e+47 2.87577e+42 4.64348e+42 0 0 0
0.0220673 1.87901e+48 1.87901e+48 1.37116e+52 1.37162e+52 1.37769e+52 0 0 1.04376e+48 5.75801e+43 4.64348e+42 0 0 0
0.025483 1.53034e+49 1.53034e+49 1.09596e+52 1.09627e+52 1.09947e+52 0 0 1.2049e+48 5.08076e+44 4.64348e+42 0 0 0
0.0294273 6.78205e+49 6.78205e+49 8.73453e+51 8.73668e+51 8.75343e+51 0 0 1.39084e+48 2.44655e+45 4.64348e+42 0 0 0
0.0339821 1.91577e+50 1.91577e+50 6.94241e+51 6.94389e+51 6.95261e+51 0 0 1.60538e+48 7.5295e+45 4.64348e+42 0 0 0
0.0392419 3.87713e+50 3.87713e+50 5.50382e+51 5.50483e+51 5.50935e+51 0 0 1.85288e+48 1.66449e+46 4.64348e+42 0 0 0
0.0453158 6.12902e+50 6.12902e+50 4.35251e+51 4.35321e+51 4.35553e+51 0 0 2.13836e+48 2.88128e+46 4.64348e+42 0 0 0
0.0523299 8.06718e+50 8.06718e+50 3.43373e+51 3.4342e+51 3.43539e+51 0 0 2.4676e+48 4.16284e+46 4.64348e+42 0 0 0
0.0604296 9.26832e+50 9.26832e+50 2.70246e+51 2.70278e+51 2.70339e+51 0 0 2.84721e+48 5.2623e+46 4.64348e+42 0 0 0
0.0697831 9.62449e+50 9.62449e+50 2.12193e+51 2.12215e+51 2.12246e+51 0 0 3.2848e+48 6.0267e+46 4.64348e+42 0 0 0
0.0805842 9.26935e+50 9.26935e+50 1.66223e+51 1.66238e+51 1.66253e+51 0 0 3.7891e+48 6.41641e+46 4.64348e+42 0 0 0
0.0930572 8.43895e+50 8.43895e+50 1.29909e+51 1.29919e+51 1.29927e+51 0 0 4.37007e+48 6.47265e+46 4.64348e+42 0 0 0
0.107461 7.36565e+50 7.36565e+50 1.01294e+51 1.013e+51 1.01304e+51 0 0 5.03914e+48 6.27426e+46 4.64348e+42 0 0 0
0.124094 6.22782e+50 6.22782e+50 7.87986e+50 7.88032e+50 7.88051e+50 0 0 5.80934e+48 5.90542e+46 4.64348e+42 0 0 0
0.143301 5.1405e+50 5.1405e+50 6.11579e+50 6.1161e+50 6.11619e+50 0 0 6.6955e+48 5.43859e+46 4.64348e+42 0 0 0
0.165482 4.16571e+50 4.16571e+50 4.73573e+50 4.73594e+50 4.73598e+50 0 0 7.7145e+48 4.92874e+46 4.64348e+42 0 0 0
0.191095 3.32827e+50 3.32827e+50 3.65871e+50 3.65885e+50 3.65887e+50 0 0 8.88548e+48 4.41391e+46 4.64348e+42 0 0 0
0.220673 2.62995e+50 2.62995e+50 2.82022e+50 2.82031e+50 2.82033e+50 0 0 1.02301e+49 3.9183e+46 4.64348e+42 0 0 0
0.25483 2.06011e+50 2.06011e+50 2.16905e+50 2.16911e+50 2.16912e+50 0 0 1.17726e+49 3.45584e+46 4.64348e+42 0 0 0
0.294273 1.60251e+50 1.60251e+50 1.66458e+50 1.66462e+50 1.66463e+50 0 0 1.35404e+49 3.03339e+46 4.64348e+42 0 0 0
0.339821 1.23949e+50 1.23949e+50 1.27471e+50 1.27474e+50 1.27474e+50 0 0 1.55639e+49 2.65317e+46 4.64348e+42 0 0 0
0.392419 9.54233e+49 9.54233e+49 9.7414e+49 9.74158e+49 9.7416e+49 0 0 1.78768e+49 2.31455e+46 4.64348e+42 0 0 0
0.453158 7.31759e+49 7.31759e+49 7.42974e+49 7.42985e+49 7.42986e+49 0 0 2.05162e+49 2.01524e+46 4.64348e+42 0 0 0
0.523299 5.59305e+49 5.59305e+49 5.65603e+49 5.65611e+49 5.65612e+49 0 0 2.35222e+49 1.75214e+46 4.64348e+42 0 0 0
0.604296 4.26297e+49 4.26297e+49 4.29824e+49 4.29829e+49 4.29829e+49 0 0 2.69382e+49 1.52179e+46 4.64348e+42 0 0 0
0.697831 3.24144e+49 3.24144e+49 3.26114e+49 3.26117e+49 3.26117e+49 0 0 3.08098e+49 1.32069e+46 4.64348e+42 0 0 0
0.805842 2.45969e+49 2.45969e+49 2.47066e+49 2.47069e+49 2.47069e+49 0 0 3.51841e+49 1.14551e+46 4.64348e+42 0 0 0
0.930572 1.86328e+49 1.86328e+49 1.86938e+49 1.86939e+49 1.86939e+49 0 0 4.01081e+49 9.93146e+45 4.64348e+42 0 0 0
1.07461 1.40947e+49 1.40947e+49 1.41285e+49 1.41286e+49 1.41286e+49 0 0 4.56269e+49 8.60778e+45 4.64348e+42 0 0 0
1.24094 1.06495e+49 1.06495e+49 1.06682e+49 1.06683e+49 1.06683e+49 0 0 5.17803e+49 7.45881e+45 4.64348e+42 0 0 0
1.43301 8.03907e+48 8.03907e+48 8.0494e+48 8.04944e+48 8.04944e+48 0 0 5.85987e+49 6.4621e+45 4.64348e+42 0 0 0
1.65482 6.06443e+48 6.06443e+48 6.07012e+48 6.07015e+48 6.07015e+48 0 0 6.60976e+49 5.59788e+45 4.64348e+42 0 0 0
1.91095 4.57275e+48 4.57275e+48 4.57588e+48 4.5759e+48 4.5759e+48 0 0 7.42702e+49 4.84879e+45 4.64348e+42 0 0 0
2.20673 3.44715e+48 3.44715e+48 3.44887e+48 3.44888e+48 3.44888e+48 0 0 8.30783e+49 4.19965e+45 4.64348e+42 0 0 0
2.5483 2.59852e+48 2.59852e+48 2.59946e+48 2.59947e+48 2.59947e+48 0 0 9.24405e+49 3.63724e+45 4.64348e+42 0 0 0
2.94273 1.9591e+48 1.9591e+48 1.95961e+48 1.95962e+48 1.95962e+48 0 0 1.02219e+50 3.15002e+45 4.64348e+42 0 0 0
3.39821 1.4775e+48 1.4775e+48 1.47779e+48 1.47779e+48 1.47779e+48 0 0 1.12203e+50 2.728e+45 4.64348e+42 0 0 0
3.92419 1.11485e+48 1.11485e+48 1.11501e+48 1.11501e+48 1.11501e+48 0 0 1.22096e+50 2.36247e+45 4.64348e+42 0 0 0
4.53158 8.41771e+47 8.41771e+47 8.41857e+47 8.41859e+47 8.41859e+47 0 0 1.31496e+50 2.04588e+45 4.64348e+42 0 0 0
5.23299 6.36092e+47 6.36092e+47 6.3614e+47 6.36141e+47 6.36141e+47 0 0 1.39891e+50 1.7717e+45 4.64348e+42 0 0 0
6.04296 4.81123e+47 4.81123e+47 4.81151e+47 4.81151e+47 4.81151e+47 0 0 1.46657e+50 1.53426e+45 4.64348e+42 0 0 0
6.97831 3.64299e+47 3.64299e+47 3.64315e+47 3.64316e+47 3.64316e+47 0 0 1.51079e+50 1.32862e+45 4.64348e+42 0 0 0
8.05842 2.76169e+47 2.76169e+47 2.76179e+47 2.76179e+47 2.76179e+47 0 0 1.52398e+50 1.15055e+45 4.64348e+42 0 0 0
9.30572 2.09628e+47 2.09628e+47 2.09634e+47 2.09634e+47 2.09634e+47 0 0 1.49897e+50 9.96333e+44 4.64348e+42 0 0 0
10.7461 1.59338e+47 1.59338e+47 1.59342e+47 1.59342e+47 1.59342e+47 0 0 1.43028e+50 8.62786e+44 4.64348e+42 0 0 0
12.4094 1.21287e+47 1.21287e+47 1.21291e+47 1.21291e+47 1.21291e+47 0 0 1.31579e+50 7.47138e+44 4.64348e+42 0 0 0
14.3301 9.24619e+46 9.24619e+46 9.24643e+46 9.24643e+46 9.24643e+46 0 0 1.15849e+50 6.4699e+44 4.64348e+42 0 0 0
16.5482 7.05955e+46 7.05955e+46 7.05974e+46 7.05974e+46 7.05974e+46 0 0 9.67689e+49 5.60264e+44 4.64348e+42 0 0 0
19.1095 5.39843e+46 5.39843e+46 5.39859e+46 5.39859e+46 5.39859e+46 0 0 7.59049e+49 4.85163e+44 4.64348e+42 0 0 0
22.0673 4.13463e+46 4.13463e+46 4.13477e+46 4.13477e+46 4.13477e+46 0 0 5.52503e+49 4.20127e+44 4.64348e+42 0 0 0
25.483 3.17162e+46 3.17162e+46 3.17173e+46 3.17174e+46 3.17174e+46 0 0 3.68145e+49 3.63809e+44 4.64348e+42 0 0 0
29.4273 2.43662e+46 2.43662e+46 2.43672e+46 2.43672e+46 2.43672e+46 0 0 2.21111e+49 3.15039e+44 4.64348e+42 0 0 0
33.9821 1.87473e+46 1.87473e+46 1.87482e+46 1.87482e+46 1.87482e+46 0 0 1.17629e+49 2.72806e+44 4.64348e+42 0 0 0
39.2419 1.44447e+46 1.44447e+46 1.44455e+46 1.44455e+46 1.44455e+46 0 0 5.43439e+48 2.36233e+44 4.64348e+42 0 0 0
45.3158 1.11446e+46 1.11446e+46 1.11454e+46 1.11454e+46 1.11454e+46 0 0 2.1319e+48 2.04563e+44 4.64348e+42 0 0 0
52.3299 8.60944e+45 8.60944e+45 8.61008e+45 8.61008e+45 8.61008e+45 0 0 6.92194e+47 1.77137e+44 4.64348e+42 0 0 0
60.4296 6.65871e+45 6.65871e+45 6.65928e+45 6.65928e+45 6.65928e+45 0 0 1.80616e+47 1.53388e+44 4.64348e+42 0 0 0
69.7831 5.15538e+45 5.15538e+45 5.15589e+45 5.15589e+45 5.15589e+45 0 0 3.6613e+46 1.32822e+44 4.64348e+42 0 0 0
80.5842 3.99512e+45 3.99512e+45 3.99557e+45 3.99557e+45 3.99557e+45 0 0 5.5448e+45 1.15012e+44 4.64348e+42 0 0 0
93.0572 3.09837e+45 3.09837e+45 3.09878e+45 3.09878e+45 3.09878e+45 0 0 5.99662e+44 9.95896e+43 4.64348e+42 0 0 0
107.461 2.40439e+45 2.40439e+45 2.40476e+45 2.40476e+45 2.40476e+45 0 0 4.39606e+43 8.62343e+43 4.64348e+42 0 0 0
124.094 1.86668e+45 1.86668e+45 1.867e+45 1.867e+45 1.867e+45 0 0 2.05693e+42 7.46691e+43 4.64348e+42 0 0 0
143.301 1.4496e+45 1.4496e+45 1.44989e+45 1.44989e+45 1.44989e+45 0 0 5.73048e+40 6.4654e+43 4.64348e+42 0 0 0
165.482 1.12578e+45 1.12578e+45 1.12605e+45 1.12605e+45 1.12605e+45 0 0 8.77253e+38 5.59813e+43 4.64348e+42 0 0 0
191.095 8.74188e+44 8.74188e+44 8.74425e+44 8.74425e+44 8.74425e+44 0 0 6.72622e+36 4.84711e+43 4.64348e+42 0 0 0
220.673 6.78591e+44 6.78591e+44 6.78803e+44 6.78803e+44 6.78803e+44 0 0 2.32087e+34 4.19675e+43 4.64348e+42 0 0 0
254.83 5.26469e+44 5.26469e+44 5.26659e+44 5.26659e+44 5.26659e+44 0 0 3.18487e+31 3.63356e+43 4.64348e+42 0 0 0
294.273 4.08139e+44 4.08139e+44 4.08309e+44 4.08309e+44 4.08309e+44 0 0 1.507e+28 3.14586e+43 4.64348e+42 0 0 0
339.821 3.16101e+44 3.16101e+44 3.16254e+44 3.16254e+44 3.16254e+44 0 0 2.08515e+24 2.72353e+43 4.64348e+42 0 0 0
392.419 2.44537e+44 2.44537e+44 2.44673e+44 2.44673e+44 2.44673e+44 0 0 6.97455e+19 2.3578e+43 4.64348e+42 0 0 0
453.158 1.88924e+44 1.88924e+44 1.89045e+44 1.89045e+44 1.89045e+44 0 0 4.5269e+14 2.0411e+43 4.64348e+42 0 0 0
523.299 1.45743e+44 1.45743e+44 1.45851e+44 1.45851e+44 1.45851e+44 0 0 4.42357e+08 1.76685e+43 4.64348e+42 0 0 0
604.296 1.12253e+44 1.12253e+44 1.12349e+44 1.12349e+44 1.12349e+44 0 0 48.5459 1.52935e+43 4.64348e+42 0 0 0
697.831 8.63131e+43 8.63131e+43 8.63985e+43 8.63985e+43 8.63985e+43 0 0 4.26542e-07 1.32369e+43 4.64348e+42 0 0 0
805.842 6.62535e+43 6.62535e+43 6.63292e+43 6.63292e+43 6.63292e+43 0 0 2.02988e-16 1.1456e+43 4.64348e+42 0 0 0
930.572 5.07687e+43 5.07687e+43 5.08356e+43 5.08356e+43 5.08356e+43 0 0 3.33177e-27 9.91374e+42 4.64348e+42 0 0 0
1074.61 3.88382e+43 3.88382e+43 3.88974e+43 3.88974e+43 3.88974e+43 0 0 1.12006e-39 8.57823e+42 4.64348e+42 0 0 0
1240.94 2.96648e+43 2.96648e+43 2.9717e+43 2.9717e+43 2.9717e+43 0 0 4.22472e-54 7.42173e+42 4.64348e+42 0 0 0
1433.01 2.26256e+43 2.26256e+43 2.26716e+43 2.26716e+43 2.26716e+43 0 0 8.92313e-71 6.42025e+42 4.64348e+42 0 0 0
1654.82 1.72349e+43 1.72349e+43 1.72753e+43 1.72753e+43 1.72753e+43 0 0 4.72994e-90 5.55302e+42 4.64348e+42 0 0 0
1910.95 1.31143e+43 1.31143e+43 1.31498e+43 1.31498e+43 1.31498e+43 0 0 2.4907e-112 4.80203e+42 4.64348e+42 0 0 0
2206.73 9.96994e+42 9.96994e+42 1.00011e+43 1.00011e+43 1.00011e+43 0 0 4.4681e-138 4.15171e+42 4.64348e+42 0 0 0
2548.3 7.57412e+42 7.57412e+42 7.60151e+42 7.60151e+42 7.60151e+42 0 0 7.93467e-168 3.58857e+42 4.64348e+42 0 0 0
2942.73 5.75091e+42 5.75091e+42 5.77492e+42 5.77492e+42 5.77492e+42 0 0 3.34759e-202 3.10093e+42 4.64348e+42 0 0 0
3398.21 4.3648e+42 4.3648e+42 4.38586e+42 4.38586e+42 4.38586e+42 0 0 6.45635e-242 2.67866e+42 4.64348e+42 0 0 0
3924.19 3.31179e+42 3.31179e+42 3.33025e+42 3.33025e+42 3.33025e+42 0 0 0 2.31301e+42 4.64348e+42 0 0 0
4531.58 2.51226e+42 2.51226e+42 2.52844e+42 2.52844e+42 2.52844e+42 0 0 0 1.9964e+42 4.64348e+42 0 0 0
5232.99 1.90657e+42 1.90657e+42 1.92016e+42 1.92016e+42 1.92016e+42 0 0 0 1.7233e+42 4.64348e+42 0 0 0
6042.96 1.44607e+42 1.44607e+42 1.4579e+42 1.4579e+42 1.4579e+42 0 0 0 1.48607e+42 4.64348e+42 0 0 0
6978.31 1.09666e+42 1.09666e+42 1.10695e+42 1.10695e+42 1.10695e+42 0 0 0 1.28071e+42 4.64348e+42 0 0 0
8058.42 8.31559e+41 8.31559e+41 8.40502e+41 8.40502e+41 8.40502e+41 0 0 0 1.10296e+42 4.64348e+42 0 0 0
9305.72 6.30439e+41 6.30439e+41 6.38198e+41 6.38198e+41 6.38198e+41 0 0 0 9.49127e+41 4.64348e+42 0 0 0
10746.1 4.77862e+41 4.77862e+41 4.84583e+41 4.84583e+41 4.84583e+41 0 0 0 8.16015e+41 4.64348e+42 0 0 0
12409.4 3.62118e+41 3.62118e+41 3.6793e+41 3.6793e+41 3.6793e+41 0 0 0 7.00861e+41 4.64348e+42 0 0 0
14330.1 2.74323e+41 2.74323e+41 2.79339e+41 2.79339e+41 2.79339e+41 0 0 0 6.0127e+41 4.64348e+42 0 0 0
16548.2 2.07737e+41 2.07737e+41 2.12056e+41 2.12056e+41 2.12056e+41 0 0 0 5.15169e+41 4.64348e+42 0 0 0
19109.5 1.57247e+41 1.57247e+41 1.60956e+41 1.60956e+41 1.60956e+41 0 0 0 4.40763e+41 4.64348e+42 0 0 0
22067.3 1.18972e+41 1.18972e+41 1.22147e+41 1.22147e+41 1.22147e+41 0 0 0 3.765e+41 4.64348e+42 0 0 0
25483 8.99656e+40 8.99656e+40 9.2675e+40 9.2675e+40 9.2675e+40 0 0 0 3.21033e+41 4.64348e+42 0 0 0
29427.3 6.79935e+40 6.79935e+40 7.02968e+40 7.02968e+40 7.02968e+40 0 0 0 2.73197e+41 4.64348e+42 0 0 0
33982.1 5.13576e+40 5.13576e+40 5.33077e+40 5.33077e+40 5.33077e+40 0 0 0 2.31981e+41 4.64348e+42 0 0 0
39241.9 3.87691e+40 3.87691e+40 4.04127e+40 4.04127e+40 4.04127e+40 0 0 0 1.96509e+41 4.64348e+42 0 0 0
45315.8 2.92493e+40 2.92493e+40 3.06279e+40 3.06279e+40 3.06279e+40 0 0 0 1.66021e+41 4.64348e+42 0 0 0
52329.9 2.2055e+40 2.2055e+40 2.32053e+40 2.32053e+40 2.32053e+40 0 0 0 1.39855e+41 4.64348e+42 0 0 0
60429.6 1.66221e+40 1.66221e+40 1.75765e+40 1.75765e+40 1.75765e+40 0 0 0 1.17436e+41 4.64348e+42 0 0 0
69783.1 1.25224e+40 1.25224e+40 1.33096e+40 1.33096e+40 1.33096e+40 0 0 0 9.82634e+40 4.64348e+42 0 0 0
80584.2 9.43082e+39 9.43082e+39 1.00761e+40 1.00761e+40 1.00761e+40 0 0 0 8.19012e+40 4.64348e+42 0 0 0
93057.2 7.10105e+39 7.10105e+39 7.62658e+39 7.62658e+39 7.62658e+39 0 0 0 6.79686e+40 4.64348e+42 0 0 0
107461 5.34637e+39 5.34637e+39 5.77159e+39 5.77159e+39 5.77159e+39 0 0 0 5.61339e+40 4.64348e+42 0 0 0
124094 4.02542e+39 4.02542e+39 4.36719e+39 4.36719e+39 4.36719e+39 0 0 0 4.61079e+40 4.64348e+42 0 0 0
143301 3.03129e+39 3.03129e+39 3.30417e+39 3.30417e+39 3.30417e+39 0 0 0 3.76392e+40 4.64348e+42 0 0 0
165482 2.28325e+39 2.28325e+39 2.49968e+39 2.49968e+39 2.49968e+39 0 0 0 3.05095e+40 4.64348e+42 0 0 0
191095 1.72037e+39 1.72037e+39 1.8909e+39 1.8909e+39 1.8909e+39 0 0 0 2.453e+40 4.64348e+42 0 0 0
220673 1.29673e+39 1.29673e+39 1.43026e+39 1.43026e+39 1.43026e+39 0 0 0 1.95377e+40 4.64348e+42 0 0 0
254830 9.7781e+38 9.7781e+38 1.08171e+39 1.08171e+39 1.08171e+39 0 0 0 1.53924e+40 4.64348e+42 0 0 0
294273 7.37615e+38 7.37615e+38 8.17971e+38 8.17971e+38 8.17971e+38 0 0 0 1.19735e+40 4.64348e+42 0 0 0
339821 5.56629e+38 5.56629e+38 6.18418e+38 6.18418e+38 6.18418e+38 0 0 0 9.1771e+39 4.64348e+42 0 0 0
392419 4.2019e+38 4.2019e+38 4.67432e+38 4.67432e+38 4.67432e+38 0 0 0 6.91358e+39 4.64348e+42 0 0 0
453158 3.17283e+38 3.17283e+38 3.53202e+38 3.53202e+38 3.53202e+38 0 0 0 5.10483e+39 4.64348e+42 0 0 0
523299 2.39632e+38 2.39632e+38 2.66792e+38 2.66792e+38 2.66792e+38 1.47991e+30 3.67021e+34 0 3.68224e+39 4.64348e+42 0 0 0
604296 1.81014e+38 1.81014e+38 2.0144e+38 2.0144e+38 2.0144e+38 2.27953e+30 3.68605e+34 0 2.58491e+39 4.64348e+42 0 0 0
697831 1.36749e+38 1.36749e+38 1.52028e+38 1.52028e+38 1.52028e+38 3.07914e+30 3.7019e+34 0 1.75821e+39 4.64348e+42 0 0 0
805842 1.03314e+38 1.03314e+38 1.14679e+38 1.14679e+38 1.14679e+38 3.87876e+30 3.71774e+34 0 1.15286e+39 4.64348e+42 0 0 0
930572 7.80523e+37 7.80523e+37 8.64613e+37 8.64613e+37 8.64613e+37 4.67838e+30 3.73359e+34 0 7.24458e+38 4.64348e+42 0 0 0
1.07461e+06 5.89635e+37 5.89635e+37 6.51511e+37 6.51511e+37 6.51511e+37 5.92408e+30 3.75182e+34 0 4.33339e+38 4.64348e+42 0 0 0
1.24094e+06 4.45376e+37 4.45376e+37 4.90658e+37 4.90658e+37 4.90658e+37 7.94783e+30 3.7568e+34 0 2.44799e+38 4.64348e+42 0 0 0
1.43301e+06 3.36343e+37 3.36343e+37 3.69307e+37 3.69307e+37 3.69307e+37 1.06126e+31 3.76316e+34 0 1.29424e+38 4.64348e+42 0 0 0
1.65482e+06 2.53933e+37 2.53933e+37 2.77809e+37 2.77809e+37 2.77809e+37 1.41342e+31 3.77137e+34 0 6.33707e+37 4.64348e+42 0 0 0
1.91095e+06 1.91649e+37 1.91649e+37 2.0886e+37 2.0886e+37 2.0886e+37 1.9166e+31 3.78276e+34 0 2.83909e+37 4.64348e+42 0 0 0
2.20673e+06 1.44583e+37 1.44583e+37 1.56935e+37 1.56935e+37 1.56935e+37 2.56201e+31 3.79755e+34 0 1.1477e+37 4.64348e+42 0 0 0
2.5483e+06 1.09028e+37 1.09028e+37 1.17855e+37 1.17855e+37 1.17855e+37 3.4097e+31 3.81696e+34 0 4.11954e+36 4.64348e+42 0 0 0
2.94273e+06 8.21761e+36 8.21761e+36 8.846e+36 8.846e+36 8.846e+36 4.53426e+31 3.84245e+34 0 1.2888e+36 4.64348e+42 0 0 0
3.39821e+06 6.19062e+36 6.19062e+36 6.63642e+36 6.63642e+36 6.63642e+36 6.15456e+31 3.878e+34 0 3.43986e+35 4.64348e+42 0 0 0
3.92419e+06 4.66119e+36 4.66119e+36 4.97648e+36 4.97648e+36 4.97648e+36 8.26905e+31 3.92415e+34 0 7.64184e+34 4.64348e+42 0 0 0
4.53158e+06 3.50777e+36 3.50777e+36 3.73016e+36 3.73016e+36 3.73016e+36 1.11193e+32 3.98364e+34 0 1.37336e+34 4.64348e+42 0 0 0
5.23299e+06 2.6384e+36 2.6384e+36 2.79492e+36 2.79492e+36 2.79492e+36 1.49213e+32 4.05888e+34 0 1.93209e+33 4.64348e+42 0 0 0
6.04296e+06 1.98352e+36 1.98352e+36 2.09348e+36 2.09348e+36 2.09348e+36 2.02971e+32 4.15864e+34 0 2.0486e+32 4.64348e+42 0 0 0
6.97831e+06 1.4905e+36 1.4905e+36 1.56767e+36 1.56767e+36 1.56767e+36 2.72471e+32 4.27626e+34 0 1.56696e+31 4.64348e+42 0 0 0
8.05842e+06 1.11957e+36 1.11957e+36 1.17369e+36 1.17369e+36 1.17369e+36 3.63081e+32 4.41522e+34 0 8.22021e+29 4.64348e+42 0 0 0
9.30572e+06 8.40682e+35 8.40682e+35 8.78635e+35 8.78635e+35 8.78635e+35 4.8208e+32 4.57265e+34 0 2.78996e+28 4.64348e+42 0 0 0
1.07461e+07 6.31142e+35 6.31142e+35 6.57774e+35 6.57774e+35 6.57774e+35 6.41826e+32 4.76126e+34 0 5.72727e+26 4.64348e+42 0 0 0
1.24094e+07 4.73809e+35 4.73809e+35 4.92522e+35 4.92522e+35 4.92522e+35 8.36676e+32 4.94658e+34 0 6.57899e+24 4.64348e+42 0 0 0
1.43301e+07 3.55764e+35 3.55764e+35 3.6894e+35 3.6894e+35 3.6894e+35 1.07097e+33 5.12763e+34 0 3.86575e+22 4.64348e+42 0 0 0
1.65482e+07 2.67265e+35 2.67265e+35 2.76569e+35 2.76569e+35 2.76569e+35 1.34621e+33 5.29571e+34 0 1.04746e+20 4.64348e+42 0 0 0
1.91095e+07 2.00987e+35 2.00987e+35 2.07583e+35 2.07583e+35 2.07583e+35 1.67408e+33 5.4406e+34 0 1.1611e+17 4.64348e+42 0 0 0
2.20673e+07 1.51379e+35 1.51379e+35 1.56077e+35 1.56077e+35 1.56077e+35 2.02277e+33 5.5656e+34 0 4.58545e+13 4.64348e+42 0 0 0
2.5483e+07 1.14294e+35 1.14294e+35 1.17662e+35 1.17662e+35 1.17662e+35 2.39853e+33 5.6533e+34 0 5.49962e+09 4.64348e+42 0 0 0
2.94273e+07 8.65851e+34 8.65851e+34 8.90175e+34 8.90175e+34 8.90175e+34 2.77212e+33 5.6544e+34 0 166589 4.64348e+42 0 0 0
3.39821e+07 6.59018e+34 6.59018e+34 6.76746e+34 6.76746e+34 6.76746e+34 3.13526e+33 5.5534e+34 0 1.03004 4.64348e+42 0 0 0
3.92419e+07 5.04437e+34 5.04437e+34 5.17491e+34 5.17491e+34 5.17491e+34 3.44471e+33 5.34758e+34 0 1.01664e-06 4.64348e+42 0 0 0
4.53158e+07 3.89016e+34 3.89016e+34 3.98748e+34 3.98748e+34 3.98748e+34 3.7132e+33 5.07315e+34 0 1.2058e-13 4.64348e+42 0 0 0
5.23299e+07 3.02682e+34 3.02682e+34 3.10037e+34 3.10037e+34 3.10037e+34 3.92465e+33 4.75673e+34 0 1.23816e-21 4.64348e+42 0 0 0
6.04296e+07 2.37671e+34 2.37671e+34 2.43307e+34 2.43307e+34 2.43307e+34 4.04602e+33 4.36713e+34 0 7.53748e-31 4.64348e+42 0 0 0
6.97831e+07 1.88304e+34 1.88304e+34 1.92683e+34 1.92683e+34 1.92683e+34 4.06793e+33 3.91307e+34 0 1.75681e-41 4.64348e+42 0 0 0
8.05842e+07 1.50478e+34 1.50478e+34 1.53925e+34 1.53925e+34 1.53925e+34 3.99908e+33 3.40209e+34 0 9.4619e-54 4.64348e+42 0 0 0
9.30572e+07 1.21089e+34 1.21089e+34 1.23833e+34 1.23833e+34 1.23833e+34 3.84192e+33 2.85207e+34 0 6.57277e-68 4.64348e+42 0 0 0
1.07461e+08 9.78016e+33 9.78016e+33 1.00003e+34 1.00003e+34 1.00003e+34 3.59676e+33 2.29418e+34 0 3.00329e-84 4.64348e+42 377.624 0 0
1.24094e+08 7.9331e+33 7.9331e+33 8.11115e+33 8.11115e+33 8.11115e+33 3.31142e+33 1.81594e+34 0 4.14785e-103 4.64348e+42 331.749 0 0
1.43301e+08 6.43608e+33 6.43608e+33 6.5806e+33 6.5806e+33 6.5806e+33 2.98413e+33 1.41192e+34 0 7.05425e-125 4.64348e+42 291.447 0 0
1.65482e+08 5.20255e+33 5.20255e+33 5.31979e+33 5.31979e+33 5.31979e+33 2.62584e+33 1.08033e+34 0 5.23774e-150 4.64348e+42 256.041 0 0
1.91095e+08 4.15568e+33 4.15568e+33 4.24992e+33 4.24992e+33 4.24992e+33 2.23204e+33 8.05457e+33 0 5.12695e-179 4.64348e+42 224.936 0 0
2.20673e+08 3.30498e+33 3.30498e+33 3.3806e+33 3.3806e+33 3.3806e+33 1.87e+33 6.03664e+33 0 1.65982e-212 4.64348e+42 197.61 0 0
2.5483e+08 2.60494e+33 2.60494e+33 2.6652e+33 2.6652e+33 2.6652e+33 1.5349e+33 4.47334e+33 0 3.59961e-251 4.64348e+42 173.604 0 0
2.94273e+08 2.03169e+33 2.03169e+33 2.07929e+33 2.07929e+33 2.07929e+33 1.23405e+33 3.2783e+33 0 0 4.64348e+42 152.514 0 0
3.39821e+08 1.55675e+33 1.55675e+33 1.59375e+33 1.59375e+33 1.59375e+33 9.61815e+32 2.35989e+33 0 0 4.64348e+42 139.897 0 0
3.92419e+08 1.18988e+33 1.18988e+33 1.2186e+33 1.2186e+33 1.2186e+33 7.47002e+32 1.72652e+33 0 0 4.64348e+42 133.986 0 0
4.53158e+08 9.00634e+32 9.00634e+32 9.22744e+32 9.22744e+32 9.22744e+32 5.7137e+32 1.25734e+33 0 0 4.64348e+42 128.324 0 0
5.23299e+08 6.73993e+32 6.73993e+32 6.90834e+32 6.90834e+32 6.90834e+32 4.2953e+32 9.11848e+32 0 0 4.64348e+42 122.902 0 0
6.04296e+08 4.99719e+32 4.99719e+32 5.12438e+32 5.12438e+32 5.12438e+32 3.18609e+32 6.54318e+32 0 0 4.64348e+42 117.709 0 0
6.97831e+08 3.72797e+32 3.72797e+32 3.82467e+32 3.82467e+32 3.82467e+32 2.39402e+32 4.79214e+32 0 0 4.64348e+42 112.735 0 0
8.05842e+08 2.76633e+32 2.76633e+32 2.83949e+32 2.83949e+32 2.83949e+32 1.78807e+32 3.50385e+32 0 0 4.64348e+42 107.972 0 0
9.30572e+08 2.0399e+32 2.0399e+32 2.09492e+32 2.09492e+32 2.09492e+32 1.32587e+32 2.55577e+32 0 0 4.64348e+42 103.409 0 0
1.07461e+09 1.48902e+32 1.48902e+32 1.53e+32 1.53e+32 1.53e+32 9.70033e+31 1.83785e+32 0 0 4.64348e+42 103.782 0 0
1.24094e+09 1.09931e+32 1.09931e+32 1.13018e+32 1.13018e+32 1.13018e+32 7.25869e+31 1.35222e+32 0 0 4.64348e+42 109.143 0 0
1.43301e+09 8.10665e+31 8.10665e+31 8.33895e+31 8.33895e+31 8.33895e+31 5.43975e+31 9.92245e+31 0 0 4.64348e+42 114.782 0 0
1.65482e+09 5.95469e+31 5.95469e+31 6.12881e+31 6.12881e+31 6.12881e+31 4.06336e+31 7.25908e+31 0 0 4.64348e+42 120.711 0 0
1.91095e+09 4.33247e+31 4.33247e+31 4.46173e+31 4.46173e+31 4.46173e+31 2.99758e+31 5.22363e+31 0 0 4.64348e+42 126.947 0 0
2.20673e+09 3.18885e+31 3.18885e+31 3.28593e+31 3.28593e+31 3.28593e+31 2.25856e+31 3.85176e+31 0 0 4.64348e+42 133.505 0 0
2.5483e+09 2.33976e+31 2.33976e+31 2.41244e+31 2.41244e+31 2.41244e+31 1.69669e+31 2.8323e+31 0 0 4.64348e+42 140.402 0 0
2.94273e+09 1.70917e+31 1.70917e+31 1.76338e+31 1.76338e+31 1.76338e+31 1.26855e+31 2.07603e+31 0 0 4.64348e+42 147.655 0 0
3.39821e+09 1.23034e+31 1.23034e+31 1.27057e+31 1.27057e+31 1.27057e+31 9.31511e+30 1.49676e+31 0 0 4.64348e+42 155.282 0 0
3.92419e+09 8.88146e+30 8.88146e+30 9.19984e+30 9.19984e+30 9.19984e+30 6.99748e+30 1.10448e+31 0 0 4.64348e+42 163.304 0 0
4.53158e+09 6.05957e+30 6.05957e+30 6.36347e+30 6.36347e+30 6.36347e+30 5.23924e+30 8.121e+30 0 0 4.64348e+42 171.74 0 0
5.23299e+09 3.43057e+30 3.43057e+30 3.80969e+30 3.80969e+30 3.80969e+30 3.90915e+30 5.94697e+30 0 0 4.64348e+42 180.612 0 0
6.04296e+09 1.27854e+30 1.27854e+30 1.71456e+30 1.71456e+30 1.71456e+30 2.85853e+30 4.2871e+30 0 0 4.64348e+42 189.942 0 0
6.97831e+09 2.69805e+29 2.69805e+29 6.14705e+29 6.14705e+29 6.14705e+29 2.14327e+30 3.16013e+30 0 0 4.64348e+42 199.755 0 0
8.05842e+09 2.5236e+28 2.5236e+28 2.03525e+29 2.03525e+29 2.03525e+29 1.60167e+30 2.32305e+30 0 0 4.64348e+42 210.074 0 0
9.30572e+09 6.36681e+26 6.36681e+26 6.98308e+28 6.98308e+28 6.98308e+28 1.18938e+30 1.70295e+30 0 0 4.64348e+42 220.926 0 0
1.07461e+10 2.02328e+24 2.02328e+24 2.56621e+28 2.56621e+28 2.56621e+28 8.67774e+29 1.23154e+30 0 0 4.64348e+42 247.883 0 0
1.24094e+10 3.56977e+20 3.56977e+20 1.04461e+28 1.04461e+28 1.04461e+28 6.45573e+29 9.10858e+29 0 0 4.64348e+42 296.737 0 0
1.43301e+10 1.65124e+15 1.65124e+15 4.59865e+27 4.59865e+27 4.59865e+27 4.7735e+29 6.71999e+29 0 0 4.64348e+42 355.22 0 0
1.65482e+10 1.31624e+08 1.31624e+08 2.17559e+27 2.17559e+27 2.17559e+27 3.51869e+29 4.94268e+29 0 0 4.64348e+42 425.228 0 0
1.91095e+10 0.181962 0.181962 1.08307e+27 1.08307e+27 1.08307e+27 2.54514e+29 3.57506e+29 0 0 4.64348e+42 509.034 0 0
2.20673e+10 7.37331e-12 7.37331e-12 5.81047e+26 5.81047e+26 5.81047e+26 1.88343e+29 2.64601e+29 0 0 4.64348e+42 609.357 34.7254 0
2.5483e+10 2.12202e-23 2.12202e-23 3.26862e+26 3.26862e+26 3.26862e+26 1.38909e+29 1.95195e+29 0 0 4.64348e+42 729.453 22.9578 0
2.94273e+10 1.42227e-35 1.42227e-35 1.91611e+26 1.91611e+26 1.91611e+26 1.0215e+29 1.43498e+29 0 0 4.64348e+42 873.217 15.5417 0
3.39821e+10 8.12451e-48 8.12451e-48 1.14916e+26 1.14916e+26 1.14916e+26 7.37099e+28 1.0358e+29 0 0 4.64348e+42 1045.31 10.7604 0
3.92419e+10 1.47561e-59 1.47561e-59 7.27776e+25 7.27776e+25 7.27776e+25 5.4632e+28 7.66758e+28 0 0 4.64348e+42 1251.33 7.61059 0
4.53158e+10 2.57209e-70 2.57209e-70 4.73736e+25 4.73736e+25 4.73736e+25 4.04034e+28 5.66206e+28 0 0 4.64348e+42 1497.95 5.49245 0
5.23299e+10 1.05333e-79 1.05333e-79 3.15981e+25 3.15981e+25 3.15981e+25 2.98319e+28 4.16949e+28 0 0 4.64348e+42 1793.17 4.04008 0
6.04296e+10 1.868e-87 1.868e-87 2.1263e+25 2.1263e+25 2.1263e+25 2.1662e+28 3.01436e+28 0 0 4.64348e+42 2146.58 3.02568 0
6.97831e+10 2.11064e-93 2.11064e-93 1.49142e+25 1.49142e+25 1.49142e+25 1.61423e+28 2.23706e+28 0 0 4.64348e+42 2569.64 2.3047 0
8.05842e+10 1.64292e-97 1.64292e-97 1.06264e+25 1.06264e+25 1.06264e+25 1.19968e+28 1.65633e+28 0 0 4.64348e+42 3076.08 1.78376 0
9.30572e+10 7.91083e-100 7.91083e-100 7.67498e+24 7.67498e+24 7.67498e+24 8.89132e+27 1.22287e+28 0 0 4.64348e+42 3682.32 1.40144 0
1.07461e+11 1.77462e-100 1.77462e-100 5.53132e+24 5.53132e+24 5.53132e+24 6.46547e+27 8.8555e+27 0 0 4.64348e+42 4408.06 1.11671 0
1.24094e+11 1.31141e-99 1.31141e-99 4.12069e+24 4.12069e+24 4.12069e+24 4.81628e+27 6.58129e+27 0 0 4.64348e+42 5276.82 0.901709 0
1.43301e+11 1.9819e-97 1.9819e-97 3.09534e+24 3.09534e+24 3.09534e+24 3.57539e+27 4.87758e+27 0 0 4.64348e+42 6316.8 0.737233 0
1.65482e+11 3.76839e-94 3.76839e-94 2.34065e+24 2.34065e+24 2.34065e+24 2.64397e+27 3.60306e+27 0 0 4.64348e+42 7561.75 0.609868 0
1.91095e+11 5.46128e-90 5.46128e-90 1.75545e+24 1.75545e+24 1.75545e+24 1.91732e+27 2.60871e+27 0 0 4.64348e+42 9052.05 0.510106 0
2.20673e+11 3.93127e-85 3.93127e-85 1.35603e+24 1.35603e+24 1.35603e+24 1.42524e+27 1.93849e+27 0 0 4.64348e+42 10836.1 0.431129 0
2.5483e+11 8.91472e-80 8.91473e-80 1.05197e+24 1.05197e+24 1.05197e+24 1.05604e+27 1.43626e+27 0 0 4.64348e+42 12971.7 0.367983 0
2.94273e+11 4.33101e-74 4.33101e-74 8.18853e+23 8.18853e+23 8.18853e+23 7.79902e+26 1.06056e+27 0 0 4.64348e+42 15528.2 0.317029 0
3.39821e+11 3.17896e-68 3.17896e-68 6.30157e+23 6.30157e+23 6.30157e+23 5.65087e+26 7.67385e+26 0 0 4.64348e+42 0 0.275565 0
3.92419e+11 2.76042e-62 2.76042e-62 4.98415e+23 4.98415e+23 4.98415e+23 4.19901e+26 5.69949e+26 0 0 4.64348e+42 0 0.241562 0
4.53158e+11 2.1869e-56 2.1869e-56 3.94856e+23 3.94856e+23 3.94856e+23 3.11043e+26 4.22036e+26 0 0 4.64348e+42 0 0.213483 0
5.23299e+11 1.30876e-50 1.30876e-50 3.13097e+23 3.13097e+23 3.13097e+23 2.29647e+26 3.11426e+26 0 0 4.64348e+42 0 0.190154 0
6.04296e+11 5.03372e-45 5.03372e-45 2.44753e+23 2.44753e+23 2.44753e+23 1.66285e+26 2.25124e+26 0 0 4.64348e+42 0 0.170669 0
6.97831e+11 1.16067e-39 1.16067e-39 1.96336e+23 1.96336e+23 1.96336e+23 1.23504e+26 1.67063e+26 0 0 4.64348e+42 0 0.154323 0
8.05842e+11 1.44577e-34 1.44577e-34 1.57429e+23 1.57429e+23 1.57429e+23 9.14377e+25 1.23588e+26 0 0 4.64348e+42 0 0.140565 0
9.30572e+11 9.23949e-30 9.23949e-30 1.26096e+23 1.26096e+23 1.26096e+23 6.74698e+25 9.10989e+25 0 0 4.64348e+42 0 0.12896 0
1.07461e+12 2.89788e-25 2.89788e-25 9.93294e+22 9.93294e+22 9.93294e+22 4.88074e+25 6.5761e+25 0 0 4.64348e+42 0 0.119166 0
1.24094e+12 4.59788e-21 4.59788e-21 8.01845e+22 8.01845e+22 8.01845e+22 3.62217e+25 4.87378e+25 0 0 4.64348e+42 0 0.110908 0
1.43301e+12 3.60414e-17 3.60414e-17 6.45728e+22 6.45728e+22 6.45728e+22 2.67936e+25 3.6003e+25 0 0 4.64348e+42 0 0.103969 0
1.65482e+12 1.41451e-13 1.41451e-13 5.18348e+22 5.18348e+22 5.18348e+22 1.97507e+25 2.64954e+25 0 0 4.64348e+42 0 0.098177 0
1.91095e+12 2.79634e-10 2.79634e-10 4.08112e+22 4.08112e+22 4.08112e+22 1.42681e+25 1.9087e+25 0 0 4.64348e+42 0 0.0933933 0
2.20673e+12 2.98667e-07 2.98667e-07 3.28675e+22 3.28675e+22 3.28675e+22 1.05758e+25 1.41192e+25 0 0 4.64348e+42 0 0.0895108 0
2.5483e+12 0.000173091 0.000173091 2.63346e+22 2.63346e+22 2.63346e+22 7.81242e+24 1.0408e+25 0 0 4.64348e+42 0 0.0864461 0
2.94273e+12 0.05629 0.05629 2.09705e+22 2.09705e+22 2.09705e+22 5.7503e+24 7.64158e+24 0 0 4.64348e+42 0 0.0841374 0
3.39821e+12 10.4684 10.4684 1.63158e+22 1.63158e+22 1.63158e+22 4.14574e+24 5.48859e+24 0 0 4.64348e+42 0 0.082541 0
3.92419e+12 1205.22 1205.23 1.2947e+22 1.2947e+22 1.2947e+22 3.06737e+24 4.04903e+24 0 0 4.64348e+42 0 0.08163 0
4.53158e+12 86536.2 86536.3 1.01813e+22 1.01813e+22 1.01813e+22 2.26137e+24 2.97577e+24 0 0 4.64348e+42 0 0.0813928 0
5.23299e+12 4.00908e+06 4.00908e+06 7.92422e+21 7.92422e+21 7.92422e+21 1.66081e+24 2.17755e+24 0 0 4.64348e+42 0 0.0818329 0
6.04296e+12 1.21811e+08 1.21811e+08 5.99669e+21 5.99669e+21 5.99669e+21 1.19394e+24 1.55744e+24 0 0 4.64348e+42 0 0.0829683 0
6.97831e+12 2.6214e+09 2.6214e+09 4.61251e+21 4.61251e+21 4.61251e+21 8.8108e+23 1.14453e+24 0 0 4.64348e+42 0 0.0848322 0
8.05842e+12 4.00164e+10 4.00165e+10 3.50183e+21 3.50183e+21 3.50183e+21 6.477e+23 8.37592e+23 0 0 4.64348e+42 0 0.0874729 0
9.30572e+12 4.45697e+11 4.45697e+11 2.62191e+21 2.62191e+21 2.62191e+21 4.74181e+23 6.10057e+23 0 0 4.64348e+42 0 0.0909553 0
1.07461e+13 3.65573e+12 3.65573e+12 1.90176e+21 1.90176e+21 1.90176e+21 3.39492e+23 4.33738e+23 0 0 4.64348e+42 0 0.0953611 0
1.24094e+13 2.37362e+13 2.37363e+13 1.40062e+21 1.40062e+21 1.40062e+21 2.49605e+23 3.17037e+23 0 0 4.64348e+42 0 0.10079 0
1.43301e+13 1.21274e+14 1.21274e+14 1.01712e+21 1.01712e+21 1.01712e+21 1.82745e+23 2.30653e+23 0 0 4.64348e+42 0 0.10736 0
1.65482e+13 4.98275e+14 4.98276e+14 7.28427e+20 7.28427e+20 7.28427e+20 1.33186e+23 1.66909e+23 0 0 4.64348e+42 0 0.115206 0
1.91095e+13 1.64978e+15 1.64978e+15 5.05437e+20 5.05437e+20 5.05437e+20 9.48092e+22 1.17691e+23 0 0 4.64348e+42 0 0.12448 0
2.20673e+13 4.71257e+15 4.71258e+15 3.5724e+20 3.5724e+20 3.5724e+20 6.93448e+22 8.5391e+22 0 0 4.64348e+42 0 0.135345 0
2.5483e+13 1.146e+16 1.146e+16 2.49627e+20 2.49627e+20 2.49627e+20 5.0481e+22 6.16236e+22 0 0 4.64348e+42 0 0.147968 0
2.94273e+13 2.41012e+16 2.41013e+16 1.72559e+20 1.72559e+20 1.72559e+20 3.65615e+22 4.41995e+22 0 0 4.64348e+42 0 0.162507 0
3.39821e+13 4.36134e+16 4.36137e+16 1.1581e+20 1.1581e+20 1.1581e+20 2.58177e+22 3.08125e+22 0 0 4.64348e+42 0 0.179093 0
3.92419e+13 7.25086e+16 7.25092e+16 7.9574e+19 7.9574e+19 7.9574e+19 1.8748e+22 2.21322e+22 0 0 4.64348e+42 0 0.197804 0
4.53158e+13 1.0851e+17 1.08511e+17 5.42305e+19 5.42305e+19 5.42305e+19 1.35408e+22 1.57976e+22 0 0 4.64348e+42 0 0.218621 0
5.23299e+13 1.47714e+17 1.47716e+17 3.66699e+19 3.66699e+19 3.66699e+19 9.72273e+21 1.11956e+22 0 0 4.64348e+42 0 0.241387 0
6.04296e+13 1.80781e+17 1.80785e+17 2.40926e+19 2.40926e+19 2.40926e+19 6.78957e+21 7.68404e+21 0 0 4.64348e+42 0 0.265741 0
6.97831e+13 2.12278e+17 2.12282e+17 1.62784e+19 1.62784e+19 1.62784e+19 4.88193e+21 5.44495e+21 0 0 4.64348e+42 0 0.291055 0
8.05842e+13 2.32789e+17 2.32795e+17 1.09282e+19 1.09282e+19 1.09282e+19 3.48819e+21 3.8296e+21 0 0 4.64348e+42 0 0.316368 0
9.30572e+13 2.39978e+17 2.39985e+17 7.28841e+18 7.28841e+18 7.28841e+18 2.47524e+21 2.67058e+21 0 0 4.64348e+42 0 0.340344 0
1.07461e+14 2.28448e+17 2.28457e+17 4.71535e+18 4.71535e+18 4.71535e+18 1.7022e+21 1.7945e+21 0 0 4.64348e+42 0 0 0
1.24094e+14 2.14838e+17 2.1485e+17 3.14889e+18 3.14889e+18 3.14889e+18 1.20762e+21 1.24872e+21 0 0 4.64348e+42 0 0 0
1.43301e+14 1.93086e+17 1.93106e+17 2.08971e+18 2.08971e+18 2.08971e+18 8.50328e+20 8.61118e+20 0 0 4.64348e+42 0 0 0
1.65482e+14 1.66467e+17 1.66502e+17 1.3774e+18 1.3774e+18 1.3774e+18 5.9381e+20 5.87712e+20 0 0 4.64348e+42 0 0 0
1.91095e+14 1.34422e+17 1.3448e+17 8.7711e+17 8.7711e+17 8.7711e+17 3.9987e+20 3.83717e+20 0 0 4.64348e+42 0 0 0
2.20673e+14 1.09393e+17 1.09485e+17 5.78653e+17 5.78653e+17 5.78653e+17 2.78581e+20 2.6063e+20 0 0 4.64348e+42 0 0 0
2.5483e+14 8.62297e+16 8.63617e+16 3.78986e+17 3.78986e+17 3.78986e+17 1.92313e+20 1.75074e+20 0 0 4.64348e+42 0 0 0
2.94273e+14 6.59579e+16 6.61273e+16 2.4621e+17 2.4621e+17 2.4621e+17 1.31428e+20 1.16116e+20 0 0 4.64348e+42 0 0 0
3.39821e+14 4.74672e+16 4.76573e+16 1.53462e+17 1.53462e+17 1.53462e+17 8.59834e+19 7.28977e+19 0 0 4.64348e+42 0 0 0
3.92419e+14 3.49451e+16 3.51494e+16 9.95665e+16 9.95665e+16 9.95665e+16 5.84518e+19 4.7946e+19 0 0 4.64348e+42 0 0 0
4.53158e+14 2.50989e+16 2.53012e+16 6.40026e+16 6.40026e+16 6.40026e+16 3.92862e+19 3.11028e+19 0 0 4.64348e+42 0 0 0
5.23299e+14 1.75993e+16 1.77852e+16 4.07159e+16 4.07159e+16 4.07159e+16 2.60763e+19 1.98586e+19 0 0 4.64348e+42 0 0 0
6.04296e+14 1.15749e+16 1.17282e+16 2.45872e+16 2.45872e+16 2.45872e+16 1.63918e+19 1.18149e+19 0 0 4.64348e+42 0 0 0
6.97831e+14 7.89493e+15 8.02108e+15 1.55603e+16 1.55603e+16 1.55603e+16 1.0779e+19 7.44507e+18 0 0 4.64348e+42 0 0 0
8.05842e+14 5.27073e+15 5.36894e+15 9.72728e+15 9.72728e+15 9.72728e+15 6.9868e+18 4.61088e+18 0 0 4.64348e+42 0 0 0
9.30572e+14 3.44317e+15 3.51582e+15 5.99779e+15 5.99779e+15 5.99779e+15 4.45756e+18 2.79893e+18 0 0 4.64348e+42 0 0 0
1.07461e+15 2.08585e+15 2.13439e+15 3.4533e+15 3.4533e+15 3.4533e+15 2.64959e+18 1.54567e+18 0 0 4.64348e+42 0 0 0
1.24094e+15 1.33027e+15 1.36364e+15 2.10583e+15 2.10583e+15 2.10583e+15 1.66511e+18 9.19968e+17 0 0 4.64348e+42 0 0 0
1.43301e+15 8.30082e+14 8.52078e+14 1.26301e+15 1.26301e+15 1.26301e+15 1.02715e+18 5.35709e+17 0 0 4.64348e+42 0 0 0
1.65482e+15 5.06192e+14 5.20108e+14 7.43679e+14 7.43679e+14 7.43679e+14 6.20819e+17 3.04091e+17 0 0 4.64348e+42 0 0 0
1.91095e+15 2.79769e+14 2.87623e+14 3.98458e+14 3.98458e+14 3.98458e+14 3.40705e+17 1.51244e+17 0 0 4.64348e+42 0 0 0
2.20673e+15 1.66017e+14 1.70709e+14 2.30018e+14 2.30018e+14 2.30018e+14 2.01127e+17 8.34151e+16 0 0 4.64348e+42 0 0 0
2.5483e+15 9.59858e+13 9.86828e+13 1.2977e+14 1.2977e+14 1.2977e+14 1.15849e+17 4.47524e+16 0 0 4.64348e+42 0 0 0
2.94273e+15 5.4015e+13 5.55071e+13 7.14522e+13 7.14522e+13 7.14522e+13 6.49858e+16 2.32428e+16 0 0 4.64348e+42 0 0 0
3.39821e+15 2.64313e+13 2.7142e+13 3.42919e+13 3.42919e+13 3.42919e+13 3.17311e+16 9.95392e+15 0 0 4.64348e+42 0 0 0
3.92419e+15 1.43145e+13 1.46859e+13 1.82535e+13 1.82535e+13 1.82535e+13 1.71586e+16 4.95693e+15 0 0 4.64348e+42 0 0 0
4.53158e+15 7.49579e+12 7.68189e+12 9.41252e+12 9.41252e+12 9.41252e+12 8.97426e+15 2.38451e+15 0 0 4.64348e+42 0 0 0
5.23299e+15 3.79123e+12 3.88068e+12 4.69593e+12 4.69593e+12 4.69593e+12 4.53408e+15 1.10087e+15 0 0 4.64348e+42 0 0 0
6.04296e+15 1.55489e+12 1.58953e+12 1.90262e+12 1.90262e+12 1.90262e+12 1.85692e+15 3.78678e+14 0 0 4.64348e+42 0 0 0
6.97831e+15 7.4239e+11 7.57919e+11 8.98634e+11 8.98634e+11 8.98634e+11 8.85586e+14 1.6415e+14 0 0 4.64348e+42 0 0 0
8.05842e+15 3.38173e+11 3.44781e+11 4.05431e+11 4.05431e+11 4.05431e+11 4.02853e+14 6.81855e+13 0 0 4.64348e+42 0 0 0
9.30572e+15 1.47183e+11 1.49857e+11 1.74958e+11 1.74958e+11 1.74958e+11 1.75034e+14 2.69242e+13 0 0 4.64348e+42 0 0 0
1.07461e+16 4.60922e+10 4.68675e+10 5.43788e+10 5.43788e+10 5.43788e+10 5.4687e+13 6.62101e+12 0 0 4.64348e+42 0 0 0
1.24094e+16 1.83223e+10 1.86066e+10 2.14729e+10 2.14729e+10 2.14729e+10 2.16843e+13 2.35907e+12 0 0 4.64348e+42 0 0 0
1.43301e+16 6.77404e+09 6.87067e+09 7.89234e+09 7.89234e+09 7.89234e+09 7.99338e+12 7.98996e+11 0 0 4.64348e+42 0 0 0
1.65482e+16 2.34055e+09 2.37115e+09 2.71289e+09 2.71289e+09 2.71289e+09 2.75118e+12 2.56715e+11 0 0 4.64348e+42 0 0 0
1.91095e+16 4.84138e+08 4.89924e+08 5.58619e+08 5.58619e+08 5.58619e+08 5.67056e+11 3.67126e+10 0 0 4.64348e+42 0 0 0
2.20673e+16 1.45743e+08 1.47331e+08 1.67499e+08 1.67499e+08 1.67499e+08 1.69951e+11 9.7006e+09 0 0 4.64348e+42 0 0 0
2.5483e+16 3.88127e+07 3.91973e+07 4.44525e+07 4.44525e+07 4.44525e+07 4.50377e+10 2.394e+09 0 0 4.64348e+42 0 0 0
2.94273e+16 9.0158e+06 9.09689e+06 1.02949e+07 1.02949e+07 1.02949e+07 1.04055e+10 5.70995e+08 0 0 4.64348e+42 0 0 0
3.39821e+16 989570 997634 1.12703e+06 1.12703e+06 1.12703e+06 1.13535e+09 3.5984e+07 0 0 4.64348e+42 0 0 0
3.92419e+16 190353 191756 216312 216312 216312 2.16997e+08 5.85443e+06 0 0 4.64348e+42 0 0 0
4.53158e+16 29772.8 29970.8 33768.4 33768.4 33768.4 3.3705e+07 827024 0 0 4.64348e+42 0 0 0
5.23299e+16 3488.17 3509.09 3949.89 3949.89 3949.89 3.9194e+06 113621 0 0 4.64348e+42 0 0 0
6.04296e+16 131.475 132.184 148.674 148.674 148.674 146542 2169.57 0 0 4.64348e+42 0 0 0
6.97831e+16 10.7117 10.7637 12.0993 12.0993 12.0993 11836.5 125.557 0 0 4.64348e+42 0 0 0
8.05842e+16 0.392071 0.393779 0.442448 0.442448 0.442448 429.266 2.46419 0 0 4.64348e+42 0 0 0
9.30572e+16 0 0 0 0 0 0 0 0 0 4.64348e+42 0 0 0