
1.07461e-07 0 0 1.08347e+29 2.00332e+49 6.92726e+57 0 0 1.02831e+43 0 4.64348e+42 0 0 0
1.24094e-07 0 0 6.31452e+31 2.24274e+49 6.10045e+57 0 0 1.18747e+43 0 4.64348e+42 0 0 0
1.43301e-07 0 0 1.58628e+34 2.50285e+49 5.35497e+57 0 0 1.37127e+43 0 4.64348e+42 0 0 0
1.65482e-07 0 0 1.92151e+36 2.78365e+49 4.68423e+57 0 0 1.58352e+43 0 4.64348e+42 0 0 0
1.91095e-07 0 0 1.23678e+38 3.08479e+49 4.08232e+57 0 0 1.82862e+43 0 4.64348e+42 0 0 0
2.20673e-07 0 0 4.60097e+39 3.40554e+49 3.54386e+57 0 0 2.11165e+43 0 4.64348e+42 0 0 0
2.5483e-07 0 0 1.06402e+41 3.74493e+49 3.06398e+57 0 0 2.4385e+43 0 4.64348e+42 0 0 0
2.94273e-07 0 0 1.62938e+42 4.10187e+49 2.6382e+57 0 0 2.81594e+43 0 4.64348e+42 0 0 0
3.39821e-07 0 0 1.7453e+43 4.47545e+49 2.26241e+57 0 0 3.25179e+43 0 4.64348e+42 0 0 0
3.92419e-07 0 0 1.37147e+44 4.86544e+49 1.93274e+57 0 0 3.75511e+43 0 4.64348e+42 0 0 0
4.53158e-07 0 0 8.24128e+44 5.2728e+49 1.64554e+57 0 0 4.33633e+43 0 4.64348e+42 0 0 0
5.23299e-07 0 0 3.9269e+45 5.70053e+49 1.39729e+57 0 0 5.00752e+43 0 4.64348e+42 0 0 0
6.04296e-07 0 0 1.53166e+46 6.15444e+49 1.1845e+57 0 0 5.78259e+43 0 4.64348e+42 0 0 0
6.97831e-07 0 0 5.02895e+46 6.6441e+49 1.00377e+57 0 0 6.67764e+43 0 4.64348e+42 0 0 0
8.05842e-07 0 0 1.42461e+47 7.18347e+49 8.51625e+56 0 0 7.71121e+43 0 4.64348e+42 0 0 0
9.30572e-07 0 0 3.55813e+47 7.79132e+49 7.24635e+56 0 0 8.90477e+43 0 4.64348e+42 0 0 0
1.07461e-06 0 0 7.98477e+47 8.49093e+49 6.1937e+56 0 0 1.02831e+44 0 4.64348e+42 0 0 0
1.24094e-06 0 0 1.63632e+48 9.30922e+49 5.32483e+56 0 0 1.18747e+44 0 4.64348e+42 0 0 0
1.43301e-06 0 0 3.10439e+48 1.0275e+50 4.60793e+56 0 0 1.37127e+44 0 4.64348e+42 0 0 0
1.65482e-06 0 0 5.51386e+48 1.1417e+50 4.01379e+56 0 0 1.58352e+44 0 4.64348e+42 0 0 0
1.91095e-06 0 0 9.2518e+48 1.2762e+50 3.51673e+56 0 0 1.82862e+44 0 4.64348e+42 0 0 0
2.20673e-06 0 0 1.47715e+49 1.43337e+50 3.09533e+56 0 0 2.11165e+44 0 4.64348e+42 0 0 0
2.5483e-06 0 0 2.25744e+49 1.61535e+50 2.73271e+56 0 0 2.4385e+44 0 4.64348e+42 0 0 0
2.94273e-06 0 0 3.31884e+49 1.82424e+50 2.4163e+56 0 0 2.81594e+44 0 4.64348e+42 0 0 0
3.39821e-06 0 0 4.71521e+49 2.06252e+50 2.13724e+56 0 0 3.25179e+44 0 4.64348e+42 0 0 0
3.92419e-06 0 0 6.50104e+49 2.33333e+50 1.8895e+56 0 0 3.75511e+44 0 4.64348e+42 0 0 0
4.53158e-06 0 0 8.73269e+49 2.6409e+50 1.66894e+56 0 0 4.33633e+44 0 4.64348e+42 0 0 0
5.23299e-06 0 0 1.14707e+50 2.99073e+50 1.47256e+56 0 0 5.00752e+44 0 4.64348e+42 0 0 0
6.04296e-06 0 0 1.47831e+50 3.38975e+50 1.29796e+56 0 0 5.78259e+44 0 4.64348e+42 0 0 0
6.97831e-06 0 0 1.87486e+50 3.84649e+50 1.14305e+56 0 0 6.67763e+44 0 4.64348e+42 0 0 0
8.05842e-06 0 0 2.34608e+50 4.37126e+50 1.0059e+56 0 0 7.7112e+44 0 4.64348e+42 0 0 0
9.30572e-06 0 0 2.90311e+50 4.97625e+50 8.8471e+55 0 0 8.90476e+44 0 4.64348e+42 0 0 0
1.07461e-05 0 0 3.55925e+50 5.67581e+50 7.77781e+55 0 0 1.02831e+45 0 4.64348e+42 0 0 0
1.24094e-05 0 0 4.33032e+50 6.48671e+50 6.83531e+55 0 0 1.18747e+45 0 4.64348e+42 0 0 0
1.43301e-05 0 0 5.23506e+50 7.42851e+50 6.005e+55 0 0 1.37127e+45 0 4.64348e+42 0 0 0
1.65482e-05 0 0 6.29578e+50 8.52431e+50 5.27362e+55 0 0 1.58351e+45 0 4.64348e+42 0 0 0
1.91095e-05 0 0 7.53924e+50 9.80159e+50 4.62931e+55 0 0 1.82861e+45 0 4.64348e+42 0 0 0
2.20673e-05 0 0 8.99778e+50 1.12935e+51 4.06161e+55 0 0 2.11165e+45 0 4.64348e+42 0 0 0
2.5483e-05 0 0 1.07107e+51 1.30401e+51 3.56137e+55 0 0 2.43849e+45 0 4.64348e+42 0 0 0
2.94273e-05 0 0 1.27254e+51 1.50897e+51 3.1206e+55 0 0 2.81592e+45 0 4.64348e+42 0 0 0
3.39821e-05 0 0 1.5099e+51 1.75e+51 2.73234e+55 0 0 3.25178e+45 0 4.64348e+42 0 0 0
3.92419e-05 0 0 1.78996e+51 2.03396e+51 2.39044e+55 0 0 3.75509e+45 0 4.64348e+42 0 0 0
4.53158e-05 0 0 2.12078e+51 2.36896e+51 2.0895e+55 0 0 4.33631e+45 0 4.64348e+42 0 0 0
5.23299e-05 0 0 2.51202e+51 2.76466e+51 1.82474e+55 0 0 5.00749e+45 0 4.64348e+42 0 0 0
6.04296e-05 0 0 2.97518e+51 3.23261e+51 1.59193e+55 0 0 5.78255e+45 0 4.64348e+42 0 0 0
6.97831e-05 0 0 3.52404e+51 3.78661e+51 1.38733e+55 0 0 6.67757e+45 0 4.64348e+42 0 0 0
8.05842e-05 0 0 4.17505e+51 4.44312e+51 1.20764e+55 0 0 7.71113e+45 0 4.64348e+42 0 0 0
9.30572e-05 0 0 4.94781e+51 5.22176e+51 1.04995e+55 0 0 8.90466e+45 0 4.64348e+42 0 0 0
0.000107461 0 0 5.86562e+51 6.14584e+51 9.11673e+54 0 0 1.02829e+46 0 4.64348e+42 0 0 0
0.000124094 0 0 6.95625e+51 7.24312e+51 7.90527e+54 0 0 1.18745e+46 0 4.64348e+42 0 0 0
0.000143301 0 0 8.25274e+51 8.54666e+51 6.84493e+54 0 0 1.37124e+46 0 4.64348e+42 0 0 0
0.000165482 0 0 9.79445e+51 1.00958e+52 5.91784e+54 0 0 1.58348e+46 0 4.64348e+42 0 0 0
0.000191095 0 0 1.16282e+52 1.19374e+52 5.10816e+54 0 0 1.82857e+46 0 4.64348e+42 0 0 0
0.000220673 0 0 1.38098e+52 1.41272e+52 4.40191e+54 0 0 2.11159e+46 0 4.64348e+42 0 0 0
0.00025483 0 0 1.64055e+52 1.67315e+52 3.78667e+54 0 0 2.43842e+46 0 4.64348e+42 0 0 0
0.000294273 0 0 1.94945e+52 1.98296e+52 3.25147e+54 0 0 2.81583e+46 0 4.64348e+42 0 0 0
0.000339821 0 0 2.3171e+52 2.35155e+52 2.7866e+54 0 0 3.25164e+46 0 4.64348e+42 0 0 0
0.000392419 0 0 2.75475e+52 2.79018e+52 2.38346e+54 0 0 3.75491e+46 0 4.64348e+42 0 0 0
0.000453158 0 0 3.2758e+52 3.31225e+52 2.03445e+54 0 0 4.33607e+46 0 4.64348e+42 0 0 0
0.000523299 0 0 3.89628e+52 3.9338e+52 1.73284e+54 0 0 5.00717e+46 0 4.64348e+42 0 0 0
0.000604296 0 0 4.63536e+52 4.67398e+52 1.47269e+54 0 0 5.78213e+46 0 4.64348e+42 0 0 0
0.000697831 0 0 5.51595e+52 5.55574e+52 1.24875e+54 0 0 6.67701e+46 0 4.64348e+42 0 0 0
0.000805842 0 0 6.56555e+52 6.60653e+52 1.05637e+54 0 0 7.71039e+46 0 4.64348e+42 0 0 0
0.000930572 0 0 7.81701e+52 7.85925e+52 8.91476e+53 0 0 8.90367e+46 0 4.64348e+42 0 0 0
0.00107461 0 0 9.30717e+52 9.3507e+52 7.5046e+53 0 0 1.02816e+47 0 4.64348e+42 0 0 0
0.00124094 0 0 1.10538e+53 1.10986e+53 6.30152e+53 0 0 1.18727e+47 0 4.64348e+42 0 0 0
0.00143301 0 0 1.29737e+53 1.30192e+53 5.27763e+53 0 0 1.37101e+47 0 4.64348e+42 0 0 0
0.00165482 1.43194e-204 1.43194e-204 1.47953e+53 1.48402e+53 4.40849e+53 0 0 1.58317e+47 3.75176e-209 4.64348e+42 0 0 0
0.00191095 1.70098e-137 1.70098e-137 1.61265e+53 1.61689e+53 3.67264e+53 0 0 1.82815e+47 3.54072e-142 4.64348e+42 0 0 0
0.00220673 6.26966e-88 6.26966e-88 1.66667e+53 1.67046e+53 3.05133e+53 0 0 2.11103e+47 1.09353e-92 4.64348e+42 0 0 0
0.0025483 2.6098e-51 2.6098e-51 1.63516e+53 1.63838e+53 2.52819e+53 0 0 2.43767e+47 4.01773e-56 4.64348e+42 0 0 0
0.00294273 2.90214e-24 2.90214e-24 1.53305e+53 1.53567e+53 2.08897e+53 0 0 2.81483e+47 4.12662e-29 4.64348e+42 0 0 0
0.00339821 0.000269796 0.000269796 1.38516e+53 1.3872e+53 1.72126e+53 0 0 3.25032e+47 3.67681e-09 4.64348e+42 0 0 0
0.00392419 1.46872e+11 1.46872e+11 1.21585e+53 1.2174e+53 1.41433e+53 0 0 3.75315e+47 1.97466e+06 4.64348e+42 0 0 0
0.00453158 1.08356e+22 1.08356e+22 1.04388e+53 1.04503e+53 1.1589e+53 0 0 4.33372e+47 1.46939e+17 4.64348e+42 0 0 0
0.00523299 1.10526e+30 1.10526e+30 8.81301e+52 8.82146e+52 9.46951e+52 0 0 5.00403e+47 1.53735e+25 4.64348e+42 0 0 0
0.00604296 8.67783e+35 8.67783e+35 7.34609e+52 7.35219e+52 7.71623e+52 0 0 5.77794e+47 1.25397e+31 4.64348e+42 0 0 0
0.00697831 1.8657e+40 1.8657e+40 6.06363e+52 6.06799e+52 6.27022e+52 0 0 6.67143e+47 2.82841e+35 4.64348e+42 0 0 0
0.00805842 2.80626e+43 2.80626e+43 4.96688e+52 4.96997e+52 5.08124e+52 0 0 7.70293e+47 4.49756e+38 4.64348e+42 0 0 0
0.00930572 5.907e+45 5.907e+45 4.04365e+52 4.04583e+52 4.10652e+52 0 0 8.89373e+47 1.00699e+41 4.64348e+42 0 0 0
0.0107461 2.90471e+47 2.90471e+47 3.27547e+52 3.277e+52 3.30984e+52 0 0 1.02683e+48 5.29374e+42 4.64348e+42 0 0 0
0.0124094 4.87318e+48 4.87318e+48 2.64189e+52 2.64296e+52 2.6606e+52 0 0 1.18551e+48 9.53524e+43 4.64348e+42 0 0 0
0.0143301 3.69034e+49 3.69034e+49 2.12291e+52 2.12365e+52 2.13306e+52 0 0 1.36865e+48 7.7816e+44 4.64348e+42 0 0 0
0.0165482 1.55136e+50 1.55136e+50 1.70015e+52 1.70066e+52 1.70565e+52 0 0 1.58003e+48 3.53721e+45 4.64348e+42 0 0 0
0.0191095 4.21854e+50 4.21854e+50 1.35737e+52 1.35772e+52 1.36035e+52 0 0 1.82396e+48 1.04327e+46 4.64348e+42 0 0 0
0.0220673 8.30797e+50 8.30797e+50 1.08055e+52 1.08079e+52 1.08217e+52 0 0 2.10545e+48 2.23504e+46 4.64348e+42 0 0 0
0.025483 1.28822e+51 1.28822e+51 8.57792e+51 8.5796e+51 8.58676e+51 0 0 2.43023e+48 3.78043e+46 4.64348e+42 0 0 0
0.0294273 1.67285e+51 1.67285e+51 6.7913e+51 6.79246e+51 6.79616e+51 0 0 2.80491e+48 5.36955e+46 4.64348e+42 0 0 0
0.0339821 1.90421e+51 1.90421e+51 5.36271e+51 5.3635e+51 5.36541e+51 0 0 3.23709e+48 6.70293e+46 4.64348e+42 0 0 0
0.0392419 1.96522e+51 1.96522e+51 4.22372e+51 4.22426e+51 4.22524e+51 0 0 3.73551e+48 7.60587e+46 4.64348e+42 0 0 0
0.0453158 1.88524e+51 1.88524e+51 3.31817e+51 3.31854e+51 3.31903e+51 0 0 4.3102e+48 8.0427e+46 4.64348e+42 0 0 0
0.0523299 1.71232e+51 1.71232e+51 2.60018e+51 2.60043e+51 2.60068e+51 0 0 4.97268e+48 8.07263e+46 4.64348e+42 0 0 0
0.0604296 1.49271e+51 1.49271e+51 2.03242e+51 2.03259e+51 2.03271e+51 0 0 5.73615e+48 7.79643e+46 4.64348e+42 0 0 0
0.0697831 1.26156e+51 1.26156e+51 1.58465e+51 1.58476e+51 1.58483e+51 0 0 6.61573e+48 7.31828e+46 4.64348e+42 0 0 0
0.0805842 1.0414e+51 1.0414e+51 1.23244e+51 1.23252e+51 1.23255e+51 0 0 7.6287e+48 6.7264e+46 4.64348e+42 0 0 0
0.0930572 8.44273e+50 8.44273e+50 9.56127e+50 9.56179e+50 9.56194e+50 0 0 8.7948e+48 6.08696e+46 4.64348e+42 0 0 0
0.107461 6.7496e+50 6.7496e+50 7.3992e+50 7.39954e+50 7.39962e+50 0 0 1.01365e+49 5.44536e+46 4.64348e+42 0 0 0
0.124094 5.33716e+50 5.33716e+50 5.71189e+50 5.71212e+50 5.71216e+50 0 0 1.16794e+49 4.83018e+46 4.64348e+42 0 0 0
0.143301 4.18359e+50 4.18359e+50 4.39854e+50 4.39869e+50 4.39873e+50 0 0 1.34525e+49 4.25769e+46 4.64348e+42 0 0 0
0.165482 3.2563e+50 3.2563e+50 3.37899e+50 3.3791e+50 3.37911e+50 0 0 1.54885e+49 3.73568e+46 4.64348e+42 0 0 0
0.191095 2.51986e+50 2.51986e+50 2.5896e+50 2.58967e+50 2.58967e+50 0 0 1.78244e+49 3.26646e+46 4.64348e+42 0 0 0
0.220673 1.94052e+50 1.94052e+50 1.98001e+50 1.98005e+50 1.98006e+50 0 0 2.05016e+49 2.84895e+46 4.64348e+42 0 0 0
0.25483 1.48821e+50 1.48821e+50 1.5105e+50 1.51053e+50 1.51053e+50 0 0 2.35663e+49 2.48016e+46 4.64348e+42 0 0 0
0.294273 1.13728e+50 1.13728e+50 1.14981e+50 1.14983e+50 1.14984e+50 0 0 2.70695e+49 2.15612e+46 4.64348e+42 0 0 0
0.339821 8.66414e+49 8.66414e+49 8.73444e+49 8.73456e+49 8.73457e+49 0 0 3.10675e+49 1.87251e+46 4.64348e+42 0 0 0
0.392419 6.58271e+49 6.58271e+49 6.62203e+49 6.62211e+49 6.62211e+49 0 0 3.56216e+49 1.62497e+46 4.64348e+42 0 0 0
0.453158 4.9894e+49 4.9894e+49 5.01134e+49 5.0114e+49 5.0114e+49 0 0 4.07973e+49 1.40938e+46 4.64348e+42 0 0 0
0.523299 3.77385e+49 3.77385e+49 3.78606e+49 3.78609e+49 3.78609e+49 0 0 4.66642e+49 1.22188e+46 4.64348e+42 0 0 0
0.604296 2.84924e+49 2.84924e+49 2.85602e+49 2.85604e+49 2.85604e+49 0 0 5.32941e+49 1.05901e+46 4.64348e+42 0 0 0
0.697831 2.14778e+49 2.14778e+49 2.15153e+49 2.15155e+49 2.15155e+49 0 0 6.07588e+49 9.17643e+45 4.64348e+42 0 0 0
0.805842 1.61685e+49 1.61685e+49 1.61893e+49 1.61894e+49 1.61894e+49 0 0 6.91272e+49 7.95014e+45 4.64348e+42 0 0 0
0.930572 1.21581e+49 1.21581e+49 1.21696e+49 1.21697e+49 1.21697e+49 0 0 7.84606e+49 6.88688e+45 4.64348e+42 0 0 0
1.07461 9.13437e+48 9.13437e+48 9.14069e+48 9.14073e+48 9.14073e+48 0 0 8.88065e+49 5.96529e+45 4.64348e+42 0 0 0
1.24094 6.85794e+48 6.85794e+48 6.86142e+48 6.86144e+48 6.86144e+48 0 0 1.0019e+50 5.16668e+45 4.64348e+42 0 0 0
1.43301 5.14637e+48 5.14637e+48 5.14828e+48 5.1483e+48 5.1483e+48 0 0 1.12603e+50 4.47476e+45 4.64348e+42 0 0 0
1.65482 3.86086e+48 3.86086e+48 3.86191e+48 3.86192e+48 3.86192e+48 0 0 1.25989e+50 3.87537e+45 4.64348e+42 0 0 0
1.91095 2.89618e+48 2.89618e+48 2.89676e+48 2.89676e+48 2.89676e+48 0 0 1.40229e+50 3.35617e+45 4.64348e+42 0 0 0
2.20673 2.17272e+48 2.17272e+48 2.17303e+48 2.17304e+48 2.17304e+48 0 0 1.55118e+50 2.90648e+45 4.64348e+42 0 0 0
2.5483 1.6304e+48 1.6304e+48 1.63057e+48 1.63057e+48 1.63057e+48 0 0 1.70341e+50 2.517e+45 4.64348e+42 0 0 0
2.94273 1.22396e+48 1.22396e+48 1.22406e+48 1.22406e+48 1.22406e+48 0 0 1.85452e+50 2.17969e+45 4.64348e+42 0 0 0
3.39821 9.19386e+47 9.19386e+47 9.19439e+47 9.1944e+47 9.1944e+47 0 0 1.99849e+50 1.88757e+45 4.64348e+42 0 0 0
3.92419 6.91111e+47 6.91111e+47 6.9114e+47 6.91141e+47 6.91141e+47 0 0 2.12758e+50 1.63459e+45 4.64348e+42 0 0 0
4.53158 5.19972e+47 5.19972e+47 5.19989e+47 5.19989e+47 5.19989e+47 0 0 2.23237e+50 1.41551e+45 4.64348e+42 0 0 0
5.23299 3.91609e+47 3.91609e+47 3.91619e+47 3.91619e+47 3.91619e+47 0 0 2.30201e+50 1.22578e+45 4.64348e+42 0 0 0
6.04296 2.9527e+47 2.9527e+47 2.95276e+47 2.95276e+47 2.95276e+47 0 0 2.32493e+50 1.06149e+45 4.64348e+42 0 0 0
6.97831 2.2291e+47 2.2291e+47 2.22913e+47 2.22913e+47 2.22913e+47 0 0 2.2901e+50 9.19211e+44 4.64348e+42 0 0 0
8.05842 1.68509e+47 1.68509e+47 1.68511e+47 1.68511e+47 1.68511e+47 0 0 2.189e+50 7.96002e+44 4.64348e+42 0 0 0
9.30572 1.27567e+47 1.27567e+47 1.27569e+47 1.27569e+47 1.27569e+47 0 0 2.01803e+50 6.89307e+44 4.64348e+42 0 0 0
10.7461 9.67187e+46 9.67187e+46 9.672e+46 9.67201e+46 9.67201e+46 0 0 1.78128e+50 5.96912e+44 4.64348e+42 0 0 0
12.4094 7.34447e+46 7.34447e+46 7.34457e+46 7.34457e+46 7.34457e+46 0 0 1.49244e+50 5.16901e+44 4.64348e+42 0 0 0
14.3301 5.5861e+46 5.5861e+46 5.58618e+46 5.58618e+46 5.58618e+46 0 0 1.1749e+50 4.47614e+44 4.64348e+42 0 0 0
16.5482 4.25567e+46 4.25567e+46 4.25574e+46 4.25574e+46 4.25574e+46 0 0 8.58873e+49 3.87614e+44 4.64348e+42 0 0 0
19.1095 3.24747e+46 3.24747e+46 3.24753e+46 3.24754e+46 3.24754e+46 0 0 5.75188e+49 3.35656e+44 4.64348e+42 0 0 0
22.0673 2.48224e+46 2.48224e+46 2.48229e+46 2.48229e+46 2.48229e+46 0 0 3.47516e+49 2.90662e+44 4.64348e+42 0 0 0
25.483 1.90046e+46 1.90046e+46 1.9005e+46 1.90051e+46 1.90051e+46 0 0 1.86157e+49 2.51699e+44 4.64348e+42 0 0 0
29.4273 1.4574e+46 1.4574e+46 1.45745e+46 1.45745e+46 1.45745e+46 0 0 8.66957e+48 2.17958e+44 4.64348e+42 0 0 0
33.9821 1.11942e+46 1.11942e+46 1.11946e+46 1.11946e+46 1.11946e+46 0 0 3.43277e+48 1.8874e+44 4.64348e+42 0 0 0
39.2419 8.61149e+45 8.61149e+45 8.6118e+45 8.6118e+45 8.6118e+45 0 0 1.12659e+48 1.63438e+44 4.64348e+42 0 0 0
45.3158 6.63448e+45 6.63448e+45 6.63476e+45 6.63476e+45 6.63476e+45 0 0 2.97633e+47 1.41527e+44 4.64348e+42 0 0 0
52.3299 5.11854e+45 5.11854e+45 5.11879e+45 5.11879e+45 5.11879e+45 0 0 6.12039e+46 1.22554e+44 4.64348e+42 0 0 0
60.4296 3.95419e+45 3.95419e+45 3.95442e+45 3.95442e+45 3.95442e+45 0 0 9.42349e+45 1.06123e+44 4.64348e+42 0 0 0
69.7831 3.05841e+45 3.05841e+45 3.05861e+45 3.05861e+45 3.05861e+45 0 0 1.03879e+45 9.18947e+43 4.64348e+42 0 0 0
80.5842 2.36816e+45 2.36816e+45 2.36834e+45 2.36834e+45 2.36834e+45 0 0 7.78502e+43 7.95735e+43 4.64348e+42 0 0 0
93.0572 1.83545e+45 1.83545e+45 1.83561e+45 1.83561e+45 1.83561e+45 0 0 3.73658e+42 6.89037e+43 4.64348e+42 0 0 0
107.461 1.42374e+45 1.42374e+45 1.42388e+45 1.42388e+45 1.42388e+45 0 0 1.07206e+41 5.96641e+43 4.64348e+42 0 0 0
124.094 1.1051e+45 1.1051e+45 1.10523e+45 1.10523e+45 1.10523e+45 0 0 1.69785e+39 5.16629e+43 4.64348e+42 0 0 0
143.301 8.5818e+44 8.5818e+44 8.58295e+44 8.58295e+44 8.58295e+44 0 0 1.35387e+37 4.47342e+43 4.64348e+42 0 0 0
165.482 6.66625e+44 6.66625e+44 6.66728e+44 6.66728e+44 6.66728e+44 0 0 4.88793e+34 3.87342e+43 4.64348e+42 0 0 0
191.095 5.17873e+44 5.17873e+44 5.17965e+44 5.17965e+44 5.17965e+44 0 0 7.06767e+31 3.35383e+43 4.64348e+42 0 0 0
220.673 4.02265e+44 4.02265e+44 4.02348e+44 4.02348e+44 4.02348e+44 0 0 3.55241e+28 2.90389e+43 4.64348e+42 0 0 0
254.83 3.1236e+44 3.1236e+44 3.12434e+44 3.12434e+44 3.12434e+44 0 0 5.27029e+24 2.51426e+43 4.64348e+42 0 0 0
294.273 2.42414e+44 2.42414e+44 2.4248e+44 2.4248e+44 2.4248e+44 0 0 1.91067e+20 2.17686e+43 4.64348e+42 0 0 0
339.821 1.87985e+44 1.87985e+44 1.88044e+44 1.88044e+44 1.88044e+44 0 0 1.361e+15 1.88467e+43 4.64348e+42 0 0 0
392.419 1.45633e+44 1.45633e+44 1.45686e+44 1.45686e+44 1.45686e+44 0 0 1.4807e+09 1.63166e+43 4.64348e+42 0 0 0
453.158 1.12688e+44 1.12688e+44 1.12736e+44 1.12736e+44 1.12736e+44 0 0 183.952 1.41255e+43 4.64348e+42 0 0 0
523.299 8.70761e+43 8.70761e+43 8.71187e+43 8.71187e+43 8.71187e+43 0 0 1.86511e-06 1.22281e+43 4.64348e+42 0 0 0
604.296 6.7182e+43 6.7182e+43 6.722e+43 6.722e+43 6.722e+43 0 0 1.04721e-15 1.05851e+43 4.64348e+42 0 0 0
697.831 5.17466e+43 5.17466e+43 5.17804e+43 5.17804e+43 5.17804e+43 0 0 2.08053e-26 9.16224e+42 4.64348e+42 0 0 0
805.842 3.97875e+43 3.97875e+43 3.98175e+43 3.98175e+43 3.98175e+43 0 0 8.7199e-39 7.93013e+42 4.64348e+42 0 0 0
930.572 3.05369e+43 3.05369e+43 3.05635e+43 3.05636e+43 3.05636e+43 0 0 4.2429e-53 6.86316e+42 4.64348e+42 0 0 0
1074.61 2.33947e+43 2.33947e+43 2.34182e+43 2.34182e+43 2.34182e+43 0 0 1.20253e-69 5.93921e+42 4.64348e+42 0 0 0
1240.94 1.78913e+43 1.78913e+43 1.79121e+43 1.79121e+43 1.79121e+43 0 0 8.95192e-89 5.13911e+42 4.64348e+42 0 0 0
1433.01 1.36597e+43 1.36597e+43 1.3678e+43 1.3678e+43 1.3678e+43 0 0 6.97735e-111 4.44625e+42 4.64348e+42 0 0 0
1654.82 1.0413e+43 1.0413e+43 1.04291e+43 1.04291e+43 1.04291e+43 0 0 1.96862e-136 3.84626e+42 4.64348e+42 0 0 0
1910.95 7.92721e+42 7.92721e+42 7.94139e+42 7.94139e+42 7.94139e+42 0 0 5.89766e-166 3.3267e+42 4.64348e+42 0 0 0
2206.73 6.02782e+42 6.02782e+42 6.04028e+42 6.04028e+42 6.04028e+42 0 0 4.55141e-200 2.87678e+42 4.64348e+42 0 0 0
2548.3 4.57918e+42 4.57918e+42 4.59011e+42 4.59011e+42 4.59011e+42 0 0 1.76303e-239 2.48717e+42 4.64348e+42 0 0 0
2942.73 3.47608e+42 3.47608e+42 3.48566e+42 3.48566e+42 3.48566e+42 0 0 0 2.14979e+42 4.64348e+42 0 0 0
3398.21 2.63724e+42 2.63724e+42 2.64563e+42 2.64564e+42 2.64564e+42 0 0 0 1.85765e+42 4.64348e+42 0 0 0
3924.19 2.00003e+42 2.00003e+42 2.00739e+42 2.00739e+42 2.00739e+42 0 0 0 1.60466e+42 4.64348e+42 0 0 0
4531.58 1.51638e+42 1.51638e+42 1.52283e+42 1.52283e+42 1.52283e+42 0 0 0 1.3856e+42 4.64348e+42 0 0 0
5232.99 1.14996e+42 1.14996e+42 1.15537e+42 1.15537e+42 1.15537e+42 0 0 0 1.1964e+42 4.64348e+42 0 0 0
6042.96 8.71749e+41 8.71749e+41 8.76457e+41 8.76457e+41 8.76457e+41 0 0 0 1.03222e+42 4.64348e+42 0 0 0
6978.31 6.60821e+41 6.60821e+41 6.64913e+41 6.64913e+41 6.64913e+41 0 0 0 8.90088e+41 4.64348e+42 0 0 0
8058.42 5.00918e+41 5.00918e+41 5.04471e+41 5.04471e+41 5.04471e+41 0 0 0 7.67043e+41 4.64348e+42 0 0 0
9305.72 3.79697e+41 3.79697e+41 3.82779e+41 3.82779e+41 3.82779e+41 0 0 0 6.60536e+41 4.64348e+42 0 0 0
10746.1 2.87798e+41 2.87798e+41 2.90466e+41 2.90466e+41 2.90466e+41 0 0 0 5.68355e+41 4.64348e+42 0 0 0
12409.4 2.18123e+41 2.18123e+41 2.2043e+41 2.2043e+41 2.2043e+41 0 0 0 4.88587e+41 4.64348e+42 0 0 0
14330.1 1.65295e+41 1.65295e+41 1.67286e+41 1.67286e+41 1.67286e+41 0 0 0 4.19573e+41 4.64348e+42 0 0 0
16548.2 1.25241e+41 1.25241e+41 1.26955e+41 1.26955e+41 1.26955e+41 0 0 0 3.59881e+41 4.64348e+42 0 0 0
19109.5 9.4872e+40 9.4872e+40 9.63445e+40 9.63445e+40 9.63445e+40 0 0 0 3.08267e+41 4.64348e+42 0 0 0
22067.3 7.18476e+40 7.18476e+40 7.31088e+40 7.31088e+40 7.31088e+40 0 0 0 2.63656e+41 4.64348e+42 0 0 0
25483 5.43938e+40 5.43938e+40 5.54706e+40 5.54706e+40 5.54706e+40 0 0 0 2.25118e+41 4.64348e+42 0 0 0
29427.3 4.11653e+40 4.11653e+40 4.20815e+40 4.20815e+40 4.20815e+40 0 0 0 1.91846e+41 4.64348e+42 0 0 0
33982.1 3.11418e+40 3.11418e+40 3.19181e+40 3.19181e+40 3.19181e+40 0 0 0 1.63142e+41 4.64348e+42 0 0 0
39241.9 2.35491e+40 2.35491e+40 2.42041e+40 2.42041e+40 2.42041e+40 0 0 0 1.38401e+41 4.64348e+42 0 0 0
45315.8 1.78e+40 1.78e+40 1.83499e+40 1.83499e+40 1.83499e+40 0 0 0 1.17097e+41 4.64348e+42 0 0 0
52329.9 1.34486e+40 1.34486e+40 1.3908e+40 1.3908e+40 1.3908e+40 0 0 0 9.8776e+40 4.64348e+42 0 0 0
60429.6 1.01567e+40 1.01567e+40 1.05383e+40 1.05383e+40 1.05383e+40 0 0 0 8.30426e+40 4.64348e+42 0 0 0
69783.1 7.66764e+39 7.66764e+39 7.98278e+39 7.98278e+39 7.98278e+39 0 0 0 6.95533e+40 4.64348e+42 0 0 0
80584.2 5.78654e+39 5.78654e+39 6.04517e+39 6.04517e+39 6.04517e+39 0 0 0 5.80097e+40 4.64348e+42 0 0 0
93057.2 4.36564e+39 4.36564e+39 4.57651e+39 4.57651e+39 4.57651e+39 0 0 0 4.81521e+40 4.64348e+42 0 0 0
107461 3.29285e+39 3.29285e+39 3.46362e+39 3.46362e+39 3.46362e+39 0 0 0 3.97548e+40 4.64348e+42 0 0 0
124094 2.48322e+39 2.48322e+39 2.62058e+39 2.62058e+39 2.62058e+39 0 0 0 3.26213e+40 4.64348e+42 0 0 0
143301 1.8724e+39 1.8724e+39 1.98213e+39 1.98213e+39 1.98213e+39 0 0 0 2.6581e+40 4.64348e+42 0 0 0
165482 1.4117e+39 1.4117e+39 1.49875e+39 1.49875e+39 1.49875e+39 0 0 0 2.14857e+40 4.64348e+42 0 0 0
191095 1.06428e+39 1.06428e+39 1.13287e+39 1.13287e+39 1.13287e+39 0 0 0 1.7207e+40 4.64348e+42 0 0 0
220673 8.02321e+38 8.02321e+38 8.55992e+38 8.55992e+38 8.55992e+38 0 0 0 1.36336e+40 4.64348e+42 0 0 0
254830 6.04801e+38 6.04801e+38 6.46527e+38 6.46527e+38 6.46527e+38 0 0 0 1.06692e+40 4.64348e+42 0 0 0
294273 4.55869e+38 4.55869e+38 4.88103e+38 4.88103e+38 4.88103e+38 0 0 0 8.23012e+39 4.64348e+42 0 0 0
339821 3.43573e+38 3.43573e+38 3.68318e+38 3.68318e+38 3.68318e+38 0 0 0 6.24355e+39 4.64348e+42 0 0 0
392419 2.58899e+38 2.58899e+38 2.77781e+38 2.77781e+38 2.77781e+38 0 0 0 4.64561e+39 4.64348e+42 0 0 0
453158 1.95054e+38 1.95054e+38 2.09377e+38 2.09377e+38 2.09377e+38 0 0 0 3.37978e+39 4.64348e+42 0 0 0
523299 1.46919e+38 1.46919e+38 1.57719e+38 1.57719e+38 1.57719e+38 8.92671e+29 2.21386e+34 0 2.39554e+39 4.64348e+42 0 0 0
604296 1.10632e+38 1.10632e+38 1.1873e+38 1.1873e+38 1.1873e+38 1.375e+30 2.22342e+34 0 1.64734e+39 4.64348e+42 0 0 0
697831 8.32823e+37 8.32823e+37 8.93187e+37 8.93187e+37 8.93187e+37 1.85732e+30 2.23298e+34 0 1.0938e+39 4.64348e+42 0 0 0
805842 6.26731e+37 6.26731e+37 6.71473e+37 6.71473e+37 6.71473e+37 2.33965e+30 2.24254e+34 0 6.97344e+38 4.64348e+42 0 0 0
930572 4.71475e+37 4.71475e+37 5.04449e+37 5.04449e+37 5.04449e+37 2.82197e+30 2.25209e+34 0 4.24155e+38 4.64348e+42 0 0 0
1.07461e+06 3.54553e+37 3.54553e+37 3.78716e+37 3.78716e+37 3.78716e+37 3.57337e+30 2.26309e+34 0 2.44312e+38 4.64348e+42 0 0 0
1.24094e+06 2.66527e+37 2.66527e+37 2.84135e+37 2.84135e+37 2.84135e+37 4.79409e+30 2.26609e+34 0 1.32124e+38 4.64348e+42 0 0 0
1.43301e+06 2.00277e+37 2.00277e+37 2.13039e+37 2.13039e+37 2.13039e+37 6.40146e+30 2.26993e+34 0 6.64245e+37 4.64348e+42 0 0 0
1.65482e+06 1.50432e+37 1.50432e+37 1.59634e+37 1.59634e+37 1.59634e+37 8.52567e+30 2.27488e+34 0 3.06912e+37 4.64348e+42 0 0 0
1.91095e+06 1.12944e+37 1.12944e+37 1.19548e+37 1.19548e+37 1.19548e+37 1.15609e+31 2.28176e+34 0 1.28617e+37 4.64348e+42 0 0 0
2.20673e+06 8.47608e+36 8.47608e+36 8.9478e+36 8.9478e+36 8.9478e+36 1.5454e+31 2.29068e+34 0 4.81467e+36 4.64348e+42 0 0 0
2.5483e+06 6.35816e+36 6.35816e+36 6.69374e+36 6.69374e+36 6.69374e+36 2.05672e+31 2.30239e+34 0 1.58189e+36 4.64348e+42 0 0 0
2.94273e+06 4.7673e+36 4.7673e+36 5.00513e+36 5.00513e+36 5.00513e+36 2.73505e+31 2.31776e+34 0 4.47006e+35 4.64348e+42 0 0 0
3.39821e+06 3.57289e+36 3.57289e+36 3.74087e+36 3.74087e+36 3.74087e+36 3.71241e+31 2.3392e+34 0 1.06123e+35 4.64348e+42 0 0 0
3.92419e+06 2.67657e+36 2.67657e+36 2.79485e+36 2.79485e+36 2.79485e+36 4.98787e+31 2.36704e+34 0 2.06026e+34 4.64348e+42 0 0 0
4.53158e+06 2.00427e+36 2.00427e+36 2.08734e+36 2.08734e+36 2.08734e+36 6.7071e+31 2.40293e+34 0 3.17037e+33 4.64348e+42 0 0 0
5.23299e+06 1.50025e+36 1.50025e+36 1.55847e+36 1.55847e+36 1.55847e+36 9.00049e+31 2.44831e+34 0 3.73021e+32 4.64348e+42 0 0 0
6.04296e+06 1.12258e+36 1.12258e+36 1.16332e+36 1.16332e+36 1.16332e+36 1.22432e+32 2.50848e+34 0 3.21917e+31 4.64348e+42 0 0 0
6.97831e+06 8.39725e+35 8.39725e+35 8.68203e+35 8.68203e+35 8.68203e+35 1.64354e+32 2.57943e+34 0 1.94224e+30 4.64348e+42 0 0 0
8.05842e+06 6.27992e+35 6.27992e+35 6.47888e+35 6.47888e+35 6.47888e+35 2.1901e+32 2.66325e+34 0 7.75094e+28 4.64348e+42 0 0 0
9.30572e+06 4.69579e+35 4.69579e+35 4.8348e+35 4.8348e+35 4.8348e+35 2.9079e+32 2.75821e+34 0 1.91921e+27 4.64348e+42 0 0 0
1.07461e+07 3.51123e+35 3.51123e+35 3.60843e+35 3.60843e+35 3.60843e+35 3.87148e+32 2.87198e+34 0 2.73864e+25 4.64348e+42 0 0 0
1.24094e+07 2.6259e+35 2.6259e+35 2.69397e+35 2.69397e+35 2.69397e+35 5.04681e+32 2.98377e+34 0 2.06805e+23 4.64348e+42 0 0 0
1.43301e+07 1.96461e+35 1.96461e+35 2.01239e+35 2.01239e+35 2.01239e+35 6.46005e+32 3.09297e+34 0 7.48929e+20 4.64348e+42 0 0 0
1.65482e+07 1.47099e+35 1.47099e+35 1.50463e+35 1.50463e+35 1.50463e+35 8.12029e+32 3.19436e+34 0 1.1609e+18 4.64348e+42 0 0 0
1.91095e+07 1.10288e+35 1.10288e+35 1.12666e+35 1.12666e+35 1.12666e+35 1.0098e+33 3.28176e+34 0 6.75468e+14 4.64348e+42 0 0 0
2.20673e+07 8.28476e+34 8.28476e+34 8.45377e+34 8.45377e+34 8.45377e+34 1.22013e+33 3.35716e+34 0 1.26773e+11 4.64348e+42 0 0 0
2.5483e+07 6.24169e+34 6.24169e+34 6.36261e+34 6.36261e+34 6.36261e+34 1.44679e+33 3.41006e+34 0 6.44203e+06 4.64348e+42 0 0 0
2.94273e+07 4.72102e+34 4.72102e+34 4.80824e+34 4.80824e+34 4.80824e+34 1.67214e+33 3.41072e+34 0 72.4088 4.64348e+42 0 0 0
3.39821e+07 3.5901e+34 3.5901e+34 3.65362e+34 3.65362e+34 3.65362e+34 1.89118e+33 3.3498e+34 0 0.00014254 4.64348e+42 0 0 0
3.92419e+07 2.74764e+34 2.74764e+34 2.79442e+34 2.79442e+34 2.79442e+34 2.07784e+33 3.22565e+34 0 3.7529e-11 4.64348e+42 0 0 0
4.53158e+07 2.12063e+34 2.12063e+34 2.15553e+34 2.15553e+34 2.15553e+34 2.23979e+33 3.06012e+34 0 9.67985e-19 4.64348e+42 0 0 0
5.23299e+07 1.65301e+34 1.65301e+34 1.67944e+34 1.67944e+34 1.67944e+34 2.36734e+33 2.86925e+34 0 1.70725e-27 4.64348e+42 0 0 0
6.04296e+07 1.30166e+34 1.30166e+34 1.32197e+34 1.32197e+34 1.32197e+34 2.44055e+33 2.63425e+34 0 1.35937e-37 4.64348e+42 0 0 0
6.97831e+07 1.03522e+34 1.03522e+34 1.05106e+34 1.05106e+34 1.05106e+34 2.45377e+33 2.36036e+34 0 3.0253e-49 4.64348e+42 0 0 0
8.05842e+07 8.31169e+33 8.31169e+33 8.43699e+33 8.43699e+33 8.43699e+33 2.41224e+33 2.05214e+34 0 1.08177e-62 4.64348e+42 0 0 0
9.30572e+07 6.72447e+33 6.72447e+33 6.82477e+33 6.82477e+33 6.82477e+33 2.31744e+33 1.72037e+34 0 3.27912e-78 4.64348e+42 0 0 0
1.07461e+08 5.46235e+33 5.46235e+33 5.54328e+33 5.54328e+33 5.54328e+33 2.16956e+33 1.38385e+34 0 4.02706e-96 4.64348e+42 299.957 0 0
1.24094e+08 4.45765e+33 4.45765e+33 4.5235e+33 4.5235e+33 4.5235e+33 1.99744e+33 1.09537e+34 0 8.54156e-117 4.64348e+42 263.518 0 0
1.43301e+08 3.63814e+33 3.63814e+33 3.69191e+33 3.69191e+33 3.69191e+33 1.80002e+33 8.5167e+33 0 1.16897e-140 4.64348e+42 231.505 0 0
1.65482e+08 2.95728e+33 2.95728e+33 3.00115e+33 3.00115e+33 3.00115e+33 1.5839e+33 6.51654e+33 0 3.31132e-168 4.64348e+42 203.381 0 0
1.91095e+08 2.37302e+33 2.37302e+33 2.40844e+33 2.40844e+33 2.40844e+33 1.34636e+33 4.8585e+33 0 5.22289e-200 4.64348e+42 178.673 0 0
2.20673e+08 1.89537e+33 1.89537e+33 1.92391e+33 1.92391e+33 1.92391e+33 1.12798e+33 3.64129e+33 0 1.00706e-236 4.64348e+42 156.967 0 0
2.5483e+08 1.49955e+33 1.49955e+33 1.52238e+33 1.52238e+33 1.52238e+33 9.2585e+32 2.69831e+33 0 4.12129e-279 4.64348e+42 137.898 0 0
2.94273e+08 1.1734e+33 1.1734e+33 1.19149e+33 1.19149e+33 1.19149e+33 7.44379e+32 1.97746e+33 0 0 4.64348e+42 121.146 0 0
3.39821e+08 9.01304e+32 9.01304e+32 9.154e+32 9.154e+32 9.154e+32 5.80165e+32 1.42348e+33 0 0 4.64348e+42 111.124 0 0
3.92419e+08 6.90808e+32 6.90808e+32 7.01782e+32 7.01782e+32 7.01782e+32 4.5059e+32 1.04143e+33 0 0 4.64348e+42 106.429 0 0
4.53158e+08 5.24295e+32 5.24295e+32 5.32763e+32 5.32763e+32 5.32763e+32 3.44649e+32 7.58422e+32 0 0 4.64348e+42 101.932 0 0
5.23299e+08 3.9339e+32 3.9339e+32 3.99857e+32 3.99857e+32 3.99857e+32 2.59091e+32 5.50025e+32 0 0 4.64348e+42 97.6247 0 0
6.04296e+08 2.92484e+32 2.92484e+32 2.97382e+32 2.97382e+32 2.97382e+32 1.92184e+32 3.94683e+32 0 0 4.64348e+42 93.4996 0 0
6.97831e+08 2.19064e+32 2.19064e+32 2.22802e+32 2.22802e+32 2.22802e+32 1.44406e+32 2.8906e+32 0 0 4.64348e+42 89.5488 0 0
8.05842e+08 1.63283e+32 1.63283e+32 1.66123e+32 1.66123e+32 1.66123e+32 1.07856e+32 2.11351e+32 0 0 4.64348e+42 85.7649 0 0
9.30572e+08 1.21001e+32 1.21001e+32 1.23147e+32 1.23147e+32 1.23147e+32 7.99762e+31 1.54163e+32 0 0 4.64348e+42 82.1409 0 0
1.07461e+09 8.87838e+31 8.87838e+31 9.03907e+31 9.03907e+31 9.03907e+31 5.85122e+31 1.10859e+32 0 0 4.64348e+42 82.437 0 0
1.24094e+09 6.59712e+31 6.59712e+31 6.71894e+31 6.71894e+31 6.71894e+31 4.37842e+31 8.15653e+31 0 0 4.64348e+42 86.6956 0 0
1.43301e+09 4.89823e+31 4.89823e+31 4.99052e+31 4.99052e+31 4.99052e+31 3.28124e+31 5.98519e+31 0 0 4.64348e+42 91.1742 0 0
1.65482e+09 3.62284e+31 3.62284e+31 3.69248e+31 3.69248e+31 3.69248e+31 2.45101e+31 4.37865e+31 0 0 4.64348e+42 95.8842 0 0
1.91095e+09 2.65333e+31 2.65333e+31 2.70537e+31 2.70537e+31 2.70537e+31 1.80813e+31 3.15087e+31 0 0 4.64348e+42 100.837 0 0
2.20673e+09 1.96669e+31 1.96669e+31 2.00604e+31 2.00604e+31 2.00604e+31 1.36236e+31 2.32337e+31 0 0 4.64348e+42 106.047 0 0
2.5483e+09 1.45297e+31 1.45297e+31 1.48263e+31 1.48263e+31 1.48263e+31 1.02344e+31 1.70843e+31 0 0 4.64348e+42 111.525 0 0
2.94273e+09 1.06882e+31 1.06882e+31 1.09107e+31 1.09107e+31 1.09107e+31 7.65186e+30 1.25225e+31 0 0 4.64348e+42 117.286 0 0
3.39821e+09 7.75926e+30 7.75926e+30 7.92401e+30 7.92401e+30 7.92401e+30 5.61883e+30 9.02837e+30 0 0 4.64348e+42 123.345 0 0
3.92419e+09 5.71401e+30 5.71401e+30 5.83782e+30 5.83782e+30 5.83782e+30 4.22084e+30 6.66212e+30 0 0 4.64348e+42 129.717 0 0
4.53158e+09 4.19053e+30 4.19053e+30 4.2839e+30 4.2839e+30 4.2839e+30 3.16028e+30 4.89852e+30 0 0 4.64348e+42 136.418 0 0
5.23299e+09 3.03982e+30 3.03982e+30 3.11301e+30 3.11301e+30 3.11301e+30 2.35797e+30 3.58715e+30 0 0 4.64348e+42 143.465 0 0
6.04296e+09 2.09088e+30 2.09088e+30 2.1575e+30 2.1575e+30 2.1575e+30 1.72425e+30 2.58593e+30 0 0 4.64348e+42 150.877 0 0
6.97831e+09 1.2803e+30 1.2803e+30 1.36165e+30 1.36165e+30 1.36165e+30 1.2928e+30 1.90615e+30 0 0 4.64348e+42 158.671 0 0
8.05842e+09 5.77185e+29 5.77185e+29 6.78957e+29 6.78957e+29 6.78957e+29 9.66116e+29 1.40123e+30 0 0 4.64348e+42 166.868 0 0
9.30572e+09 1.6871e+29 1.6871e+29 2.62704e+29 2.62704e+29 2.62704e+29 7.17425e+29 1.02719e+30 0 0 4.64348e+42 175.488 0 0
1.07461e+10 2.97269e+28 2.97269e+28 8.98566e+28 8.98566e+28 8.98566e+28 5.23432e+29 7.42844e+29 0 0 4.64348e+42 196.901 0 0
1.24094e+10 2.69272e+27 2.69272e+27 3.17056e+28 3.17056e+28 3.17056e+28 3.89402e+29 5.4941e+29 0 0 4.64348e+42 235.707 0 0
1.43301e+10 8.67277e+25 8.67277e+25 1.19463e+28 1.19463e+28 1.19463e+28 2.87931e+29 4.05334e+29 0 0 4.64348e+42 282.161 0 0
1.65482e+10 6.56869e+23 6.56869e+23 4.87799e+27 4.87799e+27 4.87799e+27 2.12242e+29 2.98128e+29 0 0 4.64348e+42 337.771 0 0
1.91095e+10 8.04535e+20 8.04535e+20 2.12619e+27 2.12619e+27 2.12619e+27 1.53518e+29 2.15636e+29 0 0 4.64348e+42 404.34 0 0
2.20673e+10 1.34149e+17 1.34149e+17 1.01458e+27 1.01458e+27 1.01458e+27 1.13605e+29 1.59597e+29 0 0 4.64348e+42 484.03 34.7254 0
2.5483e+10 3.03871e+12 3.03871e+12 5.1509e+26 5.1509e+26 5.1509e+26 8.37869e+28 1.17734e+29 0 0 4.64348e+42 579.425 22.9578 0
2.94273e+10 1.20851e+07 1.20851e+07 2.76092e+26 2.76092e+26 2.76092e+26 6.16139e+28 8.65513e+28 0 0 4.64348e+42 693.621 15.5417 0
3.39821e+10 13.2101 13.2101 1.53109e+26 1.53109e+26 1.53109e+26 4.44595e+28 6.24738e+28 0 0 4.64348e+42 830.323 10.7604 0
3.92419e+10 7.50165e-06 7.50165e-06 9.05893e+25 9.05893e+25 9.05893e+25 3.29521e+28 4.62459e+28 0 0 4.64348e+42 993.967 7.61059 0
4.53158e+10 4.17282e-12 4.17282e-12 5.5559e+25 5.5559e+25 5.5559e+25 2.43697e+28 3.41494e+28 0 0 4.64348e+42 1189.86 5.49245 0
5.23299e+10 4.30964e-18 4.30964e-18 3.51698e+25 3.51698e+25 3.51698e+25 1.79932e+28 2.51469e+28 0 0 4.64348e+42 1424.37 4.04008 0
6.04296e+10 1.42843e-23 1.42843e-23 2.25964e+25 2.25964e+25 2.25964e+25 1.30654e+28 1.81797e+28 0 0 4.64348e+42 1705.09 3.02568 0
6.97831e+10 2.44919e-28 2.44919e-28 1.52198e+25 1.52198e+25 1.52198e+25 9.73606e+27 1.34914e+28 0 0 4.64348e+42 2041.14 2.3047 0
8.05842e+10 2.8777e-32 2.8777e-32 1.04616e+25 1.04616e+25 1.04616e+25 7.23563e+27 9.98893e+27 0 0 4.64348e+42 2443.41 1.78376 0
9.30572e+10 2.74116e-35 2.74116e-35 7.3188e+24 7.3188e+24 7.3188e+24 5.36255e+27 7.37459e+27 0 0 4.64348e+42 2924.97 1.40144 0
1.07461e+11 2.18056e-37 2.18056e-37 5.12582e+24 5.12582e+24 5.12582e+24 3.89939e+27 5.34018e+27 0 0 4.64348e+42 3501.44 1.11671 0
1.24094e+11 1.41626e-38 1.41626e-38 3.72379e+24 3.72379e+24 3.72379e+24 2.90469e+27 3.96861e+27 0 0 4.64348e+42 4191.52 0.901709 0
1.43301e+11 6.37453e-39 6.37453e-39 2.73516e+24 2.73516e+24 2.73516e+24 2.15626e+27 2.94113e+27 0 0 4.64348e+42 5017.61 0.737233 0
1.65482e+11 1.6336e-38 1.6336e-38 2.02725e+24 2.02725e+24 2.02725e+24 1.59449e+27 2.1725e+27 0 0 4.64348e+42 6006.51 0.609868 0
1.91095e+11 1.86736e-37 1.86736e-37 1.493e+24 1.493e+24 1.493e+24 1.15624e+27 1.57286e+27 0 0 4.64348e+42 7190.3 0.510106 0
2.20673e+11 7.75079e-36 7.75079e-36 1.13516e+24 1.13516e+24 1.13516e+24 8.59461e+26 1.1687e+27 0 0 4.64348e+42 8607.4 0.431129 0
2.5483e+11 8.91458e-34 8.91458e-34 8.68245e+23 8.68245e+23 8.68245e+23 6.36801e+26 8.65849e+26 0 0 4.64348e+42 10303.8 0.367983 0
2.94273e+11 2.24673e-31 2.24673e-31 6.67341e+23 6.67341e+23 6.67341e+23 4.70265e+26 6.39312e+26 0 0 4.64348e+42 12334.5 0.317029 0
3.39821e+11 9.85344e-29 9.85344e-29 5.07644e+23 5.07644e+23 5.07644e+23 3.40717e+26 4.62539e+26 0 0 4.64348e+42 0 0.275565 0
3.92419e+11 6.45463e-26 6.45463e-26 3.97576e+23 3.97576e+23 3.97576e+23 2.53164e+26 3.43504e+26 0 0 4.64348e+42 0 0.241562 0
4.53158e+11 5.20534e-23 5.20534e-23 3.12229e+23 3.12229e+23 3.12229e+23 1.87521e+26 2.54331e+26 0 0 4.64348e+42 0 0.213483 0
5.23299e+11 4.4836e-20 4.48361e-20 2.45678e+23 2.45678e+23 2.45678e+23 1.38439e+26 1.87653e+26 0 0 4.64348e+42 0 0.190154 0
6.04296e+11 3.61478e-17 3.61478e-17 1.90703e+23 1.90703e+23 1.90703e+23 1.00234e+26 1.3563e+26 0 0 4.64348e+42 0 0.170669 0
6.97831e+11 2.58811e-14 2.58811e-14 1.52124e+23 1.52124e+23 1.52124e+23 7.44396e+25 1.00635e+26 0 0 4.64348e+42 0 0.154323 0
8.05842e+11 1.48981e-11 1.48981e-11 1.21406e+23 1.21406e+23 1.21406e+23 5.51069e+25 7.44353e+25 0 0 4.64348e+42 0 0.140565 0
9.30572e+11 6.52654e-09 6.52654e-09 9.68727e+22 9.68727e+22 9.68727e+22 4.06577e+25 5.48576e+25 0 0 4.64348e+42 0 0.12896 0
1.07461e+12 2.06091e-06 2.06091e-06 7.60628e+22 7.60628e+22 7.60628e+22 2.94074e+25 3.95904e+25 0 0 4.64348e+42 0 0.119166 0
1.24094e+12 0.000477161 0.000477161 6.1294e+22 6.1294e+22 6.1294e+22 2.18214e+25 2.93355e+25 0 0 4.64348e+42 0 0.110908 0
1.43301e+12 0.0777229 0.0777229 4.9322e+22 4.9322e+22 4.9322e+22 1.61391e+25 2.16651e+25 0 0 4.64348e+42 0 0.103969 0
1.65482e+12 8.85569 8.8557 3.96044e+22 3.96044e+22 3.96044e+22 1.18948e+25 1.59394e+25 0 0 4.64348e+42 0 0.098177 0
1.91095e+12 695.711 695.712 3.12188e+22 3.12188e+22 3.12188e+22 8.59102e+24 1.14786e+25 0 0 4.64348e+42 0 0.0933933 0
2.20673e+12 39630.4 39630.4 2.52191e+22 2.52191e+22 2.52191e+22 6.36654e+24 8.48825e+24 0 0 4.64348e+42 0 0.0895108 0
2.5483e+12 1.60966e+06 1.60967e+06 2.02984e+22 2.02984e+22 2.02984e+22 4.70191e+24 6.25485e+24 0 0 4.64348e+42 0 0.0864461 0
2.94273e+12 4.72458e+07 4.72458e+07 1.62645e+22 1.62645e+22 1.62645e+22 3.45992e+24 4.59047e+24 0 0 4.64348e+42 0 0.0841374 0
3.39821e+12 1.00116e+09 1.00116e+09 1.27529e+22 1.27529e+22 1.27529e+22 2.49364e+24 3.29541e+24 0 0 4.64348e+42 0 0.082541 0
3.92419e+12 1.62858e+10 1.62859e+10 1.02245e+22 1.02245e+22 1.02245e+22 1.84444e+24 2.42992e+24 0 0 4.64348e+42 0 0.08163 0
4.53158e+12 2.01141e+11 2.01141e+11 8.14096e+21 8.14096e+21 8.14096e+21 1.35931e+24 1.78489e+24 0 0 4.64348e+42 0 0.0813928 0
5.23299e+12 1.91868e+12 1.91868e+12 6.42971e+21 6.42971e+21 6.42971e+21 9.97927e+23 1.30534e+24 0 0 4.64348e+42 0 0.0818329 0
6.04296e+12 1.41366e+13 1.41366e+13 4.94688e+21 4.94688e+21 4.94688e+21 7.17048e+23 9.32912e+23 0 0 4.64348e+42 0 0.0829683 0
6.97831e+12 8.56644e+13 8.56644e+13 3.8785e+21 3.8785e+21 3.8785e+21 5.2891e+23 6.85106e+23 0 0 4.64348e+42 0 0.0848322 0
8.05842e+12 4.21421e+14 4.21421e+14 3.00684e+21 3.00684e+21 3.00684e+21 3.88615e+23 5.00997e+23 0 0 4.64348e+42 0 0.0874729 0
9.30572e+12 1.70862e+15 1.70862e+15 2.30213e+21 2.30213e+21 2.30213e+21 2.84345e+23 3.64594e+23 0 0 4.64348e+42 0 0.0909553 0
1.07461e+13 5.69107e+15 5.69108e+15 1.70848e+21 1.70848e+21 1.70848e+21 2.03431e+23 2.58941e+23 0 0 4.64348e+42 0 0.0953611 0
1.24094e+13 1.65648e+16 1.65648e+16 1.2884e+21 1.2884e+21 1.2884e+21 1.4947e+23 1.89088e+23 0 0 4.64348e+42 0 0.10079 0
1.43301e+13 4.14275e+16 4.14275e+16 9.5767e+20 9.5767e+20 9.5767e+20 1.09353e+23 1.37421e+23 0 0 4.64348e+42 0 0.10736 0
1.65482e+13 9.01137e+16 9.01138e+16 7.01293e+20 7.01293e+20 7.01293e+20 7.96332e+22 9.93265e+22 0 0 4.64348e+42 0 0.115206 0
1.91095e+13 1.69316e+17 1.69316e+17 4.96618e+20 4.96618e+20 4.96618e+20 5.66286e+22 6.99321e+22 0 0 4.64348e+42 0 0.12448 0
2.20673e+13 2.92167e+17 2.92168e+17 3.57698e+20 3.57698e+20 3.57698e+20 4.13802e+22 5.06715e+22 0 0 4.64348e+42 0 0.135345 0
2.5483e+13 4.53489e+17 4.53491e+17 2.54127e+20 2.54127e+20 2.54127e+20 3.00926e+22 3.65144e+22 0 0 4.64348e+42 0 0.147968 0
2.94273e+13 6.39232e+17 6.39234e+17 1.78171e+20 1.78171e+20 1.78171e+20 2.17702e+22 2.61479e+22 0 0 4.64348e+42 0 0.162507 0
3.39821e+13 8.09416e+17 8.09421e+17 1.20931e+20 1.20931e+20 1.20931e+20 1.53505e+22 1.81903e+22 0 0 4.64348e+42 0 0.179093 0
3.92419e+13 9.79251e+17 9.79259e+17 8.38797e+19 8.38797e+19 8.38797e+19 1.11325e+22 1.3042e+22 0 0 4.64348e+42 0 0.197804 0
4.53158e+13 1.1037e+18 1.10371e+18 5.75761e+19 5.75761e+19 5.75761e+19 8.029e+21 9.29069e+21 0 0 4.64348e+42 0 0.218621 0
5.23299e+13 1.16674e+18 1.16676e+18 3.91309e+19 3.91309e+19 3.91309e+19 5.756e+21 6.56984e+21 0 0 4.64348e+42 0 0.241387 0
6.04296e+13 1.13899e+18 1.13901e+18 2.57807e+19 2.57807e+19 2.57807e+19 4.01135e+21 4.4963e+21 0 0 4.64348e+42 0 0.265741 0
6.97831e+13 1.09375e+18 1.09378e+18 1.74499e+19 1.74499e+19 1.74499e+19 2.87911e+21 3.17824e+21 0 0 4.64348e+42 0 0.291055 0
8.05842e+13 1.00238e+18 1.0024e+18 1.17185e+19 1.17185e+19 1.17185e+19 2.05311e+21 2.22935e+21 0 0 4.64348e+42 0 0.316368 0
9.30572e+13 8.80387e+17 8.80414e+17 7.80824e+18 7.80824e+18 7.80824e+18 1.45376e+21 1.55009e+21 0 0 4.64348e+42 0 0.340344 0
1.07461e+14 7.25978e+17 7.26006e+17 5.03845e+18 5.03845e+18 5.03845e+18 9.96924e+20 1.03752e+21 0 0 4.64348e+42 0 0 0
1.24094e+14 6.00984e+17 6.01018e+17 3.35533e+18 3.35533e+18 3.35533e+18 7.05533e+20 7.1958e+20 0 0 4.64348e+42 0 0 0
1.43301e+14 4.81966e+17 4.82015e+17 2.21868e+18 2.21868e+18 2.21868e+18 4.95458e+20 4.94439e+20 0 0 4.64348e+42 0 0 0
1.65482e+14 3.75268e+17 3.75346e+17 1.45606e+18 1.45606e+18 1.45606e+18 3.4498e+20 3.36129e+20 0 0 4.64348e+42 0 0 0
1.91095e+14 2.7639e+17 2.76509e+17 9.21822e+17 9.21822e+17 9.21822e+17 2.31406e+20 2.1829e+20 0 0 4.64348e+42 0 0 0
2.20673e+14 2.07318e+17 2.07493e+17 6.04884e+17 6.04884e+17 6.04884e+17 1.60679e+20 1.47612e+20 0 0 4.64348e+42 0 0 0
2.5483e+14 1.5189e+17 1.52123e+17 3.93821e+17 3.93821e+17 3.93821e+17 1.10518e+20 9.86801e+19 0 0 4.64348e+42 0 0 0
2.94273e+14 1.08785e+17 1.09064e+17 2.542e+17 2.542e+17 2.542e+17 7.52285e+19 6.51055e+19 0 0 4.64348e+42 0 0 0
3.39821e+14 7.36955e+16 7.39906e+16 1.57162e+17 1.57162e+17 1.57162e+17 4.89518e+19 4.05752e+19 0 0 4.64348e+42 0 0 0
3.92419e+14 5.14359e+16 5.17366e+16 1.01236e+17 1.01236e+17 1.01236e+17 3.3127e+19 2.65294e+19 0 0 4.64348e+42 0 0 0
4.53158e+14 3.51993e+16 3.5483e+16 6.45782e+16 6.45782e+16 6.45782e+16 2.21551e+19 1.70996e+19 0 0 4.64348e+42 0 0 0
5.23299e+14 2.36187e+16 2.38682e+16 4.07477e+16 4.07477e+16 4.07477e+16 1.46261e+19 1.08416e+19 0 0 4.64348e+42 0 0 0
6.04296e+14 1.4895e+16 1.50923e+16 2.43513e+16 2.43513e+16 2.43513e+16 9.12513e+18 6.38515e+18 0 0 4.64348e+42 0 0 0
6.97831e+14 9.79333e+15 9.94981e+15 1.52743e+16 1.52743e+16 1.52743e+16 5.9635e+18 3.99181e+18 0 0 4.64348e+42 0 0 0
8.05842e+14 6.31995e+15 6.43772e+15 9.4584e+15 9.4584e+15 9.4584e+15 3.83936e+18 2.45112e+18 0 0 4.64348e+42 0 0 0
9.30572e+14 4.00022e+15 4.08462e+15 5.77355e+15 5.77355e+15 5.77355e+15 2.43145e+18 1.47406e+18 0 0 4.64348e+42 0 0 0
1.07461e+15 2.34614e+15 2.40074e+15 3.2798e+15 3.2798e+15 3.2798e+15 1.42989e+18 8.02549e+17 0 0 4.64348e+42 0 0 0
1.24094e+15 1.45541e+15 1.49192e+15 1.97802e+15 1.97802e+15 1.97802e+15 8.90966e+17 4.72633e+17 0 0 4.64348e+42 0 0 0
1.43301e+15 8.84487e+14 9.07924e+14 1.17242e+15 1.17242e+15 1.17242e+15 5.44492e+17 2.72091e+17 0 0 4.64348e+42 0 0 0
1.65482e+15 5.25827e+14 5.40283e+14 6.81688e+14 6.81688e+14 6.81688e+14 3.25755e+17 1.52541e+17 0 0 4.64348e+42 0 0 0
1.91095e+15 2.82246e+14 2.90169e+14 3.58731e+14 3.58731e+14 3.58731e+14 1.76022e+17 7.43519e+16 0 0 4.64348e+42 0 0 0
2.20673e+15 1.63508e+14 1.68129e+14 2.0417e+14 2.0417e+14 2.0417e+14 1.02679e+17 4.04279e+16 0 0 4.64348e+42 0 0 0
2.5483e+15 9.23208e+13 9.49148e+13 1.13466e+14 1.13466e+14 1.13466e+14 5.83733e+16 2.13613e+16 0 0 4.64348e+42 0 0 0
2.94273e+15 5.07195e+13 5.21206e+13 6.1456e+13 6.1456e+13 6.1456e+13 3.22813e+16 1.09125e+16 0 0 4.64348e+42 0 0 0
3.39821e+15 2.40509e+13 2.46976e+13 2.87722e+13 2.87722e+13 2.87722e+13 1.54018e+16 4.53849e+15 0 0 4.64348e+42 0 0 0
3.92419e+15 1.27129e+13 1.30427e+13 1.50348e+13 1.50348e+13 1.50348e+13 8.18846e+15 2.2171e+15 0 0 4.64348e+42 0 0 0
4.53158e+15 6.49134e+12 6.65251e+12 7.59814e+12 7.59814e+12 7.59814e+12 4.20316e+15 1.04494e+15 0 0 4.64348e+42 0 0 0
5.23299e+15 3.19885e+12 3.27432e+12 3.70971e+12 3.70971e+12 3.70971e+12 2.0809e+15 4.71944e+14 0 0 4.64348e+42 0 0 0
6.04296e+15 1.25967e+12 1.28773e+12 1.44873e+12 1.44873e+12 1.44873e+12 8.22566e+14 1.55371e+14 0 0 4.64348e+42 0 0 0
6.97831e+15 5.84148e+11 5.96367e+11 6.66823e+11 6.66823e+11 6.66823e+11 3.82723e+14 6.55836e+13 0 0 4.64348e+42 0 0 0
8.05842e+15 2.57777e+11 2.62814e+11 2.92299e+11 2.92299e+11 2.92299e+11 1.69332e+14 2.64934e+13 0 0 4.64348e+42 0 0 0
9.30572e+15 1.08469e+11 1.10439e+11 1.22261e+11 1.22261e+11 1.22261e+11 7.13828e+13 1.01609e+13 0 0 4.64348e+42 0 0 0
1.07461e+16 3.20521e+10 3.25912e+10 3.59351e+10 3.59351e+10 3.59351e+10 2.11115e+13 2.33051e+12 0 0 4.64348e+42 0 0 0
1.24094e+16 1.22452e+10 1.24352e+10 1.36635e+10 1.36635e+10 1.36635e+10 8.06738e+12 7.98494e+11 0 0 4.64348e+42 0 0 0
1.43301e+16 4.32614e+09 4.38785e+09 4.8068e+09 4.8068e+09 4.8068e+09 2.84856e+12 2.59673e+11 0 0 4.64348e+42 0 0 0
1.65482e+16 1.41931e+09 1.43786e+09 1.57109e+09 1.57109e+09 1.57109e+09 9.32944e+11 8.02392e+10 0 0 4.64348e+42 0 0 0
1.91095e+16 2.69565e+08 2.72787e+08 2.97403e+08 2.97403e+08 2.97403e+08 1.76859e+11 1.0258e+10 0 0 4.64348e+42 0 0 0
2.20673e+16 7.65032e+07 7.73367e+07 8.41564e+07 8.41564e+07 8.41564e+07 5.00447e+10 2.54716e+09 0 0 4.64348e+42 0 0 0
2.5483e+16 1.90023e+07 1.91906e+07 2.08493e+07 2.08493e+07 2.08493e+07 1.23843e+10 5.87135e+08 0 0 4.64348e+42 0 0 0
2.94273e+16 4.04029e+06 4.07663e+06 4.42301e+06 4.42301e+06 4.42301e+06 2.62149e+09 1.31331e+08 0 0 4.64348e+42 0 0 0
3.39821e+16 388558 391724 424525 424525 424525 2.50803e+08 7.09074e+06 0 0 4.64348e+42 0 0 0
3.92419e+16 67830.2 68330 73982 73982 73982 4.35257e+07 1.04216e+06 0 0 4.64348e+42 0 0 0
4.53158e+16 9461.68 9524.62 10304.5 10304.5 10304.5 6.03175e+06 130427 0 0 4.64348e+42 0 0 0
5.23299e+16 962.692 968.464 1047.11 1047.11 1047.11 609299 15834.1 0 0 4.64348e+42 0 0 0
6.04296e+16 29.2173 29.375 31.7448 31.7448 31.7448 18347.2 252.951 0 0 4.64348e+42 0 0 0
6.97831e+16 2.07216 2.08221 2.24934 2.24934 2.24934 1290.19 13.0577 0 0 4.64348e+42 0 0 0
8.05842e+16 0.0682505 0.0685478 0.0740291 0.0740291 0.0740291 42.1093 0.241727 0 0 4.64348e+42 0 0 0
9.30572e+16 0 0 0 0 0 0 0 0 0 4.64348e+42 0 0 0