
1.07461e-07 0 0 5.98609e+24 1.39109e+49 7.4886e+57 0 0 7.26478e+42 0 4.64348e+42 0 0 0
1.24094e-07 0 0 1.24158e+28 1.56402e+49 6.62366e+57 0 0 8.38924e+42 0 4.64348e+42 0 0 0
1.43301e-07 0 0 9.37187e+30 1.7535e+49 5.8418e+57 0 0 9.68774e+42 0 4.64348e+42 0 0 0
1.65482e-07 0 0 2.94624e+33 1.95992e+49 5.13611e+57 0 0 1.11872e+43 0 4.64348e+42 0 0 0
1.91095e-07 0 0 4.33514e+35 2.18339e+49 4.50038e+57 0 0 1.29188e+43 0 4.64348e+42 0 0 0
2.20673e-07 0 0 3.30316e+37 2.42372e+49 3.92902e+57 0 0 1.49184e+43 0 4.64348e+42 0 0 0
2.5483e-07 0 0 1.42251e+39 2.68041e+49 3.41695e+57 0 0 1.72275e+43 0 4.64348e+42 0 0 0
2.94273e-07 0 0 3.7351e+40 2.95265e+49 2.95959e+57 0 0 1.9894e+43 0 4.64348e+42 0 0 0
3.39821e-07 0 0 6.38553e+41 3.23943e+49 2.55275e+57 0 0 2.29733e+43 0 4.64348e+42 0 0 0
3.92419e-07 0 0 7.52454e+42 3.53974e+49 2.1926e+57 0 0 2.65291e+43 0 4.64348e+42 0 0 0
4.53158e-07 0 0 6.42153e+43 3.85281e+49 1.87556e+57 0 0 3.06353e+43 0 4.64348e+42 0 0 0
5.23299e-07 0 0 4.14353e+44 4.17862e+49 1.59828e+57 0 0 3.53771e+43 0 4.64348e+42 0 0 0
6.04296e-07 0 0 2.09889e+45 4.51837e+49 1.35757e+57 0 0 4.08529e+43 0 4.64348e+42 0 0 0
6.97831e-07 0 0 8.62537e+45 4.87523e+49 1.15032e+57 0 0 4.71761e+43 0 4.64348e+42 0 0 0
8.05842e-07 0 0 2.95998e+46 5.25502e+49 9.73436e+56 0 0 5.44782e+43 0 4.64348e+42 0 0 0
9.30572e-07 0 0 8.70129e+46 5.66695e+49 8.23872e+56 0 0 6.29104e+43 0 4.64348e+42 0 0 0
1.07461e-06 0 0 2.24089e+47 6.12408e+49 6.98551e+56 0 0 7.26478e+43 0 4.64348e+42 0 0 0
1.24094e-06 0 0 5.15664e+47 6.64345e+49 5.94398e+56 0 0 8.38924e+43 0 4.64348e+42 0 0 0
1.43301e-06 0 0 1.07862e+48 7.24563e+49 5.08376e+56 0 0 9.68774e+43 0 4.64348e+42 0 0 0
1.65482e-06 0 0 2.081e+48 7.95368e+49 4.37544e+56 0 0 1.11872e+44 0 4.64348e+42 0 0 0
1.91095e-06 0 0 3.74847e+48 8.79157e+49 3.79142e+56 0 0 1.29188e+44 0 4.64348e+42 0 0 0
2.20673e-06 0 0 6.3663e+48 9.78234e+49 3.3068e+56 0 0 1.49184e+44 0 4.64348e+42 0 0 0
2.5483e-06 0 0 1.02748e+49 1.09468e+50 2.9001e+56 0 0 1.72275e+44 0 4.64348e+42 0 0 0
2.94273e-06 0 0 1.58571e+49 1.23031e+50 2.55382e+56 0 0 1.9894e+44 0 4.64348e+42 0 0 0
3.39821e-06 0 0 2.35223e+49 1.38678e+50 2.25448e+56 0 0 2.29733e+44 0 4.64348e+42 0 0 0
3.92419e-06 0 0 3.36891e+49 1.56581e+50 1.9923e+56 0 0 2.65291e+44 0 4.64348e+42 0 0 0
4.53158e-06 0 0 4.6778e+49 1.76952e+50 1.76053e+56 0 0 3.06353e+44 0 4.64348e+42 0 0 0
5.23299e-06 0 0 6.32149e+49 2.00072e+50 1.55459e+56 0 0 3.53771e+44 0 4.64348e+42 0 0 0
6.04296e-06 0 0 8.34474e+49 2.26314e+50 1.37129e+56 0 0 4.08528e+44 0 4.64348e+42 0 0 0
6.97831e-06 0 0 1.07969e+50 2.56165e+50 1.20825e+56 0 0 4.71761e+44 0 4.64348e+42 0 0 0
8.05842e-06 0 0 1.37345e+50 2.90229e+50 1.06352e+56 0 0 5.44781e+44 0 4.64348e+42 0 0 0
9.30572e-06 0 0 1.72245e+50 3.29248e+50 9.35305e+55 0 0 6.29103e+44 0 4.64348e+42 0 0 0
1.07461e-05 0 0 2.13469e+50 3.74108e+50 8.21981e+55 0 0 7.26477e+44 0 4.64348e+42 0 0 0
1.24094e-05 0 0 2.61976e+50 4.25857e+50 7.21999e+55 0 0 8.38923e+44 0 4.64348e+42 0 0 0
1.43301e-05 0 0 3.18909e+50 4.85722e+50 6.33911e+55 0 0 9.68772e+44 0 4.64348e+42 0 0 0
1.65482e-05 0 0 3.85628e+50 5.55134e+50 5.56367e+55 0 0 1.11872e+45 0 4.64348e+42 0 0 0
1.91095e-05 0 0 4.63743e+50 6.35768e+50 4.88131e+55 0 0 1.29188e+45 0 4.64348e+42 0 0 0
2.20673e-05 0 0 5.55178e+50 7.29605e+50 4.28089e+55 0 0 1.49184e+45 0 4.64348e+42 0 0 0
2.5483e-05 0 0 6.62246e+50 8.39017e+50 3.75249e+55 0 0 1.72275e+45 0 4.64348e+42 0 0 0
2.94273e-05 0 0 7.87752e+50 9.66871e+50 3.2874e+55 0 0 1.98939e+45 0 4.64348e+42 0 0 0
3.39821e-05 0 0 9.35097e+50 1.11663e+51 2.87804e+55 0 0 2.29732e+45 0 4.64348e+42 0 0 0
3.92419e-05 0 0 1.10839e+51 1.29246e+51 2.51778e+55 0 0 2.6529e+45 0 4.64348e+42 0 0 0
4.53158e-05 0 0 1.31254e+51 1.49932e+51 2.20085e+55 0 0 3.06352e+45 0 4.64348e+42 0 0 0
5.23299e-05 0 0 1.55339e+51 1.74308e+51 1.92214e+55 0 0 3.53769e+45 0 4.64348e+42 0 0 0
6.04296e-05 0 0 1.8379e+51 2.03073e+51 1.67717e+55 0 0 4.08526e+45 0 4.64348e+42 0 0 0
6.97831e-05 0 0 2.17436e+51 2.37057e+51 1.46197e+55 0 0 4.71758e+45 0 4.64348e+42 0 0 0
8.05842e-05 0 0 2.57268e+51 2.77255e+51 1.27302e+55 0 0 5.44777e+45 0 4.64348e+42 0 0 0
9.30572e-05 0 0 3.04475e+51 3.24855e+51 1.10723e+55 0 0 6.29097e+45 0 4.64348e+42 0 0 0
0.000107461 0 0 3.60471e+51 3.81273e+51 9.6186e+54 0 0 7.26469e+45 0 4.64348e+42 0 0 0
0.000124094 0 0 4.26941e+51 4.48196e+51 8.34506e+54 0 0 8.38912e+45 0 4.64348e+42 0 0 0
0.000143301 0 0 5.05893e+51 5.27631e+51 7.23031e+54 0 0 9.68758e+45 0 4.64348e+42 0 0 0
0.000165482 0 0 5.99715e+51 6.21968e+51 6.25549e+54 0 0 1.1187e+46 0 4.64348e+42 0 0 0
0.000191095 0 0 7.11256e+51 7.34054e+51 5.40392e+54 0 0 1.29185e+46 0 4.64348e+42 0 0 0
0.000220673 0 0 8.43906e+51 8.6728e+51 4.66087e+54 0 0 1.4918e+46 0 4.64348e+42 0 0 0
0.00025483 0 0 1.0017e+52 1.02569e+52 4.0133e+54 0 0 1.7227e+46 0 4.64348e+42 0 0 0
0.000294273 0 0 1.18946e+52 1.21408e+52 3.44968e+54 0 0 1.98933e+46 0 4.64348e+42 0 0 0
0.000339821 0 0 1.41291e+52 1.4382e+52 2.95981e+54 0 0 2.29723e+46 0 4.64348e+42 0 0 0
0.000392419 0 0 1.67889e+52 1.70488e+52 2.53469e+54 0 0 2.65279e+46 0 4.64348e+42 0 0 0
0.000453158 0 0 1.99556e+52 2.02228e+52 2.16634e+54 0 0 3.06337e+46 0 4.64348e+42 0 0 0
0.000523299 0 0 2.37266e+52 2.40016e+52 1.84772e+54 0 0 3.5375e+46 0 4.64348e+42 0 0 0
0.000604296 0 0 2.82185e+52 2.85015e+52 1.57262e+54 0 0 4.085e+46 0 4.64348e+42 0 0 0
0.000697831 0 0 3.35706e+52 3.38619e+52 1.33554e+54 0 0 4.71723e+46 0 4.64348e+42 0 0 0
0.000805842 0 0 3.99496e+52 4.02497e+52 1.13163e+54 0 0 5.44731e+46 0 4.64348e+42 0 0 0
0.000930572 0 0 4.75559e+52 4.7865e+52 9.56614e+53 0 0 6.29036e+46 0 4.64348e+42 0 0 0
0.00107461 0 0 5.66295e+52 5.69482e+52 8.06729e+53 0 0 7.26387e+46 0 4.64348e+42 0 0 0
0.00124094 0 0 6.74564e+52 6.7785e+52 6.78657e+53 0 0 8.38803e+46 0 4.64348e+42 0 0 0
0.00143301 0 0 8.03237e+52 8.06623e+52 5.69483e+53 0 0 9.68613e+46 0 4.64348e+42 0 0 0
0.00165482 0 0 9.51739e+52 9.55213e+52 4.76649e+53 0 0 1.11851e+47 0 4.64348e+42 0 0 0
0.00191095 0 0 1.10774e+53 1.11124e+53 3.97908e+53 0 0 1.29159e+47 0 4.64348e+42 0 0 0
0.00220673 4.09032e-209 4.09032e-209 1.24339e+53 1.24679e+53 3.31297e+53 0 0 1.49146e+47 1.1497e-213 4.64348e+42 0 0 0
0.0025483 6.98153e-141 6.98153e-141 1.32715e+53 1.3303e+53 2.751e+53 0 0 1.72224e+47 1.59207e-145 4.64348e+42 0 0 0
0.00294273 1.83216e-90 1.83216e-90 1.34145e+53 1.3442e+53 2.27818e+53 0 0 1.98872e+47 3.5795e-95 4.64348e+42 0 0 0
0.00339821 3.23957e-53 3.23957e-53 1.28917e+53 1.29146e+53 1.88149e+53 0 0 2.29642e+47 5.7031e-58 4.64348e+42 0 0 0
0.00392419 1.04644e-25 1.04644e-25 1.18733e+53 1.18915e+53 1.54964e+53 0 0 2.6517e+47 1.73211e-30 4.64348e+42 0 0 0
0.00453158 2.13594e-05 2.13594e-05 1.05711e+53 1.05851e+53 1.27282e+53 0 0 3.06192e+47 3.43878e-10 4.64348e+42 0 0 0
0.00523299 2.07701e+10 2.07701e+10 9.16906e+52 9.17963e+52 1.0426e+53 0 0 3.53557e+47 333847 4.64348e+42 0 0 0
0.00604296 2.3506e+21 2.3506e+21 7.79701e+52 7.8048e+52 8.51687e+52 0 0 4.08242e+47 3.84754e+16 4.64348e+42 0 0 0
0.00697831 3.28703e+29 3.28703e+29 6.53185e+52 6.5375e+52 6.93846e+52 0 0 4.7138e+47 5.56161e+24 4.64348e+42 0 0 0
0.00805842 3.25623e+35 3.25623e+35 5.41023e+52 5.41428e+52 5.63735e+52 0 0 5.44273e+47 5.76014e+30 4.64348e+42 0 0 0
0.00930572 8.30774e+39 8.30774e+39 4.44228e+52 4.44515e+52 4.56797e+52 0 0 6.28425e+47 1.54993e+35 4.64348e+42 0 0 0
0.0107461 1.41722e+43 1.41722e+43 3.62261e+52 3.62464e+52 3.69166e+52 0 0 7.25573e+47 2.8077e+38 4.64348e+42 0 0 0
0.0124094 3.27205e+45 3.27205e+45 2.93794e+52 2.93937e+52 2.97564e+52 0 0 8.37717e+47 6.92167e+40 4.64348e+42 0 0 0
0.0143301 1.72175e+47 1.72175e+47 2.3718e+52 2.3728e+52 2.39229e+52 0 0 9.67165e+47 3.90684e+42 4.64348e+42 0 0 0
0.0165482 3.03513e+48 3.03513e+48 1.90727e+52 1.90797e+52 1.91837e+52 0 0 1.11658e+48 7.41648e+43 4.64348e+42 0 0 0
0.0191095 2.3828e+49 2.3828e+49 1.52844e+52 1.52893e+52 1.53444e+52 0 0 1.28902e+48 6.29176e+44 4.64348e+42 0 0 0
0.0220673 1.02822e+50 1.02822e+50 1.22103e+52 1.22137e+52 1.22427e+52 0 0 1.48803e+48 2.94302e+45 4.64348e+42 0 0 0
0.025483 2.84916e+50 2.84916e+50 9.72625e+51 9.72855e+51 9.74375e+51 0 0 1.71766e+48 8.86554e+45 4.64348e+42 0 0 0
0.0294273 5.68722e+50 5.68722e+50 7.72631e+51 7.72789e+51 7.73581e+51 0 0 1.98262e+48 1.92913e+46 4.64348e+42 0 0 0
0.0339821 8.90293e+50 8.90293e+50 6.12147e+51 6.12255e+51 6.12665e+51 0 0 2.28828e+48 3.30074e+46 4.64348e+42 0 0 0
0.0392419 1.16382e+51 1.16382e+51 4.83759e+51 4.83833e+51 4.84044e+51 0 0 2.64085e+48 4.72814e+46 4.64348e+42 0 0 0
0.0453158 1.3308e+51 1.3308e+51 3.81343e+51 3.81393e+51 3.81501e+51 0 0 3.04746e+48 5.93926e+46 4.64348e+42 0 0 0
0.0523299 1.37757e+51 1.37757e+51 2.99868e+51 2.99902e+51 2.99957e+51 0 0 3.51628e+48 6.77044e+46 4.64348e+42 0 0 0
0.0604296 1.32401e+51 1.32401e+51 2.35224e+51 2.35247e+51 2.35275e+51 0 0 4.05672e+48 7.18362e+46 4.64348e+42 0 0 0
0.0697831 1.20388e+51 1.20388e+51 1.84067e+51 1.84083e+51 1.84097e+51 0 0 4.67953e+48 7.22839e+46 4.64348e+42 0 0 0
0.0805842 1.05004e+51 1.05004e+51 1.43688e+51 1.43698e+51 1.43705e+51 0 0 5.39706e+48 6.99391e+46 4.64348e+42 0 0 0
0.0930572 8.87563e+50 8.87563e+50 1.11895e+51 1.11903e+51 1.11906e+51 0 0 6.22338e+48 6.57385e+46 4.64348e+42 0 0 0
0.107461 7.32569e+50 7.32569e+50 8.69276e+50 8.69325e+50 8.69342e+50 0 0 7.17461e+48 6.04817e+46 4.64348e+42 0 0 0
0.124094 5.93722e+50 5.93722e+50 6.73687e+50 6.7372e+50 6.73729e+50 0 0 8.26907e+48 5.47719e+46 4.64348e+42 0 0 0
0.143301 4.74462e+50 4.74462e+50 5.20858e+50 5.2088e+50 5.20884e+50 0 0 9.52761e+48 4.90248e+46 4.64348e+42 0 0 0
0.165482 3.75004e+50 3.75004e+50 4.01742e+50 4.01757e+50 4.01759e+50 0 0 1.09739e+49 4.35033e+46 4.64348e+42 0 0 0
0.191095 2.93816e+50 2.93816e+50 3.09138e+50 3.09148e+50 3.0915e+50 0 0 1.26346e+49 3.8358e+46 4.64348e+42 0 0 0
0.220673 2.28593e+50 2.28593e+50 2.37331e+50 2.37337e+50 2.37338e+50 0 0 1.45398e+49 3.36622e+46 4.64348e+42 0 0 0
0.25483 1.76828e+50 1.76828e+50 1.8179e+50 1.81794e+50 1.81795e+50 0 0 1.67233e+49 2.94384e+46 4.64348e+42 0 0 0
0.294273 1.36133e+50 1.36133e+50 1.3894e+50 1.38943e+50 1.38943e+50 0 0 1.92227e+49 2.56785e+46 4.64348e+42 0 0 0
0.339821 1.04382e+50 1.04382e+50 1.05964e+50 1.05966e+50 1.05966e+50 0 0 2.20796e+49 2.23562e+46 4.64348e+42 0 0 0
0.392419 7.97613e+49 7.97613e+49 8.06507e+49 8.06519e+49 8.0652e+49 0 0 2.53399e+49 1.94365e+46 4.64348e+42 0 0 0
0.453158 6.07677e+49 6.07677e+49 6.12661e+49 6.12669e+49 6.1267e+49 0 0 2.90533e+49 1.68805e+46 4.64348e+42 0 0 0
0.523299 4.61786e+49 4.61786e+49 4.64571e+49 4.64576e+49 4.64577e+49 0 0 3.32733e+49 1.46494e+46 4.64348e+42 0 0 0
0.604296 3.50142e+49 3.50142e+49 3.51694e+49 3.51698e+49 3.51698e+49 0 0 3.80563e+49 1.27061e+46 4.64348e+42 0 0 0
0.697831 2.64981e+49 2.64981e+49 2.65845e+49 2.65847e+49 2.65847e+49 0 0 4.34607e+49 1.10159e+46 4.64348e+42 0 0 0
0.805842 2.00205e+49 2.00205e+49 2.00685e+49 2.00686e+49 2.00686e+49 0 0 4.95447e+49 9.5476e+45 4.64348e+42 0 0 0
0.930572 1.51056e+49 1.51056e+49 1.51321e+49 1.51322e+49 1.51322e+49 0 0 5.63642e+49 8.27313e+45 4.64348e+42 0 0 0
1.07461 1.13844e+49 1.13844e+49 1.1399e+49 1.13991e+49 1.13991e+49 0 0 6.39686e+49 7.16758e+45 4.64348e+42 0 0 0
1.24094 8.57216e+48 8.57216e+48 8.58025e+48 8.58029e+48 8.58029e+48 0 0 7.23958e+49 6.209e+45 4.64348e+42 0 0 0
1.43301 6.45026e+48 6.45026e+48 6.45471e+48 6.45474e+48 6.45474e+48 0 0 8.16655e+49 5.37813e+45 4.64348e+42 0 0 0
1.65482 4.85135e+48 4.85135e+48 4.8538e+48 4.85381e+48 4.85381e+48 0 0 9.17699e+49 4.65813e+45 4.64348e+42 0 0 0
1.91095 3.64783e+48 3.64783e+48 3.64918e+48 3.64919e+48 3.64919e+48 0 0 1.02662e+50 4.03432e+45 4.64348e+42 0 0 0
2.20673 2.7427e+48 2.7427e+48 2.74344e+48 2.74345e+48 2.74345e+48 0 0 1.14243e+50 3.49392e+45 4.64348e+42 0 0 0
2.5483 2.06241e+48 2.06241e+48 2.06281e+48 2.06282e+48 2.06282e+48 0 0 1.26343e+50 3.02583e+45 4.64348e+42 0 0 0
2.94273 1.55132e+48 1.55132e+48 1.55154e+48 1.55154e+48 1.55154e+48 0 0 1.38703e+50 2.62039e+45 4.64348e+42 0 0 0
3.39821 1.16743e+48 1.16743e+48 1.16755e+48 1.16755e+48 1.16755e+48 0 0 1.50958e+50 2.26925e+45 4.64348e+42 0 0 0
3.92419 8.79088e+47 8.79088e+47 8.79156e+47 8.79157e+47 8.79157e+47 0 0 1.62612e+50 1.96514e+45 4.64348e+42 0 0 0
4.53158 6.62482e+47 6.62482e+47 6.6252e+47 6.62521e+47 6.62521e+47 0 0 1.73035e+50 1.70177e+45 4.64348e+42 0 0 0
5.23299 4.99709e+47 4.99709e+47 4.9973e+47 4.99731e+47 4.99731e+47 0 0 1.81456e+50 1.47369e+45 4.64348e+42 0 0 0
6.04296 3.77327e+47 3.77327e+47 3.77339e+47 3.77339e+47 3.77339e+47 0 0 1.86991e+50 1.27617e+45 4.64348e+42 0 0 0
6.97831 2.85251e+47 2.85251e+47 2.85259e+47 2.85259e+47 2.85259e+47 0 0 1.88701e+50 1.10512e+45 4.64348e+42 0 0 0
8.05842 2.15921e+47 2.15921e+47 2.15926e+47 2.15926e+47 2.15926e+47 0 0 1.85695e+50 9.56997e+44 4.64348e+42 0 0 0
9.30572 1.63666e+47 1.63666e+47 1.63669e+47 1.63669e+47 1.63669e+47 0 0 1.77291e+50 8.28723e+44 4.64348e+42 0 0 0
10.7461 1.24238e+47 1.24238e+47 1.2424e+47 1.2424e+47 1.2424e+47 0 0 1.63215e+50 7.17641e+44 4.64348e+42 0 0 0
12.4094 9.44518e+46 9.44518e+46 9.44536e+46 9.44536e+46 9.44536e+46 0 0 1.43826e+50 6.21448e+44 4.64348e+42 0 0 0
14.3301 7.19197e+46 7.19197e+46 7.19211e+46 7.19211e+46 7.19211e+46 0 0 1.20261e+50 5.38147e+44 4.64348e+42 0 0 0
16.5482 5.48506e+46 5.48506e+46 5.48517e+46 5.48517e+46 5.48517e+46 0 0 9.44473e+49 4.66011e+44 4.64348e+42 0 0 0
19.1095 4.19005e+46 4.19005e+46 4.19015e+46 4.19015e+46 4.19015e+46 0 0 6.88466e+49 4.03544e+44 4.64348e+42 0 0 0
22.0673 3.20599e+46 3.20599e+46 3.20608e+46 3.20608e+46 3.20608e+46 0 0 4.59524e+49 3.4945e+44 4.64348e+42 0 0 0
25.483 2.45701e+46 2.45701e+46 2.45709e+46 2.45709e+46 2.45709e+46 0 0 2.76545e+49 3.02606e+44 4.64348e+42 0 0 0
29.4273 1.886e+46 1.886e+46 1.88607e+46 1.88607e+46 1.88607e+46 0 0 1.47463e+49 2.62041e+44 4.64348e+42 0 0 0
33.9821 1.44994e+46 1.44994e+46 1.45e+46 1.45e+46 1.45e+46 0 0 6.83112e+48 2.26913e+44 4.64348e+42 0 0 0
39.2419 1.11637e+46 1.11637e+46 1.11642e+46 1.11642e+46 1.11642e+46 0 0 2.68823e+48 1.96493e+44 4.64348e+42 0 0 0
45.3158 8.60768e+45 8.60768e+45 8.60813e+45 8.60813e+45 8.60813e+45 0 0 8.75989e+47 1.70151e+44 4.64348e+42 0 0 0
52.3299 6.64582e+45 6.64582e+45 6.64622e+45 6.64622e+45 6.64622e+45 0 0 2.29532e+47 1.4734e+44 4.64348e+42 0 0 0
60.4296 5.13752e+45 5.13752e+45 5.13788e+45 5.13788e+45 5.13788e+45 0 0 4.67539e+46 1.27586e+44 4.64348e+42 0 0 0
69.7831 3.97605e+45 3.97605e+45 3.97637e+45 3.97637e+45 3.97637e+45 0 0 7.12014e+45 1.10479e+44 4.64348e+42 0 0 0
80.5842 3.08028e+45 3.08028e+45 3.08057e+45 3.08057e+45 3.08057e+45 0 0 7.75005e+44 9.5666e+43 4.64348e+42 0 0 0
93.0572 2.3884e+45 2.3884e+45 2.38865e+45 2.38865e+45 2.38865e+45 0 0 5.72386e+43 8.28382e+43 4.64348e+42 0 0 0
107.461 1.85325e+45 1.85325e+45 1.85348e+45 1.85348e+45 1.85348e+45 0 0 2.7013e+42 7.17297e+43 4.64348e+42 0 0 0
124.094 1.43881e+45 1.43881e+45 1.43901e+45 1.43901e+45 1.43901e+45 0 0 7.60061e+40 6.21102e+43 4.64348e+42 0 0 0
143.301 1.11746e+45 1.11746e+45 1.11764e+45 1.11764e+45 1.11764e+45 0 0 1.17694e+39 5.378e+43 4.64348e+42 0 0 0
165.482 8.68033e+44 8.68033e+44 8.68198e+44 8.68198e+44 8.68198e+44 0 0 9.14407e+36 4.65664e+43 4.64348e+42 0 0 0
191.095 6.74266e+44 6.74266e+44 6.74414e+44 6.74414e+44 6.74414e+44 0 0 3.20367e+34 4.03196e+43 4.64348e+42 0 0 0
220.673 5.2363e+44 5.2363e+44 5.23763e+44 5.23763e+44 5.23763e+44 0 0 4.47449e+31 3.49102e+43 4.64348e+42 0 0 0
254.83 4.06465e+44 4.06465e+44 4.06584e+44 4.06584e+44 4.06584e+44 0 0 2.16074e+28 3.02258e+43 4.64348e+42 0 0 0
294.273 3.15307e+44 3.15307e+44 3.15414e+44 3.15414e+44 3.15414e+44 0 0 3.06081e+24 2.61692e+43 4.64348e+42 0 0 0
339.821 2.44378e+44 2.44378e+44 2.44474e+44 2.44474e+44 2.44474e+44 0 0 1.05197e+20 2.26564e+43 4.64348e+42 0 0 0
392.419 1.892e+44 1.892e+44 1.89286e+44 1.89286e+44 1.89286e+44 0 0 7.04528e+14 1.96145e+43 4.64348e+42 0 0 0
453.158 1.46295e+44 1.46295e+44 1.46371e+44 1.46371e+44 1.46371e+44 0 0 7.1382e+08 1.69803e+43 4.64348e+42 0 0 0
523.299 1.12956e+44 1.12956e+44 1.13024e+44 1.13024e+44 1.13024e+44 0 0 81.681 1.46991e+43 4.64348e+42 0 0 0
604.296 8.70766e+43 8.70766e+43 8.71372e+43 8.71372e+43 8.71372e+43 0 0 7.53166e-07 1.27237e+43 4.64348e+42 0 0 0
697.831 6.70129e+43 6.70129e+43 6.70667e+43 6.70667e+43 6.70667e+43 0 0 3.7897e-16 1.10131e+43 4.64348e+42 0 0 0
805.842 5.14813e+43 5.14813e+43 5.15291e+43 5.15291e+43 5.15291e+43 0 0 6.63381e-27 9.53179e+42 4.64348e+42 0 0 0
930.572 3.9479e+43 3.9479e+43 3.95213e+43 3.95213e+43 3.95213e+43 0 0 2.4022e-39 8.24902e+42 4.64348e+42 0 0 0
1074.61 3.02216e+43 3.02216e+43 3.0259e+43 3.0259e+43 3.0259e+43 0 0 9.87278e-54 7.13818e+42 4.64348e+42 0 0 0
1240.94 2.30959e+43 2.30959e+43 2.31289e+43 2.31289e+43 2.31289e+43 0 0 2.30252e-70 6.17625e+42 4.64348e+42 0 0 0
1433.01 1.76226e+43 1.76226e+43 1.76517e+43 1.76517e+43 1.76517e+43 0 0 1.36851e-89 5.34325e+42 4.64348e+42 0 0 0
1654.82 1.34274e+43 1.34274e+43 1.3453e+43 1.3453e+43 1.3453e+43 0 0 8.22459e-112 4.62191e+42 4.64348e+42 0 0 0
1910.95 1.02183e+43 1.02183e+43 1.02408e+43 1.02408e+43 1.02408e+43 0 0 1.71871e-137 3.99726e+42 4.64348e+42 0 0 0
2206.73 7.76814e+42 7.76814e+42 7.7879e+42 7.7879e+42 7.7879e+42 0 0 3.64043e-167 3.45634e+42 4.64348e+42 0 0 0
2548.3 5.90057e+42 5.90057e+42 5.9179e+42 5.9179e+42 5.9179e+42 0 0 1.88256e-201 2.98794e+42 4.64348e+42 0 0 0
2942.73 4.4791e+42 4.4791e+42 4.4943e+42 4.4943e+42 4.4943e+42 0 0 4.59281e-241 2.58233e+42 4.64348e+42 0 0 0
3398.21 3.39846e+42 3.39846e+42 3.41178e+42 3.41178e+42 3.41178e+42 0 0 0 2.23109e+42 4.64348e+42 0 0 0
3924.19 2.57766e+42 2.57766e+42 2.58933e+42 2.58933e+42 2.58933e+42 0 0 0 1.92695e+42 4.64348e+42 0 0 0
4531.58 1.95465e+42 1.95465e+42 1.96487e+42 1.96487e+42 1.96487e+42 0 0 0 1.66359e+42 4.64348e+42 0 0 0
5232.99 1.48271e+42 1.48271e+42 1.49129e+42 1.49129e+42 1.49129e+42 0 0 0 1.43626e+42 4.64348e+42 0 0 0
6042.96 1.12419e+42 1.12419e+42 1.13166e+42 1.13166e+42 1.13166e+42 0 0 0 1.2389e+42 4.64348e+42 0 0 0
6978.31 8.52307e+41 8.52307e+41 8.58804e+41 8.58804e+41 8.58804e+41 0 0 0 1.06805e+42 4.64348e+42 0 0 0
8058.42 6.46132e+41 6.46132e+41 6.51775e+41 6.51775e+41 6.51775e+41 0 0 0 9.20156e+41 4.64348e+42 0 0 0
9305.72 4.89789e+41 4.89789e+41 4.94684e+41 4.94684e+41 4.94684e+41 0 0 0 7.92148e+41 4.64348e+42 0 0 0
10746.1 3.71233e+41 3.71233e+41 3.75472e+41 3.75472e+41 3.75472e+41 0 0 0 6.81369e+41 4.64348e+42 0 0 0
12409.4 2.81329e+41 2.81329e+41 2.84994e+41 2.84994e+41 2.84994e+41 0 0 0 5.8552e+41 4.64348e+42 0 0 0
14330.1 2.13154e+41 2.13154e+41 2.16317e+41 2.16317e+41 2.16317e+41 0 0 0 5.02607e+41 4.64348e+42 0 0 0
16548.2 1.61459e+41 1.61459e+41 1.64182e+41 1.64182e+41 1.64182e+41 0 0 0 4.30906e+41 4.64348e+42 0 0 0
19109.5 1.22263e+41 1.22263e+41 1.24602e+41 1.24602e+41 1.24602e+41 0 0 0 3.68925e+41 4.64348e+42 0 0 0
22067.3 9.25493e+40 9.25493e+40 9.4552e+40 9.4552e+40 9.4552e+40 0 0 0 3.15371e+41 4.64348e+42 0 0 0
25483 7.00285e+40 7.00285e+40 7.17379e+40 7.17379e+40 7.17379e+40 0 0 0 2.69124e+41 4.64348e+42 0 0 0
29427.3 5.29643e+40 5.29643e+40 5.44181e+40 5.44181e+40 5.44181e+40 0 0 0 2.29216e+41 4.64348e+42 0 0 0
33982.1 4.00393e+40 4.00393e+40 4.12707e+40 4.12707e+40 4.12707e+40 0 0 0 1.94806e+41 4.64348e+42 0 0 0
39241.9 3.02536e+40 3.02536e+40 3.12921e+40 3.12921e+40 3.12921e+40 0 0 0 1.65166e+41 4.64348e+42 0 0 0
45315.8 2.28482e+40 2.28482e+40 2.37198e+40 2.37198e+40 2.37198e+40 0 0 0 1.39665e+41 4.64348e+42 0 0 0
52329.9 1.72473e+40 1.72473e+40 1.7975e+40 1.7975e+40 1.7975e+40 0 0 0 1.17753e+41 4.64348e+42 0 0 0
60429.6 1.30136e+40 1.30136e+40 1.36178e+40 1.36178e+40 1.36178e+40 0 0 0 9.89554e+40 4.64348e+42 0 0 0
69783.1 9.8153e+39 9.8153e+39 1.03139e+40 1.03139e+40 1.03139e+40 0 0 0 8.28565e+40 4.64348e+42 0 0 0
80584.2 7.40059e+39 7.40059e+39 7.80959e+39 7.80959e+39 7.80959e+39 0 0 0 6.9096e+40 4.64348e+42 0 0 0
93057.2 5.57855e+39 5.57855e+39 5.91187e+39 5.91187e+39 5.91187e+39 0 0 0 5.73597e+40 4.64348e+42 0 0 0
107461 4.2044e+39 4.2044e+39 4.47425e+39 4.47425e+39 4.47425e+39 0 0 0 4.7374e+40 4.64348e+42 0 0 0
124094 3.1685e+39 3.1685e+39 3.38548e+39 3.38548e+39 3.38548e+39 0 0 0 3.89008e+40 4.64348e+42 0 0 0
143301 2.38783e+39 2.38783e+39 2.56112e+39 2.56112e+39 2.56112e+39 0 0 0 3.17332e+40 4.64348e+42 0 0 0
165482 1.79962e+39 1.79962e+39 1.93709e+39 1.93709e+39 1.93709e+39 0 0 0 2.56913e+40 4.64348e+42 0 0 0
191095 1.35647e+39 1.35647e+39 1.4648e+39 1.4648e+39 1.4648e+39 0 0 0 2.06196e+40 4.64348e+42 0 0 0
220673 1.0226e+39 1.0226e+39 1.10739e+39 1.10739e+39 1.10739e+39 0 0 0 1.63834e+40 4.64348e+42 0 0 0
254830 7.71015e+38 7.71015e+38 8.36969e+38 8.36969e+38 8.36969e+38 0 0 0 1.28666e+40 4.64348e+42 0 0 0
294273 5.8141e+38 5.8141e+38 6.32391e+38 6.32391e+38 6.32391e+38 0 0 0 9.96868e+39 4.64348e+42 0 0 0
339821 4.38479e+38 4.38479e+38 4.77649e+38 4.77649e+38 4.77649e+38 0 0 0 7.60281e+39 4.64348e+42 0 0 0
392419 3.30709e+38 3.30709e+38 3.60626e+38 3.60626e+38 3.60626e+38 0 0 0 5.69326e+39 4.64348e+42 0 0 0
453158 2.49431e+38 2.49431e+38 2.72151e+38 2.72151e+38 2.72151e+38 0 0 0 4.17358e+39 4.64348e+42 0 0 0
523299 1.88124e+38 1.88124e+38 2.05279e+38 2.05279e+38 2.05279e+38 1.14938e+30 2.85049e+34 0 2.98484e+39 4.64348e+42 0 0 0
604296 1.41874e+38 1.41874e+38 1.54755e+38 1.54755e+38 1.54755e+38 1.7704e+30 2.86279e+34 0 2.07431e+39 4.64348e+42 0 0 0
697831 1.06981e+38 1.06981e+38 1.16599e+38 1.16599e+38 1.16599e+38 2.39143e+30 2.8751e+34 0 1.39433e+39 4.64348e+42 0 0 0
805842 8.06569e+37 8.06569e+37 8.7798e+37 8.7798e+37 8.7798e+37 3.01245e+30 2.88741e+34 0 9.01761e+38 4.64348e+42 0 0 0
930572 6.07979e+37 6.07979e+37 6.60705e+37 6.60705e+37 6.60705e+37 3.63348e+30 2.89971e+34 0 5.57671e+38 4.64348e+42 0 0 0
1.07461e+06 4.58178e+37 4.58178e+37 4.96891e+37 4.96891e+37 4.96891e+37 4.60096e+30 2.91387e+34 0 3.27448e+38 4.64348e+42 0 0 0
1.24094e+06 3.45195e+37 3.45195e+37 3.73461e+37 3.73461e+37 3.73461e+37 6.17272e+30 2.91774e+34 0 1.8106e+38 4.64348e+42 0 0 0
1.43301e+06 2.59991e+37 2.59991e+37 2.8052e+37 2.8052e+37 2.8052e+37 8.2423e+30 2.92269e+34 0 9.33887e+37 4.64348e+42 0 0 0
1.65482e+06 1.95748e+37 1.95748e+37 2.10581e+37 2.10581e+37 2.10581e+37 1.09774e+31 2.92906e+34 0 4.44431e+37 4.64348e+42 0 0 0
1.91095e+06 1.4732e+37 1.4732e+37 1.57987e+37 1.57987e+37 1.57987e+37 1.48854e+31 2.93791e+34 0 1.92691e+37 4.64348e+42 0 0 0
2.20673e+06 1.10826e+37 1.10826e+37 1.18462e+37 1.18462e+37 1.18462e+37 1.9898e+31 2.94939e+34 0 7.50129e+36 4.64348e+42 0 0 0
2.5483e+06 8.33349e+36 8.33349e+36 8.87786e+36 8.87786e+36 8.87786e+36 2.64816e+31 2.96447e+34 0 2.57824e+36 4.64348e+42 0 0 0
2.94273e+06 6.26337e+36 6.26337e+36 6.64997e+36 6.64997e+36 6.64997e+36 3.52156e+31 2.98426e+34 0 7.67355e+35 4.64348e+42 0 0 0
3.39821e+06 4.70525e+36 4.70525e+36 4.97886e+36 4.97886e+36 4.97886e+36 4.77997e+31 3.01188e+34 0 1.93391e+35 4.64348e+42 0 0 0
3.92419e+06 3.53306e+36 3.53306e+36 3.72611e+36 3.72611e+36 3.72611e+36 6.4222e+31 3.04771e+34 0 4.02182e+34 4.64348e+42 0 0 0
4.53158e+06 2.65165e+36 2.65165e+36 2.78751e+36 2.78751e+36 2.78751e+36 8.63583e+31 3.09392e+34 0 6.69906e+33 4.64348e+42 0 0 0
5.23299e+06 1.98924e+36 1.98924e+36 2.08464e+36 2.08464e+36 2.08464e+36 1.15887e+32 3.15235e+34 0 8.63519e+32 4.64348e+42 0 0 0
6.04296e+06 1.49168e+36 1.49168e+36 1.55856e+36 1.55856e+36 1.55856e+36 1.57638e+32 3.22984e+34 0 8.27853e+31 4.64348e+42 0 0 0
6.97831e+06 1.11816e+36 1.11816e+36 1.16499e+36 1.16499e+36 1.16499e+36 2.11616e+32 3.32118e+34 0 5.63838e+30 4.64348e+42 0 0 0
8.05842e+06 8.37904e+35 8.37904e+35 8.70681e+35 8.70681e+35 8.70681e+35 2.81989e+32 3.42911e+34 0 2.58761e+29 4.64348e+42 0 0 0
9.30572e+06 6.27753e+35 6.27753e+35 6.50693e+35 6.50693e+35 6.50693e+35 3.74411e+32 3.55138e+34 0 7.52762e+27 4.64348e+42 0 0 0
1.07461e+07 4.70266e+35 4.70266e+35 4.86333e+35 4.86333e+35 4.86333e+35 4.98478e+32 3.69786e+34 0 1.29361e+26 4.64348e+42 0 0 0
1.24094e+07 3.52314e+35 3.52314e+35 3.63583e+35 3.63583e+35 3.63583e+35 6.4981e+32 3.8418e+34 0 1.21051e+24 4.64348e+42 0 0 0
1.43301e+07 2.6403e+35 2.6403e+35 2.71951e+35 2.71951e+35 2.71951e+35 8.31773e+32 3.9824e+34 0 5.61457e+21 4.64348e+42 0 0 0
1.65482e+07 1.97998e+35 1.97998e+35 2.03582e+35 2.03582e+35 2.03582e+35 1.04554e+33 4.11295e+34 0 1.15796e+19 4.64348e+42 0 0 0
1.91095e+07 1.48659e+35 1.48659e+35 1.52612e+35 1.52612e+35 1.52612e+35 1.30019e+33 4.22548e+34 0 9.368e+15 4.64348e+42 0 0 0
2.20673e+07 1.1181e+35 1.1181e+35 1.14622e+35 1.14622e+35 1.14622e+35 1.571e+33 4.32256e+34 0 2.57215e+12 4.64348e+42 0 0 0
2.5483e+07 8.4322e+34 8.4322e+34 8.63362e+34 8.63362e+34 8.63362e+34 1.86283e+33 4.39067e+34 0 2.02782e+08 4.64348e+42 0 0 0
2.94273e+07 6.38256e+34 6.38256e+34 6.52792e+34 6.52792e+34 6.52792e+34 2.15298e+33 4.39153e+34 0 3784.4 4.64348e+42 0 0 0
3.39821e+07 4.85553e+34 4.85553e+34 4.96144e+34 4.96144e+34 4.96144e+34 2.43502e+33 4.31309e+34 0 0.0133773 4.64348e+42 0 0 0
3.92419e+07 3.71622e+34 3.71622e+34 3.7942e+34 3.7942e+34 3.7942e+34 2.67536e+33 4.15323e+34 0 6.92343e-09 4.64348e+42 0 0 0
4.53158e+07 2.86696e+34 2.86696e+34 2.92512e+34 2.92512e+34 2.92512e+34 2.88388e+33 3.9401e+34 0 3.89702e-16 4.64348e+42 0 0 0
5.23299e+07 2.23272e+34 2.23272e+34 2.27672e+34 2.27672e+34 2.27672e+34 3.04811e+33 3.69434e+34 0 1.69233e-24 4.64348e+42 0 0 0
6.04296e+07 1.75571e+34 1.75571e+34 1.78947e+34 1.78947e+34 1.78947e+34 3.14237e+33 3.39176e+34 0 3.81402e-34 4.64348e+42 0 0 0
6.97831e+07 1.39377e+34 1.39377e+34 1.42006e+34 1.42006e+34 1.42006e+34 3.15939e+33 3.03911e+34 0 2.82212e-45 4.64348e+42 0 0 0
8.05842e+07 1.11655e+34 1.11655e+34 1.13729e+34 1.13729e+34 1.13729e+34 3.10591e+33 2.64226e+34 0 4.04046e-58 4.64348e+42 0 0 0
9.30572e+07 9.01041e+33 9.01041e+33 9.17603e+33 9.17603e+33 9.17603e+33 2.98385e+33 2.21508e+34 0 6.07818e-73 4.64348e+42 0 0 0
1.07461e+08 7.29972e+33 7.29972e+33 7.43301e+33 7.43301e+33 7.43301e+33 2.79344e+33 1.78179e+34 0 4.74661e-90 4.64348e+42 336.558 0 0
1.24094e+08 5.94029e+33 5.94029e+33 6.04843e+33 6.04843e+33 6.04843e+33 2.57184e+33 1.41036e+34 0 8.52395e-110 4.64348e+42 295.672 0 0
1.43301e+08 4.83476e+33 4.83476e+33 4.92283e+33 4.92283e+33 4.92283e+33 2.31764e+33 1.09658e+34 0 1.37464e-132 4.64348e+42 259.752 0 0
1.65482e+08 3.91986e+33 3.91986e+33 3.99152e+33 3.99152e+33 3.99152e+33 2.03938e+33 8.39046e+33 0 6.72156e-159 4.64348e+42 228.197 0 0
1.91095e+08 3.13888e+33 3.13888e+33 3.19663e+33 3.19663e+33 3.19663e+33 1.73353e+33 6.25563e+33 0 2.84398e-189 4.64348e+42 200.475 0 0
2.20673e+08 2.50222e+33 2.50222e+33 2.54866e+33 2.54866e+33 2.54866e+33 1.45235e+33 4.68839e+33 0 2.44748e-224 4.64348e+42 176.12 0 0
2.5483e+08 1.97638e+33 1.97638e+33 2.01346e+33 2.01346e+33 2.01346e+33 1.19209e+33 3.47425e+33 0 8.04774e-265 4.64348e+42 154.725 0 0
2.94273e+08 1.54434e+33 1.54434e+33 1.57369e+33 1.57369e+33 1.57369e+33 9.58436e+32 2.54611e+33 0 0 4.64348e+42 135.928 0 0
3.39821e+08 1.18507e+33 1.18507e+33 1.20791e+33 1.20791e+33 1.20791e+33 7.46999e+32 1.83282e+33 0 0 4.64348e+42 124.684 0 0
3.92419e+08 9.07293e+32 9.07293e+32 9.25056e+32 9.25056e+32 9.25056e+32 5.80164e+32 1.34091e+33 0 0 4.64348e+42 119.415 0 0
4.53158e+08 6.87876e+32 6.87876e+32 7.01571e+32 7.01571e+32 7.01571e+32 4.43758e+32 9.76517e+32 0 0 4.64348e+42 114.369 0 0
5.23299e+08 5.1562e+32 5.1562e+32 5.26068e+32 5.26068e+32 5.26068e+32 3.33597e+32 7.08192e+32 0 0 4.64348e+42 109.537 0 0
6.04296e+08 3.82966e+32 3.82966e+32 3.9087e+32 3.9087e+32 3.9087e+32 2.4745e+32 5.0818e+32 0 0 4.64348e+42 104.908 0 0
6.97831e+08 2.86375e+32 2.86375e+32 2.92398e+32 2.92398e+32 2.92398e+32 1.85933e+32 3.72184e+32 0 0 4.64348e+42 100.475 0 0
8.05842e+08 2.13064e+32 2.13064e+32 2.17633e+32 2.17633e+32 2.17633e+32 1.38872e+32 2.72128e+32 0 0 4.64348e+42 96.2298 0 0
9.30572e+08 1.57567e+32 1.57567e+32 1.61013e+32 1.61013e+32 1.61013e+32 1.02975e+32 1.98495e+32 0 0 4.64348e+42 92.1636 0 0
1.07461e+09 1.15361e+32 1.15361e+32 1.17935e+32 1.17935e+32 1.17935e+32 7.53382e+31 1.42738e+32 0 0 4.64348e+42 92.4958 0 0
1.24094e+09 8.54757e+31 8.54757e+31 8.74217e+31 8.74217e+31 8.74217e+31 5.6375e+31 1.05021e+32 0 0 4.64348e+42 97.2741 0 0
1.43301e+09 6.32687e+31 6.32687e+31 6.47385e+31 6.47385e+31 6.47385e+31 4.22481e+31 7.70632e+31 0 0 4.64348e+42 102.299 0 0
1.65482e+09 4.66478e+31 4.66478e+31 4.77535e+31 4.77535e+31 4.77535e+31 3.15583e+31 5.6378e+31 0 0 4.64348e+42 107.584 0 0
1.91095e+09 3.40612e+31 3.40612e+31 3.4885e+31 3.4885e+31 3.4885e+31 2.32809e+31 4.05696e+31 0 0 4.64348e+42 113.142 0 0
2.20673e+09 2.51655e+31 2.51655e+31 2.57864e+31 2.57864e+31 2.57864e+31 1.75412e+31 2.99149e+31 0 0 4.64348e+42 118.986 0 0
2.5483e+09 1.85346e+31 1.85346e+31 1.90011e+31 1.90011e+31 1.90011e+31 1.31775e+31 2.19972e+31 0 0 4.64348e+42 125.133 0 0
2.94273e+09 1.35934e+31 1.35934e+31 1.39425e+31 1.39425e+31 1.39425e+31 9.85228e+30 1.61236e+31 0 0 4.64348e+42 131.597 0 0
3.39821e+09 9.83884e+30 9.83884e+30 1.00967e+31 1.00967e+31 1.00967e+31 7.23462e+30 1.16247e+31 0 0 4.64348e+42 138.396 0 0
3.92419e+09 7.21262e+30 7.21262e+30 7.40724e+30 7.40724e+30 7.40724e+30 5.43462e+30 8.57795e+30 0 0 4.64348e+42 145.545 0 0
4.53158e+09 5.22366e+30 5.22366e+30 5.37688e+30 5.37688e+30 5.37688e+30 4.06907e+30 6.30719e+30 0 0 4.64348e+42 153.064 0 0
5.23299e+09 3.60696e+30 3.60696e+30 3.75034e+30 3.75034e+30 3.75034e+30 3.03605e+30 4.61872e+30 0 0 4.64348e+42 160.971 0 0
6.04296e+09 2.1016e+30 2.1016e+30 2.27589e+30 2.27589e+30 2.27589e+30 2.22009e+30 3.32958e+30 0 0 4.64348e+42 169.286 0 0
6.97831e+09 8.79829e+29 8.79829e+29 1.0924e+30 1.0924e+30 1.0924e+30 1.66457e+30 2.45432e+30 0 0 4.64348e+42 178.032 0 0
8.05842e+09 2.23887e+29 2.23887e+29 4.07659e+29 4.07659e+29 4.07659e+29 1.24394e+30 1.8042e+30 0 0 4.64348e+42 187.229 0 0
9.30572e+09 3.04125e+28 3.04125e+28 1.37653e+29 1.37653e+29 1.37653e+29 9.23737e+29 1.32259e+30 0 0 4.64348e+42 196.901 0 0
1.07461e+10 1.59775e+27 1.59775e+27 4.71859e+28 4.71859e+28 4.71859e+28 6.73957e+29 9.56473e+29 0 0 4.64348e+42 220.926 0 0
1.24094e+10 1.98772e+25 1.98772e+25 1.77055e+28 1.77055e+28 1.77055e+28 5.01385e+29 7.07412e+29 0 0 4.64348e+42 264.467 0 0
1.43301e+10 3.16702e+22 3.16702e+22 7.20473e+27 7.20473e+27 7.20473e+27 3.70733e+29 5.21903e+29 0 0 4.64348e+42 316.59 0 0
1.65482e+10 3.86181e+18 3.86181e+18 3.17347e+27 3.17347e+27 3.17347e+27 2.73279e+29 3.83868e+29 0 0 4.64348e+42 378.985 0 0
1.91095e+10 2.64646e+13 2.64646e+13 1.48274e+27 1.48274e+27 1.48274e+27 1.97667e+29 2.77652e+29 0 0 4.64348e+42 453.677 0 0
2.20673e+10 1.07067e+07 1.07067e+07 7.52536e+26 7.52536e+26 7.52536e+26 1.46276e+29 2.05498e+29 0 0 4.64348e+42 543.09 34.7254 0
2.5483e+10 0.356879 0.356879 4.03326e+26 4.03326e+26 4.03326e+26 1.07883e+29 1.51595e+29 0 0 4.64348e+42 650.125 22.9578 0
2.94273e+10 1.86881e-09 1.86881e-09 2.26668e+26 2.26668e+26 2.26668e+26 7.93335e+28 1.11445e+29 0 0 4.64348e+42 778.255 15.5417 0
3.39821e+10 3.52931e-18 3.52931e-18 1.31015e+26 1.31015e+26 1.31015e+26 5.72459e+28 8.04427e+28 0 0 4.64348e+42 931.638 10.7604 0
3.92419e+10 6.31709e-27 6.31709e-27 8.03547e+25 8.03547e+25 8.03547e+25 4.24291e+28 5.95477e+28 0 0 4.64348e+42 1115.25 7.61059 0
4.53158e+10 2.59232e-35 2.59232e-35 5.08559e+25 5.08559e+25 5.08559e+25 3.13786e+28 4.39722e+28 0 0 4.64348e+42 1335.05 5.49245 0
5.23299e+10 5.41499e-43 5.41499e-43 3.30924e+25 3.30924e+25 3.30924e+25 2.31683e+28 3.23805e+28 0 0 4.64348e+42 1598.17 4.04008 0
6.04296e+10 1.06885e-49 1.06885e-49 2.17857e+25 2.17857e+25 2.17857e+25 1.68232e+28 2.34094e+28 0 0 4.64348e+42 1913.14 3.02568 0
6.97831e+10 3.20359e-55 3.20359e-55 1.49898e+25 1.49898e+25 1.49898e+25 1.25364e+28 1.73727e+28 0 0 4.64348e+42 2290.19 2.3047 0
8.05842e+10 1.81933e-59 1.81933e-59 1.04997e+25 1.04997e+25 1.04997e+25 9.31686e+27 1.28627e+28 0 0 4.64348e+42 2741.56 1.78376 0
9.30572e+10 2.09651e-62 2.09651e-62 7.46933e+24 7.46933e+24 7.46933e+24 6.90508e+27 9.4964e+27 0 0 4.64348e+42 3281.87 1.40144 0
1.07461e+11 4.46485e-64 4.46485e-64 5.31024e+24 5.31024e+24 5.31024e+24 5.02109e+27 6.87677e+27 0 0 4.64348e+42 3928.68 1.11671 0
1.24094e+11 1.50274e-64 1.50274e-64 3.9089e+24 3.9089e+24 3.9089e+24 3.74029e+27 5.11063e+27 0 0 4.64348e+42 4702.97 0.901709 0
1.43301e+11 5.93583e-64 5.93583e-64 2.90502e+24 2.90502e+24 2.90502e+24 2.77659e+27 3.78756e+27 0 0 4.64348e+42 5629.85 0.737233 0
1.65482e+11 1.99148e-62 1.99148e-62 2.17584e+24 2.17584e+24 2.17584e+24 2.05324e+27 2.7978e+27 0 0 4.64348e+42 6739.41 0.609868 0
1.91095e+11 3.96247e-60 3.96247e-60 1.61772e+24 1.61772e+24 1.61772e+24 1.48892e+27 2.02562e+27 0 0 4.64348e+42 8067.65 0.510106 0
2.20673e+11 3.43899e-57 3.439e-57 1.24023e+24 1.24023e+24 1.24023e+24 1.10677e+27 1.50517e+27 0 0 4.64348e+42 9657.66 0.431129 0
2.5483e+11 9.1178e-54 9.1178e-54 9.55656e+23 9.55656e+23 9.55656e+23 8.20056e+26 1.11516e+27 0 0 4.64348e+42 11561 0.367983 0
2.94273e+11 5.43865e-50 5.43865e-50 7.39402e+23 7.39402e+23 7.39402e+23 6.05609e+26 8.23429e+26 0 0 4.64348e+42 13839.6 0.317029 0
3.39821e+11 5.47452e-46 5.47452e-46 5.65875e+23 5.65875e+23 5.65875e+23 4.38788e+26 5.95776e+26 0 0 4.64348e+42 0 0.275565 0
3.92419e+11 7.63086e-42 7.63086e-42 4.45478e+23 4.45478e+23 4.45478e+23 3.26043e+26 4.42472e+26 0 0 4.64348e+42 0 0.241562 0
4.53158e+11 1.17412e-37 1.17412e-37 3.51458e+23 3.51458e+23 3.51458e+23 2.4151e+26 3.27625e+26 0 0 4.64348e+42 0 0.213483 0
5.23299e+11 1.68856e-33 1.68856e-33 2.77671e+23 2.77671e+23 2.77671e+23 1.78304e+26 2.41745e+26 0 0 4.64348e+42 0 0.190154 0
6.04296e+11 1.95685e-29 1.95685e-29 2.16339e+23 2.16339e+23 2.16339e+23 1.29103e+26 1.7474e+26 0 0 4.64348e+42 0 0.170669 0
6.97831e+11 1.71582e-25 1.71582e-25 1.73092e+23 1.73092e+23 1.73092e+23 9.58836e+25 1.29664e+26 0 0 4.64348e+42 0 0.154323 0
8.05842e+11 1.02589e-21 1.02589e-21 1.38493e+23 1.38493e+23 1.38493e+23 7.09852e+25 9.59141e+25 0 0 4.64348e+42 0 0.140565 0
9.30572e+11 3.95647e-18 3.95647e-18 1.1074e+23 1.1074e+23 1.1074e+23 5.23756e+25 7.06936e+25 0 0 4.64348e+42 0 0.12896 0
1.07461e+12 9.34698e-15 9.34699e-15 8.71097e+22 8.71097e+22 8.71097e+22 3.78856e+25 5.10253e+25 0 0 4.64348e+42 0 0.119166 0
1.24094e+12 1.38199e-11 1.38199e-11 7.02741e+22 7.02741e+22 7.02741e+22 2.81144e+25 3.78126e+25 0 0 4.64348e+42 0 0.110908 0
1.43301e+12 1.23522e-08 1.23522e-08 5.65842e+22 5.65842e+22 5.65842e+22 2.0795e+25 2.79291e+25 0 0 4.64348e+42 0 0.103969 0
1.65482e+12 6.68584e-06 6.68584e-06 4.54416e+22 4.54416e+22 4.54416e+22 1.53276e+25 2.05509e+25 0 0 4.64348e+42 0 0.098177 0
1.91095e+12 0.00217806 0.00217806 3.58099e+22 3.58099e+22 3.58099e+22 1.10716e+25 1.48021e+25 0 0 4.64348e+42 0 0.0933933 0
2.20673e+12 0.45273 0.45273 2.88939e+22 2.88939e+22 2.88939e+22 8.20571e+24 1.09478e+25 0 0 4.64348e+42 0 0.0895108 0
2.5483e+12 59.5676 59.5676 2.32127e+22 2.32127e+22 2.32127e+22 6.0609e+24 8.06871e+24 0 0 4.64348e+42 0 0.0864461 0
2.94273e+12 5070.84 5070.85 1.855e+22 1.855e+22 1.855e+22 4.46053e+24 5.92289e+24 0 0 4.64348e+42 0 0.0841374 0
3.39821e+12 281387 281387 1.44955e+22 1.44955e+22 1.44955e+22 3.21534e+24 4.25305e+24 0 0 4.64348e+42 0 0.082541 0
3.92419e+12 1.09054e+07 1.09054e+07 1.15677e+22 1.15677e+22 1.15677e+22 2.37862e+24 3.13681e+24 0 0 4.64348e+42 0 0.08163 0
4.53158e+12 2.94262e+08 2.94262e+08 9.15817e+21 9.15817e+21 9.15817e+21 1.7533e+24 2.30475e+24 0 0 4.64348e+42 0 0.0813928 0
5.23299e+12 5.66468e+09 5.66468e+09 7.18397e+21 7.18397e+21 7.18397e+21 1.28743e+24 1.68603e+24 0 0 4.64348e+42 0 0.0818329 0
6.04296e+12 7.83505e+10 7.83505e+10 5.4842e+21 5.4842e+21 5.4842e+21 9.25296e+23 1.20545e+24 0 0 4.64348e+42 0 0.0829683 0
6.97831e+12 8.34151e+11 8.34151e+11 4.26054e+21 4.26054e+21 4.26054e+21 6.82676e+23 8.85558e+23 0 0 4.64348e+42 0 0.0848322 0
8.05842e+12 6.79026e+12 6.79026e+12 3.26957e+21 3.26957e+21 3.26957e+21 5.01724e+23 6.4783e+23 0 0 4.64348e+42 0 0.0874729 0
9.30572e+12 4.31521e+13 4.31521e+13 2.47583e+21 2.47583e+21 2.47583e+21 3.6721e+23 4.7165e+23 0 0 4.64348e+42 0 0.0909553 0
1.07461e+13 2.14579e+14 2.14579e+14 1.81639e+21 1.81639e+21 1.81639e+21 2.62812e+23 3.35156e+23 0 0 4.64348e+42 0 0.0953611 0
1.24094e+13 8.92198e+14 8.92199e+14 1.35337e+21 1.35337e+21 1.35337e+21 1.93164e+23 2.44862e+23 0 0 4.64348e+42 0 0.10079 0
1.43301e+13 3.06484e+15 3.06484e+15 9.93923e+20 9.93923e+20 9.93923e+20 1.41372e+23 1.78051e+23 0 0 4.64348e+42 0 0.10736 0
1.65482e+13 8.84236e+15 8.84237e+15 7.19383e+20 7.19383e+20 7.19383e+20 1.02992e+23 1.2877e+23 0 0 4.64348e+42 0 0.115206 0
1.91095e+13 2.13652e+16 2.13652e+16 5.03924e+20 5.03924e+20 5.03924e+20 7.32781e+22 9.07311e+22 0 0 4.64348e+42 0 0.12448 0
2.20673e+13 4.61089e+16 4.6109e+16 3.59279e+20 3.59279e+20 3.59279e+20 5.3572e+22 6.57866e+22 0 0 4.64348e+42 0 0.135345 0
2.5483e+13 8.73477e+16 8.73479e+16 2.52944e+20 2.52944e+20 2.52944e+20 3.8979e+22 4.74415e+22 0 0 4.64348e+42 0 0.147968 0
2.94273e+13 1.47051e+17 1.47052e+17 1.75956e+20 1.75956e+20 1.75956e+20 2.82152e+22 3.40004e+22 0 0 4.64348e+42 0 0.162507 0
3.39821e+13 2.18197e+17 2.18198e+17 1.18669e+20 1.18669e+20 1.18669e+20 1.99097e+22 2.36781e+22 0 0 4.64348e+42 0 0.179093 0
3.92419e+13 3.04028e+17 3.04031e+17 8.1869e+19 8.1869e+19 8.1869e+19 1.44485e+22 1.69923e+22 0 0 4.64348e+42 0 0.197804 0
4.53158e+13 3.88717e+17 3.88722e+17 5.59621e+19 5.59621e+19 5.59621e+19 1.04281e+22 1.21169e+22 0 0 4.64348e+42 0 0.218621 0
5.23299e+13 4.59902e+17 4.59909e+17 3.79182e+19 3.79182e+19 3.79182e+19 7.48188e+21 8.57787e+21 0 0 4.64348e+42 0 0.241387 0
6.04296e+13 4.96593e+17 4.96602e+17 2.49368e+19 2.49368e+19 2.49368e+19 5.2195e+21 5.87907e+21 0 0 4.64348e+42 0 0.265741 0
6.97831e+13 5.21683e+17 5.21695e+17 1.68582e+19 1.68582e+19 1.68582e+19 3.74966e+21 4.16086e+21 0 0 4.64348e+42 0 0.291055 0
8.05842e+13 5.18062e+17 5.18075e+17 1.13164e+19 1.13164e+19 1.13164e+19 2.67657e+21 2.92257e+21 0 0 4.64348e+42 0 0.316368 0
9.30572e+13 4.8887e+17 4.88885e+17 7.54244e+18 7.54244e+18 7.54244e+18 1.89729e+21 2.03511e+21 0 0 4.64348e+42 0 0.340344 0
1.07461e+14 4.29981e+17 4.29998e+17 4.87268e+18 4.87268e+18 4.87268e+18 1.30293e+21 1.36486e+21 0 0 4.64348e+42 0 0 0
1.24094e+14 3.76961e+17 3.76983e+17 3.24922e+18 3.24922e+18 3.24922e+18 9.23244e+20 9.48194e+20 0 0 4.64348e+42 0 0 0
1.43301e+14 3.18238e+17 3.18271e+17 2.15234e+18 2.15234e+18 2.15234e+18 6.49226e+20 6.52712e+20 0 0 4.64348e+42 0 0 0
1.65482e+14 2.59457e+17 2.59511e+17 1.41561e+18 1.41561e+18 1.41561e+18 4.52718e+20 4.4461e+20 0 0 4.64348e+42 0 0 0
1.91095e+14 1.9923e+17 1.99316e+17 8.98862e+17 8.98862e+17 8.98862e+17 3.04273e+20 2.89522e+20 0 0 4.64348e+42 0 0 0
2.20673e+14 1.55074e+17 1.55204e+17 5.91451e+17 5.91451e+17 5.91451e+17 2.11632e+20 1.9622e+20 0 0 4.64348e+42 0 0 0
2.5483e+14 1.1746e+17 1.1764e+17 3.86256e+17 3.86256e+17 3.86256e+17 1.45833e+20 1.31494e+20 0 0 4.64348e+42 0 0 0
2.94273e+14 8.66907e+16 8.69133e+16 2.50153e+17 2.50153e+17 2.50153e+17 9.94676e+19 8.69859e+19 0 0 4.64348e+42 0 0 0
3.39821e+14 6.03796e+16 6.06214e+16 1.55308e+17 1.55308e+17 1.55308e+17 6.49013e+19 5.44129e+19 0 0 4.64348e+42 0 0 0
3.92419e+14 4.31878e+16 4.34403e+16 1.00417e+17 1.00417e+17 1.00417e+17 4.40213e+19 3.56836e+19 0 0 4.64348e+42 0 0 0
4.53158e+14 3.02215e+16 3.04651e+16 6.43121e+16 6.43121e+16 6.43121e+16 2.9515e+19 2.30748e+19 0 0 4.64348e+42 0 0 0
5.23299e+14 2.06964e+16 2.0915e+16 4.07527e+16 4.07527e+16 4.07527e+16 1.95384e+19 1.46819e+19 0 0 4.64348e+42 0 0 0
6.04296e+14 1.33105e+16 1.34868e+16 2.44859e+16 2.44859e+16 2.44859e+16 1.22365e+19 8.69145e+18 0 0 4.64348e+42 0 0 0
6.97831e+14 8.90301e+15 9.04527e+15 1.54301e+16 1.54301e+16 1.54301e+16 8.02195e+18 5.45546e+18 0 0 4.64348e+42 0 0 0
8.05842e+14 5.83777e+15 5.94656e+15 9.60215e+15 9.60215e+15 9.60215e+15 5.18235e+18 3.36439e+18 0 0 4.64348e+42 0 0 0
9.30572e+14 3.75059e+15 3.82972e+15 5.89205e+15 5.89205e+15 5.89205e+15 3.29427e+18 2.03287e+18 0 0 4.64348e+42 0 0 0
1.07461e+15 2.23401e+15 2.286e+15 3.37041e+15 3.37041e+15 3.37041e+15 1.94783e+18 1.11479e+18 0 0 4.64348e+42 0 0 0
1.24094e+15 1.40432e+15 1.43955e+15 2.04438e+15 2.04438e+15 2.04438e+15 1.21895e+18 6.60045e+17 0 0 4.64348e+42 0 0 0
1.43301e+15 8.64354e+14 8.87257e+14 1.2192e+15 1.2192e+15 1.2192e+15 7.48471e+17 3.82186e+17 0 0 4.64348e+42 0 0 0
1.65482e+15 5.20221e+14 5.34523e+14 7.13529e+14 7.13529e+14 7.13529e+14 4.50111e+17 2.15615e+17 0 0 4.64348e+42 0 0 0
1.91095e+15 2.83268e+14 2.9122e+14 3.7898e+14 3.7898e+14 3.7898e+14 2.4514e+17 1.06177e+17 0 0 4.64348e+42 0 0 0
2.20673e+15 1.66042e+14 1.70735e+14 2.17278e+14 2.17278e+14 2.17278e+14 1.43864e+17 5.81496e+16 0 0 4.64348e+42 0 0 0
2.5483e+15 9.48581e+13 9.75235e+13 1.217e+14 1.217e+14 1.217e+14 8.23324e+16 3.0963e+16 0 0 4.64348e+42 0 0 0
2.94273e+15 5.27349e+13 5.41917e+13 6.64742e+13 6.64742e+13 6.64742e+13 4.58611e+16 1.59503e+16 0 0 4.64348e+42 0 0 0
3.39821e+15 2.54059e+13 2.6089e+13 3.1524e+13 3.1524e+13 3.1524e+13 2.21396e+16 6.73307e+15 0 0 4.64348e+42 0 0 0
3.92419e+15 1.35938e+13 1.39464e+13 1.66312e+13 1.66312e+13 1.66312e+13 1.18724e+16 3.32132e+15 0 0 4.64348e+42 0 0 0
4.53158e+15 7.02986e+12 7.20439e+12 8.49291e+12 8.49291e+12 8.49291e+12 6.15238e+15 1.58165e+15 0 0 4.64348e+42 0 0 0
5.23299e+15 3.51003e+12 3.59284e+12 4.19302e+12 4.19302e+12 4.19302e+12 3.07746e+15 7.22325e+14 0 0 4.64348e+42 0 0 0
6.04296e+15 1.41101e+12 1.44245e+12 1.66869e+12 1.66869e+12 1.66869e+12 1.23862e+15 2.43166e+14 0 0 4.64348e+42 0 0 0
6.97831e+15 6.64074e+11 6.77965e+11 7.78322e+11 7.78322e+11 7.78322e+11 5.83574e+14 1.04035e+14 0 0 4.64348e+42 0 0 0
8.05842e+15 2.9781e+11 3.03629e+11 3.46261e+11 3.46261e+11 3.46261e+11 2.61867e+14 4.26243e+13 0 0 4.64348e+42 0 0 0
9.30572e+15 1.27485e+11 1.29801e+11 1.47172e+11 1.47172e+11 1.47172e+11 1.12102e+14 1.659e+13 0 0 4.64348e+42 0 0 0
1.07461e+16 3.88013e+10 3.9454e+10 4.45105e+10 4.45105e+10 4.45105e+10 3.40927e+13 3.94274e+12 0 0 4.64348e+42 0 0 0
1.24094e+16 1.51265e+10 1.53612e+10 1.7255e+10 1.7255e+10 1.7255e+10 1.32749e+13 1.37804e+12 0 0 4.64348e+42 0 0 0
1.43301e+16 5.46942e+09 5.54744e+09 6.20806e+09 6.20806e+09 6.20806e+09 4.79117e+12 4.57509e+11 0 0 4.64348e+42 0 0 0
1.65482e+16 1.84267e+09 1.86676e+09 2.08234e+09 2.08234e+09 2.08234e+09 1.6095e+12 1.44197e+11 0 0 4.64348e+42 0 0 0
1.91095e+16 3.65516e+08 3.69884e+08 4.11464e+08 4.11464e+08 4.11464e+08 3.1837e+11 1.95155e+10 0 0 4.64348e+42 0 0 0
2.20673e+16 1.06907e+08 1.08072e+08 1.19938e+08 1.19938e+08 1.19938e+08 9.27651e+10 5.00185e+09 0 0 4.64348e+42 0 0 0
2.5483e+16 2.75166e+07 2.77893e+07 3.07787e+07 3.07787e+07 3.07787e+07 2.37711e+10 1.19392e+09 0 0 4.64348e+42 0 0 0
2.94273e+16 6.12184e+06 6.17691e+06 6.82983e+06 6.82983e+06 6.82983e+06 5.262e+09 2.75989e+08 0 0 4.64348e+42 0 0 0
3.39821e+16 629875 635007 701136 701136 701136 5.38339e+08 1.61128e+07 0 0 4.64348e+42 0 0 0
3.92419e+16 115561 116412 128384 128384 128384 9.81502e+07 2.49436e+06 0 0 4.64348e+42 0 0 0
4.53158e+16 17093.2 17206.9 18958.2 18958.2 18958.2 1.44187e+07 332193 0 0 4.64348e+42 0 0 0
5.23299e+16 1868.92 1880.13 2069.86 2069.86 2069.86 1.56481e+06 42996.3 0 0 4.64348e+42 0 0 0
6.04296e+16 63.4071 63.7493 70.1392 70.1392 70.1392 52663.7 753.022 0 0 4.64348e+42 0 0 0
6.97831e+16 4.8316 4.85505 5.33915 5.33915 5.33915 3978.32 41.2625 0 0 4.64348e+42 0 0 0
8.05842e+16 0.168283 0.169016 0.185804 0.185804 0.185804 137.288 0.788094 0 0 4.64348e+42 0 0 0
9.30572e+16 0 0 0 0 0 0 0 0 0 4.64348e+42 0 0 0