
1.07461e-07 0 0 3.0473e+43 1.56649e+50 4.28643e+57 0 0 7.28334e+43 0 4.64348e+42 0 0 0
1.24094e-07 0 0 2.62722e+44 1.70213e+50 3.65885e+57 0 0 8.41067e+43 0 4.64348e+42 0 0 0
1.43301e-07 0 0 1.71352e+45 1.84688e+50 3.11787e+57 0 0 9.71249e+43 0 4.64348e+42 0 0 0
1.65482e-07 0 0 8.78538e+45 2.0034e+50 2.65543e+57 0 0 1.12158e+44 0 4.64348e+42 0 0 0
1.91095e-07 0 0 3.66189e+46 2.17562e+50 2.26345e+57 0 0 1.29518e+44 0 4.64348e+42 0 0 0
2.20673e-07 0 0 1.27791e+47 2.36888e+50 1.93389e+57 0 0 1.49565e+44 0 4.64348e+42 0 0 0
2.5483e-07 0 0 3.83073e+47 2.58995e+50 1.65871e+57 0 0 1.72715e+44 0 4.64348e+42 0 0 0
2.94273e-07 0 0 1.0085e+48 2.84685e+50 1.43002e+57 0 0 1.99448e+44 0 4.64348e+42 0 0 0
3.39821e-07 0 0 2.37624e+48 3.14847e+50 1.24023e+57 0 0 2.30319e+44 0 4.64348e+42 0 0 0
3.92419e-07 0 0 5.09107e+48 3.50401e+50 1.08228e+57 0 0 2.65969e+44 0 4.64348e+42 0 0 0
4.53158e-07 0 0 1.00491e+49 3.92246e+50 9.49848e+56 0 0 3.07136e+44 0 4.64348e+42 0 0 0
5.23299e-07 0 0 1.84726e+49 4.41216e+50 8.37521e+56 0 0 3.54675e+44 0 4.64348e+42 0 0 0
6.04296e-07 0 0 3.19079e+49 4.98085e+50 7.40935e+56 0 0 4.09572e+44 0 4.64348e+42 0 0 0
6.97831e-07 0 0 5.2184e+49 5.63617e+50 6.56752e+56 0 0 4.72967e+44 0 4.64348e+42 0 0 0
8.05842e-07 0 0 8.13473e+49 6.38662e+50 5.82556e+56 0 0 5.46174e+44 0 4.64348e+42 0 0 0
9.30572e-07 0 0 1.21598e+50 7.24271e+50 5.16669e+56 0 0 6.30711e+44 0 4.64348e+42 0 0 0
1.07461e-06 0 0 1.75254e+50 8.21807e+50 4.57935e+56 0 0 7.28334e+44 0 4.64348e+42 0 0 0
1.24094e-06 0 0 2.44763e+50 9.3303e+50 4.05526e+56 0 0 8.41067e+44 0 4.64348e+42 0 0 0
1.43301e-06 0 0 3.32751e+50 1.06017e+51 3.58799e+56 0 0 9.71249e+44 0 4.64348e+42 0 0 0
1.65482e-06 0 0 4.42114e+50 1.20597e+51 3.17208e+56 0 0 1.12158e+45 0 4.64348e+42 0 0 0
1.91095e-06 0 0 5.76126e+50 1.37374e+51 2.8026e+56 0 0 1.29518e+45 0 4.64348e+42 0 0 0
2.20673e-06 0 0 7.38572e+50 1.56746e+51 2.47493e+56 0 0 1.49565e+45 0 4.64348e+42 0 0 0
2.5483e-06 0 0 9.33877e+50 1.79181e+51 2.18477e+56 0 0 1.72715e+45 0 4.64348e+42 0 0 0
2.94273e-06 0 0 1.16725e+51 2.05225e+51 1.92808e+56 0 0 1.99448e+45 0 4.64348e+42 0 0 0
3.39821e-06 0 0 1.44482e+51 2.35524e+51 1.70112e+56 0 0 2.30319e+45 0 4.64348e+42 0 0 0
3.92419e-06 0 0 1.77388e+51 2.70832e+51 1.50049e+56 0 0 2.65968e+45 0 4.64348e+42 0 0 0
4.53158e-06 0 0 2.16313e+51 3.12051e+51 1.32311e+56 0 0 3.07136e+45 0 4.64348e+42 0 0 0
5.23299e-06 0 0 2.62304e+51 3.60261e+51 1.16625e+56 0 0 3.54675e+45 0 4.64348e+42 0 0 0
6.04296e-06 0 0 3.16632e+51 4.1677e+51 1.02751e+56 0 0 4.09572e+45 0 4.64348e+42 0 0 0
6.97831e-06 0 0 3.80841e+51 4.83158e+51 9.04799e+55 0 0 4.72966e+45 0 4.64348e+42 0 0 0
8.05842e-06 0 0 4.56792e+51 5.61321e+51 7.96266e+55 0 0 5.46172e+45 0 4.64348e+42 0 0 0
9.30572e-06 0 0 5.46713e+51 6.53517e+51 7.00295e+55 0 0 6.3071e+45 0 4.64348e+42 0 0 0
1.07461e-05 0 0 6.53262e+51 7.62426e+51 6.15458e+55 0 0 7.28332e+45 0 4.64348e+42 0 0 0
1.24094e-05 0 0 7.7961e+51 8.91235e+51 5.40487e+55 0 0 8.41064e+45 0 4.64348e+42 0 0 0
1.43301e-05 0 0 9.29545e+51 1.04375e+52 4.7426e+55 0 0 9.71245e+45 0 4.64348e+42 0 0 0
1.65482e-05 0 0 1.10761e+52 1.22452e+52 4.1578e+55 0 0 1.12158e+46 0 4.64348e+42 0 0 0
1.91095e-05 0 0 1.31922e+52 1.43898e+52 3.64167e+55 0 0 1.29517e+46 0 4.64348e+42 0 0 0
2.20673e-05 0 0 1.57085e+52 1.69362e+52 3.18639e+55 0 0 1.49564e+46 0 4.64348e+42 0 0 0
2.5483e-05 0 0 1.87021e+52 1.99614e+52 2.78502e+55 0 0 1.72714e+46 0 4.64348e+42 0 0 0
2.94273e-05 0 0 2.22646e+52 2.35572e+52 2.43143e+55 0 0 1.99447e+46 0 4.64348e+42 0 0 0
3.39821e-05 0 0 2.65053e+52 2.78327e+52 2.12016e+55 0 0 2.30317e+46 0 4.64348e+42 0 0 0
3.92419e-05 0 0 3.1554e+52 3.29179e+52 1.84636e+55 0 0 2.65966e+46 0 4.64348e+42 0 0 0
4.53158e-05 0 0 3.75651e+52 3.89672e+52 1.60575e+55 0 0 3.07132e+46 0 4.64348e+42 0 0 0
5.23299e-05 0 0 4.47223e+52 4.61642e+52 1.3945e+55 0 0 3.5467e+46 0 4.64348e+42 0 0 0
6.04296e-05 0 0 5.32437e+52 5.47271e+52 1.20922e+55 0 0 4.09565e+46 0 4.64348e+42 0 0 0
6.97831e-05 0 0 6.33888e+52 6.49153e+52 1.04691e+55 0 0 4.72957e+46 0 4.64348e+42 0 0 0
8.05842e-05 0 0 7.54659e+52 7.70372e+52 9.04879e+54 0 0 5.46161e+46 0 4.64348e+42 0 0 0
9.30572e-05 0 0 8.98415e+52 9.14591e+52 7.80766e+54 0 0 6.30694e+46 0 4.64348e+42 0 0 0
0.000107461 0 0 1.06952e+53 1.08617e+53 6.72457e+54 0 0 7.28311e+46 0 4.64348e+42 0 0 0
0.000124094 0 0 1.27314e+53 1.29029e+53 5.7808e+54 0 0 8.41036e+46 0 4.64348e+42 0 0 0
0.000143301 0 0 1.51547e+53 1.53313e+53 4.9597e+54 0 0 9.71208e+46 0 4.64348e+42 0 0 0
0.000165482 0 0 1.80384e+53 1.82203e+53 4.24651e+54 0 0 1.12153e+47 0 4.64348e+42 0 0 0
0.000191095 0 0 2.14702e+53 2.16575e+53 3.62815e+54 0 0 1.29511e+47 0 4.64348e+42 0 0 0
0.000220673 0 0 2.55541e+53 2.57472e+53 3.09301e+54 0 0 1.49556e+47 0 4.64348e+42 0 0 0
0.00025483 9.53923e-261 9.53923e-261 3.04098e+53 3.06086e+53 2.63078e+54 0 0 1.72702e+47 2.61477e-265 4.64348e+42 0 0 0
0.000294273 6.65145e-179 6.65145e-179 3.61238e+53 3.63282e+53 2.23235e+54 0 0 1.99431e+47 1.3291e-183 4.64348e+42 0 0 0
0.000339821 2.16567e-118 2.16567e-118 4.25446e+53 4.2753e+53 1.88966e+54 0 0 2.30296e+47 3.18187e-123 4.64348e+42 0 0 0
0.000392419 1.18563e-73 1.18563e-73 4.89831e+53 4.91908e+53 1.59557e+54 0 0 2.65938e+47 1.31019e-78 4.64348e+42 0 0 0
0.000453158 1.38916e-40 1.38916e-40 5.42583e+53 5.44575e+53 1.34379e+54 0 0 3.07095e+47 1.20011e-45 4.64348e+42 0 0 0
0.000523299 3.77558e-16 3.77558e-16 5.72521e+53 5.74341e+53 1.12876e+54 0 0 3.54621e+47 2.67686e-21 4.64348e+42 0 0 0
0.000604296 419.369 419.369 5.74646e+53 5.76228e+53 9.45581e+53 0 0 4.095e+47 0.00256524 4.64348e+42 0 0 0
0.000697831 8.75424e+15 8.75424e+15 5.51186e+53 5.525e+53 7.89948e+53 0 0 4.7287e+47 4.83452e+10 4.64348e+42 0 0 0
0.000805842 5.84117e+25 5.84117e+25 5.08904e+53 5.09954e+53 6.58079e+53 0 0 5.46044e+47 3.02551e+20 4.64348e+42 0 0 0
0.000930572 1.01405e+33 1.01405e+33 4.55709e+53 4.56523e+53 5.4666e+53 0 0 6.30539e+47 5.0793e+27 4.64348e+42 0 0 0
0.00107461 2.16011e+38 2.16011e+38 3.98431e+53 3.99047e+53 4.52791e+53 0 0 7.28104e+47 1.07166e+33 4.64348e+42 0 0 0
0.00124094 1.77777e+42 1.77777e+42 3.41973e+53 3.42431e+53 3.73943e+53 0 0 8.40761e+47 8.89851e+36 4.64348e+42 0 0 0
0.00143301 1.31989e+45 1.31989e+45 2.89358e+53 2.89693e+53 3.07911e+53 0 0 9.7084e+47 6.76142e+39 4.64348e+42 0 0 0
0.00165482 1.65468e+47 1.65468e+47 2.42134e+53 2.42377e+53 2.52784e+53 0 0 1.12104e+48 8.77187e+41 4.64348e+42 0 0 0
0.00191095 5.56722e+48 5.56722e+48 2.00847e+53 2.01022e+53 2.06904e+53 0 0 1.29445e+48 3.08111e+43 4.64348e+42 0 0 0
0.00220673 7.08017e+49 7.08017e+49 1.65423e+53 1.65547e+53 1.68841e+53 0 0 1.49468e+48 4.11986e+44 4.64348e+42 0 0 0
0.0025483 4.38385e+50 4.38385e+50 1.35448e+53 1.35536e+53 1.37364e+53 0 0 1.72586e+48 2.69785e+45 4.64348e+42 0 0 0
0.00294273 1.59337e+51 1.59337e+51 1.10349e+53 1.10411e+53 1.11418e+53 0 0 1.99276e+48 1.04227e+46 4.64348e+42 0 0 0
0.00339821 3.90359e+51 3.90359e+51 8.95062e+52 8.955e+52 9.00997e+52 0 0 2.3009e+48 2.72612e+46 4.64348e+42 0 0 0
0.00392419 7.13955e+51 7.13955e+51 7.23123e+52 7.23429e+52 7.2641e+52 0 0 2.65662e+48 5.34432e+46 4.64348e+42 0 0 0
0.00453158 1.05131e+52 1.05131e+52 5.82076e+52 5.82289e+52 5.83894e+52 0 0 3.06727e+48 8.46611e+46 4.64348e+42 0 0 0
0.00523299 1.31788e+52 1.31788e+52 4.66927e+52 4.67075e+52 4.67933e+52 0 0 3.5413e+48 1.14567e+47 4.64348e+42 0 0 0
0.00604296 1.46562e+52 1.46562e+52 3.73326e+52 3.73429e+52 3.73884e+52 0 0 4.08846e+48 1.37996e+47 4.64348e+42 0 0 0
0.00697831 1.49076e+52 1.49076e+52 2.97541e+52 2.97611e+52 2.97851e+52 0 0 4.71998e+48 1.52509e+47 4.64348e+42 0 0 0
0.00805842 1.41845e+52 1.41845e+52 2.36405e+52 2.36454e+52 2.3658e+52 0 0 5.44881e+48 1.58158e+47 4.64348e+42 0 0 0
0.00930572 1.28374e+52 1.28374e+52 1.87261e+52 1.87294e+52 1.8736e+52 0 0 6.28988e+48 1.56482e+47 4.64348e+42 0 0 0
0.0107461 1.11877e+52 1.11877e+52 1.47888e+52 1.47911e+52 1.47945e+52 0 0 7.26037e+48 1.49534e+47 4.64348e+42 0 0 0
0.0124094 9.47455e+51 9.47455e+51 1.16448e+52 1.16464e+52 1.16481e+52 0 0 8.38004e+48 1.3927e+47 4.64348e+42 0 0 0
0.0143301 7.84966e+51 7.84966e+51 9.1423e+51 9.14336e+51 9.14425e+51 0 0 9.67165e+48 1.27271e+47 4.64348e+42 0 0 0
0.0165482 6.39409e+51 6.39409e+51 7.15665e+51 7.15736e+51 7.15781e+51 0 0 1.11614e+49 1.14684e+47 4.64348e+42 0 0 0
0.0191095 5.13972e+51 5.13972e+51 5.58602e+51 5.58651e+51 5.58673e+51 0 0 1.28792e+49 1.02275e+47 4.64348e+42 0 0 0
0.0220673 4.08805e+51 4.08805e+51 4.34753e+51 4.34785e+51 4.34797e+51 0 0 1.48597e+49 9.05122e+46 4.64348e+42 0 0 0
0.025483 3.22392e+51 3.22392e+51 3.37393e+51 3.37415e+51 3.37421e+51 0 0 1.71425e+49 7.96493e+46 4.64348e+42 0 0 0
0.0294273 2.52462e+51 2.52462e+51 2.61091e+51 2.61106e+51 2.61109e+51 0 0 1.97729e+49 6.9797e+46 4.64348e+42 0 0 0
0.0339821 1.96533e+51 1.96533e+51 2.01476e+51 2.01485e+51 2.01487e+51 0 0 2.28027e+49 6.09743e+46 4.64348e+42 0 0 0
0.0392419 1.52218e+51 1.52218e+51 1.55038e+51 1.55044e+51 1.55046e+51 0 0 2.62914e+49 5.3145e+46 4.64348e+42 0 0 0
0.0453158 1.17373e+51 1.17373e+51 1.18976e+51 1.1898e+51 1.18981e+51 0 0 3.03064e+49 4.62427e+46 4.64348e+42 0 0 0
0.0523299 9.01471e+50 9.01471e+50 9.1055e+50 9.10579e+50 9.10582e+50 0 0 3.49249e+49 4.01866e+46 4.64348e+42 0 0 0
0.0604296 6.89898e+50 6.89898e+50 6.95024e+50 6.95043e+50 6.95045e+50 0 0 4.02343e+49 3.48914e+46 4.64348e+42 0 0 0
0.0697831 5.26264e+50 5.26264e+50 5.2915e+50 5.29163e+50 5.29163e+50 0 0 4.63335e+49 3.02732e+46 4.64348e+42 0 0 0
0.0805842 4.00242e+50 4.00242e+50 4.01863e+50 4.01871e+50 4.01871e+50 0 0 5.33343e+49 2.6253e+46 4.64348e+42 0 0 0
0.0930572 3.03559e+50 3.03559e+50 3.04467e+50 3.04472e+50 3.04472e+50 0 0 6.13622e+49 2.27582e+46 4.64348e+42 0 0 0
0.107461 2.29645e+50 2.29645e+50 2.30152e+50 2.30156e+50 2.30156e+50 0 0 7.05578e+49 1.97231e+46 4.64348e+42 0 0 0
0.124094 1.73321e+50 1.73321e+50 1.73603e+50 1.73606e+50 1.73606e+50 0 0 8.10771e+49 1.70894e+46 4.64348e+42 0 0 0
0.143301 1.30529e+50 1.30529e+50 1.30686e+50 1.30687e+50 1.30687e+50 0 0 9.30925e+49 1.48051e+46 4.64348e+42 0 0 0
0.165482 9.81082e+49 9.81082e+49 9.81953e+49 9.81963e+49 9.81963e+49 0 0 1.06793e+50 1.28247e+46 4.64348e+42 0 0 0
0.191095 7.36083e+49 7.36083e+49 7.36565e+49 7.36571e+49 7.36572e+49 0 0 1.22381e+50 1.11083e+46 4.64348e+42 0 0 0
0.220673 5.51377e+49 5.51377e+49 5.51644e+49 5.51648e+49 5.51648e+49 0 0 1.40076e+50 9.62107e+45 4.64348e+42 0 0 0
0.25483 4.12427e+49 4.12427e+49 4.12574e+49 4.12577e+49 4.12577e+49 0 0 1.60105e+50 8.33256e+45 4.64348e+42 0 0 0
0.294273 3.08104e+49 3.08104e+49 3.08185e+49 3.08187e+49 3.08187e+49 0 0 1.82699e+50 7.21637e+45 4.64348e+42 0 0 0
0.339821 2.29917e+49 2.29917e+49 2.29961e+49 2.29962e+49 2.29962e+49 0 0 2.08086e+50 6.24955e+45 4.64348e+42 0 0 0
0.392419 1.7141e+49 1.7141e+49 1.71435e+49 1.71435e+49 1.71435e+49 0 0 2.36477e+50 5.41216e+45 4.64348e+42 0 0 0
0.453158 1.27692e+49 1.27692e+49 1.27705e+49 1.27706e+49 1.27706e+49 0 0 2.68051e+50 4.68691e+45 4.64348e+42 0 0 0
0.523299 9.50638e+48 9.50638e+48 9.50712e+48 9.50715e+48 9.50715e+48 0 0 3.02928e+50 4.05881e+45 4.64348e+42 0 0 0
0.604296 7.07387e+48 7.07387e+48 7.07428e+48 7.07429e+48 7.07429e+48 0 0 3.4114e+50 3.51486e+45 4.64348e+42 0 0 0
0.697831 5.262e+48 5.262e+48 5.26222e+48 5.26223e+48 5.26223e+48 0 0 3.82593e+50 3.04379e+45 4.64348e+42 0 0 0
0.805842 3.91342e+48 3.91342e+48 3.91354e+48 3.91355e+48 3.91355e+48 0 0 4.27013e+50 2.63584e+45 4.64348e+42 0 0 0
0.930572 2.91027e+48 2.91027e+48 2.91034e+48 2.91034e+48 2.91034e+48 0 0 4.73888e+50 2.28256e+45 4.64348e+42 0 0 0
1.07461 2.16441e+48 2.16441e+48 2.16444e+48 2.16445e+48 2.16445e+48 0 0 5.22396e+50 1.97663e+45 4.64348e+42 0 0 0
1.24094 1.61001e+48 1.61001e+48 1.61003e+48 1.61003e+48 1.61003e+48 0 0 5.71328e+50 1.71169e+45 4.64348e+42 0 0 0
1.43301 1.19799e+48 1.19799e+48 1.198e+48 1.198e+48 1.198e+48 0 0 6.19008e+50 1.48227e+45 4.64348e+42 0 0 0
1.65482 8.91799e+47 8.91799e+47 8.91806e+47 8.91806e+47 8.91806e+47 0 0 6.63235e+50 1.28359e+45 4.64348e+42 0 0 0
1.91095 6.64228e+47 6.64228e+47 6.64232e+47 6.64232e+47 6.64232e+47 0 0 7.01253e+50 1.11155e+45 4.64348e+42 0 0 0
2.20673 4.9505e+47 4.9505e+47 4.95052e+47 4.95053e+47 4.95053e+47 0 0 7.29788e+50 9.6256e+44 4.64348e+42 0 0 0
2.5483 3.69237e+47 3.69237e+47 3.69238e+47 3.69239e+47 3.69239e+47 0 0 7.45203e+50 8.33543e+44 4.64348e+42 0 0 0
2.94273 2.75629e+47 2.75629e+47 2.7563e+47 2.7563e+47 2.7563e+47 0 0 7.43804e+50 7.21817e+44 4.64348e+42 0 0 0
3.39821 2.05941e+47 2.05941e+47 2.05942e+47 2.05942e+47 2.05942e+47 0 0 7.22354e+50 6.25067e+44 4.64348e+42 0 0 0
3.92419 1.54026e+47 1.54026e+47 1.54026e+47 1.54026e+47 1.54026e+47 0 0 6.7879e+50 5.41285e+44 4.64348e+42 0 0 0
4.53158 1.15321e+47 1.15321e+47 1.15321e+47 1.15321e+47 1.15321e+47 0 0 6.13079e+50 4.68732e+44 4.64348e+42 0 0 0
5.23299 8.64389e+46 8.64389e+46 8.64391e+46 8.64391e+46 8.64391e+46 0 0 5.28002e+50 4.05904e+44 4.64348e+42 0 0 0
6.04296 6.48675e+46 6.48675e+46 6.48676e+46 6.48677e+46 6.48677e+46 0 0 4.29551e+50 3.51497e+44 4.64348e+42 0 0 0
6.97831 4.87398e+46 4.87398e+46 4.87399e+46 4.874e+46 4.874e+46 0 0 3.26509e+50 3.04383e+44 4.64348e+42 0 0 0
8.05842 3.66692e+46 3.66692e+46 3.66693e+46 3.66693e+46 3.66693e+46 0 0 2.28978e+50 2.63584e+44 4.64348e+42 0 0 0
9.30572 2.76249e+46 2.76249e+46 2.76249e+46 2.76249e+46 2.76249e+46 0 0 1.46033e+50 2.28253e+44 4.64348e+42 0 0 0
10.7461 2.084e+46 2.084e+46 2.08401e+46 2.08401e+46 2.08401e+46 0 0 8.33252e+49 1.97658e+44 4.64348e+42 0 0 0
12.4094 1.57439e+46 1.57439e+46 1.57439e+46 1.57439e+46 1.57439e+46 0 0 4.17599e+49 1.71163e+44 4.64348e+42 0 0 0
14.3301 1.19113e+46 1.19113e+46 1.19113e+46 1.19113e+46 1.19113e+46 0 0 1.80021e+49 1.4822e+44 4.64348e+42 0 0 0
16.5482 9.02505e+45 9.02505e+45 9.02509e+45 9.02509e+45 9.02509e+45 0 0 6.51836e+48 1.28352e+44 4.64348e+42 0 0 0
19.1095 6.84858e+45 6.84858e+45 6.84862e+45 6.84862e+45 6.84862e+45 0 0 1.9292e+48 1.11147e+44 4.64348e+42 0 0 0
22.0673 5.20501e+45 5.20501e+45 5.20504e+45 5.20504e+45 5.20504e+45 0 0 4.5232e+47 9.62481e+43 4.64348e+42 0 0 0
25.483 3.96206e+45 3.96206e+45 3.96208e+45 3.96208e+45 3.96208e+45 0 0 8.10342e+46 8.33462e+43 4.64348e+42 0 0 0
29.4273 3.02067e+45 3.02067e+45 3.0207e+45 3.0207e+45 3.0207e+45 0 0 1.06404e+46 7.21736e+43 4.64348e+42 0 0 0
33.9821 2.3066e+45 2.3066e+45 2.30662e+45 2.30662e+45 2.30662e+45 0 0 9.75942e+44 6.24986e+43 4.64348e+42 0 0 0
39.2419 1.76411e+45 1.76411e+45 1.76413e+45 1.76413e+45 1.76413e+45 0 0 5.91497e+43 5.41203e+43 4.64348e+42 0 0 0
45.3158 1.35131e+45 1.35131e+45 1.35133e+45 1.35133e+45 1.35133e+45 0 0 2.22173e+42 4.6865e+43 4.64348e+42 0 0 0
52.3299 1.03671e+45 1.03671e+45 1.03672e+45 1.03672e+45 1.03672e+45 0 0 4.80259e+40 4.05822e+43 4.64348e+42 0 0 0
60.4296 7.96538e+44 7.96538e+44 7.96551e+44 7.96551e+44 7.96551e+44 0 0 5.48489e+38 3.51415e+43 4.64348e+42 0 0 0
69.7831 6.12899e+44 6.12899e+44 6.1291e+44 6.1291e+44 6.1291e+44 0 0 2.99832e+36 3.04301e+43 4.64348e+42 0 0 0
80.5842 4.72253e+44 4.72253e+44 4.72263e+44 4.72263e+44 4.72263e+44 0 0 6.99969e+33 2.63501e+43 4.64348e+42 0 0 0
93.0572 3.6436e+44 3.6436e+44 3.64369e+44 3.64369e+44 3.64369e+44 0 0 6.11754e+30 2.28171e+43 4.64348e+42 0 0 0
107.461 2.8146e+44 2.8146e+44 2.81468e+44 2.81468e+44 2.81468e+44 0 0 1.7192e+27 1.97575e+43 4.64348e+42 0 0 0
124.094 2.17663e+44 2.17663e+44 2.17671e+44 2.17671e+44 2.17671e+44 0 0 1.30334e+23 1.71081e+43 4.64348e+42 0 0 0
143.301 1.68493e+44 1.68493e+44 1.685e+44 1.685e+44 1.685e+44 0 0 2.1762e+18 1.48138e+43 4.64348e+42 0 0 0
165.482 1.30541e+44 1.30541e+44 1.30547e+44 1.30547e+44 1.30547e+44 0 0 6.33203e+12 1.2827e+43 4.64348e+42 0 0 0
191.095 1.01208e+44 1.01208e+44 1.01213e+44 1.01213e+44 1.01213e+44 0 0 2.44986e+06 1.11065e+43 4.64348e+42 0 0 0
220.673 7.85075e+43 7.85075e+43 7.85122e+43 7.85122e+43 7.85122e+43 0 0 0.0922292 9.6166e+42 4.64348e+42 0 0 0
254.83 6.09196e+43 6.09196e+43 6.09238e+43 6.09238e+43 6.09238e+43 0 0 2.35561e-10 8.32641e+42 4.64348e+42 0 0 0
294.273 4.72791e+43 4.72791e+43 4.72829e+43 4.72829e+43 4.72829e+43 0 0 2.69145e-20 7.20915e+42 4.64348e+42 0 0 0
339.821 3.6691e+43 3.6691e+43 3.66944e+43 3.66944e+43 3.66944e+43 0 0 8.50474e-32 6.24164e+42 4.64348e+42 0 0 0
392.419 2.84668e+43 2.84668e+43 2.84698e+43 2.84698e+43 2.84698e+43 0 0 4.26525e-45 5.40382e+42 4.64348e+42 0 0 0
453.158 2.20755e+43 2.20755e+43 2.20782e+43 2.20782e+43 2.20782e+43 0 0 1.78782e-60 4.67829e+42 4.64348e+42 0 0 0
523.299 1.71076e+43 1.71076e+43 1.711e+43 1.711e+43 1.711e+43 0 0 2.98659e-78 4.05001e+42 4.64348e+42 0 0 0
604.296 1.32458e+43 1.32458e+43 1.3248e+43 1.3248e+43 1.3248e+43 0 0 8.45471e-99 3.50594e+42 4.64348e+42 0 0 0
697.831 1.02447e+43 1.02447e+43 1.02466e+43 1.02466e+43 1.02466e+43 0 0 1.51078e-122 3.0348e+42 4.64348e+42 0 0 0
805.842 7.91354e+42 7.91354e+42 7.91526e+42 7.91526e+42 7.91526e+42 0 0 5.44765e-150 2.62681e+42 4.64348e+42 0 0 0
930.572 6.10418e+42 6.10418e+42 6.10571e+42 6.10571e+42 6.10571e+42 0 0 1.06216e-181 2.2735e+42 4.64348e+42 0 0 0
1074.61 4.70126e+42 4.70126e+42 4.70262e+42 4.70262e+42 4.70262e+42 0 0 2.44727e-218 1.96755e+42 4.64348e+42 0 0 0
1240.94 3.61488e+42 3.61488e+42 3.61609e+42 3.61609e+42 3.61609e+42 0 0 0 1.70261e+42 4.64348e+42 0 0 0
1433.01 2.77488e+42 2.77488e+42 2.77595e+42 2.77595e+42 2.77595e+42 0 0 0 1.47318e+42 4.64348e+42 0 0 0
1654.82 2.12649e+42 2.12649e+42 2.12744e+42 2.12744e+42 2.12744e+42 0 0 0 1.27451e+42 4.64348e+42 0 0 0
1910.95 1.62695e+42 1.62695e+42 1.62779e+42 1.62779e+42 1.62779e+42 0 0 0 1.10246e+42 4.64348e+42 0 0 0
2206.73 1.24284e+42 1.24284e+42 1.24358e+42 1.24358e+42 1.24358e+42 0 0 0 9.5348e+41 4.64348e+42 0 0 0
2548.3 9.48067e+41 9.48067e+41 9.48719e+41 9.48719e+41 9.48719e+41 0 0 0 8.24468e+41 4.64348e+42 0 0 0
2942.73 7.22305e+41 7.22305e+41 7.22879e+41 7.22879e+41 7.22879e+41 0 0 0 7.12749e+41 4.64348e+42 0 0 0
3398.21 5.49719e+41 5.49719e+41 5.50223e+41 5.50223e+41 5.50223e+41 0 0 0 6.16008e+41 4.64348e+42 0 0 0
3924.19 4.18007e+41 4.18007e+41 4.1845e+41 4.1845e+41 4.1845e+41 0 0 0 5.32235e+41 4.64348e+42 0 0 0
4531.58 3.1764e+41 3.1764e+41 3.18028e+41 3.18028e+41 3.18028e+41 0 0 0 4.59694e+41 4.64348e+42 0 0 0
5232.99 2.4128e+41 2.4128e+41 2.41607e+41 2.41607e+41 2.41607e+41 0 0 0 3.96926e+41 4.64348e+42 0 0 0
6042.96 1.83201e+41 1.83201e+41 1.83486e+41 1.83486e+41 1.83486e+41 0 0 0 3.42542e+41 4.64348e+42 0 0 0
6978.31 1.39074e+41 1.39074e+41 1.39322e+41 1.39322e+41 1.39322e+41 0 0 0 2.95453e+41 4.64348e+42 0 0 0
8058.42 1.05564e+41 1.05564e+41 1.0578e+41 1.0578e+41 1.0578e+41 0 0 0 2.54683e+41 4.64348e+42 0 0 0
9305.72 8.01253e+40 8.01253e+40 8.03123e+40 8.03123e+40 8.03123e+40 0 0 0 2.19386e+41 4.64348e+42 0 0 0
10746.1 6.0816e+40 6.0816e+40 6.09781e+40 6.09781e+40 6.09781e+40 0 0 0 1.88829e+41 4.64348e+42 0 0 0
12409.4 4.616e+40 4.616e+40 4.63003e+40 4.63003e+40 4.63003e+40 0 0 0 1.62379e+41 4.64348e+42 0 0 0
14330.1 3.50355e+40 3.50355e+40 3.51567e+40 3.51567e+40 3.51567e+40 0 0 0 1.39485e+41 4.64348e+42 0 0 0
16548.2 2.6591e+40 2.6591e+40 2.66955e+40 2.66955e+40 2.66955e+40 0 0 0 1.19674e+41 4.64348e+42 0 0 0
19109.5 2.01803e+40 2.01803e+40 2.02701e+40 2.02701e+40 2.02701e+40 0 0 0 1.02533e+41 4.64348e+42 0 0 0
22067.3 1.53132e+40 1.53132e+40 1.53903e+40 1.53903e+40 1.53903e+40 0 0 0 8.77065e+40 4.64348e+42 0 0 0
25483 1.1618e+40 1.1618e+40 1.16838e+40 1.16838e+40 1.16838e+40 0 0 0 7.48862e+40 4.64348e+42 0 0 0
29427.3 8.81235e+39 8.81235e+39 8.86847e+39 8.86847e+39 8.86847e+39 0 0 0 6.38054e+40 4.64348e+42 0 0 0
33982.1 6.68234e+39 6.68234e+39 6.72996e+39 6.72996e+39 6.72996e+39 0 0 0 5.42332e+40 4.64348e+42 0 0 0
39241.9 5.0654e+39 5.0654e+39 5.10564e+39 5.10564e+39 5.10564e+39 0 0 0 4.59697e+40 4.64348e+42 0 0 0
45315.8 3.83817e+39 3.83817e+39 3.872e+39 3.872e+39 3.872e+39 0 0 0 3.8842e+40 4.64348e+42 0 0 0
52329.9 2.90693e+39 2.90693e+39 2.93523e+39 2.93523e+39 2.93523e+39 0 0 0 3.27006e+40 4.64348e+42 0 0 0
60429.6 2.20052e+39 2.20052e+39 2.22405e+39 2.22405e+39 2.22405e+39 0 0 0 2.74159e+40 4.64348e+42 0 0 0
69783.1 1.66484e+39 1.66484e+39 1.68429e+39 1.68429e+39 1.68429e+39 0 0 0 2.28759e+40 4.64348e+42 0 0 0
80584.2 1.25881e+39 1.25881e+39 1.27478e+39 1.27478e+39 1.27478e+39 0 0 0 1.89835e+40 4.64348e+42 0 0 0
93057.2 9.51187e+38 9.51187e+38 9.64215e+38 9.64215e+38 9.64215e+38 0 0 0 1.56546e+40 4.64348e+42 0 0 0
107461 7.18251e+38 7.18251e+38 7.28801e+38 7.28801e+38 7.28801e+38 0 0 0 1.28165e+40 4.64348e+42 0 0 0
124094 5.41969e+38 5.41969e+38 5.50451e+38 5.50451e+38 5.50451e+38 0 0 0 1.0406e+40 4.64348e+42 0 0 0
143301 4.08646e+38 4.08646e+38 4.15413e+38 4.15413e+38 4.15413e+38 0 0 0 8.36827e+39 4.64348e+42 0 0 0
165482 3.07879e+38 3.07879e+38 3.13238e+38 3.13238e+38 3.13238e+38 0 0 0 6.65559e+39 4.64348e+42 0 0 0
191095 2.31773e+38 2.31773e+38 2.35985e+38 2.35985e+38 2.35985e+38 0 0 0 5.22632e+39 4.64348e+42 0 0 0
220673 1.74334e+38 1.74334e+38 1.77621e+38 1.77621e+38 1.77621e+38 0 0 0 4.04396e+39 4.64348e+42 0 0 0
254830 1.31019e+38 1.31019e+38 1.33564e+38 1.33564e+38 1.33564e+38 0 0 0 3.07626e+39 4.64348e+42 0 0 0
294273 9.83804e+37 9.83804e+37 1.00338e+38 1.00338e+38 1.00338e+38 0 0 0 2.29453e+39 4.64348e+42 0 0 0
339821 7.38083e+37 7.38083e+37 7.53037e+37 7.53037e+37 7.53037e+37 0 0 0 1.67295e+39 4.64348e+42 0 0 0
392419 5.53256e+37 5.53256e+37 5.64603e+37 5.64603e+37 5.64603e+37 0 0 0 1.1881e+39 4.64348e+42 0 0 0
453158 4.14359e+37 4.14359e+37 4.22914e+37 4.22914e+37 4.22914e+37 0 0 0 8.18496e+38 4.64348e+42 0 0 0
523299 3.10077e+37 3.10077e+37 3.16486e+37 3.16486e+37 3.16486e+37 1.95934e+29 4.85943e+33 0 5.444e+38 4.64348e+42 0 0 0
604296 2.31856e+37 2.31856e+37 2.36628e+37 2.36628e+37 2.36628e+37 3.01802e+29 4.88041e+33 0 3.47679e+38 4.64348e+42 0 0 0
697831 1.73238e+37 1.73238e+37 1.7677e+37 1.7677e+37 1.7677e+37 4.07671e+29 4.90139e+33 0 2.11861e+38 4.64348e+42 0 0 0
805842 1.2935e+37 1.2935e+37 1.31948e+37 1.31948e+37 1.31948e+37 5.1354e+29 4.92237e+33 0 1.22282e+38 4.64348e+42 0 0 0
930572 9.65178e+36 9.65178e+36 9.8418e+36 9.8418e+36 9.8418e+36 6.19409e+29 4.94335e+33 0 6.62895e+37 4.64348e+42 0 0 0
1.07461e+06 7.19763e+36 7.19763e+36 7.3358e+36 7.3358e+36 7.3358e+36 7.8434e+29 4.96749e+33 0 3.34249e+37 4.64348e+42 0 0 0
1.24094e+06 5.36454e+36 5.36454e+36 5.46444e+36 5.46444e+36 5.46444e+36 1.05229e+30 4.97408e+33 0 1.55006e+37 4.64348e+42 0 0 0
1.43301e+06 3.99627e+36 3.99627e+36 4.06811e+36 4.06811e+36 4.06811e+36 1.4051e+30 4.98251e+33 0 6.52577e+36 4.64348e+42 0 0 0
1.65482e+06 2.97559e+36 2.97559e+36 3.02698e+36 3.02698e+36 3.02698e+36 1.87136e+30 4.99338e+33 0 2.45699e+36 4.64348e+42 0 0 0
1.91095e+06 2.21464e+36 2.21464e+36 2.25123e+36 2.25123e+36 2.25123e+36 2.53758e+30 5.00846e+33 0 8.13083e+35 4.64348e+42 0 0 0
2.20673e+06 1.64762e+36 1.64762e+36 1.67356e+36 1.67356e+36 1.67356e+36 3.39211e+30 5.02804e+33 0 2.31812e+35 4.64348e+42 0 0 0
2.5483e+06 1.22533e+36 1.22533e+36 1.24365e+36 1.24365e+36 1.24365e+36 4.51446e+30 5.05374e+33 0 5.56378e+34 4.64348e+42 0 0 0
2.94273e+06 9.10977e+35 9.10977e+35 9.23858e+35 9.23858e+35 9.23858e+35 6.0034e+30 5.08749e+33 0 1.0946e+34 4.64348e+42 0 0 0
3.39821e+06 6.77066e+35 6.77066e+35 6.86097e+35 6.86097e+35 6.86097e+35 8.1487e+30 5.13456e+33 0 1.71164e+33 4.64348e+42 0 0 0
3.92419e+06 5.03084e+35 5.03084e+35 5.09398e+35 5.09398e+35 5.09398e+35 1.09483e+31 5.19565e+33 0 2.05304e+32 4.64348e+42 0 0 0
4.53158e+06 3.73726e+35 3.73726e+35 3.78129e+35 3.78129e+35 3.78129e+35 1.4722e+31 5.27443e+33 0 1.81291e+31 4.64348e+42 0 0 0
5.23299e+06 2.77578e+35 2.77578e+35 2.80643e+35 2.80643e+35 2.80643e+35 1.9756e+31 5.37404e+33 0 1.12399e+30 4.64348e+42 0 0 0
6.04296e+06 2.06137e+35 2.06137e+35 2.08267e+35 2.08267e+35 2.08267e+35 2.68737e+31 5.50613e+33 0 4.63209e+28 4.64348e+42 0 0 0
6.97831e+06 1.5307e+35 1.5307e+35 1.54549e+35 1.54549e+35 1.54549e+35 3.60756e+31 5.66185e+33 0 1.19115e+27 4.64348e+42 0 0 0
8.05842e+06 1.13662e+35 1.13662e+35 1.14689e+35 1.14689e+35 1.14689e+35 4.80726e+31 5.84584e+33 0 1.77675e+25 4.64348e+42 0 0 0
9.30572e+06 8.44059e+34 8.44059e+34 8.51191e+34 8.51191e+34 8.51191e+34 6.38283e+31 6.05429e+33 0 1.41303e+23 4.64348e+42 0 0 0
1.07461e+07 6.26938e+34 6.26938e+34 6.31895e+34 6.31895e+34 6.31895e+34 8.49789e+31 6.30401e+33 0 5.43588e+20 4.64348e+42 0 0 0
1.24094e+07 4.65853e+34 4.65853e+34 4.69304e+34 4.69304e+34 4.69304e+34 1.10778e+32 6.54938e+33 0 9.03994e+17 4.64348e+42 0 0 0
1.43301e+07 3.46395e+34 3.46395e+34 3.48803e+34 3.48803e+34 3.48803e+34 1.41798e+32 6.78909e+33 0 5.70782e+14 4.64348e+42 0 0 0
1.65482e+07 2.57857e+34 2.57857e+34 2.59544e+34 2.59544e+34 2.59544e+34 1.78241e+32 7.01163e+33 0 1.17785e+11 4.64348e+42 0 0 0
1.91095e+07 1.92303e+34 1.92303e+34 1.9349e+34 1.9349e+34 1.9349e+34 2.21652e+32 7.20347e+33 0 6.68118e+06 4.64348e+42 0 0 0
2.20673e+07 1.43784e+34 1.43784e+34 1.44624e+34 1.44624e+34 1.44624e+34 2.67819e+32 7.36897e+33 0 85.302 4.64348e+42 0 0 0
2.5483e+07 1.07925e+34 1.07925e+34 1.08524e+34 1.08524e+34 1.08524e+34 3.1757e+32 7.48508e+33 0 0.000194611 4.64348e+42 0 0 0
2.94273e+07 8.14326e+33 8.14326e+33 8.18637e+33 8.18637e+33 8.18637e+33 3.67034e+32 7.48655e+33 0 6.0775e-11 4.64348e+42 0 0 0
3.39821e+07 6.18803e+33 6.18803e+33 6.21941e+33 6.21941e+33 6.21941e+33 4.15114e+32 7.35282e+33 0 1.90968e-18 4.64348e+42 0 0 0
3.92419e+07 4.74183e+33 4.74183e+33 4.76497e+33 4.76497e+33 4.76497e+33 4.56087e+32 7.08031e+33 0 4.23165e-27 4.64348e+42 0 0 0
4.53158e+07 3.67327e+33 3.67327e+33 3.69061e+33 3.69061e+33 3.69061e+33 4.91635e+32 6.71696e+33 0 4.38654e-37 4.64348e+42 0 0 0
5.23299e+07 2.88152e+33 2.88152e+33 2.89474e+33 2.89474e+33 2.89474e+33 5.19632e+32 6.29801e+33 0 1.32419e-48 4.64348e+42 0 0 0
6.04296e+07 2.28896e+33 2.28896e+33 2.29921e+33 2.29921e+33 2.29921e+33 5.35701e+32 5.78217e+33 0 6.73428e-62 4.64348e+42 0 0 0
6.97831e+07 1.83999e+33 1.83999e+33 1.84807e+33 1.84807e+33 1.84807e+33 5.38603e+32 5.18099e+33 0 3.0665e-77 4.64348e+42 0 0 0
8.05842e+07 1.4954e+33 1.4954e+33 1.50186e+33 1.50186e+33 1.50186e+33 5.29486e+32 4.50444e+33 0 6.02587e-95 4.64348e+42 0 0 0
9.30572e+07 1.22556e+33 1.22556e+33 1.2308e+33 1.2308e+33 1.2308e+33 5.08678e+32 3.77621e+33 0 2.19973e-115 4.64348e+42 0 0 0
1.07461e+08 1.0083e+33 1.0083e+33 1.01258e+33 1.01258e+33 1.01258e+33 4.76218e+32 3.03755e+33 0 5.63618e-139 4.64348e+42 150.335 0 0
1.24094e+08 8.3339e+32 8.3339e+32 8.36922e+32 8.36922e+32 8.36922e+32 4.38439e+32 2.40434e+33 0 3.29402e-166 4.64348e+42 132.072 0 0
1.43301e+08 6.88336e+32 6.88336e+32 6.91255e+32 6.91255e+32 6.91255e+32 3.95104e+32 1.86942e+33 0 1.19922e-197 4.64348e+42 116.027 0 0
1.65482e+08 5.65466e+32 5.65466e+32 5.67873e+32 5.67873e+32 5.67873e+32 3.47667e+32 1.43038e+33 0 6.07526e-234 4.64348e+42 101.932 0 0
1.91095e+08 4.57412e+32 4.57412e+32 4.5937e+32 4.5937e+32 4.5937e+32 2.95526e+32 1.06644e+33 0 7.58617e-276 4.64348e+42 89.5488 0 0
2.20673e+08 3.67986e+32 3.67986e+32 3.69575e+32 3.69575e+32 3.69575e+32 2.47592e+32 7.99263e+32 0 0 4.64348e+42 78.6701 0 0
2.5483e+08 2.92823e+32 2.92823e+32 2.94102e+32 2.94102e+32 2.94102e+32 2.03224e+32 5.92279e+32 0 0 4.64348e+42 69.113 0 0
2.94273e+08 2.30119e+32 2.30119e+32 2.31137e+32 2.31137e+32 2.31137e+32 1.63391e+32 4.34053e+32 0 0 4.64348e+42 60.7169 0 0
3.39821e+08 1.77086e+32 1.77086e+32 1.7788e+32 1.7788e+32 1.7788e+32 1.27346e+32 3.12454e+32 0 0 4.64348e+42 55.6941 0 0
3.92419e+08 1.35993e+32 1.35993e+32 1.36613e+32 1.36613e+32 1.36613e+32 9.89045e+31 2.28594e+32 0 0 4.64348e+42 53.3408 0 0
4.53158e+08 1.03321e+32 1.03321e+32 1.038e+32 1.038e+32 1.038e+32 7.56505e+31 1.66473e+32 0 0 4.64348e+42 51.0869 0 0
5.23299e+08 7.75261e+31 7.75261e+31 7.78915e+31 7.78915e+31 7.78915e+31 5.68705e+31 1.2073e+32 0 0 4.64348e+42 48.9282 0 0
6.04296e+08 5.76105e+31 5.76105e+31 5.78871e+31 5.78871e+31 5.78871e+31 4.21844e+31 8.66327e+31 0 0 4.64348e+42 46.8608 0 0
6.97831e+08 4.32155e+31 4.32155e+31 4.34269e+31 4.34269e+31 4.34269e+31 3.16972e+31 6.34485e+31 0 0 4.64348e+42 44.8807 0 0
8.05842e+08 3.22757e+31 3.22757e+31 3.24366e+31 3.24366e+31 3.24366e+31 2.36744e+31 4.63914e+31 0 0 4.64348e+42 42.9843 0 0
9.30572e+08 2.39773e+31 2.39773e+31 2.40992e+31 2.40992e+31 2.40992e+31 1.75547e+31 3.38387e+31 0 0 4.64348e+42 41.168 0 0
1.07461e+09 1.76383e+31 1.76383e+31 1.77297e+31 1.77297e+31 1.77297e+31 1.28434e+31 2.43334e+31 0 0 4.64348e+42 41.3164 0 0
1.24094e+09 1.31854e+31 1.31854e+31 1.32551e+31 1.32551e+31 1.32551e+31 9.61059e+30 1.79035e+31 0 0 4.64348e+42 43.4507 0 0
1.43301e+09 9.86404e+30 9.86404e+30 9.91729e+30 9.91729e+30 9.91729e+30 7.20228e+30 1.31374e+31 0 0 4.64348e+42 45.6954 0 0
1.65482e+09 7.35874e+30 7.35874e+30 7.39926e+30 7.39926e+30 7.39926e+30 5.37993e+30 9.61102e+30 0 0 4.64348e+42 48.0559 0 0
1.91095e+09 5.43725e+30 5.43725e+30 5.4678e+30 5.4678e+30 5.4678e+30 3.96882e+30 6.91607e+30 0 0 4.64348e+42 50.5385 0 0
2.20673e+09 4.07647e+30 4.07647e+30 4.09983e+30 4.09983e+30 4.09983e+30 2.99034e+30 5.0997e+30 0 0 4.64348e+42 53.1492 0 0
2.5483e+09 3.04719e+30 3.04719e+30 3.065e+30 3.065e+30 3.065e+30 2.24642e+30 3.74992e+30 0 0 4.64348e+42 55.8949 0 0
2.94273e+09 2.26771e+30 2.26771e+30 2.28123e+30 2.28123e+30 2.28123e+30 1.67956e+30 2.74862e+30 0 0 4.64348e+42 58.7824 0 0
3.39821e+09 1.66362e+30 1.66362e+30 1.67373e+30 1.67373e+30 1.67373e+30 1.23331e+30 1.98167e+30 0 0 4.64348e+42 61.819 0 0
3.92419e+09 1.23948e+30 1.23948e+30 1.24716e+30 1.24716e+30 1.24716e+30 9.26459e+29 1.46229e+30 0 0 4.64348e+42 65.0125 0 0
4.53158e+09 9.20179e+29 9.20179e+29 9.25989e+29 9.25989e+29 9.25989e+29 6.93667e+29 1.07518e+30 0 0 4.64348e+42 68.371 0 0
5.23299e+09 6.80601e+29 6.80601e+29 6.8498e+29 6.8498e+29 6.8498e+29 5.17563e+29 7.87345e+29 0 0 4.64348e+42 71.903 0 0
6.04296e+09 4.95289e+29 4.95289e+29 4.98535e+29 4.98535e+29 4.98535e+29 3.78461e+29 5.67582e+29 0 0 4.64348e+42 75.6175 0 0
6.97831e+09 3.6697e+29 3.6697e+29 3.6942e+29 3.6942e+29 3.6942e+29 2.83761e+29 4.18375e+29 0 0 4.64348e+42 79.5238 0 0
8.05842e+09 2.71053e+29 2.71053e+29 2.72895e+29 2.72895e+29 2.72895e+29 2.12054e+29 3.07548e+29 0 0 4.64348e+42 83.6319 0 0
9.30572e+09 1.99112e+29 1.99112e+29 2.00491e+29 2.00491e+29 2.00491e+29 1.57468e+29 2.2545e+29 0 0 4.64348e+42 87.9523 0 0
1.07461e+10 1.44053e+29 1.44053e+29 1.45078e+29 1.45078e+29 1.45078e+29 1.14887e+29 1.63038e+29 0 0 4.64348e+42 98.6841 0 0
1.24094e+10 1.05184e+29 1.05184e+29 1.05987e+29 1.05987e+29 1.05987e+29 8.54687e+28 1.20582e+29 0 0 4.64348e+42 118.133 0 0
1.43301e+10 7.45735e+28 7.45735e+28 7.529e+28 7.529e+28 7.529e+28 6.31965e+28 8.8959e+28 0 0 4.64348e+42 141.416 0 0
1.65482e+10 4.87755e+28 4.87755e+28 4.95884e+28 4.95884e+28 4.95884e+28 4.65835e+28 6.54292e+28 0 0 4.64348e+42 169.286 0 0
1.91095e+10 2.64639e+28 2.64639e+28 2.74761e+28 2.74761e+28 2.74761e+28 3.3694e+28 4.73236e+28 0 0 4.64348e+42 202.65 0 0
2.20673e+10 1.15795e+28 1.15795e+28 1.26844e+28 1.26844e+28 1.26844e+28 2.49336e+28 3.50244e+28 0 0 4.64348e+42 242.59 34.7254 0
2.5483e+10 4.15063e+27 4.15063e+27 5.11383e+27 5.11383e+27 5.11383e+27 1.83889e+28 2.58364e+28 0 0 4.64348e+42 290.4 22.9578 0
2.94273e+10 1.29695e+27 1.29695e+27 2.00245e+27 2.00245e+27 2.00245e+27 1.35223e+28 1.89928e+28 0 0 4.64348e+42 347.634 15.5417 0
3.39821e+10 3.53252e+26 3.53252e+26 8.01898e+26 8.01898e+26 8.01898e+26 9.7572e+27 1.37086e+28 0 0 4.64348e+42 416.147 10.7604 0
3.92419e+10 8.50553e+25 8.50553e+25 3.49846e+26 3.49846e+26 3.49846e+26 7.23157e+27 1.01473e+28 0 0 4.64348e+42 498.164 7.61059 0
4.53158e+10 1.71409e+25 1.71409e+25 1.6302e+26 1.6302e+26 1.6302e+26 5.34795e+27 7.49266e+27 0 0 4.64348e+42 596.344 5.49245 0
5.23299e+10 2.85157e+24 2.85157e+24 8.08911e+25 8.08911e+25 8.08911e+25 3.9485e+27 5.5171e+27 0 0 4.64348e+42 713.875 4.04008 0
6.04296e+10 3.91079e+23 3.91079e+23 4.19254e+25 4.19254e+25 4.19254e+25 2.86699e+27 3.98821e+27 0 0 4.64348e+42 854.569 3.02568 0
6.97831e+10 4.77123e+22 4.77123e+22 2.34065e+25 2.34065e+25 2.34065e+25 2.13633e+27 2.9595e+27 0 0 4.64348e+42 1022.99 2.3047 0
8.05842e+10 5.36395e+21 5.36395e+21 1.36447e+25 1.36447e+25 1.36447e+25 1.5876e+27 2.19099e+27 0 0 4.64348e+42 1224.61 1.78376 0
9.30572e+10 5.97415e+20 5.97415e+20 8.25791e+24 8.25791e+24 8.25791e+24 1.17656e+27 1.61739e+27 0 0 4.64348e+42 1465.96 1.40144 0
1.07461e+11 7.00259e+19 7.00259e+19 5.08706e+24 5.08706e+24 5.08706e+24 8.55476e+26 1.17106e+27 0 0 4.64348e+42 1754.88 1.11671 0
1.24094e+11 9.62997e+18 9.62997e+18 3.30264e+24 3.30264e+24 3.30264e+24 6.37208e+26 8.70173e+26 0 0 4.64348e+42 2100.74 0.901709 0
1.43301e+11 1.60571e+18 1.60571e+18 2.19606e+24 2.19606e+24 2.19606e+24 4.72986e+26 6.44792e+26 0 0 4.64348e+42 2514.76 0.737233 0
1.65482e+11 3.3856e+17 3.3856e+17 1.49017e+24 1.49017e+24 1.49017e+24 3.49727e+26 4.76208e+26 0 0 4.64348e+42 3010.38 0.609868 0
1.91095e+11 9.12966e+16 9.12966e+16 1.01401e+24 1.01401e+24 1.01401e+24 2.53573e+26 3.44695e+26 0 0 4.64348e+42 3603.69 0.510106 0
2.20673e+11 3.31543e+16 3.31543e+16 7.1933e+23 7.1933e+23 7.1933e+23 1.88466e+26 2.56071e+26 0 0 4.64348e+42 4313.92 0.431129 0
2.5483e+11 1.57474e+16 1.57474e+16 5.17252e+23 5.17252e+23 5.17252e+23 1.39622e+26 1.89671e+26 0 0 4.64348e+42 5164.13 0.367983 0
2.94273e+11 9.64392e+15 9.64392e+15 3.76279e+23 3.76279e+23 3.76279e+23 1.03092e+26 1.4001e+26 0 0 4.64348e+42 6181.9 0.317029 0
3.39821e+11 7.33666e+15 7.33666e+15 2.72337e+23 2.72337e+23 2.72337e+23 7.46781e+25 1.01263e+26 0 0 4.64348e+42 0 0.275565 0
3.92419e+11 7.0361e+15 7.0361e+15 2.0425e+23 2.0425e+23 2.0425e+23 5.54779e+25 7.51789e+25 0 0 4.64348e+42 0 0.241562 0
4.53158e+11 8.03477e+15 8.03478e+15 1.54328e+23 1.54328e+23 1.54328e+23 4.10842e+25 5.56428e+25 0 0 4.64348e+42 0 0.213483 0
5.23299e+11 1.05904e+16 1.05904e+16 1.17324e+23 1.17324e+23 1.17324e+23 3.03236e+25 4.10382e+25 0 0 4.64348e+42 0 0.190154 0
6.04296e+11 1.53915e+16 1.53916e+16 8.82571e+22 8.82571e+22 8.82571e+22 2.19482e+25 2.96458e+25 0 0 4.64348e+42 0 0.170669 0
6.97831e+11 2.50421e+16 2.50421e+16 6.85446e+22 6.85446e+22 6.85446e+22 1.62953e+25 2.19859e+25 0 0 4.64348e+42 0 0.154323 0
8.05842e+11 4.32534e+16 4.32534e+16 5.34242e+22 5.34242e+22 5.34242e+22 1.20592e+25 1.6253e+25 0 0 4.64348e+42 0 0.140565 0
9.30572e+11 7.75336e+16 7.75336e+16 4.17496e+22 4.17496e+22 4.17496e+22 8.89384e+24 1.19708e+25 0 0 4.64348e+42 0 0.12896 0
1.07461e+12 1.39217e+17 1.39217e+17 3.21683e+22 3.21683e+22 3.21683e+22 6.42973e+24 8.63235e+24 0 0 4.64348e+42 0 0.119166 0
1.24094e+12 2.57573e+17 2.57573e+17 2.55329e+22 2.55329e+22 2.55329e+22 4.76888e+24 6.39158e+24 0 0 4.64348e+42 0 0.110908 0
1.43301e+12 4.71137e+17 4.71137e+17 2.02866e+22 2.02866e+22 2.02866e+22 3.52524e+24 4.71644e+24 0 0 4.64348e+42 0 0.103969 0
1.65482e+12 8.42906e+17 8.42906e+17 1.6123e+22 1.6123e+22 1.6123e+22 2.59664e+24 3.46675e+24 0 0 4.64348e+42 0 0.098177 0
1.91095e+12 1.43912e+18 1.43912e+18 1.26018e+22 1.26018e+22 1.26018e+22 1.87402e+24 2.49354e+24 0 0 4.64348e+42 0 0.0933933 0
2.20673e+12 2.43895e+18 2.43895e+18 1.01317e+22 1.01317e+22 1.01317e+22 1.3878e+24 1.8419e+24 0 0 4.64348e+42 0 0.0895108 0
2.5483e+12 3.97008e+18 3.97008e+18 8.13863e+21 8.13863e+21 8.13863e+21 1.02413e+24 1.3556e+24 0 0 4.64348e+42 0 0.0864461 0
2.94273e+12 6.18901e+18 6.18902e+18 6.52797e+21 6.52797e+21 6.52797e+21 7.52943e+23 9.93522e+23 0 0 4.64348e+42 0 0.0841374 0
3.39821e+12 9.06978e+18 9.06979e+18 5.13776e+21 5.13776e+21 5.13776e+21 5.42048e+23 7.11976e+23 0 0 4.64348e+42 0 0.082541 0
3.92419e+12 1.30821e+19 1.30821e+19 4.15489e+21 4.15489e+21 4.15489e+21 4.00508e+23 5.24142e+23 0 0 4.64348e+42 0 0.08163 0
4.53158e+12 1.80381e+19 1.80381e+19 3.35123e+21 3.35123e+21 3.35123e+21 2.94819e+23 3.84321e+23 0 0 4.64348e+42 0 0.0813928 0
5.23299e+12 2.37875e+19 2.37875e+19 2.69415e+21 2.69415e+21 2.69415e+21 2.16156e+23 2.80511e+23 0 0 4.64348e+42 0 0.0818329 0
6.04296e+12 2.95079e+19 2.95079e+19 2.11989e+21 2.11989e+21 2.11989e+21 1.55057e+23 1.9997e+23 0 0 4.64348e+42 0 0.0829683 0
6.97831e+12 3.61667e+19 3.61667e+19 1.71168e+21 1.71168e+21 1.71168e+21 1.14197e+23 1.46516e+23 0 0 4.64348e+42 0 0.0848322 0
8.05842e+12 4.25608e+19 4.25609e+19 1.37534e+21 1.37534e+21 1.37534e+21 8.37624e+22 1.06872e+23 0 0 4.64348e+42 0 0.0874729 0
9.30572e+12 4.81477e+19 4.81478e+19 1.09866e+21 1.09866e+21 1.09866e+21 6.11718e+22 7.75581e+22 0 0 4.64348e+42 0 0.0909553 0
1.07461e+13 5.14753e+19 5.14754e+19 8.559e+20 8.559e+20 8.559e+20 4.36584e+22 5.48855e+22 0 0 4.64348e+42 0 0.0953611 0
1.24094e+13 5.47301e+19 5.47302e+19 6.82759e+20 6.82759e+20 6.82759e+20 3.20068e+22 3.99506e+22 0 0 4.64348e+42 0 0.10079 0
1.43301e+13 5.61655e+19 5.61656e+19 5.40088e+20 5.40088e+20 5.40088e+20 2.33592e+22 2.89322e+22 0 0 4.64348e+42 0 0.10736 0
1.65482e+13 5.56751e+19 5.56752e+19 4.23087e+20 4.23087e+20 4.23087e+20 1.69648e+22 2.0831e+22 0 0 4.64348e+42 0 0.115206 0
1.91095e+13 5.23277e+19 5.23278e+19 3.21523e+20 3.21523e+20 3.21523e+20 1.20222e+22 1.45929e+22 0 0 4.64348e+42 0 0.12448 0
2.20673e+13 4.91607e+19 4.91608e+19 2.49409e+20 2.49409e+20 2.49409e+20 8.75762e+21 1.0527e+22 0 0 4.64348e+42 0 0.135345 0
2.5483e+13 4.47226e+19 4.47228e+19 1.90962e+20 1.90962e+20 1.90962e+20 6.34689e+21 7.54919e+21 0 0 4.64348e+42 0 0.147968 0
2.94273e+13 3.94107e+19 3.94108e+19 1.44122e+20 1.44122e+20 1.44122e+20 4.57427e+21 5.37731e+21 0 0 4.64348e+42 0 0.162507 0
3.39821e+13 3.29644e+19 3.29646e+19 1.04891e+20 1.04891e+20 1.04891e+20 3.20971e+21 3.71504e+21 0 0 4.64348e+42 0 0.179093 0
3.92419e+13 2.76848e+19 2.7685e+19 7.77594e+19 7.77594e+19 7.77594e+19 2.31767e+21 2.64757e+21 0 0 4.64348e+42 0 0.197804 0
4.53158e+13 2.25775e+19 2.25778e+19 5.67092e+19 5.67092e+19 5.67092e+19 1.66362e+21 1.87368e+21 0 0 4.64348e+42 0 0.218621 0
5.23299e+13 1.78925e+19 1.78927e+19 4.06648e+19 4.06648e+19 4.06648e+19 1.18644e+21 1.31545e+21 0 0 4.64348e+42 0 0.241387 0
6.04296e+13 1.34806e+19 1.34809e+19 2.80178e+19 2.80178e+19 2.80178e+19 8.2125e+20 8.91786e+20 0 0 4.64348e+42 0 0.265741 0
6.97831e+13 1.02706e+19 1.02708e+19 1.9708e+19 1.9708e+19 1.9708e+19 5.85942e+20 6.25257e+20 0 0 4.64348e+42 0 0.291055 0
8.05842e+13 7.6366e+18 7.6368e+18 1.36459e+19 1.36459e+19 1.36459e+19 4.15124e+20 4.34717e+20 0 0 4.64348e+42 0 0.316368 0
9.30572e+13 5.54795e+18 5.54813e+18 9.30343e+18 9.30343e+18 9.30343e+18 2.9185e+20 2.99352e+20 0 0 4.64348e+42 0 0.340344 0
1.07461e+14 3.84201e+18 3.84216e+18 6.08816e+18 6.08816e+18 6.08816e+18 1.98272e+20 1.9779e+20 0 0 4.64348e+42 0 0 0
1.24094e+14 2.71674e+18 2.7169e+18 4.0935e+18 4.0935e+18 4.0935e+18 1.39183e+20 1.3569e+20 0 0 4.64348e+42 0 0 0
1.43301e+14 1.88552e+18 1.88571e+18 2.71659e+18 2.71659e+18 2.71659e+18 9.68777e+19 9.21372e+19 0 0 4.64348e+42 0 0 0
1.65482e+14 1.28531e+18 1.28558e+18 1.77965e+18 1.77965e+18 1.77965e+18 6.68033e+19 6.18311e+19 0 0 4.64348e+42 0 0 0
1.91095e+14 8.35301e+17 8.3566e+17 1.11656e+18 1.11656e+18 1.11656e+18 4.42345e+19 3.94504e+19 0 0 4.64348e+42 0 0 0
2.20673e+14 5.59617e+17 5.60089e+17 7.25192e+17 7.25192e+17 7.25192e+17 3.03775e+19 2.62909e+19 0 0 4.64348e+42 0 0 0
2.5483e+14 3.69183e+17 3.69748e+17 4.65569e+17 4.65569e+17 4.65569e+17 2.06438e+19 1.72997e+19 0 0 4.64348e+42 0 0 0
2.94273e+14 2.39797e+17 2.40412e+17 2.95317e+17 2.95317e+17 2.95317e+17 1.38683e+19 1.12182e+19 0 0 4.64348e+42 0 0 0
3.39821e+14 1.47712e+17 1.48304e+17 1.78221e+17 1.78221e+17 1.78221e+17 8.8636e+18 6.82327e+18 0 0 4.64348e+42 0 0 0
3.92419e+14 9.46731e+16 9.52267e+16 1.12235e+17 1.12235e+17 1.12235e+17 5.90881e+18 4.37514e+18 0 0 4.64348e+42 0 0 0
4.53158e+14 5.97784e+16 6.02602e+16 6.98127e+16 6.98127e+16 6.98127e+16 3.88745e+18 2.76107e+18 0 0 4.64348e+42 0 0 0
5.23299e+14 3.71597e+16 3.75523e+16 4.28483e+16 4.28483e+16 4.28483e+16 2.52077e+18 1.71069e+18 0 0 4.64348e+42 0 0 0
6.04296e+14 2.16596e+16 2.19464e+16 2.4707e+16 2.4707e+16 2.4707e+16 1.53353e+18 9.74e+17 0 0 4.64348e+42 0 0 0
6.97831e+14 1.32856e+16 1.34978e+16 1.50162e+16 1.50162e+16 1.50162e+16 9.81802e+17 5.9324e+17 0 0 4.64348e+42 0 0 0
8.05842e+14 8.01582e+15 8.16519e+15 8.98881e+15 8.98881e+15 8.98881e+15 6.18031e+17 3.54142e+17 0 0 4.64348e+42 0 0 0
9.30572e+14 4.75132e+15 4.85156e+15 5.29168e+15 5.29168e+15 5.29168e+15 3.81894e+17 2.06529e+17 0 0 4.64348e+42 0 0 0
1.07461e+15 2.58836e+15 2.6486e+15 2.86536e+15 2.86536e+15 2.86536e+15 2.16634e+17 1.07215e+17 0 0 4.64348e+42 0 0 0
1.24094e+15 1.5075e+15 1.54532e+15 1.65979e+15 1.65979e+15 1.65979e+15 1.31198e+17 6.09721e+16 0 0 4.64348e+42 0 0 0
1.43301e+15 8.60128e+14 8.8292e+14 9.4232e+14 9.4232e+14 9.4232e+14 7.7715e+16 3.38048e+16 0 0 4.64348e+42 0 0 0
1.65482e+15 4.79914e+14 4.93107e+14 5.2335e+14 5.2335e+14 5.2335e+14 4.4939e+16 1.81926e+16 0 0 4.64348e+42 0 0 0
1.91095e+15 2.37796e+14 2.44471e+14 2.58192e+14 2.58192e+14 2.58192e+14 2.30348e+16 8.28352e+15 0 0 4.64348e+42 0 0 0
2.20673e+15 1.2908e+14 1.32728e+14 1.39573e+14 1.39573e+14 1.39573e+14 1.29104e+16 4.29742e+15 0 0 4.64348e+42 0 0 0
2.5483e+15 6.81427e+13 7.00574e+13 7.33912e+13 7.33912e+13 7.33912e+13 7.02359e+15 2.1594e+15 0 0 4.64348e+42 0 0 0
2.94273e+15 3.4928e+13 3.58928e+13 3.74757e+13 3.74757e+13 3.74757e+13 3.70285e+15 1.04483e+15 0 0 4.64348e+42 0 0 0
3.39821e+15 1.49941e+13 1.53973e+13 1.60294e+13 1.60294e+13 1.60294e+13 1.63183e+15 3.93318e+14 0 0 4.64348e+42 0 0 0
3.92419e+15 7.34688e+12 7.53746e+12 7.82686e+12 7.82686e+12 7.82686e+12 8.19267e+14 1.80268e+14 0 0 4.64348e+42 0 0 0
4.53158e+15 3.46005e+12 3.54596e+12 3.67387e+12 3.67387e+12 3.67387e+12 3.94611e+14 7.94085e+13 0 0 4.64348e+42 0 0 0
5.23299e+15 1.56636e+12 1.60332e+12 1.65791e+12 1.65791e+12 1.65791e+12 1.8237e+14 3.33636e+13 0 0 4.64348e+42 0 0 0
6.04296e+15 5.37598e+11 5.49575e+11 5.67318e+11 5.67318e+11 5.67318e+11 6.37859e+13 9.43681e+12 0 0 4.64348e+42 0 0 0
6.97831e+15 2.2603e+11 2.30758e+11 2.37854e+11 2.37854e+11 2.37854e+11 2.72829e+13 3.64192e+12 0 0 4.64348e+42 0 0 0
8.05842e+15 8.94887e+10 9.12372e+10 9.39211e+10 9.39211e+10 9.39211e+10 1.09703e+13 1.34001e+12 0 0 4.64348e+42 0 0 0
9.30572e+15 3.34879e+10 3.40963e+10 3.50598e+10 3.50598e+10 3.50598e+10 4.16253e+12 4.67169e+11 0 0 4.64348e+42 0 0 0
1.07461e+16 8.09859e+09 8.23482e+09 8.45931e+09 8.45931e+09 8.45931e+09 1.01908e+12 8.38215e+10 0 0 4.64348e+42 0 0 0
1.24094e+16 2.696e+09 2.73783e+09 2.81011e+09 2.81011e+09 2.81011e+09 3.42908e+11 2.50772e+10 0 0 4.64348e+42 0 0 0
1.43301e+16 8.11933e+08 8.23515e+08 8.44643e+08 8.44643e+08 8.44643e+08 1.04229e+11 7.07271e+09 0 0 4.64348e+42 0 0 0
1.65482e+16 2.20587e+08 2.23471e+08 2.29063e+08 2.29063e+08 2.29063e+08 2.85384e+10 1.91154e+09 0 0 4.64348e+42 0 0 0
1.91095e+16 3.11535e+07 3.15258e+07 3.22974e+07 3.22974e+07 3.22974e+07 4.05627e+09 1.67185e+08 0 0 4.64348e+42 0 0 0
2.20673e+16 7.16402e+06 7.24207e+06 7.41599e+06 7.41599e+06 7.41599e+06 9.37465e+08 3.33577e+07 0 0 4.64348e+42 0 0 0
2.5483e+16 1.38857e+06 1.40233e+06 1.43546e+06 1.43546e+06 1.43546e+06 1.82377e+08 6.00282e+06 0 0 4.64348e+42 0 0 0
2.94273e+16 214748 216680 221729 221729 221729 2.82738e+07 1.0583e+06 0 0 4.64348e+42 0 0 0
3.39821e+16 12851 12955.7 13254.1 13254.1 13254.1 1.69394e+06 34368.2 0 0 4.64348e+42 0 0 0
3.92419e+16 1577.26 1588.88 1625.12 1625.12 1625.12 207900 3517.77 0 0 4.64348e+42 0 0 0
4.53158e+16 144.895 145.859 149.16 149.16 149.16 19076.4 282.459 0 0 4.64348e+42 0 0 0
5.23299e+16 8.99219 9.04611 9.24952 9.24952 9.24952 1181.18 21.0273 0 0 4.64348e+42 0 0 0
6.04296e+16 0.122596 0.123258 0.126016 0.126016 0.126016 16.0497 0.17243 0 0 4.64348e+42 0 0 0
6.97831e+16 0.00503962 0.00506408 0.00517699 0.00517699 0.00517699 0.656853 0.0055104 0 0 4.64348e+42 0 0 0
8.05842e+16 9.99874e-05 0.000100423 0.000102657 0.000102657 0.000102657 0.0129625 7.4411e-05 0 0 4.64348e+42 0 0 0
9.30572e+16 0 0 0 0 0 0 0 0 0 4.64348e+42 0 0 0