
1.07461e-07 0 0 1.94864e+50 3.70245e+51 2.27685e+57 0 0 3.01133e+44 0 4.64348e+42 0 0 1
1.24094e-07 0 0 3.28428e+50 4.20532e+51 2.02168e+57 0 0 3.47743e+44 0 4.64348e+42 0 0 1
1.43301e-07 0 0 5.25334e+50 4.77934e+51 1.79384e+57 0 0 4.01567e+44 0 4.64348e+42 0 0 1
1.65482e-07 0 0 8.03263e+50 5.43574e+51 1.59039e+57 0 0 4.63722e+44 0 4.64348e+42 0 0 1
1.91095e-07 0 0 1.18165e+51 6.1885e+51 1.40895e+57 0 0 5.35498e+44 0 4.64348e+42 0 0 1
2.20673e-07 0 0 1.68176e+51 7.05468e+51 1.2474e+57 0 0 6.18384e+44 0 4.64348e+42 0 0 1
2.5483e-07 0 0 2.32707e+51 8.05483e+51 1.10383e+57 0 0 7.14098e+44 0 4.64348e+42 0 0 1
2.94273e-07 0 0 3.14376e+51 9.21336e+51 9.76429e+56 0 0 8.24628e+44 0 4.64348e+42 0 0 1
3.39821e-07 0 0 4.16148e+51 1.05591e+52 8.6351e+56 0 0 9.52265e+44 0 4.64348e+42 0 0 1
3.92419e-07 0 0 5.4142e+51 1.21258e+52 7.63501e+56 0 0 1.09966e+45 0 4.64348e+42 0 0 1
4.53158e-07 0 0 6.94129e+51 1.39534e+52 6.74955e+56 0 0 1.26987e+45 0 4.64348e+42 0 0 1
5.23299e-07 0 0 8.78893e+51 1.60891e+52 5.96557e+56 0 0 1.46642e+45 0 4.64348e+42 0 0 1
6.04296e-07 0 0 1.1012e+52 1.85893e+52 5.2713e+56 0 0 1.69339e+45 0 4.64348e+42 0 0 1
6.97831e-07 0 0 1.36765e+52 2.15225e+52 4.65631e+56 0 0 1.9555e+45 0 4.64348e+42 0 0 1
8.05842e-07 0 0 1.68624e+52 2.49715e+52 4.11146e+56 0 0 2.25818e+45 0 4.64348e+42 0 0 1
9.30572e-07 0 0 2.06669e+52 2.90364e+52 3.62871e+56 0 0 2.6077e+45 0 4.64348e+42 0 0 1
1.07461e-06 0 0 2.5207e+52 3.38374e+52 3.20103e+56 0 0 3.01133e+45 0 4.64348e+42 0 0 1
1.24094e-06 0 0 3.06236e+52 3.95177e+52 2.8222e+56 0 0 3.47742e+45 0 4.64348e+42 0 0 1
1.43301e-06 0 0 3.7085e+52 4.62479e+52 2.48672e+56 0 0 4.01567e+45 0 4.64348e+42 0 0 1
1.65482e-06 0 0 4.47933e+52 5.42317e+52 2.1897e+56 0 0 4.63722e+45 0 4.64348e+42 0 0 1
1.91095e-06 0 0 5.39911e+52 6.37135e+52 1.92681e+56 0 0 5.35497e+45 0 4.64348e+42 0 0 1
2.20673e-06 0 0 6.49699e+52 7.49866e+52 1.69421e+56 0 0 6.18383e+45 0 4.64348e+42 0 0 1
2.5483e-06 0 0 7.80794e+52 8.84018e+52 1.48849e+56 0 0 7.14097e+45 0 4.64348e+42 0 0 1
2.94273e-06 0 0 9.37376e+52 1.04378e+53 1.30663e+56 0 0 8.24626e+45 0 4.64348e+42 0 0 1
3.39821e-06 0 0 1.12444e+53 1.23417e+53 1.14593e+56 0 0 9.52263e+45 0 4.64348e+42 0 0 1
3.92419e-06 0 0 1.34795e+53 1.46114e+53 1.00402e+56 0 0 1.09966e+46 0 4.64348e+42 0 0 1
4.53158e-06 0 0 1.61504e+53 1.73184e+53 8.78772e+55 0 0 1.26986e+46 0 4.64348e+42 0 0 1
5.23299e-06 0 0 1.93421e+53 2.05477e+53 7.6831e+55 0 0 1.46641e+46 0 4.64348e+42 0 0 1
6.04296e-06 0 0 2.31558e+53 2.44006e+53 6.70958e+55 0 0 1.69339e+46 0 4.64348e+42 0 0 1
6.97831e-06 0 0 2.77126e+53 2.89981e+53 5.8523e+55 0 0 1.95549e+46 0 4.64348e+42 0 0 1
8.05842e-06 0 0 3.31563e+53 3.44841e+53 5.09803e+55 0 0 2.25817e+46 0 4.64348e+42 0 0 1
9.30572e-06 0 0 3.96585e+53 4.10302e+53 4.435e+55 0 0 2.60769e+46 0 4.64348e+42 0 0 1
1.07461e-05 0 0 4.74235e+53 4.88406e+53 3.85277e+55 0 0 3.01131e+46 0 4.64348e+42 0 0 1
1.24094e-05 0 0 5.66946e+53 5.81588e+53 3.34203e+55 0 0 3.4774e+46 0 4.64348e+42 0 0 1
1.43301e-05 0 0 6.77614e+53 6.92743e+53 2.89452e+55 0 0 4.01564e+46 0 4.64348e+42 0 0 1
1.65482e-05 0 0 8.0969e+53 8.25321e+53 2.50289e+55 0 0 4.63718e+46 0 4.64348e+42 0 0 1
1.91095e-05 4.04272e-215 4.04272e-215 9.67281e+53 9.83431e+53 2.1606e+55 0 0 5.35492e+46 8.85227e-220 4.64348e+42 0 0 1
2.20673e-05 4.81412e-145 4.81412e-145 1.15528e+54 1.17197e+54 1.86184e+55 0 0 6.18376e+46 7.64298e-150 4.64348e+42 0 0 1
2.5483e-05 3.17079e-93 3.17079e-93 1.3795e+54 1.39674e+54 1.60146e+55 0 0 7.14088e+46 3.65072e-98 4.64348e+42 0 0 1
2.94273e-05 6.6735e-55 6.6735e-55 1.64651e+54 1.66431e+54 1.37488e+55 0 0 8.24614e+46 5.57472e-60 4.64348e+42 0 0 1
3.39821e-05 1.48286e-26 1.48286e-26 1.96062e+54 1.97897e+54 1.17802e+55 0 0 9.52246e+46 9.00821e-32 4.64348e+42 0 0 1
3.92419e-05 1.38082e-05 1.38082e-05 2.31286e+54 2.33159e+54 1.00729e+55 0 0 1.09963e+47 6.15774e-11 4.64348e+42 0 0 1
4.53158e-05 4.45442e+10 4.45442e+10 2.66661e+54 2.6853e+54 8.59469e+54 0 0 1.26983e+47 149199 4.64348e+42 0 0 1
5.23299e-05 1.29515e+22 1.29515e+22 2.96141e+54 2.97937e+54 7.31734e+54 0 0 1.46637e+47 3.38263e+16 4.64348e+42 0 0 1
6.04296e-05 3.78201e+30 3.78201e+30 3.14021e+54 3.15669e+54 6.2157e+54 0 0 1.69333e+47 8.06674e+24 4.64348e+42 0 0 1
6.97831e-05 6.62614e+36 6.62614e+36 3.17587e+54 3.19031e+54 5.26756e+54 0 0 1.95542e+47 1.21013e+31 4.64348e+42 0 0 1
8.05842e-05 2.62394e+41 2.62394e+41 3.07671e+54 3.08881e+54 4.45329e+54 0 0 2.25807e+47 4.28352e+35 4.64348e+42 0 0 1
9.30572e-05 6.28208e+44 6.28208e+44 2.87431e+54 2.8841e+54 3.75555e+54 0 0 2.60756e+47 9.50612e+38 4.64348e+42 0 0 1
0.000107461 1.88561e+47 1.88561e+47 2.60758e+54 2.61527e+54 3.15905e+54 0 0 3.01114e+47 2.72362e+41 4.64348e+42 0 0 1
0.000124094 1.21782e+49 1.21782e+49 2.31154e+54 2.31744e+54 2.65035e+54 0 0 3.47718e+47 1.71836e+43 4.64348e+42 0 0 1
0.000143301 2.52418e+50 2.52418e+50 2.01253e+54 2.01698e+54 2.2176e+54 0 0 4.01534e+47 3.54251e+44 4.64348e+42 0 0 1
0.000165482 2.25683e+51 2.25683e+51 1.7278e+54 1.73111e+54 1.85043e+54 0 0 4.63678e+47 3.19476e+45 4.64348e+42 0 0 1
0.000191095 1.08313e+52 1.08313e+52 1.46713e+54 1.46956e+54 1.53973e+54 0 0 5.35439e+47 1.56367e+46 4.64348e+42 0 0 1
0.000220673 3.27991e+52 3.27991e+52 1.2349e+54 1.23668e+54 1.27753e+54 0 0 6.18304e+47 4.87149e+46 4.64348e+42 0 0 1
0.00025483 7.06191e+52 7.06191e+52 1.03204e+54 1.03333e+54 1.0569e+54 0 0 7.13993e+47 1.08682e+47 4.64348e+42 0 0 1
0.000294273 1.18085e+53 1.18085e+53 8.57374e+53 8.58297e+53 8.71792e+53 0 0 8.24487e+47 1.89434e+47 4.64348e+42 0 0 1
0.000339821 1.63681e+53 1.63681e+53 7.08618e+53 7.09278e+53 7.16942e+53 0 0 9.52077e+47 2.75118e+47 4.64348e+42 0 0 1
0.000392419 1.97357e+53 1.97357e+53 5.83011e+53 5.83481e+53 5.87801e+53 0 0 1.09941e+48 3.49149e+47 4.64348e+42 0 0 1
0.000453158 2.14494e+53 2.14494e+53 4.77685e+53 4.78018e+53 4.80435e+53 0 0 1.26953e+48 4.01058e+47 4.64348e+42 0 0 1
0.000523299 2.15723e+53 2.15723e+53 3.89878e+53 3.90113e+53 3.91456e+53 0 0 1.46597e+48 4.27959e+47 4.64348e+42 0 0 1
0.000604296 2.04706e+53 2.04706e+53 3.17045e+53 3.17211e+53 3.17952e+53 0 0 1.6928e+48 4.32456e+47 4.64348e+42 0 0 1
0.000697831 1.85925e+53 1.85925e+53 2.56907e+53 2.57023e+53 2.57429e+53 0 0 1.95471e+48 4.19756e+47 4.64348e+42 0 0 1
0.000805842 1.63351e+53 1.63351e+53 2.07457e+53 2.07539e+53 2.07759e+53 0 0 2.25712e+48 3.95481e+47 4.64348e+42 0 0 1
0.000930572 1.39918e+53 1.39918e+53 1.66957e+53 1.67013e+53 1.67133e+53 0 0 2.60629e+48 3.64504e+47 4.64348e+42 0 0 1
0.00107461 1.17517e+53 1.17517e+53 1.33911e+53 1.33951e+53 1.34015e+53 0 0 3.00945e+48 3.30534e+47 4.64348e+42 0 0 1
0.00124094 9.71971e+52 9.71971e+52 1.07048e+53 1.07075e+53 1.07109e+53 0 0 3.47492e+48 2.96148e+47 4.64348e+42 0 0 1
0.00143301 7.9415e+52 7.9415e+52 8.52887e+52 8.53076e+52 8.53255e+52 0 0 4.01233e+48 2.62993e+47 4.64348e+42 0 0 1
0.00165482 6.42476e+52 6.42476e+52 6.77272e+52 6.77401e+52 6.77496e+52 0 0 4.63277e+48 2.32021e+47 4.64348e+42 0 0 1
0.00191095 5.15541e+52 5.15541e+52 5.36037e+52 5.36126e+52 5.36175e+52 0 0 5.34905e+48 2.03705e+47 4.64348e+42 0 0 1
0.00220673 4.10841e+52 4.10841e+52 4.22853e+52 4.22914e+52 4.22939e+52 0 0 6.17592e+48 1.78204e+47 4.64348e+42 0 0 1
0.0025483 3.25462e+52 3.25462e+52 3.32469e+52 3.32511e+52 3.32524e+52 0 0 7.13043e+48 1.55483e+47 4.64348e+42 0 0 1
0.00294273 2.56477e+52 2.56477e+52 2.60547e+52 2.60575e+52 2.60582e+52 0 0 8.23221e+48 1.35393e+47 4.64348e+42 0 0 1
0.00339821 2.01162e+52 2.01162e+52 2.03517e+52 2.03536e+52 2.03539e+52 0 0 9.50389e+48 1.17728e+47 4.64348e+42 0 0 1
0.00392419 1.57097e+52 1.57097e+52 1.58454e+52 1.58467e+52 1.58468e+52 0 0 1.09716e+49 1.02258e+47 4.64348e+42 0 0 1
0.00453158 1.22193e+52 1.22193e+52 1.22973e+52 1.22981e+52 1.22982e+52 0 0 1.26653e+49 8.87508e+46 4.64348e+42 0 0 1
0.00523299 9.46867e+51 9.46867e+51 9.51328e+51 9.51385e+51 9.51393e+51 0 0 1.46197e+49 7.69826e+46 4.64348e+42 0 0 1
0.00604296 7.31115e+51 7.31115e+51 7.3366e+51 7.33698e+51 7.33702e+51 0 0 1.68746e+49 6.67459e+46 4.64348e+42 0 0 1
0.00697831 5.62613e+51 5.62613e+51 5.64059e+51 5.64085e+51 5.64087e+51 0 0 1.94759e+49 5.7852e+46 4.64348e+42 0 0 1
0.00805842 4.31546e+51 4.31546e+51 4.32366e+51 4.32383e+51 4.32384e+51 0 0 2.24763e+49 5.01313e+46 4.64348e+42 0 0 1
0.00930572 3.29992e+51 3.29992e+51 3.30455e+51 3.30467e+51 3.30467e+51 0 0 2.59365e+49 4.34335e+46 4.64348e+42 0 0 1
0.0107461 2.51594e+51 2.51594e+51 2.51855e+51 2.51862e+51 2.51863e+51 0 0 2.99259e+49 3.76256e+46 4.64348e+42 0 0 1
0.0124094 1.91285e+51 1.91285e+51 1.91432e+51 1.91436e+51 1.91437e+51 0 0 3.45245e+49 3.25912e+46 4.64348e+42 0 0 1
0.0143301 1.45047e+51 1.45047e+51 1.4513e+51 1.45133e+51 1.45133e+51 0 0 3.98237e+49 2.82285e+46 4.64348e+42 0 0 1
0.0165482 1.09712e+51 1.09712e+51 1.09758e+51 1.0976e+51 1.0976e+51 0 0 4.59284e+49 2.44485e+46 4.64348e+42 0 0 1
0.0191095 8.27913e+50 8.27913e+50 8.2817e+50 8.28183e+50 8.28183e+50 0 0 5.29583e+49 2.11738e+46 4.64348e+42 0 0 1
0.0220673 6.23404e+50 6.23404e+50 6.23547e+50 6.23555e+50 6.23556e+50 0 0 6.105e+49 1.83373e+46 4.64348e+42 0 0 1
0.025483 4.68469e+50 4.68469e+50 4.68548e+50 4.68554e+50 4.68554e+50 0 0 7.03592e+49 1.58804e+46 4.64348e+42 0 0 1
0.0294273 3.5139e+50 3.5139e+50 3.51434e+50 3.51438e+50 3.51438e+50 0 0 8.10628e+49 1.37524e+46 4.64348e+42 0 0 1
0.0339821 2.63128e+50 2.63128e+50 2.63152e+50 2.63154e+50 2.63154e+50 0 0 9.33613e+49 1.19095e+46 4.64348e+42 0 0 1
0.0392419 1.96734e+50 1.96734e+50 1.96748e+50 1.96749e+50 1.96749e+50 0 0 1.07481e+50 1.03134e+46 4.64348e+42 0 0 1
0.0453158 1.46892e+50 1.46892e+50 1.46899e+50 1.469e+50 1.469e+50 0 0 1.23677e+50 8.93124e+45 4.64348e+42 0 0 1
0.0523299 1.09543e+50 1.09543e+50 1.09547e+50 1.09548e+50 1.09548e+50 0 0 1.42234e+50 7.73423e+45 4.64348e+42 0 0 1
0.0604296 8.16018e+49 8.16018e+49 8.1604e+49 8.16044e+49 8.16044e+49 0 0 1.63471e+50 6.69764e+45 4.64348e+42 0 0 1
0.0697831 6.07303e+49 6.07303e+49 6.07315e+49 6.07318e+49 6.07318e+49 0 0 1.87739e+50 5.79995e+45 4.64348e+42 0 0 1
0.0805842 4.51604e+49 4.51604e+49 4.5161e+49 4.51612e+49 4.51612e+49 0 0 2.15424e+50 5.02258e+45 4.64348e+42 0 0 1
0.0930572 3.35592e+49 3.35592e+49 3.35595e+49 3.35597e+49 3.35597e+49 0 0 2.46943e+50 4.34939e+45 4.64348e+42 0 0 1
0.107461 2.49241e+49 2.49241e+49 2.49243e+49 2.49244e+49 2.49244e+49 0 0 2.82747e+50 3.76643e+45 4.64348e+42 0 0 1
0.124094 1.85026e+49 1.85026e+49 1.85027e+49 1.85027e+49 1.85027e+49 0 0 3.23305e+50 3.2616e+45 4.64348e+42 0 0 1
0.143301 1.37309e+49 1.37309e+49 1.37309e+49 1.37309e+49 1.37309e+49 0 0 3.69103e+50 2.82443e+45 4.64348e+42 0 0 1
0.165482 1.01873e+49 1.01873e+49 1.01874e+49 1.01874e+49 1.01874e+49 0 0 4.20621e+50 2.44586e+45 4.64348e+42 0 0 1
0.191095 7.55727e+48 7.55727e+48 7.55729e+48 7.5573e+48 7.5573e+48 0 0 4.78316e+50 2.11803e+45 4.64348e+42 0 0 1
0.220673 5.60596e+48 5.60596e+48 5.60597e+48 5.60598e+48 5.60598e+48 0 0 5.42581e+50 1.83414e+45 4.64348e+42 0 0 1
0.25483 4.15866e+48 4.15866e+48 4.15866e+48 4.15867e+48 4.15867e+48 0 0 6.13709e+50 1.5883e+45 4.64348e+42 0 0 1
0.294273 3.08537e+48 3.08537e+48 3.08538e+48 3.08538e+48 3.08538e+48 0 0 6.91825e+50 1.37541e+45 4.64348e+42 0 0 1
0.339821 2.28952e+48 2.28952e+48 2.28953e+48 2.28953e+48 2.28953e+48 0 0 7.76813e+50 1.19106e+45 4.64348e+42 0 0 1
0.392419 1.69939e+48 1.69939e+48 1.69939e+48 1.69939e+48 1.69939e+48 0 0 8.68214e+50 1.03141e+45 4.64348e+42 0 0 1
0.453158 1.26176e+48 1.26176e+48 1.26176e+48 1.26176e+48 1.26176e+48 0 0 9.65105e+50 8.93166e+44 4.64348e+42 0 0 1
0.523299 9.37171e+47 9.37171e+47 9.37171e+47 9.37172e+47 9.37172e+47 0 0 1.06596e+51 7.7345e+44 4.64348e+42 0 0 1
0.604296 6.96369e+47 6.96369e+47 6.96369e+47 6.9637e+47 6.9637e+47 0 0 1.16848e+51 6.6978e+44 4.64348e+42 0 0 1
0.697831 5.17676e+47 5.17676e+47 5.17677e+47 5.17677e+47 5.17677e+47 0 0 1.26943e+51 5.80005e+44 4.64348e+42 0 0 1
0.805842 3.85029e+47 3.85029e+47 3.85029e+47 3.85029e+47 3.85029e+47 0 0 1.36453e+51 5.02263e+44 4.64348e+42 0 0 1
0.930572 2.86525e+47 2.86525e+47 2.86525e+47 2.86525e+47 2.86525e+47 0 0 1.44832e+51 4.34942e+44 4.64348e+42 0 0 1
1.07461 2.13345e+47 2.13345e+47 2.13345e+47 2.13345e+47 2.13345e+47 0 0 1.51421e+51 3.76644e+44 4.64348e+42 0 0 1
1.24094 1.58952e+47 1.58952e+47 1.58952e+47 1.58952e+47 1.58952e+47 0 0 1.55474e+51 3.2616e+44 4.64348e+42 0 0 1
1.43301 1.18505e+47 1.18505e+47 1.18505e+47 1.18505e+47 1.18505e+47 0 0 1.56214e+51 2.82442e+44 4.64348e+42 0 0 1
1.65482 8.84101e+46 8.84101e+46 8.84102e+46 8.84102e+46 8.84102e+46 0 0 1.52922e+51 2.44585e+44 4.64348e+42 0 0 1
1.91095 6.60061e+46 6.60061e+46 6.60061e+46 6.60061e+46 6.60061e+46 0 0 1.45084e+51 2.11801e+44 4.64348e+42 0 0 1
2.20673 4.93172e+46 4.93172e+46 4.93172e+46 4.93172e+46 4.93172e+46 0 0 1.32557e+51 1.83412e+44 4.64348e+42 0 0 1
2.5483 3.68777e+46 3.68777e+46 3.68777e+46 3.68777e+46 3.68777e+46 0 0 1.15752e+51 1.58828e+44 4.64348e+42 0 0 1
2.94273 2.75992e+46 2.75992e+46 2.75992e+46 2.75992e+46 2.75992e+46 0 0 9.57388e+50 1.37539e+44 4.64348e+42 0 0 1
3.39821 2.06736e+46 2.06736e+46 2.06736e+46 2.06736e+46 2.06736e+46 0 0 7.42192e+50 1.19104e+44 4.64348e+42 0 0 1
3.92419 1.55004e+46 1.55004e+46 1.55004e+46 1.55004e+46 1.55004e+46 0 0 5.32758e+50 1.03139e+44 4.64348e+42 0 0 1
4.53158 1.1633e+46 1.1633e+46 1.1633e+46 1.1633e+46 1.1633e+46 0 0 3.4921e+50 8.93146e+43 4.64348e+42 0 0 1
5.23299 8.73947e+45 8.73947e+45 8.73947e+45 8.73947e+45 8.73947e+45 0 0 2.05746e+50 7.73429e+43 4.64348e+42 0 0 1
6.04296 6.57265e+45 6.57265e+45 6.57265e+45 6.57265e+45 6.57265e+45 0 0 1.07032e+50 6.69759e+43 4.64348e+42 0 0 1
6.97831 4.94854e+45 4.94854e+45 4.94854e+45 4.94854e+45 4.94854e+45 0 0 4.81795e+49 5.79984e+43 4.64348e+42 0 0 1
8.05842 3.73004e+45 3.73004e+45 3.73004e+45 3.73004e+45 3.73004e+45 0 0 1.83407e+49 5.02242e+43 4.64348e+42 0 0 1
9.30572 2.81493e+45 2.81493e+45 2.81493e+45 2.81493e+45 2.81493e+45 0 0 5.75144e+48 4.34921e+43 4.64348e+42 0 0 1
10.7461 2.12695e+45 2.12695e+45 2.12695e+45 2.12695e+45 2.12695e+45 0 0 1.44166e+48 3.76623e+43 4.64348e+42 0 0 1
12.4094 1.60916e+45 1.60916e+45 1.60916e+45 1.60916e+45 1.60916e+45 0 0 2.78995e+47 3.26139e+43 4.64348e+42 0 0 1
14.3301 1.21901e+45 1.21901e+45 1.21901e+45 1.21901e+45 1.21901e+45 0 0 4.00483e+46 2.82421e+43 4.64348e+42 0 0 1
16.5482 9.24688e+44 9.24688e+44 9.24689e+44 9.24689e+44 9.24689e+44 0 0 4.07138e+45 2.44564e+43 4.64348e+42 0 0 1
19.1095 7.02383e+44 7.02383e+44 7.02383e+44 7.02383e+44 7.02383e+44 0 0 2.77892e+44 2.1178e+43 4.64348e+42 0 0 1
22.0673 5.3426e+44 5.3426e+44 5.3426e+44 5.3426e+44 5.3426e+44 0 0 1.19731e+43 1.83391e+43 4.64348e+42 0 0 1
25.483 4.06947e+44 4.06947e+44 4.06948e+44 4.06948e+44 4.06948e+44 0 0 3.03258e+41 1.58807e+43 4.64348e+42 0 0 1
29.4273 3.10409e+44 3.10409e+44 3.1041e+44 3.1041e+44 3.1041e+44 0 0 4.15886e+39 1.37518e+43 4.64348e+42 0 0 1
33.9821 2.37106e+44 2.37106e+44 2.37106e+44 2.37106e+44 2.37106e+44 0 0 2.80838e+37 1.19083e+43 4.64348e+42 0 0 1
39.2419 1.81366e+44 1.81366e+44 1.81366e+44 1.81366e+44 1.81366e+44 0 0 8.36819e+34 1.03118e+43 4.64348e+42 0 0 1
45.3158 1.38921e+44 1.38921e+44 1.38921e+44 1.38921e+44 1.38921e+44 0 0 9.69411e+31 8.92935e+42 4.64348e+42 0 0 1
52.3299 1.06553e+44 1.06553e+44 1.06553e+44 1.06553e+44 1.06553e+44 0 0 3.77205e+28 7.73219e+42 4.64348e+42 0 0 1
60.4296 8.18323e+43 8.18323e+43 8.18325e+43 8.18325e+43 8.18325e+43 0 0 4.16393e+24 6.69548e+42 4.64348e+42 0 0 1
69.7831 6.29254e+43 6.29254e+43 6.29256e+43 6.29256e+43 6.29256e+43 0 0 1.073e+20 5.79774e+42 4.64348e+42 0 0 1
80.5842 4.84436e+43 4.84436e+43 4.84437e+43 4.84437e+43 4.84437e+43 0 0 5.15305e+14 5.02032e+42 4.64348e+42 0 0 1
93.0572 3.73352e+43 3.73352e+43 3.73354e+43 3.73354e+43 3.73354e+43 0 0 3.55607e+08 4.34711e+42 4.64348e+42 0 0 1
107.461 2.88025e+43 2.88025e+43 2.88026e+43 2.88026e+43 2.88026e+43 0 0 26.1157 3.76412e+42 4.64348e+42 0 0 1
124.094 2.22393e+43 2.22393e+43 2.22394e+43 2.22394e+43 2.22394e+43 0 0 1.44298e-07 3.25928e+42 4.64348e+42 0 0 1
143.301 1.71843e+43 1.71843e+43 1.71845e+43 1.71845e+43 1.71845e+43 0 0 4.01918e-17 2.82211e+42 4.64348e+42 0 0 1
165.482 1.32863e+43 1.32863e+43 1.32864e+43 1.32864e+43 1.32864e+43 0 0 3.55391e-28 2.44353e+42 4.64348e+42 0 0 1
191.095 1.02771e+43 1.02771e+43 1.02772e+43 1.02772e+43 1.02772e+43 0 0 5.84864e-41 2.1157e+42 4.64348e+42 0 0 1
220.673 7.95158e+42 7.95158e+42 7.95165e+42 7.95165e+42 7.95165e+42 0 0 9.66888e-56 1.83181e+42 4.64348e+42 0 0 1
254.83 6.15288e+42 6.15288e+42 6.15295e+42 6.15295e+42 6.15295e+42 0 0 7.87794e-73 1.58597e+42 4.64348e+42 0 0 1
294.273 4.76064e+42 4.76064e+42 4.7607e+42 4.7607e+42 4.7607e+42 0 0 1.39007e-92 1.37308e+42 4.64348e+42 0 0 1
339.821 3.68241e+42 3.68241e+42 3.68246e+42 3.68246e+42 3.68246e+42 0 0 2.05517e-115 1.18872e+42 4.64348e+42 0 0 1
392.419 2.84705e+42 2.84705e+42 2.8471e+42 2.8471e+42 2.8471e+42 0 0 8.50373e-142 1.02908e+42 4.64348e+42 0 0 1
453.158 2.19976e+42 2.19976e+42 2.1998e+42 2.1998e+42 2.1998e+42 0 0 2.7757e-172 8.90834e+41 4.64348e+42 0 0 1
523.299 1.6982e+42 1.6982e+42 1.69824e+42 1.69824e+42 1.69824e+42 0 0 1.65603e-207 7.71118e+41 4.64348e+42 0 0 1
604.296 1.30969e+42 1.30969e+42 1.30972e+42 1.30972e+42 1.30972e+42 0 0 3.33678e-248 6.67448e+41 4.64348e+42 0 0 1
697.831 1.00889e+42 1.00889e+42 1.00892e+42 1.00892e+42 1.00892e+42 0 0 0 5.77674e+41 4.64348e+42 0 0 1
805.842 7.76174e+41 7.76174e+41 7.762e+41 7.762e+41 7.762e+41 0 0 0 4.99933e+41 4.64348e+42 0 0 1
930.572 5.96306e+41 5.96306e+41 5.96329e+41 5.96329e+41 5.96329e+41 0 0 0 4.32612e+41 4.64348e+42 0 0 1
1074.61 4.57449e+41 4.57449e+41 4.5747e+41 4.5747e+41 4.5747e+41 0 0 0 3.74315e+41 4.64348e+42 0 0 1
1240.94 3.50399e+41 3.50399e+41 3.50417e+41 3.50417e+41 3.50417e+41 0 0 0 3.23832e+41 4.64348e+42 0 0 1
1433.01 2.67996e+41 2.67996e+41 2.68012e+41 2.68012e+41 2.68012e+41 0 0 0 2.80116e+41 4.64348e+42 0 0 1
1654.82 2.0467e+41 2.0467e+41 2.04684e+41 2.04684e+41 2.04684e+41 0 0 0 2.4226e+41 4.64348e+42 0 0 1
1910.95 1.56089e+41 1.56089e+41 1.56101e+41 1.56101e+41 1.56101e+41 0 0 0 2.09478e+41 4.64348e+42 0 0 1
2206.73 1.18885e+41 1.18885e+41 1.18896e+41 1.18896e+41 1.18896e+41 0 0 0 1.81091e+41 4.64348e+42 0 0 1
2548.3 9.04423e+40 9.04423e+40 9.0452e+40 9.0452e+40 9.0452e+40 0 0 0 1.56509e+41 4.64348e+42 0 0 1
2942.73 6.87344e+40 6.87344e+40 6.87428e+40 6.87428e+40 6.87428e+40 0 0 0 1.35223e+41 4.64348e+42 0 0 1
3398.21 5.21918e+40 5.21918e+40 5.21992e+40 5.21992e+40 5.21992e+40 0 0 0 1.16791e+41 4.64348e+42 0 0 1
3924.19 3.96028e+40 3.96028e+40 3.96093e+40 3.96093e+40 3.96093e+40 0 0 0 1.0083e+41 4.64348e+42 0 0 1
4531.58 3.0034e+40 3.0034e+40 3.00397e+40 3.00397e+40 3.00397e+40 0 0 0 8.70091e+40 4.64348e+42 0 0 1
5232.99 2.27684e+40 2.27684e+40 2.27732e+40 2.27732e+40 2.27732e+40 0 0 0 7.50435e+40 4.64348e+42 0 0 1
6042.96 1.72555e+40 1.72555e+40 1.72596e+40 1.72596e+40 1.72596e+40 0 0 0 6.4682e+40 4.64348e+42 0 0 1
6978.31 1.30752e+40 1.30752e+40 1.30788e+40 1.30788e+40 1.30788e+40 0 0 0 5.57109e+40 4.64348e+42 0 0 1
8058.42 9.90664e+39 9.90664e+39 9.90977e+39 9.90977e+39 9.90977e+39 0 0 0 4.79441e+40 4.64348e+42 0 0 1
9305.72 7.50568e+39 7.50568e+39 7.50839e+39 7.50839e+39 7.50839e+39 0 0 0 4.12204e+40 4.64348e+42 0 0 1
10746.1 5.68661e+39 5.68661e+39 5.68896e+39 5.68896e+39 5.68896e+39 0 0 0 3.54002e+40 4.64348e+42 0 0 1
12409.4 4.30846e+39 4.30846e+39 4.31048e+39 4.31048e+39 4.31048e+39 0 0 0 3.03629e+40 4.64348e+42 0 0 1
14330.1 3.26432e+39 3.26432e+39 3.26606e+39 3.26606e+39 3.26606e+39 0 0 0 2.60039e+40 4.64348e+42 0 0 1
16548.2 2.47318e+39 2.47318e+39 2.47468e+39 2.47468e+39 2.47468e+39 0 0 0 2.22326e+40 4.64348e+42 0 0 1
19109.5 1.87368e+39 1.87368e+39 1.87497e+39 1.87497e+39 1.87497e+39 0 0 0 1.89709e+40 4.64348e+42 0 0 1
22067.3 1.41935e+39 1.41935e+39 1.42046e+39 1.42046e+39 1.42046e+39 0 0 0 1.61509e+40 4.64348e+42 0 0 1
25483 1.07502e+39 1.07502e+39 1.07596e+39 1.07596e+39 1.07596e+39 0 0 0 1.37141e+40 4.64348e+42 0 0 1
29427.3 8.14026e+38 8.14026e+38 8.14827e+38 8.14827e+38 8.14827e+38 0 0 0 1.16097e+40 4.64348e+42 0 0 1
33982.1 6.16209e+38 6.16209e+38 6.16887e+38 6.16887e+38 6.16887e+38 0 0 0 9.79397e+39 4.64348e+42 0 0 1
39241.9 4.66283e+38 4.66283e+38 4.66854e+38 4.66854e+38 4.66854e+38 0 0 0 8.22896e+39 4.64348e+42 0 0 1
45315.8 3.52667e+38 3.52667e+38 3.53146e+38 3.53146e+38 3.53146e+38 0 0 0 6.88194e+39 4.64348e+42 0 0 1
52329.9 2.66585e+38 2.66585e+38 2.66986e+38 2.66986e+38 2.66986e+38 0 0 0 5.72462e+39 4.64348e+42 0 0 1
60429.6 2.01385e+38 2.01385e+38 2.01717e+38 2.01717e+38 2.01717e+38 0 0 0 4.73252e+39 4.64348e+42 0 0 1
69783.1 1.5202e+38 1.5202e+38 1.52294e+38 1.52294e+38 1.52294e+38 0 0 0 3.88449e+39 4.64348e+42 0 0 1
80584.2 1.14664e+38 1.14664e+38 1.14888e+38 1.14888e+38 1.14888e+38 0 0 0 3.16224e+39 4.64348e+42 0 0 1
93057.2 8.64103e+37 8.64103e+37 8.65926e+37 8.65926e+37 8.65926e+37 0 0 0 2.5499e+39 4.64348e+42 0 0 1
107461 6.50571e+37 6.50571e+37 6.52042e+37 6.52042e+37 6.52042e+37 0 0 0 2.03366e+39 4.64348e+42 0 0 1
124094 4.89315e+37 4.89315e+37 4.90493e+37 4.90493e+37 4.90493e+37 0 0 0 1.6015e+39 4.64348e+42 0 0 1
143301 3.67643e+37 3.67643e+37 3.6858e+37 3.6858e+37 3.6858e+37 0 0 0 1.24284e+39 4.64348e+42 0 0 1
165482 2.75928e+37 2.75928e+37 2.76666e+37 2.76666e+37 2.76666e+37 0 0 0 9.4834e+38 4.64348e+42 0 0 1
191095 2.06865e+37 2.06865e+37 2.07443e+37 2.07443e+37 2.07443e+37 0 0 0 7.09633e+38 4.64348e+42 0 0 1
220673 1.54917e+37 1.54917e+37 1.55366e+37 1.55366e+37 1.55366e+37 0 0 0 5.19174e+38 4.64348e+42 0 0 1
254830 1.15887e+37 1.15887e+37 1.16233e+37 1.16233e+37 1.16233e+37 0 0 0 3.70072e+38 4.64348e+42 0 0 1
294273 8.65966e+36 8.65966e+36 8.68613e+36 8.68613e+36 8.68613e+36 0 0 0 2.55978e+38 4.64348e+42 0 0 1
339821 6.46418e+36 6.46418e+36 6.48429e+36 6.48429e+36 6.48429e+36 0 0 0 1.71016e+38 4.64348e+42 0 0 1
392419 4.82046e+36 4.82046e+36 4.83564e+36 4.83564e+36 4.83564e+36 0 0 0 1.09763e+38 4.64348e+42 0 0 1
453158 3.59125e+36 3.59125e+36 3.60264e+36 3.60264e+36 3.60264e+36 0 0 0 6.72609e+37 4.64348e+42 0 0 1
523299 2.67305e+36 2.67305e+36 2.68153e+36 2.68153e+36 2.68153e+36 2.01553e+28 4.99922e+32 0 3.90695e+37 4.64348e+42 0 0 1
604296 1.9879e+36 1.9879e+36 1.99418e+36 1.99418e+36 1.99418e+36 3.10464e+28 5.0208e+32 0 2.13347e+37 4.64348e+42 0 0 1
697831 1.47717e+36 1.47717e+36 1.48179e+36 1.48179e+36 1.48179e+36 4.19375e+28 5.04238e+32 0 1.0848e+37 4.64348e+42 0 0 1
805842 1.09683e+36 1.09683e+36 1.10021e+36 1.10021e+36 1.10021e+36 5.28286e+28 5.06397e+32 0 5.07964e+36 4.64348e+42 0 0 1
930572 8.13844e+35 8.13844e+35 8.16306e+35 8.16306e+35 8.16306e+35 6.37196e+28 5.08555e+32 0 2.16269e+36 4.64348e+42 0 0 1
1.07461e+06 6.03476e+35 6.03476e+35 6.05255e+35 6.05255e+35 6.05255e+35 8.06868e+28 5.11038e+32 0 8.24961e+35 4.64348e+42 0 0 1
1.24094e+06 4.47213e+35 4.47213e+35 4.48493e+35 4.48493e+35 4.48493e+35 1.08252e+29 5.11717e+32 0 2.7718e+35 4.64348e+42 0 0 1
1.43301e+06 3.31228e+35 3.31228e+35 3.32143e+35 3.32143e+35 3.32143e+35 1.44547e+29 5.12584e+32 0 8.04354e+34 4.64348e+42 0 0 1
1.65482e+06 2.45197e+35 2.45197e+35 2.45848e+35 2.45848e+35 2.45848e+35 1.92514e+29 5.13701e+32 0 1.97076e+34 4.64348e+42 0 0 1
1.91095e+06 1.81425e+35 1.81425e+35 1.81886e+35 1.81886e+35 1.81886e+35 2.61052e+29 5.15253e+32 0 3.9714e+33 4.64348e+42 0 0 1
2.20673e+06 1.34182e+35 1.34182e+35 1.34507e+35 1.34507e+35 1.34507e+35 3.48962e+29 5.17267e+32 0 6.38611e+32 4.64348e+42 0 0 1
2.5483e+06 9.92019e+34 9.92019e+34 9.94301e+34 9.94301e+34 9.94301e+34 4.64425e+29 5.19912e+32 0 7.91296e+31 4.64348e+42 0 0 1
2.94273e+06 7.33152e+34 7.33152e+34 7.34748e+34 7.34748e+34 7.34748e+34 6.176e+29 5.23383e+32 0 7.25652e+30 4.64348e+42 0 0 1
3.39821e+06 5.41666e+34 5.41666e+34 5.42779e+34 5.42779e+34 5.42779e+34 8.383e+29 5.28226e+32 0 4.7008e+29 4.64348e+42 0 0 1
3.92419e+06 4.00081e+34 4.00081e+34 4.00854e+34 4.00854e+34 4.00854e+34 1.12631e+30 5.34511e+32 0 2.03847e+28 4.64348e+42 0 0 1
4.53158e+06 2.95431e+34 2.95431e+34 2.95968e+34 2.95968e+34 2.95968e+34 1.51454e+30 5.42615e+32 0 5.56087e+26 4.64348e+42 0 0 1
5.23299e+06 2.18109e+34 2.18109e+34 2.1848e+34 2.1848e+34 2.1848e+34 2.03242e+30 5.52863e+32 0 8.88244e+24 4.64348e+42 0 0 1
6.04296e+06 1.60996e+34 1.60996e+34 1.61252e+34 1.61252e+34 1.61252e+34 2.76465e+30 5.66452e+32 0 7.64703e+22 4.64348e+42 0 0 1
6.97831e+06 1.18822e+34 1.18822e+34 1.18999e+34 1.18999e+34 1.18999e+34 3.71132e+30 5.82472e+32 0 3.22461e+20 4.64348e+42 0 0 1
8.05842e+06 8.76898e+33 8.76898e+33 8.7812e+33 8.7812e+33 8.7812e+33 4.94552e+30 6.014e+32 0 5.96354e+17 4.64348e+42 0 0 1
9.30572e+06 6.47163e+33 6.47163e+33 6.48007e+33 6.48007e+33 6.48007e+33 6.56642e+30 6.22844e+32 0 4.25767e+14 4.64348e+42 0 0 1
1.07461e+07 4.77713e+33 4.77713e+33 4.78296e+33 4.78296e+33 4.78296e+33 8.74232e+30 6.48535e+32 0 1.01274e+11 4.64348e+42 0 0 1
1.24094e+07 3.52784e+33 3.52784e+33 3.53187e+33 3.53187e+33 3.53187e+33 1.13964e+31 6.73778e+32 0 6.77022e+06 4.64348e+42 0 0 1
1.43301e+07 2.60739e+33 2.60739e+33 2.61019e+33 2.61019e+33 2.61019e+33 1.45877e+31 6.98438e+32 0 104.512 4.64348e+42 0 0 1
1.65482e+07 1.92983e+33 1.92983e+33 1.93178e+33 1.93178e+33 1.93178e+33 1.83367e+31 7.21333e+32 0 0.000296934 4.64348e+42 0 0 1
1.91095e+07 1.43181e+33 1.43181e+33 1.43318e+33 1.43318e+33 1.43318e+33 2.28028e+31 7.41069e+32 0 1.19485e-10 4.64348e+42 0 0 1
2.20673e+07 1.06601e+33 1.06601e+33 1.06698e+33 1.06698e+33 1.06698e+33 2.75523e+31 7.58095e+32 0 5.03205e-18 4.64348e+42 0 0 1
2.5483e+07 7.97923e+32 7.97923e+32 7.98607e+32 7.98607e+32 7.98607e+32 3.26705e+31 7.7004e+32 0 1.56398e-26 4.64348e+42 0 0 1
2.94273e+07 6.01599e+32 6.01599e+32 6.02091e+32 6.02091e+32 6.02091e+32 3.77592e+31 7.7019e+32 0 2.39645e-36 4.64348e+42 0 0 1
3.39821e+07 4.58084e+32 4.58084e+32 4.58443e+32 4.58443e+32 4.58443e+32 4.27055e+31 7.56433e+32 0 1.13615e-47 4.64348e+42 0 0 1
3.92419e+07 3.52884e+32 3.52884e+32 3.53151e+32 3.53151e+32 3.53151e+32 4.69206e+31 7.28398e+32 0 9.73185e-61 4.64348e+42 0 0 1
4.53158e+07 2.75915e+32 2.75915e+32 2.76116e+32 2.76116e+32 2.76116e+32 5.05777e+31 6.91018e+32 0 8.09182e-76 4.64348e+42 0 0 1
5.23299e+07 2.19391e+32 2.19391e+32 2.19547e+32 2.19547e+32 2.19547e+32 5.3458e+31 6.47918e+32 0 3.18733e-93 4.64348e+42 0 0 1
6.04296e+07 1.77282e+32 1.77282e+32 1.77405e+32 1.77405e+32 1.77405e+32 5.51111e+31 5.9485e+32 0 2.59749e-113 4.64348e+42 0 0 1
6.97831e+07 1.45347e+32 1.45347e+32 1.45445e+32 1.45445e+32 1.45445e+32 5.54096e+31 5.33002e+32 0 1.68248e-136 4.64348e+42 0 0 1
8.05842e+07 1.20669e+32 1.20669e+32 1.2075e+32 1.2075e+32 1.2075e+32 5.44717e+31 4.63402e+32 0 2.86971e-163 4.64348e+42 0 0 1
9.30572e+07 1.01047e+32 1.01047e+32 1.01114e+32 1.01114e+32 1.01114e+32 5.2331e+31 3.88483e+32 0 3.59893e-194 4.64348e+42 0 0 1
1.07461e+08 8.48375e+31 8.48375e+31 8.48932e+31 8.48932e+31 8.48932e+31 4.89917e+31 3.12492e+32 0 7.60599e-230 4.64348e+42 53.3408 0 1
1.24094e+08 7.14763e+31 7.14763e+31 7.15231e+31 7.15231e+31 7.15231e+31 4.51051e+31 2.4735e+32 0 4.94263e-271 4.64348e+42 46.8608 0 1
1.43301e+08 6.00447e+31 6.00447e+31 6.00841e+31 6.00841e+31 6.00841e+31 4.0647e+31 1.92319e+32 0 0 4.64348e+42 41.168 0 1
1.65482e+08 5.00334e+31 5.00334e+31 5.00663e+31 5.00663e+31 5.00663e+31 3.57668e+31 1.47153e+32 0 0 4.64348e+42 36.1668 0 1
1.91095e+08 4.08953e+31 4.08953e+31 4.09223e+31 4.09223e+31 4.09223e+31 3.04027e+31 1.09712e+32 0 0 4.64348e+42 31.7731 0 1
2.20673e+08 3.31884e+31 3.31884e+31 3.32105e+31 3.32105e+31 3.32105e+31 2.54714e+31 8.22253e+31 0 0 4.64348e+42 27.9132 0 1
2.5483e+08 2.65837e+31 2.65837e+31 2.66017e+31 2.66017e+31 2.66017e+31 2.0907e+31 6.09315e+31 0 0 4.64348e+42 24.5222 0 1
2.94273e+08 2.09865e+31 2.09865e+31 2.10009e+31 2.10009e+31 2.10009e+31 1.68091e+31 4.46538e+31 0 0 4.64348e+42 21.5432 0 1
3.39821e+08 1.61768e+31 1.61768e+31 1.6188e+31 1.6188e+31 1.6188e+31 1.31009e+31 3.21441e+31 0 0 4.64348e+42 19.761 0 1
3.92419e+08 1.2441e+31 1.2441e+31 1.24498e+31 1.24498e+31 1.24498e+31 1.01749e+31 2.35168e+31 0 0 4.64348e+42 18.926 0 1
4.53158e+08 9.45328e+30 9.45328e+30 9.46005e+30 9.46005e+30 9.46005e+30 7.78264e+30 1.71261e+31 0 0 4.64348e+42 18.1263 0 1
5.23299e+08 7.08316e+30 7.08316e+30 7.08832e+30 7.08832e+30 7.08832e+30 5.85062e+30 1.24202e+31 0 0 4.64348e+42 17.3604 0 1
6.04296e+08 5.24966e+30 5.24966e+30 5.25355e+30 5.25355e+30 5.25355e+30 4.33977e+30 8.91241e+30 0 0 4.64348e+42 16.6268 0 1
6.97831e+08 3.93286e+30 3.93286e+30 3.93584e+30 3.93584e+30 3.93584e+30 3.26088e+30 6.52731e+30 0 0 4.64348e+42 15.9243 0 1
8.05842e+08 2.93204e+30 2.93204e+30 2.9343e+30 2.9343e+30 2.9343e+30 2.43552e+30 4.77254e+30 0 0 4.64348e+42 15.2514 0 1
9.30572e+08 2.17301e+30 2.17301e+30 2.17471e+30 2.17471e+30 2.17471e+30 1.80596e+30 3.48116e+30 0 0 4.64348e+42 14.6069 0 1
1.07461e+09 1.59276e+30 1.59276e+30 1.59404e+30 1.59404e+30 1.59404e+30 1.32127e+30 2.50329e+30 0 0 4.64348e+42 14.6596 0 1
1.24094e+09 1.18958e+30 1.18958e+30 1.19055e+30 1.19055e+30 1.19055e+30 9.88694e+29 1.84181e+30 0 0 4.64348e+42 15.4169 0 1
1.43301e+09 8.89652e+29 8.89652e+29 8.90394e+29 8.90394e+29 8.90394e+29 7.40937e+29 1.3515e+30 0 0 4.64348e+42 16.2133 0 1
1.65482e+09 6.63607e+29 6.63607e+29 6.64172e+29 6.64172e+29 6.64172e+29 5.5346e+29 9.88724e+29 0 0 4.64348e+42 17.0509 0 1
1.91095e+09 4.89908e+29 4.89908e+29 4.90333e+29 4.90333e+29 4.90333e+29 4.08291e+29 7.11479e+29 0 0 4.64348e+42 17.9317 0 1
2.20673e+09 3.68108e+29 3.68108e+29 3.68434e+29 3.68434e+29 3.68434e+29 3.0763e+29 5.24621e+29 0 0 4.64348e+42 18.8581 0 1
2.5483e+09 2.75911e+29 2.75911e+29 2.76161e+29 2.76161e+29 2.76161e+29 2.31099e+29 3.85763e+29 0 0 4.64348e+42 19.8323 0 1
2.94273e+09 2.05979e+29 2.05979e+29 2.06168e+29 2.06168e+29 2.06168e+29 1.72783e+29 2.82755e+29 0 0 4.64348e+42 20.8568 0 1
3.39821e+09 1.51454e+29 1.51454e+29 1.51596e+29 1.51596e+29 1.51596e+29 1.26875e+29 2.03856e+29 0 0 4.64348e+42 21.9342 0 1
3.92419e+09 1.13484e+29 1.13484e+29 1.13593e+29 1.13593e+29 1.13593e+29 9.53072e+28 1.50425e+29 0 0 4.64348e+42 23.0673 0 1
4.53158e+09 8.47827e+28 8.47827e+28 8.48654e+28 8.48654e+28 8.48654e+28 7.13589e+28 1.10602e+29 0 0 4.64348e+42 24.259 0 1
5.23299e+09 6.31363e+28 6.31363e+28 6.31991e+28 6.31991e+28 6.31991e+28 5.32423e+28 8.09918e+28 0 0 4.64348e+42 25.5121 0 1
6.04296e+09 4.62072e+28 4.62072e+28 4.6254e+28 4.6254e+28 4.6254e+28 3.89324e+28 5.83843e+28 0 0 4.64348e+42 26.8301 0 1
6.97831e+09 3.45206e+28 3.45206e+28 3.45562e+28 3.45562e+28 3.45562e+28 2.91903e+28 4.30354e+28 0 0 4.64348e+42 28.2161 0 1
8.05842e+09 2.57038e+28 2.57038e+28 2.57308e+28 2.57308e+28 2.57308e+28 2.18137e+28 3.16348e+28 0 0 4.64348e+42 29.6737 0 1
9.30572e+09 1.90242e+28 1.90242e+28 1.90445e+28 1.90445e+28 1.90445e+28 1.61983e+28 2.31895e+28 0 0 4.64348e+42 31.2066 0 1
1.07461e+10 1.386e+28 1.386e+28 1.38751e+28 1.38751e+28 1.38751e+28 1.18179e+28 1.67694e+28 0 0 4.64348e+42 35.0144 0 1
1.24094e+10 1.02583e+28 1.02583e+28 1.02697e+28 1.02697e+28 1.02697e+28 8.79163e+27 1.24021e+28 0 0 4.64348e+42 41.9152 0 1
1.43301e+10 7.54742e+27 7.54742e+27 7.55591e+27 7.55591e+27 7.55591e+27 6.50051e+27 9.1493e+27 0 0 4.64348e+42 50.1761 0 1
1.65482e+10 5.53409e+27 5.53409e+27 5.54042e+27 5.54042e+27 5.54042e+27 4.79155e+27 6.72901e+27 0 0 4.64348e+42 60.0651 0 1
1.91095e+10 3.98901e+27 3.98901e+27 3.99365e+27 3.99365e+27 3.99365e+27 3.46565e+27 4.86669e+27 0 0 4.64348e+42 71.903 0 1
2.20673e+10 2.93036e+27 2.93036e+27 2.93384e+27 2.93384e+27 2.93384e+27 2.5645e+27 3.60167e+27 0 0 4.64348e+42 86.074 34.7254 1
2.5483e+10 2.14291e+27 2.14291e+27 2.14552e+27 2.14552e+27 2.14552e+27 1.8913e+27 2.65667e+27 0 0 4.64348e+42 103.038 22.9578 1
2.94273e+10 1.55468e+27 1.55468e+27 1.55671e+27 1.55671e+27 1.55671e+27 1.39071e+27 1.95282e+27 0 0 4.64348e+42 123.345 15.5417 1
3.39821e+10 1.09102e+27 1.09102e+27 1.09273e+27 1.09273e+27 1.09273e+27 1.00343e+27 1.40938e+27 0 0 4.64348e+42 147.655 10.7604 1
3.92419e+10 7.52807e+26 7.52807e+26 7.54528e+26 7.54528e+26 7.54528e+26 7.4366e+26 1.04314e+27 0 0 4.64348e+42 176.755 7.61059 1
4.53158e+10 4.79958e+26 4.79958e+26 4.81887e+26 4.81887e+26 4.81887e+26 5.49924e+26 7.70162e+26 0 0 4.64348e+42 211.591 5.49245 1
5.23299e+10 2.75056e+26 2.75056e+26 2.77166e+26 2.77166e+26 2.77166e+26 4.05993e+26 5.67026e+26 0 0 4.64348e+42 253.292 4.04008 1
6.04296e+10 1.40892e+26 1.40892e+26 1.42932e+26 1.42932e+26 1.42932e+26 2.94764e+26 4.09829e+26 0 0 4.64348e+42 303.212 3.02568 1
6.97831e+10 6.98852e+25 6.98852e+25 7.16924e+25 7.16924e+25 7.16924e+25 2.19625e+26 3.04071e+26 0 0 4.64348e+42 362.971 2.3047 1
8.05842e+10 3.41755e+25 3.41755e+25 3.56517e+25 3.56517e+25 3.56517e+25 1.63197e+26 2.25072e+26 0 0 4.64348e+42 434.507 1.78376 1
9.30572e+10 1.69587e+25 1.69587e+25 1.81047e+25 1.81047e+25 1.81047e+25 1.20931e+26 1.66116e+26 0 0 4.64348e+42 520.142 1.40144 1
1.07461e+11 8.52752e+24 8.52752e+24 9.37667e+24 9.37667e+24 9.37667e+24 8.79162e+25 1.20243e+26 0 0 4.64348e+42 622.654 1.11671 1
1.24094e+11 4.5487e+24 4.5487e+24 5.18137e+24 5.18137e+24 5.18137e+24 6.5476e+25 8.93267e+25 0 0 4.64348e+42 745.37 0.901709 1
1.43301e+11 2.50992e+24 2.50992e+24 2.97497e+24 2.97497e+24 2.97497e+24 4.85938e+25 6.61719e+25 0 0 4.64348e+42 892.272 0.737233 1
1.65482e+11 1.43064e+24 1.43064e+24 1.76917e+24 1.76917e+24 1.76917e+24 3.59238e+25 4.88553e+25 0 0 4.64348e+42 1068.12 0.609868 1
1.91095e+11 8.28392e+23 8.28392e+23 1.06947e+24 1.06947e+24 1.06947e+24 2.60407e+25 3.53484e+25 0 0 4.64348e+42 1278.64 0.510106 1
2.20673e+11 5.07722e+23 5.07722e+23 6.8336e+23 6.8336e+23 6.8336e+23 1.93501e+25 2.62497e+25 0 0 4.64348e+42 1530.64 0.431129 1
2.5483e+11 3.2011e+23 3.2011e+23 4.47742e+23 4.47742e+23 4.47742e+23 1.43314e+25 1.94344e+25 0 0 4.64348e+42 1832.3 0.367983 1
2.94273e+11 2.07239e+23 2.07239e+23 2.99837e+23 2.99837e+23 2.99837e+23 1.05787e+25 1.43387e+25 0 0 4.64348e+42 2193.42 0.317029 1
3.39821e+11 1.35401e+23 1.35401e+23 2.01488e+23 2.01488e+23 2.01488e+23 7.6601e+24 1.03638e+25 0 0 4.64348e+42 0 0.275565 1
3.92419e+11 9.30697e+22 9.30697e+22 1.41548e+23 1.41548e+23 1.41548e+23 5.68855e+24 7.68947e+24 0 0 4.64348e+42 0 0.241562 1
4.53158e+11 6.53291e+22 6.53291e+22 1.00886e+23 1.00886e+23 1.00886e+23 4.2109e+24 5.68732e+24 0 0 4.64348e+42 0 0.213483 1
5.23299e+11 4.6723e+22 4.6723e+22 7.27942e+22 7.27942e+22 7.27942e+22 3.10653e+24 4.19129e+24 0 0 4.64348e+42 0 0.190154 1
6.04296e+11 3.34322e+22 3.34322e+22 5.22331e+22 5.22331e+22 5.22331e+22 2.24714e+24 3.02472e+24 0 0 4.64348e+42 0 0.170669 1
6.97831e+11 2.49723e+22 2.49724e+22 3.89114e+22 3.89114e+22 3.89114e+22 1.6674e+24 2.24108e+24 0 0 4.64348e+42 0 0.154323 1
8.05842e+11 1.88886e+22 1.88886e+22 2.92128e+22 2.92128e+22 2.92128e+22 1.23314e+24 1.65496e+24 0 0 4.64348e+42 0 0.140565 1
9.30572e+11 1.44362e+22 1.44362e+22 2.20712e+22 2.20712e+22 2.20712e+22 9.08794e+23 1.21747e+24 0 0 4.64348e+42 0 0.12896 1
1.07461e+12 1.09451e+22 1.09451e+22 1.64878e+22 1.64878e+22 1.64878e+22 6.56385e+23 8.76607e+23 0 0 4.64348e+42 0 0.119166 1
1.24094e+12 8.60117e+21 8.60118e+21 1.27338e+22 1.27338e+22 1.27338e+22 4.86403e+23 6.48141e+23 0 0 4.64348e+42 0 0.110908 1
1.43301e+12 6.79578e+21 6.79579e+21 9.86925e+21 9.86925e+21 9.86925e+21 3.59197e+23 4.7752e+23 0 0 4.64348e+42 0 0.103969 1
1.65482e+12 5.38975e+21 5.38975e+21 7.66837e+21 7.66837e+21 7.66837e+21 2.64283e+23 3.50377e+23 0 0 4.64348e+42 0 0.098177 1
1.91095e+12 4.21344e+21 4.21344e+21 5.86868e+21 5.86868e+21 5.86868e+21 1.90461e+23 2.51448e+23 0 0 4.64348e+42 0 0.0933933 1
2.20673e+12 3.39751e+21 3.39751e+21 4.63136e+21 4.63136e+21 4.63136e+21 1.40856e+23 1.85352e+23 0 0 4.64348e+42 0 0.0895108 1
2.5483e+12 2.74126e+21 2.74126e+21 3.65746e+21 3.65746e+21 3.65746e+21 1.03789e+23 1.36101e+23 0 0 4.64348e+42 0 0.0864461 1
2.94273e+12 2.21082e+21 2.21082e+21 2.88825e+21 2.88825e+21 2.88825e+21 7.61784e+22 9.9494e+22 0 0 4.64348e+42 0 0.0841374 1
3.39821e+12 1.74999e+21 1.74999e+21 2.23999e+21 2.23999e+21 2.23999e+21 5.47238e+22 7.10654e+22 0 0 4.64348e+42 0 0.082541 1
3.92419e+12 1.42503e+21 1.42503e+21 1.78858e+21 1.78858e+21 1.78858e+21 4.0354e+22 5.21608e+22 0 0 4.64348e+42 0 0.08163 1
4.53158e+12 1.15776e+21 1.15776e+21 1.42622e+21 1.42622e+21 1.42622e+21 2.96397e+22 3.81206e+22 0 0 4.64348e+42 0 0.0813928 1
5.23299e+12 9.378e+20 9.37801e+20 1.13504e+21 1.13504e+21 1.13504e+21 2.16781e+22 2.77225e+22 0 0 4.64348e+42 0 0.0818329 1
6.04296e+12 7.4335e+20 7.43351e+20 8.84885e+20 8.84885e+20 8.84885e+20 1.55018e+22 1.96704e+22 0 0 4.64348e+42 0 0.0829683 1
6.97831e+12 6.05418e+20 6.05419e+20 7.09607e+20 7.09607e+20 7.09607e+20 1.13841e+22 1.43517e+22 0 0 4.64348e+42 0 0.0848322 1
8.05842e+12 4.9104e+20 4.9104e+20 5.67313e+20 5.67313e+20 5.67313e+20 8.32365e+21 1.04201e+22 0 0 4.64348e+42 0 0.0874729 1
9.30572e+12 3.96384e+20 3.96385e+20 4.51889e+20 4.51889e+20 4.51889e+20 6.05744e+21 7.52354e+21 0 0 4.64348e+42 0 0.0909553 1
1.07461e+13 3.12296e+20 3.12297e+20 3.51676e+20 3.51676e+20 3.51676e+20 4.30377e+21 5.28926e+21 0 0 4.64348e+42 0 0.0953611 1
1.24094e+13 2.52702e+20 2.52702e+20 2.8137e+20 2.8137e+20 2.8137e+20 3.14233e+21 3.82757e+21 0 0 4.64348e+42 0 0.10079 1
1.43301e+13 2.03304e+20 2.03304e+20 2.24038e+20 2.24038e+20 2.24038e+20 2.28305e+21 2.75425e+21 0 0 4.64348e+42 0 0.10736 1
1.65482e+13 1.62508e+20 1.62508e+20 1.77397e+20 1.77397e+20 1.77397e+20 1.64989e+21 1.96916e+21 0 0 4.64348e+42 0 0.115206 1
1.91095e+13 1.26391e+20 1.26391e+20 1.36788e+20 1.36788e+20 1.36788e+20 1.16179e+21 1.36696e+21 0 0 4.64348e+42 0 0.12448 1
2.20673e+13 1.00937e+20 1.00937e+20 1.08388e+20 1.08388e+20 1.08388e+20 8.41492e+20 9.78242e+20 0 0 4.64348e+42 0 0.135345 1
2.5483e+13 7.99821e+19 7.99823e+19 8.5279e+19 8.5279e+19 8.5279e+19 6.06048e+20 6.95433e+20 0 0 4.64348e+42 0 0.147968 1
2.94273e+13 6.28288e+19 6.28291e+19 6.65606e+19 6.65606e+19 6.65606e+19 4.33793e+20 4.90649e+20 0 0 4.64348e+42 0 0.162507 1
3.39821e+13 4.7812e+19 4.78122e+19 5.03585e+19 5.03585e+19 5.03585e+19 3.01693e+20 3.34761e+20 0 0 4.64348e+42 0 0.179093 1
3.92419e+13 3.73498e+19 3.73501e+19 3.91337e+19 3.91337e+19 3.91337e+19 2.16139e+20 2.36004e+20 0 0 4.64348e+42 0 0.197804 1
4.53158e+13 2.8866e+19 2.88663e+19 3.01023e+19 3.01023e+19 3.01023e+19 1.53815e+20 1.65064e+20 0 0 4.64348e+42 0 0.218621 1
5.23299e+13 2.20452e+19 2.20455e+19 2.28921e+19 2.28921e+19 2.28921e+19 1.08666e+20 1.14404e+20 0 0 4.64348e+42 0 0.241387 1
6.04296e+13 1.62088e+19 1.62091e+19 1.67676e+19 1.67676e+19 1.67676e+19 7.42973e+19 7.62426e+19 0 0 4.64348e+42 0 0.265741 1
6.97831e+13 1.22314e+19 1.22316e+19 1.26098e+19 1.26098e+19 1.26098e+19 5.24424e+19 5.26845e+19 0 0 4.64348e+42 0 0.291055 1
8.05842e+13 9.09681e+18 9.09705e+18 9.34964e+18 9.34964e+18 9.34964e+18 3.67201e+19 3.60554e+19 0 0 4.64348e+42 0 0.316368 1
9.30572e+13 6.65899e+18 6.6592e+18 6.82536e+18 6.82536e+18 6.82536e+18 2.54862e+19 2.44033e+19 0 0 4.64348e+42 0 0.340344 1
1.07461e+14 4.65514e+18 4.65532e+18 4.75979e+18 4.75979e+18 4.75979e+18 1.70223e+19 1.57514e+19 0 0 4.64348e+42 0 0 1
1.24094e+14 3.34365e+18 3.34384e+18 3.4114e+18 3.4114e+18 3.4114e+18 1.17759e+19 1.05977e+19 0 0 4.64348e+42 0 0 1
1.43301e+14 2.35827e+18 2.35851e+18 2.40147e+18 2.40147e+18 2.40147e+18 8.06673e+18 7.04576e+18 0 0 4.64348e+42 0 0 1
1.65482e+14 1.63131e+18 1.63165e+18 1.65848e+18 1.65848e+18 1.65848e+18 5.46628e+18 4.62042e+18 0 0 4.64348e+42 0 0 1
1.91095e+14 1.06777e+18 1.06823e+18 1.08411e+18 1.08411e+18 1.08411e+18 3.53528e+18 2.85493e+18 0 0 4.64348e+42 0 0 1
2.20673e+14 7.21353e+17 7.21961e+17 7.31687e+17 7.31687e+17 7.31687e+17 2.38002e+18 1.85374e+18 0 0 4.64348e+42 0 0 1
2.5483e+14 4.77405e+17 4.78136e+17 4.83984e+17 4.83984e+17 4.83984e+17 1.58266e+18 1.18586e+18 0 0 4.64348e+42 0 0 1
2.94273e+14 3.09275e+17 3.10069e+17 3.1352e+17 3.1352e+17 3.1352e+17 1.03827e+18 7.45662e+17 0 0 4.64348e+42 0 0 1
3.39821e+14 1.87504e+17 1.88255e+17 1.90166e+17 1.90166e+17 1.90166e+17 6.42097e+17 4.33838e+17 0 0 4.64348e+42 0 0 1
3.92419e+14 1.18474e+17 1.19167e+17 1.20274e+17 1.20274e+17 1.20274e+17 4.1658e+17 2.68664e+17 0 0 4.64348e+42 0 0 1
4.53158e+14 7.32628e+16 7.38533e+16 7.44828e+16 7.44828e+16 7.44828e+16 2.6605e+17 1.6328e+17 0 0 4.64348e+42 0 0 1
5.23299e+14 4.43095e+16 4.47776e+16 4.51289e+16 4.51289e+16 4.51289e+16 1.67009e+17 9.70915e+16 0 0 4.64348e+42 0 0 1
6.04296e+14 2.46846e+16 2.50116e+16 2.51929e+16 2.51929e+16 2.51929e+16 9.69638e+16 5.19464e+16 0 0 4.64348e+42 0 0 1
6.97831e+14 1.45597e+16 1.47924e+16 1.48918e+16 1.48918e+16 1.48918e+16 5.97982e+16 3.01977e+16 0 0 4.64348e+42 0 0 1
8.05842e+14 8.39297e+15 8.54938e+15 8.60288e+15 8.60288e+15 8.60288e+15 3.61297e+16 1.71424e+16 0 0 4.64348e+42 0 0 1
9.30572e+14 4.72336e+15 4.82302e+15 4.85122e+15 4.85122e+15 4.85122e+15 2.13478e+16 9.46458e+15 0 0 4.64348e+42 0 0 1
1.07461e+15 2.38237e+15 2.43781e+15 2.45119e+15 2.45119e+15 2.45119e+15 1.13166e+16 4.49753e+15 0 0 4.64348e+42 0 0 1
1.24094e+15 1.30225e+15 1.33492e+15 1.34182e+15 1.34182e+15 1.34182e+15 6.50457e+15 2.40249e+15 0 0 4.64348e+42 0 0 1
1.43301e+15 6.92639e+14 7.10993e+14 7.14473e+14 7.14473e+14 7.14473e+14 3.63784e+15 1.2455e+15 0 0 4.64348e+42 0 0 1
1.65482e+15 3.57952e+14 3.67793e+14 3.69504e+14 3.69504e+14 3.69504e+14 1.97605e+15 6.23248e+14 0 0 4.64348e+42 0 0 1
1.91095e+15 1.5793e+14 1.62364e+14 1.63084e+14 1.63084e+14 1.63084e+14 9.15709e+14 2.49645e+14 0 0 4.64348e+42 0 0 1
2.20673e+15 7.83173e+13 8.05307e+13 8.08732e+13 8.08732e+13 8.08732e+13 4.76472e+14 1.19012e+14 0 0 4.64348e+42 0 0 1
2.5483e+15 3.74463e+13 3.84984e+13 3.8656e+13 3.8656e+13 3.8656e+13 2.38756e+14 5.46556e+13 0 0 4.64348e+42 0 0 1
2.94273e+15 1.72554e+13 1.7732e+13 1.78021e+13 1.78021e+13 1.78021e+13 1.15145e+14 2.40067e+13 0 0 4.64348e+42 0 0 1
3.39821e+15 6.2366e+12 6.4043e+12 6.42883e+12 6.42883e+12 6.42883e+12 4.34911e+13 7.46086e+12 0 0 4.64348e+42 0 0 1
3.92419e+15 2.69346e+12 2.76333e+12 2.77362e+12 2.77362e+12 2.77362e+12 1.95978e+13 3.0425e+12 0 0 4.64348e+42 0 0 1
4.53158e+15 1.1029e+12 1.13028e+12 1.13439e+12 1.13439e+12 1.13439e+12 8.35926e+12 1.18554e+12 0 0 4.64348e+42 0 0 1
5.23299e+15 4.29367e+11 4.39497e+11 4.41061e+11 4.41061e+11 4.41061e+11 3.38421e+12 4.38091e+11 0 0 4.64348e+42 0 0 1
6.04296e+15 1.13923e+11 1.16461e+11 1.16868e+11 1.16868e+11 1.16868e+11 9.32155e+11 9.15067e+10 0 0 4.64348e+42 0 0 1
6.97831e+15 4.00083e+10 4.08452e+10 4.09856e+10 4.09856e+10 4.09856e+10 3.39246e+11 2.97578e+10 0 0 4.64348e+42 0 0 1
8.05842e+15 1.28892e+10 1.31411e+10 1.31856e+10 1.31856e+10 1.31856e+10 1.13062e+11 9.16355e+09 0 0 4.64348e+42 0 0 1
9.30572e+15 3.81557e+09 3.88489e+09 3.8979e+09 3.8979e+09 3.8979e+09 3.45626e+10 2.68982e+09 0 0 4.64348e+42 0 0 1
1.07461e+16 6.29032e+08 6.39613e+08 6.41735e+08 6.41735e+08 6.41735e+08 5.8737e+09 2.96448e+08 0 0 4.64348e+42 0 0 1
1.24094e+16 1.60085e+08 1.62569e+08 1.63104e+08 1.63104e+08 1.63104e+08 1.53822e+09 6.76584e+07 0 0 4.64348e+42 0 0 1
1.43301e+16 3.5154e+07 3.56555e+07 3.57722e+07 3.57722e+07 3.57722e+07 3.4699e+08 1.41885e+07 0 0 4.64348e+42 0 0 1
1.65482e+16 6.42501e+06 6.50901e+06 6.53021e+06 6.53021e+06 6.53021e+06 6.50337e+07 2.90133e+06 0 0 4.64348e+42 0 0 1
1.91095e+16 502972 508983 510635 510635 510635 5.21182e+06 128198 0 0 4.64348e+42 0 0 1
2.20673e+16 74815.1 75630.2 75875.1 75875.1 75875.1 792286 16394.1 0 0 4.64348e+42 0 0 1
2.5483e+16 8683.01 8769.05 8797.41 8797.41 8797.41 93818.4 1732.32 0 0 4.64348e+42 0 0 1
2.94273e+16 711.213 717.611 719.93 719.93 719.93 7827.66 175.809 0 0 4.64348e+42 0 0 1
3.39821e+16 15.6673 15.795 15.846 15.846 15.846 175.364 2.25425 0 0 4.64348e+42 0 0 1
3.92419e+16 0.923731 0.930538 0.933549 0.933549 0.933549 10.4984 0.109963 0 0 4.64348e+42 0 0 1
4.53158e+16 0.0346851 0.0349158 0.035029 0.035029 0.035029 0.399649 0.00353018 0 0 4.64348e+42 0 0 1
5.23299e+16 0.000771126 0.00077575 0.00077827 0.00077827 0.00077827 0.0089942 8.3879e-05 0 0 4.64348e+42 0 0 1
6.04296e+16 2.11363e-06 2.12504e-06 2.13196e-06 2.13196e-06 2.13196e-06 2.49187e-05 1.78852e-07 0 0 4.64348e+42 0 0 1
6.97831e+16 2.28538e-08 2.29647e-08 2.30397e-08 2.30397e-08 2.30397e-08 2.71949e-07 1.71378e-09 0 0 4.64348e+42 0 0 1
8.05842e+16 9.47994e-11 9.52124e-11 9.55245e-11 9.55245e-11 9.55245e-11 1.13699e-09 6.52685e-12 0 0 4.64348e+42 0 0 1
9.30572e+16 0 0 0 0 0 0 0 0 0 4.64348e+42 0 0 1