
1.07461e-07 0 0 3.52317e+47 5.74151e+50 2.94326e+57 0 0 2.48524e+44 0 4.64348e+42 0 0 0
1.24094e-07 0 0 1.04776e+48 6.33608e+50 2.54744e+57 0 0 2.86991e+44 0 4.64348e+42 0 0 0
1.43301e-07 0 0 2.74505e+48 7.03526e+50 2.21811e+57 0 0 3.31412e+44 0 4.64348e+42 0 0 0
1.65482e-07 0 0 6.44881e+48 7.85875e+50 1.94277e+57 0 0 3.82709e+44 0 4.64348e+42 0 0 0
1.91095e-07 0 0 1.37862e+49 8.82545e+50 1.71047e+57 0 0 4.41945e+44 0 4.64348e+42 0 0 0
2.20673e-07 0 0 2.71501e+49 9.95305e+50 1.51203e+57 0 0 5.1035e+44 0 4.64348e+42 0 0 0
2.5483e-07 0 0 4.97681e+49 1.12585e+51 1.3402e+57 0 0 5.89343e+44 0 4.64348e+42 0 0 0
2.94273e-07 0 0 8.56749e+49 1.27593e+51 1.18952e+57 0 0 6.80563e+44 0 4.64348e+42 0 0 0
3.39821e-07 0 0 1.39605e+50 1.44762e+51 1.05615e+57 0 0 7.85902e+44 0 4.64348e+42 0 0 0
3.92419e-07 0 0 2.16854e+50 1.64352e+51 9.37401e+56 0 0 9.07545e+44 0 4.64348e+42 0 0 0
4.53158e-07 0 0 3.23175e+50 1.867e+51 8.31405e+56 0 0 1.04802e+45 0 4.64348e+42 0 0 0
5.23299e-07 0 0 4.64741e+50 2.12238e+51 7.3678e+56 0 0 1.21023e+45 0 4.64348e+42 0 0 0
6.04296e-07 0 0 6.48216e+50 2.41501e+51 6.5241e+56 0 0 1.39755e+45 0 4.64348e+42 0 0 0
6.97831e-07 0 0 8.80901e+50 2.75148e+51 5.77313e+56 0 0 1.61387e+45 0 4.64348e+42 0 0 0
8.05842e-07 0 0 1.17096e+51 3.13965e+51 5.10591e+56 0 0 1.86367e+45 0 4.64348e+42 0 0 0
9.30572e-07 0 0 1.5277e+51 3.58892e+51 4.51404e+56 0 0 2.15213e+45 0 4.64348e+42 0 0 0
1.07461e-06 0 0 1.96185e+51 4.11031e+51 3.98962e+56 0 0 2.48524e+45 0 4.64348e+42 0 0 0
1.24094e-06 0 0 2.48595e+51 4.7168e+51 3.52534e+56 0 0 2.86991e+45 0 4.64348e+42 0 0 0
1.43301e-06 0 0 3.11468e+51 5.42359e+51 3.11443e+56 0 0 3.31412e+45 0 4.64348e+42 0 0 0
1.65482e-06 0 0 3.86547e+51 6.2487e+51 2.75076e+56 0 0 3.82708e+45 0 4.64348e+42 0 0 0
1.91095e-06 0 0 4.75912e+51 7.21367e+51 2.42885e+56 0 0 4.41945e+45 0 4.64348e+42 0 0 0
2.20673e-06 0 0 5.82078e+51 8.34449e+51 2.14382e+56 0 0 5.1035e+45 0 4.64348e+42 0 0 0
2.5483e-06 0 0 7.08097e+51 9.67265e+51 1.89141e+56 0 0 5.89343e+45 0 4.64348e+42 0 0 0
2.94273e-06 0 0 8.57667e+51 1.12361e+52 1.66788e+56 0 0 6.80562e+45 0 4.64348e+42 0 0 0
3.39821e-06 0 0 1.03525e+52 1.30803e+52 1.46994e+56 0 0 7.85901e+45 0 4.64348e+42 0 0 0
3.92419e-06 0 0 1.24617e+52 1.52594e+52 1.29471e+56 0 0 9.07544e+45 0 4.64348e+42 0 0 0
4.53158e-06 0 0 1.49682e+52 1.78377e+52 1.13961e+56 0 0 1.04801e+46 0 4.64348e+42 0 0 0
5.23299e-06 0 0 1.7948e+52 2.08919e+52 1.00238e+56 0 0 1.21023e+46 0 4.64348e+42 0 0 0
6.04296e-06 0 0 2.14926e+52 2.45137e+52 8.80999e+55 0 0 1.39755e+46 0 4.64348e+42 0 0 0
6.97831e-06 0 0 2.57113e+52 2.8813e+52 7.73673e+55 0 0 1.61386e+46 0 4.64348e+42 0 0 0
8.05842e-06 0 0 3.07351e+52 3.3921e+52 6.78819e+55 0 0 1.86366e+46 0 4.64348e+42 0 0 0
9.30572e-06 0 0 3.672e+52 3.99941e+52 5.9503e+55 0 0 2.15212e+46 0 4.64348e+42 0 0 0
1.07461e-05 0 0 4.38523e+52 4.72186e+52 5.21056e+55 0 0 2.48523e+46 0 4.64348e+42 0 0 0
1.24094e-05 0 0 5.23535e+52 5.58164e+52 4.55788e+55 0 0 2.86989e+46 0 4.64348e+42 0 0 0
1.43301e-05 0 0 6.2488e+52 6.60517e+52 3.98243e+55 0 0 3.3141e+46 0 4.64348e+42 0 0 0
1.65482e-05 0 0 7.457e+52 7.82389e+52 3.47543e+55 0 0 3.82706e+46 0 4.64348e+42 0 0 0
1.91095e-05 0 0 8.89737e+52 9.27523e+52 3.02912e+55 0 0 4.41941e+46 0 4.64348e+42 0 0 0
2.20673e-05 0 0 1.06144e+53 1.10037e+53 2.63658e+55 0 0 5.10345e+46 0 4.64348e+42 0 0 0
2.5483e-05 0 0 1.2661e+53 1.30621e+53 2.29167e+55 0 0 5.89336e+46 0 4.64348e+42 0 0 0
2.94273e-05 0 0 1.51e+53 1.55134e+53 1.98892e+55 0 0 6.80553e+46 0 4.64348e+42 0 0 0
3.39821e-05 0 0 1.80063e+53 1.84324e+53 1.72347e+55 0 0 7.85889e+46 0 4.64348e+42 0 0 0
3.92419e-05 0 0 2.14686e+53 2.19079e+53 1.49102e+55 0 0 9.07528e+46 0 4.64348e+42 0 0 0
4.53158e-05 0 0 2.55927e+53 2.60455e+53 1.28771e+55 0 0 1.04799e+47 0 4.64348e+42 0 0 0
5.23299e-05 0 0 3.05041e+53 3.09709e+53 1.11014e+55 0 0 1.2102e+47 0 4.64348e+42 0 0 0
6.04296e-05 0 0 3.63522e+53 3.68335e+53 9.55279e+54 0 0 1.39751e+47 0 4.64348e+42 0 0 0
6.97831e-05 0 0 4.33149e+53 4.3811e+53 8.20422e+54 0 0 1.61381e+47 0 4.64348e+42 0 0 0
8.05842e-05 1.35279e-239 1.35279e-239 5.16036e+53 5.21151e+53 7.0318e+54 0 0 1.86359e+47 3.30739e-244 4.64348e+42 0 0 0
9.30572e-05 3.30024e-163 3.30024e-163 6.14668e+53 6.1994e+53 6.01429e+54 0 0 2.15203e+47 5.86595e-168 4.64348e+42 0 0 0
0.000107461 1.00432e-106 1.00432e-106 7.31464e+53 7.36894e+53 5.13282e+54 0 0 2.48511e+47 1.29902e-111 4.64348e+42 0 0 0
0.000124094 5.8973e-65 5.8973e-65 8.65987e+53 8.71551e+53 4.37067e+54 0 0 2.86974e+47 5.57924e-70 4.64348e+42 0 0 0
0.000143301 4.54316e-34 4.54316e-34 1.00878e+54 1.01439e+54 3.71301e+54 0 0 3.31389e+47 3.19517e-39 4.64348e+42 0 0 0
0.000165482 3.1021e-11 3.1021e-11 1.13837e+54 1.14385e+54 3.14672e+54 0 0 3.82678e+47 1.6742e-16 4.64348e+42 0 0 0
0.000191095 2.3161e+06 2.3161e+06 1.22898e+54 1.2341e+54 2.66019e+54 0 0 4.41904e+47 10.0264 4.64348e+42 0 0 0
0.000220673 6.67485e+18 6.67485e+18 1.26349e+54 1.26805e+54 2.24315e+54 0 0 5.10296e+47 2.4339e+13 4.64348e+42 0 0 0
0.00025483 1.04065e+28 1.04065e+28 1.23991e+54 1.24378e+54 1.88652e+54 0 0 5.8927e+47 3.34848e+22 4.64348e+42 0 0 0
0.000294273 6.20598e+34 6.20598e+34 1.16863e+54 1.17179e+54 1.58234e+54 0 0 6.80466e+47 1.8347e+29 4.64348e+42 0 0 0
0.000339821 6.0263e+39 6.0263e+39 1.06562e+54 1.06812e+54 1.32355e+54 0 0 7.85772e+47 1.69193e+34 4.64348e+42 0 0 0
0.000392419 2.78398e+43 2.78398e+43 9.46531e+53 9.4845e+53 1.10398e+54 0 0 9.07373e+47 7.62018e+37 4.64348e+42 0 0 0
0.000453158 1.35258e+46 1.35258e+46 8.23725e+53 8.25171e+53 9.18192e+53 0 0 1.04779e+48 3.68395e+40 4.64348e+42 0 0 0
0.000523299 1.24258e+48 1.24258e+48 7.05561e+53 7.06633e+53 7.61449e+53 0 0 1.20992e+48 3.42156e+42 4.64348e+42 0 0 0
0.000604296 3.33071e+49 3.33071e+49 5.96913e+53 5.97699e+53 6.29596e+53 0 0 1.39714e+48 9.38771e+43 4.64348e+42 0 0 0
0.000697831 3.58967e+50 3.58967e+50 5.00086e+53 5.00656e+53 5.19014e+53 0 0 1.61332e+48 1.04579e+45 4.64348e+42 0 0 0
0.000805842 1.97153e+51 1.97153e+51 4.15684e+53 4.16094e+53 4.26556e+53 0 0 1.86294e+48 5.98376e+45 4.64348e+42 0 0 0
0.000930572 6.57437e+51 6.57437e+51 3.43293e+53 3.43587e+53 3.49496e+53 0 0 2.15116e+48 2.09229e+46 4.64348e+42 0 0 0
0.00107461 1.51502e+52 1.51502e+52 2.81954e+53 2.82163e+53 2.85473e+53 0 0 2.48394e+48 5.08362e+46 4.64348e+42 0 0 0
0.00124094 2.65483e+52 2.65483e+52 2.30467e+53 2.30614e+53 2.32453e+53 0 0 2.86818e+48 9.4376e+46 4.64348e+42 0 0 0
0.00143301 3.79666e+52 3.79666e+52 1.87572e+53 1.87676e+53 1.8869e+53 0 0 3.31182e+48 1.43605e+47 4.64348e+42 0 0 0
0.00165482 4.66872e+52 4.66872e+52 1.52058e+53 1.52131e+53 1.52686e+53 0 0 3.82402e+48 1.88635e+47 4.64348e+42 0 0 0
0.00191095 5.13079e+52 5.13079e+52 1.22811e+53 1.22862e+53 1.23164e+53 0 0 4.41536e+48 2.2227e+47 4.64348e+42 0 0 0
0.00220673 5.18498e+52 5.18498e+52 9.88395e+52 9.88751e+52 9.90377e+52 0 0 5.09804e+48 2.41685e+47 4.64348e+42 0 0 0
0.0025483 4.92081e+52 4.92081e+52 7.92754e+52 7.93002e+52 7.93872e+52 0 0 5.88615e+48 2.47646e+47 4.64348e+42 0 0 0
0.00294273 4.45469e+52 4.45469e+52 6.33724e+52 6.33895e+52 6.34358e+52 0 0 6.79592e+48 2.42857e+47 4.64348e+42 0 0 0
0.00339821 3.89125e+52 3.89125e+52 5.04942e+52 5.0506e+52 5.05305e+52 0 0 7.84607e+48 2.30559e+47 4.64348e+42 0 0 0
0.00392419 3.30785e+52 3.30785e+52 4.01036e+52 4.01118e+52 4.01246e+52 0 0 9.05819e+48 2.13696e+47 4.64348e+42 0 0 0
0.00453158 2.75372e+52 2.75372e+52 3.17498e+52 3.17553e+52 3.1762e+52 0 0 1.04572e+49 1.94587e+47 4.64348e+42 0 0 0
0.00523299 2.25543e+52 2.25543e+52 2.50567e+52 2.50605e+52 2.5064e+52 0 0 1.20716e+49 1.74879e+47 4.64348e+42 0 0 0
0.00604296 1.82377e+52 1.82377e+52 1.97126e+52 1.97152e+52 1.9717e+52 0 0 1.39346e+49 1.55653e+47 4.64348e+42 0 0 0
0.00697831 1.45964e+52 1.45964e+52 1.546e+52 1.54618e+52 1.54627e+52 0 0 1.60841e+49 1.37553e+47 4.64348e+42 0 0 0
0.00805842 1.15845e+52 1.15845e+52 1.20873e+52 1.20885e+52 1.2089e+52 0 0 1.85639e+49 1.20915e+47 4.64348e+42 0 0 0
0.00930572 9.13003e+51 9.13003e+51 9.42129e+51 9.4221e+51 9.42233e+51 0 0 2.14243e+49 1.05875e+47 4.64348e+42 0 0 0
0.0107461 7.15291e+51 7.15291e+51 7.32088e+51 7.32142e+51 7.32154e+51 0 0 2.47231e+49 9.24386e+46 4.64348e+42 0 0 0
0.0124094 5.57505e+51 5.57505e+51 5.67152e+51 5.67188e+51 5.67194e+51 0 0 2.85267e+49 8.05347e+46 4.64348e+42 0 0 0
0.0143301 4.3254e+51 4.3254e+51 4.38059e+51 4.38083e+51 4.38086e+51 0 0 3.29114e+49 7.0053e+46 4.64348e+42 0 0 0
0.0165482 3.34201e+51 3.34201e+51 3.37348e+51 3.37364e+51 3.37367e+51 0 0 3.79645e+49 6.08644e+46 4.64348e+42 0 0 0
0.0191095 2.57248e+51 2.57248e+51 2.59036e+51 2.59047e+51 2.59048e+51 0 0 4.37861e+49 5.28355e+46 4.64348e+42 0 0 0
0.0220673 1.97324e+51 1.97324e+51 1.98336e+51 1.98343e+51 1.98344e+51 0 0 5.04907e+49 4.58364e+46 4.64348e+42 0 0 0
0.025483 1.50866e+51 1.50866e+51 1.51438e+51 1.51443e+51 1.51443e+51 0 0 5.82089e+49 3.97457e+46 4.64348e+42 0 0 0
0.0294273 1.14995e+51 1.14995e+51 1.15317e+51 1.1532e+51 1.1532e+51 0 0 6.70895e+49 3.44524e+46 4.64348e+42 0 0 0
0.0339821 8.74016e+50 8.74016e+50 8.75824e+50 8.75844e+50 8.75845e+50 0 0 7.73019e+49 2.98563e+46 4.64348e+42 0 0 0
0.0392419 6.6251e+50 6.6251e+50 6.63522e+50 6.63535e+50 6.63535e+50 0 0 8.9038e+49 2.58685e+46 4.64348e+42 0 0 0
0.0453158 5.00922e+50 5.00922e+50 5.01487e+50 5.01496e+50 5.01496e+50 0 0 1.02515e+50 2.24101e+46 4.64348e+42 0 0 0
0.0523299 3.77856e+50 3.77856e+50 3.78171e+50 3.78177e+50 3.78177e+50 0 0 1.17977e+50 1.94121e+46 4.64348e+42 0 0 0
0.0604296 2.84403e+50 2.84403e+50 2.84578e+50 2.84582e+50 2.84582e+50 0 0 1.35699e+50 1.68138e+46 4.64348e+42 0 0 0
0.0697831 2.13632e+50 2.13632e+50 2.13729e+50 2.13732e+50 2.13732e+50 0 0 1.55986e+50 1.45625e+46 4.64348e+42 0 0 0
0.0805842 1.60176e+50 1.60176e+50 1.60229e+50 1.60231e+50 1.60231e+50 0 0 1.79177e+50 1.26121e+46 4.64348e+42 0 0 0
0.0930572 1.19894e+50 1.19894e+50 1.19923e+50 1.19925e+50 1.19925e+50 0 0 2.05645e+50 1.09226e+46 4.64348e+42 0 0 0
0.107461 8.96061e+49 8.96061e+49 8.96225e+49 8.96232e+49 8.96232e+49 0 0 2.35795e+50 9.45919e+45 4.64348e+42 0 0 0
0.124094 6.68787e+49 6.68787e+49 6.68878e+49 6.68882e+49 6.68882e+49 0 0 2.70063e+50 8.19171e+45 4.64348e+42 0 0 0
0.143301 4.98557e+49 4.98557e+49 4.98607e+49 4.9861e+49 4.9861e+49 0 0 3.08909e+50 7.09398e+45 4.64348e+42 0 0 0
0.165482 3.71263e+49 3.71263e+49 3.71291e+49 3.71293e+49 3.71293e+49 0 0 3.52811e+50 6.14329e+45 4.64348e+42 0 0 0
0.191095 2.76218e+49 2.76218e+49 2.76233e+49 2.76234e+49 2.76234e+49 0 0 4.02245e+50 5.31997e+45 4.64348e+42 0 0 0
0.220673 2.05344e+49 2.05344e+49 2.05352e+49 2.05353e+49 2.05353e+49 0 0 4.5767e+50 4.60697e+45 4.64348e+42 0 0 0
0.25483 1.52556e+49 1.52556e+49 1.52561e+49 1.52561e+49 1.52561e+49 0 0 5.19494e+50 3.98952e+45 4.64348e+42 0 0 0
0.294273 1.13279e+49 1.13279e+49 1.13282e+49 1.13282e+49 1.13282e+49 0 0 5.88035e+50 3.4548e+45 4.64348e+42 0 0 0
0.339821 8.40809e+48 8.40809e+48 8.40823e+48 8.40825e+48 8.40825e+48 0 0 6.63463e+50 2.99175e+45 4.64348e+42 0 0 0
0.392419 6.23909e+48 6.23909e+48 6.23916e+48 6.23917e+48 6.23917e+48 0 0 7.4573e+50 2.59076e+45 4.64348e+42 0 0 0
0.453158 4.62882e+48 4.62882e+48 4.62886e+48 4.62887e+48 4.62887e+48 0 0 8.34476e+50 2.24351e+45 4.64348e+42 0 0 0
0.523299 3.43394e+48 3.43394e+48 3.43396e+48 3.43396e+48 3.43396e+48 0 0 9.28915e+50 1.94281e+45 4.64348e+42 0 0 0
0.604296 2.5476e+48 2.5476e+48 2.54761e+48 2.54761e+48 2.54761e+48 0 0 1.0277e+51 1.6824e+45 4.64348e+42 0 0 0
0.697831 1.89028e+48 1.89028e+48 1.89029e+48 1.89029e+48 1.89029e+48 0 0 1.12876e+51 1.4569e+45 4.64348e+42 0 0 0
0.805842 1.40288e+48 1.40288e+48 1.40289e+48 1.40289e+48 1.40289e+48 0 0 1.22915e+51 1.26163e+45 4.64348e+42 0 0 0
0.930572 1.04148e+48 1.04148e+48 1.04148e+48 1.04148e+48 1.04148e+48 0 0 1.3249e+51 1.09252e+45 4.64348e+42 0 0 0
1.07461 7.73475e+47 7.73475e+47 7.73477e+47 7.73477e+47 7.73477e+47 0 0 1.41091e+51 9.46086e+44 4.64348e+42 0 0 0
1.24094 5.74701e+47 5.74701e+47 5.74701e+47 5.74702e+47 5.74702e+47 0 0 1.48093e+51 8.19277e+44 4.64348e+42 0 0 0
1.43301 4.27232e+47 4.27232e+47 4.27232e+47 4.27232e+47 4.27232e+47 0 0 1.52779e+51 7.09464e+44 4.64348e+42 0 0 0
1.65482 3.17789e+47 3.17789e+47 3.17789e+47 3.17789e+47 3.17789e+47 0 0 1.54379e+51 6.1437e+44 4.64348e+42 0 0 0
1.91095 2.36533e+47 2.36533e+47 2.36533e+47 2.36533e+47 2.36533e+47 0 0 1.52161e+51 5.32022e+44 4.64348e+42 0 0 0
2.20673 1.76175e+47 1.76175e+47 1.76175e+47 1.76175e+47 1.76175e+47 0 0 1.45552e+51 4.60711e+44 4.64348e+42 0 0 0
2.5483 1.31316e+47 1.31316e+47 1.31316e+47 1.31316e+47 1.31316e+47 0 0 1.34304e+51 3.98959e+44 4.64348e+42 0 0 0
2.94273 9.79574e+46 9.79574e+46 9.79574e+46 9.79574e+46 9.79574e+46 0 0 1.18676e+51 3.45484e+44 4.64348e+42 0 0 0
3.39821 7.31339e+46 7.31339e+46 7.31339e+46 7.3134e+46 7.3134e+46 0 0 9.956e+50 2.99176e+44 4.64348e+42 0 0 0
3.92419 5.46492e+46 5.46492e+46 5.46492e+46 5.46492e+46 5.46492e+46 0 0 7.84979e+50 2.59075e+44 4.64348e+42 0 0 0
4.53158 4.08744e+46 4.08744e+46 4.08744e+46 4.08744e+46 4.08744e+46 0 0 5.74882e+50 2.24349e+44 4.64348e+42 0 0 0
5.23299 3.06013e+46 3.06013e+46 3.06014e+46 3.06014e+46 3.06014e+46 0 0 3.85828e+50 1.94278e+44 4.64348e+42 0 0 0
6.04296 2.29335e+46 2.29335e+46 2.29335e+46 2.29335e+46 2.29335e+46 0 0 2.33697e+50 1.68237e+44 4.64348e+42 0 0 0
6.97831 1.72053e+46 1.72053e+46 1.72053e+46 1.72053e+46 1.72053e+46 0 0 1.25555e+50 1.45686e+44 4.64348e+42 0 0 0
8.05842 1.29221e+46 1.29221e+46 1.29222e+46 1.29222e+46 1.29222e+46 0 0 5.86724e+49 1.26159e+44 4.64348e+42 0 0 0
9.30572 9.71646e+45 9.71646e+45 9.71647e+45 9.71647e+45 9.71647e+45 0 0 2.33237e+49 1.09248e+44 4.64348e+42 0 0 0
10.7461 7.31481e+45 7.31481e+45 7.31482e+45 7.31482e+45 7.31482e+45 0 0 7.6896e+48 9.46044e+43 4.64348e+42 0 0 0
12.4094 5.51364e+45 5.51364e+45 5.51365e+45 5.51365e+45 5.51365e+45 0 0 2.04225e+48 8.19234e+43 4.64348e+42 0 0 0
14.3301 4.16135e+45 4.16135e+45 4.16136e+45 4.16136e+45 4.16136e+45 0 0 4.22526e+47 7.09421e+43 4.64348e+42 0 0 0
16.5482 3.14491e+45 3.14491e+45 3.14491e+45 3.14491e+45 3.14491e+45 0 0 6.55153e+46 6.14327e+43 4.64348e+42 0 0 0
19.1095 2.38e+45 2.38e+45 2.38001e+45 2.38001e+45 2.38001e+45 0 0 7.28092e+45 5.31979e+43 4.64348e+42 0 0 0
22.0673 1.80368e+45 1.80368e+45 1.80368e+45 1.80368e+45 1.80368e+45 0 0 5.50803e+44 4.60668e+43 4.64348e+42 0 0 0
25.483 1.36888e+45 1.36888e+45 1.36889e+45 1.36889e+45 1.36889e+45 0 0 2.6725e+43 3.98916e+43 4.64348e+42 0 0 0
29.4273 1.04043e+45 1.04043e+45 1.04043e+45 1.04043e+45 1.04043e+45 0 0 7.76419e+41 3.4544e+43 4.64348e+42 0 0 0
33.9821 7.91971e+44 7.91971e+44 7.91974e+44 7.91974e+44 7.91974e+44 0 0 1.24754e+40 2.99132e+43 4.64348e+42 0 0 0
39.2419 6.03757e+44 6.03757e+44 6.0376e+44 6.0376e+44 6.0376e+44 0 0 1.01153e+38 2.59031e+43 4.64348e+42 0 0 0
45.3158 4.60973e+44 4.60973e+44 4.60975e+44 4.60975e+44 4.60975e+44 0 0 3.72304e+35 2.24306e+43 4.64348e+42 0 0 0
52.3299 3.52491e+44 3.52491e+44 3.52493e+44 3.52493e+44 3.52493e+44 0 0 5.50446e+32 1.94234e+43 4.64348e+42 0 0 0
60.4296 2.69946e+44 2.69946e+44 2.69948e+44 2.69948e+44 2.69948e+44 0 0 2.83872e+29 1.68193e+43 4.64348e+42 0 0 0
69.7831 2.0704e+44 2.0704e+44 2.07041e+44 2.07041e+44 2.07041e+44 0 0 4.33834e+25 1.45643e+43 4.64348e+42 0 0 0
80.5842 1.59025e+44 1.59025e+44 1.59026e+44 1.59026e+44 1.59026e+44 0 0 1.62764e+21 1.26115e+43 4.64348e+42 0 0 0
93.0572 1.22318e+44 1.22318e+44 1.22319e+44 1.22319e+44 1.22319e+44 0 0 1.2062e+16 1.09205e+43 4.64348e+42 0 0 0
107.461 9.42119e+43 9.42119e+43 9.42131e+43 9.42131e+43 9.42131e+43 0 0 1.37365e+10 9.45609e+42 4.64348e+42 0 0 0
124.094 7.26576e+43 7.26576e+43 7.26586e+43 7.26586e+43 7.26586e+43 0 0 1799.01 8.18799e+42 4.64348e+42 0 0 0
143.301 5.61019e+43 5.61019e+43 5.61028e+43 5.61028e+43 5.61028e+43 0 0 1.93866e-05 7.08986e+42 4.64348e+42 0 0 0
165.482 4.33661e+43 4.33661e+43 4.3367e+43 4.3367e+43 4.3367e+43 0 0 1.16787e-14 6.13892e+42 4.64348e+42 0 0 0
191.095 3.35544e+43 3.35544e+43 3.35552e+43 3.35552e+43 3.35552e+43 0 0 2.51669e-25 5.31543e+42 4.64348e+42 0 0 0
220.673 2.59847e+43 2.59847e+43 2.59854e+43 2.59854e+43 2.59854e+43 0 0 1.15858e-37 4.60233e+42 4.64348e+42 0 0 0
254.83 2.01368e+43 2.01368e+43 2.01374e+43 2.01374e+43 2.01374e+43 0 0 6.28271e-52 3.9848e+42 4.64348e+42 0 0 0
294.273 1.56133e+43 1.56133e+43 1.56139e+43 1.56139e+43 1.56139e+43 0 0 2.01805e-68 3.45005e+42 4.64348e+42 0 0 0
339.821 1.21105e+43 1.21105e+43 1.21109e+43 1.21109e+43 1.21109e+43 0 0 1.73587e-87 2.98697e+42 4.64348e+42 0 0 0
392.419 9.39516e+42 9.39516e+42 9.39559e+42 9.39559e+42 9.39559e+42 0 0 1.59872e-109 2.58597e+42 4.64348e+42 0 0 0
453.158 7.28856e+42 7.28856e+42 7.28895e+42 7.28895e+42 7.28895e+42 0 0 5.46945e-135 2.23871e+42 4.64348e+42 0 0 0
523.299 5.6531e+42 5.6531e+42 5.65344e+42 5.65344e+42 5.65344e+42 0 0 2.04699e-164 1.93799e+42 4.64348e+42 0 0 0
604.296 4.38279e+42 4.38279e+42 4.3831e+42 4.3831e+42 4.3831e+42 0 0 2.04266e-198 1.67759e+42 4.64348e+42 0 0 0
697.831 3.39585e+42 3.39585e+42 3.39613e+42 3.39613e+42 3.39613e+42 0 0 1.06463e-237 1.45208e+42 4.64348e+42 0 0 0
805.842 2.62903e+42 2.62903e+42 2.62928e+42 2.62928e+42 2.62928e+42 0 0 0 1.25681e+42 4.64348e+42 0 0 0
930.572 2.03335e+42 2.03335e+42 2.03358e+42 2.03358e+42 2.03358e+42 0 0 0 1.0877e+42 4.64348e+42 0 0 0
1074.61 1.57083e+42 1.57083e+42 1.57103e+42 1.57103e+42 1.57103e+42 0 0 0 9.41268e+41 4.64348e+42 0 0 0
1240.94 1.21196e+42 1.21196e+42 1.21214e+42 1.21214e+42 1.21214e+42 0 0 0 8.14459e+41 4.64348e+42 0 0 0
1433.01 9.33764e+41 9.33764e+41 9.33922e+41 9.33922e+41 9.33922e+41 0 0 0 7.04649e+41 4.64348e+42 0 0 0
1654.82 7.18365e+41 7.18365e+41 7.18505e+41 7.18505e+41 7.18505e+41 0 0 0 6.09557e+41 4.64348e+42 0 0 0
1910.95 5.51818e+41 5.51818e+41 5.51942e+41 5.51942e+41 5.51942e+41 0 0 0 5.27212e+41 4.64348e+42 0 0 0
2206.73 4.23244e+41 4.23244e+41 4.23354e+41 4.23354e+41 4.23354e+41 0 0 0 4.55905e+41 4.64348e+42 0 0 0
2548.3 3.24152e+41 3.24152e+41 3.2425e+41 3.2425e+41 3.2425e+41 0 0 0 3.94156e+41 4.64348e+42 0 0 0
2942.73 2.47918e+41 2.47918e+41 2.48004e+41 2.48004e+41 2.48004e+41 0 0 0 3.40685e+41 4.64348e+42 0 0 0
3398.21 1.89372e+41 1.89372e+41 1.89448e+41 1.89448e+41 1.89448e+41 0 0 0 2.94382e+41 4.64348e+42 0 0 0
3924.19 1.44489e+41 1.44489e+41 1.44556e+41 1.44556e+41 1.44556e+41 0 0 0 2.54288e+41 4.64348e+42 0 0 0
4531.58 1.10138e+41 1.10138e+41 1.10197e+41 1.10197e+41 1.10197e+41 0 0 0 2.19569e+41 4.64348e+42 0 0 0
5232.99 8.38903e+40 8.38903e+40 8.39399e+40 8.39399e+40 8.39399e+40 0 0 0 1.89515e+41 4.64348e+42 0 0 0
6042.96 6.38544e+40 6.38544e+40 6.38977e+40 6.38977e+40 6.38977e+40 0 0 0 1.63485e+41 4.64348e+42 0 0 0
6978.31 4.85795e+40 4.85795e+40 4.86172e+40 4.86172e+40 4.86172e+40 0 0 0 1.40946e+41 4.64348e+42 0 0 0
8058.42 3.69445e+40 3.69445e+40 3.69774e+40 3.69774e+40 3.69774e+40 0 0 0 1.21432e+41 4.64348e+42 0 0 0
9305.72 2.80881e+40 2.80881e+40 2.81167e+40 2.81167e+40 2.81167e+40 0 0 0 1.04538e+41 4.64348e+42 0 0 0
10746.1 2.135e+40 2.135e+40 2.13749e+40 2.13749e+40 2.13749e+40 0 0 0 8.99125e+40 4.64348e+42 0 0 0
12409.4 1.62254e+40 1.62254e+40 1.62469e+40 1.62469e+40 1.62469e+40 0 0 0 7.72524e+40 4.64348e+42 0 0 0
14330.1 1.23286e+40 1.23286e+40 1.23472e+40 1.23472e+40 1.23472e+40 0 0 0 6.62951e+40 4.64348e+42 0 0 0
16548.2 9.36595e+39 9.36595e+39 9.38199e+39 9.38199e+39 9.38199e+39 0 0 0 5.6813e+40 4.64348e+42 0 0 0
19109.5 7.11372e+39 7.11372e+39 7.12753e+39 7.12753e+39 7.12753e+39 0 0 0 4.86094e+40 4.64348e+42 0 0 0
22067.3 5.4017e+39 5.4017e+39 5.41355e+39 5.41355e+39 5.41355e+39 0 0 0 4.15138e+40 4.64348e+42 0 0 0
25483 4.10043e+39 4.10043e+39 4.11056e+39 4.11056e+39 4.11056e+39 0 0 0 3.53789e+40 4.64348e+42 0 0 0
29427.3 3.11149e+39 3.11149e+39 3.12012e+39 3.12012e+39 3.12012e+39 0 0 0 3.0077e+40 4.64348e+42 0 0 0
33982.1 2.36003e+39 2.36003e+39 2.36735e+39 2.36735e+39 2.36735e+39 0 0 0 2.54979e+40 4.64348e+42 0 0 0
39241.9 1.78915e+39 1.78915e+39 1.79534e+39 1.79534e+39 1.79534e+39 0 0 0 2.1546e+40 4.64348e+42 0 0 0
45315.8 1.35558e+39 1.35558e+39 1.36078e+39 1.36078e+39 1.36078e+39 0 0 0 1.81389e+40 4.64348e+42 0 0 0
52329.9 1.02641e+39 1.02641e+39 1.03076e+39 1.03076e+39 1.03076e+39 0 0 0 1.52051e+40 4.64348e+42 0 0 0
60429.6 7.76615e+38 7.76615e+38 7.80229e+38 7.80229e+38 7.80229e+38 0 0 0 1.2683e+40 4.64348e+42 0 0 0
69783.1 5.87153e+38 5.87153e+38 5.90138e+38 5.90138e+38 5.90138e+38 0 0 0 1.05192e+40 4.64348e+42 0 0 0
80584.2 4.43537e+38 4.43537e+38 4.45986e+38 4.45986e+38 4.45986e+38 0 0 0 8.66752e+39 4.64348e+42 0 0 0
93057.2 3.34749e+38 3.34749e+38 3.36743e+38 3.36743e+38 3.36743e+38 0 0 0 7.08798e+39 4.64348e+42 0 0 0
107461 2.52404e+38 2.52404e+38 2.54016e+38 2.54016e+38 2.54016e+38 0 0 0 5.74599e+39 4.64348e+42 0 0 0
124094 1.90127e+38 1.90127e+38 1.9142e+38 1.9142e+38 1.9142e+38 0 0 0 4.61149e+39 4.64348e+42 0 0 0
143301 1.4307e+38 1.4307e+38 1.44099e+38 1.44099e+38 1.44099e+38 0 0 0 3.6583e+39 4.64348e+42 0 0 0
165482 1.07547e+38 1.07547e+38 1.0836e+38 1.0836e+38 1.0836e+38 0 0 0 2.86354e+39 4.64348e+42 0 0 0
191095 8.07593e+37 8.07593e+37 8.13967e+37 8.13967e+37 8.13967e+37 0 0 0 2.20706e+39 4.64348e+42 0 0 0
220673 6.05797e+37 6.05797e+37 6.10756e+37 6.10756e+37 6.10756e+37 0 0 0 1.67099e+39 4.64348e+42 0 0 0
254830 4.53951e+37 4.53951e+37 4.5778e+37 4.5778e+37 4.5778e+37 0 0 0 1.23931e+39 4.64348e+42 0 0 0
294273 3.39818e+37 3.39818e+37 3.42753e+37 3.42753e+37 3.42753e+37 0 0 0 8.9751e+38 4.64348e+42 0 0 0
339821 2.54129e+37 2.54129e+37 2.56364e+37 2.56364e+37 2.56364e+37 0 0 0 6.3234e+38 4.64348e+42 0 0 0
392419 1.89867e+37 1.89867e+37 1.91557e+37 1.91557e+37 1.91557e+37 0 0 0 4.31577e+38 4.64348e+42 0 0 0
453158 1.41728e+37 1.41728e+37 1.42998e+37 1.42998e+37 1.42998e+37 0 0 0 2.83935e+38 4.64348e+42 0 0 0
523299 1.05704e+37 1.05704e+37 1.06652e+37 1.06652e+37 1.06652e+37 7.13016e+28 1.76844e+33 0 1.79042e+38 4.64348e+42 0 0 0
604296 7.87749e+36 7.87749e+36 7.94786e+36 7.94786e+36 7.94786e+36 1.09829e+29 1.77607e+33 0 1.07501e+38 4.64348e+42 0 0 0
697831 5.86633e+36 5.86633e+36 5.91823e+36 5.91823e+36 5.91823e+36 1.48356e+29 1.78371e+33 0 6.09941e+37 4.64348e+42 0 0 0
805842 4.36568e+36 4.36568e+36 4.40375e+36 4.40375e+36 4.40375e+36 1.86883e+29 1.79134e+33 0 3.24167e+37 4.64348e+42 0 0 0
930572 3.24691e+36 3.24691e+36 3.27466e+36 3.27466e+36 3.27466e+36 2.2541e+29 1.79898e+33 0 1.59754e+37 4.64348e+42 0 0 0
1.07461e+06 2.41347e+36 2.41347e+36 2.43359e+36 2.43359e+36 2.43359e+36 2.85431e+29 1.80776e+33 0 7.21528e+36 4.64348e+42 0 0 0
1.24094e+06 1.79304e+36 1.79304e+36 1.80754e+36 1.80754e+36 1.80754e+36 3.82941e+29 1.81016e+33 0 2.94647e+36 4.64348e+42 0 0 0
1.43301e+06 1.33148e+36 1.33148e+36 1.34187e+36 1.34187e+36 1.34187e+36 5.11336e+29 1.81323e+33 0 1.07106e+36 4.64348e+42 0 0 0
1.65482e+06 9.88306e+35 9.88306e+35 9.95721e+35 9.95721e+35 9.95721e+35 6.81016e+29 1.81718e+33 0 3.40379e+35 4.64348e+42 0 0 0
1.91095e+06 7.33298e+35 7.33298e+35 7.38563e+35 7.38563e+35 7.38563e+35 9.23466e+29 1.82267e+33 0 9.26199e+34 4.64348e+42 0 0 0
2.20673e+06 5.43899e+35 5.43899e+35 5.47621e+35 5.47621e+35 5.47621e+35 1.23444e+30 1.8298e+33 0 2.10668e+34 4.64348e+42 0 0 0
2.5483e+06 4.03294e+35 4.03294e+35 4.05914e+35 4.05914e+35 4.05914e+35 1.64289e+30 1.83915e+33 0 3.89572e+33 4.64348e+42 0 0 0
2.94273e+06 2.98955e+35 2.98955e+35 3.00793e+35 3.00793e+35 3.00793e+35 2.18474e+30 1.85143e+33 0 5.6722e+32 4.64348e+42 0 0 0
3.39821e+06 2.21557e+35 2.21557e+35 2.22842e+35 2.22842e+35 2.22842e+35 2.96545e+30 1.86856e+33 0 6.26636e+31 4.64348e+42 0 0 0
3.92419e+06 1.64163e+35 1.64163e+35 1.65059e+35 1.65059e+35 1.65059e+35 3.98428e+30 1.89079e+33 0 5.03289e+30 4.64348e+42 0 0 0
4.53158e+06 1.21616e+35 1.21616e+35 1.2224e+35 1.2224e+35 1.2224e+35 5.35761e+30 1.91946e+33 0 2.79719e+29 4.64348e+42 0 0 0
5.23299e+06 9.00837e+34 9.00837e+34 9.05166e+34 9.05166e+34 9.05166e+34 7.18957e+30 1.95571e+33 0 1.0162e+28 4.64348e+42 0 0 0
6.04296e+06 6.67203e+34 6.67203e+34 6.70204e+34 6.70204e+34 6.70204e+34 9.77981e+30 2.00378e+33 0 2.25948e+26 4.64348e+42 0 0 0
6.97831e+06 4.94133e+34 4.94133e+34 4.96212e+34 4.96212e+34 4.96212e+34 1.31286e+31 2.06045e+33 0 2.84974e+24 4.64348e+42 0 0 0
8.05842e+06 3.65955e+34 3.65955e+34 3.67395e+34 3.67395e+34 3.67395e+34 1.74945e+31 2.12741e+33 0 1.86749e+22 4.64348e+42 0 0 0
9.30572e+06 2.7105e+34 2.7105e+34 2.72047e+34 2.72047e+34 2.72047e+34 2.32283e+31 2.20327e+33 0 5.74586e+19 4.64348e+42 0 0 0
1.07461e+07 2.00803e+34 2.00803e+34 2.01494e+34 2.01494e+34 2.01494e+34 3.09254e+31 2.29415e+33 0 7.38375e+16 4.64348e+42 0 0 0
1.24094e+07 1.48825e+34 1.48825e+34 1.49305e+34 1.49305e+34 1.49305e+34 4.0314e+31 2.38344e+33 0 3.46206e+13 4.64348e+42 0 0 0
1.43301e+07 1.10383e+34 1.10383e+34 1.10718e+34 1.10718e+34 1.10718e+34 5.16029e+31 2.47068e+33 0 5.06707e+09 4.64348e+42 0 0 0
1.65482e+07 8.19723e+33 8.19723e+33 8.22059e+33 8.22059e+33 8.22059e+33 6.4865e+31 2.55166e+33 0 193324 4.64348e+42 0 0 0
1.91095e+07 6.09993e+33 6.09993e+33 6.11633e+33 6.11633e+33 6.11633e+33 8.06633e+31 2.62148e+33 0 1.56151 4.64348e+42 0 0 0
2.20673e+07 4.55248e+33 4.55248e+33 4.56407e+33 4.56407e+33 4.56407e+33 9.74644e+31 2.68171e+33 0 2.09977e-06 4.64348e+42 0 0 0
2.5483e+07 3.41267e+33 3.41267e+33 3.42093e+33 3.42093e+33 3.42093e+33 1.1557e+32 2.72396e+33 0 3.56168e-13 4.64348e+42 0 0 0
2.94273e+07 2.57359e+33 2.57359e+33 2.57952e+33 2.57952e+33 2.57952e+33 1.33571e+32 2.72449e+33 0 5.53125e-21 4.64348e+42 0 0 0
3.39821e+07 1.95669e+33 1.95669e+33 1.96102e+33 1.96102e+33 1.96102e+33 1.51068e+32 2.67583e+33 0 5.43211e-30 4.64348e+42 0 0 0
3.92419e+07 1.50207e+33 1.50207e+33 1.50527e+33 1.50527e+33 1.50527e+33 1.65979e+32 2.57666e+33 0 2.20042e-40 4.64348e+42 0 0 0
4.53158e+07 1.16751e+33 1.16751e+33 1.16991e+33 1.16991e+33 1.16991e+33 1.78915e+32 2.44443e+33 0 2.24452e-52 4.64348e+42 0 0 0
5.23299e+07 9.20515e+32 9.20515e+32 9.22355e+32 9.22355e+32 9.22355e+32 1.89104e+32 2.29196e+33 0 3.26093e-66 4.64348e+42 0 0 0
6.04296e+07 7.36043e+32 7.36043e+32 7.37479e+32 7.37479e+32 7.37479e+32 1.94952e+32 2.10424e+33 0 3.49442e-82 4.64348e+42 0 0 0
6.97831e+07 5.96266e+32 5.96266e+32 5.97407e+32 5.97407e+32 5.97407e+32 1.96008e+32 1.88546e+33 0 1.29181e-100 4.64348e+42 0 0 0
8.05842e+07 4.88739e+32 4.88739e+32 4.89661e+32 4.89661e+32 4.89661e+32 1.9269e+32 1.63925e+33 0 6.85034e-122 4.64348e+42 0 0 0
9.30572e+07 4.04064e+32 4.04064e+32 4.04818e+32 4.04818e+32 4.04818e+32 1.85117e+32 1.37423e+33 0 1.89157e-146 4.64348e+42 0 0 0
1.07461e+08 3.35213e+32 3.35213e+32 3.35834e+32 3.35834e+32 3.35834e+32 1.73305e+32 1.10542e+33 0 8.43954e-175 4.64348e+42 94.8548 0 0
1.24094e+08 2.7927e+32 2.7927e+32 2.79786e+32 2.79786e+32 2.79786e+32 1.59556e+32 8.74984e+32 0 1.57518e-207 4.64348e+42 83.3316 0 0
1.43301e+08 2.32295e+32 2.32295e+32 2.32724e+32 2.32724e+32 2.32724e+32 1.43786e+32 6.80316e+32 0 2.58315e-245 4.64348e+42 73.2082 0 0
1.65482e+08 1.91961e+32 1.91961e+32 1.92317e+32 1.92317e+32 1.92317e+32 1.26522e+32 5.20542e+32 0 0 4.64348e+42 64.3146 0 0
1.91095e+08 1.55938e+32 1.55938e+32 1.56229e+32 1.56229e+32 1.56229e+32 1.07548e+32 3.88098e+32 0 0 4.64348e+42 56.5014 0 0
2.20673e+08 1.25895e+32 1.25895e+32 1.26133e+32 1.26133e+32 1.26133e+32 9.01032e+31 2.90867e+32 0 0 4.64348e+42 49.6375 0 0
2.5483e+08 1.00442e+32 1.00442e+32 1.00633e+32 1.00633e+32 1.00633e+32 7.39571e+31 2.15541e+32 0 0 4.64348e+42 43.6073 0 0
2.94273e+08 7.90701e+31 7.90701e+31 7.92225e+31 7.92225e+31 7.92225e+31 5.94611e+31 1.5796e+32 0 0 4.64348e+42 38.3098 0 0
3.39821e+08 6.08733e+31 6.08733e+31 6.09923e+31 6.09923e+31 6.09923e+31 4.63436e+31 1.13708e+32 0 0 4.64348e+42 35.1406 0 0
3.92419e+08 4.67653e+31 4.67653e+31 4.68582e+31 4.68582e+31 4.68582e+31 3.59932e+31 8.31894e+31 0 0 4.64348e+42 33.6558 0 0
4.53158e+08 3.55224e+31 3.55224e+31 3.55941e+31 3.55941e+31 3.55941e+31 2.75306e+31 6.05827e+31 0 0 4.64348e+42 32.2337 0 0
5.23299e+08 2.66292e+31 2.66292e+31 2.66839e+31 2.66839e+31 2.66839e+31 2.06962e+31 4.39359e+31 0 0 4.64348e+42 30.8716 0 0
6.04296e+08 1.97586e+31 1.97586e+31 1.97999e+31 1.97999e+31 1.97999e+31 1.53517e+31 3.15272e+31 0 0 4.64348e+42 29.5672 0 0
6.97831e+08 1.48091e+31 1.48091e+31 1.48407e+31 1.48407e+31 1.48407e+31 1.15352e+31 2.309e+31 0 0 4.64348e+42 28.3178 0 0
8.05842e+08 1.10487e+31 1.10487e+31 1.10728e+31 1.10728e+31 1.10728e+31 8.61552e+30 1.68826e+31 0 0 4.64348e+42 27.1212 0 0
9.30572e+08 8.19752e+30 8.19752e+30 8.21569e+30 8.21569e+30 8.21569e+30 6.38848e+30 1.23145e+31 0 0 4.64348e+42 25.9752 0 0
1.07461e+09 6.01951e+30 6.01951e+30 6.03312e+30 6.03312e+30 6.03312e+30 4.67393e+30 8.85531e+30 0 0 4.64348e+42 26.0689 0 0
1.24094e+09 4.49825e+30 4.49825e+30 4.50862e+30 4.50862e+30 4.50862e+30 3.49746e+30 6.51535e+30 0 0 4.64348e+42 27.4156 0 0
1.43301e+09 3.36543e+30 3.36543e+30 3.37335e+30 3.37335e+30 3.37335e+30 2.62103e+30 4.78089e+30 0 0 4.64348e+42 28.8318 0 0
1.65482e+09 2.51149e+30 2.51149e+30 2.51752e+30 2.51752e+30 2.51752e+30 1.95784e+30 3.4976e+30 0 0 4.64348e+42 30.3212 0 0
1.91095e+09 1.85602e+30 1.85602e+30 1.86056e+30 1.86056e+30 1.86056e+30 1.44432e+30 2.51686e+30 0 0 4.64348e+42 31.8876 0 0
2.20673e+09 1.39408e+30 1.39408e+30 1.39756e+30 1.39756e+30 1.39756e+30 1.08823e+30 1.85585e+30 0 0 4.64348e+42 33.5349 0 0
2.5483e+09 1.04449e+30 1.04449e+30 1.04715e+30 1.04715e+30 1.04715e+30 8.17508e+29 1.36464e+30 0 0 4.64348e+42 35.2673 0 0
2.94273e+09 7.79438e+29 7.79438e+29 7.81462e+29 7.81462e+29 7.81462e+29 6.11217e+29 1.00026e+30 0 0 4.64348e+42 37.0892 0 0
3.39821e+09 5.73282e+29 5.73282e+29 5.748e+29 5.748e+29 5.748e+29 4.4882e+29 7.21151e+29 0 0 4.64348e+42 39.0052 0 0
3.92419e+09 4.28974e+29 4.28974e+29 4.30132e+29 4.30132e+29 4.30132e+29 3.3715e+29 5.3214e+29 0 0 4.64348e+42 41.0201 0 0
4.53158e+09 3.1997e+29 3.1997e+29 3.2085e+29 3.2085e+29 3.2085e+29 2.52434e+29 3.91267e+29 0 0 4.64348e+42 43.1392 0 0
5.23299e+09 2.37835e+29 2.37835e+29 2.38501e+29 2.38501e+29 2.38501e+29 1.88347e+29 2.86519e+29 0 0 4.64348e+42 45.3677 0 0
6.04296e+09 1.73842e+29 1.73842e+29 1.74338e+29 1.74338e+29 1.74338e+29 1.37726e+29 2.06544e+29 0 0 4.64348e+42 47.7114 0 0
6.97831e+09 1.29476e+29 1.29476e+29 1.29853e+29 1.29853e+29 1.29853e+29 1.03263e+29 1.52246e+29 0 0 4.64348e+42 50.1761 0 0
8.05842e+09 9.60906e+28 9.60906e+28 9.63752e+28 9.63752e+28 9.63752e+28 7.71681e+28 1.11916e+29 0 0 4.64348e+42 52.7682 0 0
9.30572e+09 7.08867e+28 7.08867e+28 7.11004e+28 7.11004e+28 7.11004e+28 5.73034e+28 8.20397e+28 0 0 4.64348e+42 55.4941 0 0
1.07461e+10 5.15065e+28 5.15065e+28 5.16645e+28 5.16645e+28 5.16645e+28 4.18079e+28 5.93278e+28 0 0 4.64348e+42 62.2654 0 0
1.24094e+10 3.7986e+28 3.7986e+28 3.81045e+28 3.81045e+28 3.81045e+28 3.11021e+28 4.38778e+28 0 0 4.64348e+42 74.537 0 0
1.43301e+10 2.78582e+28 2.78582e+28 2.79467e+28 2.79467e+28 2.79467e+28 2.29971e+28 3.23703e+28 0 0 4.64348e+42 89.2272 0 0
1.65482e+10 2.03644e+28 2.03644e+28 2.04303e+28 2.04303e+28 2.04303e+28 1.69515e+28 2.38079e+28 0 0 4.64348e+42 106.812 0 0
1.91095e+10 1.46294e+28 1.46294e+28 1.46781e+28 1.46781e+28 1.46781e+28 1.22609e+28 1.72194e+28 0 0 4.64348e+42 127.864 0 0
2.20673e+10 1.06403e+28 1.06403e+28 1.06786e+28 1.06786e+28 1.06786e+28 9.07298e+27 1.27439e+28 0 0 4.64348e+42 153.064 34.7254 0
2.5483e+10 7.53561e+27 7.53561e+27 7.56985e+27 7.56985e+27 7.56985e+27 6.69139e+27 9.40053e+27 0 0 4.64348e+42 183.23 22.9578 0
2.94273e+10 4.97612e+27 4.97612e+27 5.01391e+27 5.01391e+27 5.01391e+27 4.92043e+27 6.9103e+27 0 0 4.64348e+42 219.342 15.5417 0
3.39821e+10 2.82274e+27 2.82274e+27 2.86795e+27 2.86795e+27 2.86795e+27 3.55033e+27 4.98752e+27 0 0 4.64348e+42 262.571 10.7604 0
3.92419e+10 1.37488e+27 1.37488e+27 1.4245e+27 1.4245e+27 1.4245e+27 2.63128e+27 3.69168e+27 0 0 4.64348e+42 314.32 7.61059 0
4.53158e+10 5.82724e+26 5.82724e+26 6.28357e+26 6.28357e+26 6.28357e+26 1.94586e+27 2.72579e+27 0 0 4.64348e+42 376.268 5.49245 0
5.23299e+10 2.30919e+26 2.30919e+26 2.67596e+26 2.67596e+26 2.67596e+26 1.43663e+27 2.00699e+27 0 0 4.64348e+42 450.425 4.04008 0
6.04296e+10 8.84029e+25 8.84029e+25 1.15097e+26 1.15097e+26 1.15097e+26 1.04309e+27 1.45073e+27 0 0 4.64348e+42 539.196 3.02568 0
6.97831e+10 3.45035e+25 3.45035e+25 5.33113e+25 5.33113e+25 5.33113e+25 7.77235e+26 1.07646e+27 0 0 4.64348e+42 645.464 2.3047 0
8.05842e+10 1.34079e+25 1.34079e+25 2.61143e+25 2.61143e+25 2.61143e+25 5.77574e+26 7.96874e+26 0 0 4.64348e+42 772.675 1.78376 0
9.30572e+10 5.18509e+24 5.18509e+24 1.35093e+25 1.35093e+25 1.35093e+25 4.28016e+26 5.88208e+26 0 0 4.64348e+42 924.958 1.40144 0
1.07461e+11 1.97205e+24 1.97205e+24 7.2372e+24 7.2372e+24 7.2372e+24 3.11193e+26 4.25841e+26 0 0 4.64348e+42 1107.25 1.11671 0
1.24094e+11 7.73896e+23 7.73896e+23 4.15529e+24 4.15529e+24 4.15529e+24 2.31782e+26 3.16397e+26 0 0 4.64348e+42 1325.48 0.901709 0
1.43301e+11 3.09283e+23 3.09283e+23 2.47965e+24 2.47965e+24 2.47965e+24 1.72036e+26 2.34421e+26 0 0 4.64348e+42 1586.71 0.737233 0
1.65482e+11 1.2762e+23 1.2762e+23 1.52964e+24 1.52964e+24 1.52964e+24 1.27194e+26 1.73108e+26 0 0 4.64348e+42 1899.42 0.609868 0
1.91095e+11 5.43285e+22 5.43285e+22 9.56732e+23 9.56732e+23 9.56732e+23 9.22146e+25 1.2528e+26 0 0 4.64348e+42 2273.77 0.510106 0
2.20673e+11 2.51919e+22 2.51919e+22 6.30255e+23 6.30255e+23 6.30255e+23 6.85313e+25 9.30549e+25 0 0 4.64348e+42 2721.9 0.431129 0
2.5483e+11 1.25096e+22 1.25096e+22 4.24463e+23 4.24463e+23 4.24463e+23 5.07649e+25 6.89131e+25 0 0 4.64348e+42 3258.34 0.367983 0
2.94273e+11 6.6908e+21 6.6908e+21 2.91363e+23 2.91363e+23 2.91363e+23 3.74787e+25 5.08594e+25 0 0 4.64348e+42 3900.52 0.317029 0
3.39821e+11 3.80457e+21 3.80457e+21 2.00234e+23 2.00234e+23 2.00234e+23 2.71446e+25 3.67745e+25 0 0 4.64348e+42 0 0.275565 0
3.92419e+11 2.39827e+21 2.39827e+21 1.43474e+23 1.43474e+23 1.43474e+23 2.01626e+25 2.7295e+25 0 0 4.64348e+42 0 0.241562 0
4.53158e+11 1.62471e+21 1.62471e+21 1.04092e+23 1.04092e+23 1.04092e+23 1.49289e+25 2.01964e+25 0 0 4.64348e+42 0 0.213483 0
5.23299e+11 1.17585e+21 1.17585e+21 7.63201e+22 7.63201e+22 7.63201e+22 1.10167e+25 1.48907e+25 0 0 4.64348e+42 0 0.190154 0
6.04296e+11 8.88367e+20 8.88367e+20 5.55726e+22 5.55726e+22 5.55726e+22 7.97191e+24 1.07525e+25 0 0 4.64348e+42 0 0.170669 0
6.97831e+11 7.2639e+20 7.2639e+20 4.19403e+22 4.19403e+22 4.19403e+22 5.91728e+24 7.97122e+24 0 0 4.64348e+42 0 0.154323 0
8.05842e+11 6.19913e+20 6.19913e+20 3.18613e+22 3.18613e+22 3.18613e+22 4.37787e+24 5.89014e+24 0 0 4.64348e+42 0 0.140565 0
9.30572e+11 5.47601e+20 5.47601e+20 2.43341e+22 2.43341e+22 2.43341e+22 3.22778e+24 4.33614e+24 0 0 4.64348e+42 0 0.12896 0
1.07461e+12 4.88778e+20 4.88779e+20 1.83635e+22 1.83635e+22 1.83635e+22 2.3326e+24 3.12492e+24 0 0 4.64348e+42 0 0.119166 0
1.24094e+12 4.57927e+20 4.57928e+20 1.43122e+22 1.43122e+22 1.43122e+22 1.72944e+24 2.31242e+24 0 0 4.64348e+42 0 0.110908 0
1.43301e+12 4.34873e+20 4.34873e+20 1.1187e+22 1.1187e+22 1.1187e+22 1.27791e+24 1.70526e+24 0 0 4.64348e+42 0 0.103969 0
1.65482e+12 4.16228e+20 4.16229e+20 8.76185e+21 8.76185e+21 8.76185e+21 9.40858e+23 1.25252e+24 0 0 4.64348e+42 0 0.098177 0
1.91095e+12 3.92991e+20 3.92991e+20 6.7576e+21 6.7576e+21 6.7576e+21 6.78627e+23 9.0007e+23 0 0 4.64348e+42 0 0.0933933 0
2.20673e+12 3.81772e+20 3.81772e+20 5.37092e+21 5.37092e+21 5.37092e+21 5.02279e+23 6.64285e+23 0 0 4.64348e+42 0 0.0895108 0
2.5483e+12 3.69454e+20 3.69454e+20 4.27068e+21 4.27068e+21 4.27068e+21 3.70429e+23 4.88435e+23 0 0 4.64348e+42 0 0.0864461 0
2.94273e+12 3.55184e+20 3.55184e+20 3.39504e+21 3.39504e+21 3.39504e+21 2.72154e+23 3.57597e+23 0 0 4.64348e+42 0 0.0841374 0
3.39821e+12 3.32733e+20 3.32733e+20 2.65083e+21 2.65083e+21 2.65083e+21 1.95752e+23 2.55913e+23 0 0 4.64348e+42 0 0.082541 0
3.92419e+12 3.1791e+20 3.1791e+20 2.13011e+21 2.13011e+21 2.13011e+21 1.44519e+23 1.88165e+23 0 0 4.64348e+42 0 0.08163 0
4.53158e+12 3.00388e+20 3.00388e+20 1.70931e+21 1.70931e+21 1.70931e+21 1.06286e+23 1.37782e+23 0 0 4.64348e+42 0 0.0813928 0
5.23299e+12 2.80417e+20 2.80417e+20 1.36893e+21 1.36893e+21 1.36893e+21 7.78483e+22 1.00414e+23 0 0 4.64348e+42 0 0.0818329 0
6.04296e+12 2.53892e+20 2.53892e+20 1.0743e+21 1.0743e+21 1.0743e+21 5.57712e+22 7.14438e+22 0 0 4.64348e+42 0 0.0829683 0
6.97831e+12 2.33969e+20 2.33969e+20 8.66909e+20 8.66909e+20 8.66909e+20 4.10259e+22 5.22546e+22 0 0 4.64348e+42 0 0.0848322 0
8.05842e+12 2.12818e+20 2.12818e+20 6.9743e+20 6.9743e+20 6.9743e+20 3.00526e+22 3.80425e+22 0 0 4.64348e+42 0 0.0874729 0
9.30572e+12 1.91013e+20 1.91013e+20 5.59024e+20 5.59024e+20 5.59024e+20 2.19156e+22 2.75493e+22 0 0 4.64348e+42 0 0.0909553 0
1.07461e+13 1.66014e+20 1.66014e+20 4.37931e+20 4.37931e+20 4.37931e+20 1.5612e+22 1.94425e+22 0 0 4.64348e+42 0 0.0953611 0
1.24094e+13 1.46946e+20 1.46946e+20 3.52472e+20 3.52472e+20 3.52472e+20 1.14261e+22 1.41176e+22 0 0 4.64348e+42 0 0.10079 0
1.43301e+13 1.28344e+20 1.28344e+20 2.82257e+20 2.82257e+20 2.82257e+20 8.32347e+21 1.01968e+22 0 0 4.64348e+42 0 0.10736 0
1.65482e+13 1.10571e+20 1.10571e+20 2.24687e+20 2.24687e+20 2.24687e+20 6.03256e+21 7.32011e+21 0 0 4.64348e+42 0 0.115206 0
1.91095e+13 9.2097e+19 9.20971e+19 1.74175e+20 1.74175e+20 1.74175e+20 4.26374e+21 5.1086e+21 0 0 4.64348e+42 0 0.12448 0
2.20673e+13 7.81835e+19 7.81837e+19 1.38538e+20 1.38538e+20 1.38538e+20 3.09857e+21 3.67293e+21 0 0 4.64348e+42 0 0.135345 0
2.5483e+13 6.54285e+19 6.54287e+19 1.093e+20 1.093e+20 1.093e+20 2.23978e+21 2.62438e+21 0 0 4.64348e+42 0 0.147968 0
2.94273e+13 5.39356e+19 5.39358e+19 8.54277e+19 8.54277e+19 8.54277e+19 1.60962e+21 1.8619e+21 0 0 4.64348e+42 0 0.162507 0
3.39821e+13 4.28368e+19 4.28371e+19 6.46665e+19 6.46665e+19 6.46665e+19 1.12528e+21 1.27964e+21 0 0 4.64348e+42 0 0.179093 0
3.92419e+13 3.46726e+19 3.46728e+19 5.01256e+19 5.01256e+19 5.01256e+19 8.09882e+20 9.07832e+20 0 0 4.64348e+42 0 0.197804 0
4.53158e+13 2.7594e+19 2.75943e+19 3.83699e+19 3.83699e+19 3.83699e+19 5.79248e+20 6.3931e+20 0 0 4.64348e+42 0 0.218621 0
5.23299e+13 2.15687e+19 2.1569e+19 2.89615e+19 2.89615e+19 2.89615e+19 4.11479e+20 4.46427e+20 0 0 4.64348e+42 0 0.241387 0
6.04296e+13 1.61533e+19 1.61536e+19 2.10205e+19 2.10205e+19 2.10205e+19 2.83367e+20 3.00494e+20 0 0 4.64348e+42 0 0.265741 0
6.97831e+13 1.23267e+19 1.2327e+19 1.55964e+19 1.55964e+19 1.55964e+19 2.0127e+20 2.09406e+20 0 0 4.64348e+42 0 0.291055 0
8.05842e+13 9.22113e+18 9.22137e+18 1.13773e+19 1.13773e+19 1.13773e+19 1.41896e+20 1.44631e+20 0 0 4.64348e+42 0 0.316368 0
9.30572e+13 6.75654e+18 6.75675e+18 8.15103e+18 8.15103e+18 8.15103e+18 9.92251e+19 9.8877e+19 0 0 4.64348e+42 0 0.340344 0
1.07461e+14 4.71668e+18 4.71686e+18 5.57698e+18 5.57698e+18 5.57698e+18 6.6934e+19 6.46969e+19 0 0 4.64348e+42 0 0 0
1.24094e+14 3.36475e+18 3.36494e+18 3.9078e+18 3.9078e+18 3.9078e+18 4.67004e+19 4.40236e+19 0 0 4.64348e+42 0 0 0
1.43301e+14 2.35154e+18 2.35178e+18 2.68783e+18 2.68783e+18 2.68783e+18 3.22894e+19 2.96298e+19 0 0 4.64348e+42 0 0 0
1.65482e+14 1.60983e+18 1.61017e+18 1.8142e+18 1.8142e+18 1.8142e+18 2.21038e+19 1.96925e+19 0 0 4.64348e+42 0 0 0
1.91095e+14 1.04539e+18 1.04584e+18 1.1635e+18 1.1635e+18 1.1635e+18 1.44936e+19 1.23978e+19 0 0 4.64348e+42 0 0 0
2.20673e+14 6.98984e+17 6.99574e+17 7.69533e+17 7.69533e+17 7.69533e+17 9.87102e+18 8.17264e+18 0 0 4.64348e+42 0 0 0
2.5483e+14 4.58615e+17 4.59317e+17 5.00201e+17 5.00201e+17 5.00201e+17 6.64758e+18 5.31449e+18 0 0 4.64348e+42 0 0 0
2.94273e+14 2.95258e+17 2.96016e+17 3.19501e+17 3.19501e+17 3.19501e+17 4.42173e+18 3.40204e+18 0 0 4.64348e+42 0 0 0
3.39821e+14 1.79179e+17 1.79896e+17 1.92636e+17 1.92636e+17 1.92636e+17 2.78773e+18 2.03141e+18 0 0 4.64348e+42 0 0 0
3.92419e+14 1.13172e+17 1.13833e+17 1.21041e+17 1.21041e+17 1.21041e+17 1.83749e+18 1.2837e+18 0 0 4.64348e+42 0 0 0
4.53158e+14 7.0223e+16 7.0789e+16 7.48034e+16 7.48034e+16 7.48034e+16 1.19403e+18 7.9743e+17 0 0 4.64348e+42 0 0 0
5.23299e+14 4.27861e+16 4.3238e+16 4.54384e+16 4.54384e+16 4.54384e+16 7.63853e+17 4.85632e+17 0 0 4.64348e+42 0 0 0
6.04296e+14 2.42746e+16 2.45961e+16 2.57217e+16 2.57217e+16 2.57217e+16 4.55815e+17 2.69466e+17 0 0 4.64348e+42 0 0 0
6.97831e+14 1.45335e+16 1.47657e+16 1.53748e+16 1.53748e+16 1.53748e+16 2.87317e+17 1.60952e+17 0 0 4.64348e+42 0 0 0
8.05842e+14 8.54019e+15 8.69934e+15 9.02358e+15 9.02358e+15 9.02358e+15 1.77806e+17 9.4078e+16 0 0 4.64348e+42 0 0 0
9.30572e+14 4.91979e+15 5.02358e+15 5.19323e+15 5.19323e+15 5.19323e+15 1.07844e+17 5.36197e+16 0 0 4.64348e+42 0 0 0
1.07461e+15 2.57985e+15 2.63989e+15 2.7209e+15 2.7209e+15 2.7209e+15 5.94965e+16 2.68378e+16 0 0 4.64348e+42 0 0 0
1.24094e+15 1.4549e+15 1.4914e+15 1.53312e+15 1.53312e+15 1.53312e+15 3.52602e+16 1.48679e+16 0 0 4.64348e+42 0 0 0
1.43301e+15 8.01955e+14 8.23205e+14 8.44272e+14 8.44272e+14 8.44272e+14 2.03955e+16 8.01453e+15 0 0 4.64348e+42 0 0 0
1.65482e+15 4.31328e+14 4.43186e+14 4.53598e+14 4.53598e+14 4.53598e+14 1.14921e+16 4.18352e+15 0 0 4.64348e+42 0 0 0
1.91095e+15 2.02895e+14 2.0859e+14 2.13106e+14 2.13106e+14 2.13106e+14 5.65289e+15 1.80718e+15 0 0 4.64348e+42 0 0 0
2.20673e+15 1.05669e+14 1.08655e+14 1.10832e+14 1.10832e+14 1.10832e+14 3.07262e+15 9.05042e+14 0 0 4.64348e+42 0 0 0
2.5483e+15 5.33564e+13 5.48556e+13 5.58766e+13 5.58766e+13 5.58766e+13 1.61596e+15 4.37978e+14 0 0 4.64348e+42 0 0 0
2.94273e+15 2.60881e+13 2.68087e+13 2.72743e+13 2.72743e+13 2.72743e+13 8.21244e+14 2.03496e+14 0 0 4.64348e+42 0 0 0
3.39821e+15 1.04108e+13 1.06907e+13 1.08647e+13 1.08647e+13 1.08647e+13 3.39934e+14 7.08544e+13 0 0 4.64348e+42 0 0 0
3.92419e+15 4.83054e+12 4.95585e+12 5.03177e+12 5.03177e+12 5.03177e+12 1.63262e+14 3.09408e+13 0 0 4.64348e+42 0 0 0
4.53158e+15 2.14346e+12 2.19667e+12 2.2285e+12 2.2285e+12 2.2285e+12 7.4832e+13 1.2952e+13 0 0 4.64348e+42 0 0 0
5.23299e+15 9.1063e+11 9.32116e+11 9.4494e+11 9.4494e+11 9.4494e+11 3.27728e+13 5.15604e+12 0 0 4.64348e+42 0 0 0
6.04296e+15 2.80952e+11 2.87211e+11 2.90981e+11 2.90981e+11 2.90981e+11 1.04024e+13 1.29128e+12 0 0 4.64348e+42 0 0 0
6.97831e+15 1.09576e+11 1.11868e+11 1.13274e+11 1.13274e+11 1.13274e+11 4.16576e+12 4.64786e+11 0 0 4.64348e+42 0 0 0
8.05842e+15 3.98498e+10 4.06284e+10 4.11197e+10 4.11197e+10 4.11197e+10 1.55256e+12 1.59085e+11 0 0 4.64348e+42 0 0 0
9.30572e+15 1.35688e+10 1.38153e+10 1.39766e+10 1.39766e+10 1.39766e+10 5.40739e+11 5.16502e+10 0 0 4.64348e+42 0 0 0
1.07461e+16 2.8037e+09 2.85086e+09 2.88313e+09 2.88313e+09 2.88313e+09 1.14079e+11 7.601e+09 0 0 4.64348e+42 0 0 0
1.24094e+16 8.36701e+08 8.49684e+08 8.59038e+08 8.59038e+08 8.59038e+08 3.46972e+10 2.03962e+09 0 0 4.64348e+42 0 0 0
1.43301e+16 2.2168e+08 2.24842e+08 2.27258e+08 2.27258e+08 2.27258e+08 9.35279e+09 5.11746e+08 0 0 4.64348e+42 0 0 0
1.65482e+16 5.14368e+07 5.21094e+07 5.26574e+07 5.26574e+07 5.26574e+07 2.20414e+09 1.23997e+08 0 0 4.64348e+42 0 0 0
1.91095e+16 5.73073e+06 5.79922e+06 5.85909e+06 5.85909e+06 5.85909e+06 2.49002e+08 8.14003e+06 0 0 4.64348e+42 0 0 0
2.20673e+16 1.10815e+06 1.12022e+06 1.13161e+06 1.13161e+06 1.13161e+06 4.87436e+07 1.35949e+06 0 0 4.64348e+42 0 0 0
2.5483e+16 175204 176940 178714 178714 178714 7.78945e+06 198513 0 0 4.64348e+42 0 0 0
2.94273e+16 20929.2 21117.5 21326.8 21326.8 21326.8 939061 28389.1 0 0 4.64348e+42 0 0 0
3.39821e+16 843.39 850.262 858.612 858.612 858.612 38133.2 628.159 0 0 4.64348e+42 0 0 0
3.92419e+16 77.2744 77.8438 78.6024 78.6024 78.6024 3515.75 47.8163 0 0 4.64348e+42 0 0 0
4.53158e+16 4.99558 5.02881 5.07753 5.07753 5.07753 228.386 2.65745 0 0 4.64348e+42 0 0 0
5.23299e+16 0.207514 0.208759 0.210772 0.210772 0.210772 9.52013 0.127212 0 0 4.64348e+42 0 0 0
6.04296e+16 0.00146978 0.00147771 0.00149191 0.00149191 0.00149191 0.0675753 0.000603086 0 0 4.64348e+42 0 0 0
6.97831e+16 3.67252e-05 3.69034e-05 3.72573e-05 3.72573e-05 3.72573e-05 0.00169002 1.22788e-05 0 0 4.64348e+42 0 0 0
8.05842e+16 4.17398e-07 4.19217e-07 4.23231e-07 4.23231e-07 4.23231e-07 1.92017e-05 1.10227e-07 0 0 4.64348e+42 0 0 0
9.30572e+16 0 0 0 0 0 0 0 0 0 4.64348e+42 0 0 0