
1.07461e-07 0 0 1.06518e+52 3.43959e+52 1.07082e+57 0 0 2.13186e+44 0 4.64348e+42 0 0 1
1.24094e-07 0 0 1.43851e+52 3.96972e+52 9.5746e+56 0 0 2.46183e+44 0 4.64348e+42 0 0 1
1.43301e-07 0 0 1.90489e+52 4.58804e+52 8.55864e+56 0 0 2.84288e+44 0 4.64348e+42 0 0 1
1.65482e-07 0 0 2.48043e+52 5.31026e+52 7.64819e+56 0 0 3.2829e+44 0 4.64348e+42 0 0 1
1.91095e-07 0 0 3.18389e+52 6.1551e+52 6.83228e+56 0 0 3.79104e+44 0 4.64348e+42 0 0 1
2.20673e-07 0 0 4.03739e+52 7.14508e+52 6.10107e+56 0 0 4.37782e+44 0 4.64348e+42 0 0 1
2.5483e-07 0 0 5.0673e+52 8.3072e+52 5.44578e+56 0 0 5.05543e+44 0 4.64348e+42 0 0 1
2.94273e-07 0 0 6.30511e+52 9.67378e+52 4.8586e+56 0 0 5.83792e+44 0 4.64348e+42 0 0 1
3.39821e-07 0 0 7.78846e+52 1.12833e+53 4.33251e+56 0 0 6.74152e+44 0 4.64348e+42 0 0 1
3.92419e-07 0 0 9.56218e+52 1.31815e+53 3.86127e+56 0 0 7.78499e+44 0 4.64348e+42 0 0 1
4.53158e-07 0 0 1.16797e+53 1.54225e+53 3.43925e+56 0 0 8.98996e+44 0 4.64348e+42 0 0 1
5.23299e-07 0 0 1.42047e+53 1.80706e+53 3.06142e+56 0 0 1.03814e+45 0 4.64348e+42 0 0 1
6.04296e-07 0 0 1.7213e+53 2.12025e+53 2.72325e+56 0 0 1.19883e+45 0 4.64348e+42 0 0 1
6.97831e-07 0 0 2.07954e+53 2.49094e+53 2.42067e+56 0 0 1.38439e+45 0 4.64348e+42 0 0 1
8.05842e-07 0 0 2.50596e+53 2.92996e+53 2.15004e+56 0 0 1.59867e+45 0 4.64348e+42 0 0 1
9.30572e-07 0 0 3.01339e+53 3.45019e+53 1.90808e+56 0 0 1.84611e+45 0 4.64348e+42 0 0 1
1.07461e-06 0 0 3.61702e+53 4.06686e+53 1.69186e+56 0 0 2.13185e+45 0 4.64348e+42 0 0 1
1.24094e-06 0 0 4.3349e+53 4.79804e+53 1.49873e+56 0 0 2.46183e+45 0 4.64348e+42 0 0 1
1.43301e-06 0 0 5.18845e+53 5.66517e+53 1.32633e+56 0 0 2.84287e+45 0 4.64348e+42 0 0 1
1.65482e-06 0 0 6.20301e+53 6.69363e+53 1.17252e+56 0 0 3.2829e+45 0 4.64348e+42 0 0 1
1.91095e-06 0 0 7.40865e+53 7.91346e+53 1.03538e+56 0 0 3.79103e+45 0 4.64348e+42 0 0 1
2.20673e-06 0 0 8.84092e+53 9.36027e+53 9.13205e+55 0 0 4.37781e+45 0 4.64348e+42 0 0 1
2.5483e-06 0 0 1.0542e+54 1.10762e+54 8.04439e+55 0 0 5.05542e+45 0 4.64348e+42 0 0 1
2.94273e-06 0 0 1.25616e+54 1.3111e+54 7.07694e+55 0 0 5.83791e+45 0 4.64348e+42 0 0 1
3.39821e-06 0 0 1.4959e+54 1.55239e+54 6.21719e+55 0 0 6.74151e+45 0 4.64348e+42 0 0 1
3.92419e-06 0 0 1.78038e+54 1.83846e+54 5.4539e+55 0 0 7.78497e+45 0 4.64348e+42 0 0 1
4.53158e-06 1.40673e-192 1.40673e-192 2.1179e+54 2.1776e+54 4.77698e+55 0 0 8.98994e+45 2.36177e-197 4.64348e+42 0 0 1
5.23299e-06 2.70126e-128 2.70126e-128 2.51826e+54 2.57961e+54 4.17732e+55 0 0 1.03814e+46 3.30293e-133 4.64348e+42 0 0 1
6.04296e-06 9.28845e-81 9.28845e-81 2.99304e+54 3.05609e+54 3.64676e+55 0 0 1.19883e+46 8.27492e-86 4.64348e+42 0 0 1
6.97831e-06 1.33417e-45 1.33417e-45 3.55554e+54 3.62031e+54 3.17795e+55 0 0 1.38438e+46 8.66438e-51 4.64348e+42 0 0 1
8.05842e-06 1.3538e-19 1.3538e-19 4.21696e+54 4.2834e+54 2.76429e+55 0 0 1.59866e+46 6.4193e-25 4.64348e+42 0 0 1
9.30572e-06 2.3526 2.3526 4.97055e+54 5.03829e+54 2.39982e+55 0 0 1.8461e+46 8.19555e-06 4.64348e+42 0 0 1
1.07461e-05 4.02697e+14 4.02697e+14 5.76505e+54 5.83302e+54 2.07921e+55 0 0 2.13184e+46 1.04739e+09 4.64348e+42 0 0 1
1.24094e-05 1.35005e+25 1.35005e+25 6.49704e+54 6.56332e+54 1.79766e+55 0 0 2.46181e+46 2.69816e+19 4.64348e+42 0 0 1
1.43301e-05 8.07793e+32 8.07793e+32 7.04527e+54 7.10747e+54 1.55085e+55 0 0 2.84285e+46 1.28925e+27 4.64348e+42 0 0 1
1.65482e-05 4.4325e+38 4.4325e+38 7.32302e+54 7.37897e+54 1.33489e+55 0 0 3.28287e+46 5.89376e+32 4.64348e+42 0 0 1
1.91095e-05 7.51114e+42 7.51114e+42 7.30719e+54 7.35552e+54 1.14632e+55 0 0 3.79099e+46 8.66741e+36 4.64348e+42 0 0 1
2.20673e-05 9.67781e+45 9.67781e+45 7.03224e+54 7.0725e+54 9.82008e+54 0 0 4.37776e+46 1.00489e+40 4.64348e+42 0 0 1
2.5483e-05 1.84979e+48 1.84979e+48 6.56486e+54 6.5974e+54 8.39145e+54 0 0 5.05535e+46 1.78168e+42 4.64348e+42 0 0 1
2.94273e-05 8.60794e+49 8.60794e+49 5.97863e+54 6.00428e+54 7.15221e+54 0 0 5.83782e+46 7.88372e+43 4.64348e+42 0 0 1
3.39821e-05 1.40762e+51 1.40762e+51 5.33793e+54 5.35775e+54 6.07986e+54 0 0 6.74139e+46 1.25039e+45 4.64348e+42 0 0 1
3.92419e-05 1.06137e+52 1.06137e+52 4.69146e+54 4.70654e+54 5.15427e+54 0 0 7.78481e+46 9.28954e+45 4.64348e+42 0 0 1
4.53158e-05 4.51177e+52 4.51177e+52 4.07194e+54 4.08327e+54 4.35746e+54 0 0 8.98973e+46 3.93985e+46 4.64348e+42 0 0 1
5.23299e-05 1.25457e+53 1.25457e+53 3.49885e+54 3.50728e+54 3.67337e+54 0 0 1.03811e+47 1.10408e+47 4.64348e+42 0 0 1
6.04296e-05 2.54715e+53 2.54715e+53 2.98186e+54 2.98809e+54 3.08772e+54 0 0 1.19879e+47 2.27772e+47 4.64348e+42 0 0 1
6.97831e-05 4.09567e+53 4.09567e+53 2.524e+54 2.52856e+54 2.58779e+54 0 0 1.38433e+47 3.74688e+47 4.64348e+42 0 0 1
8.05842e-05 5.5385e+53 5.5385e+53 2.12407e+54 2.12739e+54 2.16231e+54 0 0 1.59859e+47 5.21383e+47 4.64348e+42 0 0 1
9.30572e-05 6.58463e+53 6.58463e+53 1.77847e+54 1.78088e+54 1.8013e+54 0 0 1.84601e+47 6.41089e+47 4.64348e+42 0 0 1
0.000107461 7.11192e+53 7.11192e+53 1.48236e+54 1.4841e+54 1.49595e+54 0 0 2.13172e+47 7.19393e+47 4.64348e+42 0 0 1
0.000124094 7.1496e+53 7.1496e+53 1.23043e+54 1.23168e+54 1.2385e+54 0 0 2.46165e+47 7.54501e+47 4.64348e+42 0 0 1
0.000143301 6.81064e+53 6.81064e+53 1.01734e+54 1.01824e+54 1.02214e+54 0 0 2.84264e+47 7.52757e+47 4.64348e+42 0 0 1
0.000165482 6.22942e+53 6.22942e+53 8.38052e+53 8.3869e+53 8.40904e+53 0 0 3.28259e+47 7.23786e+47 4.64348e+42 0 0 1
0.000191095 5.52458e+53 5.52458e+53 6.87896e+53 6.8835e+53 6.89597e+53 0 0 3.79062e+47 6.77189e+47 4.64348e+42 0 0 1
0.000220673 4.78492e+53 4.78492e+53 5.6268e+53 5.63002e+53 5.63699e+53 0 0 4.37726e+47 6.20935e+47 4.64348e+42 0 0 1
0.00025483 4.06896e+53 4.06896e+53 4.58683e+53 4.5891e+53 4.59297e+53 0 0 5.05468e+47 5.60925e+47 4.64348e+42 0 0 1
0.000294273 3.41062e+53 3.41062e+53 3.72641e+53 3.72801e+53 3.73015e+53 0 0 5.83692e+47 5.01159e+47 4.64348e+42 0 0 1
0.000339821 2.82605e+53 2.82605e+53 3.01722e+53 3.01834e+53 3.01951e+53 0 0 6.74019e+47 4.44126e+47 4.64348e+42 0 0 1
0.000392419 2.3198e+53 2.3198e+53 2.43481e+53 2.43559e+53 2.43622e+53 0 0 7.78322e+47 3.9122e+47 4.64348e+42 0 0 1
0.000453158 1.88944e+53 1.88944e+53 1.95823e+53 1.95878e+53 1.95912e+53 0 0 8.9876e+47 3.43085e+47 4.64348e+42 0 0 1
0.000523299 1.52871e+53 1.52871e+53 1.56966e+53 1.57004e+53 1.57022e+53 0 0 1.03783e+48 2.99883e+47 4.64348e+42 0 0 1
0.000604296 1.22971e+53 1.22971e+53 1.25397e+53 1.25423e+53 1.25433e+53 0 0 1.19841e+48 2.61485e+47 4.64348e+42 0 0 1
0.000697831 9.84085e+52 9.84085e+52 9.98403e+52 9.98583e+52 9.98635e+52 0 0 1.38383e+48 2.27594e+47 4.64348e+42 0 0 1
0.000805842 7.83829e+52 7.83829e+52 7.92242e+52 7.92366e+52 7.92393e+52 0 0 1.59792e+48 1.97832e+47 4.64348e+42 0 0 1
0.000930572 6.21606e+52 6.21606e+52 6.26531e+52 6.26616e+52 6.2663e+52 0 0 1.84511e+48 1.71793e+47 4.64348e+42 0 0 1
0.00107461 4.90938e+52 4.90938e+52 4.93811e+52 4.93869e+52 4.93876e+52 0 0 2.13053e+48 1.49073e+47 4.64348e+42 0 0 1
0.00124094 3.86226e+52 3.86226e+52 3.87895e+52 3.87934e+52 3.87938e+52 0 0 2.46006e+48 1.29289e+47 4.64348e+42 0 0 1
0.00143301 3.02708e+52 3.02708e+52 3.03675e+52 3.03702e+52 3.03703e+52 0 0 2.84051e+48 1.12085e+47 4.64348e+42 0 0 1
0.00165482 2.36391e+52 2.36391e+52 2.36948e+52 2.36966e+52 2.36968e+52 0 0 3.27975e+48 9.71428e+46 4.64348e+42 0 0 1
0.00191095 1.83955e+52 1.83955e+52 1.84275e+52 1.84287e+52 1.84288e+52 0 0 3.78683e+48 8.41739e+46 4.64348e+42 0 0 1
0.00220673 1.42662e+52 1.42662e+52 1.42845e+52 1.42853e+52 1.42854e+52 0 0 4.37222e+48 7.29247e+46 4.64348e+42 0 0 1
0.0025483 1.10271e+52 1.10271e+52 1.10376e+52 1.10382e+52 1.10382e+52 0 0 5.04796e+48 6.31714e+46 4.64348e+42 0 0 1
0.00294273 8.4962e+51 8.4962e+51 8.50217e+51 8.50254e+51 8.50255e+51 0 0 5.82795e+48 5.47177e+46 4.64348e+42 0 0 1
0.00339821 6.52588e+51 6.52588e+51 6.52927e+51 6.52951e+51 6.52952e+51 0 0 6.72824e+48 4.73923e+46 4.64348e+42 0 0 1
0.00392419 4.99756e+51 4.99756e+51 4.99948e+51 4.99964e+51 4.99964e+51 0 0 7.76728e+48 4.10456e+46 4.64348e+42 0 0 1
0.00453158 3.81625e+51 3.81625e+51 3.81734e+51 3.81744e+51 3.81744e+51 0 0 8.96635e+48 3.55476e+46 4.64348e+42 0 0 1
0.00523299 2.90627e+51 2.90627e+51 2.90688e+51 2.90695e+51 2.90695e+51 0 0 1.035e+49 3.07852e+46 4.64348e+42 0 0 1
0.00604296 2.20758e+51 2.20758e+51 2.20792e+51 2.20797e+51 2.20797e+51 0 0 1.19463e+49 2.66604e+46 4.64348e+42 0 0 1
0.00697831 1.6728e+51 1.6728e+51 1.67299e+51 1.67302e+51 1.67302e+51 0 0 1.37879e+49 2.30879e+46 4.64348e+42 0 0 1
0.00805842 1.2647e+51 1.2647e+51 1.26481e+51 1.26483e+51 1.26483e+51 0 0 1.5912e+49 1.99939e+46 4.64348e+42 0 0 1
0.00930572 9.54148e+50 9.54148e+50 9.54208e+50 9.54221e+50 9.54221e+50 0 0 1.83616e+49 1.73144e+46 4.64348e+42 0 0 1
0.0107461 7.18449e+50 7.18449e+50 7.18483e+50 7.18491e+50 7.18491e+50 0 0 2.11859e+49 1.49939e+46 4.64348e+42 0 0 1
0.0124094 5.40003e+50 5.40003e+50 5.40022e+50 5.40027e+50 5.40027e+50 0 0 2.44415e+49 1.29843e+46 4.64348e+42 0 0 1
0.0143301 4.05213e+50 4.05213e+50 4.05223e+50 4.05227e+50 4.05227e+50 0 0 2.8193e+49 1.1244e+46 4.64348e+42 0 0 1
0.0165482 3.03614e+50 3.03614e+50 3.0362e+50 3.03622e+50 3.03622e+50 0 0 3.25148e+49 9.73701e+45 4.64348e+42 0 0 1
0.0191095 2.27182e+50 2.27182e+50 2.27185e+50 2.27187e+50 2.27187e+50 0 0 3.74916e+49 8.43194e+45 4.64348e+42 0 0 1
0.0220673 1.69785e+50 1.69785e+50 1.69787e+50 1.69788e+50 1.69788e+50 0 0 4.32201e+49 7.30179e+45 4.64348e+42 0 0 1
0.025483 1.26754e+50 1.26754e+50 1.26755e+50 1.26755e+50 1.26755e+50 0 0 4.98105e+49 6.3231e+45 4.64348e+42 0 0 1
0.0294273 9.4539e+49 9.4539e+49 9.45396e+49 9.454e+49 9.454e+49 0 0 5.73881e+49 5.47559e+45 4.64348e+42 0 0 1
0.0339821 7.04541e+49 7.04541e+49 7.04544e+49 7.04547e+49 7.04547e+49 0 0 6.60947e+49 4.74167e+45 4.64348e+42 0 0 1
0.0392419 5.24686e+49 5.24686e+49 5.24687e+49 5.24689e+49 5.24689e+49 0 0 7.60908e+49 4.10612e+45 4.64348e+42 0 0 1
0.0453158 3.90516e+49 3.90516e+49 3.90517e+49 3.90518e+49 3.90518e+49 0 0 8.75566e+49 3.55576e+45 4.64348e+42 0 0 1
0.0523299 2.90519e+49 2.90519e+49 2.9052e+49 2.9052e+49 2.9052e+49 0 0 1.00694e+50 3.07916e+45 4.64348e+42 0 0 1
0.0604296 2.16048e+49 2.16048e+49 2.16048e+49 2.16049e+49 2.16049e+49 0 0 1.15729e+50 2.66645e+45 4.64348e+42 0 0 1
0.0697831 1.60623e+49 1.60623e+49 1.60623e+49 1.60623e+49 1.60623e+49 0 0 1.32909e+50 2.30905e+45 4.64348e+42 0 0 1
0.0805842 1.19395e+49 1.19395e+49 1.19395e+49 1.19395e+49 1.19395e+49 0 0 1.52508e+50 1.99955e+45 4.64348e+42 0 0 1
0.0930572 8.87401e+48 8.87401e+48 8.87402e+48 8.87403e+48 8.87403e+48 0 0 1.74823e+50 1.73154e+45 4.64348e+42 0 0 1
0.107461 6.59544e+48 6.59544e+48 6.59545e+48 6.59545e+48 6.59545e+48 0 0 2.00169e+50 1.49945e+45 4.64348e+42 0 0 1
0.124094 4.90215e+48 4.90215e+48 4.90215e+48 4.90215e+48 4.90215e+48 0 0 2.28882e+50 1.29847e+45 4.64348e+42 0 0 1
0.143301 3.64395e+48 3.64395e+48 3.64395e+48 3.64396e+48 3.64396e+48 0 0 2.61305e+50 1.12443e+45 4.64348e+42 0 0 1
0.165482 2.70912e+48 2.70912e+48 2.70912e+48 2.70912e+48 2.70912e+48 0 0 2.97777e+50 9.73718e+44 4.64348e+42 0 0 1
0.191095 2.01452e+48 2.01452e+48 2.01452e+48 2.01452e+48 2.01452e+48 0 0 3.38622e+50 8.43205e+44 4.64348e+42 0 0 1
0.220673 1.49839e+48 1.49839e+48 1.49839e+48 1.49839e+48 1.49839e+48 0 0 3.84118e+50 7.30185e+44 4.64348e+42 0 0 1
0.25483 1.11482e+48 1.11482e+48 1.11482e+48 1.11482e+48 1.11482e+48 0 0 4.34473e+50 6.32314e+44 4.64348e+42 0 0 1
0.294273 8.29712e+47 8.29712e+47 8.29712e+47 8.29712e+47 8.29712e+47 0 0 4.89775e+50 5.47561e+44 4.64348e+42 0 0 1
0.339821 6.17748e+47 6.17748e+47 6.17748e+47 6.17748e+47 6.17748e+47 0 0 5.49942e+50 4.74168e+44 4.64348e+42 0 0 1
0.392419 4.6012e+47 4.6012e+47 4.6012e+47 4.6012e+47 4.6012e+47 0 0 6.14649e+50 4.10613e+44 4.64348e+42 0 0 1
0.453158 3.42863e+47 3.42863e+47 3.42863e+47 3.42863e+47 3.42863e+47 0 0 6.83242e+50 3.55576e+44 4.64348e+42 0 0 1
0.523299 2.55609e+47 2.55609e+47 2.55609e+47 2.55609e+47 2.55609e+47 0 0 7.5464e+50 3.07916e+44 4.64348e+42 0 0 1
0.604296 1.90656e+47 1.90656e+47 1.90656e+47 1.90656e+47 1.90656e+47 0 0 8.27218e+50 2.66644e+44 4.64348e+42 0 0 1
0.697831 1.42286e+47 1.42286e+47 1.42286e+47 1.42286e+47 1.42286e+47 0 0 8.98691e+50 2.30904e+44 4.64348e+42 0 0 1
0.805842 1.06249e+47 1.06249e+47 1.06249e+47 1.06249e+47 1.06249e+47 0 0 9.66016e+50 1.99954e+44 4.64348e+42 0 0 1
0.930572 7.93875e+46 7.93875e+46 7.93875e+46 7.93875e+46 7.93875e+46 0 0 1.02533e+51 1.73153e+44 4.64348e+42 0 0 1
1.07461 5.9356e+46 5.9356e+46 5.9356e+46 5.9356e+46 5.9356e+46 0 0 1.07198e+51 1.49944e+44 4.64348e+42 0 0 1
1.24094 4.44097e+46 4.44097e+46 4.44097e+46 4.44097e+46 4.44097e+46 0 0 1.10067e+51 1.29846e+44 4.64348e+42 0 0 1
1.43301 3.32512e+46 3.32512e+46 3.32512e+46 3.32513e+46 3.32513e+46 0 0 1.10591e+51 1.12442e+44 4.64348e+42 0 0 1
1.65482 2.49156e+46 2.49156e+46 2.49156e+46 2.49156e+46 2.49156e+46 0 0 1.08261e+51 9.73707e+43 4.64348e+42 0 0 1
1.91095 1.86847e+46 1.86847e+46 1.86847e+46 1.86847e+46 1.86847e+46 0 0 1.02712e+51 8.43194e+43 4.64348e+42 0 0 1
2.20673 1.40239e+46 1.40239e+46 1.40239e+46 1.40239e+46 1.40239e+46 0 0 9.38435e+50 7.30175e+43 4.64348e+42 0 0 1
2.5483 1.05351e+46 1.05351e+46 1.05351e+46 1.05351e+46 1.05351e+46 0 0 8.1946e+50 6.32304e+43 4.64348e+42 0 0 1
2.94273 7.92159e+45 7.92159e+45 7.92159e+45 7.92159e+45 7.92159e+45 0 0 6.77779e+50 5.47551e+43 4.64348e+42 0 0 1
3.39821 5.96219e+45 5.96219e+45 5.96219e+45 5.96219e+45 5.96219e+45 0 0 5.25431e+50 4.74158e+43 4.64348e+42 0 0 1
3.92419 4.49197e+45 4.49197e+45 4.49197e+45 4.49197e+45 4.49197e+45 0 0 3.77164e+50 4.10602e+43 4.64348e+42 0 0 1
4.53158 3.38783e+45 3.38783e+45 3.38783e+45 3.38783e+45 3.38783e+45 0 0 2.47222e+50 3.55565e+43 4.64348e+42 0 0 1
5.23299 2.55785e+45 2.55785e+45 2.55785e+45 2.55785e+45 2.55785e+45 0 0 1.45657e+50 3.07905e+43 4.64348e+42 0 0 1
6.04296 1.93336e+45 1.93336e+45 1.93336e+45 1.93336e+45 1.93336e+45 0 0 7.57726e+49 2.66634e+43 4.64348e+42 0 0 1
6.97831 1.46301e+45 1.46301e+45 1.46301e+45 1.46301e+45 1.46301e+45 0 0 3.41085e+49 2.30894e+43 4.64348e+42 0 0 1
8.05842 1.10839e+45 1.10839e+45 1.10839e+45 1.10839e+45 1.10839e+45 0 0 1.29842e+49 1.99944e+43 4.64348e+42 0 0 1
9.30572 8.40737e+44 8.40737e+44 8.40738e+44 8.40738e+44 8.40738e+44 0 0 4.07171e+48 1.73143e+43 4.64348e+42 0 0 1
10.7461 6.38498e+44 6.38498e+44 6.38498e+44 6.38498e+44 6.38498e+44 0 0 1.02062e+48 1.49934e+43 4.64348e+42 0 0 1
12.4094 4.85507e+44 4.85507e+44 4.85507e+44 4.85507e+44 4.85507e+44 0 0 1.97514e+47 1.29836e+43 4.64348e+42 0 0 1
14.3301 3.69635e+44 3.69635e+44 3.69636e+44 3.69636e+44 3.69636e+44 0 0 2.83521e+46 1.12432e+43 4.64348e+42 0 0 1
16.5482 2.81769e+44 2.81769e+44 2.81769e+44 2.81769e+44 2.81769e+44 0 0 2.88231e+45 9.73603e+42 4.64348e+42 0 0 1
19.1095 2.15055e+44 2.15055e+44 2.15056e+44 2.15056e+44 2.15056e+44 0 0 1.96733e+44 8.4309e+42 4.64348e+42 0 0 1
22.0673 1.64338e+44 1.64338e+44 1.64338e+44 1.64338e+44 1.64338e+44 0 0 8.47634e+42 7.3007e+42 4.64348e+42 0 0 1
25.483 1.25732e+44 1.25732e+44 1.25732e+44 1.25732e+44 1.25732e+44 0 0 2.1469e+41 6.32199e+42 4.64348e+42 0 0 1
29.4273 9.63063e+43 9.63063e+43 9.63064e+43 9.63064e+43 9.63064e+43 0 0 2.94425e+39 5.47446e+42 4.64348e+42 0 0 1
33.9821 7.38489e+43 7.38489e+43 7.38489e+43 7.38489e+43 7.38489e+43 0 0 1.98818e+37 4.74054e+42 4.64348e+42 0 0 1
39.2419 5.66873e+43 5.66873e+43 5.66873e+43 5.66873e+43 5.66873e+43 0 0 5.92423e+34 4.10498e+42 4.64348e+42 0 0 1
45.3158 4.35558e+43 4.35558e+43 4.35558e+43 4.35558e+43 4.35558e+43 0 0 6.8629e+31 3.55461e+42 4.64348e+42 0 0 1
52.3299 3.34954e+43 3.34954e+43 3.34954e+43 3.34954e+43 3.34954e+43 0 0 2.67041e+28 3.07801e+42 4.64348e+42 0 0 1
60.4296 2.57786e+43 2.57786e+43 2.57786e+43 2.57786e+43 2.57786e+43 0 0 2.94784e+24 2.66529e+42 4.64348e+42 0 0 1
69.7831 1.98525e+43 1.98525e+43 1.98525e+43 1.98525e+43 1.98525e+43 0 0 7.59622e+19 2.30789e+42 4.64348e+42 0 0 1
80.5842 1.52968e+43 1.52968e+43 1.52968e+43 1.52968e+43 1.52968e+43 0 0 3.64808e+14 1.9984e+42 4.64348e+42 0 0 1
93.0572 1.1791e+43 1.1791e+43 1.1791e+43 1.1791e+43 1.1791e+43 0 0 2.51751e+08 1.73039e+42 4.64348e+42 0 0 1
107.461 9.09079e+42 9.09079e+42 9.0908e+42 9.0908e+42 9.0908e+42 0 0 18.4885 1.4983e+42 4.64348e+42 0 0 1
124.094 7.00944e+42 7.00944e+42 7.00946e+42 7.00946e+42 7.00946e+42 0 0 1.02155e-07 1.29732e+42 4.64348e+42 0 0 1
143.301 5.4041e+42 5.4041e+42 5.40411e+42 5.40411e+42 5.40411e+42 0 0 2.84536e-17 1.12327e+42 4.64348e+42 0 0 1
165.482 4.16531e+42 4.16531e+42 4.16532e+42 4.16532e+42 4.16532e+42 0 0 2.51597e-28 9.7256e+41 4.64348e+42 0 0 1
191.095 3.20906e+42 3.20906e+42 3.20907e+42 3.20907e+42 3.20907e+42 0 0 4.14052e-41 8.42047e+41 4.64348e+42 0 0 1
220.673 2.47082e+42 2.47082e+42 2.47083e+42 2.47083e+42 2.47083e+42 0 0 6.84505e-56 7.29027e+41 4.64348e+42 0 0 1
254.83 1.90092e+42 1.90092e+42 1.90093e+42 1.90093e+42 1.90093e+42 0 0 5.57716e-73 6.31157e+41 4.64348e+42 0 0 1
294.273 1.46109e+42 1.46109e+42 1.4611e+42 1.4611e+42 1.4611e+42 0 0 9.84097e-93 5.46404e+41 4.64348e+42 0 0 1
339.821 1.1218e+42 1.1218e+42 1.1218e+42 1.1218e+42 1.1218e+42 0 0 1.45495e-115 4.73011e+41 4.64348e+42 0 0 1
392.419 8.60244e+41 8.60244e+41 8.60249e+41 8.60249e+41 8.60249e+41 0 0 6.02018e-142 4.09456e+41 4.64348e+42 0 0 1
453.158 6.5879e+41 6.5879e+41 6.58795e+41 6.58795e+41 6.58795e+41 0 0 1.96505e-172 3.54419e+41 4.64348e+42 0 0 1
523.299 5.03795e+41 5.03795e+41 5.03799e+41 5.03799e+41 5.03799e+41 0 0 1.17238e-207 3.06759e+41 4.64348e+42 0 0 1
604.296 3.84693e+41 3.84693e+41 3.84696e+41 3.84696e+41 3.84696e+41 0 0 2.36226e-248 2.65488e+41 4.64348e+42 0 0 1
697.831 2.93301e+41 2.93301e+41 2.93304e+41 2.93304e+41 2.93304e+41 0 0 0 2.29748e+41 4.64348e+42 0 0 1
805.842 2.2328e+41 2.2328e+41 2.23282e+41 2.23282e+41 2.23282e+41 0 0 0 1.98799e+41 4.64348e+42 0 0 1
930.572 1.6972e+41 1.6972e+41 1.69722e+41 1.69722e+41 1.69722e+41 0 0 0 1.71999e+41 4.64348e+42 0 0 1
1074.61 1.28821e+41 1.28821e+41 1.28823e+41 1.28823e+41 1.28823e+41 0 0 0 1.4879e+41 4.64348e+42 0 0 1
1240.94 9.76441e+40 9.76441e+40 9.76459e+40 9.76459e+40 9.76459e+40 0 0 0 1.28693e+41 4.64348e+42 0 0 1
1433.01 7.39184e+40 7.39184e+40 7.392e+40 7.392e+40 7.392e+40 0 0 0 1.1129e+41 4.64348e+42 0 0 1
1654.82 5.5893e+40 5.5893e+40 5.58944e+40 5.58944e+40 5.58944e+40 0 0 0 9.62191e+40 4.64348e+42 0 0 1
1910.95 4.22198e+40 4.22198e+40 4.2221e+40 4.2221e+40 4.2221e+40 0 0 0 8.31689e+40 4.64348e+42 0 0 1
2206.73 3.18631e+40 3.18631e+40 3.18642e+40 3.18642e+40 3.18642e+40 0 0 0 7.18681e+40 4.64348e+42 0 0 1
2548.3 2.40289e+40 2.40289e+40 2.40298e+40 2.40298e+40 2.40298e+40 0 0 0 6.20824e+40 4.64348e+42 0 0 1
2942.73 1.81097e+40 1.81097e+40 1.81105e+40 1.81105e+40 1.81105e+40 0 0 0 5.36088e+40 4.64348e+42 0 0 1
3398.21 1.3642e+40 1.3642e+40 1.36427e+40 1.36427e+40 1.36427e+40 0 0 0 4.62714e+40 4.64348e+42 0 0 1
3924.19 1.02727e+40 1.02727e+40 1.02733e+40 1.02733e+40 1.02733e+40 0 0 0 3.9918e+40 4.64348e+42 0 0 1
4531.58 7.73368e+39 7.73368e+39 7.7342e+39 7.7342e+39 7.7342e+39 0 0 0 3.44168e+40 4.64348e+42 0 0 1
5232.99 5.82135e+39 5.82135e+39 5.82178e+39 5.82178e+39 5.82178e+39 0 0 0 2.96538e+40 4.64348e+42 0 0 1
6042.96 4.3816e+39 4.3816e+39 4.38197e+39 4.38197e+39 4.38197e+39 0 0 0 2.55299e+40 4.64348e+42 0 0 1
6978.31 3.29798e+39 3.29798e+39 3.29831e+39 3.29831e+39 3.29831e+39 0 0 0 2.19598e+40 4.64348e+42 0 0 1
8058.42 2.48256e+39 2.48256e+39 2.48284e+39 2.48284e+39 2.48284e+39 0 0 0 1.88692e+40 4.64348e+42 0 0 1
9305.72 1.86899e+39 1.86899e+39 1.86923e+39 1.86923e+39 1.86923e+39 0 0 0 1.61941e+40 4.64348e+42 0 0 1
10746.1 1.40731e+39 1.40731e+39 1.40752e+39 1.40752e+39 1.40752e+39 0 0 0 1.3879e+40 4.64348e+42 0 0 1
12409.4 1.05988e+39 1.05988e+39 1.06006e+39 1.06006e+39 1.06006e+39 0 0 0 1.18758e+40 4.64348e+42 0 0 1
14330.1 7.98393e+38 7.98393e+38 7.98544e+38 7.98544e+38 7.98544e+38 0 0 0 1.01429e+40 4.64348e+42 0 0 1
16548.2 6.01541e+38 6.01541e+38 6.01671e+38 6.01671e+38 6.01671e+38 0 0 0 8.64445e+39 4.64348e+42 0 0 1
19109.5 4.53315e+38 4.53315e+38 4.53425e+38 4.53425e+38 4.53425e+38 0 0 0 7.3492e+39 4.64348e+42 0 0 1
22067.3 3.41671e+38 3.41671e+38 3.41765e+38 3.41765e+38 3.41765e+38 0 0 0 6.23025e+39 4.64348e+42 0 0 1
25483 2.57558e+38 2.57558e+38 2.57638e+38 2.57638e+38 2.57638e+38 0 0 0 5.26434e+39 4.64348e+42 0 0 1
29427.3 1.94169e+38 1.94169e+38 1.94236e+38 1.94236e+38 1.94236e+38 0 0 0 4.43132e+39 4.64348e+42 0 0 1
33982.1 1.46384e+38 1.46384e+38 1.46441e+38 1.46441e+38 1.46441e+38 0 0 0 3.71381e+39 4.64348e+42 0 0 1
39241.9 1.10353e+38 1.10353e+38 1.10401e+38 1.10401e+38 1.10401e+38 0 0 0 3.09677e+39 4.64348e+42 0 0 1
45315.8 8.31802e+37 8.31802e+37 8.32203e+37 8.32203e+37 8.32203e+37 0 0 0 2.56721e+39 4.64348e+42 0 0 1
52329.9 6.26844e+37 6.26844e+37 6.27177e+37 6.27177e+37 6.27177e+37 0 0 0 2.11391e+39 4.64348e+42 0 0 1
60429.6 4.72238e+37 4.72238e+37 4.72514e+37 4.72514e+37 4.72514e+37 0 0 0 1.72714e+39 4.64348e+42 0 0 1
69783.1 3.55616e+37 3.55616e+37 3.55843e+37 3.55843e+37 3.55843e+37 0 0 0 1.39852e+39 4.64348e+42 0 0 1
80584.2 2.67656e+37 2.67656e+37 2.67842e+37 2.67842e+37 2.67842e+37 0 0 0 1.12073e+39 4.64348e+42 0 0 1
93057.2 2.01329e+37 2.01329e+37 2.01479e+37 2.01479e+37 2.01479e+37 0 0 0 8.87418e+38 4.64348e+42 0 0 1
107461 1.51329e+37 1.51329e+37 1.51451e+37 1.51451e+37 1.51451e+37 0 0 0 6.93024e+38 4.64348e+42 0 0 1
124094 1.13656e+37 1.13656e+37 1.13753e+37 1.13753e+37 1.13753e+37 0 0 0 5.32636e+38 4.64348e+42 0 0 1
143301 8.52857e+36 8.52857e+36 8.53627e+36 8.53627e+36 8.53627e+36 0 0 0 4.01884e+38 4.64348e+42 0 0 1
165482 6.39359e+36 6.39359e+36 6.39965e+36 6.39965e+36 6.39965e+36 0 0 0 2.96839e+38 4.64348e+42 0 0 1
191095 4.78821e+36 4.78821e+36 4.79295e+36 4.79295e+36 4.79295e+36 0 0 0 2.13923e+38 4.64348e+42 0 0 1
220673 3.58214e+36 3.58214e+36 3.58581e+36 3.58581e+36 3.58581e+36 0 0 0 1.49851e+38 4.64348e+42 0 0 1
254830 2.67695e+36 2.67695e+36 2.67978e+36 2.67978e+36 2.67978e+36 0 0 0 1.01582e+38 4.64348e+42 0 0 1
294273 1.9983e+36 1.9983e+36 2.00047e+36 2.00047e+36 2.00047e+36 0 0 0 6.63011e+37 4.64348e+42 0 0 1
339821 1.49006e+36 1.49006e+36 1.4917e+36 1.4917e+36 1.4917e+36 0 0 0 4.14217e+37 4.64348e+42 0 0 1
392419 1.10988e+36 1.10988e+36 1.11111e+36 1.11111e+36 1.11111e+36 0 0 0 2.46034e+37 4.64348e+42 0 0 1
453158 8.2581e+35 8.2581e+35 8.26738e+35 8.26738e+35 8.26738e+35 0 0 0 1.37857e+37 4.64348e+42 0 0 1
523299 6.13809e+35 6.13809e+35 6.145e+35 6.145e+35 6.145e+35 5.69826e+27 1.41345e+32 0 7.22108e+36 4.64348e+42 0 0 1
604296 4.55774e+35 4.55774e+35 4.56284e+35 4.56284e+35 4.56284e+35 8.77746e+27 1.41955e+32 0 3.49936e+36 4.64348e+42 0 0 1
697831 3.38099e+35 3.38099e+35 3.38474e+35 3.38474e+35 3.38474e+35 1.18567e+28 1.42565e+32 0 1.55009e+36 4.64348e+42 0 0 1
805842 2.50573e+35 2.50573e+35 2.50847e+35 2.50847e+35 2.50847e+35 1.49359e+28 1.43176e+32 0 6.18967e+35 4.64348e+42 0 0 1
930572 1.85541e+35 1.85541e+35 1.8574e+35 1.8574e+35 1.8574e+35 1.80151e+28 1.43786e+32 0 2.19252e+35 4.64348e+42 0 0 1
1.07461e+06 1.37271e+35 1.37271e+35 1.37414e+35 1.37414e+35 1.37414e+35 2.28122e+28 1.44488e+32 0 6.76288e+34 4.64348e+42 0 0 1
1.24094e+06 1.01478e+35 1.01478e+35 1.01581e+35 1.01581e+35 1.01581e+35 3.06056e+28 1.4468e+32 0 1.77799e+34 4.64348e+42 0 0 1
1.43301e+06 7.49615e+34 7.49615e+34 7.50349e+34 7.50349e+34 7.50349e+34 4.08675e+28 1.44925e+32 0 3.88683e+33 4.64348e+42 0 0 1
1.65482e+06 5.53349e+34 5.53349e+34 5.5387e+34 5.5387e+34 5.5387e+34 5.44292e+28 1.45241e+32 0 6.86634e+32 4.64348e+42 0 0 1
1.91095e+06 4.08203e+34 4.08203e+34 4.0857e+34 4.0857e+34 4.0857e+34 7.3807e+28 1.4568e+32 0 9.48409e+31 4.64348e+42 0 0 1
2.20673e+06 3.00946e+34 3.00946e+34 3.01205e+34 3.01205e+34 3.01205e+34 9.8662e+28 1.46249e+32 0 9.85974e+30 4.64348e+42 0 0 1
2.5483e+06 2.21748e+34 2.21748e+34 2.21929e+34 2.21929e+34 2.21929e+34 1.31307e+29 1.46997e+32 0 7.38301e+29 4.64348e+42 0 0 1
2.94273e+06 1.63308e+34 1.63308e+34 1.63434e+34 1.63434e+34 1.63434e+34 1.74615e+29 1.47978e+32 0 3.7848e+28 4.64348e+42 0 0 1
3.39821e+06 1.20215e+34 1.20215e+34 1.20302e+34 1.20302e+34 1.20302e+34 2.37014e+29 1.49347e+32 0 1.25263e+27 4.64348e+42 0 0 1
3.92419e+06 8.8456e+33 8.8456e+33 8.85166e+33 8.85166e+33 8.85166e+33 3.18445e+29 1.51124e+32 0 2.50124e+25 4.64348e+42 0 0 1
4.53158e+06 6.50636e+33 6.50636e+33 6.51055e+33 6.51055e+33 6.51055e+33 4.28209e+29 1.53416e+32 0 2.78664e+23 4.64348e+42 0 0 1
5.23299e+06 4.78422e+33 4.78422e+33 4.78711e+33 4.78711e+33 4.78711e+33 5.74631e+29 1.56313e+32 0 1.5826e+21 4.64348e+42 0 0 1
6.04296e+06 3.51699e+33 3.51699e+33 3.51898e+33 3.51898e+33 3.51898e+33 7.81659e+29 1.60155e+32 0 4.12793e+18 4.64348e+42 0 0 1
6.97831e+06 2.58492e+33 2.58492e+33 2.58628e+33 2.58628e+33 2.58628e+33 1.04931e+30 1.64685e+32 0 4.38389e+15 4.64348e+42 0 0 1
8.05842e+06 1.89966e+33 1.89966e+33 1.9006e+33 1.9006e+33 1.9006e+33 1.39826e+30 1.70036e+32 0 1.6495e+12 4.64348e+42 0 0 1
9.30572e+06 1.39612e+33 1.39612e+33 1.39677e+33 1.39677e+33 1.39677e+33 1.85655e+30 1.76099e+32 0 1.87267e+08 4.64348e+42 0 0 1
1.07461e+07 1.02634e+33 1.02634e+33 1.02679e+33 1.02679e+33 1.02679e+33 2.47175e+30 1.83363e+32 0 5328.89 4.64348e+42 0 0 1
1.24094e+07 7.54957e+32 7.54957e+32 7.55263e+32 7.55263e+32 7.55263e+32 3.22214e+30 1.905e+32 0 0.030681 4.64348e+42 0 0 1
1.43301e+07 5.55964e+32 5.55964e+32 5.56176e+32 5.56176e+32 5.56176e+32 4.12443e+30 1.97472e+32 0 2.79092e-08 4.64348e+42 0 0 1
1.65482e+07 4.10223e+32 4.10223e+32 4.1037e+32 4.1037e+32 4.1037e+32 5.18442e+30 2.03945e+32 0 3.01466e-15 4.64348e+42 0 0 1
1.91095e+07 3.03696e+32 3.03696e+32 3.03798e+32 3.03798e+32 3.03798e+32 6.44712e+30 2.09525e+32 0 2.78039e-23 4.64348e+42 0 0 1
2.20673e+07 2.25907e+32 2.25907e+32 2.25979e+32 2.25979e+32 2.25979e+32 7.78997e+30 2.14339e+32 0 1.49606e-32 4.64348e+42 0 0 1
2.5483e+07 1.6927e+32 1.6927e+32 1.69321e+32 1.69321e+32 1.69321e+32 9.23706e+30 2.17717e+32 0 3.02527e-43 4.64348e+42 0 0 1
2.94273e+07 1.2808e+32 1.2808e+32 1.28117e+32 1.28117e+32 1.28117e+32 1.06758e+31 2.17759e+32 0 1.3835e-55 4.64348e+42 0 0 1
3.39821e+07 9.81975e+31 9.81975e+31 9.82248e+31 9.82248e+31 9.82248e+31 1.20743e+31 2.1387e+32 0 7.95958e-70 4.64348e+42 0 0 1
3.92419e+07 7.64376e+31 7.64376e+31 7.64581e+31 7.64581e+31 7.64581e+31 1.32661e+31 2.05943e+32 0 2.92659e-86 4.64348e+42 0 0 1
4.53158e+07 6.06333e+31 6.06333e+31 6.0649e+31 6.0649e+31 6.0649e+31 1.43e+31 1.95374e+32 0 3.14582e-105 4.64348e+42 0 0 1
5.23299e+07 4.90954e+31 4.90954e+31 4.91077e+31 4.91077e+31 4.91077e+31 1.51144e+31 1.83188e+32 0 4.0066e-127 4.64348e+42 0 0 1
6.04296e+07 4.05021e+31 4.05021e+31 4.0512e+31 4.0512e+31 4.0512e+31 1.55818e+31 1.68184e+32 0 2.13081e-152 4.64348e+42 0 0 1
6.97831e+07 3.39407e+31 3.39407e+31 3.39489e+31 3.39489e+31 3.39489e+31 1.56662e+31 1.50698e+32 0 1.41902e-181 4.64348e+42 0 0 1
8.05842e+07 2.88013e+31 2.88013e+31 2.88081e+31 2.88081e+31 2.88081e+31 1.5401e+31 1.31019e+32 0 2.94508e-215 4.64348e+42 0 0 1
9.30572e+07 2.46212e+31 2.46212e+31 2.4627e+31 2.4627e+31 2.4627e+31 1.47958e+31 1.09837e+32 0 3.82275e-254 4.64348e+42 0 0 1
1.07461e+08 2.10554e+31 2.10554e+31 2.10603e+31 2.10603e+31 2.10603e+31 1.38516e+31 8.83522e+31 0 0 4.64348e+42 29.9957 0 1
1.24094e+08 1.8034e+31 1.8034e+31 1.80382e+31 1.80382e+31 1.80382e+31 1.27527e+31 6.99343e+31 0 0 4.64348e+42 26.3518 0 1
1.43301e+08 1.53638e+31 1.53638e+31 1.53674e+31 1.53674e+31 1.53674e+31 1.14923e+31 5.43751e+31 0 0 4.64348e+42 23.1505 0 1
1.65482e+08 1.29504e+31 1.29504e+31 1.29534e+31 1.29534e+31 1.29534e+31 1.01125e+31 4.1605e+31 0 0 4.64348e+42 20.3381 0 1
1.91095e+08 1.06762e+31 1.06762e+31 1.06787e+31 1.06787e+31 1.06787e+31 8.59588e+30 3.10192e+31 0 0 4.64348e+42 17.8673 0 1
2.20673e+08 8.72672e+30 8.72672e+30 8.72878e+30 8.72878e+30 8.72878e+30 7.20161e+30 2.32479e+31 0 0 4.64348e+42 15.6967 0 1
2.5483e+08 7.02949e+30 7.02949e+30 7.03118e+30 7.03118e+30 7.03118e+30 5.91111e+30 1.72274e+31 0 0 4.64348e+42 13.7898 0 1
2.94273e+08 5.57301e+30 5.57301e+30 5.57436e+30 5.57436e+30 5.57436e+30 4.7525e+30 1.26251e+31 0 0 4.64348e+42 12.1146 0 1
3.39821e+08 4.30645e+30 4.30645e+30 4.30751e+30 4.30751e+30 4.30751e+30 3.70407e+30 9.0882e+30 0 0 4.64348e+42 11.1124 0 1
3.92419e+08 3.31936e+30 3.31936e+30 3.32019e+30 3.32019e+30 3.32019e+30 2.8768e+30 6.64899e+30 0 0 4.64348e+42 10.6429 0 1
4.53158e+08 2.52583e+30 2.52583e+30 2.52647e+30 2.52647e+30 2.52647e+30 2.20041e+30 4.84212e+30 0 0 4.64348e+42 10.1932 0 1
5.23299e+08 1.89363e+30 1.89363e+30 1.89412e+30 1.89412e+30 1.89412e+30 1.65417e+30 3.51161e+30 0 0 4.64348e+42 9.76247 0 1
6.04296e+08 1.40334e+30 1.40334e+30 1.40371e+30 1.40371e+30 1.40371e+30 1.227e+30 2.51983e+30 0 0 4.64348e+42 9.34996 0 1
6.97831e+08 1.05188e+30 1.05188e+30 1.05216e+30 1.05216e+30 1.05216e+30 9.21958e+29 1.84548e+30 0 0 4.64348e+42 8.95488 0 1
8.05842e+08 7.84368e+29 7.84368e+29 7.84583e+29 7.84583e+29 7.84583e+29 6.88602e+29 1.34935e+30 0 0 4.64348e+42 8.57649 0 1
9.30572e+08 5.81227e+29 5.81227e+29 5.81389e+29 5.81389e+29 5.81389e+29 5.10603e+29 9.84234e+29 0 0 4.64348e+42 8.21409 0 1
1.07461e+09 4.25678e+29 4.25678e+29 4.25799e+29 4.25799e+29 4.25799e+29 3.73565e+29 7.07758e+29 0 0 4.64348e+42 8.2437 0 1
1.24094e+09 3.18008e+29 3.18008e+29 3.181e+29 3.181e+29 3.181e+29 2.79535e+29 5.20736e+29 0 0 4.64348e+42 8.66956 0 1
1.43301e+09 2.37906e+29 2.37906e+29 2.37977e+29 2.37977e+29 2.37977e+29 2.09486e+29 3.82108e+29 0 0 4.64348e+42 9.11742 0 1
1.65482e+09 1.77487e+29 1.77487e+29 1.77541e+29 1.77541e+29 1.77541e+29 1.5648e+29 2.7954e+29 0 0 4.64348e+42 9.58842 0 1
1.91095e+09 1.30973e+29 1.30973e+29 1.31013e+29 1.31013e+29 1.31013e+29 1.15436e+29 2.01155e+29 0 0 4.64348e+42 10.0837 0 1
2.20673e+09 9.84702e+28 9.84702e+28 9.85011e+28 9.85011e+28 9.85011e+28 8.6976e+28 1.48324e+29 0 0 4.64348e+42 10.6047 0 1
2.5483e+09 7.38439e+28 7.38439e+28 7.38676e+28 7.38676e+28 7.38676e+28 6.53383e+28 1.09065e+29 0 0 4.64348e+42 11.1525 0 1
2.94273e+09 5.51452e+28 5.51452e+28 5.51633e+28 5.51633e+28 5.51633e+28 4.88505e+28 7.99414e+28 0 0 4.64348e+42 11.7286 0 1
3.39821e+09 4.05291e+28 4.05291e+28 4.05426e+28 4.05426e+28 4.05426e+28 3.5871e+28 5.76344e+28 0 0 4.64348e+42 12.3345 0 1
3.92419e+09 3.03913e+28 3.03913e+28 3.04016e+28 3.04016e+28 3.04016e+28 2.69458e+28 4.2528e+28 0 0 4.64348e+42 12.9717 0 1
4.53158e+09 2.27216e+28 2.27216e+28 2.27295e+28 2.27295e+28 2.27295e+28 2.01749e+28 3.12692e+28 0 0 4.64348e+42 13.6418 0 1
5.23299e+09 1.69332e+28 1.69332e+28 1.69392e+28 1.69392e+28 1.69392e+28 1.50528e+28 2.28975e+28 0 0 4.64348e+42 14.3465 0 1
6.04296e+09 1.23934e+28 1.23934e+28 1.23979e+28 1.23979e+28 1.23979e+28 1.1007e+28 1.65059e+28 0 0 4.64348e+42 15.0877 0 1
6.97831e+09 9.27262e+27 9.27262e+27 9.27601e+27 9.27601e+27 9.27601e+27 8.25266e+27 1.21664e+28 0 0 4.64348e+42 15.8671 0 1
8.05842e+09 6.91546e+27 6.91546e+27 6.91804e+27 6.91804e+27 6.91804e+27 6.1671e+27 8.94322e+27 0 0 4.64348e+42 16.6868 0 1
9.30572e+09 5.12674e+27 5.12674e+27 5.12868e+27 5.12868e+27 5.12868e+27 4.57949e+27 6.5556e+27 0 0 4.64348e+42 17.5488 0 1
1.07461e+10 3.73965e+27 3.73965e+27 3.74109e+27 3.74109e+27 3.74109e+27 3.34106e+27 4.74055e+27 0 0 4.64348e+42 19.6901 0 1
1.24094e+10 2.77435e+27 2.77435e+27 2.77544e+27 2.77544e+27 2.77544e+27 2.48546e+27 3.50588e+27 0 0 4.64348e+42 23.5707 0 1
1.43301e+10 2.04596e+27 2.04596e+27 2.04678e+27 2.04678e+27 2.04678e+27 1.83772e+27 2.5863e+27 0 0 4.64348e+42 28.2161 0 1
1.65482e+10 1.50377e+27 1.50377e+27 1.50438e+27 1.50438e+27 1.50438e+27 1.35457e+27 1.90208e+27 0 0 4.64348e+42 33.7771 0 1
1.91095e+10 1.08593e+27 1.08593e+27 1.08638e+27 1.08638e+27 1.08638e+27 9.79716e+26 1.37561e+27 0 0 4.64348e+42 40.434 0 1
2.20673e+10 7.9999e+26 7.9999e+26 8.00326e+26 8.00326e+26 8.00326e+26 7.24951e+26 1.018e+27 0 0 4.64348e+42 48.403 34.7254 1
2.5483e+10 5.87098e+26 5.87098e+26 5.87349e+26 5.87349e+26 5.87349e+26 5.34632e+26 7.50862e+26 0 0 4.64348e+42 57.9425 22.9578 1
2.94273e+10 4.28996e+26 4.28996e+26 4.29185e+26 4.29185e+26 4.29185e+26 3.93114e+26 5.51903e+26 0 0 4.64348e+42 69.3621 15.5417 1
3.39821e+10 3.06721e+26 3.06721e+26 3.06865e+26 3.06865e+26 3.06865e+26 2.83632e+26 3.98287e+26 0 0 4.64348e+42 83.0323 10.7604 1
3.92419e+10 2.2231e+26 2.2231e+26 2.2243e+26 2.2243e+26 2.2243e+26 2.10195e+26 2.94769e+26 0 0 4.64348e+42 99.3967 7.61059 1
4.53158e+10 1.5719e+26 1.5719e+26 1.573e+26 1.573e+26 1.573e+26 1.55429e+26 2.17615e+26 0 0 4.64348e+42 118.986 5.49245 1
5.23299e+10 1.06752e+26 1.06752e+26 1.06861e+26 1.06861e+26 1.06861e+26 1.14743e+26 1.60203e+26 0 0 4.64348e+42 142.437 4.04008 1
6.04296e+10 6.77246e+25 6.77246e+25 6.78351e+25 6.78351e+25 6.78351e+25 8.33021e+25 1.15777e+26 0 0 4.64348e+42 170.509 3.02568 1
6.97831e+10 4.16907e+25 4.16907e+25 4.18005e+25 4.18005e+25 4.18005e+25 6.20635e+25 8.58906e+25 0 0 4.64348e+42 204.114 2.3047 1
8.05842e+10 2.45592e+25 2.45592e+25 2.46608e+25 2.46608e+25 2.46608e+25 4.61144e+25 6.35678e+25 0 0 4.64348e+42 244.341 1.78376 1
9.30572e+10 1.41376e+25 1.41376e+25 1.42254e+25 1.42254e+25 1.42254e+25 3.41685e+25 4.69099e+25 0 0 4.64348e+42 292.497 1.40144 1
1.07461e+11 7.98809e+24 7.98809e+24 8.05894e+24 8.05894e+24 8.05894e+24 2.48379e+25 3.39496e+25 0 0 4.64348e+42 350.144 1.11671 1
1.24094e+11 4.68378e+24 4.68378e+24 4.74024e+24 4.74024e+24 4.74024e+24 1.84963e+25 2.52161e+25 0 0 4.64348e+42 419.152 0.901709 1
1.43301e+11 2.79834e+24 2.79834e+24 2.84214e+24 2.84214e+24 2.84214e+24 1.37256e+25 1.8676e+25 0 0 4.64348e+42 501.761 0.737233 1
1.65482e+11 1.70895e+24 1.70895e+24 1.74228e+24 1.74228e+24 1.74228e+24 1.01456e+25 1.37855e+25 0 0 4.64348e+42 600.651 0.609868 1
1.91095e+11 1.05136e+24 1.05136e+24 1.07599e+24 1.07599e+24 1.07599e+24 7.35317e+24 9.97134e+24 0 0 4.64348e+42 719.03 0.510106 1
2.20673e+11 6.79882e+23 6.79882e+23 6.98401e+23 6.98401e+23 6.98401e+23 5.46302e+24 7.40264e+24 0 0 4.64348e+42 860.74 0.431129 1
2.5483e+11 4.49036e+23 4.49036e+23 4.62854e+23 4.62854e+23 4.62854e+23 4.04537e+24 5.47895e+24 0 0 4.64348e+42 1030.38 0.367983 1
2.94273e+11 3.02302e+23 3.02303e+23 3.12547e+23 3.12547e+23 3.12547e+23 2.98545e+24 4.04093e+24 0 0 4.64348e+42 1233.45 0.317029 1
3.39821e+11 2.03827e+23 2.03827e+23 2.11264e+23 2.11264e+23 2.11264e+23 2.16119e+24 2.91938e+24 0 0 4.64348e+42 0 0.275565 1
3.92419e+11 1.43532e+23 1.43532e+23 1.49059e+23 1.49059e+23 1.49059e+23 1.60452e+24 2.16511e+24 0 0 4.64348e+42 0 0.241562 1
4.53158e+11 1.02455e+23 1.02455e+23 1.06546e+23 1.06546e+23 1.06546e+23 1.18738e+24 1.60059e+24 0 0 4.64348e+42 0 0.213483 1
5.23299e+11 7.39912e+22 7.39912e+22 7.70066e+22 7.70066e+22 7.70066e+22 8.7568e+23 1.17892e+24 0 0 4.64348e+42 0 0.190154 1
6.04296e+11 5.31066e+22 5.31066e+22 5.5285e+22 5.5285e+22 5.5285e+22 6.33162e+23 8.50191e+23 0 0 4.64348e+42 0 0.170669 1
6.97831e+11 3.95641e+22 3.95641e+22 4.11773e+22 4.11773e+22 4.11773e+22 4.69622e+23 6.29511e+23 0 0 4.64348e+42 0 0.154323 1
8.05842e+11 2.96919e+22 2.96919e+22 3.08822e+22 3.08822e+22 3.08822e+22 3.47154e+23 4.64532e+23 0 0 4.64348e+42 0 0.140565 1
9.30572e+11 2.24152e+22 2.24152e+22 2.32899e+22 2.32899e+22 2.32899e+22 2.55711e+23 3.41455e+23 0 0 4.64348e+42 0 0.12896 1
1.07461e+12 1.67215e+22 1.67215e+22 1.73513e+22 1.73513e+22 1.73513e+22 1.84568e+23 2.45596e+23 0 0 4.64348e+42 0 0.119166 1
1.24094e+12 1.28919e+22 1.28919e+22 1.33568e+22 1.33568e+22 1.33568e+22 1.36686e+23 1.81411e+23 0 0 4.64348e+42 0 0.110908 1
1.43301e+12 9.96846e+21 9.96846e+21 1.03103e+22 1.03103e+22 1.03103e+22 1.0087e+23 1.33511e+23 0 0 4.64348e+42 0 0.103969 1
1.65482e+12 7.72221e+21 7.72221e+21 7.97247e+21 7.97247e+21 7.97247e+21 7.4158e+22 9.78453e+22 0 0 4.64348e+42 0 0.098177 1
1.91095e+12 5.88692e+21 5.88692e+21 6.06623e+21 6.06623e+21 6.06623e+21 5.33905e+22 7.01105e+22 0 0 4.64348e+42 0 0.0933933 1
2.20673e+12 4.62484e+21 4.62485e+21 4.7566e+21 4.7566e+21 4.7566e+21 3.94486e+22 5.16082e+22 0 0 4.64348e+42 0 0.0895108 1
2.5483e+12 3.63262e+21 3.63262e+21 3.72899e+21 3.72899e+21 3.72899e+21 2.90376e+22 3.78362e+22 0 0 4.64348e+42 0 0.0864461 1
2.94273e+12 2.85037e+21 2.85037e+21 2.92052e+21 2.92052e+21 2.92052e+21 2.12883e+22 2.76117e+22 0 0 4.64348e+42 0 0.0841374 1
3.39821e+12 2.19377e+21 2.19377e+21 2.24368e+21 2.24368e+21 2.24368e+21 1.52703e+22 1.96784e+22 0 0 4.64348e+42 0 0.082541 1
3.92419e+12 1.73684e+21 1.73684e+21 1.77326e+21 1.77326e+21 1.77326e+21 1.12453e+22 1.44147e+22 0 0 4.64348e+42 0 0.08163 1
4.53158e+12 1.37156e+21 1.37157e+21 1.398e+21 1.398e+21 1.398e+21 8.24724e+21 1.05114e+22 0 0 4.64348e+42 0 0.0813928 1
5.23299e+12 1.07958e+21 1.07959e+21 1.09867e+21 1.09867e+21 1.09867e+21 6.02192e+21 7.62565e+21 0 0 4.64348e+42 0 0.0818329 1
6.04296e+12 8.31063e+20 8.31063e+20 8.44508e+20 8.44508e+20 8.44508e+20 4.29706e+21 5.39378e+21 0 0 4.64348e+42 0 0.0829683 1
6.97831e+12 6.57371e+20 6.57372e+20 6.67088e+20 6.67088e+20 6.67088e+20 3.14953e+21 3.92433e+21 0 0 4.64348e+42 0 0.0848322 1
8.05842e+12 5.17623e+20 5.17624e+20 5.24602e+20 5.24602e+20 5.24602e+20 2.29791e+21 2.84055e+21 0 0 4.64348e+42 0 0.0874729 1
9.30572e+12 4.05459e+20 4.05459e+20 4.1044e+20 4.1044e+20 4.1044e+20 1.66834e+21 2.04401e+21 0 0 4.64348e+42 0 0.0909553 1
1.07461e+13 3.09673e+20 3.09673e+20 3.13135e+20 3.13135e+20 3.13135e+20 1.18176e+21 1.43073e+21 0 0 4.64348e+42 0 0.0953611 1
1.24094e+13 2.42898e+20 2.42898e+20 2.45368e+20 2.45368e+20 2.45368e+20 8.60495e+20 1.03136e+21 0 0 4.64348e+42 0 0.10079 1
1.43301e+13 1.89299e+20 1.893e+20 1.91049e+20 1.91049e+20 1.91049e+20 6.23319e+20 7.39026e+20 0 0 4.64348e+42 0 0.10736 1
1.65482e+13 1.46473e+20 1.46473e+20 1.47703e+20 1.47703e+20 1.47703e+20 4.48971e+20 5.25933e+20 0 0 4.64348e+42 0 0.115206 1
1.91095e+13 1.10128e+20 1.10128e+20 1.10969e+20 1.10969e+20 1.10969e+20 3.14807e+20 3.62901e+20 0 0 4.64348e+42 0 0.12448 1
2.20673e+13 8.5034e+19 8.50342e+19 8.56236e+19 8.56236e+19 8.56236e+19 2.27157e+20 2.58345e+20 0 0 4.64348e+42 0 0.135345 1
2.5483e+13 6.51101e+19 6.51103e+19 6.55205e+19 6.55205e+19 6.55205e+19 1.62923e+20 1.82611e+20 0 0 4.64348e+42 0 0.147968 1
2.94273e+13 4.94005e+19 4.94007e+19 4.96838e+19 4.96838e+19 4.96838e+19 1.16087e+20 1.28034e+20 0 0 4.64348e+42 0 0.162507 1
3.39821e+13 3.62673e+19 3.62675e+19 3.64566e+19 3.64566e+19 3.64566e+19 8.02608e+19 8.66378e+19 0 0 4.64348e+42 0 0.179093 1
3.92419e+13 2.73646e+19 2.73648e+19 2.74947e+19 2.74947e+19 2.74947e+19 5.72031e+19 6.06488e+19 0 0 4.64348e+42 0 0.197804 1
4.53158e+13 2.04341e+19 2.04343e+19 2.05229e+19 2.05229e+19 2.05229e+19 4.0478e+19 4.20937e+19 0 0 4.64348e+42 0 0.218621 1
5.23299e+13 1.5089e+19 1.50893e+19 1.5149e+19 1.5149e+19 1.5149e+19 2.84196e+19 2.89304e+19 0 0 4.64348e+42 0 0.241387 1
6.04296e+13 1.07245e+19 1.07247e+19 1.07635e+19 1.07635e+19 1.07635e+19 1.92732e+19 1.90642e+19 0 0 4.64348e+42 0 0.265741 1
6.97831e+13 7.84903e+18 7.8492e+18 7.87527e+18 7.87527e+18 7.87527e+18 1.35081e+19 1.30493e+19 0 0 4.64348e+42 0 0.291055 1
8.05842e+13 5.67358e+18 5.67373e+18 5.69105e+18 5.69105e+18 5.69105e+18 9.3856e+18 8.83903e+18 0 0 4.64348e+42 0 0.316368 1
9.30572e+13 4.04677e+18 4.04689e+18 4.05827e+18 4.05827e+18 4.05827e+18 6.45949e+18 5.91561e+18 0 0 4.64348e+42 0 0.340344 1
1.07461e+14 2.75902e+18 2.75913e+18 2.7663e+18 2.7663e+18 2.7663e+18 4.26593e+18 3.75985e+18 0 0 4.64348e+42 0 0 1
1.24094e+14 1.94397e+18 1.94408e+18 1.94876e+18 1.94876e+18 1.94876e+18 2.92293e+18 2.4978e+18 0 0 4.64348e+42 0 0 1
1.43301e+14 1.34975e+18 1.34989e+18 1.35291e+18 1.35291e+18 1.35291e+18 1.98135e+18 1.63794e+18 0 0 4.64348e+42 0 0 1
1.65482e+14 9.22502e+17 9.22693e+17 9.2462e+17 9.2462e+17 9.2462e+17 1.32732e+18 1.0581e+18 0 0 4.64348e+42 0 0 1
1.91095e+14 5.96842e+17 5.97099e+17 5.98266e+17 5.98266e+17 5.98266e+17 8.45074e+17 6.40033e+17 0 0 4.64348e+42 0 0 1
2.20673e+14 4.01391e+17 4.01729e+17 4.02467e+17 4.02467e+17 4.02467e+17 5.61519e+17 4.08591e+17 0 0 4.64348e+42 0 0 1
2.5483e+14 2.65251e+17 2.65657e+17 2.66118e+17 2.66118e+17 2.66118e+17 3.6809e+17 2.5662e+17 0 0 4.64348e+42 0 0 1
2.94273e+14 1.72014e+17 1.72455e+17 1.72738e+17 1.72738e+17 1.72738e+17 2.3773e+17 1.58157e+17 0 0 4.64348e+42 0 0 1
3.39821e+14 1.04072e+17 1.04489e+17 1.04652e+17 1.04652e+17 1.04652e+17 1.43806e+17 8.93307e+16 0 0 4.64348e+42 0 0 1
3.92419e+14 6.60794e+16 6.64658e+16 6.65647e+16 6.65647e+16 6.65647e+16 9.16373e+16 5.40772e+16 0 0 4.64348e+42 0 0 1
4.53158e+14 4.10833e+16 4.14145e+16 4.14735e+16 4.14735e+16 4.14735e+16 5.73842e+16 3.2068e+16 0 0 4.64348e+42 0 0 1
5.23299e+14 2.49766e+16 2.52405e+16 2.52751e+16 2.52751e+16 2.52751e+16 3.52559e+16 1.85652e+16 0 0 4.64348e+42 0 0 1
6.04296e+14 1.38592e+16 1.40428e+16 1.40613e+16 1.40613e+16 1.40613e+16 1.98303e+16 9.52566e+15 0 0 4.64348e+42 0 0 1
6.97831e+14 8.20173e+15 8.33278e+15 8.34346e+15 8.34346e+15 8.34346e+15 1.19282e+16 5.37124e+15 0 0 4.64348e+42 0 0 1
8.05842e+14 4.73225e+15 4.82044e+15 4.82644e+15 4.82644e+15 4.82644e+15 7.01228e+15 2.95073e+15 0 0 4.64348e+42 0 0 1
9.30572e+14 2.65806e+15 2.71414e+15 2.71743e+15 2.71743e+15 2.71743e+15 4.0214e+15 1.57214e+15 0 0 4.64348e+42 0 0 1
1.07461e+15 1.31486e+15 1.34546e+15 1.34706e+15 1.34706e+15 1.34706e+15 2.03461e+15 7.03493e+14 0 0 4.64348e+42 0 0 1
1.24094e+15 7.12317e+14 7.30186e+14 7.31037e+14 7.31037e+14 7.31037e+14 1.12904e+15 3.60687e+14 0 0 4.64348e+42 0 0 1
1.43301e+15 3.73675e+14 3.83577e+14 3.84016e+14 3.84016e+14 3.84016e+14 6.07419e+14 1.78968e+14 0 0 4.64348e+42 0 0 1
1.65482e+15 1.89568e+14 1.9478e+14 1.95e+14 1.95e+14 1.95e+14 3.16334e+14 8.54162e+13 0 0 4.64348e+42 0 0 1
1.91095e+15 7.96831e+13 8.19199e+13 8.20113e+13 8.20113e+13 8.20113e+13 1.36605e+14 3.13184e+13 0 0 4.64348e+42 0 0 1
2.20673e+15 3.83436e+13 3.94273e+13 3.94708e+13 3.94708e+13 3.94708e+13 6.7571e+13 1.41183e+13 0 0 4.64348e+42 0 0 1
2.5483e+15 1.76592e+13 1.81554e+13 1.81752e+13 1.81752e+13 1.81752e+13 3.2002e+13 6.11139e+12 0 0 4.64348e+42 0 0 1
2.94273e+15 7.78876e+12 8.00392e+12 8.01262e+12 8.01262e+12 8.01262e+12 1.45183e+13 2.52045e+12 0 0 4.64348e+42 0 0 1
3.39821e+15 2.56444e+12 2.63339e+12 2.63624e+12 2.63624e+12 2.63624e+12 4.91722e+12 6.83756e+11 0 0 4.64348e+42 0 0 1
3.92419e+15 1.04255e+12 1.0696e+12 1.07075e+12 1.07075e+12 1.07075e+12 2.05628e+12 2.57569e+11 0 0 4.64348e+42 0 0 1
4.53158e+15 3.9699e+11 4.06846e+11 4.07283e+11 4.07283e+11 4.07283e+11 8.05265e+11 9.24186e+10 0 0 4.64348e+42 0 0 1
5.23299e+15 1.42151e+11 1.45505e+11 1.45661e+11 1.45661e+11 1.45661e+11 2.96451e+11 3.14305e+10 0 0 4.64348e+42 0 0 1
6.04296e+15 3.2207e+10 3.29246e+10 3.29599e+10 3.29599e+10 3.29599e+10 6.90257e+10 5.26293e+09 0 0 4.64348e+42 0 0 1
6.97831e+15 1.01868e+10 1.03999e+10 1.04111e+10 1.04111e+10 1.04111e+10 2.24246e+10 1.51551e+09 0 0 4.64348e+42 0 0 1
8.05842e+15 2.89152e+09 2.94802e+09 2.95119e+09 2.95119e+09 2.95119e+09 6.53378e+09 4.1027e+08 0 0 4.64348e+42 0 0 1
9.30572e+15 7.31493e+08 7.44781e+08 7.45582e+08 7.45582e+08 7.45582e+08 1.69544e+09 1.06759e+08 0 0 4.64348e+42 0 0 1
1.07461e+16 9.37896e+07 9.53673e+07 9.547e+07 9.547e+07 9.547e+07 2.22795e+08 8.43105e+06 0 0 4.64348e+42 0 0 1
1.24094e+16 1.99766e+07 2.02866e+07 2.03085e+07 2.03085e+07 2.03085e+07 4.85914e+07 1.57976e+06 0 0 4.64348e+42 0 0 1
1.43301e+16 3.5456e+06 3.59618e+06 3.60008e+06 3.60008e+06 3.60008e+06 8.82258e+06 264075 0 0 4.64348e+42 0 0 1
1.65482e+16 490977 497396 497937 497937 497937 1.24849e+06 43278.2 0 0 4.64348e+42 0 0 1
1.91095e+16 25179.3 25480.2 25508 25508 25508 65359.7 1226.59 0 0 4.64348e+42 0 0 1
2.20673e+16 2740.25 2770.11 2773.14 2773.14 2773.14 7252.78 113.057 0 0 4.64348e+42 0 0 1
2.5483e+16 218.688 220.855 221.098 221.098 221.098 589.487 7.96442 0 0 4.64348e+42 0 0 1
2.94273e+16 11.5653 11.6693 11.6822 11.6822 11.6822 31.7112 0.507831 0 0 4.64348e+42 0 0 1
3.39821e+16 0.122797 0.123798 0.123935 0.123935 0.123935 0.342067 0.00344992 0 0 4.64348e+42 0 0 1
3.92419e+16 0.00422348 0.0042546 0.00425935 0.00425935 0.00425935 0.0119375 9.78989e-05 0 0 4.64348e+42 0 0 1
4.53158e+16 7.94009e-05 7.99291e-05 8.00188e-05 8.00188e-05 8.00188e-05 0.000227423 1.60982e-06 0 0 4.64348e+42 0 0 1
5.23299e+16 7.7546e-07 7.8011e-07 7.8099e-07 7.8099e-07 7.8099e-07 2.24791e-06 1.58367e-08 0 0 4.64348e+42 0 0 1
6.04296e+16 6.99337e-10 7.03112e-10 7.03909e-10 7.03909e-10 7.03909e-10 2.04908e-09 1.27122e-11 0 0 4.64348e+42 0 0 1
6.97831e+16 2.40372e-12 2.41538e-12 2.41814e-12 2.41814e-12 2.41814e-12 7.10974e-12 4.18233e-14 0 0 4.64348e+42 0 0 1
8.05842e+16 2.51862e-15 2.52959e-15 2.53249e-15 2.53249e-15 2.53249e-15 7.51069e-15 4.31148e-17 0 0 4.64348e+42 0 0 1
9.30572e+16 0 0 0 0 0 0 0 0 0 4.64348e+42 0 0 1