
1.07461e-07 0 0 3.89666e+35 4.09245e+49 5.99322e+57 0 0 2.01832e+43 0 4.64348e+42 0 0 0
1.24094e-07 0 0 3.27112e+37 4.53559e+49 5.22353e+57 0 0 2.33072e+43 0 4.64348e+42 0 0 0
1.43301e-07 0 0 1.53175e+39 5.00809e+49 4.53531e+57 0 0 2.69148e+43 0 4.64348e+42 0 0 0
1.65482e-07 0 0 4.32403e+40 5.50881e+49 3.92228e+57 0 0 3.10807e+43 0 4.64348e+42 0 0 0
1.91095e-07 0 0 7.87117e+41 6.03657e+49 3.37871e+57 0 0 3.58914e+43 0 4.64348e+42 0 0 0
2.20673e-07 0 0 9.79524e+42 6.59065e+49 2.89928e+57 0 0 4.14468e+43 0 4.64348e+42 0 0 0
2.5483e-07 0 0 8.7675e+43 7.17141e+49 2.47901e+57 0 0 4.7862e+43 0 4.64348e+42 0 0 0
2.94273e-07 0 0 5.89981e+44 7.78127e+49 2.11316e+57 0 0 5.52701e+43 0 4.64348e+42 0 0 0
3.39821e-07 0 0 3.10232e+45 8.42574e+49 1.79716e+57 0 0 6.3825e+43 0 4.64348e+42 0 0 0
3.92419e-07 0 0 1.31864e+46 9.11476e+49 1.5265e+57 0 0 7.37039e+43 0 4.64348e+42 0 0 0
4.53158e-07 0 0 4.66737e+46 9.86381e+49 1.29671e+57 0 0 8.5112e+43 0 4.64348e+42 0 0 0
5.23299e-07 0 0 1.41212e+47 1.06949e+50 1.10331e+57 0 0 9.82858e+43 0 4.64348e+42 0 0 0
6.04296e-07 0 0 3.7365e+47 1.1637e+50 9.41806e+56 0 0 1.13499e+44 0 4.64348e+42 0 0 0
6.97831e-07 0 0 8.82056e+47 1.27254e+50 8.07776e+56 0 0 1.31066e+44 0 4.64348e+42 0 0 0
8.05842e-07 0 0 1.88959e+48 1.40003e+50 6.96905e+56 0 0 1.51353e+44 0 4.64348e+42 0 0 0
9.30572e-07 0 0 3.72646e+48 1.55042e+50 6.0512e+56 0 0 1.7478e+44 0 4.64348e+42 0 0 0
1.07461e-06 0 0 6.84537e+48 1.72793e+50 5.28714e+56 0 0 2.01832e+44 0 4.64348e+42 0 0 0
1.24094e-06 0 0 1.18254e+49 1.93647e+50 4.64458e+56 0 0 2.33072e+44 0 4.64348e+42 0 0 0
1.43301e-06 0 0 1.93607e+49 2.17956e+50 4.09686e+56 0 0 2.69148e+44 0 4.64348e+42 0 0 0
1.65482e-06 0 0 3.02349e+49 2.46051e+50 3.62317e+56 0 0 3.10807e+44 0 4.64348e+42 0 0 0
1.91095e-06 0 0 4.5289e+49 2.78271e+50 3.20818e+56 0 0 3.58914e+44 0 4.64348e+42 0 0 0
2.20673e-06 0 0 6.53959e+49 3.15023e+50 2.84114e+56 0 0 4.14468e+44 0 4.64348e+42 0 0 0
2.5483e-06 0 0 9.14516e+49 3.56832e+50 2.51471e+56 0 0 4.7862e+44 0 4.64348e+42 0 0 0
2.94273e-06 0 0 1.24388e+50 4.04391e+50 2.22378e+56 0 0 5.52701e+44 0 4.64348e+42 0 0 0
3.39821e-06 0 0 1.65208e+50 4.58588e+50 1.96457e+56 0 0 6.38249e+44 0 4.64348e+42 0 0 0
3.92419e-06 0 0 2.15025e+50 5.20536e+50 1.73396e+56 0 0 7.37039e+44 0 4.64348e+42 0 0 0
4.53158e-06 0 0 2.75122e+50 5.91593e+50 1.52921e+56 0 0 8.51119e+44 0 4.64348e+42 0 0 0
5.23299e-06 0 0 3.47005e+50 6.7339e+50 1.3478e+56 0 0 9.82857e+44 0 4.64348e+42 0 0 0
6.04296e-06 0 0 4.32457e+50 7.67857e+50 1.18733e+56 0 0 1.13499e+45 0 4.64348e+42 0 0 0
6.97831e-06 0 0 5.33594e+50 8.7726e+50 1.04558e+56 0 0 1.31066e+45 0 4.64348e+42 0 0 0
8.05842e-06 0 0 6.52926e+50 1.00425e+51 9.20466e+55 0 0 1.51353e+45 0 4.64348e+42 0 0 0
9.30572e-06 0 0 7.93431e+50 1.15193e+51 8.10076e+55 0 0 1.74779e+45 0 4.64348e+42 0 0 0
1.07461e-05 0 0 9.58653e+50 1.32396e+51 7.12681e+55 0 0 2.01832e+45 0 4.64348e+42 0 0 0
1.24094e-05 0 0 1.15286e+51 1.52474e+51 6.26737e+55 0 0 2.33072e+45 0 4.64348e+42 0 0 0
1.43301e-05 0 0 1.3812e+51 1.75955e+51 5.50885e+55 0 0 2.69147e+45 0 4.64348e+42 0 0 0
1.65482e-05 0 0 1.64994e+51 2.03479e+51 4.83933e+55 0 0 3.10806e+45 0 4.64348e+42 0 0 0
1.91095e-05 0 0 1.96665e+51 2.35817e+51 4.24843e+55 0 0 3.58913e+45 0 4.64348e+42 0 0 0
2.20673e-05 0 0 2.3404e+51 2.73886e+51 3.72703e+55 0 0 4.14466e+45 0 4.64348e+42 0 0 0
2.5483e-05 0 0 2.78202e+51 3.18778e+51 3.26711e+55 0 0 4.78618e+45 0 4.64348e+42 0 0 0
2.94273e-05 0 0 3.30438e+51 3.71785e+51 2.86158e+55 0 0 5.52699e+45 0 4.64348e+42 0 0 0
3.39821e-05 0 0 3.92282e+51 4.34447e+51 2.50415e+55 0 0 6.38246e+45 0 4.64348e+42 0 0 0
3.92419e-05 0 0 4.65571e+51 5.08607e+51 2.18928e+55 0 0 7.37034e+45 0 4.64348e+42 0 0 0
4.53158e-05 0 0 5.52502e+51 5.96463e+51 1.91204e+55 0 0 8.51113e+45 0 4.64348e+42 0 0 0
5.23299e-05 0 0 6.55695e+51 7.0064e+51 1.66808e+55 0 0 9.82849e+45 0 4.64348e+42 0 0 0
6.04296e-05 0 0 7.7827e+51 8.24259e+51 1.45356e+55 0 0 1.13497e+46 0 4.64348e+42 0 0 0
6.97831e-05 0 0 9.23938e+51 9.71034e+51 1.26507e+55 0 0 1.31065e+46 0 4.64348e+42 0 0 0
8.05842e-05 0 0 1.09712e+52 1.14538e+52 1.09958e+55 0 0 1.51351e+46 0 4.64348e+42 0 0 0
9.30572e-05 0 0 1.30307e+52 1.35257e+52 9.5442e+54 0 0 1.74777e+46 0 4.64348e+42 0 0 0
0.000107461 0 0 1.54805e+52 1.59884e+52 8.27219e+54 0 0 2.01828e+46 0 4.64348e+42 0 0 0
0.000124094 0 0 1.83949e+52 1.89164e+52 7.15874e+54 0 0 2.33067e+46 0 4.64348e+42 0 0 0
0.000143301 0 0 2.18625e+52 2.23982e+52 6.1852e+54 0 0 2.69141e+46 0 4.64348e+42 0 0 0
0.000165482 0 0 2.59884e+52 2.6539e+52 5.33505e+54 0 0 3.10798e+46 0 4.64348e+42 0 0 0
0.000191095 0 0 3.08981e+52 3.14642e+52 4.59364e+54 0 0 3.58902e+46 0 4.64348e+42 0 0 0
0.000220673 0 0 3.67405e+52 3.73227e+52 3.94798e+54 0 0 4.14452e+46 0 4.64348e+42 0 0 0
0.00025483 0 0 4.36932e+52 4.42921e+52 3.38655e+54 0 0 4.78598e+46 0 4.64348e+42 0 0 0
0.000294273 0 0 5.19678e+52 5.25842e+52 2.89915e+54 0 0 5.52673e+46 0 4.64348e+42 0 0 0
0.000339821 0 0 6.18167e+52 6.2451e+52 2.47675e+54 0 0 6.38212e+46 0 4.64348e+42 0 0 0
0.000392419 0 0 7.35409e+52 7.41939e+52 2.11134e+54 0 0 7.36989e+46 0 4.64348e+42 0 0 0
0.000453158 0 0 8.75001e+52 8.81725e+52 1.79582e+54 0 0 8.51052e+46 0 4.64348e+42 0 0 0
0.000523299 0 0 1.04124e+53 1.04817e+53 1.52394e+54 0 0 9.82768e+46 0 4.64348e+42 0 0 0
0.000604296 0 0 1.23925e+53 1.24638e+53 1.29015e+54 0 0 1.13487e+47 0 4.64348e+42 0 0 0
0.000697831 0 0 1.47435e+53 1.4817e+53 1.08956e+54 0 0 1.3105e+47 0 4.64348e+42 0 0 0
0.000805842 0 0 1.74701e+53 1.75455e+53 9.17854e+53 0 0 1.51332e+47 0 4.64348e+42 0 0 0
0.000930572 1.02381e-195 1.02381e-195 2.03914e+53 2.04675e+53 7.71221e+53 0 0 1.74751e+47 2.39446e-200 4.64348e+42 0 0 0
0.00107461 6.7056e-131 6.7056e-131 2.30483e+53 2.31228e+53 6.46312e+53 0 0 2.01794e+47 1.20153e-135 4.64348e+42 0 0 0
0.00124094 5.37866e-83 5.37866e-83 2.4865e+53 2.49346e+53 5.40185e+53 0 0 2.33022e+47 7.73604e-88 4.64348e+42 0 0 0
0.00143301 1.33723e-47 1.33723e-47 2.54585e+53 2.55202e+53 4.50255e+53 0 0 2.6908e+47 1.6267e-52 4.64348e+42 0 0 0
0.00165482 1.86526e-21 1.86526e-21 2.47996e+53 2.48517e+53 3.7426e+53 0 0 3.10717e+47 2.01711e-26 4.64348e+42 0 0 0
0.00191095 0.0375404 0.0375404 2.31429e+53 2.3185e+53 3.10222e+53 0 0 3.58794e+47 3.76716e-07 4.64348e+42 0 0 0
0.00220673 6.61274e+12 6.61274e+12 2.08584e+53 2.08912e+53 2.56414e+53 0 0 4.14308e+47 6.37581e+07 4.64348e+42 0 0 0
0.0025483 2.12298e+23 2.12298e+23 1.82942e+53 1.83191e+53 2.11336e+53 0 0 4.78407e+47 2.021e+18 4.64348e+42 0 0 0
0.00294273 1.1726e+31 1.1726e+31 1.5713e+53 1.57315e+53 1.73684e+53 0 0 5.52417e+47 1.12545e+26 4.64348e+42 0 0 0
0.00339821 5.85846e+36 5.85846e+36 1.32819e+53 1.32954e+53 1.4233e+53 0 0 6.37871e+47 5.76047e+31 4.64348e+42 0 0 0
0.00392419 9.02966e+40 9.02966e+40 1.10901e+53 1.11e+53 1.16302e+53 0 0 7.36534e+47 9.20805e+35 4.64348e+42 0 0 0
0.00453158 1.06331e+44 1.06331e+44 9.17242e+52 9.17945e+52 9.47599e+52 0 0 8.50446e+47 1.1353e+39 4.64348e+42 0 0 0
0.00523299 1.87005e+46 1.87005e+46 7.52946e+52 7.53446e+52 7.69871e+52 0 0 9.81959e+47 2.10631e+41 4.64348e+42 0 0 0
0.00604296 8.06139e+47 8.06139e+47 6.14322e+52 6.14675e+52 6.23694e+52 0 0 1.13379e+48 9.63712e+42 4.64348e+42 0 0 0
0.00697831 1.22843e+49 1.22843e+49 4.98678e+52 4.98926e+52 5.03838e+52 0 0 1.30906e+48 1.56662e+44 4.64348e+42 0 0 0
0.00805842 8.67378e+49 8.67378e+49 4.0304e+52 4.03214e+52 4.05869e+52 0 0 1.5114e+48 1.18521e+45 4.64348e+42 0 0 0
0.00930572 3.46614e+50 3.46614e+50 3.24489e+52 3.2461e+52 3.26035e+52 0 0 1.74496e+48 5.09426e+45 4.64348e+42 0 0 0
0.0107461 9.08798e+50 9.08798e+50 2.60333e+52 2.60417e+52 2.61177e+52 0 0 2.01454e+48 1.44169e+46 4.64348e+42 0 0 0
0.0124094 1.7439e+51 1.7439e+51 2.08184e+52 2.08242e+52 2.08645e+52 0 0 2.32567e+48 2.99576e+46 4.64348e+42 0 0 0
0.0143301 2.65509e+51 2.65509e+51 1.65971e+52 1.66011e+52 1.66223e+52 0 0 2.68474e+48 4.95427e+46 4.64348e+42 0 0 0
0.0165482 3.40456e+51 3.40456e+51 1.31928e+52 1.31956e+52 1.32067e+52 0 0 3.09909e+48 6.9208e+46 4.64348e+42 0 0 0
0.0191095 3.84262e+51 3.84262e+51 1.04569e+52 1.04588e+52 1.04646e+52 0 0 3.57717e+48 8.53406e+46 4.64348e+42 0 0 0
0.0220673 3.94399e+51 3.94399e+51 8.26533e+51 8.26663e+51 8.26959e+51 0 0 4.12872e+48 9.59643e+46 4.64348e+42 0 0 0
0.025483 3.77098e+51 3.77098e+51 6.51513e+51 6.51602e+51 6.51754e+51 0 0 4.76492e+48 1.00801e+47 4.64348e+42 0 0 0
0.0294273 3.41914e+51 3.41914e+51 5.12163e+51 5.12224e+51 5.12302e+51 0 0 5.49865e+48 1.0068e+47 4.64348e+42 0 0 0
0.0339821 2.97879e+51 2.97879e+51 4.01537e+51 4.01578e+51 4.01618e+51 0 0 6.34468e+48 9.6883e+46 4.64348e+42 0 0 0
0.0392419 2.51796e+51 2.51796e+51 3.13965e+51 3.13993e+51 3.14013e+51 0 0 7.31997e+48 9.06988e+46 4.64348e+42 0 0 0
0.0453158 2.08003e+51 2.08003e+51 2.44839e+51 2.44858e+51 2.44868e+51 0 0 8.44399e+48 8.31996e+46 4.64348e+42 0 0 0
0.0523299 1.68813e+51 1.68813e+51 1.90427e+51 1.9044e+51 1.90445e+51 0 0 9.73899e+48 7.51817e+46 4.64348e+42 0 0 0
0.0604296 1.35136e+51 1.35136e+51 1.47716e+51 1.47725e+51 1.47727e+51 0 0 1.12305e+49 6.71857e+46 4.64348e+42 0 0 0
0.0697831 1.07011e+51 1.07011e+51 1.14284e+51 1.1429e+51 1.14291e+51 0 0 1.29475e+49 5.9549e+46 4.64348e+42 0 0 0
0.0805842 8.40063e+50 8.40063e+50 8.81879e+50 8.81917e+50 8.81923e+50 0 0 1.49232e+49 5.2461e+46 4.64348e+42 0 0 0
0.0930572 6.5482e+50 6.5482e+50 6.78742e+50 6.78768e+50 6.78774e+50 0 0 1.71953e+49 4.60098e+46 4.64348e+42 0 0 0
0.107461 5.07438e+50 5.07438e+50 5.21065e+50 5.21082e+50 5.21085e+50 0 0 1.98067e+49 4.02183e+46 4.64348e+42 0 0 0
0.124094 3.91279e+50 3.91279e+50 3.99012e+50 3.99023e+50 3.99024e+50 0 0 2.28055e+49 3.50699e+46 4.64348e+42 0 0 0
0.143301 3.00424e+50 3.00424e+50 3.04796e+50 3.04803e+50 3.04804e+50 0 0 2.62465e+49 3.05252e+46 4.64348e+42 0 0 0
0.165482 2.29805e+50 2.29805e+50 2.3227e+50 2.32274e+50 2.32275e+50 0 0 3.01907e+49 2.65339e+46 4.64348e+42 0 0 0
0.191095 1.75207e+50 1.75207e+50 1.76592e+50 1.76595e+50 1.76595e+50 0 0 3.47064e+49 2.30417e+46 4.64348e+42 0 0 0
0.220673 1.33187e+50 1.33187e+50 1.33963e+50 1.33965e+50 1.33965e+50 0 0 3.98693e+49 1.99945e+46 4.64348e+42 0 0 0
0.25483 1.00978e+50 1.00978e+50 1.01412e+50 1.01413e+50 1.01413e+50 0 0 4.57626e+49 1.73409e+46 4.64348e+42 0 0 0
0.294273 7.63762e+49 7.63762e+49 7.6618e+49 7.66189e+49 7.66189e+49 0 0 5.24771e+49 1.50335e+46 4.64348e+42 0 0 0
0.339821 5.76455e+49 5.76455e+49 5.778e+49 5.77806e+49 5.77806e+49 0 0 6.01105e+49 1.30293e+46 4.64348e+42 0 0 0
0.392419 4.34259e+49 4.34259e+49 4.35005e+49 4.35009e+49 4.35009e+49 0 0 6.8766e+49 1.12898e+46 4.64348e+42 0 0 0
0.453158 3.26589e+49 3.26589e+49 3.27003e+49 3.27005e+49 3.27005e+49 0 0 7.8551e+49 9.781e+45 4.64348e+42 0 0 0
0.523299 2.45255e+49 2.45255e+49 2.45484e+49 2.45485e+49 2.45485e+49 0 0 8.95732e+49 8.47282e+45 4.64348e+42 0 0 0
0.604296 1.83944e+49 1.83944e+49 1.8407e+49 1.84071e+49 1.84071e+49 0 0 1.01937e+50 7.33897e+45 4.64348e+42 0 0 0
0.697831 1.37813e+49 1.37813e+49 1.37883e+49 1.37883e+49 1.37883e+49 0 0 1.15735e+50 6.35643e+45 4.64348e+42 0 0 0
0.805842 1.03161e+49 1.03161e+49 1.032e+49 1.032e+49 1.032e+49 0 0 1.31042e+50 5.50518e+45 4.64348e+42 0 0 0
0.930572 7.71696e+48 7.71696e+48 7.71906e+48 7.71909e+48 7.71909e+48 0 0 1.479e+50 4.76775e+45 4.64348e+42 0 0 0
1.07461 5.76975e+48 5.76975e+48 5.7709e+48 5.77092e+48 5.77092e+48 0 0 1.66303e+50 4.129e+45 4.64348e+42 0 0 0
1.24094 4.31247e+48 4.31247e+48 4.3131e+48 4.31311e+48 4.31311e+48 0 0 1.86179e+50 3.57576e+45 4.64348e+42 0 0 0
1.43301 3.22275e+48 3.22275e+48 3.2231e+48 3.22311e+48 3.22311e+48 0 0 2.07361e+50 3.0966e+45 4.64348e+42 0 0 0
1.65482 2.40843e+48 2.40843e+48 2.40862e+48 2.40862e+48 2.40862e+48 0 0 2.29557e+50 2.68162e+45 4.64348e+42 0 0 0
1.91095 1.80018e+48 1.80018e+48 1.80028e+48 1.80028e+48 1.80028e+48 0 0 2.52319e+50 2.32223e+45 4.64348e+42 0 0 0
2.20673 1.34599e+48 1.34599e+48 1.34604e+48 1.34605e+48 1.34605e+48 0 0 2.75003e+50 2.011e+45 4.64348e+42 0 0 0
2.5483 1.00688e+48 1.00688e+48 1.00691e+48 1.00691e+48 1.00691e+48 0 0 2.96737e+50 1.74147e+45 4.64348e+42 0 0 0
2.94273 7.53677e+47 7.53677e+47 7.53694e+47 7.53695e+47 7.53695e+47 0 0 3.16395e+50 1.50806e+45 4.64348e+42 0 0 0
3.39821 5.64582e+47 5.64582e+47 5.64592e+47 5.64592e+47 5.64592e+47 0 0 3.32593e+50 1.30593e+45 4.64348e+42 0 0 0
3.92419 4.2331e+47 4.2331e+47 4.23316e+47 4.23316e+47 4.23316e+47 0 0 3.43729e+50 1.13089e+45 4.64348e+42 0 0 0
4.53158 3.17711e+47 3.17711e+47 3.17714e+47 3.17715e+47 3.17715e+47 0 0 3.48076e+50 9.79313e+44 4.64348e+42 0 0 0
5.23299 2.38724e+47 2.38724e+47 2.38726e+47 2.38727e+47 2.38727e+47 0 0 3.4396e+50 8.48049e+44 4.64348e+42 0 0 0
6.04296 1.79596e+47 1.79596e+47 1.79597e+47 1.79597e+47 1.79597e+47 0 0 3.3004e+50 7.34379e+44 4.64348e+42 0 0 0
6.97831 1.35291e+47 1.35291e+47 1.35292e+47 1.35292e+47 1.35292e+47 0 0 3.05674e+50 6.35944e+44 4.64348e+42 0 0 0
8.05842 1.02058e+47 1.02058e+47 1.02059e+47 1.02059e+47 1.02059e+47 0 0 2.71316e+50 5.50703e+44 4.64348e+42 0 0 0
9.30572 7.71021e+46 7.71021e+46 7.71027e+46 7.71027e+46 7.71027e+46 0 0 2.28837e+50 4.76887e+44 4.64348e+42 0 0 0
10.7461 5.83372e+46 5.83372e+46 5.83377e+46 5.83377e+46 5.83377e+46 0 0 1.81584e+50 4.12965e+44 4.64348e+42 0 0 0
12.4094 4.42086e+46 4.42086e+46 4.4209e+46 4.4209e+46 4.4209e+46 0 0 1.33997e+50 3.5761e+44 4.64348e+42 0 0 0
14.3301 3.35557e+46 3.35557e+46 3.3556e+46 3.3556e+46 3.3556e+46 0 0 9.07399e+49 3.09675e+44 4.64348e+42 0 0 0
16.5482 2.55114e+46 2.55114e+46 2.55117e+46 2.55117e+46 2.55117e+46 0 0 5.55413e+49 2.68165e+44 4.64348e+42 0 0 0
19.1095 1.94277e+46 1.94277e+46 1.94279e+46 1.94279e+46 1.94279e+46 0 0 3.02074e+49 2.32219e+44 4.64348e+42 0 0 0
22.0673 1.48193e+46 1.48193e+46 1.48195e+46 1.48196e+46 1.48196e+46 0 0 1.43181e+49 2.01091e+44 4.64348e+42 0 0 0
25.483 1.13229e+46 1.13229e+46 1.13231e+46 1.13231e+46 1.13231e+46 0 0 5.78626e+48 1.74135e+44 4.64348e+42 0 0 0
29.4273 8.66564e+45 8.66564e+45 8.6658e+45 8.6658e+45 8.6658e+45 0 0 1.94433e+48 1.50792e+44 4.64348e+42 0 0 0
33.9821 6.64277e+45 6.64277e+45 6.64291e+45 6.64291e+45 6.64291e+45 0 0 5.27867e+47 1.30578e+44 4.64348e+42 0 0 0
39.2419 5.10022e+45 5.10022e+45 5.10035e+45 5.10035e+45 5.10035e+45 0 0 1.1202e+47 1.13073e+44 4.64348e+42 0 0 0
45.3158 3.92193e+45 3.92193e+45 3.92204e+45 3.92204e+45 3.92204e+45 0 0 1.78863e+46 9.79147e+43 4.64348e+42 0 0 0
52.3299 3.02035e+45 3.02035e+45 3.02044e+45 3.02044e+45 3.02044e+45 0 0 2.05623e+45 8.4788e+43 4.64348e+42 0 0 0
60.4296 2.32932e+45 2.32932e+45 2.32941e+45 2.32941e+45 2.32941e+45 0 0 1.61757e+44 7.34208e+43 4.64348e+42 0 0 0
69.7831 1.79878e+45 1.79878e+45 1.79886e+45 1.79886e+45 1.79886e+45 0 0 8.21103e+42 6.35772e+43 4.64348e+42 0 0 0
80.5842 1.3908e+45 1.3908e+45 1.39087e+45 1.39087e+45 1.39087e+45 0 0 2.51318e+41 5.5053e+43 4.64348e+42 0 0 0
93.0572 1.07655e+45 1.07655e+45 1.07661e+45 1.07661e+45 1.07661e+45 0 0 4.28879e+39 4.76713e+43 4.64348e+42 0 0 0
107.461 8.34125e+44 8.34125e+44 8.3418e+44 8.3418e+44 8.3418e+44 0 0 3.72787e+37 4.12791e+43 4.64348e+42 0 0 0
124.094 6.46833e+44 6.46833e+44 6.46883e+44 6.46883e+44 6.46883e+44 0 0 1.4868e+35 3.57436e+43 4.64348e+42 0 0 0
143.301 5.01935e+44 5.01935e+44 5.0198e+44 5.0198e+44 5.0198e+44 0 0 2.41181e+32 3.09501e+43 4.64348e+42 0 0 0
165.482 3.89691e+44 3.89691e+44 3.89731e+44 3.89731e+44 3.89731e+44 0 0 1.38439e+29 2.67991e+43 4.64348e+42 0 0 0
191.095 3.02642e+44 3.02642e+44 3.02678e+44 3.02678e+44 3.02678e+44 0 0 2.39422e+25 2.32045e+43 4.64348e+42 0 0 0
220.673 2.35064e+44 2.35064e+44 2.35096e+44 2.35096e+44 2.35096e+44 0 0 1.03614e+21 2.00916e+43 4.64348e+42 0 0 0
254.83 1.82558e+44 1.82558e+44 1.82587e+44 1.82587e+44 1.82587e+44 0 0 9.05508e+15 1.7396e+43 4.64348e+42 0 0 0
294.273 1.41735e+44 1.41735e+44 1.41761e+44 1.41761e+44 1.41761e+44 0 0 1.24753e+10 1.50618e+43 4.64348e+42 0 0 0
339.821 1.09982e+44 1.09982e+44 1.10005e+44 1.10005e+44 1.10005e+44 0 0 2035.69 1.30404e+43 4.64348e+42 0 0 0
392.419 8.52773e+43 8.52773e+43 8.5298e+43 8.5298e+43 8.5298e+43 0 0 2.82791e-05 1.12899e+43 4.64348e+42 0 0 0
453.158 6.60577e+43 6.60577e+43 6.60762e+43 6.60762e+43 6.60762e+43 0 0 2.28408e-14 9.77405e+42 4.64348e+42 0 0 0
523.299 5.11096e+43 5.11096e+43 5.11261e+43 5.11261e+43 5.11261e+43 0 0 6.90582e-25 8.46139e+42 4.64348e+42 0 0 0
604.296 3.94901e+43 3.94901e+43 3.95048e+43 3.95048e+43 3.95048e+43 0 0 4.70049e-37 7.32467e+42 4.64348e+42 0 0 0
697.831 3.04656e+43 3.04656e+43 3.04787e+43 3.04787e+43 3.04787e+43 0 0 4.00386e-51 6.34031e+42 4.64348e+42 0 0 0
805.842 2.34644e+43 2.34644e+43 2.34761e+43 2.34761e+43 2.34761e+43 0 0 2.16639e-67 5.4879e+42 4.64348e+42 0 0 0
930.572 1.80404e+43 1.80404e+43 1.80508e+43 1.80508e+43 1.80508e+43 0 0 3.40289e-86 4.74974e+42 4.64348e+42 0 0 0
1074.61 1.38451e+43 1.38451e+43 1.38543e+43 1.38543e+43 1.38543e+43 0 0 6.28216e-108 4.11052e+42 4.64348e+42 0 0 0
1240.94 1.06062e+43 1.06062e+43 1.06143e+43 1.06143e+43 1.06143e+43 0 0 4.79767e-133 3.55698e+42 4.64348e+42 0 0 0
1433.01 8.11059e+42 8.11059e+42 8.11778e+42 8.11778e+42 8.11778e+42 0 0 4.53871e-162 3.07764e+42 4.64348e+42 0 0 0
1654.82 6.19181e+42 6.19181e+42 6.19815e+42 6.19815e+42 6.19815e+42 0 0 1.32154e-195 2.66254e+42 4.64348e+42 0 0 0
1910.95 4.7197e+42 4.7197e+42 4.72528e+42 4.72528e+42 4.72528e+42 0 0 2.3721e-234 2.30309e+42 4.64348e+42 0 0 0
2206.73 3.59269e+42 3.59269e+42 3.59759e+42 3.59759e+42 3.59759e+42 0 0 0 1.99182e+42 4.64348e+42 0 0 0
2548.3 2.73162e+42 2.73162e+42 2.73592e+42 2.73592e+42 2.73592e+42 0 0 0 1.72228e+42 4.64348e+42 0 0 0
2942.73 2.07495e+42 2.07495e+42 2.07872e+42 2.07872e+42 2.07872e+42 0 0 0 1.48887e+42 4.64348e+42 0 0 0
3398.21 1.57497e+42 1.57497e+42 1.57828e+42 1.57828e+42 1.57828e+42 0 0 0 1.28675e+42 4.64348e+42 0 0 0
3924.19 1.19482e+42 1.19482e+42 1.19772e+42 1.19772e+42 1.19772e+42 0 0 0 1.11172e+42 4.64348e+42 0 0 0
4531.58 9.06088e+41 9.06088e+41 9.0863e+41 9.0863e+41 9.0863e+41 0 0 0 9.60162e+41 4.64348e+42 0 0 0
5232.99 6.87153e+41 6.87153e+41 6.89287e+41 6.89287e+41 6.89287e+41 0 0 0 8.29148e+41 4.64348e+42 0 0 0
6042.96 5.20957e+41 5.20957e+41 5.22814e+41 5.22814e+41 5.22814e+41 0 0 0 7.15542e+41 4.64348e+42 0 0 0
6978.31 3.94944e+41 3.94944e+41 3.96558e+41 3.96558e+41 3.96558e+41 0 0 0 6.17182e+41 4.64348e+42 0 0 0
8058.42 2.99416e+41 2.99416e+41 3.00817e+41 3.00817e+41 3.00817e+41 0 0 0 5.32027e+41 4.64348e+42 0 0 0
9305.72 2.27001e+41 2.27001e+41 2.28216e+41 2.28216e+41 2.28216e+41 0 0 0 4.58308e+41 4.64348e+42 0 0 0
10746.1 1.72104e+41 1.72104e+41 1.73157e+41 1.73157e+41 1.73157e+41 0 0 0 3.94498e+41 4.64348e+42 0 0 0
12409.4 1.30484e+41 1.30484e+41 1.31395e+41 1.31395e+41 1.31395e+41 0 0 0 3.3927e+41 4.64348e+42 0 0 0
14330.1 9.89274e+40 9.89274e+40 9.9713e+40 9.9713e+40 9.9713e+40 0 0 0 2.91478e+41 4.64348e+42 0 0 0
16548.2 7.49977e+40 7.49977e+40 7.56744e+40 7.56744e+40 7.56744e+40 0 0 0 2.50129e+41 4.64348e+42 0 0 0
19109.5 5.68504e+40 5.68504e+40 5.74318e+40 5.74318e+40 5.74318e+40 0 0 0 2.14364e+41 4.64348e+42 0 0 0
22067.3 4.30875e+40 4.30875e+40 4.35857e+40 4.35857e+40 4.35857e+40 0 0 0 1.83439e+41 4.64348e+42 0 0 0
25483 3.26498e+40 3.26498e+40 3.30754e+40 3.30754e+40 3.30754e+40 0 0 0 1.5671e+41 4.64348e+42 0 0 0
29427.3 2.47343e+40 2.47343e+40 2.50966e+40 2.50966e+40 2.50966e+40 0 0 0 1.33618e+41 4.64348e+42 0 0 0
33982.1 1.87323e+40 1.87323e+40 1.90395e+40 1.90395e+40 1.90395e+40 0 0 0 1.13681e+41 4.64348e+42 0 0 0
39241.9 1.4182e+40 1.4182e+40 1.44414e+40 1.44414e+40 1.44414e+40 0 0 0 9.6481e+40 4.64348e+42 0 0 0
45315.8 1.07331e+40 1.07331e+40 1.0951e+40 1.0951e+40 1.0951e+40 0 0 0 8.16555e+40 4.64348e+42 0 0 0
52329.9 8.11975e+39 8.11975e+39 8.30196e+39 8.30196e+39 8.30196e+39 0 0 0 6.88907e+40 4.64348e+42 0 0 0
60429.6 6.14024e+39 6.14024e+39 6.29172e+39 6.29172e+39 6.29172e+39 0 0 0 5.79143e+40 4.64348e+42 0 0 0
69783.1 4.64141e+39 4.64141e+39 4.76659e+39 4.76659e+39 4.76659e+39 0 0 0 4.84902e+40 4.64348e+42 0 0 0
80584.2 3.50701e+39 3.50701e+39 3.6098e+39 3.6098e+39 3.6098e+39 0 0 0 4.04136e+40 4.64348e+42 0 0 0
93057.2 2.6488e+39 2.6488e+39 2.73265e+39 2.73265e+39 2.73265e+39 0 0 0 3.35066e+40 4.64348e+42 0 0 0
107461 1.99982e+39 1.99982e+39 2.06776e+39 2.06776e+39 2.06776e+39 0 0 0 2.76149e+40 4.64348e+42 0 0 0
124094 1.50927e+39 1.50927e+39 1.56393e+39 1.56393e+39 1.56393e+39 0 0 0 2.26045e+40 4.64348e+42 0 0 0
143301 1.13863e+39 1.13863e+39 1.18229e+39 1.18229e+39 1.18229e+39 0 0 0 1.83588e+40 4.64348e+42 0 0 0
165482 8.58693e+38 8.58693e+38 8.93318e+38 8.93318e+38 8.93318e+38 0 0 0 1.47769e+40 4.64348e+42 0 0 0
191095 6.47338e+38 6.47338e+38 6.74605e+38 6.74605e+38 6.74605e+38 0 0 0 1.17709e+40 4.64348e+42 0 0 0
220673 4.87816e+38 4.87816e+38 5.09138e+38 5.09138e+38 5.09138e+38 0 0 0 9.26458e+39 4.64348e+42 0 0 0
254830 3.67455e+38 3.67455e+38 3.84015e+38 3.84015e+38 3.84015e+38 0 0 0 7.19139e+39 4.64348e+42 0 0 0
294273 2.76671e+38 2.76671e+38 2.89446e+38 2.89446e+38 2.89446e+38 0 0 0 5.49313e+39 4.64348e+42 0 0 0
339821 2.08219e+38 2.08219e+38 2.1801e+38 2.1801e+38 2.1801e+38 0 0 0 4.11854e+39 4.64348e+42 0 0 0
392419 1.56625e+38 1.56625e+38 1.64081e+38 1.64081e+38 1.64081e+38 0 0 0 3.02205e+39 4.64348e+42 0 0 0
453158 1.17753e+38 1.17753e+38 1.23397e+38 1.23397e+38 1.23397e+38 0 0 0 2.16279e+39 4.64348e+42 0 0 0
523299 8.84808e+37 8.84808e+37 9.27264e+37 9.27264e+37 9.27264e+37 5.38462e+29 1.33542e+34 0 1.50372e+39 4.64348e+42 0 0 0
604296 6.64485e+37 6.64485e+37 6.96232e+37 6.96232e+37 6.96232e+37 8.29404e+29 1.34119e+34 0 1.01107e+39 4.64348e+42 0 0 0
697831 4.98746e+37 4.98746e+37 5.22345e+37 5.22345e+37 5.22345e+37 1.12035e+30 1.34696e+34 0 6.53982e+38 4.64348e+42 0 0 0
805842 3.74141e+37 3.74141e+37 3.91581e+37 3.91581e+37 3.91581e+37 1.41129e+30 1.35272e+34 0 4.04463e+38 4.64348e+42 0 0 0
930572 2.80516e+37 2.80516e+37 2.93329e+37 2.93329e+37 2.93329e+37 1.70223e+30 1.35849e+34 0 2.37501e+38 4.64348e+42 0 0 0
1.07461e+06 2.10212e+37 2.10212e+37 2.19571e+37 2.19571e+37 2.19571e+37 2.15548e+30 1.36512e+34 0 1.31341e+38 4.64348e+42 0 0 0
1.24094e+06 1.57449e+37 1.57449e+37 1.64247e+37 1.64247e+37 1.64247e+37 2.89183e+30 1.36693e+34 0 6.77645e+37 4.64348e+42 0 0 0
1.43301e+06 1.17873e+37 1.17873e+37 1.22783e+37 1.22783e+37 1.22783e+37 3.86141e+30 1.36925e+34 0 3.22676e+37 4.64348e+42 0 0 0
1.65482e+06 8.82034e+36 8.82034e+36 9.17321e+36 9.17321e+36 9.17321e+36 5.14276e+30 1.37223e+34 0 1.40041e+37 4.64348e+42 0 0 0
1.91095e+06 6.59717e+36 6.59717e+36 6.84954e+36 6.84954e+36 6.84954e+36 6.97362e+30 1.37638e+34 0 5.46e+36 4.64348e+42 0 0 0
2.20673e+06 4.93216e+36 4.93216e+36 5.11185e+36 5.11185e+36 5.11185e+36 9.32196e+30 1.38176e+34 0 1.88076e+36 4.64348e+42 0 0 0
2.5483e+06 3.68579e+36 3.68579e+36 3.8132e+36 3.8132e+36 3.8132e+36 1.24063e+31 1.38882e+34 0 5.6146e+35 4.64348e+42 0 0 0
2.94273e+06 2.75325e+36 2.75325e+36 2.84325e+36 2.84325e+36 2.84325e+36 1.64981e+31 1.3981e+34 0 1.42069e+35 4.64348e+42 0 0 0
3.39821e+06 2.05585e+36 2.05585e+36 2.11921e+36 2.11921e+36 2.11921e+36 2.23936e+31 1.41103e+34 0 2.96983e+34 4.64348e+42 0 0 0
3.92419e+06 1.53454e+36 1.53454e+36 1.57902e+36 1.57902e+36 1.57902e+36 3.00873e+31 1.42782e+34 0 4.97922e+33 4.64348e+42 0 0 0
4.53158e+06 1.14504e+36 1.14504e+36 1.17618e+36 1.17618e+36 1.17618e+36 4.04579e+31 1.44947e+34 0 6.4706e+32 4.64348e+42 0 0 0
5.23299e+06 8.5414e+35 8.5414e+35 8.75899e+35 8.75899e+35 8.75899e+35 5.42919e+31 1.47685e+34 0 6.26535e+31 4.64348e+42 0 0 0
6.04296e+06 6.36984e+35 6.36984e+35 6.52165e+35 6.52165e+35 6.52165e+35 7.38519e+31 1.51314e+34 0 4.31898e+30 4.64348e+42 0 0 0
6.97831e+06 4.74941e+35 4.74941e+35 4.85522e+35 4.85522e+35 4.85522e+35 9.91399e+31 1.55594e+34 0 2.01098e+29 4.64348e+42 0 0 0
8.05842e+06 3.54074e+35 3.54074e+35 3.61446e+35 3.61446e+35 3.61446e+35 1.32109e+32 1.6065e+34 0 5.9519e+27 4.64348e+42 0 0 0
9.30572e+06 2.63956e+35 2.63956e+35 2.69093e+35 2.69093e+35 2.69093e+35 1.75407e+32 1.66378e+34 0 1.04393e+26 4.64348e+42 0 0 0
1.07461e+07 1.96796e+35 1.96796e+35 2.00379e+35 2.00379e+35 2.00379e+35 2.33532e+32 1.73241e+34 0 1.00067e+24 4.64348e+42 0 0 0
1.24094e+07 1.46765e+35 1.46765e+35 1.49268e+35 1.49268e+35 1.49268e+35 3.04429e+32 1.79984e+34 0 4.77429e+21 4.64348e+42 0 0 0
1.43301e+07 1.09514e+35 1.09514e+35 1.11266e+35 1.11266e+35 1.11266e+35 3.89677e+32 1.86572e+34 0 1.01776e+19 4.64348e+42 0 0 0
1.65482e+07 8.17939e+34 8.17939e+34 8.30249e+34 8.30249e+34 8.30249e+34 4.89825e+32 1.92687e+34 0 8.55761e+15 4.64348e+42 0 0 0
1.91095e+07 6.11858e+34 6.11858e+34 6.20543e+34 6.20543e+34 6.20543e+34 6.09125e+32 1.97959e+34 0 2.4576e+12 4.64348e+42 0 0 0
2.20673e+07 4.58704e+34 4.58704e+34 4.64865e+34 4.64865e+34 4.64865e+34 7.35997e+32 2.02507e+34 0 2.04138e+08 4.64348e+42 0 0 0
2.5483e+07 3.45021e+34 3.45021e+34 3.49423e+34 3.49423e+34 3.49423e+34 8.72718e+32 2.05698e+34 0 4047.77 4.64348e+42 0 0 0
2.94273e+07 2.60663e+34 2.60663e+34 2.63835e+34 2.63835e+34 2.63835e+34 1.00865e+33 2.05738e+34 0 0.01535 4.64348e+42 0 0 0
3.39821e+07 1.98117e+34 1.98117e+34 2.00426e+34 2.00426e+34 2.00426e+34 1.14078e+33 2.02064e+34 0 8.61835e-09 4.64348e+42 0 0 0
3.92419e+07 1.51654e+34 1.51654e+34 1.53355e+34 1.53355e+34 1.53355e+34 1.25338e+33 1.94575e+34 0 5.33053e-16 4.64348e+42 0 0 0
4.53158e+07 1.17169e+34 1.17169e+34 1.18439e+34 1.18439e+34 1.18439e+34 1.35107e+33 1.84589e+34 0 2.58158e-24 4.64348e+42 0 0 0
5.23299e+07 9.15116e+33 9.15116e+33 9.24756e+33 9.24756e+33 9.24756e+33 1.42801e+33 1.73076e+34 0 6.60023e-34 4.64348e+42 0 0 0
6.04296e+07 7.22629e+33 7.22629e+33 7.3006e+33 7.3006e+33 7.3006e+33 1.47217e+33 1.589e+34 0 5.65037e-45 4.64348e+42 0 0 0
6.97831e+07 5.7674e+33 5.7674e+33 5.82556e+33 5.82556e+33 5.82556e+33 1.48014e+33 1.42379e+34 0 9.57467e-58 4.64348e+42 0 0 0
8.05842e+07 4.64973e+33 4.64973e+33 4.69592e+33 4.69592e+33 4.69592e+33 1.45509e+33 1.23787e+34 0 1.75002e-72 4.64348e+42 0 0 0
9.30572e+07 3.77883e+33 3.77883e+33 3.81598e+33 3.81598e+33 3.81598e+33 1.3979e+33 1.03774e+34 0 1.71147e-89 4.64348e+42 0 0 0
1.07461e+08 3.08375e+33 3.08375e+33 3.11386e+33 3.11386e+33 3.11386e+33 1.3087e+33 8.34751e+33 0 3.98577e-109 4.64348e+42 238.265 0 0
1.24094e+08 2.52858e+33 2.52858e+33 2.55319e+33 2.55319e+33 2.55319e+33 1.20488e+33 6.60739e+33 0 8.6787e-132 4.64348e+42 209.319 0 0
1.43301e+08 2.07324e+33 2.07324e+33 2.09344e+33 2.09344e+33 2.09344e+33 1.08579e+33 5.13736e+33 0 6.00262e-158 4.64348e+42 183.891 0 0
1.65482e+08 1.69234e+33 1.69234e+33 1.70889e+33 1.70889e+33 1.70889e+33 9.55427e+32 3.93084e+33 0 3.7909e-188 4.64348e+42 161.551 0 0
1.91095e+08 1.36248e+33 1.36248e+33 1.37589e+33 1.37589e+33 1.37589e+33 8.12139e+32 2.9307e+33 0 5.18115e-223 4.64348e+42 141.925 0 0
2.20673e+08 1.09153e+33 1.09153e+33 1.10236e+33 1.10236e+33 1.10236e+33 6.80409e+32 2.19646e+33 0 2.90658e-263 4.64348e+42 124.684 0 0
2.5483e+08 8.65731e+32 8.65731e+32 8.74416e+32 8.74416e+32 8.74416e+32 5.58483e+32 1.62765e+33 0 0 4.64348e+42 109.537 0 0
2.94273e+08 6.78756e+32 6.78756e+32 6.85652e+32 6.85652e+32 6.85652e+32 4.49017e+32 1.19283e+33 0 0 4.64348e+42 96.2298 0 0
3.39821e+08 5.21916e+32 5.21916e+32 5.27294e+32 5.27294e+32 5.27294e+32 3.49961e+32 8.58658e+32 0 0 4.64348e+42 88.2693 0 0
3.92419e+08 4.00498e+32 4.00498e+32 4.0469e+32 4.0469e+32 4.0469e+32 2.71801e+32 6.28201e+32 0 0 4.64348e+42 84.5395 0 0
4.53158e+08 3.04249e+32 3.04249e+32 3.07487e+32 3.07487e+32 3.07487e+32 2.07896e+32 4.57488e+32 0 0 4.64348e+42 80.9673 0 0
5.23299e+08 2.28442e+32 2.28442e+32 2.30917e+32 2.30917e+32 2.30917e+32 1.56287e+32 3.3178e+32 0 0 4.64348e+42 77.546 0 0
6.04296e+08 1.69954e+32 1.69954e+32 1.71829e+32 1.71829e+32 1.71829e+32 1.15928e+32 2.38077e+32 0 0 4.64348e+42 74.2693 0 0
6.97831e+08 1.2749e+32 1.2749e+32 1.28923e+32 1.28923e+32 1.28923e+32 8.71074e+31 1.74364e+32 0 0 4.64348e+42 71.1311 0 0
8.05842e+08 9.52046e+31 9.52046e+31 9.62957e+31 9.62957e+31 9.62957e+31 6.50599e+31 1.27489e+32 0 0 4.64348e+42 68.1255 0 0
9.30572e+08 7.07071e+31 7.07071e+31 7.15335e+31 7.15335e+31 7.15335e+31 4.82425e+31 9.29929e+31 0 0 4.64348e+42 65.2468 0 0
1.07461e+09 5.20053e+31 5.20053e+31 5.26253e+31 5.26253e+31 5.26253e+31 3.52951e+31 6.68711e+31 0 0 4.64348e+42 65.482 0 0
1.24094e+09 3.8787e+31 3.8787e+31 3.92587e+31 3.92587e+31 3.92587e+31 2.64111e+31 4.92009e+31 0 0 4.64348e+42 68.8648 0 0
1.43301e+09 2.8923e+31 2.8923e+31 2.92819e+31 2.92819e+31 2.92819e+31 1.97928e+31 3.61032e+31 0 0 4.64348e+42 72.4223 0 0
1.65482e+09 2.14921e+31 2.14921e+31 2.17642e+31 2.17642e+31 2.17642e+31 1.47847e+31 2.64124e+31 0 0 4.64348e+42 76.1635 0 0
1.91095e+09 1.58138e+31 1.58138e+31 1.60181e+31 1.60181e+31 1.60181e+31 1.09068e+31 1.90063e+31 0 0 4.64348e+42 80.0981 0 0
2.20673e+09 1.17835e+31 1.17835e+31 1.19387e+31 1.19387e+31 1.19387e+31 8.21785e+30 1.40147e+31 0 0 4.64348e+42 84.2359 0 0
2.5483e+09 8.75008e+30 8.75008e+30 8.86768e+30 8.86768e+30 8.86768e+30 6.17347e+30 1.03053e+31 0 0 4.64348e+42 88.5874 0 0
2.94273e+09 6.46757e+30 6.46757e+30 6.55622e+30 6.55622e+30 6.55622e+30 4.61567e+30 7.55364e+30 0 0 4.64348e+42 93.1638 0 0
3.39821e+09 4.71516e+30 4.71516e+30 4.78106e+30 4.78106e+30 4.78106e+30 3.38932e+30 5.44596e+30 0 0 4.64348e+42 97.9765 0 0
3.92419e+09 3.48841e+30 3.48841e+30 3.53812e+30 3.53812e+30 3.53812e+30 2.54604e+30 4.01862e+30 0 0 4.64348e+42 103.038 0 0
4.53158e+09 2.57296e+30 2.57296e+30 2.61034e+30 2.61034e+30 2.61034e+30 1.9063e+30 2.9548e+30 0 0 4.64348e+42 108.361 0 0
5.23299e+09 1.89168e+30 1.89168e+30 1.9197e+30 1.9197e+30 1.9197e+30 1.42234e+30 2.16378e+30 0 0 4.64348e+42 113.959 0 0
6.04296e+09 1.36845e+30 1.36845e+30 1.38928e+30 1.38928e+30 1.38928e+30 1.04007e+30 1.55984e+30 0 0 4.64348e+42 119.846 0 0
6.97831e+09 1.00113e+30 1.00113e+30 1.01749e+30 1.01749e+30 1.01749e+30 7.79824e+29 1.14979e+30 0 0 4.64348e+42 126.037 0 0
8.05842e+09 7.08581e+29 7.08581e+29 7.23441e+29 7.23441e+29 7.23441e+29 5.82764e+29 8.45219e+29 0 0 4.64348e+42 132.548 0 0
9.30572e+09 4.49407e+29 4.49407e+29 4.66985e+29 4.66985e+29 4.66985e+29 4.32753e+29 6.19598e+29 0 0 4.64348e+42 139.395 0 0
1.07461e+10 2.21078e+29 2.21078e+29 2.43267e+29 2.43267e+29 2.43267e+29 3.15735e+29 4.48078e+29 0 0 4.64348e+42 156.404 0 0
1.24094e+10 7.8814e+28 7.8814e+28 1.01373e+29 1.01373e+29 1.01373e+29 2.34887e+29 3.31398e+29 0 0 4.64348e+42 187.229 0 0
1.43301e+10 2.00061e+28 2.00061e+28 3.69751e+28 3.69751e+28 3.69751e+28 1.73679e+29 2.44492e+29 0 0 4.64348e+42 224.128 0 0
1.65482e+10 3.4912e+27 3.4912e+27 1.34091e+28 1.34091e+28 1.34091e+28 1.28024e+29 1.79826e+29 0 0 4.64348e+42 268.301 0 0
1.91095e+10 3.58549e+26 3.58549e+26 5.07834e+27 5.07834e+27 5.07834e+27 9.2601e+28 1.30067e+29 0 0 4.64348e+42 321.179 0 0
2.20673e+10 1.84503e+25 1.84503e+25 2.11374e+27 2.11374e+27 2.11374e+27 6.85253e+28 9.62647e+28 0 0 4.64348e+42 384.478 34.7254 0
2.5483e+10 3.92447e+23 3.92447e+23 9.47225e+26 9.47225e+26 9.47225e+26 5.05392e+28 7.1013e+28 0 0 4.64348e+42 460.253 22.9578 0
2.94273e+10 3.14665e+21 3.14665e+21 4.54381e+26 4.54381e+26 4.54381e+26 3.71645e+28 5.22043e+28 0 0 4.64348e+42 550.962 15.5417 0
3.39821e+10 9.57235e+18 9.57235e+18 2.28511e+26 2.28511e+26 2.28511e+26 2.6817e+28 3.76812e+28 0 0 4.64348e+42 659.549 10.7604 0
3.92419e+10 1.31621e+16 1.31621e+16 1.24161e+26 1.24161e+26 1.24161e+26 1.98759e+28 2.78929e+28 0 0 4.64348e+42 789.536 7.61059 0
4.53158e+10 1.01212e+13 1.01212e+13 7.06885e+25 7.06885e+25 7.06885e+25 1.4699e+28 2.05966e+28 0 0 4.64348e+42 945.142 5.49245 0
5.23299e+10 5.88572e+09 5.88572e+09 4.1929e+25 4.1929e+25 4.1929e+25 1.08529e+28 1.51666e+28 0 0 4.64348e+42 1131.42 4.04008 0
6.04296e+10 3.53949e+06 3.53949e+06 2.54419e+25 2.54419e+25 2.54419e+25 7.88044e+27 1.09643e+28 0 0 4.64348e+42 1354.4 3.02568 0
6.97831e+10 3121.5 3121.5 1.6302e+25 1.6302e+25 1.6302e+25 5.87228e+27 8.1366e+27 0 0 4.64348e+42 1621.33 2.3047 0
8.05842e+10 5.16677 5.16677 1.07234e+25 1.07234e+25 1.07234e+25 4.36409e+27 6.02409e+27 0 0 4.64348e+42 1940.87 1.78376 0
9.30572e+10 0.0198127 0.0198127 7.21604e+24 7.21604e+24 7.21604e+24 3.23431e+27 4.44731e+27 0 0 4.64348e+42 2323.39 1.40144 0
1.07461e+11 0.000200031 0.000200031 4.88176e+24 4.88176e+24 4.88176e+24 2.35178e+27 3.22031e+27 0 0 4.64348e+42 2781.29 1.11671 0
1.24094e+11 5.95263e-06 5.95263e-06 3.44024e+24 3.44024e+24 3.44024e+24 1.75183e+27 2.39311e+27 0 0 4.64348e+42 3329.45 0.901709 0
1.43301e+11 5.16842e-07 5.16842e-07 2.45947e+24 2.45947e+24 2.45947e+24 1.30042e+27 1.77345e+27 0 0 4.64348e+42 3985.63 0.737233 0
1.65482e+11 1.26216e-07 1.26216e-07 1.77953e+24 1.77953e+24 1.77953e+24 9.61592e+26 1.30992e+27 0 0 4.64348e+42 4771.14 0.609868 0
1.91095e+11 7.93182e-08 7.93182e-08 1.28238e+24 1.28238e+24 1.28238e+24 6.97268e+26 9.48301e+26 0 0 4.64348e+42 5711.46 0.510106 0
2.20673e+11 1.20693e-07 1.20693e-07 9.56668e+23 9.56668e+23 9.56668e+23 5.18279e+26 7.04583e+26 0 0 4.64348e+42 6837.1 0.431129 0
2.5483e+11 3.85835e-07 3.85835e-07 7.19411e+23 7.19411e+23 7.19411e+23 3.83993e+26 5.21965e+26 0 0 4.64348e+42 8184.59 0.367983 0
2.94273e+11 2.29077e-06 2.29077e-06 5.44628e+23 5.44628e+23 5.44628e+23 2.83558e+26 3.85369e+26 0 0 4.64348e+42 9797.65 0.317029 0
3.39821e+11 2.20227e-05 2.20227e-05 4.08618e+23 4.08618e+23 4.08618e+23 2.05432e+26 2.78784e+26 0 0 4.64348e+42 0 0.275565 0
3.92419e+11 0.000317881 0.000317881 3.16236e+23 3.16236e+23 3.16236e+23 1.52634e+26 2.07018e+26 0 0 4.64348e+42 0 0.241562 0
4.53158e+11 0.00603101 0.00603101 2.45731e+23 2.45731e+23 2.45731e+23 1.1305e+26 1.5326e+26 0 0 4.64348e+42 0 0.213483 0
5.23299e+11 0.136727 0.136727 1.91539e+23 1.91539e+23 1.91539e+23 8.34539e+25 1.13065e+26 0 0 4.64348e+42 0 0.190154 0
6.04296e+11 3.35955 3.35955 1.474e+23 1.474e+23 1.474e+23 6.0417e+25 8.17071e+25 0 0 4.64348e+42 0 0.170669 0
6.97831e+11 87.0524 87.0525 1.16741e+23 1.16741e+23 1.16741e+23 4.48652e+25 6.06161e+25 0 0 4.64348e+42 0 0.154323 0
8.05842e+11 2187.09 2187.1 9.25867e+22 9.25867e+22 9.25867e+22 3.32098e+25 4.48271e+25 0 0 4.64348e+42 0 0.140565 0
9.30572e+11 50882 50882.1 7.34803e+22 7.34803e+22 7.34803e+22 2.44992e+25 3.30305e+25 0 0 4.64348e+42 0 0.12896 0
1.07461e+12 1.04138e+06 1.04138e+06 5.74188e+22 5.74188e+22 5.74188e+22 1.77174e+25 2.3832e+25 0 0 4.64348e+42 0 0.119166 0
1.24094e+12 1.90669e+07 1.90669e+07 4.61088e+22 4.61088e+22 4.61088e+22 1.31451e+25 1.76548e+25 0 0 4.64348e+42 0 0.110908 0
1.43301e+12 2.98217e+08 2.98217e+08 3.7005e+22 3.7005e+22 3.7005e+22 9.72052e+24 1.30352e+25 0 0 4.64348e+42 0 0.103969 0
1.65482e+12 3.93536e+09 3.93536e+09 2.96622e+22 2.96622e+22 2.96622e+22 7.16289e+24 9.58744e+24 0 0 4.64348e+42 0 0.098177 0
1.91095e+12 4.28222e+10 4.28222e+10 2.33568e+22 2.33568e+22 2.33568e+22 5.17219e+24 6.90168e+24 0 0 4.64348e+42 0 0.0933933 0
2.20673e+12 4.0061e+11 4.0061e+11 1.88764e+22 1.88764e+22 1.88764e+22 3.83211e+24 5.10193e+24 0 0 4.64348e+42 0 0.0895108 0
2.5483e+12 3.13583e+12 3.13583e+12 1.52178e+22 1.52178e+22 1.52178e+22 2.82945e+24 3.75808e+24 0 0 4.64348e+42 0 0.0864461 0
2.94273e+12 2.06042e+13 2.06042e+13 1.22292e+22 1.22292e+22 1.22292e+22 2.08149e+24 2.75689e+24 0 0 4.64348e+42 0 0.0841374 0
3.39821e+12 1.12353e+14 1.12353e+14 9.62857e+21 9.62857e+21 9.62857e+21 1.49964e+24 1.97803e+24 0 0 4.64348e+42 0 0.082541 0
3.92419e+12 5.35606e+14 5.35606e+14 7.76805e+21 7.76805e+21 7.76805e+21 1.10885e+24 1.45779e+24 0 0 4.64348e+42 0 0.08163 0
4.53158e+12 2.18537e+15 2.18537e+15 6.23562e+21 6.23562e+21 6.23562e+21 8.16901e+23 1.07021e+24 0 0 4.64348e+42 0 0.0813928 0
5.23299e+12 7.69112e+15 7.69113e+15 4.97541e+21 4.97541e+21 4.97541e+21 5.99475e+23 7.82192e+23 0 0 4.64348e+42 0 0.0818329 0
6.04296e+12 2.31352e+16 2.31352e+16 3.87489e+21 3.87489e+21 3.87489e+21 4.30519e+23 5.58577e+23 0 0 4.64348e+42 0 0.0829683 0
6.97831e+12 6.28437e+16 6.28437e+16 3.08385e+21 3.08385e+21 3.08385e+21 3.17406e+23 4.09907e+23 0 0 4.64348e+42 0 0.0848322 0
8.05842e+12 1.50876e+17 1.50876e+17 2.43263e+21 2.43263e+21 2.43263e+21 2.33088e+23 2.99514e+23 0 0 4.64348e+42 0 0.0874729 0
9.30572e+12 3.2255e+17 3.2255e+17 1.89944e+21 1.89944e+21 1.89944e+21 1.70446e+23 2.17775e+23 0 0 4.64348e+42 0 0.0909553 0
1.07461e+13 6.07499e+17 6.07499e+17 1.44018e+21 1.44018e+21 1.44018e+21 1.2185e+23 1.54492e+23 0 0 4.64348e+42 0 0.0953611 0
1.24094e+13 1.06567e+18 1.06567e+18 1.11196e+21 1.11196e+21 1.11196e+21 8.94665e+22 1.12701e+23 0 0 4.64348e+42 0 0.10079 0
1.43301e+13 1.70021e+18 1.70022e+18 8.47205e+20 8.47205e+20 8.47205e+20 6.54037e+22 8.18148e+22 0 0 4.64348e+42 0 0.10736 0
1.65482e+13 2.48217e+18 2.48218e+18 6.36265e+20 6.36265e+20 6.36265e+20 4.75878e+22 5.90624e+22 0 0 4.64348e+42 0 0.115206 0
1.91095e+13 3.27355e+18 3.27355e+18 4.61876e+20 4.61876e+20 4.61876e+20 3.38036e+22 4.15177e+22 0 0 4.64348e+42 0 0.12448 0
2.20673e+13 4.12785e+18 4.12786e+18 3.40877e+20 3.40877e+20 3.40877e+20 2.4677e+22 3.00407e+22 0 0 4.64348e+42 0 0.135345 0
2.5483e+13 4.84907e+18 4.84908e+18 2.47773e+20 2.47773e+20 2.47773e+20 1.79261e+22 2.16144e+22 0 0 4.64348e+42 0 0.147968 0
2.94273e+13 5.33475e+18 5.33477e+18 1.77367e+20 1.77367e+20 1.77367e+20 1.2953e+22 1.5452e+22 0 0 4.64348e+42 0 0.162507 0
3.39821e+13 5.41464e+18 5.41467e+18 1.22576e+20 1.22576e+20 1.22576e+20 9.1193e+21 1.07259e+22 0 0 4.64348e+42 0 0.179093 0
3.92419e+13 5.37944e+18 5.37948e+18 8.63821e+19 8.63821e+19 8.63821e+19 6.60443e+21 7.67552e+21 0 0 4.64348e+42 0 0.197804 0
4.53158e+13 5.08382e+18 5.08387e+18 6.00789e+19 6.00789e+19 6.00789e+19 4.75609e+21 5.45637e+21 0 0 4.64348e+42 0 0.218621 0
5.23299e+13 4.58976e+18 4.58983e+18 4.12615e+19 4.12615e+19 4.12615e+19 3.40402e+21 3.84961e+21 0 0 4.64348e+42 0 0.241387 0
6.04296e+13 3.88765e+18 3.88772e+18 2.73888e+19 2.73888e+19 2.73888e+19 2.36718e+21 2.62671e+21 0 0 4.64348e+42 0 0.265741 0
6.97831e+13 3.2882e+18 3.28827e+18 1.86445e+19 1.86445e+19 1.86445e+19 1.69581e+21 1.85191e+21 0 0 4.64348e+42 0 0.291055 0
8.05842e+13 2.68851e+18 2.68858e+18 1.25656e+19 1.25656e+19 1.25656e+19 1.2068e+21 1.29536e+21 0 0 4.64348e+42 0 0.316368 0
9.30572e+13 2.13088e+18 2.13094e+18 8.3866e+18 8.3866e+18 8.3866e+18 8.52574e+20 8.97905e+20 0 0 4.64348e+42 0 0.340344 0
1.07461e+14 1.601e+18 1.60106e+18 5.4085e+18 5.4085e+18 5.4085e+18 5.82924e+20 5.98535e+20 0 0 4.64348e+42 0 0 0
1.24094e+14 1.21951e+18 1.21958e+18 3.59703e+18 3.59703e+18 3.59703e+18 4.11479e+20 4.1368e+20 0 0 4.64348e+42 0 0 0
1.43301e+14 9.0722e+17 9.07312e+17 2.37232e+18 2.37232e+18 2.37232e+18 2.88147e+20 2.83179e+20 0 0 4.64348e+42 0 0 0
1.65482e+14 6.60004e+17 6.60141e+17 1.55109e+18 1.55109e+18 1.55109e+18 2.00016e+20 1.91719e+20 0 0 4.64348e+42 0 0 0
1.91095e+14 4.56751e+17 4.56947e+17 9.76587e+17 9.76587e+17 9.76587e+17 1.33619e+20 1.23811e+20 0 0 4.64348e+42 0 0 0
2.20673e+14 3.24081e+17 3.24354e+17 6.37369e+17 6.37369e+17 6.37369e+17 9.24549e+19 8.33357e+19 0 0 4.64348e+42 0 0 0
2.5483e+14 2.25736e+17 2.26082e+17 4.12412e+17 4.12412e+17 4.12412e+17 6.33493e+19 5.54308e+19 0 0 4.64348e+42 0 0 0
2.94273e+14 1.54393e+17 1.54789e+17 2.64368e+17 2.64368e+17 2.64368e+17 4.29416e+19 3.63707e+19 0 0 4.64348e+42 0 0 0
3.39821e+14 1.00157e+17 1.00558e+17 1.62024e+17 1.62024e+17 1.62024e+17 2.77843e+19 2.24931e+19 0 0 4.64348e+42 0 0 0
3.92419e+14 6.72648e+16 6.76582e+16 1.0354e+17 1.0354e+17 1.0354e+17 1.8713e+19 1.46158e+19 0 0 4.64348e+42 0 0 0
4.53158e+14 4.4426e+16 4.47841e+16 6.54839e+16 6.54839e+16 6.54839e+16 1.24502e+19 9.35752e+18 0 0 4.64348e+42 0 0 0
5.23299e+14 2.88445e+16 2.91492e+16 4.09416e+16 4.09416e+16 4.09416e+16 8.17263e+18 5.88953e+18 0 0 4.64348e+42 0 0 0
6.04296e+14 1.7609e+16 1.78422e+16 2.41857e+16 2.41857e+16 2.41857e+16 5.05848e+18 3.43179e+18 0 0 4.64348e+42 0 0 0
6.97831e+14 1.1252e+16 1.14317e+16 1.50178e+16 1.50178e+16 1.50178e+16 3.28439e+18 2.12774e+18 0 0 4.64348e+42 0 0 0
8.05842e+14 7.06802e+15 7.19973e+15 9.20029e+15 9.20029e+15 9.20029e+15 2.09952e+18 1.29484e+18 0 0 4.64348e+42 0 0 0
9.30572e+14 4.36028e+15 4.45227e+15 5.55238e+15 5.55238e+15 5.55238e+15 1.31931e+18 7.71113e+17 0 0 4.64348e+42 0 0 0
1.07461e+15 2.48785e+15 2.54575e+15 3.1073e+15 3.1073e+15 3.1073e+15 7.67125e+17 4.13581e+17 0 0 4.64348e+42 0 0 0
1.24094e+15 1.50736e+15 1.54517e+15 1.85067e+15 1.85067e+15 1.85067e+15 4.73718e+17 2.40873e+17 0 0 4.64348e+42 0 0 0
1.43301e+15 8.95176e+14 9.18897e+14 1.0824e+15 1.0824e+15 1.0824e+15 2.86663e+17 1.37018e+17 0 0 4.64348e+42 0 0 0
1.65482e+15 5.20231e+14 5.34533e+14 6.2049e+14 6.2049e+14 6.2049e+14 1.69669e+17 7.58227e+16 0 0 4.64348e+42 0 0 0
1.91095e+15 2.71692e+14 2.79319e+14 3.20087e+14 3.20087e+14 3.20087e+14 9.01801e+16 3.61755e+16 0 0 4.64348e+42 0 0 0
2.20673e+15 1.53903e+14 1.58253e+14 1.79312e+14 1.79312e+14 1.79312e+14 5.19465e+16 1.93787e+16 0 0 4.64348e+42 0 0 0
2.5483e+15 8.49399e+13 8.73266e+13 9.79694e+13 9.79694e+13 9.79694e+13 2.91256e+16 1.0077e+16 0 0 4.64348e+42 0 0 0
2.94273e+15 4.55943e+13 4.68538e+13 5.21082e+13 5.21082e+13 5.21082e+13 1.58662e+16 5.05968e+15 0 0 4.64348e+42 0 0 0
3.39821e+15 2.09359e+13 2.14988e+13 2.3728e+13 2.3728e+13 2.3728e+13 7.38519e+15 2.03976e+15 0 0 4.64348e+42 0 0 0
3.92419e+15 1.07965e+13 1.10766e+13 1.21436e+13 1.21436e+13 1.21436e+13 3.85643e+15 9.76525e+14 0 0 4.64348e+42 0 0 0
4.53158e+15 5.3713e+12 5.50465e+12 5.99976e+12 5.99976e+12 5.99976e+12 1.94048e+15 4.50481e+14 0 0 4.64348e+42 0 0 0
5.23299e+15 2.57618e+12 2.63696e+12 2.85949e+12 2.85949e+12 2.85949e+12 9.40216e+14 1.98832e+14 0 0 4.64348e+42 0 0 0
6.04296e+15 9.71648e+11 9.93296e+11 1.07232e+12 1.07232e+12 1.07232e+12 3.57811e+14 6.24517e+13 0 0 4.64348e+42 0 0 0
6.97831e+15 4.36902e+11 4.46041e+11 4.79661e+11 4.79661e+11 4.79661e+11 1.62162e+14 2.56303e+13 0 0 4.64348e+42 0 0 0
8.05842e+15 1.86385e+11 1.90027e+11 2.0366e+11 2.0366e+11 2.0366e+11 6.96472e+13 1.00537e+13 0 0 4.64348e+42 0 0 0
9.30572e+15 7.56365e+10 7.70105e+10 8.22934e+10 8.22934e+10 8.22934e+10 2.84224e+13 3.74027e+12 0 0 4.64348e+42 0 0 0
1.07461e+16 2.09998e+10 2.1353e+10 2.27598e+10 2.27598e+10 2.27598e+10 7.92608e+12 7.9553e+11 0 0 4.64348e+42 0 0 0
1.24094e+16 7.68753e+09 7.80682e+09 8.30282e+09 8.30282e+09 8.30282e+09 2.91143e+12 2.61367e+11 0 0 4.64348e+42 0 0 0
1.43301e+16 2.58554e+09 2.62243e+09 2.78375e+09 2.78375e+09 2.78375e+09 9.81487e+11 8.13582e+10 0 0 4.64348e+42 0 0 0
1.65482e+16 8.01173e+08 8.11648e+08 8.60171e+08 8.60171e+08 8.60171e+08 3.04457e+11 2.4118e+10 0 0 4.64348e+42 0 0 0
1.91095e+16 1.38828e+08 1.40487e+08 1.48678e+08 1.48678e+08 1.48678e+08 5.27769e+10 2.73614e+09 0 0 4.64348e+42 0 0 0
2.20673e+16 3.69466e+07 3.73491e+07 3.94795e+07 3.94795e+07 3.94795e+07 1.40346e+10 6.35242e+08 0 0 4.64348e+42 0 0 0
2.5483e+16 8.50619e+06 8.59049e+06 9.07128e+06 9.07128e+06 9.07128e+06 3.2255e+09 1.35862e+08 0 0 4.64348e+42 0 0 0
2.94273e+16 1.64112e+06 1.65588e+06 1.74707e+06 1.74707e+06 1.74707e+06 6.20627e+08 2.83053e+07 0 0 4.64348e+42 0 0 0
3.39821e+16 136619 137732 145213 145213 145213 5.1477e+07 1.30007e+06 0 0 4.64348e+42 0 0 0
3.92419e+16 21432.8 21590.7 22750 22750 22750 8.03928e+06 171052 0 0 4.64348e+42 0 0 0
4.53158e+16 2635.21 2652.74 2793.82 2793.82 2793.82 983148 18719 0 0 4.64348e+42 0 0 0
5.23299e+16 230.19 231.57 243.791 243.791 243.791 85349.5 1971.33 0 0 4.64348e+42 0 0 0
6.04296e+16 5.4862 5.51581 5.80513 5.80513 5.80513 2020.02 25.7696 0 0 4.64348e+42 0 0 0
6.97831e+16 0.331917 0.333528 0.35094 0.35094 0.35094 121.268 1.16142 0 0 4.64348e+42 0 0 0
8.05842e+16 0.0095692 0.00961089 0.0101109 0.0101109 0.0101109 3.46685 0.0199013 0 0 4.64348e+42 0 0 0
9.30572e+16 0 0 0 0 0 0 0 0 0 4.64348e+42 0 0 0