
1.07461e-07 3.43479e+52 3.43479e+52 1.17372e+55 1.20879e+55 1.22658e+55 0 0 5.35498e+43 1.10223e+47 4.64348e+42 0 0 1
1.24094e-07 1.39969e+53 1.39969e+53 1.04439e+55 1.07137e+55 1.08303e+55 0 0 6.18384e+43 4.37121e+47 4.64348e+42 0 0 1
1.43301e-07 3.82519e+53 3.82519e+53 9.26857e+54 9.4755e+54 9.5518e+54 0 0 7.14098e+43 1.16567e+48 4.64348e+42 0 0 1
1.65482e-07 7.77739e+53 7.77739e+53 8.20586e+54 8.36427e+54 8.41403e+54 0 0 8.24628e+43 2.31816e+48 4.64348e+42 0 0 1
1.91095e-07 1.27024e+54 1.27024e+54 7.24905e+54 7.37007e+54 7.40243e+54 0 0 9.52265e+43 3.7114e+48 4.64348e+42 0 0 1
2.20673e-07 1.76372e+54 1.76372e+54 6.3906e+54 6.4829e+54 6.50388e+54 0 0 1.09966e+44 5.06199e+48 4.64348e+42 0 0 1
2.5483e-07 2.17101e+54 2.17101e+54 5.62272e+54 5.69298e+54 5.70654e+54 0 0 1.26987e+44 6.13267e+48 4.64348e+42 0 0 1
2.94273e-07 2.44359e+54 2.44359e+54 4.93765e+54 4.99103e+54 4.99978e+54 0 0 1.46642e+44 6.80679e+48 4.64348e+42 0 0 1
3.39821e-07 2.57313e+54 2.57313e+54 4.32788e+54 4.36836e+54 4.37399e+54 0 0 1.69339e+44 7.08143e+48 4.64348e+42 0 0 1
3.92419e-07 2.57809e+54 2.57809e+54 3.7863e+54 3.81695e+54 3.82056e+54 0 0 1.9555e+44 7.02291e+48 4.64348e+42 0 0 1
4.53158e-07 2.4886e+54 2.4886e+54 3.30626e+54 3.32943e+54 3.33173e+54 0 0 2.25818e+44 6.72284e+48 4.64348e+42 0 0 1
5.23299e-07 2.33577e+54 2.33577e+54 2.88159e+54 2.89906e+54 2.90053e+54 0 0 2.6077e+44 6.2695e+48 4.64348e+42 0 0 1
6.04296e-07 2.14621e+54 2.14621e+54 2.5066e+54 2.51976e+54 2.52069e+54 0 0 3.01133e+44 5.73482e+48 4.64348e+42 0 0 1
6.97831e-07 1.94021e+54 1.94021e+54 2.17611e+54 2.186e+54 2.18659e+54 0 0 3.47743e+44 5.17134e+48 4.64348e+42 0 0 1
8.05842e-07 1.73206e+54 1.73206e+54 1.88537e+54 1.89278e+54 1.89316e+54 0 0 4.01567e+44 4.61423e+48 4.64348e+42 0 0 1
9.30572e-07 1.53103e+54 1.53103e+54 1.63008e+54 1.63563e+54 1.63587e+54 0 0 4.63722e+44 4.08514e+48 4.64348e+42 0 0 1
1.07461e-06 1.34268e+54 1.34268e+54 1.40636e+54 1.41051e+54 1.41065e+54 0 0 5.35498e+44 3.5959e+48 4.64348e+42 0 0 1
1.24094e-06 1.16992e+54 1.16992e+54 1.21069e+54 1.21378e+54 1.21387e+54 0 0 6.18383e+44 3.15179e+48 4.64348e+42 0 0 1
1.43301e-06 1.01389e+54 1.01389e+54 1.03989e+54 1.04219e+54 1.04224e+54 0 0 7.14098e+44 2.75383e+48 4.64348e+42 0 0 1
1.65482e-06 8.74593e+53 8.74593e+53 8.91116e+53 8.92821e+53 8.92856e+53 0 0 8.24627e+44 2.40052e+48 4.64348e+42 0 0 1
1.91095e-06 7.51344e+53 7.51344e+53 7.61811e+53 7.63073e+53 7.63095e+53 0 0 9.52264e+44 2.08894e+48 4.64348e+42 0 0 1
2.20673e-06 6.43068e+53 6.43068e+53 6.49678e+53 6.5061e+53 6.50623e+53 0 0 1.09966e+45 1.81548e+48 4.64348e+42 0 0 1
2.5483e-06 5.48499e+53 5.48499e+53 5.52661e+53 5.53348e+53 5.53356e+53 0 0 1.26986e+45 1.57634e+48 4.64348e+42 0 0 1
2.94273e-06 4.66313e+53 4.66313e+53 4.68926e+53 4.6943e+53 4.69435e+53 0 0 1.46642e+45 1.36775e+48 4.64348e+42 0 0 1
3.39821e-06 3.95198e+53 3.95198e+53 3.96833e+53 3.97203e+53 3.97206e+53 0 0 1.69339e+45 1.18615e+48 4.64348e+42 0 0 1
3.92419e-06 3.33904e+53 3.33904e+53 3.34925e+53 3.35195e+53 3.35197e+53 0 0 1.9555e+45 1.02827e+48 4.64348e+42 0 0 1
4.53158e-06 2.81268e+53 2.81268e+53 2.81903e+53 2.821e+53 2.82102e+53 0 0 2.25817e+45 8.91156e+47 4.64348e+42 0 0 1
5.23299e-06 2.36225e+53 2.36225e+53 2.36619e+53 2.36762e+53 2.36763e+53 0 0 2.60769e+45 7.72163e+47 4.64348e+42 0 0 1
6.04296e-06 1.97807e+53 1.97807e+53 1.98051e+53 1.98155e+53 1.98156e+53 0 0 3.01132e+45 6.68957e+47 4.64348e+42 0 0 1
6.97831e-06 1.65149e+53 1.65149e+53 1.653e+53 1.65375e+53 1.65375e+53 0 0 3.47741e+45 5.79479e+47 4.64348e+42 0 0 1
8.05842e-06 1.37477e+53 1.37477e+53 1.3757e+53 1.37624e+53 1.37624e+53 0 0 4.01565e+45 5.01928e+47 4.64348e+42 0 0 1
9.30572e-06 1.14106e+53 1.14106e+53 1.14163e+53 1.14202e+53 1.14202e+53 0 0 4.6372e+45 4.34728e+47 4.64348e+42 0 0 1
1.07461e-05 9.44325e+52 9.44325e+52 9.44673e+52 9.44951e+52 9.44952e+52 0 0 5.35495e+45 3.76508e+47 4.64348e+42 0 0 1
1.24094e-05 7.79247e+52 7.79247e+52 7.79459e+52 7.79658e+52 7.79659e+52 0 0 6.18379e+45 3.26073e+47 4.64348e+42 0 0 1
1.43301e-05 6.41188e+52 6.41188e+52 6.41317e+52 6.41458e+52 6.41459e+52 0 0 7.14092e+45 2.82388e+47 4.64348e+42 0 0 1
1.65482e-05 5.26103e+52 5.26103e+52 5.26181e+52 5.26281e+52 5.26282e+52 0 0 8.2462e+45 2.44551e+47 4.64348e+42 0 0 1
1.91095e-05 4.30482e+52 4.30482e+52 4.30529e+52 4.306e+52 4.306e+52 0 0 9.52255e+45 2.1178e+47 4.64348e+42 0 0 1
2.20673e-05 3.51291e+52 3.51291e+52 3.5132e+52 3.5137e+52 3.5137e+52 0 0 1.09964e+46 1.834e+47 4.64348e+42 0 0 1
2.5483e-05 2.85919e+52 2.85919e+52 2.85936e+52 2.85972e+52 2.85972e+52 0 0 1.26985e+46 1.58821e+47 4.64348e+42 0 0 1
2.94273e-05 2.32126e+52 2.32126e+52 2.32136e+52 2.32161e+52 2.32161e+52 0 0 1.46639e+46 1.37535e+47 4.64348e+42 0 0 1
3.39821e-05 1.87997e+52 1.87997e+52 1.88003e+52 1.88021e+52 1.88021e+52 0 0 1.69336e+46 1.19102e+47 4.64348e+42 0 0 1
3.92419e-05 1.51907e+52 1.51907e+52 1.51911e+52 1.51923e+52 1.51923e+52 0 0 1.95546e+46 1.03139e+47 4.64348e+42 0 0 1
4.53158e-05 1.22478e+52 1.22478e+52 1.2248e+52 1.22489e+52 1.22489e+52 0 0 2.25812e+46 8.93153e+46 4.64348e+42 0 0 1
5.23299e-05 9.85474e+51 9.85474e+51 9.85487e+51 9.85547e+51 9.85547e+51 0 0 2.60762e+46 7.73442e+46 4.64348e+42 0 0 1
6.04296e-05 7.91405e+51 7.91405e+51 7.91413e+51 7.91455e+51 7.91455e+51 0 0 3.01122e+46 6.69776e+46 4.64348e+42 0 0 1
6.97831e-05 6.34422e+51 6.34422e+51 6.34427e+51 6.34455e+51 6.34455e+51 0 0 3.47729e+46 5.80003e+46 4.64348e+42 0 0 1
8.05842e-05 5.0774e+51 5.0774e+51 5.07743e+51 5.07763e+51 5.07763e+51 0 0 4.01548e+46 5.02263e+46 4.64348e+42 0 0 1
9.30572e-05 4.05739e+51 4.05739e+51 4.05741e+51 4.05754e+51 4.05754e+51 0 0 4.63697e+46 4.34943e+46 4.64348e+42 0 0 1
0.000107461 3.2378e+51 3.2378e+51 3.23781e+51 3.2379e+51 3.2379e+51 0 0 5.35465e+46 3.76645e+46 4.64348e+42 0 0 1
0.000124094 2.5805e+51 2.5805e+51 2.5805e+51 2.58057e+51 2.58057e+51 0 0 6.18339e+46 3.26161e+46 4.64348e+42 0 0 1
0.000143301 2.05428e+51 2.05428e+51 2.05428e+51 2.05432e+51 2.05432e+51 0 0 7.14039e+46 2.82444e+46 4.64348e+42 0 0 1
0.000165482 1.63367e+51 1.63367e+51 1.63367e+51 1.6337e+51 1.6337e+51 0 0 8.24549e+46 2.44587e+46 4.64348e+42 0 0 1
0.000191095 1.29796e+51 1.29796e+51 1.29796e+51 1.29798e+51 1.29798e+51 0 0 9.5216e+46 2.11804e+46 4.64348e+42 0 0 1
0.000220673 1.03037e+51 1.03037e+51 1.03037e+51 1.03038e+51 1.03038e+51 0 0 1.09952e+47 1.83414e+46 4.64348e+42 0 0 1
0.00025483 8.17329e+50 8.17329e+50 8.17329e+50 8.1734e+50 8.1734e+50 0 0 1.26968e+47 1.5883e+46 4.64348e+42 0 0 1
0.000294273 6.47898e+50 6.47898e+50 6.47898e+50 6.47905e+50 6.47905e+50 0 0 1.46617e+47 1.37541e+46 4.64348e+42 0 0 1
0.000339821 5.13277e+50 5.13277e+50 5.13277e+50 5.13282e+50 5.13282e+50 0 0 1.69306e+47 1.19106e+46 4.64348e+42 0 0 1
0.000392419 4.06405e+50 4.06405e+50 4.06405e+50 4.06408e+50 4.06408e+50 0 0 1.95506e+47 1.03142e+46 4.64348e+42 0 0 1
0.000453158 3.21625e+50 3.21625e+50 3.21625e+50 3.21627e+50 3.21627e+50 0 0 2.25758e+47 8.93169e+45 4.64348e+42 0 0 1
0.000523299 2.54414e+50 2.54414e+50 2.54414e+50 2.54416e+50 2.54416e+50 0 0 2.60691e+47 7.73452e+45 4.64348e+42 0 0 1
0.000604296 2.01162e+50 2.01162e+50 2.01162e+50 2.01163e+50 2.01163e+50 0 0 3.01027e+47 6.69782e+45 4.64348e+42 0 0 1
0.000697831 1.5899e+50 1.5899e+50 1.5899e+50 1.58991e+50 1.58991e+50 0 0 3.47602e+47 5.80007e+45 4.64348e+42 0 0 1
0.000805842 1.25609e+50 1.25609e+50 1.25609e+50 1.25609e+50 1.25609e+50 0 0 4.01379e+47 5.02266e+45 4.64348e+42 0 0 1
0.000930572 9.91951e+49 9.91951e+49 9.91951e+49 9.91954e+49 9.91954e+49 0 0 4.63472e+47 4.34944e+45 4.64348e+42 0 0 1
0.00107461 7.83026e+49 7.83026e+49 7.83026e+49 7.83028e+49 7.83028e+49 0 0 5.35164e+47 3.76646e+45 4.64348e+42 0 0 1
0.00124094 6.17826e+49 6.17826e+49 6.17826e+49 6.17827e+49 6.17827e+49 0 0 6.17938e+47 3.26162e+45 4.64348e+42 0 0 1
0.00143301 4.87243e+49 4.87243e+49 4.87243e+49 4.87244e+49 4.87244e+49 0 0 7.13505e+47 2.82445e+45 4.64348e+42 0 0 1
0.00165482 3.84057e+49 3.84057e+49 3.84057e+49 3.84058e+49 3.84058e+49 0 0 8.23836e+47 2.44587e+45 4.64348e+42 0 0 1
0.00191095 3.02549e+49 3.02549e+49 3.02549e+49 3.02549e+49 3.02549e+49 0 0 9.5121e+47 2.11804e+45 4.64348e+42 0 0 1
0.00220673 2.38189e+49 2.38189e+49 2.38189e+49 2.38189e+49 2.38189e+49 0 0 1.09825e+48 1.83414e+45 4.64348e+42 0 0 1
0.0025483 1.8739e+49 1.8739e+49 1.8739e+49 1.87391e+49 1.87391e+49 0 0 1.26799e+48 1.5883e+45 4.64348e+42 0 0 1
0.00294273 1.47314e+49 1.47314e+49 1.47314e+49 1.47315e+49 1.47315e+49 0 0 1.46392e+48 1.37541e+45 4.64348e+42 0 0 1
0.00339821 1.15715e+49 1.15715e+49 1.15715e+49 1.15715e+49 1.15715e+49 0 0 1.69006e+48 1.19106e+45 4.64348e+42 0 0 1
0.00392419 9.08126e+48 9.08126e+48 9.08126e+48 9.08127e+48 9.08127e+48 0 0 1.95105e+48 1.03142e+45 4.64348e+42 0 0 1
0.00453158 7.12016e+48 7.12016e+48 7.12016e+48 7.12017e+48 7.12017e+48 0 0 2.25224e+48 8.93169e+44 4.64348e+42 0 0 1
0.00523299 5.57688e+48 5.57688e+48 5.57688e+48 5.57688e+48 5.57688e+48 0 0 2.59979e+48 7.73452e+44 4.64348e+42 0 0 1
0.00604296 4.36338e+48 4.36338e+48 4.36338e+48 4.36338e+48 4.36338e+48 0 0 3.00078e+48 6.69782e+44 4.64348e+42 0 0 1
0.00697831 3.41003e+48 3.41003e+48 3.41003e+48 3.41003e+48 3.41003e+48 0 0 3.46337e+48 5.80007e+44 4.64348e+42 0 0 1
0.00805842 2.66179e+48 2.66179e+48 2.66179e+48 2.66179e+48 2.66179e+48 0 0 3.99692e+48 5.02266e+44 4.64348e+42 0 0 1
0.00930572 2.07514e+48 2.07514e+48 2.07514e+48 2.07514e+48 2.07514e+48 0 0 4.61223e+48 4.34944e+44 4.64348e+42 0 0 1
0.0107461 1.6157e+48 1.6157e+48 1.6157e+48 1.6157e+48 1.6157e+48 0 0 5.32166e+48 3.76646e+44 4.64348e+42 0 0 1
0.0124094 1.25631e+48 1.25631e+48 1.25631e+48 1.25631e+48 1.25631e+48 0 0 6.13942e+48 3.26162e+44 4.64348e+42 0 0 1
0.0143301 9.75546e+47 9.75546e+47 9.75546e+47 9.75546e+47 9.75546e+47 0 0 7.08177e+48 2.82445e+44 4.64348e+42 0 0 1
0.0165482 7.56486e+47 7.56486e+47 7.56486e+47 7.56487e+47 7.56487e+47 0 0 8.16735e+48 2.44587e+44 4.64348e+42 0 0 1
0.0191095 5.85807e+47 5.85807e+47 5.85807e+47 5.85807e+47 5.85807e+47 0 0 9.41746e+48 2.11804e+44 4.64348e+42 0 0 1
0.0220673 4.53011e+47 4.53011e+47 4.53011e+47 4.53011e+47 4.53011e+47 0 0 1.08564e+49 1.83414e+44 4.64348e+42 0 0 1
0.025483 3.4984e+47 3.4984e+47 3.4984e+47 3.4984e+47 3.4984e+47 0 0 1.25118e+49 1.5883e+44 4.64348e+42 0 0 1
0.0294273 2.69801e+47 2.69801e+47 2.69801e+47 2.69801e+47 2.69801e+47 0 0 1.44152e+49 1.37541e+44 4.64348e+42 0 0 1
0.0339821 2.07801e+47 2.07801e+47 2.07801e+47 2.07801e+47 2.07801e+47 0 0 1.66022e+49 1.19106e+44 4.64348e+42 0 0 1
0.0392419 1.59844e+47 1.59844e+47 1.59844e+47 1.59844e+47 1.59844e+47 0 0 1.91131e+49 1.03141e+44 4.64348e+42 0 0 1
0.0453158 1.22803e+47 1.22803e+47 1.22803e+47 1.22803e+47 1.22803e+47 0 0 2.19932e+49 8.93168e+43 4.64348e+42 0 0 1
0.0523299 9.42337e+46 9.42337e+46 9.42337e+46 9.42337e+46 9.42337e+46 0 0 2.52933e+49 7.73452e+43 4.64348e+42 0 0 1
0.0604296 7.22297e+46 7.22297e+46 7.22297e+46 7.22297e+46 7.22297e+46 0 0 2.90698e+49 6.69781e+43 4.64348e+42 0 0 1
0.0697831 5.53046e+46 5.53046e+46 5.53046e+46 5.53046e+46 5.53046e+46 0 0 3.33853e+49 5.80007e+43 4.64348e+42 0 0 1
0.0805842 4.23029e+46 4.23029e+46 4.23029e+46 4.23029e+46 4.23029e+46 0 0 3.83083e+49 5.02265e+43 4.64348e+42 0 0 1
0.0930572 3.2327e+46 3.2327e+46 3.2327e+46 3.2327e+46 3.2327e+46 0 0 4.39135e+49 4.34944e+43 4.64348e+42 0 0 1
0.107461 2.46817e+46 2.46817e+46 2.46817e+46 2.46817e+46 2.46817e+46 0 0 5.02803e+49 3.76645e+43 4.64348e+42 0 0 1
0.124094 1.88287e+46 1.88287e+46 1.88287e+46 1.88287e+46 1.88287e+46 0 0 5.74927e+49 3.26161e+43 4.64348e+42 0 0 1
0.143301 1.43524e+46 1.43524e+46 1.43524e+46 1.43524e+46 1.43524e+46 0 0 6.56368e+49 2.82444e+43 4.64348e+42 0 0 1
0.165482 1.09322e+46 1.09322e+46 1.09322e+46 1.09322e+46 1.09322e+46 0 0 7.47982e+49 2.44586e+43 4.64348e+42 0 0 1
0.191095 8.32115e+45 8.32115e+45 8.32115e+45 8.32115e+45 8.32115e+45 0 0 8.50579e+49 2.11803e+43 4.64348e+42 0 0 1
0.220673 6.32954e+45 6.32954e+45 6.32954e+45 6.32954e+45 6.32954e+45 0 0 9.64861e+49 1.83414e+43 4.64348e+42 0 0 1
0.25483 4.81158e+45 4.81158e+45 4.81158e+45 4.81158e+45 4.81158e+45 0 0 1.09135e+50 1.5883e+43 4.64348e+42 0 0 1
0.294273 3.65545e+45 3.65545e+45 3.65545e+45 3.65545e+45 3.65545e+45 0 0 1.23026e+50 1.37541e+43 4.64348e+42 0 0 1
0.339821 2.77552e+45 2.77552e+45 2.77552e+45 2.77552e+45 2.77552e+45 0 0 1.38139e+50 1.19105e+43 4.64348e+42 0 0 1
0.392419 2.10623e+45 2.10623e+45 2.10623e+45 2.10623e+45 2.10623e+45 0 0 1.54393e+50 1.03141e+43 4.64348e+42 0 0 1
0.453158 1.59747e+45 1.59747e+45 1.59747e+45 1.59747e+45 1.59747e+45 0 0 1.71623e+50 8.93162e+42 4.64348e+42 0 0 1
0.523299 1.21097e+45 1.21097e+45 1.21097e+45 1.21097e+45 1.21097e+45 0 0 1.89557e+50 7.73445e+42 4.64348e+42 0 0 1
0.604296 9.1751e+44 9.1751e+44 9.1751e+44 9.1751e+44 9.1751e+44 0 0 2.07788e+50 6.69775e+42 4.64348e+42 0 0 1
0.697831 6.94818e+44 6.94818e+44 6.94818e+44 6.94818e+44 6.94818e+44 0 0 2.25741e+50 5.8e+42 4.64348e+42 0 0 1
0.805842 5.25919e+44 5.25919e+44 5.25919e+44 5.25919e+44 5.25919e+44 0 0 2.42652e+50 5.02259e+42 4.64348e+42 0 0 1
0.930572 3.97885e+44 3.97885e+44 3.97885e+44 3.97885e+44 3.97885e+44 0 0 2.57551e+50 4.34937e+42 4.64348e+42 0 0 1
1.07461 3.00878e+44 3.00878e+44 3.00878e+44 3.00878e+44 3.00878e+44 0 0 2.69268e+50 3.76639e+42 4.64348e+42 0 0 1
1.24094 2.27416e+44 2.27416e+44 2.27416e+44 2.27416e+44 2.27416e+44 0 0 2.76477e+50 3.26155e+42 4.64348e+42 0 0 1
1.43301 1.71811e+44 1.71811e+44 1.71811e+44 1.71811e+44 1.71811e+44 0 0 2.77792e+50 2.82438e+42 4.64348e+42 0 0 1
1.65482 1.29743e+44 1.29743e+44 1.29743e+44 1.29743e+44 1.29743e+44 0 0 2.71939e+50 2.4458e+42 4.64348e+42 0 0 1
1.91095 9.79304e+43 9.79304e+43 9.79304e+43 9.79304e+43 9.79304e+43 0 0 2.58e+50 2.11796e+42 4.64348e+42 0 0 1
2.20673 7.38854e+43 7.38854e+43 7.38854e+43 7.38854e+43 7.38854e+43 0 0 2.35724e+50 1.83407e+42 4.64348e+42 0 0 1
2.5483 5.57195e+43 5.57195e+43 5.57195e+43 5.57195e+43 5.57195e+43 0 0 2.05839e+50 1.58823e+42 4.64348e+42 0 0 1
2.94273 4.20015e+43 4.20015e+43 4.20015e+43 4.20015e+43 4.20015e+43 0 0 1.7025e+50 1.37534e+42 4.64348e+42 0 0 1
3.39821 3.16471e+43 3.16471e+43 3.16471e+43 3.16471e+43 3.16471e+43 0 0 1.31982e+50 1.19099e+42 4.64348e+42 0 0 1
3.92419 2.38349e+43 2.38349e+43 2.38349e+43 2.38349e+43 2.38349e+43 0 0 9.47392e+49 1.03134e+42 4.64348e+42 0 0 1
4.53158 1.79433e+43 1.79433e+43 1.79433e+43 1.79433e+43 1.79433e+43 0 0 6.20993e+49 8.93096e+41 4.64348e+42 0 0 1
5.23299 1.35021e+43 1.35021e+43 1.35021e+43 1.35021e+43 1.35021e+43 0 0 3.65873e+49 7.7338e+41 4.64348e+42 0 0 1
6.04296 1.01557e+43 1.01557e+43 1.01557e+43 1.01557e+43 1.01557e+43 0 0 1.90332e+49 6.69709e+41 4.64348e+42 0 0 1
6.97831 7.63524e+42 7.63524e+42 7.63524e+42 7.63524e+42 7.63524e+42 0 0 8.56767e+48 5.79935e+41 4.64348e+42 0 0 1
8.05842 5.73772e+42 5.73772e+42 5.73772e+42 5.73772e+42 5.73772e+42 0 0 3.26148e+48 5.02193e+41 4.64348e+42 0 0 1
9.30572 4.3098e+42 4.3098e+42 4.3098e+42 4.3098e+42 4.3098e+42 0 0 1.02277e+48 4.34871e+41 4.64348e+42 0 0 1
10.7461 3.23572e+42 3.23572e+42 3.23572e+42 3.23572e+42 3.23572e+42 0 0 2.56367e+47 3.76573e+41 4.64348e+42 0 0 1
12.4094 2.42816e+42 2.42816e+42 2.42816e+42 2.42816e+42 2.42816e+42 0 0 4.96132e+46 3.26089e+41 4.64348e+42 0 0 1
14.3301 1.82125e+42 1.82125e+42 1.82125e+42 1.82125e+42 1.82125e+42 0 0 7.12171e+45 2.82372e+41 4.64348e+42 0 0 1
16.5482 1.36535e+42 1.36535e+42 1.36535e+42 1.36535e+42 1.36535e+42 0 0 7.24005e+44 2.44514e+41 4.64348e+42 0 0 1
19.1095 1.02305e+42 1.02305e+42 1.02305e+42 1.02305e+42 1.02305e+42 0 0 4.9417e+43 2.11731e+41 4.64348e+42 0 0 1
22.0673 7.6616e+41 7.6616e+41 7.6616e+41 7.6616e+41 7.6616e+41 0 0 2.12916e+42 1.83342e+41 4.64348e+42 0 0 1
25.483 5.7347e+41 5.7347e+41 5.7347e+41 5.7347e+41 5.7347e+41 0 0 5.39277e+40 1.58758e+41 4.64348e+42 0 0 1
29.4273 4.29008e+41 4.29008e+41 4.29008e+41 4.29008e+41 4.29008e+41 0 0 7.39562e+38 1.37469e+41 4.64348e+42 0 0 1
33.9821 3.2076e+41 3.2076e+41 3.2076e+41 3.2076e+41 3.2076e+41 0 0 4.99408e+36 1.19033e+41 4.64348e+42 0 0 1
39.2419 2.39692e+41 2.39692e+41 2.39692e+41 2.39692e+41 2.39692e+41 0 0 1.4881e+34 1.03069e+41 4.64348e+42 0 0 1
45.3158 1.79011e+41 1.79011e+41 1.79011e+41 1.79011e+41 1.79011e+41 0 0 1.72388e+31 8.92441e+40 4.64348e+42 0 0 1
52.3299 1.33616e+41 1.33616e+41 1.33616e+41 1.33616e+41 1.33616e+41 0 0 6.70776e+27 7.72724e+40 4.64348e+42 0 0 1
60.4296 9.9675e+40 9.9675e+40 9.9675e+40 9.9675e+40 9.9675e+40 0 0 7.40463e+23 6.69054e+40 4.64348e+42 0 0 1
69.7831 7.43132e+40 7.43132e+40 7.43132e+40 7.43132e+40 7.43132e+40 0 0 1.90809e+19 5.79279e+40 4.64348e+42 0 0 1
80.5842 5.53728e+40 5.53728e+40 5.53728e+40 5.53728e+40 5.53728e+40 0 0 9.16357e+13 5.01538e+40 4.64348e+42 0 0 1
93.0572 4.12363e+40 4.12363e+40 4.12363e+40 4.12363e+40 4.12363e+40 0 0 6.32369e+07 4.34216e+40 4.64348e+42 0 0 1
107.461 3.06914e+40 3.06914e+40 3.06914e+40 3.06914e+40 3.06914e+40 0 0 4.64411 3.75918e+40 4.64348e+42 0 0 1
124.094 2.28302e+40 2.28302e+40 2.28302e+40 2.28302e+40 2.28302e+40 0 0 2.56603e-08 3.25434e+40 4.64348e+42 0 0 1
143.301 1.69731e+40 1.69731e+40 1.69731e+40 1.69731e+40 1.69731e+40 0 0 7.14723e-18 2.81717e+40 4.64348e+42 0 0 1
165.482 1.26117e+40 1.26117e+40 1.26117e+40 1.26117e+40 1.26117e+40 0 0 6.31984e-29 2.4386e+40 4.64348e+42 0 0 1
191.095 9.36593e+39 9.36593e+39 9.36593e+39 9.36593e+39 9.36593e+39 0 0 1.04005e-41 2.11076e+40 4.64348e+42 0 0 1
220.673 6.95178e+39 6.95178e+39 6.95178e+39 6.95178e+39 6.95178e+39 0 0 1.7194e-56 1.82687e+40 4.64348e+42 0 0 1
254.83 5.15719e+39 5.15719e+39 5.15719e+39 5.15719e+39 5.15719e+39 0 0 1.40092e-73 1.58103e+40 4.64348e+42 0 0 1
294.273 3.82389e+39 3.82389e+39 3.8239e+39 3.8239e+39 3.8239e+39 0 0 2.47194e-93 1.36815e+40 4.64348e+42 0 0 1
339.821 2.83386e+39 2.83386e+39 2.83386e+39 2.83386e+39 2.83386e+39 0 0 3.65467e-116 1.1838e+40 4.64348e+42 0 0 1
392.419 2.09911e+39 2.09911e+39 2.09911e+39 2.09911e+39 2.09911e+39 0 0 1.5122e-142 1.02415e+40 4.64348e+42 0 0 1
453.158 1.55409e+39 1.55409e+39 1.55409e+39 1.55409e+39 1.55409e+39 0 0 4.93597e-173 8.85912e+39 4.64348e+42 0 0 1
523.299 1.15003e+39 1.15003e+39 1.15003e+39 1.15003e+39 1.15003e+39 0 0 2.94488e-208 7.662e+39 4.64348e+42 0 0 1
604.296 8.50616e+38 8.50616e+38 8.50616e+38 8.50616e+38 8.50616e+38 0 0 5.93372e-249 6.62535e+39 4.64348e+42 0 0 1
697.831 6.28859e+38 6.28859e+38 6.28859e+38 6.28859e+38 6.28859e+38 0 0 0 5.72766e+39 4.64348e+42 0 0 1
805.842 4.64699e+38 4.64699e+38 4.64699e+38 4.64699e+38 4.64699e+38 0 0 0 4.95031e+39 4.64348e+42 0 0 1
930.572 3.43234e+38 3.43234e+38 3.43234e+38 3.43234e+38 3.43234e+38 0 0 0 4.27718e+39 4.64348e+42 0 0 1
1074.61 2.53403e+38 2.53403e+38 2.53403e+38 2.53403e+38 2.53403e+38 0 0 0 3.69429e+39 4.64348e+42 0 0 1
1240.94 1.86999e+38 1.86999e+38 1.86999e+38 1.86999e+38 1.86999e+38 0 0 0 3.18956e+39 4.64348e+42 0 0 1
1433.01 1.37934e+38 1.37934e+38 1.37934e+38 1.37934e+38 1.37934e+38 0 0 0 2.75251e+39 4.64348e+42 0 0 1
1654.82 1.01698e+38 1.01698e+38 1.01698e+38 1.01698e+38 1.01698e+38 0 0 0 2.37408e+39 4.64348e+42 0 0 1
1910.95 7.49474e+37 7.49474e+37 7.49475e+37 7.49475e+37 7.49475e+37 0 0 0 2.04641e+39 4.64348e+42 0 0 1
2206.73 5.52091e+37 5.52091e+37 5.52091e+37 5.52091e+37 5.52091e+37 0 0 0 1.7627e+39 4.64348e+42 0 0 1
2548.3 4.06512e+37 4.06512e+37 4.06512e+37 4.06512e+37 4.06512e+37 0 0 0 1.51708e+39 4.64348e+42 0 0 1
2942.73 2.99188e+37 2.99188e+37 2.99189e+37 2.99189e+37 2.99189e+37 0 0 0 1.30444e+39 4.64348e+42 0 0 1
3398.21 2.20103e+37 2.20103e+37 2.20103e+37 2.20103e+37 2.20103e+37 0 0 0 1.12038e+39 4.64348e+42 0 0 1
3924.19 1.61851e+37 1.61851e+37 1.61851e+37 1.61851e+37 1.61851e+37 0 0 0 9.61061e+38 4.64348e+42 0 0 1
4531.58 1.18964e+37 1.18964e+37 1.18964e+37 1.18964e+37 1.18964e+37 0 0 0 8.23193e+38 4.64348e+42 0 0 1
5232.99 8.74021e+36 8.74021e+36 8.74022e+36 8.74022e+36 8.74022e+36 0 0 0 7.03911e+38 4.64348e+42 0 0 1
6042.96 6.41855e+36 6.41855e+36 6.41856e+36 6.41856e+36 6.41856e+36 0 0 0 6.00737e+38 4.64348e+42 0 0 1
6978.31 4.71151e+36 4.71151e+36 4.71152e+36 4.71152e+36 4.71152e+36 0 0 0 5.1153e+38 4.64348e+42 0 0 1
8058.42 3.45694e+36 3.45694e+36 3.45695e+36 3.45695e+36 3.45695e+36 0 0 0 4.34436e+38 4.64348e+42 0 0 1
9305.72 2.53532e+36 2.53532e+36 2.53532e+36 2.53532e+36 2.53532e+36 0 0 0 3.67852e+38 4.64348e+42 0 0 1
10746.1 1.85859e+36 1.85859e+36 1.85859e+36 1.85859e+36 1.85859e+36 0 0 0 3.10393e+38 4.64348e+42 0 0 1
12409.4 1.3619e+36 1.3619e+36 1.36191e+36 1.36191e+36 1.36191e+36 0 0 0 2.60859e+38 4.64348e+42 0 0 1
14330.1 9.97518e+35 9.97518e+35 9.97521e+35 9.97521e+35 9.97521e+35 0 0 0 2.18217e+38 4.64348e+42 0 0 1
16548.2 7.30314e+35 7.30314e+35 7.30317e+35 7.30317e+35 7.30317e+35 0 0 0 1.81571e+38 4.64348e+42 0 0 1
19109.5 5.3446e+35 5.3446e+35 5.34462e+35 5.34462e+35 5.34462e+35 0 0 0 1.50148e+38 4.64348e+42 0 0 1
22067.3 3.90966e+35 3.90966e+35 3.90968e+35 3.90968e+35 3.90968e+35 0 0 0 1.2328e+38 4.64348e+42 0 0 1
25483 2.85881e+35 2.85881e+35 2.85883e+35 2.85883e+35 2.85883e+35 0 0 0 1.00389e+38 4.64348e+42 0 0 1
29427.3 2.08958e+35 2.08958e+35 2.08959e+35 2.08959e+35 2.08959e+35 0 0 0 8.09742e+37 4.64348e+42 0 0 1
33982.1 1.52674e+35 1.52674e+35 1.52675e+35 1.52675e+35 1.52675e+35 0 0 0 6.46002e+37 4.64348e+42 0 0 1
39241.9 1.11508e+35 1.11508e+35 1.11509e+35 1.11509e+35 1.11509e+35 0 0 0 5.08872e+37 4.64348e+42 0 0 1
45315.8 8.14126e+34 8.14126e+34 8.14133e+34 8.14133e+34 8.14133e+34 0 0 0 3.95019e+37 4.64348e+42 0 0 1
52329.9 5.94188e+34 5.94188e+34 5.94193e+34 5.94193e+34 5.94193e+34 0 0 0 3.01492e+37 4.64348e+42 0 0 1
60429.6 4.3352e+34 4.3352e+34 4.33524e+34 4.33524e+34 4.33524e+34 0 0 0 2.25656e+37 4.64348e+42 0 0 1
69783.1 3.16195e+34 3.16195e+34 3.16198e+34 3.16198e+34 3.16198e+34 0 0 0 1.65126e+37 4.64348e+42 0 0 1
80584.2 2.30551e+34 2.30551e+34 2.30554e+34 2.30554e+34 2.30554e+34 0 0 0 1.17724e+37 4.64348e+42 0 0 1
93057.2 1.68057e+34 1.68057e+34 1.68059e+34 1.68059e+34 1.68059e+34 0 0 0 8.14405e+36 4.64348e+42 0 0 1
107461 1.2247e+34 1.2247e+34 1.22472e+34 1.22472e+34 1.22472e+34 0 0 0 5.44156e+36 4.64348e+42 0 0 1
124094 8.92274e+33 8.92274e+33 8.92286e+33 8.92286e+33 8.92286e+33 0 0 0 3.49281e+36 4.64348e+42 0 0 1
143301 6.49934e+33 6.49934e+33 6.49944e+33 6.49944e+33 6.49944e+33 0 0 0 2.14041e+36 4.64348e+42 0 0 1
165482 4.73321e+33 4.73321e+33 4.73328e+33 4.73328e+33 4.73328e+33 0 0 0 1.2433e+36 4.64348e+42 0 0 1
191095 3.44644e+33 3.44644e+33 3.44649e+33 3.44649e+33 3.44649e+33 0 0 0 6.78907e+35 4.64348e+42 0 0 1
220673 2.50916e+33 2.50916e+33 2.5092e+33 2.5092e+33 2.5092e+33 0 0 0 3.45183e+35 4.64348e+42 0 0 1
254830 1.82663e+33 1.82663e+33 1.82666e+33 1.82666e+33 1.82666e+33 0 0 0 1.61619e+35 4.64348e+42 0 0 1
294273 1.3297e+33 1.3297e+33 1.32972e+33 1.32972e+33 1.32972e+33 0 0 0 6.88018e+34 4.64348e+42 0 0 1
339821 9.67985e+32 9.67985e+32 9.68002e+32 9.68002e+32 9.68002e+32 0 0 0 2.62406e+34 4.64348e+42 0 0 1
392419 7.04728e+32 7.04728e+32 7.04741e+32 7.04741e+32 7.04741e+32 0 0 0 8.8151e+33 4.64348e+42 0 0 1
453158 5.13151e+32 5.13151e+32 5.13161e+32 5.13161e+32 5.13161e+32 0 0 0 2.55756e+33 4.64348e+42 0 0 1
523299 3.73746e+32 3.73746e+32 3.73753e+32 3.73753e+32 3.73753e+32 3.6459e+25 9.04747e+29 0 6.26498e+32 4.64348e+42 0 0 1
604296 2.72306e+32 2.72306e+32 2.72311e+32 2.72311e+32 2.72311e+32 5.61655e+25 9.08653e+29 0 1.2622e+32 4.64348e+42 0 0 1
697831 1.98488e+32 1.98488e+32 1.98491e+32 1.98491e+32 1.98491e+32 7.58721e+25 9.12559e+29 0 2.02916e+31 4.64348e+42 0 0 1
805842 1.44763e+32 1.44763e+32 1.44765e+32 1.44765e+32 1.44765e+32 9.55787e+25 9.16465e+29 0 2.51369e+30 4.64348e+42 0 0 1
930572 1.05654e+32 1.05654e+32 1.05656e+32 1.05656e+32 1.05656e+32 1.15285e+26 9.20371e+29 0 2.30458e+29 4.64348e+42 0 0 1
1.07461e+06 7.71762e+31 7.71762e+31 7.71775e+31 7.71775e+31 7.71775e+31 1.45988e+26 9.24866e+29 0 1.49253e+28 4.64348e+42 0 0 1
1.24094e+06 5.6431e+31 5.6431e+31 5.64319e+31 5.64319e+31 5.64319e+31 1.95868e+26 9.26093e+29 0 6.47064e+26 4.64348e+42 0 0 1
1.43301e+06 4.13105e+31 4.13105e+31 4.13112e+31 4.13112e+31 4.13112e+31 2.61548e+26 9.27662e+29 0 1.76474e+25 4.64348e+42 0 0 1
1.65482e+06 3.02824e+31 3.02824e+31 3.02828e+31 3.02828e+31 3.02828e+31 3.4835e+26 9.29685e+29 0 2.81816e+23 4.64348e+42 0 0 1
1.91095e+06 2.22324e+31 2.22324e+31 2.22327e+31 2.22327e+31 2.22327e+31 4.72379e+26 9.32493e+29 0 2.42564e+21 4.64348e+42 0 0 1
2.20673e+06 1.63507e+31 1.63507e+31 1.63509e+31 1.63509e+31 1.63509e+31 6.31467e+26 9.36138e+29 0 1.02262e+19 4.64348e+42 0 0 1
2.5483e+06 1.20483e+31 1.20483e+31 1.20484e+31 1.20484e+31 1.20484e+31 8.40417e+26 9.40924e+29 0 1.89083e+16 4.64348e+42 0 0 1
2.94273e+06 8.89699e+30 8.89699e+30 8.8971e+30 8.8971e+30 8.8971e+30 1.11762e+27 9.47207e+29 0 1.34969e+13 4.64348e+42 0 0 1
3.39821e+06 6.58545e+30 6.58545e+30 6.58552e+30 6.58552e+30 6.58552e+30 1.51702e+27 9.55971e+29 0 3.20984e+09 4.64348e+42 0 0 1
3.92419e+06 4.88698e+30 4.88698e+30 4.88704e+30 4.88704e+30 4.88704e+30 2.03825e+27 9.67345e+29 0 214542 4.64348e+42 0 0 1
4.53158e+06 3.6367e+30 3.6367e+30 3.63673e+30 3.63673e+30 3.63673e+30 2.74084e+27 9.82012e+29 0 3.31136 4.64348e+42 0 0 1
5.23299e+06 2.7145e+30 2.7145e+30 2.71452e+30 2.71452e+30 2.71452e+30 3.67806e+27 1.00056e+30 0 9.40674e-06 4.64348e+42 0 0 1
6.04296e+06 2.03299e+30 2.03299e+30 2.03301e+30 2.03301e+30 2.03301e+30 5.00322e+27 1.02515e+30 0 3.78475e-12 4.64348e+42 0 0 1
6.97831e+06 1.52832e+30 1.52832e+30 1.52833e+30 1.52833e+30 1.52833e+30 6.71645e+27 1.05414e+30 0 1.59373e-19 4.64348e+42 0 0 1
8.05842e+06 1.15398e+30 1.15398e+30 1.15399e+30 1.15399e+30 1.15399e+30 8.95006e+27 1.0884e+30 0 4.95284e-28 4.64348e+42 0 0 1
9.30572e+06 8.76061e+29 8.76061e+29 8.76068e+29 8.76068e+29 8.76068e+29 1.18835e+28 1.12721e+30 0 7.58839e-38 4.64348e+42 0 0 1
1.07461e+07 6.69904e+29 6.69904e+29 6.69909e+29 6.69909e+29 6.69909e+29 1.58214e+28 1.1737e+30 0 3.59732e-49 4.64348e+42 0 0 1
1.24094e+07 5.17055e+29 5.17055e+29 5.17058e+29 5.17058e+29 5.17058e+29 2.06246e+28 1.21939e+30 0 3.0811e-62 4.64348e+42 0 0 1
1.43301e+07 4.04156e+29 4.04156e+29 4.04158e+29 4.04158e+29 4.04158e+29 2.64001e+28 1.26402e+30 0 2.56169e-77 4.64348e+42 0 0 1
1.65482e+07 3.21327e+29 3.21327e+29 3.21329e+29 3.21329e+29 3.21329e+29 3.31851e+28 1.30545e+30 0 1.00898e-94 4.64348e+42 0 0 1
1.91095e+07 2.61531e+29 2.61531e+29 2.61533e+29 2.61533e+29 2.61533e+29 4.12676e+28 1.34117e+30 0 8.22214e-115 4.64348e+42 0 0 1
2.20673e+07 2.1856e+29 2.1856e+29 2.18561e+29 2.18561e+29 2.18561e+29 4.98632e+28 1.37198e+30 0 5.32552e-138 4.64348e+42 0 0 1
2.5483e+07 1.88538e+29 1.88538e+29 1.88539e+29 1.88539e+29 1.88539e+29 5.9126e+28 1.3936e+30 0 9.08307e-165 4.64348e+42 0 0 1
2.94273e+07 1.67743e+29 1.67743e+29 1.67743e+29 1.67743e+29 1.67743e+29 6.83354e+28 1.39387e+30 0 1.13908e-195 4.64348e+42 0 0 1
3.39821e+07 1.53723e+29 1.53723e+29 1.53724e+29 1.53724e+29 1.53724e+29 7.72871e+28 1.36898e+30 0 2.40726e-231 4.64348e+42 0 0 1
3.92419e+07 1.4373e+29 1.4373e+29 1.43731e+29 1.43731e+29 1.43731e+29 8.49155e+28 1.31824e+30 0 1.56429e-272 4.64348e+42 0 0 1
4.53158e+07 1.36806e+29 1.36806e+29 1.36807e+29 1.36807e+29 1.36807e+29 9.1534e+28 1.25059e+30 0 0 4.64348e+42 0 0 1
5.23299e+07 1.31597e+29 1.31597e+29 1.31598e+29 1.31598e+29 1.31598e+29 9.67467e+28 1.17259e+30 0 0 4.64348e+42 0 0 1
6.04296e+07 1.2656e+29 1.2656e+29 1.2656e+29 1.2656e+29 1.2656e+29 9.97384e+28 1.07655e+30 0 0 4.64348e+42 0 0 1
6.97831e+07 1.2091e+29 1.2091e+29 1.2091e+29 1.2091e+29 1.2091e+29 1.00279e+29 9.64614e+29 0 0 4.64348e+42 0 0 1
8.05842e+07 1.14438e+29 1.14438e+29 1.14438e+29 1.14438e+29 1.14438e+29 9.85813e+28 8.38652e+29 0 0 4.64348e+42 0 0 1
9.30572e+07 1.06881e+29 1.06881e+29 1.06881e+29 1.06881e+29 1.06881e+29 9.47071e+28 7.03067e+29 0 0 4.64348e+42 0 0 1
1.07461e+08 9.79975e+28 9.79975e+28 9.79978e+28 9.79978e+28 9.79978e+28 8.86636e+28 5.6554e+29 0 0 4.64348e+42 2.99957 0 1
1.24094e+08 8.87753e+28 8.87753e+28 8.87756e+28 8.87756e+28 8.87756e+28 8.16298e+28 4.47647e+29 0 0 4.64348e+42 2.63518 0 1
1.43301e+08 7.90223e+28 7.90223e+28 7.90226e+28 7.90226e+28 7.90226e+28 7.35616e+28 3.48053e+29 0 0 4.64348e+42 2.31505 0 1
1.65482e+08 6.88948e+28 6.88948e+28 6.8895e+28 6.8895e+28 6.8895e+28 6.47295e+28 2.66312e+29 0 0 4.64348e+42 2.03381 0 1
1.91095e+08 5.81926e+28 5.81926e+28 5.81928e+28 5.81928e+28 5.81928e+28 5.50218e+28 1.98552e+29 0 0 4.64348e+42 1.78673 0 1
2.20673e+08 4.8506e+28 4.8506e+28 4.85061e+28 4.85061e+28 4.85061e+28 4.60971e+28 1.48808e+29 0 0 4.64348e+42 1.56967 0 1
2.5483e+08 3.96631e+28 3.96631e+28 3.96632e+28 3.96632e+28 3.96632e+28 3.78366e+28 1.10271e+29 0 0 4.64348e+42 1.37898 0 1
2.94273e+08 3.18027e+28 3.18027e+28 3.18028e+28 3.18028e+28 3.18028e+28 3.04204e+28 8.08121e+28 0 0 4.64348e+42 1.21146 0 1
3.39821e+08 2.47539e+28 2.47539e+28 2.4754e+28 2.4754e+28 2.4754e+28 2.37094e+28 5.81724e+28 0 0 4.64348e+42 1.11124 0 1
3.92419e+08 1.9202e+28 1.9202e+28 1.92021e+28 1.92021e+28 1.92021e+28 1.84141e+28 4.25592e+28 0 0 4.64348e+42 1.06429 0 1
4.53158e+08 1.46781e+28 1.46781e+28 1.46782e+28 1.46782e+28 1.46782e+28 1.40846e+28 3.09935e+28 0 0 4.64348e+42 1.01932 0 1
5.23299e+08 1.10345e+28 1.10345e+28 1.10345e+28 1.10345e+28 1.10345e+28 1.05881e+28 2.2477e+28 0 0 4.64348e+42 0.976247 0 1
6.04296e+08 8.18896e+27 8.18896e+27 8.18899e+27 8.18899e+27 8.18899e+27 7.8538e+27 1.61287e+28 0 0 4.64348e+42 0.934996 0 1
6.97831e+08 6.15241e+27 6.15241e+27 6.15243e+27 6.15243e+27 6.15243e+27 5.90127e+27 1.18123e+28 0 0 4.64348e+42 0.895488 0 1
8.05842e+08 4.59535e+27 4.59535e+27 4.59537e+27 4.59537e+27 4.59537e+27 4.40758e+27 8.63666e+27 0 0 4.64348e+42 0.857649 0 1
9.30572e+08 3.4083e+27 3.4083e+27 3.40832e+27 3.40832e+27 3.40832e+27 3.26822e+27 6.29964e+27 0 0 4.64348e+42 0.821409 0 1
1.07461e+09 2.49533e+27 2.49533e+27 2.49534e+27 2.49534e+27 2.49534e+27 2.39107e+27 4.52997e+27 0 0 4.64348e+42 0.82437 0 1
1.24094e+09 1.86663e+27 1.86663e+27 1.86663e+27 1.86663e+27 1.86663e+27 1.78919e+27 3.33289e+27 0 0 4.64348e+42 0.866956 0 1
1.43301e+09 1.3982e+27 1.3982e+27 1.39821e+27 1.39821e+27 1.39821e+27 1.34082e+27 2.44558e+27 0 0 4.64348e+42 0.911742 0 1
1.65482e+09 1.04397e+27 1.04397e+27 1.04397e+27 1.04397e+27 1.04397e+27 1.00154e+27 1.78909e+27 0 0 4.64348e+42 0.958842 0 1
1.91095e+09 7.70128e+26 7.70128e+26 7.70132e+26 7.70132e+26 7.70132e+26 7.38834e+26 1.28738e+27 0 0 4.64348e+42 1.00837 0 1
2.20673e+09 5.79697e+26 5.79697e+26 5.797e+26 5.797e+26 5.797e+26 5.56669e+26 9.49239e+26 0 0 4.64348e+42 1.06047 0 1
2.5483e+09 4.35076e+26 4.35076e+26 4.35078e+26 4.35078e+26 4.35078e+26 4.18175e+26 6.97966e+26 0 0 4.64348e+42 1.11525 0 1
2.94273e+09 3.25016e+26 3.25016e+26 3.25018e+26 3.25018e+26 3.25018e+26 3.12644e+26 5.1157e+26 0 0 4.64348e+42 1.17286 0 1
3.39821e+09 2.38601e+26 2.38601e+26 2.38602e+26 2.38602e+26 2.38602e+26 2.29568e+26 3.68802e+26 0 0 4.64348e+42 1.23345 0 1
3.92419e+09 1.7902e+26 1.7902e+26 1.79021e+26 1.79021e+26 1.79021e+26 1.72444e+26 2.72123e+26 0 0 4.64348e+42 1.29717 0 1
4.53158e+09 1.33882e+26 1.33882e+26 1.33883e+26 1.33883e+26 1.33883e+26 1.29109e+26 2.00069e+26 0 0 4.64348e+42 1.36418 0 1
5.23299e+09 9.97815e+25 9.97815e+25 9.97821e+25 9.97821e+25 9.97821e+25 9.63267e+25 1.46495e+26 0 0 4.64348e+42 1.43465 0 1
6.04296e+09 7.29263e+25 7.29263e+25 7.29267e+25 7.29267e+25 7.29267e+25 7.04333e+25 1.05593e+26 0 0 4.64348e+42 1.50877 0 1
6.97831e+09 5.45992e+25 5.45992e+25 5.45995e+25 5.45995e+25 5.45995e+25 5.28059e+25 7.78248e+25 0 0 4.64348e+42 1.58671 0 1
8.05842e+09 4.07448e+25 4.07448e+25 4.07451e+25 4.07451e+25 4.07451e+25 3.9459e+25 5.72011e+25 0 0 4.64348e+42 1.66868 0 1
9.30572e+09 3.0218e+25 3.0218e+25 3.02182e+25 3.02182e+25 3.02182e+25 2.92991e+25 4.19247e+25 0 0 4.64348e+42 1.75488 0 1
1.07461e+10 2.20285e+25 2.20285e+25 2.20286e+25 2.20286e+25 2.20286e+25 2.13741e+25 3.03123e+25 0 0 4.64348e+42 1.96901 0 1
1.24094e+10 1.63635e+25 1.63635e+25 1.63636e+25 1.63636e+25 1.63636e+25 1.58992e+25 2.2414e+25 0 0 4.64348e+42 2.35707 0 1
1.43301e+10 1.20828e+25 1.20828e+25 1.20828e+25 1.20828e+25 1.20828e+25 1.17545e+25 1.65319e+25 0 0 4.64348e+42 2.82161 0 1
1.65482e+10 8.89438e+24 8.89438e+24 8.89443e+24 8.89443e+24 8.89443e+24 8.66316e+24 1.21558e+25 0 0 4.64348e+42 3.37771 0 1
1.91095e+10 6.42711e+24 6.42711e+24 6.42715e+24 6.42715e+24 6.42715e+24 6.26487e+24 8.78888e+24 0 0 4.64348e+42 4.0434 0 1
2.20673e+10 4.74845e+24 4.74845e+24 4.74848e+24 4.74848e+24 4.74848e+24 4.63508e+24 6.50236e+24 0 0 4.64348e+42 4.8403 34.7254 1
2.5483e+10 3.49655e+24 3.49655e+24 3.49657e+24 3.49657e+24 3.49657e+24 3.41766e+24 4.7946e+24 0 0 4.64348e+42 5.79425 22.9578 1
2.94273e+10 2.56715e+24 2.56715e+24 2.56716e+24 2.56716e+24 2.56716e+24 2.5125e+24 3.52291e+24 0 0 4.64348e+42 6.93621 15.5417 1
3.39821e+10 1.84996e+24 1.84996e+24 1.84997e+24 1.84997e+24 1.84997e+24 1.8123e+24 2.5412e+24 0 0 4.64348e+42 8.30323 10.7604 1
3.92419e+10 1.36849e+24 1.36849e+24 1.3685e+24 1.3685e+24 1.3685e+24 1.34273e+24 1.87988e+24 0 0 4.64348e+42 9.93967 7.61059 1
4.53158e+10 1.01002e+24 1.01002e+24 1.01003e+24 1.01003e+24 1.01003e+24 9.92597e+23 1.38713e+24 0 0 4.64348e+42 11.8986 5.49245 1
5.23299e+10 7.44084e+23 7.44084e+23 7.4409e+23 7.4409e+23 7.4409e+23 7.32528e+23 1.02058e+24 0 0 4.64348e+42 14.2437 4.04008 1
6.04296e+10 5.39013e+23 5.39013e+23 5.39017e+23 5.39017e+23 5.39017e+23 5.31584e+23 7.37011e+23 0 0 4.64348e+42 17.0509 3.02568 1
6.97831e+10 4.00404e+23 4.00404e+23 4.00407e+23 4.00407e+23 4.00407e+23 3.95892e+23 5.46371e+23 0 0 4.64348e+42 20.4114 2.3047 1
8.05842e+10 2.96496e+23 2.96496e+23 2.96498e+23 2.96498e+23 2.96498e+23 2.94021e+23 4.04044e+23 0 0 4.64348e+42 24.4341 1.78376 1
9.30572e+10 2.18826e+23 2.18826e+23 2.18828e+23 2.18828e+23 2.18828e+23 2.17741e+23 2.9789e+23 0 0 4.64348e+42 29.2497 1.40144 1
1.07461e+11 1.58373e+23 1.58373e+23 1.58374e+23 1.58374e+23 1.58374e+23 1.58175e+23 2.15335e+23 0 0 4.64348e+42 35.0144 1.11671 1
1.24094e+11 1.17342e+23 1.17342e+23 1.17343e+23 1.17343e+23 1.17343e+23 1.17713e+23 1.59761e+23 0 0 4.64348e+42 41.9152 0.901709 1
1.43301e+11 8.66052e+22 8.66052e+22 8.6606e+22 8.6606e+22 8.6606e+22 8.72874e+22 1.18175e+23 0 0 4.64348e+42 50.1761 0.737233 1
1.65482e+11 6.3655e+22 6.3655e+22 6.36556e+22 6.36556e+22 6.36556e+22 6.44657e+22 8.71052e+22 0 0 4.64348e+42 60.0651 0.609868 1
1.91095e+11 4.58703e+22 4.58703e+22 4.58707e+22 4.58707e+22 4.58707e+22 4.66716e+22 6.28891e+22 0 0 4.64348e+42 71.903 0.510106 1
2.20673e+11 3.38863e+22 3.38863e+22 3.38867e+22 3.38867e+22 3.38867e+22 3.46382e+22 4.66073e+22 0 0 4.64348e+42 86.074 0.431129 1
2.5483e+11 2.49571e+22 2.49571e+22 2.49573e+22 2.49573e+22 2.49573e+22 2.56192e+22 3.44285e+22 0 0 4.64348e+42 103.038 0.367983 1
2.94273e+11 1.8325e+22 1.8325e+22 1.83252e+22 1.83252e+22 1.83252e+22 1.88813e+22 2.53367e+22 0 0 4.64348e+42 123.345 0.317029 1
3.39821e+11 1.32022e+22 1.32022e+22 1.32024e+22 1.32024e+22 1.32024e+22 1.36448e+22 1.8253e+22 0 0 4.64348e+42 0 0.275565 1
3.92419e+11 9.76101e+21 9.76101e+21 9.76112e+21 9.76112e+21 9.76112e+21 1.01137e+22 1.35014e+22 0 0 4.64348e+42 0 0.241562 1
4.53158e+11 7.19673e+21 7.19673e+21 7.19681e+21 7.19681e+21 7.19681e+21 7.47064e+21 9.95186e+21 0 0 4.64348e+42 0 0.213483 1
5.23299e+11 5.29013e+21 5.29013e+21 5.29019e+21 5.29019e+21 5.29019e+21 5.49809e+21 7.30598e+21 0 0 4.64348e+42 0 0.190154 1
6.04296e+11 3.81276e+21 3.81276e+21 3.8128e+21 3.8128e+21 3.8128e+21 3.96489e+21 5.24659e+21 0 0 4.64348e+42 0 0.170669 1
6.97831e+11 2.82071e+21 2.82072e+21 2.82075e+21 2.82075e+21 2.82075e+21 2.93347e+21 3.86962e+21 0 0 4.64348e+42 0 0.154323 1
8.05842e+11 2.08018e+21 2.08018e+21 2.0802e+21 2.0802e+21 2.0802e+21 2.16244e+21 2.84314e+21 0 0 4.64348e+42 0 0.140565 1
9.30572e+11 1.52872e+21 1.52872e+21 1.52874e+21 1.52874e+21 1.52874e+21 1.58786e+21 2.07979e+21 0 0 4.64348e+42 0 0.12896 1
1.07461e+12 1.1003e+21 1.1003e+21 1.10032e+21 1.10032e+21 1.10032e+21 1.14153e+21 1.48668e+21 0 0 4.64348e+42 0 0.119166 1
1.24094e+12 8.12981e+20 8.12981e+20 8.12991e+20 8.12991e+20 8.12991e+20 8.42245e+20 1.09194e+21 0 0 4.64348e+42 0 0.110908 1
1.43301e+12 5.9844e+20 5.9844e+20 5.98447e+20 5.98447e+20 5.98447e+20 6.18978e+20 7.98612e+20 0 0 4.64348e+42 0 0.103969 1
1.65482e+12 4.38712e+20 4.38712e+20 4.38717e+20 4.38717e+20 4.38717e+20 4.52969e+20 5.81227e+20 0 0 4.64348e+42 0 0.098177 1
1.91095e+12 3.14581e+20 3.14581e+20 3.14585e+20 3.14585e+20 3.14585e+20 3.24201e+20 4.12779e+20 0 0 4.64348e+42 0 0.0933933 1
2.20673e+12 2.31614e+20 2.31614e+20 2.31617e+20 2.31617e+20 2.31617e+20 2.38244e+20 3.01408e+20 0 0 4.64348e+42 0 0.0895108 1
2.5483e+12 1.69788e+20 1.69788e+20 1.6979e+20 1.6979e+20 1.6979e+20 1.74316e+20 2.19026e+20 0 0 4.64348e+42 0 0.0864461 1
2.94273e+12 1.23881e+20 1.23881e+20 1.23883e+20 1.23883e+20 1.23883e+20 1.26946e+20 1.58283e+20 0 0 4.64348e+42 0 0.0841374 1
3.39821e+12 8.82684e+19 8.82685e+19 8.82695e+19 8.82695e+19 8.82695e+19 9.02854e+19 1.11393e+20 0 0 4.64348e+42 0 0.082541 1
3.92419e+12 6.46132e+19 6.46133e+19 6.4614e+19 6.4614e+19 6.4614e+19 6.59725e+19 8.06839e+19 0 0 4.64348e+42 0 0.08163 1
4.53158e+12 4.70617e+19 4.70617e+19 4.70623e+19 4.70623e+19 4.70623e+19 4.79703e+19 5.81151e+19 0 0 4.64348e+42 0 0.0813928 1
5.23299e+12 3.4094e+19 3.4094e+19 3.40944e+19 3.40944e+19 3.40944e+19 3.46963e+19 4.15926e+19 0 0 4.64348e+42 0 0.0818329 1
6.04296e+12 2.40712e+19 2.40712e+19 2.40715e+19 2.40715e+19 2.40715e+19 2.44593e+19 2.89075e+19 0 0 4.64348e+42 0 0.0829683 1
6.97831e+12 1.74758e+19 1.74758e+19 1.7476e+19 1.7476e+19 1.7476e+19 1.77323e+19 2.0709e+19 0 0 4.64348e+42 0 0.0848322 1
8.05842e+12 1.26146e+19 1.26146e+19 1.26148e+19 1.26148e+19 1.26148e+19 1.27828e+19 1.47385e+19 0 0 4.64348e+42 0 0.0874729 1
9.30572e+12 9.04924e+18 9.04924e+18 9.04935e+18 9.04935e+18 9.04935e+18 9.15864e+18 1.04108e+19 0 0 4.64348e+42 0 0.0909553 1
1.07461e+13 6.30879e+18 6.30879e+18 6.30887e+18 6.30887e+18 6.30887e+18 6.3778e+18 7.11298e+18 0 0 4.64348e+42 0 0.0953611 1
1.24094e+13 4.52925e+18 4.52926e+18 4.52931e+18 4.52931e+18 4.52931e+18 4.57402e+18 5.0207e+18 0 0 4.64348e+42 0 0.10079 1
1.43301e+13 3.22984e+18 3.22984e+18 3.22988e+18 3.22988e+18 3.22988e+18 3.25863e+18 3.51608e+18 0 0 4.64348e+42 0 0.10736 1
1.65482e+13 2.28637e+18 2.28637e+18 2.2864e+18 2.2864e+18 2.2864e+18 2.30473e+18 2.44024e+18 0 0 4.64348e+42 0 0.115206 1
1.91095e+13 1.56686e+18 1.56686e+18 1.56688e+18 1.56688e+18 1.56688e+18 1.57818e+18 1.62893e+18 0 0 4.64348e+42 0 0.12448 1
2.20673e+13 1.10811e+18 1.10812e+18 1.10813e+18 1.10813e+18 1.10813e+18 1.11531e+18 1.12718e+18 0 0 4.64348e+42 0 0.135345 1
2.5483e+13 7.77386e+17 7.77388e+17 7.77398e+17 7.77398e+17 7.77398e+17 7.81915e+17 7.72545e+17 0 0 4.64348e+42 0 0.147968 1
2.94273e+13 5.40595e+17 5.40597e+17 5.40604e+17 5.40604e+17 5.40604e+17 5.43419e+17 5.23692e+17 0 0 4.64348e+42 0 0.162507 1
3.39821e+13 3.61905e+17 3.61907e+17 3.61912e+17 3.61912e+17 3.61912e+17 3.63599e+17 3.38679e+17 0 0 4.64348e+42 0 0.179093 1
3.92419e+13 2.50839e+17 2.50841e+17 2.50845e+17 2.50845e+17 2.50845e+17 2.51891e+17 2.28231e+17 0 0 4.64348e+42 0 0.197804 1
4.53158e+13 1.72153e+17 1.72155e+17 1.72158e+17 1.72158e+17 1.72158e+17 1.72799e+17 1.51991e+17 0 0 4.64348e+42 0 0.218621 1
5.23299e+13 1.16885e+17 1.16887e+17 1.16888e+17 1.16888e+17 1.16888e+17 1.17277e+17 9.98488e+16 0 0 4.64348e+42 0 0.241387 1
6.04296e+13 7.57799e+16 7.57812e+16 7.57822e+16 7.57822e+16 7.57822e+16 7.60072e+16 6.18353e+16 0 0 4.64348e+42 0 0.265741 1
6.97831e+13 5.11163e+16 5.11174e+16 5.1118e+16 5.1118e+16 5.1118e+16 5.12534e+16 4.0223e+16 0 0 4.64348e+42 0 0.291055 1
8.05842e+13 3.40581e+16 3.4059e+16 3.40594e+16 3.40594e+16 3.40594e+16 3.41398e+16 2.57798e+16 0 0 4.64348e+42 0 0.316368 1
9.30572e+13 2.23888e+16 2.23895e+16 2.23897e+16 2.23897e+16 2.23897e+16 2.24368e+16 1.62424e+16 0 0 4.64348e+42 0 0.340344 1
1.07461e+14 1.38836e+16 1.38841e+16 1.38843e+16 1.38843e+16 1.38843e+16 1.39103e+16 9.47486e+15 0 0 4.64348e+42 0 0 1
1.24094e+14 9.02606e+15 9.02657e+15 9.02669e+15 9.02669e+15 9.02669e+15 9.0417e+15 5.87923e+15 0 0 4.64348e+42 0 0 1
1.43301e+14 5.77648e+15 5.77707e+15 5.77715e+15 5.77715e+15 5.77715e+15 5.78569e+15 3.58056e+15 0 0 4.64348e+42 0 0 1
1.65482e+14 3.63353e+15 3.63428e+15 3.63433e+15 3.63433e+15 3.63433e+15 3.63911e+15 2.13369e+15 0 0 4.64348e+42 0 0 1
1.91095e+14 2.11582e+15 2.11673e+15 2.11675e+15 2.11675e+15 2.11675e+15 2.11923e+15 1.14501e+15 0 0 4.64348e+42 0 0 1
2.20673e+14 1.30723e+15 1.30833e+15 1.30835e+15 1.30835e+15 1.30835e+15 1.30971e+15 6.6704e+14 0 0 4.64348e+42 0 0 1
2.5483e+14 7.91043e+14 7.92254e+14 7.92265e+14 7.92265e+14 7.92265e+14 7.92995e+14 3.79502e+14 0 0 4.64348e+42 0 0 1
2.94273e+14 4.67987e+14 4.69189e+14 4.69196e+14 4.69196e+14 4.69196e+14 4.6958e+14 2.10004e+14 0 0 4.64348e+42 0 0 1
3.39821e+14 2.48649e+14 2.49645e+14 2.49648e+14 2.49648e+14 2.49648e+14 2.4983e+14 1.00126e+14 0 0 4.64348e+42 0 0 1
3.92419e+14 1.42998e+14 1.43834e+14 1.43836e+14 1.43836e+14 1.43836e+14 1.43929e+14 5.36027e+13 0 0 4.64348e+42 0 0 1
4.53158e+14 7.99826e+13 8.06272e+13 8.06284e+13 8.06284e+13 8.06284e+13 8.06745e+13 2.78517e+13 0 0 4.64348e+42 0 0 1
5.23299e+14 4.34396e+13 4.38985e+13 4.38991e+13 4.38991e+13 4.38991e+13 4.39215e+13 1.39694e+13 0 0 4.64348e+42 0 0 1
6.04296e+14 2.01644e+13 2.04314e+13 2.04317e+13 2.04317e+13 2.04317e+13 2.0441e+13 5.6155e+12 0 0 4.64348e+42 0 0 1
6.97831e+14 1.04897e+13 1.06574e+13 1.06575e+13 1.06575e+13 1.06575e+13 1.06618e+13 2.68285e+12 0 0 4.64348e+42 0 0 1
8.05842e+14 5.25435e+12 5.35227e+12 5.35234e+12 5.35234e+12 5.35234e+12 5.35426e+12 1.23485e+12 0 0 4.64348e+42 0 0 1
9.30572e+14 2.53301e+12 2.58645e+12 2.58649e+12 2.58649e+12 2.58649e+12 2.58732e+12 5.43652e+11 0 0 4.64348e+42 0 0 1
1.07461e+15 9.59737e+11 9.82071e+11 9.82086e+11 9.82086e+11 9.82086e+11 9.82366e+11 1.69583e+11 0 0 4.64348e+42 0 0 1
1.24094e+15 4.32764e+11 4.43621e+11 4.43627e+11 4.43627e+11 4.43627e+11 4.4374e+11 6.92933e+10 0 0 4.64348e+42 0 0 1
1.43301e+15 1.84698e+11 1.89592e+11 1.89595e+11 1.89595e+11 1.89595e+11 1.89638e+11 2.70578e+10 0 0 4.64348e+42 0 0 1
1.65482e+15 7.47796e+10 7.68354e+10 7.68366e+10 7.68366e+10 7.68366e+10 7.68524e+10 1.00223e+10 0 0 4.64348e+42 0 0 1
1.91095e+15 2.07219e+10 2.13036e+10 2.13039e+10 2.13039e+10 2.13039e+10 2.13078e+10 2.10127e+09 0 0 4.64348e+42 0 0 1
2.20673e+15 7.55804e+09 7.77164e+09 7.77176e+09 7.77176e+09 7.77176e+09 7.77306e+09 6.8444e+08 0 0 4.64348e+42 0 0 1
2.5483e+15 2.52315e+09 2.59405e+09 2.59409e+09 2.59409e+09 2.59409e+09 2.59449e+09 2.11083e+08 0 0 4.64348e+42 0 0 1
2.94273e+15 7.71114e+08 7.92415e+08 7.92427e+08 7.92427e+08 7.92427e+08 7.92538e+08 6.20875e+07 0 0 4.64348e+42 0 0 1
3.39821e+15 1.32171e+08 1.35725e+08 1.35727e+08 1.35727e+08 1.35727e+08 1.35744e+08 6.87462e+06 0 0 4.64348e+42 0 0 1
3.92419e+15 3.47229e+07 3.56236e+07 3.56242e+07 3.56242e+07 3.56242e+07 3.56284e+07 1.57089e+06 0 0 4.64348e+42 0 0 1
4.53158e+15 7.85319e+06 8.04817e+06 8.0483e+06 8.0483e+06 8.0483e+06 8.04919e+06 329547 0 0 4.64348e+42 0 0 1
5.23299e+15 1.47031e+06 1.505e+06 1.50502e+06 1.50502e+06 1.50502e+06 1.50518e+06 67427.4 0 0 4.64348e+42 0 0 1
6.04296e+15 118823 121470 121472 121472 121472 121484 2997.98 0 0 4.64348e+42 0 0 1
6.97831e+15 18122.3 18501.4 18501.7 18501.7 18501.7 18503.4 383.852 0 0 4.64348e+42 0 0 1
8.05842e+15 2152.85 2194.91 2194.95 2194.95 2194.95 2195.15 40.5521 0 0 4.64348e+42 0 0 1
9.30572e+15 179.626 182.889 182.892 182.892 182.892 182.909 4.10705 0 0 4.64348e+42 0 0 1
1.07461e+16 4.04327 4.11129 4.11135 4.11135 4.11135 4.11172 0.0529727 0 0 4.64348e+42 0 0 1
1.24094e+16 0.242857 0.246625 0.246629 0.246629 0.246629 0.246651 0.00258693 0 0 4.64348e+42 0 0 1
1.43301e+16 0.00927192 0.00940419 0.00940434 0.00940434 0.00940434 0.00940518 8.30891e-05 0 0 4.64348e+42 0 0 1
1.65482e+16 0.000208968 0.0002117 0.000211704 0.000211704 0.000211704 0.000211723 1.96934e-06 0 0 4.64348e+42 0 0 1
1.91095e+16 5.79612e-07 5.86538e-07 5.86548e-07 5.86548e-07 5.86548e-07 5.86602e-07 4.21149e-09 0 0 4.64348e+42 0 0 1
2.20673e+16 6.33919e-09 6.40826e-09 6.40837e-09 6.40837e-09 6.40837e-09 6.40897e-09 4.04541e-11 0 0 4.64348e+42 0 0 1
2.5483e+16 2.72131e-11 2.74828e-11 2.74833e-11 2.74833e-11 2.74833e-11 2.74859e-11 1.63946e-13 0 0 4.64348e+42 0 0 1
2.94273e+16 4.53662e-14 4.57743e-14 4.5775e-14 4.5775e-14 4.5775e-14 4.57796e-14 2.69958e-16 0 0 4.64348e+42 0 0 1
3.39821e+16 4.77852e-18 4.81746e-18 4.81754e-18 4.81754e-18 4.81754e-18 4.81804e-18 2.78529e-20 0 0 4.64348e+42 0 0 1
3.92419e+16 1.44608e-21 1.45673e-21 1.45676e-21 1.45676e-21 1.45676e-21 1.45691e-21 8.37529e-24 0 0 4.64348e+42 0 0 1
4.53158e+16 8.83642e-26 8.8952e-26 8.89536e-26 8.89536e-26 8.89536e-26 8.89636e-26 5.10866e-28 0 0 4.64348e+42 0 0 1
5.23299e+16 1.05104e-30 1.05734e-30 1.05736e-30 1.05736e-30 1.05736e-30 1.05749e-30 6.07099e-33 0 0 4.64348e+42 0 0 1
6.04296e+16 3.6021e-37 3.62154e-37 3.62161e-37 3.62161e-37 3.62161e-37 3.62205e-37 2.07923e-39 0 0 4.64348e+42 0 0 1
6.97831e+16 1.46548e-43 1.47259e-43 1.47262e-43 1.47262e-43 1.47262e-43 1.47281e-43 8.45505e-46 0 0 4.64348e+42 0 0 1
8.05842e+16 4.30822e-51 4.32699e-51 4.32706e-51 4.32706e-51 4.32706e-51 4.32764e-51 2.48426e-53 0 0 4.64348e+42 0 0 1
9.30572e+16 0 0 0 0 0 0 0 0 0 4.64348e+42 0 0 1