
1.07461e-07 0 0 5.64876e+44 2.15739e+50 3.8879e+57 0 0 9.93811e+43 0 4.64348e+42 0 0 0
1.24094e-07 0 0 3.43284e+45 2.34124e+50 3.31307e+57 0 0 1.14763e+44 0 4.64348e+42 0 0 0
1.43301e-07 0 0 1.65698e+46 2.5422e+50 2.82403e+57 0 0 1.32527e+44 0 4.64348e+42 0 0 0
1.65482e-07 0 0 6.56185e+46 2.76605e+50 2.4114e+57 0 0 1.5304e+44 0 4.64348e+42 0 0 0
1.91095e-07 0 0 2.19316e+47 3.02028e+50 2.06583e+57 0 0 1.76727e+44 0 4.64348e+42 0 0 0
2.20673e-07 0 0 6.3404e+47 3.31404e+50 1.77805e+57 0 0 2.04082e+44 0 4.64348e+42 0 0 0
2.5483e-07 0 0 1.61924e+48 3.65772e+50 1.53906e+57 0 0 2.3567e+44 0 4.64348e+42 0 0 0
2.94273e-07 0 0 3.71868e+48 4.0624e+50 1.34037e+57 0 0 2.72147e+44 0 4.64348e+42 0 0 0
3.39821e-07 0 0 7.79465e+48 4.53913e+50 1.17425e+57 0 0 3.14271e+44 0 4.64348e+42 0 0 0
3.92419e-07 0 0 1.50957e+49 5.09839e+50 1.03397e+57 0 0 3.62914e+44 0 4.64348e+42 0 0 0
4.53158e-07 0 0 2.72875e+49 5.74988e+50 9.13959e+56 0 0 4.19087e+44 0 4.64348e+42 0 0 0
5.23299e-07 0 0 4.64337e+49 6.50289e+50 8.09859e+56 0 0 4.83954e+44 0 4.64348e+42 0 0 0
6.04296e-07 0 0 7.49335e+49 7.36728e+50 7.1845e+56 0 0 5.58861e+44 0 4.64348e+42 0 0 0
6.97831e-07 0 0 1.15439e+50 8.35481e+50 6.37464e+56 0 0 6.45362e+44 0 4.64348e+42 0 0 0
8.05842e-07 0 0 1.7079e+50 9.48051e+50 5.65336e+56 0 0 7.45253e+44 0 4.64348e+42 0 0 0
9.30572e-07 0 0 2.4399e+50 1.07639e+51 5.00971e+56 0 0 8.60605e+44 0 4.64348e+42 0 0 0
1.07461e-06 0 0 3.38239e+50 1.22299e+51 4.43546e+56 0 0 9.93811e+44 0 4.64348e+42 0 0 0
1.24094e-06 0 0 4.57011e+50 1.39093e+51 3.92385e+56 0 0 1.14763e+45 0 4.64348e+42 0 0 0
1.43301e-06 0 0 6.04177e+50 1.58399e+51 3.46888e+56 0 0 1.32527e+45 0 4.64348e+42 0 0 0
1.65482e-06 0 0 7.84154e+50 1.80669e+51 3.06503e+56 0 0 1.53039e+45 0 4.64348e+42 0 0 0
1.91095e-06 0 0 1.00206e+51 2.06438e+51 2.70712e+56 0 0 1.76727e+45 0 4.64348e+42 0 0 0
2.20673e-06 0 0 1.26388e+51 2.36336e+51 2.39027e+56 0 0 2.04081e+45 0 4.64348e+42 0 0 0
2.5483e-06 0 0 1.57667e+51 2.711e+51 2.11e+56 0 0 2.35669e+45 0 4.64348e+42 0 0 0
2.94273e-06 0 0 1.94874e+51 3.11597e+51 1.86213e+56 0 0 2.72147e+45 0 4.64348e+42 0 0 0
3.39821e-06 0 0 2.39e+51 3.58853e+51 1.64294e+56 0 0 3.1427e+45 0 4.64348e+42 0 0 0
3.92419e-06 0 0 2.91234e+51 4.14096e+51 1.44905e+56 0 0 3.62914e+45 0 4.64348e+42 0 0 0
4.53158e-06 0 0 3.53016e+51 4.7881e+51 1.27751e+56 0 0 4.19086e+45 0 4.64348e+42 0 0 0
5.23299e-06 0 0 4.26091e+51 5.54791e+51 1.12572e+56 0 0 4.83953e+45 0 4.64348e+42 0 0 0
6.04296e-06 0 0 5.12575e+51 6.442e+51 9.91423e+55 0 0 5.5886e+45 0 4.64348e+42 0 0 0
6.97831e-06 0 0 6.15009e+51 7.49618e+51 8.72608e+55 0 0 6.45361e+45 0 4.64348e+42 0 0 0
8.05842e-06 0 0 7.36428e+51 8.74112e+51 7.67523e+55 0 0 7.45251e+45 0 4.64348e+42 0 0 0
9.30572e-06 0 0 8.80451e+51 1.02133e+52 6.74607e+55 0 0 8.60602e+45 0 4.64348e+42 0 0 0
1.07461e-05 0 0 1.0514e+52 1.19561e+52 5.92479e+55 0 0 9.93807e+45 0 4.64348e+42 0 0 0
1.24094e-05 0 0 1.25446e+52 1.40215e+52 5.19915e+55 0 0 1.14763e+46 0 4.64348e+42 0 0 0
1.43301e-05 0 0 1.49581e+52 1.64716e+52 4.55828e+55 0 0 1.32526e+46 0 4.64348e+42 0 0 0
1.65482e-05 0 0 1.78288e+52 1.93807e+52 3.99257e+55 0 0 1.53039e+46 0 4.64348e+42 0 0 0
1.91095e-05 0 0 2.12446e+52 2.28369e+52 3.49348e+55 0 0 1.76726e+46 0 4.64348e+42 0 0 0
2.20673e-05 0 0 2.53105e+52 2.69453e+52 3.05344e+55 0 0 2.0408e+46 0 4.64348e+42 0 0 0
2.5483e-05 0 0 3.01517e+52 3.1831e+52 2.66574e+55 0 0 2.35668e+46 0 4.64348e+42 0 0 0
2.94273e-05 0 0 3.59167e+52 3.76427e+52 2.32441e+55 0 0 2.72144e+46 0 4.64348e+42 0 0 0
3.39821e-05 0 0 4.27827e+52 4.45574e+52 2.02415e+55 0 0 3.14267e+46 0 4.64348e+42 0 0 0
3.92419e-05 0 0 5.09599e+52 5.27854e+52 1.76027e+55 0 0 3.62909e+46 0 4.64348e+42 0 0 0
4.53158e-05 0 0 6.06984e+52 6.25769e+52 1.52858e+55 0 0 4.1908e+46 0 4.64348e+42 0 0 0
5.23299e-05 0 0 7.22956e+52 7.42292e+52 1.32538e+55 0 0 4.83945e+46 0 4.64348e+42 0 0 0
6.04296e-05 0 0 8.61047e+52 8.80954e+52 1.14736e+55 0 0 5.5885e+46 0 4.64348e+42 0 0 0
6.97831e-05 0 0 1.02546e+53 1.04595e+53 9.91598e+54 0 0 6.45347e+46 0 4.64348e+42 0 0 0
8.05842e-05 0 0 1.22117e+53 1.24229e+53 8.55484e+54 0 0 7.45233e+46 0 4.64348e+42 0 0 0
9.30572e-05 0 0 1.45414e+53 1.47588e+53 7.36709e+54 0 0 8.60578e+46 0 4.64348e+42 0 0 0
0.000107461 0 0 1.73141e+53 1.75381e+53 6.33219e+54 0 0 9.93775e+46 0 4.64348e+42 0 0 0
0.000124094 0 0 2.06139e+53 2.08446e+53 5.43187e+54 0 0 1.14759e+47 0 4.64348e+42 0 0 0
0.000143301 0 0 2.45408e+53 2.47785e+53 4.64997e+54 0 0 1.3252e+47 0 4.64348e+42 0 0 0
0.000165482 0 0 2.92141e+53 2.94589e+53 3.9721e+54 0 0 1.53031e+47 0 4.64348e+42 0 0 0
0.000191095 2.53597e-255 2.53597e-255 3.47737e+53 3.50259e+53 3.38553e+54 0 0 1.76716e+47 6.74259e-260 4.64348e+42 0 0 0
0.000220673 7.05078e-175 7.05078e-175 4.13546e+53 4.16142e+53 2.87896e+54 0 0 2.04067e+47 1.36504e-179 4.64348e+42 0 0 0
0.00025483 2.12883e-115 2.12883e-115 4.89203e+53 4.91862e+53 2.44238e+54 0 0 2.3565e+47 3.01707e-120 4.64348e+42 0 0 0
0.000294273 2.0236e-71 2.0236e-71 5.69013e+53 5.7169e+53 2.06694e+54 0 0 2.7212e+47 2.13519e-76 4.64348e+42 0 0 0
0.000339821 6.55401e-39 6.55401e-39 6.40368e+53 6.42976e+53 1.74481e+54 0 0 3.14235e+47 5.32122e-44 4.64348e+42 0 0 0
0.000392419 6.93527e-15 6.93527e-15 6.88548e+53 6.90976e+53 1.46908e+54 0 0 3.62866e+47 4.53485e-20 4.64348e+42 0 0 0
0.000453158 3854.91 3854.91 7.04271e+53 7.06421e+53 1.23364e+54 0 0 4.19023e+47 0.0213407 4.64348e+42 0 0 0
0.000523299 4.83897e+16 4.83897e+16 6.87141e+53 6.88957e+53 1.03312e+54 0 0 4.83869e+47 2.37761e+11 4.64348e+42 0 0 0
0.000604296 2.22127e+26 2.22127e+26 6.43711e+53 6.45184e+53 8.62804e+53 0 0 5.58748e+47 1.00889e+21 4.64348e+42 0 0 0
0.000697831 2.92844e+33 2.92844e+33 5.83371e+53 5.84527e+53 7.18529e+53 0 0 6.45212e+47 1.27094e+28 4.64348e+42 0 0 0
0.000805842 5.0945e+38 5.0945e+38 5.15042e+53 5.15926e+53 5.96661e+53 0 0 7.45053e+47 2.16866e+33 4.64348e+42 0 0 0
0.000930572 3.61249e+42 3.61249e+42 4.4558e+53 4.46242e+53 4.9402e+53 0 0 8.60338e+47 1.53927e+37 4.64348e+42 0 0 0
0.00107461 2.404e+45 2.404e+45 3.79486e+53 3.79974e+53 4.07829e+53 0 0 9.93455e+47 1.04153e+40 4.64348e+42 0 0 0
0.00124094 2.78128e+47 2.78128e+47 3.19281e+53 3.19637e+53 3.35673e+53 0 0 1.14716e+48 1.24024e+42 4.64348e+42 0 0 0
0.00143301 8.82393e+48 8.82393e+48 2.66065e+53 2.66322e+53 2.75452e+53 0 0 1.32463e+48 4.08891e+43 4.64348e+42 0 0 0
0.00165482 1.07517e+50 1.07517e+50 2.2002e+53 2.20204e+53 2.25351e+53 0 0 1.52955e+48 5.21734e+44 4.64348e+42 0 0 0
0.00191095 6.45376e+50 6.45376e+50 1.80796e+53 1.80927e+53 1.83803e+53 0 0 1.76615e+48 3.30033e+45 4.64348e+42 0 0 0
0.00220673 2.29388e+51 2.29388e+51 1.47772e+53 1.47864e+53 1.49458e+53 0 0 2.03931e+48 1.24284e+46 4.64348e+42 0 0 0
0.0025483 5.53103e+51 5.53103e+51 1.20218e+53 1.20283e+53 1.21159e+53 0 0 2.35469e+48 3.18985e+46 4.64348e+42 0 0 0
0.00294273 1.00036e+52 1.00036e+52 9.73954e+52 9.74411e+52 9.79189e+52 0 0 2.7188e+48 6.16669e+46 4.64348e+42 0 0 0
0.00339821 1.46176e+52 1.46176e+52 7.86045e+52 7.86365e+52 7.88953e+52 0 0 3.13915e+48 9.66855e+46 4.64348e+42 0 0 0
0.00392419 1.82304e+52 1.82304e+52 6.32127e+52 6.3235e+52 6.33741e+52 0 0 3.62439e+48 1.29845e+47 4.64348e+42 0 0 0
0.00453158 2.02086e+52 2.02086e+52 5.06623e+52 5.06777e+52 5.0752e+52 0 0 4.18453e+48 1.5552e+47 4.64348e+42 0 0 0
0.00523299 2.05169e+52 2.05169e+52 4.04709e+52 4.04816e+52 4.05209e+52 0 0 4.83109e+48 1.7116e+47 4.64348e+42 0 0 0
0.00604296 1.9505e+52 1.9505e+52 3.22268e+52 3.22341e+52 3.22549e+52 0 0 5.57735e+48 1.76955e+47 4.64348e+42 0 0 0
0.00697831 1.76503e+52 1.76503e+52 2.55821e+52 2.55872e+52 2.5598e+52 0 0 6.43862e+48 1.74682e+47 4.64348e+42 0 0 0
0.00805842 1.53881e+52 1.53881e+52 2.02452e+52 2.02487e+52 2.02543e+52 0 0 7.43252e+48 1.66647e+47 4.64348e+42 0 0 0
0.00930572 1.30417e+52 1.30417e+52 1.59731e+52 1.59755e+52 1.59784e+52 0 0 8.57937e+48 1.55016e+47 4.64348e+42 0 0 0
0.0107461 1.0816e+52 1.0816e+52 1.25647e+52 1.25663e+52 1.25678e+52 0 0 9.90253e+48 1.4153e+47 4.64348e+42 0 0 0
0.0124094 8.82093e+51 8.82093e+51 9.85415e+51 9.85524e+51 9.856e+51 0 0 1.14289e+49 1.27447e+47 4.64348e+42 0 0 0
0.0143301 7.09977e+51 7.09977e+51 7.70545e+51 7.7062e+51 7.70658e+51 0 0 1.31894e+49 1.136e+47 4.64348e+42 0 0 0
0.0165482 5.65484e+51 5.65484e+51 6.00756e+51 6.00806e+51 6.00825e+51 0 0 1.52196e+49 1.00498e+47 4.64348e+42 0 0 0
0.0191095 4.46586e+51 4.46586e+51 4.67009e+51 4.67043e+51 4.67053e+51 0 0 1.75603e+49 8.84123e+46 4.64348e+42 0 0 0
0.0220673 3.50217e+51 3.50217e+51 3.61985e+51 3.62008e+51 3.62013e+51 0 0 2.02583e+49 7.74605e+46 4.64348e+42 0 0 0
0.025483 2.73021e+51 2.73021e+51 2.79771e+51 2.79787e+51 2.79789e+51 0 0 2.33672e+49 6.76591e+46 4.64348e+42 0 0 0
0.0294273 2.11757e+51 2.11757e+51 2.15614e+51 2.15624e+51 2.15625e+51 0 0 2.69485e+49 5.8965e+46 4.64348e+42 0 0 0
0.0339821 1.63505e+51 1.63505e+51 1.65701e+51 1.65707e+51 1.65709e+51 0 0 3.10722e+49 5.13028e+46 4.64348e+42 0 0 0
0.0392419 1.25745e+51 1.25745e+51 1.2699e+51 1.26995e+51 1.26995e+51 0 0 3.58185e+49 4.45813e+46 4.64348e+42 0 0 0
0.0453158 9.6355e+50 9.6355e+50 9.70593e+50 9.70623e+50 9.70626e+50 0 0 4.12785e+49 3.87053e+46 4.64348e+42 0 0 0
0.0523299 7.35898e+50 7.35898e+50 7.39869e+50 7.39888e+50 7.3989e+50 0 0 4.75556e+49 3.35812e+46 4.64348e+42 0 0 0
0.0604296 5.60314e+50 5.60314e+50 5.62546e+50 5.62559e+50 5.6256e+50 0 0 5.47673e+49 2.9121e+46 4.64348e+42 0 0 0
0.0697831 4.25415e+50 4.25415e+50 4.26667e+50 4.26675e+50 4.26676e+50 0 0 6.30459e+49 2.5244e+46 4.64348e+42 0 0 0
0.0805842 3.22145e+50 3.22145e+50 3.22845e+50 3.2285e+50 3.22851e+50 0 0 7.25403e+49 2.18772e+46 4.64348e+42 0 0 0
0.0930572 2.43349e+50 2.43349e+50 2.4374e+50 2.43743e+50 2.43743e+50 0 0 8.34172e+49 1.89556e+46 4.64348e+42 0 0 0
0.107461 1.83413e+50 1.83413e+50 1.8363e+50 1.83632e+50 1.83632e+50 0 0 9.58619e+49 1.64217e+46 4.64348e+42 0 0 0
0.124094 1.37952e+50 1.37952e+50 1.38073e+50 1.38074e+50 1.38074e+50 0 0 1.10079e+50 1.4225e+46 4.64348e+42 0 0 0
0.143301 1.03563e+50 1.03563e+50 1.0363e+50 1.03631e+50 1.03631e+50 0 0 1.26294e+50 1.23212e+46 4.64348e+42 0 0 0
0.165482 7.7613e+49 7.7613e+49 7.765e+49 7.76507e+49 7.76507e+49 0 0 1.44749e+50 1.06715e+46 4.64348e+42 0 0 0
0.191095 5.80756e+49 5.80756e+49 5.8096e+49 5.80964e+49 5.80964e+49 0 0 1.65703e+50 9.24231e+45 4.64348e+42 0 0 0
0.220673 4.33965e+49 4.33965e+49 4.34078e+49 4.3408e+49 4.34081e+49 0 0 1.8943e+50 8.00425e+45 4.64348e+42 0 0 0
0.25483 3.23884e+49 3.23884e+49 3.23946e+49 3.23948e+49 3.23948e+49 0 0 2.16208e+50 6.93186e+45 4.64348e+42 0 0 0
0.294273 2.41473e+49 2.41473e+49 2.41507e+49 2.41508e+49 2.41508e+49 0 0 2.46311e+50 6.00305e+45 4.64348e+42 0 0 0
0.339821 1.79869e+49 1.79869e+49 1.79887e+49 1.79888e+49 1.79888e+49 0 0 2.79997e+50 5.19862e+45 4.64348e+42 0 0 0
0.392419 1.3388e+49 1.3388e+49 1.3389e+49 1.33891e+49 1.33891e+49 0 0 3.17487e+50 4.50194e+45 4.64348e+42 0 0 0
0.453158 9.95896e+48 9.95896e+48 9.95952e+48 9.95955e+48 9.95955e+48 0 0 3.58934e+50 3.8986e+45 4.64348e+42 0 0 0
0.523299 7.40472e+48 7.40472e+48 7.40503e+48 7.40505e+48 7.40505e+48 0 0 4.04395e+50 3.37609e+45 4.64348e+42 0 0 0
0.604296 5.50376e+48 5.50376e+48 5.50393e+48 5.50394e+48 5.50394e+48 0 0 4.53774e+50 2.92361e+45 4.64348e+42 0 0 0
0.697831 4.09e+48 4.09e+48 4.09009e+48 4.0901e+48 4.0901e+48 0 0 5.06774e+50 2.53176e+45 4.64348e+42 0 0 0
0.805842 3.03918e+48 3.03918e+48 3.03923e+48 3.03923e+48 3.03923e+48 0 0 5.62818e+50 2.19243e+45 4.64348e+42 0 0 0
0.930572 2.25846e+48 2.25846e+48 2.25848e+48 2.25849e+48 2.25849e+48 0 0 6.20966e+50 1.89857e+45 4.64348e+42 0 0 0
1.07461 1.67858e+48 1.67858e+48 1.6786e+48 1.6786e+48 1.6786e+48 0 0 6.79825e+50 1.6441e+45 4.64348e+42 0 0 0
1.24094 1.24795e+48 1.24795e+48 1.24796e+48 1.24796e+48 1.24796e+48 0 0 7.37454e+50 1.42373e+45 4.64348e+42 0 0 0
1.43301 9.28164e+47 9.28164e+47 9.28168e+47 9.28169e+47 9.28169e+47 0 0 7.91286e+50 1.2329e+45 4.64348e+42 0 0 0
1.65482 6.90666e+47 6.90666e+47 6.90669e+47 6.90669e+47 6.90669e+47 0 0 8.38085e+50 1.06765e+45 4.64348e+42 0 0 0
1.91095 5.14246e+47 5.14246e+47 5.14247e+47 5.14247e+47 5.14247e+47 0 0 8.73985e+50 9.24547e+44 4.64348e+42 0 0 0
2.20673 3.83151e+47 3.83151e+47 3.83152e+47 3.83152e+47 3.83152e+47 0 0 8.9465e+50 8.00624e+44 4.64348e+42 0 0 0
2.5483 2.85696e+47 2.85696e+47 2.85696e+47 2.85696e+47 2.85696e+47 0 0 8.9562e+50 6.93311e+44 4.64348e+42 0 0 0
2.94273 2.13208e+47 2.13208e+47 2.13208e+47 2.13208e+47 2.13208e+47 0 0 8.72897e+50 6.00382e+44 4.64348e+42 0 0 0
3.39821 1.59257e+47 1.59257e+47 1.59258e+47 1.59258e+47 1.59258e+47 0 0 8.23779e+50 5.19908e+44 4.64348e+42 0 0 0
3.92419 1.19075e+47 1.19075e+47 1.19075e+47 1.19075e+47 1.19075e+47 0 0 7.47875e+50 4.50221e+44 4.64348e+42 0 0 0
4.53158 8.91237e+46 8.91237e+46 8.91238e+46 8.91238e+46 8.91238e+46 0 0 6.48087e+50 3.89874e+44 4.64348e+42 0 0 0
5.23299 6.67792e+46 6.67792e+46 6.67793e+46 6.67793e+46 6.67793e+46 0 0 5.31156e+50 3.37616e+44 4.64348e+42 0 0 0
6.04296 5.00943e+46 5.00943e+46 5.00943e+46 5.00944e+46 5.00944e+46 0 0 4.07308e+50 2.92363e+44 4.64348e+42 0 0 0
6.97831 3.76232e+46 3.76232e+46 3.76232e+46 3.76232e+46 3.76232e+46 0 0 2.88628e+50 2.53175e+44 4.64348e+42 0 0 0
8.05842 2.8292e+46 2.8292e+46 2.8292e+46 2.8292e+46 2.8292e+46 0 0 1.86341e+50 2.19239e+44 4.64348e+42 0 0 0
9.30572 2.13025e+46 2.13025e+46 2.13026e+46 2.13026e+46 2.13026e+46 0 0 1.07856e+50 1.89852e+44 4.64348e+42 0 0 0
10.7461 1.60612e+46 1.60612e+46 1.60612e+46 1.60612e+46 1.60612e+46 0 0 5.4961e+49 1.64404e+44 4.64348e+42 0 0 0
12.4094 1.2126e+46 1.2126e+46 1.21261e+46 1.21261e+46 1.21261e+46 0 0 2.41545e+49 1.42367e+44 4.64348e+42 0 0 0
14.3301 9.16795e+45 9.16795e+45 9.16798e+45 9.16798e+45 9.16798e+45 0 0 8.94347e+48 1.23284e+44 4.64348e+42 0 0 0
16.5482 6.94152e+45 6.94152e+45 6.94154e+45 6.94155e+45 6.94155e+45 0 0 2.71612e+48 1.06758e+44 4.64348e+42 0 0 0
19.1095 5.26356e+45 5.26356e+45 5.26358e+45 5.26358e+45 5.26358e+45 0 0 6.56079e+47 9.24479e+43 4.64348e+42 0 0 0
22.0673 3.99723e+45 3.99723e+45 3.99725e+45 3.99725e+45 3.99725e+45 0 0 1.21653e+47 8.00556e+43 4.64348e+42 0 0 0
25.483 3.04021e+45 3.04021e+45 3.04023e+45 3.04023e+45 3.04023e+45 0 0 1.66214e+46 6.93242e+43 4.64348e+42 0 0 0
29.4273 2.31591e+45 2.31591e+45 2.31592e+45 2.31592e+45 2.31592e+45 0 0 1.5961e+45 6.00313e+43 4.64348e+42 0 0 0
33.9821 1.76691e+45 1.76691e+45 1.76693e+45 1.76693e+45 1.76693e+45 0 0 1.02e+44 5.19839e+43 4.64348e+42 0 0 0
39.2419 1.35017e+45 1.35017e+45 1.35018e+45 1.35018e+45 1.35018e+45 0 0 4.07299e+42 4.50152e+43 4.64348e+42 0 0 0
45.3158 1.03332e+45 1.03332e+45 1.03333e+45 1.03333e+45 1.03333e+45 0 0 9.44899e+40 3.89805e+43 4.64348e+42 0 0 0
52.3299 7.92045e+44 7.92045e+44 7.92054e+44 7.92054e+44 7.92054e+44 0 0 1.17089e+39 3.37547e+43 4.64348e+42 0 0 0
60.4296 6.08023e+44 6.08023e+44 6.08031e+44 6.08031e+44 6.08031e+44 0 0 7.03309e+36 2.92293e+43 4.64348e+42 0 0 0
69.7831 4.67443e+44 4.67443e+44 4.6745e+44 4.6745e+44 4.6745e+44 0 0 1.83064e+34 2.53105e+43 4.64348e+42 0 0 0
80.5842 3.59874e+44 3.59874e+44 3.5988e+44 3.5988e+44 3.5988e+44 0 0 1.81414e+31 2.1917e+43 4.64348e+42 0 0 0
93.0572 2.77431e+44 2.77431e+44 2.77437e+44 2.77437e+44 2.77437e+44 0 0 5.89435e+27 1.89783e+43 4.64348e+42 0 0 0
107.461 2.14145e+44 2.14145e+44 2.1415e+44 2.1415e+44 2.1415e+44 0 0 5.2837e+23 1.64335e+43 4.64348e+42 0 0 0
124.094 1.65488e+44 1.65488e+44 1.65492e+44 1.65492e+44 1.65492e+44 0 0 1.07056e+19 1.42298e+43 4.64348e+42 0 0 0
143.301 1.2802e+44 1.2802e+44 1.28024e+44 1.28024e+44 1.28024e+44 0 0 3.89491e+13 1.23214e+43 4.64348e+42 0 0 0
165.482 9.91267e+43 9.91267e+43 9.91303e+43 9.91303e+43 9.91303e+43 0 0 1.95055e+07 1.06689e+43 4.64348e+42 0 0 0
191.095 7.68138e+43 7.68138e+43 7.6817e+43 7.6817e+43 7.6817e+43 0 0 0.989212 9.23784e+42 4.64348e+42 0 0 0
220.673 5.95601e+43 5.95601e+43 5.95629e+43 5.95629e+43 5.95629e+43 0 0 3.56419e-09 7.9986e+42 4.64348e+42 0 0 0
254.83 4.62023e+43 4.62023e+43 4.62049e+43 4.62049e+43 4.62049e+43 0 0 6.0591e-19 6.92547e+42 4.64348e+42 0 0 0
294.273 3.58496e+43 3.58496e+43 3.58519e+43 3.58519e+43 3.58519e+43 0 0 3.02941e-30 5.99617e+42 4.64348e+42 0 0 0
339.821 2.78184e+43 2.78184e+43 2.78205e+43 2.78205e+43 2.78205e+43 0 0 2.58084e-43 5.19144e+42 4.64348e+42 0 0 0
392.419 2.15834e+43 2.15834e+43 2.15852e+43 2.15852e+43 2.15852e+43 0 0 1.9947e-58 4.49456e+42 4.64348e+42 0 0 0
453.158 1.67399e+43 1.67399e+43 1.67416e+43 1.67416e+43 1.67416e+43 0 0 6.75459e-76 3.8911e+42 4.64348e+42 0 0 0
523.299 1.29761e+43 1.29761e+43 1.29776e+43 1.29776e+43 1.29776e+43 0 0 4.32403e-96 3.36852e+42 4.64348e+42 0 0 0
604.296 1.00509e+43 1.00509e+43 1.00522e+43 1.00522e+43 1.00522e+43 0 0 1.98248e-119 2.91598e+42 4.64348e+42 0 0 0
697.831 7.77759e+42 7.77759e+42 7.77879e+42 7.77879e+42 7.77879e+42 0 0 2.12213e-146 2.5241e+42 4.64348e+42 0 0 0
805.842 6.01157e+42 6.01157e+42 6.01263e+42 6.01263e+42 6.01263e+42 0 0 1.45362e-177 2.18475e+42 4.64348e+42 0 0 0
930.572 4.64046e+42 4.64046e+42 4.6414e+42 4.6414e+42 4.6414e+42 0 0 1.42924e-213 1.89088e+42 4.64348e+42 0 0 0
1074.61 3.57688e+42 3.57688e+42 3.57772e+42 3.57772e+42 3.57772e+42 0 0 0 1.6364e+42 4.64348e+42 0 0 0
1240.94 2.75279e+42 2.75279e+42 2.75354e+42 2.75354e+42 2.75354e+42 0 0 0 1.41604e+42 4.64348e+42 0 0 0
1433.01 2.11514e+42 2.11514e+42 2.11581e+42 2.11581e+42 2.11581e+42 0 0 0 1.22521e+42 4.64348e+42 0 0 0
1654.82 1.62253e+42 1.62253e+42 1.62312e+42 1.62312e+42 1.62312e+42 0 0 0 1.05996e+42 4.64348e+42 0 0 0
1910.95 1.24263e+42 1.24263e+42 1.24316e+42 1.24316e+42 1.24316e+42 0 0 0 9.16855e+41 4.64348e+42 0 0 0
2206.73 9.50211e+41 9.50211e+41 9.50671e+41 9.50671e+41 9.50671e+41 0 0 0 7.92937e+41 4.64348e+42 0 0 0
2548.3 7.25556e+41 7.25556e+41 7.25961e+41 7.25961e+41 7.25961e+41 0 0 0 6.85629e+41 4.64348e+42 0 0 0
2942.73 5.53296e+41 5.53296e+41 5.53654e+41 5.53654e+41 5.53654e+41 0 0 0 5.92706e+41 4.64348e+42 0 0 0
3398.21 4.2146e+41 4.2146e+41 4.21774e+41 4.21774e+41 4.21774e+41 0 0 0 5.1224e+41 4.64348e+42 0 0 0
3924.19 3.20735e+41 3.20735e+41 3.21011e+41 3.21011e+41 3.21011e+41 0 0 0 4.42561e+41 4.64348e+42 0 0 0
4531.58 2.43899e+41 2.43899e+41 2.44142e+41 2.44142e+41 2.44142e+41 0 0 0 3.82225e+41 4.64348e+42 0 0 0
5232.99 1.85382e+41 1.85382e+41 1.85586e+41 1.85586e+41 1.85586e+41 0 0 0 3.3001e+41 4.64348e+42 0 0 0
6042.96 1.40838e+41 1.40838e+41 1.41016e+41 1.41016e+41 1.41016e+41 0 0 0 2.84774e+41 4.64348e+42 0 0 0
6978.31 1.06968e+41 1.06968e+41 1.07123e+41 1.07123e+41 1.07123e+41 0 0 0 2.45607e+41 4.64348e+42 0 0 0
8058.42 8.12299e+40 8.12299e+40 8.13646e+40 8.13646e+40 8.13646e+40 0 0 0 2.11695e+41 4.64348e+42 0 0 0
9305.72 6.16791e+40 6.16791e+40 6.1796e+40 6.1796e+40 6.1796e+40 0 0 0 1.82335e+41 4.64348e+42 0 0 0
10746.1 4.68315e+40 4.68315e+40 4.69329e+40 4.69329e+40 4.69329e+40 0 0 0 1.56918e+41 4.64348e+42 0 0 0
12409.4 3.55568e+40 3.55568e+40 3.56446e+40 3.56446e+40 3.56446e+40 0 0 0 1.34917e+41 4.64348e+42 0 0 0
14330.1 2.69955e+40 2.69955e+40 2.70714e+40 2.70714e+40 2.70714e+40 0 0 0 1.15874e+41 4.64348e+42 0 0 0
16548.2 2.04943e+40 2.04943e+40 2.05597e+40 2.05597e+40 2.05597e+40 0 0 0 9.93943e+40 4.64348e+42 0 0 0
19109.5 1.55572e+40 1.55572e+40 1.56135e+40 1.56135e+40 1.56135e+40 0 0 0 8.51359e+40 4.64348e+42 0 0 0
22067.3 1.18078e+40 1.18078e+40 1.18561e+40 1.18561e+40 1.18561e+40 0 0 0 7.28026e+40 4.64348e+42 0 0 0
25483 8.96023e+39 8.96023e+39 9.0015e+39 9.0015e+39 9.0015e+39 0 0 0 6.2138e+40 4.64348e+42 0 0 0
29427.3 6.79765e+39 6.79765e+39 6.83281e+39 6.83281e+39 6.83281e+39 0 0 0 5.29202e+40 4.64348e+42 0 0 0
33982.1 5.15539e+39 5.15539e+39 5.18523e+39 5.18523e+39 5.18523e+39 0 0 0 4.49572e+40 4.64348e+42 0 0 0
39241.9 3.90841e+39 3.90841e+39 3.93363e+39 3.93363e+39 3.93363e+39 0 0 0 3.80831e+40 4.64348e+42 0 0 0
45315.8 2.96176e+39 2.96176e+39 2.98296e+39 2.98296e+39 2.98296e+39 0 0 0 3.21539e+40 4.64348e+42 0 0 0
52329.9 2.24327e+39 2.24327e+39 2.26101e+39 2.26101e+39 2.26101e+39 0 0 0 2.70455e+40 4.64348e+42 0 0 0
60429.6 1.69815e+39 1.69815e+39 1.71289e+39 1.71289e+39 1.71289e+39 0 0 0 2.26502e+40 4.64348e+42 0 0 0
69783.1 1.2847e+39 1.2847e+39 1.29689e+39 1.29689e+39 1.29689e+39 0 0 0 1.88749e+40 4.64348e+42 0 0 0
80584.2 9.7128e+38 9.7128e+38 9.81287e+38 9.81287e+38 9.81287e+38 0 0 0 1.56391e+40 4.64348e+42 0 0 0
93057.2 7.33801e+38 7.33801e+38 7.4196e+38 7.4196e+38 7.4196e+38 0 0 0 1.28729e+40 4.64348e+42 0 0 0
107461 5.53968e+38 5.53968e+38 5.60573e+38 5.60573e+38 5.60573e+38 0 0 0 1.05161e+40 4.64348e+42 0 0 0
124094 4.17875e+38 4.17875e+38 4.23183e+38 4.23183e+38 4.23183e+38 0 0 0 8.51605e+39 4.64348e+42 0 0 0
143301 3.14955e+38 3.14955e+38 3.19188e+38 3.19188e+38 3.19188e+38 0 0 0 6.82738e+39 4.64348e+42 0 0 0
165482 2.37179e+38 2.37179e+38 2.4053e+38 2.4053e+38 2.4053e+38 0 0 0 5.41041e+39 4.64348e+42 0 0 0
191095 1.78452e+38 1.78452e+38 1.81083e+38 1.81083e+38 1.81083e+38 0 0 0 4.23047e+39 4.64348e+42 0 0 0
220673 1.34143e+38 1.34143e+38 1.36195e+38 1.36195e+38 1.36195e+38 0 0 0 3.25708e+39 4.64348e+42 0 0 0
254830 1.00744e+38 1.00744e+38 1.02332e+38 1.02332e+38 1.02332e+38 0 0 0 2.46324e+39 4.64348e+42 0 0 0
294273 7.55902e+37 7.55902e+37 7.68105e+37 7.68105e+37 7.68105e+37 0 0 0 1.82479e+39 4.64348e+42 0 0 0
339821 5.66645e+37 5.66645e+37 5.75959e+37 5.75959e+37 5.75959e+37 0 0 0 1.31994e+39 4.64348e+42 0 0 0
392419 4.24388e+37 4.24388e+37 4.31449e+37 4.31449e+37 4.31449e+37 0 0 0 9.28777e+38 4.64348e+42 0 0 0
453158 3.17564e+37 3.17564e+37 3.22883e+37 3.22883e+37 3.22883e+37 0 0 0 6.33026e+38 4.64348e+42 0 0 0
523299 2.37428e+37 2.37428e+37 2.41409e+37 2.41409e+37 2.41409e+37 1.52179e+29 3.77427e+33 0 4.15841e+38 4.64348e+42 0 0 0
604296 1.77372e+37 1.77372e+37 1.80333e+37 1.80333e+37 1.80333e+37 2.34405e+29 3.79056e+33 0 2.61781e+38 4.64348e+42 0 0 0
697831 1.32406e+37 1.32406e+37 1.34596e+37 1.34596e+37 1.34596e+37 3.16632e+29 3.80686e+33 0 1.56884e+38 4.64348e+42 0 0 0
805842 9.87711e+36 9.87711e+36 1.00381e+37 1.00381e+37 1.00381e+37 3.98859e+29 3.82315e+33 0 8.88232e+37 4.64348e+42 0 0 0
930572 7.36326e+36 7.36326e+36 7.48087e+36 7.48087e+36 7.48087e+36 4.81086e+29 3.83945e+33 0 4.70918e+37 4.64348e+42 0 0 0
1.07461e+06 5.48595e+36 5.48595e+36 5.5714e+36 5.5714e+36 5.5714e+36 6.09186e+29 3.8582e+33 0 2.31422e+37 4.64348e+42 0 0 0
1.24094e+06 4.08505e+36 4.08505e+36 4.14678e+36 4.14678e+36 4.14678e+36 8.17297e+29 3.86332e+33 0 1.0418e+37 4.64348e+42 0 0 0
1.43301e+06 3.04037e+36 3.04037e+36 3.08471e+36 3.08471e+36 3.08471e+36 1.09132e+30 3.86986e+33 0 4.2382e+36 4.64348e+42 0 0 0
1.65482e+06 2.2618e+36 2.2618e+36 2.2935e+36 2.2935e+36 2.2935e+36 1.45346e+30 3.8783e+33 0 1.53379e+36 4.64348e+42 0 0 0
1.91095e+06 1.68189e+36 1.68189e+36 1.70445e+36 1.70445e+36 1.70445e+36 1.97091e+30 3.89002e+33 0 4.84907e+35 4.64348e+42 0 0 0
2.20673e+06 1.25019e+36 1.25019e+36 1.26616e+36 1.26616e+36 1.26616e+36 2.63461e+30 3.90522e+33 0 1.31148e+35 4.64348e+42 0 0 0
2.5483e+06 9.28965e+35 9.28965e+35 9.40233e+35 9.40233e+35 9.40233e+35 3.50633e+30 3.92519e+33 0 2.96191e+34 4.64348e+42 0 0 0
2.94273e+06 6.9006e+35 6.9006e+35 6.9798e+35 6.9798e+35 6.9798e+35 4.66277e+30 3.9514e+33 0 5.43199e+33 4.64348e+42 0 0 0
3.39821e+06 5.12452e+35 5.12452e+35 5.18001e+35 5.18001e+35 5.18001e+35 6.329e+30 3.98796e+33 0 7.83282e+32 4.64348e+42 0 0 0
3.92419e+06 3.80464e+35 3.80464e+35 3.8434e+35 3.8434e+35 3.8434e+35 8.50344e+30 4.03541e+33 0 8.55617e+31 4.64348e+42 0 0 0
4.53158e+06 2.82413e+35 2.82413e+35 2.85114e+35 2.85114e+35 2.85114e+35 1.14344e+31 4.09659e+33 0 6.7822e+30 4.64348e+42 0 0 0
5.23299e+06 2.09596e+35 2.09596e+35 2.11475e+35 2.11475e+35 2.11475e+35 1.53443e+31 4.17396e+33 0 3.7122e+29 4.64348e+42 0 0 0
6.04296e+06 1.55535e+35 1.55535e+35 1.56841e+35 1.56841e+35 1.56841e+35 2.08725e+31 4.27655e+33 0 1.32485e+28 4.64348e+42 0 0 0
6.97831e+06 1.1541e+35 1.1541e+35 1.16316e+35 1.16316e+35 1.16316e+35 2.80195e+31 4.3975e+33 0 2.88558e+26 4.64348e+42 0 0 0
8.05842e+06 8.56357e+34 8.56357e+34 8.62642e+34 8.62642e+34 8.62642e+34 3.73374e+31 4.5404e+33 0 3.55328e+24 4.64348e+42 0 0 0
9.30572e+06 6.35481e+34 6.35481e+34 6.39842e+34 6.39842e+34 6.39842e+34 4.95748e+31 4.7023e+33 0 2.26479e+22 4.64348e+42 0 0 0
1.07461e+07 4.71681e+34 4.71681e+34 4.7471e+34 4.7471e+34 4.7471e+34 6.60022e+31 4.89626e+33 0 6.74778e+19 4.64348e+42 0 0 0
1.24094e+07 3.50245e+34 3.50245e+34 3.52352e+34 3.52352e+34 3.52352e+34 8.60398e+31 5.08684e+33 0 8.35441e+16 4.64348e+42 0 0 0
1.43301e+07 2.60256e+34 2.60256e+34 2.61726e+34 2.61726e+34 2.61726e+34 1.10133e+32 5.27301e+33 0 3.75202e+13 4.64348e+42 0 0 0
1.65482e+07 1.93611e+34 1.93611e+34 1.9464e+34 1.9464e+34 1.9464e+34 1.38438e+32 5.44586e+33 0 5.22453e+09 4.64348e+42 0 0 0
1.91095e+07 1.44305e+34 1.44305e+34 1.45029e+34 1.45029e+34 1.45029e+34 1.72155e+32 5.59486e+33 0 188170 4.64348e+42 0 0 0
2.20673e+07 1.07842e+34 1.07842e+34 1.08354e+34 1.08354e+34 1.08354e+34 2.08012e+32 5.7234e+33 0 1.42194 4.64348e+42 0 0 0
2.5483e+07 8.09173e+33 8.09173e+33 8.12821e+33 8.12821e+33 8.12821e+33 2.46653e+32 5.81359e+33 0 1.77042e-06 4.64348e+42 0 0 0
2.94273e+07 6.10434e+33 6.10434e+33 6.13059e+33 6.13059e+33 6.13059e+33 2.85072e+32 5.81472e+33 0 2.7474e-13 4.64348e+42 0 0 0
3.39821e+07 4.639e+33 4.639e+33 4.65811e+33 4.65811e+33 4.65811e+33 3.22415e+32 5.71086e+33 0 3.8499e-21 4.64348e+42 0 0 0
3.92419e+07 3.55616e+33 3.55616e+33 3.57026e+33 3.57026e+33 3.57026e+33 3.54238e+32 5.4992e+33 0 3.35755e-30 4.64348e+42 0 0 0
4.53158e+07 2.75689e+33 2.75689e+33 2.76746e+33 2.76746e+33 2.76746e+33 3.81848e+32 5.21699e+33 0 1.18573e-40 4.64348e+42 0 0 0
5.23299e+07 2.16522e+33 2.16522e+33 2.17329e+33 2.17329e+33 2.17329e+33 4.03593e+32 4.8916e+33 0 1.03226e-52 4.64348e+42 0 0 0
6.04296e+07 1.72265e+33 1.72265e+33 1.72891e+33 1.72891e+33 1.72891e+33 4.16074e+32 4.49095e+33 0 1.24891e-66 4.64348e+42 0 0 0
6.97831e+07 1.38733e+33 1.38733e+33 1.39228e+33 1.39228e+33 1.39228e+33 4.18327e+32 4.02402e+33 0 1.08335e-82 4.64348e+42 0 0 0
8.05842e+07 1.12983e+33 1.12983e+33 1.1338e+33 1.1338e+33 1.1338e+33 4.11246e+32 3.49855e+33 0 3.13745e-101 4.64348e+42 0 0 0
9.30572e+07 9.27932e+32 9.27932e+32 9.31158e+32 9.31158e+32 9.31158e+32 3.95085e+32 2.93294e+33 0 1.25503e-122 4.64348e+42 0 0 0
1.07461e+08 7.64981e+32 7.64981e+32 7.67624e+32 7.67624e+32 7.67624e+32 3.69874e+32 2.35923e+33 0 2.50246e-147 4.64348e+42 133.986 0 0
1.24094e+08 6.33506e+32 6.33506e+32 6.35687e+32 6.35687e+32 6.35687e+32 3.40531e+32 1.86742e+33 0 7.6661e-176 4.64348e+42 117.709 0 0
1.43301e+08 5.24146e+32 5.24146e+32 5.25951e+32 5.25951e+32 5.25951e+32 3.06873e+32 1.45196e+33 0 9.26863e-209 4.64348e+42 103.409 0 0
1.65482e+08 4.31209e+32 4.31209e+32 4.327e+32 4.327e+32 4.327e+32 2.70029e+32 1.11096e+33 0 9.20597e-247 4.64348e+42 90.8468 0 0
1.91095e+08 3.49172e+32 3.49172e+32 3.50387e+32 3.50387e+32 3.50387e+32 2.29532e+32 8.28294e+32 0 0 4.64348e+42 79.8104 0 0
2.20673e+08 2.81155e+32 2.81155e+32 2.82142e+32 2.82142e+32 2.82142e+32 1.92302e+32 6.20779e+32 0 0 4.64348e+42 70.1148 0 0
2.5483e+08 2.23875e+32 2.23875e+32 2.2467e+32 2.2467e+32 2.2467e+32 1.57842e+32 4.60017e+32 0 0 4.64348e+42 61.597 0 0
2.94273e+08 1.76014e+32 1.76014e+32 1.76646e+32 1.76646e+32 1.76646e+32 1.26904e+32 3.37124e+32 0 0 4.64348e+42 54.114 0 0
3.39821e+08 1.35465e+32 1.35465e+32 1.35958e+32 1.35958e+32 1.35958e+32 9.89084e+31 2.42679e+32 0 0 4.64348e+42 49.6375 0 0
3.92419e+08 1.04041e+32 1.04041e+32 1.04426e+32 1.04426e+32 1.04426e+32 7.68181e+31 1.77546e+32 0 0 4.64348e+42 47.54 0 0
4.53158e+08 7.90407e+31 7.90407e+31 7.93382e+31 7.93382e+31 7.93382e+31 5.87569e+31 1.29298e+32 0 0 4.64348e+42 45.5312 0 0
5.23299e+08 5.92927e+31 5.92927e+31 5.95198e+31 5.95198e+31 5.95198e+31 4.41707e+31 9.37698e+31 0 0 4.64348e+42 43.6073 0 0
6.04296e+08 4.40433e+31 4.40433e+31 4.42151e+31 4.42151e+31 4.42151e+31 3.27642e+31 6.72867e+31 0 0 4.64348e+42 41.7647 0 0
6.97831e+08 3.30312e+31 3.30312e+31 3.31625e+31 3.31625e+31 3.31625e+31 2.46188e+31 4.92798e+31 0 0 4.64348e+42 40 0 0
8.05842e+08 2.46634e+31 2.46634e+31 2.47633e+31 2.47633e+31 2.47633e+31 1.83876e+31 3.60317e+31 0 0 4.64348e+42 38.3098 0 0
9.30572e+08 1.8317e+31 1.8317e+31 1.83926e+31 1.83926e+31 1.83926e+31 1.36346e+31 2.62821e+31 0 0 4.64348e+42 36.691 0 0
1.07461e+09 1.34691e+31 1.34691e+31 1.35259e+31 1.35259e+31 1.35259e+31 9.9753e+30 1.88994e+31 0 0 4.64348e+42 36.8232 0 0
1.24094e+09 1.0069e+31 1.0069e+31 1.01122e+31 1.01122e+31 1.01122e+31 7.46444e+30 1.39054e+31 0 0 4.64348e+42 38.7255 0 0
1.43301e+09 7.53393e+30 7.53393e+30 7.56696e+30 7.56696e+30 7.56696e+30 5.59393e+30 1.02036e+31 0 0 4.64348e+42 40.726 0 0
1.65482e+09 5.62195e+30 5.62195e+30 5.64711e+30 5.64711e+30 5.64711e+30 4.17853e+30 7.46476e+30 0 0 4.64348e+42 42.8299 0 0
1.91095e+09 4.15509e+30 4.15509e+30 4.17406e+30 4.17406e+30 4.17406e+30 3.08253e+30 5.37162e+30 0 0 4.64348e+42 45.0425 0 0
2.20673e+09 3.1175e+30 3.1175e+30 3.13201e+30 3.13201e+30 3.13201e+30 2.32256e+30 3.96087e+30 0 0 4.64348e+42 47.3693 0 0
2.5483e+09 2.33242e+30 2.33242e+30 2.3435e+30 2.3435e+30 2.3435e+30 1.74477e+30 2.91251e+30 0 0 4.64348e+42 49.8164 0 0
2.94273e+09 1.73756e+30 1.73756e+30 1.74597e+30 1.74597e+30 1.74597e+30 1.3045e+30 2.13482e+30 0 0 4.64348e+42 52.3898 0 0
3.39821e+09 1.27597e+30 1.27597e+30 1.28227e+30 1.28227e+30 1.28227e+30 9.579e+29 1.53914e+30 0 0 4.64348e+42 55.0962 0 0
3.92419e+09 9.51997e+29 9.51997e+29 9.56788e+29 9.56788e+29 9.56788e+29 7.19568e+29 1.13574e+30 0 0 4.64348e+42 57.9425 0 0
4.53158e+09 7.0778e+29 7.0778e+29 7.11411e+29 7.11411e+29 7.11411e+29 5.38762e+29 8.35078e+29 0 0 4.64348e+42 60.9357 0 0
5.23299e+09 5.24249e+29 5.24249e+29 5.26988e+29 5.26988e+29 5.26988e+29 4.01984e+29 6.11518e+29 0 0 4.64348e+42 64.0836 0 0
6.04296e+09 3.81965e+29 3.81965e+29 3.83998e+29 3.83998e+29 3.83998e+29 2.93945e+29 4.4083e+29 0 0 4.64348e+42 67.3941 0 0
6.97831e+09 2.83364e+29 2.83364e+29 2.84901e+29 2.84901e+29 2.84901e+29 2.20393e+29 3.24943e+29 0 0 4.64348e+42 70.8756 0 0
8.05842e+09 2.09527e+29 2.09527e+29 2.10684e+29 2.10684e+29 2.10684e+29 1.64699e+29 2.38866e+29 0 0 4.64348e+42 74.537 0 0
9.30572e+09 1.54072e+29 1.54072e+29 1.54938e+29 1.54938e+29 1.54938e+29 1.22303e+29 1.75102e+29 0 0 4.64348e+42 78.3875 0 0
1.07461e+10 1.11653e+29 1.11653e+29 1.12292e+29 1.12292e+29 1.12292e+29 8.92309e+28 1.26628e+29 0 0 4.64348e+42 87.9523 0 0
1.24094e+10 8.20429e+28 8.20429e+28 8.25257e+28 8.25257e+28 8.25257e+28 6.63819e+28 9.36525e+28 0 0 4.64348e+42 105.286 0 0
1.43301e+10 5.96338e+28 5.96338e+28 6.00108e+28 6.00108e+28 6.00108e+28 4.90834e+28 6.90918e+28 0 0 4.64348e+42 126.037 0 0
1.65482e+10 4.22038e+28 4.22038e+28 4.25395e+28 4.25395e+28 4.25395e+28 3.61803e+28 5.08167e+28 0 0 4.64348e+42 150.877 0 0
1.91095e+10 2.7293e+28 2.7293e+28 2.76655e+28 2.76655e+28 2.76655e+28 2.61693e+28 3.67545e+28 0 0 4.64348e+42 180.612 0 0
2.20673e+10 1.53125e+28 1.53125e+28 1.57814e+28 1.57814e+28 1.57814e+28 1.93652e+28 2.7202e+28 0 0 4.64348e+42 216.208 34.7254 0
2.5483e+10 6.90072e+27 6.90072e+27 7.41376e+27 7.41376e+27 7.41376e+27 1.42821e+28 2.00659e+28 0 0 4.64348e+42 258.82 22.9578 0
2.94273e+10 2.59682e+27 2.59682e+27 3.05137e+27 3.05137e+27 3.05137e+27 1.05023e+28 1.47508e+28 0 0 4.64348e+42 309.829 15.5417 0
3.39821e+10 8.61943e+26 8.61943e+26 1.19981e+27 1.19981e+27 1.19981e+27 7.57807e+27 1.06467e+28 0 0 4.64348e+42 370.892 10.7604 0
3.92419e+10 2.69695e+26 2.69695e+26 4.99519e+26 4.99519e+26 4.99519e+26 5.61647e+27 7.88073e+27 0 0 4.64348e+42 443.989 7.61059 0
4.53158e+10 7.69936e+25 7.69936e+25 2.20424e+26 2.20424e+26 2.20424e+26 4.15351e+27 5.81901e+27 0 0 4.64348e+42 531.492 5.49245 0
5.23299e+10 1.97183e+25 1.97183e+25 1.03688e+26 1.03688e+26 1.03688e+26 3.0666e+27 4.28468e+27 0 0 4.64348e+42 636.242 4.04008 0
6.04296e+10 4.43428e+24 4.43428e+24 5.11611e+25 5.11611e+25 5.11611e+25 2.22663e+27 3.09727e+27 0 0 4.64348e+42 761.635 3.02568 0
6.97831e+10 9.17627e+23 9.17627e+23 2.73357e+25 2.73357e+25 2.73357e+25 1.65916e+27 2.29833e+27 0 0 4.64348e+42 911.742 2.3047 0
8.05842e+10 1.75177e+23 1.75177e+23 1.53288e+25 1.53288e+25 1.53288e+25 1.23298e+27 1.70148e+27 0 0 4.64348e+42 1091.43 1.78376 0
9.30572e+10 3.21618e+22 3.21618e+22 8.96603e+24 8.96603e+24 8.96603e+24 9.13743e+26 1.25602e+27 0 0 4.64348e+42 1306.54 1.40144 0
1.07461e+11 5.88016e+21 5.88016e+21 5.35995e+24 5.35995e+24 5.35995e+24 6.64373e+26 9.09382e+26 0 0 4.64348e+42 1564.04 1.11671 0
1.24094e+11 1.17183e+21 1.17183e+21 3.38968e+24 3.38968e+24 3.38968e+24 4.94857e+26 6.75716e+26 0 0 4.64348e+42 1872.29 0.901709 0
1.43301e+11 2.60121e+20 2.60121e+20 2.20249e+24 2.20249e+24 2.20249e+24 3.67317e+26 5.00687e+26 0 0 4.64348e+42 2241.28 0.737233 0
1.65482e+11 6.67884e+19 6.67884e+19 1.46442e+24 1.46442e+24 1.46442e+24 2.7159e+26 3.69769e+26 0 0 4.64348e+42 2683.01 0.609868 0
1.91095e+11 2.00877e+19 2.00877e+19 9.78654e+23 9.78654e+23 9.78654e+23 1.96915e+26 2.6764e+26 0 0 4.64348e+42 3211.79 0.510106 0
2.20673e+11 7.49602e+18 7.49602e+18 6.83321e+23 6.83321e+23 6.83321e+23 1.46352e+26 1.9882e+26 0 0 4.64348e+42 3844.78 0.431129 0
2.5483e+11 3.39923e+18 3.39924e+18 4.84496e+23 4.84496e+23 4.84496e+23 1.08419e+26 1.47259e+26 0 0 4.64348e+42 4602.53 0.367983 0
2.94273e+11 1.86564e+18 1.86564e+18 3.48076e+23 3.48076e+23 3.48076e+23 8.00513e+25 1.08698e+26 0 0 4.64348e+42 5509.62 0.317029 0
3.39821e+11 1.20702e+18 1.20702e+18 2.49121e+23 2.49121e+23 2.49121e+23 5.79855e+25 7.8611e+25 0 0 4.64348e+42 0 0.275565 0
3.92419e+11 9.44585e+17 9.44585e+17 1.8501e+23 1.8501e+23 1.8501e+23 4.30756e+25 5.83583e+25 0 0 4.64348e+42 0 0.241562 0
4.53158e+11 8.53134e+17 8.53134e+17 1.38571e+23 1.38571e+23 1.38571e+23 3.18984e+25 4.31903e+25 0 0 4.64348e+42 0 0.213483 0
5.23299e+11 8.70098e+17 8.70098e+17 1.04524e+23 1.04524e+23 1.04524e+23 2.35426e+25 3.18517e+25 0 0 4.64348e+42 0 0.190154 0
6.04296e+11 9.65001e+17 9.65001e+17 7.80752e+22 7.80752e+22 7.80752e+22 1.70392e+25 2.30073e+25 0 0 4.64348e+42 0 0.170669 0
6.97831e+11 1.19014e+18 1.19014e+18 6.02633e+22 6.02633e+22 6.02633e+22 1.26499e+25 1.70611e+25 0 0 4.64348e+42 0 0.154323 0
8.05842e+11 1.5565e+18 1.5565e+18 4.6711e+22 4.6711e+22 4.6711e+22 9.36084e+24 1.26111e+25 0 0 4.64348e+42 0 0.140565 0
9.30572e+11 2.12008e+18 2.12008e+18 3.63236e+22 3.63236e+22 3.63236e+22 6.90328e+24 9.2873e+24 0 0 4.64348e+42 0 0.12896 0
1.07461e+12 2.9131e+18 2.9131e+18 2.7862e+22 2.7862e+22 2.7862e+22 4.99021e+24 6.69626e+24 0 0 4.64348e+42 0 0.119166 0
1.24094e+12 4.1659e+18 4.1659e+18 2.2029e+22 2.2029e+22 2.2029e+22 3.70089e+24 4.95737e+24 0 0 4.64348e+42 0 0.110908 0
1.43301e+12 5.96005e+18 5.96005e+18 1.74421e+22 1.74421e+22 1.74421e+22 2.73549e+24 3.65755e+24 0 0 4.64348e+42 0 0.103969 0
1.65482e+12 8.45097e+18 8.45097e+18 1.38197e+22 1.38197e+22 1.38197e+22 2.0147e+24 2.68796e+24 0 0 4.64348e+42 0 0.098177 0
1.91095e+12 1.15958e+19 1.15958e+19 1.07714e+22 1.07714e+22 1.07714e+22 1.45382e+24 1.93296e+24 0 0 4.64348e+42 0 0.0933933 0
2.20673e+12 1.60246e+19 1.60246e+19 8.64002e+21 8.64002e+21 8.64002e+21 1.07649e+24 1.42752e+24 0 0 4.64348e+42 0 0.0895108 0
2.5483e+12 2.15792e+19 2.15792e+19 6.92653e+21 6.92653e+21 6.92653e+21 7.94277e+23 1.05039e+24 0 0 4.64348e+42 0 0.0864461 0
2.94273e+12 2.82285e+19 2.82285e+19 5.54643e+21 5.54643e+21 5.54643e+21 5.8386e+23 7.69635e+23 0 0 4.64348e+42 0 0.0841374 0
3.39821e+12 3.51944e+19 3.51944e+19 4.35905e+21 4.35905e+21 4.35905e+21 4.20236e+23 5.51356e+23 0 0 4.64348e+42 0 0.082541 0
3.92419e+12 4.37725e+19 4.37725e+19 3.52177e+21 3.52177e+21 3.52177e+21 3.10443e+23 4.05776e+23 0 0 4.64348e+42 0 0.08163 0
4.53158e+12 5.27091e+19 5.27092e+19 2.8389e+21 2.8389e+21 2.8389e+21 2.28472e+23 2.97434e+23 0 0 4.64348e+42 0 0.0813928 0
5.23299e+12 6.14412e+19 6.14413e+19 2.28188e+21 2.28188e+21 2.28188e+21 1.67471e+23 2.17015e+23 0 0 4.64348e+42 0 0.0818329 0
6.04296e+12 6.81376e+19 6.81377e+19 1.79589e+21 1.79589e+21 1.79589e+21 1.20096e+23 1.54633e+23 0 0 4.64348e+42 0 0.0829683 0
6.97831e+12 7.54774e+19 7.54775e+19 1.45136e+21 1.45136e+21 1.45136e+21 8.84234e+22 1.1325e+23 0 0 4.64348e+42 0 0.0848322 0
8.05842e+12 8.109e+19 8.10901e+19 1.16794e+21 1.16794e+21 1.16794e+21 6.48375e+22 8.25692e+22 0 0 4.64348e+42 0 0.0874729 0
9.30572e+12 8.45483e+19 8.45484e+19 9.35097e+20 9.35097e+20 9.35097e+20 4.73343e+22 5.98907e+22 0 0 4.64348e+42 0 0.0909553 0
1.07461e+13 8.40497e+19 8.40498e+19 7.30678e+20 7.30678e+20 7.30678e+20 3.37675e+22 4.23549e+22 0 0 4.64348e+42 0 0.0953611 0
1.24094e+13 8.38039e+19 8.3804e+19 5.85275e+20 5.85275e+20 5.85275e+20 2.47456e+22 3.08117e+22 0 0 4.64348e+42 0 0.10079 0
1.43301e+13 8.12881e+19 8.12882e+19 4.65398e+20 4.65398e+20 4.65398e+20 1.80517e+22 2.22995e+22 0 0 4.64348e+42 0 0.10736 0
1.65482e+13 7.67269e+19 7.6727e+19 3.66929e+20 3.66929e+20 3.66929e+20 1.31037e+22 1.60442e+22 0 0 4.64348e+42 0 0.115206 0
1.91095e+13 6.91364e+19 6.91366e+19 2.80979e+20 2.80979e+20 2.80979e+20 9.28017e+21 1.12293e+22 0 0 4.64348e+42 0 0.12448 0
2.20673e+13 6.26827e+19 6.26828e+19 2.19953e+20 2.19953e+20 2.19953e+20 6.7563e+21 8.09405e+21 0 0 4.64348e+42 0 0.135345 0
2.5483e+13 5.53601e+19 5.53603e+19 1.70176e+20 1.70176e+20 1.70176e+20 4.89341e+21 5.79936e+21 0 0 4.64348e+42 0 0.147968 0
2.94273e+13 4.76184e+19 4.76186e+19 1.29941e+20 1.29941e+20 1.29941e+20 3.52431e+21 4.12693e+21 0 0 4.64348e+42 0 0.162507 0
3.39821e+13 3.90596e+19 3.90598e+19 9.57652e+19 9.57652e+19 9.57652e+19 2.47077e+21 2.8476e+21 0 0 4.64348e+42 0 0.179093 0
3.92419e+13 3.23106e+19 3.23108e+19 7.19604e+19 7.19604e+19 7.19604e+19 1.78268e+21 2.02716e+21 0 0 4.64348e+42 0 0.197804 0
4.53158e+13 2.60445e+19 2.60448e+19 5.32168e+19 5.32168e+19 5.32168e+19 1.2785e+21 1.43291e+21 0 0 4.64348e+42 0 0.218621 0
5.23299e+13 2.04576e+19 2.04579e+19 3.86971e+19 3.86971e+19 3.86971e+19 9.10926e+20 1.0047e+21 0 0 4.64348e+42 0 0.241387 0
6.04296e+13 1.5306e+19 1.53062e+19 2.70211e+19 2.70211e+19 2.70211e+19 6.2976e+20 6.79945e+20 0 0 4.64348e+42 0 0.265741 0
6.97831e+13 1.15999e+19 1.16002e+19 1.9253e+19 1.9253e+19 1.9253e+19 4.48833e+20 4.76029e+20 0 0 4.64348e+42 0 0.291055 0
8.05842e+13 8.58733e+18 8.58756e+18 1.34887e+19 1.34887e+19 1.34887e+19 3.1761e+20 3.30436e+20 0 0 4.64348e+42 0 0.316368 0
9.30572e+13 6.2141e+18 6.21429e+18 9.29257e+18 9.29257e+18 9.29257e+18 2.23005e+20 2.27145e+20 0 0 4.64348e+42 0 0.340344 0
1.07461e+14 4.28548e+18 4.28564e+18 6.13367e+18 6.13367e+18 6.13367e+18 1.51243e+20 1.49729e+20 0 0 4.64348e+42 0 0 0
1.24094e+14 3.01839e+18 3.01857e+18 4.15473e+18 4.15473e+18 4.15473e+18 1.06014e+20 1.02517e+20 0 0 4.64348e+42 0 0 0
1.43301e+14 2.08598e+18 2.08619e+18 2.7733e+18 2.7733e+18 2.7733e+18 7.36718e+19 6.9463e+19 0 0 4.64348e+42 0 0 0
1.65482e+14 1.41536e+18 1.41565e+18 1.82461e+18 1.82461e+18 1.82461e+18 5.07121e+19 4.65063e+19 0 0 4.64348e+42 0 0 0
1.91095e+14 9.14748e+17 9.15141e+17 1.14752e+18 1.14752e+18 1.14752e+18 3.35006e+19 2.95774e+19 0 0 4.64348e+42 0 0 0
2.20673e+14 6.09535e+17 6.10048e+17 7.46501e+17 7.46501e+17 7.46501e+17 2.29601e+19 1.96594e+19 0 0 4.64348e+42 0 0 0
2.5483e+14 3.99783e+17 4.00395e+17 4.79446e+17 4.79446e+17 4.79446e+17 1.55691e+19 1.28992e+19 0 0 4.64348e+42 0 0 0
2.94273e+14 2.58072e+17 2.58734e+17 3.03914e+17 3.03914e+17 3.03914e+17 1.04342e+19 8.33862e+18 0 0 4.64348e+42 0 0 0
3.39821e+14 1.57829e+17 1.58461e+17 1.82984e+17 1.82984e+17 1.82984e+17 6.64696e+18 5.04938e+18 0 0 4.64348e+42 0 0 0
3.92419e+14 1.00481e+17 1.01068e+17 1.14959e+17 1.14959e+17 1.14959e+17 4.41906e+18 3.22633e+18 0 0 4.64348e+42 0 0 0
4.53158e+14 6.3003e+16 6.35108e+16 7.12794e+16 7.12794e+16 7.12794e+16 2.89868e+18 2.02833e+18 0 0 4.64348e+42 0 0 0
5.23299e+14 3.88806e+16 3.92913e+16 4.35781e+16 4.35781e+16 4.35781e+16 1.87351e+18 1.25149e+18 0 0 4.64348e+42 0 0 0
6.04296e+14 2.24684e+16 2.2766e+16 2.49867e+16 2.49867e+16 2.49867e+16 1.13451e+18 7.08155e+17 0 0 4.64348e+42 0 0 0
6.97831e+14 1.36764e+16 1.3895e+16 1.51098e+16 1.51098e+16 1.51098e+16 7.23623e+17 4.29293e+17 0 0 4.64348e+42 0 0 0
8.05842e+14 8.18633e+15 8.33888e+15 8.99407e+15 8.99407e+15 8.99407e+15 4.53649e+17 2.5497e+17 0 0 4.64348e+42 0 0 0
9.30572e+14 4.81258e+15 4.91411e+15 5.26207e+15 5.26207e+15 5.26207e+15 2.79068e+17 1.47872e+17 0 0 4.64348e+42 0 0 0
1.07461e+15 2.59482e+15 2.65521e+15 2.82516e+15 2.82516e+15 2.82516e+15 1.57255e+17 7.60968e+16 0 0 4.64348e+42 0 0 0
1.24094e+15 1.49808e+15 1.53566e+15 1.6248e+15 1.6248e+15 1.6248e+15 9.4743e+16 4.30028e+16 0 0 4.64348e+42 0 0 0
1.43301e+15 8.46953e+14 8.69395e+14 9.15315e+14 9.15315e+14 9.15315e+14 5.58017e+16 2.36807e+16 0 0 4.64348e+42 0 0 0
1.65482e+15 4.68062e+14 4.8093e+14 5.04128e+14 5.04128e+14 5.04128e+14 3.20675e+16 1.26505e+16 0 0 4.64348e+42 0 0 0
1.91095e+15 2.28916e+14 2.35343e+14 2.4575e+14 2.4575e+14 2.4575e+14 1.62768e+16 5.68812e+15 0 0 4.64348e+42 0 0 0
2.20673e+15 1.22966e+14 1.26441e+14 1.31588e+14 1.31588e+14 1.31588e+14 9.05594e+15 2.92596e+15 0 0 4.64348e+42 0 0 0
2.5483e+15 6.41967e+13 6.60005e+13 6.84838e+13 6.84838e+13 6.84838e+13 4.88696e+15 1.45697e+15 0 0 4.64348e+42 0 0 0
2.94273e+15 3.25224e+13 3.34208e+13 3.45882e+13 3.45882e+13 3.45882e+13 2.55389e+15 6.98091e+14 0 0 4.64348e+42 0 0 0
3.39821e+15 1.37166e+13 1.40855e+13 1.45442e+13 1.45442e+13 1.45442e+13 1.10887e+15 2.57959e+14 0 0 4.64348e+42 0 0 0
3.92419e+15 6.6321e+12 6.80414e+12 7.01173e+12 7.01173e+12 7.01173e+12 5.50853e+14 1.16864e+14 0 0 4.64348e+42 0 0 0
4.53158e+15 3.07867e+12 3.15511e+12 3.24569e+12 3.24569e+12 3.24569e+12 2.62211e+14 5.08511e+13 0 0 4.64348e+42 0 0 0
5.23299e+15 1.37253e+12 1.40491e+12 1.44304e+12 1.44304e+12 1.44304e+12 1.19641e+14 2.10885e+13 0 0 4.64348e+42 0 0 0
6.04296e+15 4.59236e+11 4.69468e+11 4.81567e+11 4.81567e+11 4.81567e+11 4.08939e+13 5.79604e+12 0 0 4.64348e+42 0 0 0
6.97831e+15 1.89637e+11 1.93604e+11 1.98363e+11 1.98363e+11 1.98363e+11 1.72195e+13 2.20004e+12 0 0 4.64348e+42 0 0 0
8.05842e+15 7.35763e+10 7.50139e+10 7.67802e+10 7.67802e+10 7.67802e+10 6.80052e+12 7.95664e+11 0 0 4.64348e+42 0 0 0
9.30572e+15 2.69272e+10 2.74164e+10 2.80374e+10 2.80374e+10 2.80374e+10 2.52905e+12 2.72673e+11 0 0 4.64348e+42 0 0 0
1.07461e+16 6.27254e+09 6.37805e+09 6.51757e+09 6.51757e+09 6.51757e+09 5.97648e+11 4.6686e+10 0 0 4.64348e+42 0 0 0
1.24094e+16 2.03469e+09 2.06627e+09 2.11008e+09 2.11008e+09 2.11008e+09 1.96351e+11 1.36133e+10 0 0 4.64348e+42 0 0 0
1.43301e+16 5.94485e+08 6.02966e+08 6.15405e+08 6.15405e+08 6.15405e+08 5.80128e+10 3.73586e+09 0 0 4.64348e+42 0 0 0
1.65482e+16 1.55671e+08 1.57707e+08 1.60883e+08 1.60883e+08 1.60883e+08 1.53382e+10 9.84256e+08 0 0 4.64348e+42 0 0 0
1.91095e+16 2.07882e+07 2.10367e+07 2.14514e+07 2.14514e+07 2.14514e+07 2.06502e+09 8.03221e+07 0 0 4.64348e+42 0 0 0
2.20673e+16 4.59034e+06 4.64035e+06 4.7302e+06 4.7302e+06 4.7302e+06 4.59059e+08 1.53699e+07 0 0 4.64348e+42 0 0 0
2.5483e+16 848264 856670 872999 872999 872999 8.52836e+07 2.63478e+06 0 0 4.64348e+42 0 0 0
2.94273e+16 123422 124532 126874 126874 126874 1.24581e+07 442801 0 0 4.64348e+42 0 0 0
3.39821e+16 6735.01 6789.9 6916.2 6916.2 6916.2 681639 13114.5 0 0 4.64348e+42 0 0 0
3.92419e+16 771.913 777.601 791.933 791.933 791.933 78233.5 1252.19 0 0 4.64348e+42 0 0 0
4.53158e+16 65.3415 65.7762 66.9795 66.9795 66.9795 6623.55 92.2256 0 0 4.64348e+42 0 0 0
5.23299e+16 3.69112 3.71325 3.78079 3.78079 3.78079 373.789 6.20592 0 0 4.64348e+42 0 0 0
6.04296e+16 0.043101 0.0433337 0.0441183 0.0441183 0.0441183 4.35539 0.0447048 0 0 4.64348e+42 0 0 0
6.97831e+16 0.00158276 0.00159044 0.00161915 0.00161915 0.00161915 0.15942 0.00128993 0 0 4.64348e+42 0 0 0
8.05842e+16 2.78417e-05 2.7963e-05 2.84666e-05 2.84666e-05 2.84666e-05 0.00279238 1.60295e-05 0 0 4.64348e+42 0 0 0
9.30572e+16 0 0 0 0 0 0 0 0 0 4.64348e+42 0 0 0