
1.07461e-07 0 0 2.53769e-210 1.29126e+52 1.62771e+60 0 0 1.51036e+44 0 4.64348e+42 0 0 0
1.24094e-07 0 0 3.38674e-175 1.43993e+52 1.42771e+60 0 0 1.74413e+44 0 4.64348e+42 0 0 0
1.43301e-07 0 0 8.95157e-145 1.60009e+52 1.24779e+60 0 0 2.01409e+44 0 4.64348e+42 0 0 0
1.65482e-07 0 0 1.99934e-118 1.77145e+52 1.08638e+60 0 0 2.32584e+44 0 4.64348e+42 0 0 0
1.91095e-07 0 0 1.32551e-95 1.95347e+52 9.42024e+59 0 0 2.68583e+44 0 4.64348e+42 0 0 0
2.20673e-07 0 0 7.74299e-76 2.14542e+52 8.1342e+59 0 0 3.10155e+44 0 4.64348e+42 0 0 0
2.5483e-07 0 0 1.02253e-58 2.34653e+52 6.99369e+59 0 0 3.58162e+44 0 4.64348e+42 0 0 0
2.94273e-07 0 0 6.90409e-44 2.55609e+52 5.98764e+59 0 0 4.13599e+44 0 4.64348e+42 0 0 0
3.39821e-07 0 0 4.83263e-31 2.77376e+52 5.10571e+59 0 0 4.77616e+44 0 4.64348e+42 0 0 0
3.92419e-07 0 0 6.46936e-20 2.99988e+52 4.33806e+59 0 0 5.51543e+44 0 4.64348e+42 0 0 0
4.53158e-07 0 0 2.81573e-10 3.23594e+52 3.6752e+59 0 0 6.36912e+44 0 4.64348e+42 0 0 0
5.23299e-07 0 0 0.0631117 3.48506e+52 3.1078e+59 0 0 7.35494e+44 0 4.64348e+42 0 0 0
6.04296e-07 0 0 1.08537e+06 3.7525e+52 2.62659e+59 0 0 8.49335e+44 0 4.64348e+42 0 0 0
6.97831e-07 0 0 2.02367e+12 4.04604e+52 2.22228e+59 0 0 9.80797e+44 0 4.64348e+42 0 0 0
8.05842e-07 0 0 5.52033e+17 4.37621e+52 1.88556e+59 0 0 1.13261e+45 0 4.64348e+42 0 0 0
9.30572e-07 0 0 2.85659e+22 4.75612e+52 1.60715e+59 0 0 1.30791e+45 0 4.64348e+42 0 0 0
1.07461e-06 0 0 3.5109e+26 5.20087e+52 1.37802e+59 0 0 1.51036e+45 0 4.64348e+42 0 0 0
1.24094e-06 0 0 1.24463e+30 5.72659e+52 1.18954e+59 0 0 1.74413e+45 0 4.64348e+42 0 0 0
1.43301e-06 0 0 1.50485e+33 6.34919e+52 1.03384e+59 0 0 2.01409e+45 0 4.64348e+42 0 0 0
1.65482e-06 0 0 7.16947e+35 7.08324e+52 9.03972e+58 0 0 2.32584e+45 0 4.64348e+42 0 0 0
1.91095e-06 0 0 1.52423e+38 7.94134e+52 7.94172e+58 0 0 2.68583e+45 0 4.64348e+42 0 0 0
2.20673e-06 0 0 1.60994e+40 8.93449e+52 6.99896e+58 0 0 3.10155e+45 0 4.64348e+42 0 0 0
2.5483e-06 0 0 9.27034e+41 1.00733e+53 6.17776e+58 0 0 3.58162e+45 0 4.64348e+42 0 0 0
2.94273e-06 0 0 3.15435e+43 1.13699e+53 5.45448e+58 0 0 4.13599e+45 0 4.64348e+42 0 0 0
3.39821e-06 0 0 6.80283e+44 1.28404e+53 4.81311e+58 0 0 4.77616e+45 0 4.64348e+42 0 0 0
3.92419e-06 0 0 9.88399e+45 1.45063e+53 4.24273e+58 0 0 5.51543e+45 0 4.64348e+42 0 0 0
4.53158e-06 0 0 1.02023e+47 1.63961e+53 3.73546e+58 0 0 6.36912e+45 0 4.64348e+42 0 0 0
5.23299e-06 0 0 7.83501e+47 1.8546e+53 3.28503e+58 0 0 7.35494e+45 0 4.64348e+42 0 0 0
6.04296e-06 0 0 4.65967e+48 2.10005e+53 2.88597e+58 0 0 8.49335e+45 0 4.64348e+42 0 0 0
6.97831e-06 0 0 2.22194e+49 2.38133e+53 2.53323e+58 0 0 9.80797e+45 0 4.64348e+42 0 0 0
8.05842e-06 0 0 8.7544e+49 2.70483e+53 2.22209e+58 0 0 1.13261e+46 0 4.64348e+42 0 0 0
9.30572e-06 0 0 2.92501e+50 3.07799e+53 1.9481e+58 0 0 1.30791e+46 0 4.64348e+42 0 0 0
1.07461e-05 0 0 8.47585e+50 3.50953e+53 1.7071e+58 0 0 1.51035e+46 0 4.64348e+42 0 0 0
1.24094e-05 0 0 2.17176e+51 4.00956e+53 1.49524e+58 0 0 1.74413e+46 0 4.64348e+42 0 0 0
1.43301e-05 0 0 5.00368e+51 4.59e+53 1.30906e+58 0 0 2.01409e+46 0 4.64348e+42 0 0 0
1.65482e-05 0 0 1.05177e+52 5.26498e+53 1.14542e+58 0 0 2.32583e+46 0 4.64348e+42 0 0 0
1.91095e-05 0 0 2.04259e+52 6.05153e+53 1.00159e+58 0 0 2.68583e+46 0 4.64348e+42 0 0 0
2.20673e-05 0 0 3.70528e+52 6.97024e+53 8.75166e+57 0 0 3.10155e+46 0 4.64348e+42 0 0 0
2.5483e-05 0 0 6.33819e+52 8.04586e+53 7.64068e+57 0 0 3.58161e+46 0 4.64348e+42 0 0 0
2.94273e-05 0 0 1.03079e+53 9.30795e+53 6.66472e+57 0 0 4.13598e+46 0 4.64348e+42 0 0 0
3.39821e-05 0 0 1.60507e+53 1.07915e+54 5.8078e+57 0 0 4.77615e+46 0 4.64348e+42 0 0 0
3.92419e-05 0 0 2.4075e+53 1.2538e+54 5.05582e+57 0 0 5.51541e+46 0 4.64348e+42 0 0 0
4.53158e-05 0 0 3.49663e+53 1.45967e+54 4.39634e+57 0 0 6.3691e+46 0 4.64348e+42 0 0 0
5.23299e-05 0 0 4.93967e+53 1.70262e+54 3.81838e+57 0 0 7.35492e+46 0 4.64348e+42 0 0 0
6.04296e-05 0 0 6.81396e+53 1.9897e+54 3.31224e+57 0 0 8.49332e+46 0 4.64348e+42 0 0 0
6.97831e-05 0 0 9.20893e+53 2.32926e+54 2.86937e+57 0 0 9.80793e+46 0 4.64348e+42 0 0 0
8.05842e-05 0 0 1.22286e+54 2.73128e+54 2.48221e+57 0 0 1.1326e+47 0 4.64348e+42 0 0 0
9.30572e-05 0 0 1.59944e+54 3.2076e+54 2.14409e+57 0 0 1.30791e+47 0 4.64348e+42 0 0 0
0.000107461 0 0 2.06492e+54 3.77233e+54 1.84913e+57 0 0 1.51035e+47 0 4.64348e+42 0 0 0
0.000124094 0 0 2.63618e+54 4.44226e+54 1.59211e+57 0 0 1.74412e+47 0 4.64348e+42 0 0 0
0.000143301 0 0 3.33321e+54 5.23738e+54 1.36845e+57 0 0 2.01407e+47 0 4.64348e+42 0 0 0
0.000165482 0 0 4.17971e+54 6.18149e+54 1.17408e+57 0 0 2.32581e+47 0 4.64348e+42 0 0 0
0.000191095 0 0 5.20391e+54 7.30294e+54 1.00542e+57 0 0 2.6858e+47 0 4.64348e+42 0 0 0
0.000220673 0 0 6.4394e+54 8.6355e+54 8.59281e+56 0 0 3.10151e+47 0 4.64348e+42 0 0 0
0.00025483 0 0 7.92623e+54 1.02194e+55 7.32878e+56 0 0 3.58156e+47 0 4.64348e+42 0 0 0
0.000294273 0 0 9.71219e+54 1.21028e+55 6.23736e+56 0 0 4.13591e+47 0 4.64348e+42 0 0 0
0.000339821 0 0 1.18544e+55 1.43429e+55 5.29673e+56 0 0 4.77606e+47 0 4.64348e+42 0 0 0
0.000392419 0 0 1.4421e+55 1.70083e+55 4.48765e+56 0 0 5.51529e+47 0 4.64348e+42 0 0 0
0.000453158 0 0 1.74937e+55 2.0181e+55 3.79316e+56 0 0 6.36893e+47 0 4.64348e+42 0 0 0
0.000523299 0 0 2.11703e+55 2.3959e+55 3.19833e+56 0 0 7.35469e+47 0 4.64348e+42 0 0 0
0.000604296 0 0 2.55662e+55 2.84581e+55 2.69002e+56 0 0 8.49302e+47 0 4.64348e+42 0 0 0
0.000697831 0 0 3.07892e+55 3.37831e+55 2.25668e+56 0 0 9.80753e+47 0 4.64348e+42 0 0 0
0.000805842 0 0 3.67802e+55 3.98578e+55 1.88816e+56 0 0 1.13255e+48 0 4.64348e+42 0 0 0
0.000930572 0 0 4.29867e+55 4.60846e+55 1.57557e+56 0 0 1.30784e+48 0 4.64348e+42 0 0 0
0.00107461 0 0 4.82802e+55 5.1279e+55 1.31112e+56 0 0 1.51025e+48 0 4.64348e+42 0 0 0
0.00124094 0 0 5.14653e+55 5.42222e+55 1.08803e+56 0 0 1.74399e+48 0 4.64348e+42 0 0 0
0.00143301 0 0 5.19299e+55 5.43304e+55 9.00348e+55 0 0 2.01391e+48 0 4.64348e+42 0 0 0
0.00165482 0 0 4.98378e+55 5.18267e+55 7.42918e+55 0 0 2.32559e+48 0 4.64348e+42 0 0 0
0.00191095 0 0 4.5864e+55 4.74448e+55 6.11255e+55 0 0 2.6855e+48 0 4.64348e+42 0 0 0
0.00220673 0 0 4.08202e+55 4.20358e+55 5.01475e+55 0 0 3.10111e+48 0 4.64348e+42 0 0 0
0.0025483 0 0 3.54043e+55 3.63155e+55 4.10222e+55 0 0 3.58103e+48 0 4.64348e+42 0 0 0
0.00294273 0 0 3.01073e+55 3.07772e+55 3.34605e+55 0 0 4.1352e+48 0 4.64348e+42 0 0 0
0.00339821 0 0 2.52213e+55 2.57065e+55 2.72143e+55 0 0 4.77512e+48 0 4.64348e+42 0 0 0
0.00392419 0 0 2.08864e+55 2.12339e+55 2.20708e+55 0 0 5.51403e+48 0 4.64348e+42 0 0 0
0.00453158 0 0 1.71425e+55 1.73892e+55 1.78488e+55 0 0 6.36725e+48 0 4.64348e+42 0 0 0
0.00523299 0 0 1.39701e+55 1.41441e+55 1.43941e+55 0 0 7.35246e+48 0 4.64348e+42 0 0 0
0.00604296 0 0 1.13193e+55 1.14412e+55 1.15762e+55 0 0 8.49004e+48 0 4.64348e+42 0 0 0
0.00697831 0 0 9.1273e+54 9.21239e+54 9.28462e+54 0 0 9.80355e+48 0 4.64348e+42 0 0 0
0.00805842 0 0 7.32938e+54 7.38852e+54 7.42691e+54 0 0 1.13202e+49 0 4.64348e+42 0 0 0
0.00930572 0 0 5.86419e+54 5.90514e+54 5.9254e+54 0 0 1.30713e+49 0 4.64348e+42 0 0 0
0.0107461 0 0 4.67649e+54 4.70476e+54 4.71538e+54 0 0 1.50931e+49 0 4.64348e+42 0 0 0
0.0124094 0 0 3.7181e+54 3.73755e+54 3.74309e+54 0 0 1.74273e+49 0 4.64348e+42 0 0 0
0.0143301 0 0 2.94779e+54 2.96114e+54 2.96401e+54 0 0 2.01223e+49 0 4.64348e+42 0 0 0
0.0165482 0 0 2.33086e+54 2.34e+54 2.34148e+54 0 0 2.32335e+49 0 4.64348e+42 0 0 0
0.0191095 0 0 1.83837e+54 1.84461e+54 1.84536e+54 0 0 2.68252e+49 0 4.64348e+42 0 0 0
0.0220673 0 0 1.44639e+54 1.45064e+54 1.45103e+54 0 0 3.09714e+49 0 4.64348e+42 0 0 0
0.025483 0 0 1.1353e+54 1.13819e+54 1.13839e+54 0 0 3.57573e+49 0 4.64348e+42 0 0 0
0.0294273 0 0 8.89076e+53 8.91034e+53 8.91133e+53 0 0 4.12813e+49 0 4.64348e+42 0 0 0
0.0339821 0 0 6.94688e+53 6.96013e+53 6.96062e+53 0 0 4.76569e+49 0 4.64348e+42 0 0 0
0.0392419 0 0 5.41606e+53 5.42501e+53 5.42526e+53 0 0 5.50146e+49 0 4.64348e+42 0 0 0
0.0453158 0 0 4.21345e+53 4.21948e+53 4.2196e+53 0 0 6.3505e+49 0 4.64348e+42 0 0 0
0.0523299 0 0 3.27089e+53 3.27494e+53 3.275e+53 0 0 7.33012e+49 0 4.64348e+42 0 0 0
0.0604296 0 0 2.53385e+53 2.53657e+53 2.5366e+53 0 0 8.46026e+49 0 4.64348e+42 0 0 0
0.0697831 3.78831e-266 3.78831e-266 1.95882e+53 1.96064e+53 1.96066e+53 0 0 9.76385e+49 9.291e-268 4.64348e+42 0 0 0
0.0805842 5.49705e-183 5.49705e-183 1.51118e+53 1.5124e+53 1.51241e+53 0 0 1.12672e+50 1.51329e-184 4.64348e+42 0 0 0
0.0930572 1.4441e-121 1.4441e-121 1.1635e+53 1.16431e+53 1.16431e+53 0 0 1.30007e+50 4.47138e-123 4.64348e+42 0 0 0
0.107461 3.24058e-76 3.24058e-76 8.94023e+52 8.94562e+52 8.94565e+52 0 0 1.4999e+50 1.13079e-77 4.64348e+42 0 0 0
0.124094 9.69808e-43 9.69808e-43 6.85621e+52 6.85979e+52 6.8598e+52 0 0 1.73019e+50 3.82126e-44 4.64348e+42 0 0 0
0.143301 4.86552e-18 4.86552e-18 5.24795e+52 5.25032e+52 5.25033e+52 0 0 1.99551e+50 2.16891e-19 4.64348e+42 0 0 0
0.165482 7.99092 7.99092 4.00948e+52 4.01105e+52 4.01105e+52 0 0 2.30107e+50 0.403746 4.64348e+42 0 0 0
0.191095 2.11837e+14 2.11837e+14 3.05777e+52 3.0588e+52 3.0588e+52 0 0 2.65283e+50 1.21533e+13 4.64348e+42 0 0 0
0.220673 1.61615e+24 1.61615e+24 2.32793e+52 2.32861e+52 2.32861e+52 0 0 3.05757e+50 1.05464e+23 4.64348e+42 0 0 0
0.25483 2.98297e+31 2.98297e+31 1.76938e+52 1.76983e+52 1.76983e+52 0 0 3.52301e+50 2.21776e+30 4.64348e+42 0 0 0
0.294273 6.42384e+36 6.42384e+36 1.34276e+52 1.34305e+52 1.34305e+52 0 0 4.0579e+50 5.44978e+35 4.64348e+42 0 0 0
0.339821 5.16245e+40 5.16245e+40 1.01753e+52 1.01772e+52 1.01772e+52 0 0 4.67213e+50 5.00478e+39 4.64348e+42 0 0 0
0.392419 3.65559e+43 3.65559e+43 7.70051e+51 7.70178e+51 7.70178e+51 0 0 5.37686e+50 4.05515e+42 4.64348e+42 0 0 0
0.453158 4.3034e+45 4.3034e+45 5.82063e+51 5.82147e+51 5.82147e+51 0 0 6.18457e+50 5.46893e+44 4.64348e+42 0 0 0
0.523299 1.3463e+47 1.3463e+47 4.395e+51 4.39555e+51 4.39555e+51 0 0 7.10922e+50 1.96216e+46 4.64348e+42 0 0 0
0.604296 1.58298e+48 1.58298e+48 3.31549e+51 3.31585e+51 3.31585e+51 0 0 8.16626e+50 2.6483e+47 4.64348e+42 0 0 0
0.697831 9.03692e+48 9.03692e+48 2.4992e+51 2.49943e+51 2.49943e+51 0 0 9.37268e+50 1.73679e+48 4.64348e+42 0 0 0
0.805842 3.02653e+49 3.02653e+49 1.8827e+51 1.88285e+51 1.88285e+51 0 0 1.0747e+51 6.68617e+48 4.64348e+42 0 0 0
0.930572 6.8383e+49 6.8383e+49 1.4176e+51 1.4177e+51 1.4177e+51 0 0 1.2309e+51 1.73736e+49 4.64348e+42 0 0 0
1.07461 1.15577e+50 1.15577e+50 1.06704e+51 1.0671e+51 1.0671e+51 0 0 1.40798e+51 3.37805e+49 4.64348e+42 0 0 0
1.24094 1.57701e+50 1.57701e+50 8.03016e+50 8.03058e+50 8.03058e+50 0 0 1.60811e+51 5.3035e+49 4.64348e+42 0 0 0
1.43301 1.83782e+50 1.83782e+50 6.04285e+50 6.04312e+50 6.04312e+50 0 0 1.83347e+51 7.11195e+49 4.64348e+42 0 0 0
1.65482 1.90698e+50 1.90698e+50 4.54766e+50 4.54784e+50 4.54784e+50 0 0 2.08616e+51 8.49096e+49 4.64348e+42 0 0 0
1.91095 1.81681e+50 1.81681e+50 3.42306e+50 3.42318e+50 3.42318e+50 0 0 2.36805e+51 9.3059e+49 4.64348e+42 0 0 0
2.20673 1.62572e+50 1.62572e+50 2.57732e+50 2.5774e+50 2.5774e+50 0 0 2.68058e+51 9.57632e+49 4.64348e+42 0 0 0
2.5483 1.3894e+50 1.3894e+50 1.94131e+50 1.94136e+50 1.94136e+50 0 0 3.02455e+51 9.40824e+49 4.64348e+42 0 0 0
2.94273 1.14823e+50 1.14823e+50 1.46296e+50 1.46299e+50 1.46299e+50 0 0 3.39976e+51 8.9334e+49 4.64348e+42 0 0 0
3.39821 9.25993e+49 9.25993e+49 1.10311e+50 1.10313e+50 1.10313e+50 0 0 3.80458e+51 8.27277e+49 4.64348e+42 0 0 0
3.92419 7.33658e+49 7.33658e+49 8.32302e+49 8.32316e+49 8.32316e+49 0 0 4.23545e+51 7.52146e+49 4.64348e+42 0 0 0
4.53158 5.73907e+49 5.73907e+49 6.28422e+49 6.28431e+49 6.28431e+49 0 0 4.68624e+51 6.74679e+49 4.64348e+42 0 0 0
5.23299 4.44879e+49 4.44879e+49 4.74847e+49 4.74853e+49 4.74853e+49 0 0 5.14757e+51 5.9924e+49 4.64348e+42 0 0 0
6.04296 3.42663e+49 3.42663e+49 3.59094e+49 3.59098e+49 3.59098e+49 0 0 5.60604e+51 5.28397e+49 4.64348e+42 0 0 0
6.97831 2.62771e+49 2.62771e+49 2.71791e+49 2.71794e+49 2.71794e+49 0 0 6.04359e+51 4.63466e+49 4.64348e+42 0 0 0
8.05842 2.00914e+49 2.00914e+49 2.05897e+49 2.05899e+49 2.05899e+49 0 0 6.43695e+51 4.04938e+49 4.64348e+42 0 0 0
9.30572 1.5333e+49 1.5333e+49 1.56122e+49 1.56123e+49 1.56123e+49 0 0 6.75773e+51 3.52795e+49 4.64348e+42 0 0 0
10.7461 1.16889e+49 1.16889e+49 1.18493e+49 1.18494e+49 1.18494e+49 0 0 6.97316e+51 3.06722e+49 4.64348e+42 0 0 0
12.4094 8.90622e+48 8.90622e+48 9.00207e+48 9.00212e+48 9.00212e+48 0 0 7.04818e+51 2.6625e+49 4.64348e+42 0 0 0
14.3301 6.78532e+48 6.78532e+48 6.84577e+48 6.8458e+48 6.8458e+48 0 0 6.94925e+51 2.30849e+49 4.64348e+42 0 0 0
16.5482 5.17051e+48 5.17051e+48 5.21119e+48 5.21121e+48 5.21121e+48 0 0 6.65009e+51 1.99975e+49 4.64348e+42 0 0 0
19.1095 3.9416e+48 3.9416e+48 3.97092e+48 3.97093e+48 3.97093e+48 0 0 6.13919e+51 1.73107e+49 4.64348e+42 0 0 0
22.0673 3.00641e+48 3.00641e+48 3.0289e+48 3.0289e+48 3.0289e+48 0 0 5.42797e+51 1.49761e+49 4.64348e+42 0 0 0
25.483 2.29455e+48 2.29455e+48 2.31266e+48 2.31267e+48 2.31267e+48 0 0 4.55684e+51 1.29496e+49 4.64348e+42 0 0 0
29.4273 1.75241e+48 1.75241e+48 1.76752e+48 1.76752e+48 1.76752e+48 0 0 3.59584e+51 1.11921e+49 4.64348e+42 0 0 0
33.9821 1.33925e+48 1.33925e+48 1.35215e+48 1.35216e+48 1.35216e+48 0 0 2.63603e+51 9.66854e+48 4.64348e+42 0 0 0
39.2419 1.02415e+48 1.02415e+48 1.03533e+48 1.03534e+48 1.03534e+48 0 0 1.77122e+51 8.34834e+48 4.64348e+42 0 0 0
45.3158 7.83643e+47 7.83643e+47 7.93427e+47 7.93428e+47 7.93428e+47 0 0 1.0743e+51 7.20465e+48 4.64348e+42 0 0 0
52.3299 5.99935e+47 5.99935e+47 6.08539e+47 6.0854e+47 6.0854e+47 0 0 5.78097e+50 6.21406e+48 4.64348e+42 0 0 0
60.4296 4.59509e+47 4.59509e+47 4.671e+47 4.67101e+47 4.67101e+47 0 0 2.70648e+50 5.35621e+48 4.64348e+42 0 0 0
69.7831 3.52095e+47 3.52095e+47 3.58808e+47 3.58808e+47 3.58808e+47 0 0 1.0782e+50 4.6134e+48 4.64348e+42 0 0 0
80.5842 2.69882e+47 2.69882e+47 2.75826e+47 2.75826e+47 2.75826e+47 0 0 3.56355e+49 3.97027e+48 4.64348e+42 0 0 0
93.0572 2.06921e+47 2.06921e+47 2.12189e+47 2.12189e+47 2.12189e+47 0 0 9.49145e+48 3.41352e+48 4.64348e+42 0 0 0
107.461 1.58677e+47 1.58677e+47 1.6335e+47 1.6335e+47 1.6335e+47 0 0 1.97022e+48 2.9316e+48 4.64348e+42 0 0 0
124.094 1.21693e+47 1.21693e+47 1.2584e+47 1.2584e+47 1.2584e+47 0 0 3.06664e+47 2.51453e+48 4.64348e+42 0 0 0
143.301 9.33292e+46 9.33292e+46 9.70112e+46 9.70113e+46 9.70113e+46 0 0 3.42313e+46 2.15366e+48 4.64348e+42 0 0 0
165.482 7.1569e+46 7.1569e+46 7.48393e+46 7.48393e+46 7.48393e+46 0 0 2.60283e+45 1.84149e+48 4.64348e+42 0 0 0
191.095 5.48702e+46 5.48702e+46 5.77755e+46 5.77755e+46 5.77755e+46 0 0 1.27035e+44 1.57155e+48 4.64348e+42 0 0 0
220.673 4.20522e+46 4.20522e+46 4.46339e+46 4.46339e+46 4.46339e+46 0 0 3.71581e+42 1.33822e+48 4.64348e+42 0 0 0
254.83 3.22112e+46 3.22112e+46 3.45054e+46 3.45054e+46 3.45054e+46 0 0 6.01755e+40 1.13665e+48 4.64348e+42 0 0 0
294.273 2.46544e+46 2.46544e+46 2.66931e+46 2.66931e+46 2.66931e+46 0 0 4.92357e+38 9.6264e+47 4.64348e+42 0 0 0
339.821 1.88509e+46 1.88509e+46 2.06622e+46 2.06622e+46 2.06622e+46 0 0 1.83123e+36 8.12569e+47 4.64348e+42 0 0 0
392.419 1.43939e+46 1.43939e+46 1.60026e+46 1.60026e+46 1.60026e+46 0 0 2.74036e+33 6.83292e+47 4.64348e+42 0 0 0
453.158 1.09713e+46 1.09713e+46 1.23991e+46 1.23991e+46 1.23991e+46 0 0 1.4331e+30 5.72093e+47 4.64348e+42 0 0 0
523.299 8.3438e+45 8.3438e+45 9.60998e+45 9.60998e+45 9.60998e+45 0 0 2.22574e+26 4.76625e+47 4.64348e+42 0 0 0
604.296 6.32781e+45 6.32781e+45 7.44919e+45 7.44919e+45 7.44919e+45 0 0 8.50728e+21 3.94854e+47 4.64348e+42 0 0 0
697.831 4.78233e+45 4.78233e+45 5.77381e+45 5.77381e+45 5.77381e+45 0 0 6.44143e+16 3.25019e+47 4.64348e+42 0 0 0
805.842 3.59908e+45 3.59908e+45 4.47383e+45 4.47383e+45 4.47383e+45 0 0 7.51999e+10 2.65592e+47 4.64348e+42 0 0 0
930.572 2.6948e+45 2.6948e+45 3.46449e+45 3.46449e+45 3.46449e+45 0 0 10134.9 2.15244e+47 4.64348e+42 0 0 0
1074.61 2.00543e+45 2.00543e+45 2.68046e+45 2.68046e+45 2.68046e+45 0 0 0.000112891 1.72815e+47 4.64348e+42 0 0 0
1240.94 1.48162e+45 1.48162e+45 2.07129e+45 2.07129e+45 2.07129e+45 0 0 7.06556e-14 1.3729e+47 4.64348e+42 0 0 0
1433.01 1.08531e+45 1.08531e+45 1.598e+45 1.598e+45 1.598e+45 0 0 1.59128e-24 1.07773e+47 4.64348e+42 0 0 0
1654.82 7.87081e+44 7.87081e+44 1.23042e+45 1.23042e+45 1.23042e+45 0 0 7.70859e-37 8.34709e+46 4.64348e+42 0 0 0
1910.95 5.64194e+44 5.64194e+44 9.45135e+44 9.45135e+44 9.45135e+44 0 0 4.43353e-51 6.36767e+46 4.64348e+42 0 0 0
2206.73 3.99009e+44 3.99009e+44 7.23985e+44 7.23985e+44 7.23985e+44 0 0 1.52422e-67 4.77556e+46 4.64348e+42 0 0 0
2548.3 2.77839e+44 2.77839e+44 5.52828e+44 5.52828e+44 5.52828e+44 0 0 1.41812e-86 3.51358e+46 4.64348e+42 0 0 0
2942.73 1.9005e+44 1.9005e+44 4.20643e+44 4.20643e+44 4.20643e+44 0 0 1.42995e-108 2.53004e+46 4.64348e+42 0 0 0
3398.21 1.27379e+44 1.27379e+44 3.18823e+44 3.18823e+44 3.18823e+44 0 0 5.43171e-134 1.77827e+46 4.64348e+42 0 0 0
3924.19 8.34136e+43 8.34136e+43 2.40636e+44 2.40636e+44 2.40636e+44 0 0 2.29397e-163 1.21633e+46 4.64348e+42 0 0 0
4531.58 5.31974e+43 5.31974e+43 1.80815e+44 1.80815e+44 1.80815e+44 0 0 2.63191e-197 8.06882e+45 4.64348e+42 0 0 0
5232.99 3.57805e+43 3.57805e+43 1.38598e+44 1.38598e+44 1.38598e+44 0 0 1.6116e-236 5.62006e+45 4.64348e+42 0 0 0
6042.96 2.1931e+43 2.1931e+43 1.03712e+44 1.03712e+44 1.03712e+44 0 0 0 3.55015e+45 4.64348e+42 0 0 0
6978.31 1.30231e+43 1.30231e+43 7.72976e+43 7.72976e+43 7.72976e+43 0 0 0 2.16133e+45 4.64348e+42 0 0 0
8058.42 7.46824e+42 7.46824e+42 5.73857e+43 5.73857e+43 5.73857e+43 0 0 0 1.26334e+45 4.64348e+42 0 0 0
9305.72 4.1219e+42 4.1219e+42 4.24424e+43 4.24424e+43 4.24424e+43 0 0 0 7.06101e+44 4.64348e+42 0 0 0
10746.1 2.18189e+42 2.18189e+42 3.1278e+43 3.1278e+43 3.1278e+43 0 0 0 3.75718e+44 4.64348e+42 0 0 0
12409.4 1.10378e+42 1.10378e+42 2.29737e+43 2.29737e+43 2.29737e+43 0 0 0 1.89454e+44 4.64348e+42 0 0 0
14330.1 5.31755e+41 5.31755e+41 1.68231e+43 1.68231e+43 1.68231e+43 0 0 0 9.00965e+43 4.64348e+42 0 0 0
16548.2 2.43145e+41 2.43145e+41 1.22862e+43 1.22862e+43 1.22862e+43 0 0 0 4.02119e+43 4.64348e+42 0 0 0
19109.5 1.05202e+41 1.05202e+41 8.9524e+42 8.9524e+42 8.9524e+42 0 0 0 1.67625e+43 4.64348e+42 0 0 0
22067.3 4.29637e+40 4.29637e+40 6.51117e+42 6.51117e+42 6.51117e+42 0 0 0 6.49602e+42 4.64348e+42 0 0 0
25483 1.65326e+40 1.65326e+40 4.72914e+42 4.72914e+42 4.72914e+42 0 0 0 2.33043e+42 4.64348e+42 0 0 0
29427.3 5.99035e+39 5.99035e+39 3.43183e+42 3.43183e+42 3.43183e+42 0 0 0 7.71149e+41 4.64348e+42 0 0 0
33982.1 2.0452e+39 2.0452e+39 2.48954e+42 2.48954e+42 2.48954e+42 0 0 0 2.34731e+41 4.64348e+42 0 0 0
39241.9 6.59519e+38 6.59519e+38 1.80633e+42 1.80633e+42 1.80633e+42 0 0 0 6.56203e+40 4.64348e+42 0 0 0
45315.8 2.01754e+38 2.01754e+38 1.3116e+42 1.3116e+42 1.3116e+42 0 0 0 1.68434e+40 4.64348e+42 0 0 0
52329.9 5.89362e+37 5.89362e+37 9.53609e+41 9.53609e+41 9.53609e+41 0 0 0 3.97453e+39 4.64348e+42 0 0 0
60429.6 1.65882e+37 1.65882e+37 6.94607e+41 6.94607e+41 6.94607e+41 0 0 0 8.64572e+38 4.64348e+42 0 0 0
69783.1 4.54982e+36 4.54982e+36 5.07143e+41 5.07143e+41 5.07143e+41 0 0 0 1.74094e+38 4.64348e+42 0 0 0
80584.2 1.23264e+36 1.23264e+36 3.71323e+41 3.71323e+41 3.71323e+41 0 0 0 3.26217e+37 4.64348e+42 0 0 0
93057.2 3.34951e+35 3.34951e+35 2.72762e+41 2.72762e+41 2.72762e+41 0 0 0 5.72092e+36 4.64348e+42 0 0 0
107461 9.28133e+34 9.28133e+34 2.01087e+41 2.01087e+41 2.01087e+41 0 0 0 9.44155e+35 4.64348e+42 0 0 0
124094 2.66754e+34 2.66754e+34 1.48822e+41 1.48822e+41 1.48822e+41 0 0 0 1.4726e+35 4.64348e+42 0 0 0
143301 8.0857e+33 8.0857e+33 1.10591e+41 1.10591e+41 1.10591e+41 0 0 0 2.17482e+34 4.64348e+42 0 0 0
165482 2.62509e+33 2.62509e+33 8.25238e+40 8.25238e+40 8.25238e+40 0 0 0 3.03658e+33 4.64348e+42 0 0 0
191095 9.25301e+32 9.25301e+32 6.18378e+40 6.18378e+40 6.18378e+40 0 0 0 3.98414e+32 4.64348e+42 0 0 0
220673 3.58092e+32 3.58092e+32 4.65282e+40 4.65282e+40 4.65282e+40 0 0 0 4.85608e+31 4.64348e+42 0 0 0
254830 1.53465e+32 1.53465e+32 3.51487e+40 3.51487e+40 3.51487e+40 0 0 0 5.40255e+30 4.64348e+42 0 0 0
294273 7.3274e+31 7.3274e+31 2.6654e+40 2.6654e+40 2.6654e+40 0 0 0 5.35516e+29 4.64348e+42 0 0 0
339821 3.91253e+31 3.91253e+31 2.02859e+40 2.02859e+40 2.02859e+40 0 0 0 4.58449e+28 4.64348e+42 0 0 0
392419 2.34078e+31 2.34078e+31 1.54927e+40 1.54927e+40 1.54927e+40 0 0 0 3.26198e+27 4.64348e+42 0 0 0
453158 1.56979e+31 1.56979e+31 1.1871e+40 1.1871e+40 1.1871e+40 0 0 0 1.84213e+26 4.64348e+42 0 0 0
523299 1.1792e+31 1.1792e+31 9.12469e+39 9.12469e+39 9.12469e+39 5.24077e+32 1.86941e+37 0 7.81897e+24 4.64348e+42 0 0 0
604296 9.90465e+30 9.90465e+30 7.03518e+39 7.03518e+39 7.03518e+39 8.15218e+32 1.87717e+37 0 2.34029e+23 4.64348e+42 0 0 0
697831 9.27729e+30 9.27729e+30 5.44038e+39 5.44038e+39 5.44038e+39 1.10636e+33 1.88494e+37 0 4.58535e+21 4.64348e+42 0 0 0
805842 9.65336e+30 9.65336e+30 4.2195e+39 4.2195e+39 4.2195e+39 1.3975e+33 1.89271e+37 0 5.39342e+19 4.64348e+42 0 0 0
930572 1.11025e+31 1.11025e+31 3.28215e+39 3.28215e+39 3.28215e+39 1.68864e+33 1.90047e+37 0 3.44384e+17 4.64348e+42 0 0 0
1.07461e+06 1.40239e+31 1.40239e+31 2.56043e+39 2.56043e+39 2.56043e+39 2.14635e+33 1.91017e+37 0 1.06216e+15 4.64348e+42 0 0 0
1.24094e+06 1.92918e+31 1.92918e+31 2.00312e+39 2.00312e+39 2.00312e+39 2.89379e+33 1.9123e+37 0 1.38133e+12 4.64348e+42 0 0 0
1.43301e+06 2.8564e+31 2.8564e+31 1.57144e+39 1.57144e+39 1.57144e+39 3.88206e+33 1.91498e+37 0 6.4618e+08 4.64348e+42 0 0 0
1.65482e+06 4.49091e+31 4.49091e+31 1.236e+39 1.236e+39 1.236e+39 5.19347e+33 1.91841e+37 0 90508.4 4.64348e+42 0 0 0
1.91095e+06 7.39607e+31 7.39607e+31 9.74546e+38 9.74546e+38 9.74546e+38 7.07727e+33 1.92314e+37 0 3.07725 4.64348e+42 0 0 0
2.20673e+06 1.25918e+32 1.25918e+32 7.70155e+38 7.70155e+38 7.70155e+38 9.50194e+33 1.92922e+37 0 1.9981e-05 4.64348e+42 0 0 0
2.5483e+06 2.189e+32 2.189e+32 6.09919e+38 6.09919e+38 6.09919e+38 1.26987e+34 1.93718e+37 0 1.88379e-11 4.64348e+42 0 0 0
2.94273e+06 3.84128e+32 3.84128e+32 4.83954e+38 4.83954e+38 4.83954e+38 1.69575e+34 1.9476e+37 0 1.88427e-18 4.64348e+42 0 0 0
3.39821e+06 6.73322e+32 6.73322e+32 3.84668e+38 3.84668e+38 3.84668e+38 2.31276e+34 1.96225e+37 0 1.39574e-26 4.64348e+42 0 0 0
3.92419e+06 1.16791e+33 1.16791e+33 3.06213e+38 3.06213e+38 3.06213e+38 3.12151e+34 1.98137e+37 0 5.06865e-36 4.64348e+42 0 0 0
4.53158e+06 1.9882e+33 1.9882e+33 2.44066e+38 2.44066e+38 2.44066e+38 4.21706e+34 2.00628e+37 0 5.61956e-47 4.64348e+42 0 0 0
5.23299e+06 3.29858e+33 3.29858e+33 1.94724e+38 1.94724e+38 1.94724e+38 5.68648e+34 2.03834e+37 0 1.10351e-59 4.64348e+42 0 0 0
6.04296e+06 5.30256e+33 5.30256e+33 1.55462e+38 1.55462e+38 1.55462e+38 7.78092e+34 2.08261e+37 0 2.05143e-74 4.64348e+42 0 0 0
6.97831e+06 8.22074e+33 8.22074e+33 1.24159e+38 1.24159e+38 1.24159e+38 1.05086e+35 2.1361e+37 0 1.75506e-91 4.64348e+42 0 0 0
8.05842e+06 1.22477e+34 1.22477e+34 9.91538e+37 9.91538e+37 9.91538e+37 1.40991e+35 2.20161e+37 0 3.00976e-111 4.64348e+42 0 0 0
9.30572e+06 1.74905e+34 1.74905e+34 7.91483e+37 7.91483e+37 7.91483e+37 1.89014e+35 2.2768e+37 0 3.96872e-134 4.64348e+42 0 0 0
1.07461e+07 2.39014e+34 2.39014e+34 6.31217e+37 6.31217e+37 6.31217e+37 2.55206e+35 2.38208e+37 0 1.3325e-160 4.64348e+42 0 0 0
1.24094e+07 3.12265e+34 3.12265e+34 5.02702e+37 5.02702e+37 5.02702e+37 3.37466e+35 2.48065e+37 0 3.18251e-191 4.64348e+42 0 0 0
1.43301e+07 3.89939e+34 3.89939e+34 3.99598e+37 3.99598e+37 3.99598e+37 4.38307e+35 2.57814e+37 0 1.24096e-226 4.64348e+42 0 0 0
1.65482e+07 4.6558e+34 4.6558e+34 3.16894e+37 3.16894e+37 3.16894e+37 5.59364e+35 2.67054e+37 0 1.4446e-267 4.64348e+42 0 0 0
1.91095e+07 5.32002e+34 5.32002e+34 2.50632e+37 2.50632e+37 2.50632e+37 7.08938e+35 2.75284e+37 0 0 4.64348e+42 0 0 0
2.20673e+07 5.8251e+34 5.8251e+34 1.97624e+37 1.97624e+37 1.97624e+37 8.67502e+35 2.82226e+37 0 0 4.64348e+42 0 0 0
2.5483e+07 6.12303e+34 6.12303e+34 1.55353e+37 1.55353e+37 1.55353e+37 1.0401e+36 2.86995e+37 0 0 4.64348e+42 0 0 0
2.94273e+07 6.19184e+34 6.19184e+34 1.21762e+37 1.21762e+37 1.21762e+37 1.2135e+36 2.87029e+37 0 0 4.64348e+42 0 0 0
3.39821e+07 6.03942e+34 6.03942e+34 9.51963e+36 9.51963e+36 9.51963e+36 1.38752e+36 2.81499e+37 0 0 4.64348e+42 0 0 0
3.92419e+07 5.69472e+34 5.69472e+34 7.42452e+36 7.42452e+36 7.42452e+36 1.53219e+36 2.70298e+37 0 0 4.64348e+42 0 0 0
4.53158e+07 5.20713e+34 5.20713e+34 5.78163e+36 5.78163e+36 5.78163e+36 1.65808e+36 2.5546e+37 0 0 4.64348e+42 0 0 0
5.23299e+07 4.63013e+34 4.63013e+34 4.49828e+36 4.49828e+36 4.49828e+36 1.75657e+36 2.38273e+37 0 0 4.64348e+42 0 0 0
6.04296e+07 4.01281e+34 4.01281e+34 3.49729e+36 3.49729e+36 3.49729e+36 1.81354e+36 2.16965e+37 0 0 4.64348e+42 0 0 0
6.97831e+07 3.39692e+34 3.39692e+34 2.71736e+36 2.71736e+36 2.71736e+36 1.82379e+36 1.92577e+37 0 0 4.64348e+42 0 0 0
8.05842e+07 2.81475e+34 2.81475e+34 2.11052e+36 2.11052e+36 2.11052e+36 1.79191e+36 1.65355e+37 0 0 4.64348e+42 0 0 0
9.30572e+07 2.28604e+34 2.28604e+34 1.63773e+36 1.63773e+36 1.63773e+36 1.71903e+36 1.36332e+37 0 0 4.64348e+42 0 0 0
1.07461e+08 1.81985e+34 1.81985e+34 1.26757e+36 1.26757e+36 1.26757e+36 1.60463e+36 1.06523e+37 0 0 4.64348e+42 29.9957 0 0
1.24094e+08 1.42409e+34 1.42409e+34 9.79785e+35 9.79785e+35 9.79785e+35 1.47157e+36 8.23879e+36 0 0 4.64348e+42 26.3518 0 0
1.43301e+08 1.09455e+34 1.09455e+34 7.54602e+35 7.54602e+35 7.54602e+35 1.31941e+36 6.25145e+36 0 0 4.64348e+42 23.1505 0 0
1.65482e+08 8.25312e+33 8.25312e+33 5.776e+35 5.776e+35 5.776e+35 1.15319e+36 4.66643e+36 0 0 4.64348e+42 20.3381 0 0
1.91095e+08 6.06119e+33 6.06119e+33 4.35692e+35 4.35692e+35 4.35692e+35 9.66379e+35 3.36365e+36 0 0 4.64348e+42 17.8673 0 0
2.20673e+08 4.38622e+33 4.38622e+33 3.27272e+35 3.27272e+35 3.27272e+35 8.01078e+35 2.47265e+36 0 0 4.64348e+42 15.6967 0 0
2.5483e+08 3.11381e+33 3.11381e+33 2.43462e+35 2.43462e+35 2.43462e+35 6.49152e+35 1.80244e+36 0 0 4.64348e+42 13.7898 0 0
2.94273e+08 2.16973e+33 2.16973e+33 1.79296e+35 1.79296e+35 1.79296e+35 5.14727e+35 1.30247e+36 0 0 4.64348e+42 12.1146 0 0
3.39821e+08 1.4718e+33 1.4718e+33 1.29527e+35 1.29527e+35 1.29527e+35 3.92182e+35 9.23487e+35 0 0 4.64348e+42 11.1124 0 0
3.92419e+08 9.92794e+32 9.92794e+32 9.36905e+34 9.36905e+34 9.36905e+34 3.00013e+35 6.69952e+35 0 0 4.64348e+42 10.6429 0 0
4.53158e+08 6.61314e+32 6.61314e+32 6.73337e+34 6.73337e+34 6.73337e+34 2.26584e+35 4.84377e+35 0 0 4.64348e+42 10.1932 0 0
5.23299e+08 4.34171e+32 4.34171e+32 4.79574e+34 4.79574e+34 4.79574e+34 1.68011e+35 3.49067e+35 0 0 4.64348e+42 9.76247 0 0
6.04296e+08 2.8235e+32 2.8235e+32 3.39999e+34 3.39999e+34 3.39999e+34 1.23371e+35 2.48904e+35 0 0 4.64348e+42 9.34996 0 0
6.97831e+08 1.84374e+32 1.84374e+32 2.43099e+34 2.43099e+34 2.43099e+34 9.21158e+34 1.81461e+35 0 0 4.64348e+42 8.95488 0 0
8.05842e+08 1.19684e+32 1.19684e+32 1.73462e+34 1.73462e+34 1.73462e+34 6.84155e+34 1.32101e+35 0 0 4.64348e+42 8.57649 0 0
9.30572e+08 7.72078e+31 7.72078e+31 1.23429e+34 1.23429e+34 1.23429e+34 5.04593e+34 9.59464e+34 0 0 4.64348e+42 8.21409 0 0
1.07461e+09 4.93554e+31 4.93554e+31 8.73009e+33 8.73009e+33 8.73009e+33 3.67105e+34 6.86684e+34 0 0 4.64348e+42 8.2437 0 0
1.24094e+09 3.18559e+31 3.18559e+31 6.25166e+33 6.25166e+33 6.25166e+33 2.73489e+34 5.03195e+34 0 0 4.64348e+42 8.66956 0 0
1.43301e+09 2.05435e+31 2.05435e+31 4.48417e+33 4.48417e+33 4.48417e+33 2.04094e+34 3.67692e+34 0 0 4.64348e+42 9.11742 0 0
1.65482e+09 1.31901e+31 1.31901e+31 3.21263e+33 3.21263e+33 3.21263e+33 1.51781e+34 2.67815e+34 0 0 4.64348e+42 9.58842 0 0
1.91095e+09 8.26245e+30 8.26245e+30 2.28177e+33 2.28177e+33 2.28177e+33 1.1144e+34 1.91714e+34 0 0 4.64348e+42 10.0837 0 0
2.20673e+09 4.47923e+30 4.47923e+30 1.59821e+33 1.59821e+33 1.59821e+33 8.36197e+33 1.4072e+34 0 0 4.64348e+42 10.6047 0 0
2.5483e+09 8.89297e+29 8.89297e+29 9.66199e+32 9.66199e+32 9.66199e+32 6.25512e+33 1.02977e+34 0 0 4.64348e+42 11.1525 0 0
2.94273e+09 1.60643e+27 1.60643e+27 3.80454e+32 3.80454e+32 3.80454e+32 4.6559e+33 7.50945e+33 0 0 4.64348e+42 11.7286 0 0
3.39821e+09 1.23586e+17 1.23586e+17 9.58384e+31 9.58384e+31 9.58384e+31 3.40077e+33 5.38096e+33 0 0 4.64348e+42 12.3345 0 0
3.92419e+09 5.92346e-16 5.92346e-16 2.22088e+31 2.22088e+31 2.22088e+31 2.54289e+33 3.94926e+33 0 0 4.64348e+42 12.9717 0 0
4.53158e+09 2.58567e-104 2.58567e-104 5.62662e+30 5.62662e+30 5.62662e+30 1.89481e+33 2.88714e+33 0 0 4.64348e+42 13.6418 0 0
5.23299e+09 0 0 1.62041e+30 1.62041e+30 1.62041e+30 1.40682e+33 2.10121e+33 0 0 4.64348e+42 14.3465 0 0
6.04296e+09 0 0 5.23068e+29 5.23068e+29 5.23068e+29 1.0225e+33 1.5036e+33 0 0 4.64348e+42 15.0877 0 0
6.97831e+09 0 0 1.91724e+29 1.91724e+29 1.91724e+29 7.62754e+32 1.10106e+33 0 0 4.64348e+42 15.8671 0 0
8.05842e+09 0 0 7.74327e+28 7.74327e+28 7.74327e+28 5.66995e+32 8.03768e+32 0 0 4.64348e+42 16.6868 0 0
9.30572e+09 0 0 3.39582e+28 3.39582e+28 3.39582e+28 4.18674e+32 5.84862e+32 0 0 4.64348e+42 17.5488 0 0
1.07461e+10 0 0 1.58737e+28 1.58737e+28 1.58737e+28 3.03388e+32 4.19336e+32 0 0 4.64348e+42 19.6901 0 0
1.24094e+10 0 0 8.01332e+27 8.01332e+27 8.01332e+27 2.24329e+32 3.07781e+32 0 0 4.64348e+42 23.5707 0 0
1.43301e+10 0 0 4.2632e+27 4.2632e+27 4.2632e+27 1.64788e+32 2.25248e+32 0 0 4.64348e+42 28.2161 0 0
1.65482e+10 0 0 2.37585e+27 2.37585e+27 2.37585e+27 1.2064e+32 1.64266e+32 0 0 4.64348e+42 33.7771 0 0
1.91095e+10 0 0 1.36262e+27 1.36262e+27 1.36262e+27 8.65374e+31 1.17607e+32 0 0 4.64348e+42 40.434 0 0
2.20673e+10 0 0 8.21895e+26 8.21895e+26 8.21895e+26 6.35697e+31 8.6258e+31 0 0 4.64348e+42 48.403 34.7254 0
2.5483e+10 0 0 5.09952e+26 5.09952e+26 5.09952e+26 4.65206e+31 6.30184e+31 0 0 4.64348e+42 57.9425 22.9578 0
2.94273e+10 0 0 3.24148e+26 3.24148e+26 3.24148e+26 3.39261e+31 4.58496e+31 0 0 4.64348e+42 69.3621 15.5417 0
3.39821e+10 0 0 2.07815e+26 2.07815e+26 2.07815e+26 2.42299e+31 3.26792e+31 0 0 4.64348e+42 83.0323 10.7604 0
3.92419e+10 0 0 1.38521e+26 1.38521e+26 1.38521e+26 1.78002e+31 2.39241e+31 0 0 4.64348e+42 99.3967 7.61059 0
4.53158e+10 0 0 9.3831e+25 9.3831e+25 9.3831e+25 1.3041e+31 1.74598e+31 0 0 4.64348e+42 118.986 5.49245 0
5.23299e+10 0 0 6.45043e+25 6.45043e+25 6.45043e+25 9.53398e+30 1.2697e+31 0 0 4.64348e+42 142.437 4.04008 0
6.04296e+10 0 0 4.43627e+25 4.43627e+25 4.43627e+25 6.84077e+30 9.03967e+30 0 0 4.64348e+42 170.509 3.02568 0
6.97831e+10 0 0 3.15781e+25 3.15781e+25 3.15781e+25 5.04574e+30 6.62004e+30 0 0 4.64348e+42 204.114 2.3047 0
8.05842e+10 0 0 2.27157e+25 2.27157e+25 2.27157e+25 3.70942e+30 4.83288e+30 0 0 4.64348e+42 244.341 1.78376 0
9.30572e+10 0 0 1.64984e+25 1.64984e+25 1.64984e+25 2.71774e+30 3.51481e+30 0 0 4.64348e+42 292.497 1.40144 0
1.07461e+11 0 0 1.18978e+25 1.18978e+25 1.18978e+25 1.94838e+30 2.49825e+30 0 0 4.64348e+42 350.144 1.11671 0
1.24094e+11 0 0 8.8641e+24 8.8641e+24 8.8641e+24 1.43346e+30 1.82678e+30 0 0 4.64348e+42 419.152 0.901709 0
1.43301e+11 0 0 6.64668e+24 6.64668e+24 6.64668e+24 1.05002e+30 1.33059e+30 0 0 4.64348e+42 501.761 0.737233 0
1.65482e+11 0 0 5.00945e+24 5.00945e+24 5.00945e+24 7.65384e+29 9.64729e+29 0 0 4.64348e+42 600.651 0.609868 0
1.91095e+11 0 0 3.72759e+24 3.72759e+24 3.72759e+24 5.45195e+29 6.82313e+29 0 0 4.64348e+42 719.03 0.510106 0
2.20673e+11 0 0 2.86558e+24 2.86558e+24 2.86558e+24 3.98937e+29 4.96747e+29 0 0 4.64348e+42 860.74 0.431129 0
2.5483e+11 0 0 2.20977e+24 2.20977e+24 2.20977e+24 2.90629e+29 3.6004e+29 0 0 4.64348e+42 1030.38 0.367983 0
2.94273e+11 0 0 1.70768e+24 1.70768e+24 1.70768e+24 2.10752e+29 2.59616e+29 0 0 4.64348e+42 1233.45 0.317029 0
3.39821e+11 0 0 1.29747e+24 1.29747e+24 1.29747e+24 1.49289e+29 1.82289e+29 0 0 4.64348e+42 0 0.275565 0
3.92419e+11 0 0 1.01792e+24 1.01792e+24 1.01792e+24 1.08745e+29 1.3188e+29 0 0 4.64348e+42 0 0.241562 0
4.53158e+11 0 0 7.98649e+23 7.98649e+23 7.98649e+23 7.88412e+28 9.49267e+28 0 0 4.64348e+42 0 0.213483 0
5.23299e+11 0 0 6.26081e+23 6.26081e+23 6.26081e+23 5.68742e+28 6.79293e+28 0 0 4.64348e+42 0 0.190154 0
6.04296e+11 0 0 4.80424e+23 4.80424e+23 4.80424e+23 4.0005e+28 4.72233e+28 0 0 4.64348e+42 0 0.170669 0
6.97831e+11 0 0 3.80496e+23 3.80496e+23 3.80496e+23 2.8962e+28 3.38679e+28 0 0 4.64348e+42 0 0.154323 0
8.05842e+11 0 0 3.00638e+23 3.00638e+23 3.00638e+23 2.08569e+28 2.41468e+28 0 0 4.64348e+42 0 0.140565 0
9.30572e+11 0 0 2.36806e+23 2.36806e+23 2.36806e+23 1.4935e+28 1.70996e+28 0 0 4.64348e+42 0 0.12896 0
1.07461e+12 0 0 1.81878e+23 1.81878e+23 1.81878e+23 1.04032e+28 1.17255e+28 0 0 4.64348e+42 0 0.119166 0
1.24094e+12 0 0 1.44223e+23 1.44223e+23 1.44223e+23 7.46753e+27 8.31001e+27 0 0 4.64348e+42 0 0.110908 0
1.43301e+12 0 0 1.1388e+23 1.1388e+23 1.1388e+23 5.32772e+27 5.84853e+27 0 0 4.64348e+42 0 0.103969 0
1.65482e+12 0 0 8.94799e+22 8.94799e+22 8.94799e+22 3.7761e+27 4.08318e+27 0 0 4.64348e+42 0 0.098177 0
1.91095e+12 0 0 6.82802e+22 6.82802e+22 6.82802e+22 2.59523e+27 2.74793e+27 0 0 4.64348e+42 0 0.0933933 0
2.20673e+12 0 0 5.38524e+22 5.38524e+22 5.38524e+22 1.84113e+27 1.91642e+27 0 0 4.64348e+42 0 0.0895108 0
2.5483e+12 0 0 4.22204e+22 4.22204e+22 4.22204e+22 1.29679e+27 1.32536e+27 0 0 4.64348e+42 0 0.0864461 0
2.94273e+12 0 0 3.28806e+22 3.28806e+22 3.28806e+22 9.06314e+26 9.07761e+26 0 0 4.64348e+42 0 0.0841374 0
3.39821e+12 0 0 2.47431e+22 2.47431e+22 2.47431e+22 6.11446e+26 5.95447e+26 0 0 4.64348e+42 0 0.082541 0
3.92419e+12 0 0 1.92842e+22 1.92842e+22 1.92842e+22 4.2688e+26 4.06384e+26 0 0 4.64348e+42 0 0.08163 0
4.53158e+12 0 0 1.49107e+22 1.49107e+22 1.49107e+22 2.9545e+26 2.74515e+26 0 0 4.64348e+42 0 0.0813928 0
5.23299e+12 0 0 1.14283e+22 1.14283e+22 1.14283e+22 2.0257e+26 1.83247e+26 0 0 4.64348e+42 0 0.0818329 0
6.04296e+12 0 0 8.40526e+21 8.40526e+21 8.40526e+21 1.33213e+26 1.16052e+26 0 0 4.64348e+42 0 0.0829683 0
6.97831e+12 0 0 6.42336e+21 6.42336e+21 6.42336e+21 9.09929e+25 7.69364e+25 0 0 4.64348e+42 0 0.0848322 0
8.05842e+12 0 0 4.85739e+21 4.85739e+21 4.85739e+21 6.14918e+25 5.03575e+25 0 0 4.64348e+42 0 0.0874729 0
9.30572e+12 0 0 3.63072e+21 3.63072e+21 3.63072e+21 4.10746e+25 3.24762e+25 0 0 4.64348e+42 0 0.0909553 0
1.07461e+13 0 0 2.57795e+21 2.57795e+21 2.57795e+21 2.60682e+25 1.95944e+25 0 0 4.64348e+42 0 0.0953611 0
1.24094e+13 0 0 1.91135e+21 1.91135e+21 1.91135e+21 1.72832e+25 1.24935e+25 0 0 4.64348e+42 0 0.10079 0
1.43301e+13 0 0 1.39708e+21 1.39708e+21 1.39708e+21 1.13049e+25 7.83903e+24 0 0 4.64348e+42 0 0.10736 0
1.65482e+13 0 0 1.00518e+21 1.00518e+21 1.00518e+21 7.28646e+24 4.82726e+24 0 0 4.64348e+42 0 0.115206 0
1.91095e+13 0 0 6.76487e+20 6.76487e+20 6.76487e+20 4.39936e+24 2.72249e+24 0 0 4.64348e+42 0 0.12448 0
2.20673e+13 0 0 4.78959e+20 4.78959e+20 4.78959e+20 2.79969e+24 1.6473e+24 0 0 4.64348e+42 0 0.135345 0
2.5483e+13 0 0 3.32426e+20 3.32426e+20 3.32426e+20 1.75082e+24 9.76656e+23 0 0 4.64348e+42 0 0.147968 0
2.94273e+13 0 0 2.25717e+20 2.25717e+20 2.25717e+20 1.07438e+24 5.65379e+23 0 0 4.64348e+42 0 0.162507 0
3.39821e+13 0 0 1.39896e+20 1.39896e+20 1.39896e+20 6.04009e+23 2.89916e+23 0 0 4.64348e+42 0 0.179093 0
3.92419e+13 0 0 9.23144e+19 9.23144e+19 9.23144e+19 3.63138e+23 1.63494e+23 0 0 4.64348e+42 0 0.197804 0
4.53158e+13 0 0 5.92143e+19 5.92143e+19 5.92143e+19 2.13329e+23 8.98515e+22 0 0 4.64348e+42 0 0.218621 0
5.23299e+13 0 0 3.68324e+19 3.68324e+19 3.68324e+19 1.2226e+23 4.78966e+22 0 0 4.64348e+42 0 0.241387 0
6.04296e+13 0 0 2.01106e+19 2.01106e+19 2.01106e+19 6.19256e+22 2.14323e+22 0 0 4.64348e+42 0 0.265741 0
6.97831e+13 0 0 1.19401e+19 1.19401e+19 1.19401e+19 3.43666e+22 1.0993e+22 0 0 4.64348e+42 0 0.291055 0
8.05842e+13 0 0 6.81273e+18 6.81273e+18 6.81273e+18 1.84808e+22 5.45848e+21 0 0 4.64348e+42 0 0.316368 0
9.30572e+13 0 0 3.7289e+18 3.7289e+18 3.7289e+18 9.61767e+21 2.60753e+21 0 0 4.64348e+42 0 0.340344 0
1.07461e+14 1.45221e-295 1.45226e-295 1.68315e+18 1.68315e+18 1.68315e+18 4.16555e+21 9.56083e+20 0 0 4.64348e+42 0 0 0
1.24094e+14 6.055e-260 6.05534e-260 8.59969e+17 8.59969e+17 8.59969e+17 2.06124e+21 4.31143e+20 0 0 4.64348e+42 0 0 0
1.43301e+14 1.738e-228 1.73818e-228 4.16342e+17 4.16342e+17 4.16342e+17 9.75401e+20 1.86767e+20 0 0 4.64348e+42 0 0 0
1.65482e+14 1.00071e-200 1.00092e-200 1.91096e+17 1.91096e+17 1.91096e+17 4.41499e+20 7.71244e+19 0 0 4.64348e+42 0 0 0
1.91095e+14 2.35992e-176 2.36093e-176 6.54561e+16 6.54561e+16 6.54561e+16 1.50384e+20 2.09066e+19 0 0 4.64348e+42 0 0 0
2.20673e+14 8.70243e-155 8.70976e-155 2.7323e+16 2.7323e+16 2.7323e+16 6.29046e+19 7.87177e+18 0 0 4.64348e+42 0 0 0
2.5483e+14 8.13911e-136 8.15157e-136 1.05833e+16 1.05833e+16 1.05833e+16 2.45841e+19 2.8241e+18 0 0 4.64348e+42 0 0 0
2.94273e+14 3.79345e-119 3.80319e-119 3.81358e+15 3.81358e+15 3.81358e+15 8.9917e+18 9.61987e+17 0 0 4.64348e+42 0 0 0
3.39821e+14 1.10165e-104 1.10606e-104 8.78701e+14 8.78701e+14 8.78701e+14 2.1136e+18 1.60861e+17 0 0 4.64348e+42 0 0 0
3.92419e+14 7.30215e-92 7.34485e-92 2.7864e+14 2.7864e+14 2.7864e+14 6.86612e+17 4.62212e+16 0 0 4.64348e+42 0 0 0
4.53158e+14 1.14741e-80 1.15666e-80 7.87527e+13 7.87527e+13 7.87527e+13 1.99463e+17 1.24716e+16 0 0 4.64348e+42 0 0 0
5.23299e+14 6.41346e-71 6.4812e-71 1.95725e+13 1.95725e+13 1.95725e+13 5.10831e+16 3.24218e+15 0 0 4.64348e+42 0 0 0
6.04296e+14 1.0896e-62 1.10403e-62 2.51944e+12 2.51944e+12 2.51944e+12 6.78834e+15 2.56861e+14 0 0 4.64348e+42 0 0 0
6.97831e+14 2.47373e-55 2.51325e-55 5.30967e+11 5.30967e+11 5.30967e+11 1.47871e+15 4.79536e+13 0 0 4.64348e+42 0 0 0
8.05842e+14 5.10011e-49 5.19514e-49 9.29344e+10 9.29344e+10 9.29344e+10 2.67696e+14 7.95425e+12 0 0 4.64348e+42 0 0 0
9.30572e+14 1.14616e-43 1.17035e-43 1.25153e+10 1.25153e+10 1.25153e+10 3.72948e+13 1.29267e+12 0 0 4.64348e+42 0 0 0
1.07461e+15 1.73215e-39 1.77246e-39 6.36065e+08 6.36065e+08 6.36065e+08 1.96052e+12 3.69043e+10 0 0 4.64348e+42 0 0 0
1.24094e+15 1.20379e-35 1.23399e-35 6.81041e+07 6.81041e+07 6.81041e+07 2.17015e+11 3.38711e+09 0 0 4.64348e+42 0 0 0
1.43301e+15 1.6002e-32 1.6426e-32 5.33986e+06 5.33986e+06 5.33986e+06 1.75777e+10 2.36535e+08 0 0 4.64348e+42 0 0 0
1.65482e+15 4.28694e-30 4.4048e-30 275642 275642 275642 9.36414e+08 1.48095e+07 0 0 4.64348e+42 0 0 0
1.91095e+15 8.12764e-29 8.3558e-29 2858.89 2858.89 2858.89 1.00117e+07 100988 0 0 4.64348e+42 0 0 0
2.20673e+15 1.99983e-27 2.05635e-27 96.5255 96.5255 96.5255 348004 2849.29 0 0 4.64348e+42 0 0 0
2.5483e+15 1.19167e-26 1.22515e-26 1.77452 1.77452 1.77452 6577.34 46.4667 0 0 4.64348e+42 0 0 0
2.94273e+15 1.80226e-26 1.85205e-26 0.0169018 0.0169018 0.0169018 64.3125 0.45012 0 0 4.64348e+42 0 0 0
3.39821e+15 1.33812e-27 1.3741e-27 1.48148e-05 1.48148e-05 1.48148e-05 0.0577813 0.00035814 0 0 4.64348e+42 0 0 0
3.92419e+15 2.18264e-28 2.23926e-28 4.9602e-08 4.9602e-08 4.9602e-08 0.000197991 1.16434e-06 0 0 4.64348e+42 0 0 0
4.53158e+15 6.69451e-30 6.86072e-30 5.08144e-11 5.08144e-11 5.08144e-11 2.07255e-07 1.19871e-09 0 0 4.64348e+42 0 0 0
5.23299e+15 4.09487e-32 4.19149e-32 1.5933e-14 1.5933e-14 1.5933e-14 6.62978e-11 3.82083e-13 0 0 4.64348e+42 0 0 0
6.04296e+15 8.29476e-36 8.47956e-36 2.4116e-19 2.4116e-19 2.4116e-19 1.02212e-15 5.87198e-18 0 0 4.64348e+42 0 0 0
6.97831e+15 2.59349e-39 2.64774e-39 7.84809e-24 7.84809e-24 7.84809e-24 3.38283e-20 1.94221e-22 0 0 4.64348e+42 0 0 0
8.05842e+15 8.68522e-44 8.85492e-44 3.66098e-29 3.66098e-29 3.66098e-29 1.60235e-25 9.19833e-28 0 0 4.64348e+42 0 0 0
9.30572e+15 2.95763e-49 3.01136e-49 2.24365e-35 2.24365e-35 2.24365e-35 9.95633e-32 5.71555e-34 0 0 4.64348e+42 0 0 0
1.07461e+16 1.47111e-56 1.49586e-56 2.51557e-43 2.51557e-43 2.51557e-43 1.1301e-39 6.48762e-42 0 0 4.64348e+42 0 0 0
1.24094e+16 4.22458e-64 4.29014e-64 1.98464e-51 1.98464e-51 1.98464e-51 9.01296e-48 5.17401e-50 0 0 4.64348e+42 0 0 0
1.43301e+16 4.02221e-73 4.07959e-73 6.17674e-61 6.17674e-61 6.17674e-61 2.83162e-57 1.62521e-59 0 0 4.64348e+42 0 0 0
1.65482e+16 9.73673e-84 9.86404e-84 5.69394e-72 5.69394e-72 5.69394e-72 2.63131e-68 1.51046e-70 0 0 4.64348e+42 0 0 0
1.91095e+16 6.75583e-97 6.83656e-97 1.72035e-85 1.72035e-85 1.72035e-85 8.00377e-82 4.59448e-84 0 0 4.64348e+42 0 0 0
2.20673e+16 4.02271e-111 4.06654e-111 5.01793e-100 5.01793e-100 5.01793e-100 2.34722e-96 1.34741e-98 0 0 4.64348e+42 0 0 0
2.5483e+16 8.59806e-128 8.68327e-128 5.82585e-117 5.82585e-117 5.82585e-117 2.73654e-113 1.57104e-115 0 0 4.64348e+42 0 0 0
2.94273e+16 3.51925e-147 3.5509e-147 1.41826e-136 1.41826e-136 1.41826e-136 6.68181e-133 3.83561e-135 0 0 4.64348e+42 0 0 0
3.39821e+16 2.04769e-170 2.06437e-170 5.31488e-160 5.31488e-160 5.31488e-160 2.50858e-156 1.44002e-158 0 0 4.64348e+42 0 0 0
3.92419e+16 3.13708e-196 3.1602e-196 5.62355e-186 5.62355e-186 5.62355e-186 2.65625e-182 1.52481e-184 0 0 4.64348e+42 0 0 0
4.53158e+16 3.0474e-226 3.06768e-226 4.01126e-216 4.01126e-216 4.01126e-216 1.89413e-212 1.08739e-214 0 0 4.64348e+42 0 0 0
5.23299e+16 5.29922e-261 5.331e-261 5.40467e-251 5.40467e-251 5.40467e-251 2.54879e-247 1.46312e-249 0 0 4.64348e+42 0 0 0
6.04296e+16 0 0 0 0 0 0 0 0 0 4.64348e+42 0 0 0
6.97831e+16 0 0 0 0 0 0 0 0 0 4.64348e+42 0 0 0
8.05842e+16 0 0 0 0 0 0 0 0 0 4.64348e+42 0 0 0
9.30572e+16 0 0 0 0 0 0 0 0 0 4.64348e+42 0 0 0