
1.07461e-07 0 0 1.37728e+12 4.13733e+53 2.59457e+60 0 0 1.29777e+46 0 4.64348e+42 0 0 1
1.24094e-07 0 0 5.58212e+17 4.62387e+53 2.27421e+60 0 0 1.49864e+46 0 4.64348e+42 0 0 1
1.43301e-07 0 0 4.08969e+22 5.19488e+53 2.0037e+60 0 0 1.7306e+46 0 4.64348e+42 0 0 1
1.65482e-07 0 0 6.81216e+26 5.86327e+53 1.77327e+60 0 0 1.99847e+46 0 4.64348e+42 0 0 1
1.91095e-07 0 0 3.14526e+30 6.64171e+53 1.57475e+60 0 0 2.30779e+46 0 4.64348e+42 0 0 1
2.20673e-07 0 0 4.77807e+33 7.543e+53 1.40163e+60 0 0 2.665e+46 0 4.64348e+42 0 0 1
2.5483e-07 0 0 2.77039e+36 8.58107e+53 1.24903e+60 0 0 3.07749e+46 0 4.64348e+42 0 0 1
2.94273e-07 0 0 6.97297e+38 9.77236e+53 1.1134e+60 0 0 3.55383e+46 0 4.64348e+42 0 0 1
3.39821e-07 0 0 8.5189e+40 1.11374e+54 9.92263e+59 0 0 4.1039e+46 0 4.64348e+42 0 0 1
3.92419e-07 0 0 5.56598e+42 1.27021e+54 8.83839e+59 0 0 4.73911e+46 0 4.64348e+42 0 0 1
4.53158e-07 0 0 2.11559e+44 1.44992e+54 7.86782e+59 0 0 5.47264e+46 0 4.64348e+42 0 0 1
5.23299e-07 0 0 5.03206e+45 1.65689e+54 6.99987e+59 0 0 6.31971e+46 0 4.64348e+42 0 0 1
6.04296e-07 0 0 7.97909e+46 1.89604e+54 6.22478e+59 0 0 7.29788e+46 0 4.64348e+42 0 0 1
6.97831e-07 0 0 8.90935e+47 2.17323e+54 5.53363e+59 0 0 8.42747e+46 0 4.64348e+42 0 0 1
8.05842e-07 0 0 7.34544e+48 2.4955e+54 4.91808e+59 0 0 9.73189e+46 0 4.64348e+42 0 0 1
9.30572e-07 0 0 4.65889e+49 2.87113e+54 4.37036e+59 0 0 1.12382e+47 0 4.64348e+42 0 0 1
1.07461e-06 0 0 2.35529e+50 3.3099e+54 3.88327e+59 0 0 1.29777e+47 0 4.64348e+42 0 0 1
1.24094e-06 0 0 9.78647e+50 3.82337e+54 3.45018e+59 0 0 1.49864e+47 0 4.64348e+42 0 0 1
1.43301e-06 0 0 3.43208e+51 4.42533e+54 3.06506e+59 0 0 1.7306e+47 0 4.64348e+42 0 0 1
1.65482e-06 0 0 1.03951e+52 5.13232e+54 2.72252e+59 0 0 1.99847e+47 0 4.64348e+42 0 0 1
1.91095e-06 0 0 2.77399e+52 5.96441e+54 2.41776e+59 0 0 2.30779e+47 0 4.64348e+42 0 0 1
2.20673e-06 0 0 6.63595e+52 6.94596e+54 2.14655e+59 0 0 2.665e+47 0 4.64348e+42 0 0 1
2.5483e-06 0 0 1.44455e+53 8.10646e+54 1.90518e+59 0 0 3.07749e+47 0 4.64348e+42 0 0 1
2.94273e-06 0 0 2.89877e+53 9.48138e+54 1.69035e+59 0 0 3.55383e+47 0 4.64348e+42 0 0 1
3.39821e-06 0 0 5.42247e+53 1.11131e+55 1.49918e+59 0 0 4.1039e+47 0 4.64348e+42 0 0 1
3.92419e-06 0 0 9.54683e+53 1.30525e+55 1.32906e+59 0 0 4.73911e+47 0 4.64348e+42 0 0 1
4.53158e-06 0 0 1.59516e+54 1.53601e+55 1.17771e+59 0 0 5.47263e+47 0 4.64348e+42 0 0 1
5.23299e-06 0 0 2.54768e+54 1.81092e+55 1.04307e+59 0 0 6.3197e+47 0 4.64348e+42 0 0 1
6.04296e-06 0 0 3.91357e+54 2.13876e+55 9.23329e+58 0 0 7.29787e+47 0 4.64348e+42 0 0 1
6.97831e-06 0 0 5.8131e+54 2.53008e+55 8.16854e+58 0 0 8.42744e+47 0 4.64348e+42 0 0 1
8.05842e-06 0 0 8.38778e+54 2.99751e+55 7.22206e+58 0 0 9.73186e+47 0 4.64348e+42 0 0 1
9.30572e-06 0 0 1.18034e+55 3.55617e+55 6.38097e+58 0 0 1.12382e+48 0 4.64348e+42 0 0 1
1.07461e-05 0 0 1.62541e+55 4.22416e+55 5.63382e+58 0 0 1.29776e+48 0 4.64348e+42 0 0 1
1.24094e-05 0 0 2.19679e+55 5.02309e+55 4.97037e+58 0 0 1.49863e+48 0 4.64348e+42 0 0 1
1.43301e-05 0 0 2.92131e+55 5.97884e+55 4.38152e+58 0 0 1.73059e+48 0 4.64348e+42 0 0 1
1.65482e-05 0 0 3.83062e+55 7.12225e+55 3.85913e+58 0 0 1.99846e+48 0 4.64348e+42 0 0 1
1.91095e-05 0 0 4.96215e+55 8.49016e+55 3.39594e+58 0 0 2.30778e+48 0 4.64348e+42 0 0 1
2.20673e-05 0 0 6.36026e+55 1.01265e+56 2.98549e+58 0 0 2.66498e+48 0 4.64348e+42 0 0 1
2.5483e-05 0 0 8.07761e+55 1.20835e+56 2.62199e+58 0 0 3.07746e+48 0 4.64348e+42 0 0 1
2.94273e-05 0 0 1.01767e+56 1.44236e+56 2.3003e+58 0 0 3.5538e+48 0 4.64348e+42 0 0 1
3.39821e-05 0 0 1.27318e+56 1.72208e+56 2.0158e+58 0 0 4.10385e+48 0 4.64348e+42 0 0 1
3.92419e-05 0 0 1.58311e+56 2.05633e+56 1.76441e+58 0 0 4.73905e+48 0 4.64348e+42 0 0 1
4.53158e-05 0 0 1.95793e+56 2.4556e+56 1.54244e+58 0 0 5.47255e+48 0 4.64348e+42 0 0 1
5.23299e-05 0 0 2.41011e+56 2.93233e+56 1.34663e+58 0 0 6.31959e+48 0 4.64348e+42 0 0 1
6.04296e-05 0 0 2.95441e+56 3.5013e+56 1.17406e+58 0 0 7.29773e+48 0 4.64348e+42 0 0 1
6.97831e-05 0 0 3.60837e+56 4.18007e+56 1.02213e+58 0 0 8.42725e+48 0 4.64348e+42 0 0 1
8.05842e-05 0 0 4.39278e+56 4.98943e+56 8.88512e+57 0 0 9.7316e+48 0 4.64348e+42 0 0 1
9.30572e-05 0 0 5.3323e+56 5.95405e+56 7.71133e+57 0 0 1.12378e+49 0 4.64348e+42 0 0 1
0.000107461 0 0 6.45568e+56 7.10264e+56 6.68146e+57 0 0 1.29772e+49 0 4.64348e+42 0 0 1
0.000124094 0 0 7.79062e+56 8.46234e+56 5.77904e+57 0 0 1.49857e+49 0 4.64348e+42 0 0 1
0.000143301 0 0 9.33482e+56 1.00279e+57 4.98937e+57 0 0 1.73051e+49 0 4.64348e+42 0 0 1
0.000165482 0 0 1.09957e+57 1.16993e+57 4.29938e+57 0 0 1.99835e+49 0 4.64348e+42 0 0 1
0.000191095 0 0 1.25599e+57 1.32529e+57 3.69742e+57 0 0 2.30764e+49 0 4.64348e+42 0 0 1
0.000220673 0 0 1.37604e+57 1.44155e+57 3.17311e+57 0 0 2.66479e+49 0 4.64348e+42 0 0 1
0.00025483 0 0 1.43985e+57 1.49902e+57 2.71723e+57 0 0 3.07721e+49 0 4.64348e+42 0 0 1
0.000294273 0 0 1.44162e+57 1.49279e+57 2.32157e+57 0 0 3.55346e+49 0 4.64348e+42 0 0 1
0.000339821 0 0 1.38855e+57 1.43112e+57 1.97884e+57 0 0 4.1034e+49 0 4.64348e+42 0 0 1
0.000392419 0 0 1.29499e+57 1.32931e+57 1.68255e+57 0 0 4.73844e+49 0 4.64348e+42 0 0 1
0.000453158 0 0 1.17676e+57 1.20371e+57 1.42698e+57 0 0 5.47175e+49 0 4.64348e+42 0 0 1
0.000523299 0 0 1.04749e+57 1.06824e+57 1.20701e+57 0 0 6.31852e+49 0 4.64348e+42 0 0 1
0.000604296 0 0 9.17378e+56 9.33091e+56 1.01814e+57 0 0 7.2963e+49 0 4.64348e+42 0 0 1
0.000697831 0 0 7.93122e+56 8.04873e+56 8.56381e+56 0 0 8.42536e+49 0 4.64348e+42 0 0 1
0.000805842 0 0 6.78629e+56 6.87327e+56 7.18196e+56 0 0 9.72907e+49 0 4.64348e+42 0 0 1
0.000930572 0 0 5.75763e+56 5.82148e+56 6.00475e+56 0 0 1.12345e+50 0 4.64348e+42 0 0 1
0.00107461 0 0 4.85032e+56 4.89686e+56 5.00473e+56 0 0 1.29727e+50 0 4.64348e+42 0 0 1
0.00124094 0 0 4.06107e+56 4.0948e+56 4.15776e+56 0 0 1.49797e+50 0 4.64348e+42 0 0 1
0.00143301 0 0 3.38188e+56 3.40619e+56 3.44265e+56 0 0 1.72971e+50 0 4.64348e+42 0 0 1
0.00165482 0 0 2.80243e+56 2.81987e+56 2.84082e+56 0 0 1.99728e+50 0 4.64348e+42 0 0 1
0.00191095 0 0 2.31162e+56 2.32406e+56 2.33601e+56 0 0 2.30621e+50 0 4.64348e+42 0 0 1
0.00220673 0 0 1.89844e+56 1.90729e+56 1.91405e+56 0 0 2.66289e+50 0 4.64348e+42 0 0 1
0.0025483 0 0 1.55254e+56 1.55881e+56 1.5626e+56 0 0 3.07468e+50 0 4.64348e+42 0 0 1
0.00294273 0 0 1.26443e+56 1.26885e+56 1.27096e+56 0 0 3.55008e+50 0 4.64348e+42 0 0 1
0.00339821 0 0 1.0256e+56 1.0287e+56 1.02987e+56 0 0 4.0989e+50 0 4.64348e+42 0 0 1
0.00392419 5.34956e-214 5.34956e-214 8.2852e+55 8.3069e+55 8.31328e+55 0 0 4.73244e+50 4.38164e-217 4.64348e+42 0 0 1
0.00453158 7.09799e-144 7.09799e-144 6.66625e+55 6.68136e+55 6.68483e+55 0 0 5.46375e+50 6.25714e-147 4.64348e+42 0 0 1
0.00523299 4.54045e-92 4.54045e-92 5.34218e+55 5.35267e+55 5.35454e+55 0 0 6.30785e+50 4.32516e-95 4.64348e+42 0 0 1
0.00604296 8.38147e-54 8.38147e-54 4.26403e+55 4.27128e+55 4.27227e+55 0 0 7.28208e+50 8.66207e-57 4.64348e+42 0 0 1
0.00697831 1.51677e-25 1.51677e-25 3.38995e+55 3.39494e+55 3.39546e+55 0 0 8.40639e+50 1.70746e-28 4.64348e+42 0 0 1
0.00805842 0.000109653 0.000109653 2.68439e+55 2.68782e+55 2.68809e+55 0 0 9.70378e+50 1.34988e-07 4.64348e+42 0 0 1
0.00930572 2.69129e+11 2.69129e+11 2.11736e+55 2.11969e+55 2.11984e+55 0 0 1.12007e+51 3.63737e+08 4.64348e+42 0 0 1
0.0107461 5.98216e+22 5.98216e+22 1.66362e+55 1.66521e+55 1.66528e+55 0 0 1.29277e+51 8.91097e+19 4.64348e+42 0 0 1
0.0124094 1.36419e+31 1.36419e+31 1.30212e+55 1.30319e+55 1.30323e+55 0 0 1.49198e+51 2.24826e+28 4.64348e+42 0 0 1
0.0143301 1.91965e+37 1.91965e+37 1.01534e+55 1.01606e+55 1.01608e+55 0 0 1.72172e+51 3.51345e+34 4.64348e+42 0 0 1
0.0165482 6.27897e+41 6.27897e+41 7.88806e+54 7.89296e+54 7.89305e+54 0 0 1.98663e+51 1.28097e+39 4.64348e+42 0 0 1
0.0191095 1.27244e+45 1.27244e+45 6.10622e+54 6.10951e+54 6.10955e+54 0 0 2.29201e+51 2.90392e+42 4.64348e+42 0 0 1
0.0220673 3.29757e+47 3.29757e+47 4.71049e+54 4.71268e+54 4.7127e+54 0 0 2.64396e+51 8.44791e+44 4.64348e+42 0 0 1
0.025483 1.86731e+49 1.86731e+49 3.62163e+54 3.62309e+54 3.62311e+54 0 0 3.04945e+51 5.38806e+46 4.64348e+42 0 0 1
0.0294273 3.43317e+50 3.43317e+50 2.77557e+54 2.77654e+54 2.77655e+54 0 0 3.51645e+51 1.11934e+48 4.64348e+42 0 0 1
0.0339821 2.7465e+51 2.7465e+51 2.12069e+54 2.12134e+54 2.12134e+54 0 0 4.05408e+51 1.0149e+49 4.64348e+42 0 0 1
0.0392419 1.18707e+52 1.18707e+52 1.61568e+54 1.6161e+54 1.6161e+54 0 0 4.67272e+51 4.98589e+49 4.64348e+42 0 0 1
0.0453158 3.25312e+52 3.25312e+52 1.22762e+54 1.2279e+54 1.2279e+54 0 0 5.38417e+51 1.55724e+50 4.64348e+42 0 0 1
0.0523299 6.36279e+52 6.36279e+52 9.30434e+53 9.30616e+53 9.30617e+53 0 0 6.20182e+51 3.48002e+50 4.64348e+42 0 0 1
0.0604296 9.69482e+52 9.69482e+52 7.03571e+53 7.03691e+53 7.03691e+53 0 0 7.14084e+51 6.07227e+50 4.64348e+42 0 0 1
0.0697831 1.22772e+53 1.22772e+53 5.30907e+53 5.30985e+53 5.30986e+53 0 0 8.21827e+51 8.82472e+50 4.64348e+42 0 0 1
0.0805842 1.35563e+53 1.35563e+53 3.99857e+53 3.99908e+53 3.99908e+53 0 0 9.45329e+51 1.12035e+51 4.64348e+42 0 0 1
0.0930572 1.35227e+53 1.35227e+53 3.00645e+53 3.00678e+53 3.00678e+53 0 0 1.08673e+52 1.28715e+51 4.64348e+42 0 0 1
0.107461 1.25105e+53 1.25105e+53 2.25709e+53 2.2573e+53 2.2573e+53 0 0 1.24839e+52 1.37354e+51 4.64348e+42 0 0 1
0.124094 1.09451e+53 1.09451e+53 1.69227e+53 1.69241e+53 1.69241e+53 0 0 1.43292e+52 1.38792e+51 4.64348e+42 0 0 1
0.143301 9.18671e+52 9.18671e+52 1.26735e+53 1.26744e+53 1.26744e+53 0 0 1.64317e+52 1.34704e+51 4.64348e+42 0 0 1
0.165482 7.4772e+52 7.4772e+52 9.48195e+52 9.48254e+52 9.48254e+52 0 0 1.88219e+52 1.26898e+51 4.64348e+42 0 0 1
0.191095 5.94843e+52 5.94843e+52 7.08832e+52 7.0887e+52 7.0887e+52 0 0 2.15322e+52 1.16943e+51 4.64348e+42 0 0 1
0.220673 4.65273e+52 4.65273e+52 5.29535e+52 5.2956e+52 5.2956e+52 0 0 2.45961e+52 1.06029e+51 4.64348e+42 0 0 1
0.25483 3.59384e+52 3.59384e+52 3.95376e+52 3.95392e+52 3.95392e+52 0 0 2.80475e+52 9.49859e+50 4.64348e+42 0 0 1
0.294273 2.75025e+52 2.75025e+52 2.95083e+52 2.95093e+52 2.95093e+52 0 0 3.19189e+52 8.43406e+50 4.64348e+42 0 0 1
0.339821 2.09027e+52 2.09027e+52 2.20162e+52 2.20169e+52 2.20169e+52 0 0 3.62396e+52 7.43988e+50 4.64348e+42 0 0 1
0.392419 1.58066e+52 1.58066e+52 1.6423e+52 1.64234e+52 1.64234e+52 0 0 4.10329e+52 6.53117e+50 4.64348e+42 0 0 1
0.453158 1.19088e+52 1.19088e+52 1.22493e+52 1.22495e+52 1.22495e+52 0 0 4.63119e+52 5.71297e+50 4.64348e+42 0 0 1
0.523299 8.94829e+51 8.94829e+51 9.13596e+51 9.13614e+51 9.13614e+51 0 0 5.2075e+52 4.98408e+50 4.64348e+42 0 0 1
0.604296 6.71094e+51 6.71094e+51 6.81426e+51 6.81437e+51 6.81437e+51 0 0 5.82992e+52 4.3397e+50 4.64348e+42 0 0 1
0.697831 5.02632e+51 5.02632e+51 5.08315e+51 5.08322e+51 5.08322e+51 0 0 6.49324e+52 3.77319e+50 4.64348e+42 0 0 1
0.805842 3.76126e+51 3.76126e+51 3.79249e+51 3.79254e+51 3.79254e+51 0 0 7.18836e+52 3.27714e+50 4.64348e+42 0 0 1
0.930572 2.81306e+51 2.81306e+51 2.83022e+51 2.83025e+51 2.83025e+51 0 0 7.90124e+52 2.84407e+50 4.64348e+42 0 0 1
1.07461 2.10328e+51 2.10328e+51 2.11271e+51 2.11273e+51 2.11273e+51 0 0 8.61173e+52 2.46679e+50 4.64348e+42 0 0 1
1.24094 1.57245e+51 1.57245e+51 1.57763e+51 1.57765e+51 1.57765e+51 0 0 9.2925e+52 2.13865e+50 4.64348e+42 0 0 1
1.43301 1.17567e+51 1.17567e+51 1.17852e+51 1.17853e+51 1.17853e+51 0 0 9.90831e+52 1.85356e+50 4.64348e+42 0 0 1
1.65482 8.79168e+50 8.79168e+50 8.80743e+50 8.80749e+50 8.80749e+50 0 0 1.04159e+53 1.6061e+50 4.64348e+42 0 0 1
1.91095 6.57631e+50 6.57631e+50 6.58505e+50 6.58509e+50 6.58509e+50 0 0 1.0765e+53 1.39143e+50 4.64348e+42 0 0 1
2.20673 4.92096e+50 4.92096e+50 4.92585e+50 4.92587e+50 4.92587e+50 0 0 1.09015e+53 1.20529e+50 4.64348e+42 0 0 1
2.5483 3.68385e+50 3.68385e+50 3.68663e+50 3.68664e+50 3.68664e+50 0 0 1.07731e+53 1.04396e+50 4.64348e+42 0 0 1
2.94273 2.75907e+50 2.75907e+50 2.76068e+50 2.76069e+50 2.76069e+50 0 0 1.03377e+53 9.04148e+49 4.64348e+42 0 0 1
3.39821 2.06753e+50 2.06753e+50 2.06849e+50 2.0685e+50 2.0685e+50 0 0 9.57509e+52 7.83017e+49 4.64348e+42 0 0 1
3.92419 1.5502e+50 1.5502e+50 1.5508e+50 1.5508e+50 1.5508e+50 0 0 8.49952e+52 6.78082e+49 4.64348e+42 0 0 1
4.53158 1.16302e+50 1.16302e+50 1.16341e+50 1.16341e+50 1.16341e+50 0 0 7.16948e+52 5.87189e+49 4.64348e+42 0 0 1
5.23299 8.73101e+49 8.73101e+49 8.73367e+49 8.73369e+49 8.73369e+49 0 0 5.68969e+52 5.08462e+49 4.64348e+42 0 0 1
6.04296 6.55894e+49 6.55894e+49 6.56088e+49 6.56089e+49 6.56089e+49 0 0 4.19917e+52 4.40278e+49 4.64348e+42 0 0 1
6.97831 4.93071e+49 4.93071e+49 4.93219e+49 4.9322e+49 4.9322e+49 0 0 2.84404e+52 3.81227e+49 4.64348e+42 0 0 1
8.05842 3.70941e+49 3.70941e+49 3.71059e+49 3.71059e+49 3.71059e+49 0 0 1.74114e+52 3.30087e+49 4.64348e+42 0 0 1
9.30572 2.79276e+49 2.79276e+49 2.79373e+49 2.79373e+49 2.79373e+49 0 0 9.47167e+51 2.85799e+49 4.64348e+42 0 0 1
10.7461 2.1043e+49 2.1043e+49 2.10511e+49 2.10511e+49 2.10511e+49 0 0 4.49065e+51 2.47446e+49 4.64348e+42 0 0 1
12.4094 1.58686e+49 1.58686e+49 1.58755e+49 1.58755e+49 1.58755e+49 0 0 1.8153e+51 2.14232e+49 4.64348e+42 0 0 1
14.3301 1.19767e+49 1.19767e+49 1.19826e+49 1.19827e+49 1.19827e+49 0 0 6.10193e+50 1.8547e+49 4.64348e+42 0 0 1
16.5482 9.04715e+48 9.04715e+48 9.0523e+48 9.0523e+48 9.0523e+48 0 0 1.65726e+50 1.60563e+49 4.64348e+42 0 0 1
19.1095 6.84023e+48 6.84023e+48 6.8447e+48 6.84471e+48 6.84471e+48 0 0 3.51852e+49 1.38994e+49 4.64348e+42 0 0 1
22.0673 5.17629e+48 5.17629e+48 5.18019e+48 5.18019e+48 5.18019e+48 0 0 5.62097e+48 1.20315e+49 4.64348e+42 0 0 1
25.483 3.92066e+48 3.92066e+48 3.92406e+48 3.92406e+48 3.92406e+48 0 0 6.46581e+47 1.04141e+49 4.64348e+42 0 0 1
29.4273 2.97228e+48 2.97228e+48 2.97526e+48 2.97526e+48 2.97526e+48 0 0 5.09e+46 9.01341e+48 4.64348e+42 0 0 1
33.9821 2.25533e+48 2.25533e+48 2.25793e+48 2.25794e+48 2.25794e+48 0 0 2.58583e+45 7.80047e+48 4.64348e+42 0 0 1
39.2419 1.71281e+48 1.71281e+48 1.71509e+48 1.71509e+48 1.71509e+48 0 0 7.9219e+43 6.75012e+48 4.64348e+42 0 0 1
45.3158 1.30189e+48 1.30189e+48 1.3039e+48 1.3039e+48 1.3039e+48 0 0 1.35334e+42 5.84056e+48 4.64348e+42 0 0 1
52.3299 9.90359e+47 9.90359e+47 9.92122e+47 9.92122e+47 9.92122e+47 0 0 1.17779e+40 5.05291e+48 4.64348e+42 0 0 1
60.4296 7.53946e+47 7.53946e+47 7.55496e+47 7.55496e+47 7.55496e+47 0 0 4.70416e+37 4.37084e+48 4.64348e+42 0 0 1
69.7831 5.74369e+47 5.74369e+47 5.75733e+47 5.75733e+47 5.75733e+47 0 0 7.64343e+34 3.7802e+48 4.64348e+42 0 0 1
80.5842 4.37838e+47 4.37838e+47 4.39039e+47 4.39039e+47 4.39039e+47 0 0 4.39573e+31 3.26873e+48 4.64348e+42 0 0 1
93.0572 3.33941e+47 3.33941e+47 3.34999e+47 3.34999e+47 3.34999e+47 0 0 7.61889e+27 2.82582e+48 4.64348e+42 0 0 1
107.461 2.54811e+47 2.54811e+47 2.55744e+47 2.55744e+47 2.55744e+47 0 0 3.30558e+23 2.44229e+48 4.64348e+42 0 0 1
124.094 1.94497e+47 1.94497e+47 1.95319e+47 1.95319e+47 1.95319e+47 0 0 2.89733e+18 2.11018e+48 4.64348e+42 0 0 1
143.301 1.48491e+47 1.48491e+47 1.49216e+47 1.49216e+47 1.49216e+47 0 0 4.00525e+12 1.82259e+48 4.64348e+42 0 0 1
165.482 1.13377e+47 1.13377e+47 1.14016e+47 1.14016e+47 1.14016e+47 0 0 656128 1.57357e+48 4.64348e+42 0 0 1
191.095 8.65628e+46 8.65628e+46 8.71269e+46 8.71269e+46 8.71269e+46 0 0 0.00915597 1.35794e+48 4.64348e+42 0 0 1
220.673 6.60791e+46 6.60791e+46 6.65766e+46 6.65766e+46 6.65766e+46 0 0 7.43389e-12 1.17123e+48 4.64348e+42 0 0 1
254.83 5.04274e+46 5.04274e+46 5.0866e+46 5.0866e+46 5.0866e+46 0 0 2.26119e-22 1.00956e+48 4.64348e+42 0 0 1
294.273 3.84667e+46 3.84667e+46 3.88534e+46 3.88534e+46 3.88534e+46 0 0 1.54983e-34 8.69595e+47 4.64348e+42 0 0 1
339.821 2.93273e+46 2.93273e+46 2.9668e+46 2.9668e+46 2.9668e+46 0 0 1.33079e-48 7.48414e+47 4.64348e+42 0 0 1
392.419 2.23453e+46 2.23453e+46 2.26454e+46 2.26454e+46 2.26454e+46 0 0 7.26772e-65 6.43509e+47 4.64348e+42 0 0 1
453.158 1.70136e+46 1.70136e+46 1.72776e+46 1.72776e+46 1.72776e+46 0 0 1.15388e-83 5.52702e+47 4.64348e+42 0 0 1
523.299 1.29442e+46 1.29442e+46 1.31765e+46 1.31765e+46 1.31765e+46 0 0 2.15673e-105 4.74109e+47 4.64348e+42 0 0 1
604.296 9.8403e+45 9.8403e+45 1.00445e+46 1.00445e+46 1.00445e+46 0 0 1.67079e-130 4.06099e+47 4.64348e+42 0 0 1
697.831 7.47464e+45 7.47464e+45 7.65405e+45 7.65405e+45 7.65405e+45 0 0 1.6069e-159 3.4726e+47 4.64348e+42 0 0 1
805.842 5.67308e+45 5.67308e+45 5.83061e+45 5.83061e+45 5.83061e+45 0 0 4.76883e-193 2.9637e+47 4.64348e+42 0 0 1
930.572 4.30223e+45 4.30223e+45 4.44048e+45 4.44048e+45 4.44048e+45 0 0 8.75024e-232 2.52373e+47 4.64348e+42 0 0 1
1074.61 3.25997e+45 3.25997e+45 3.38124e+45 3.38124e+45 3.38124e+45 0 0 0 2.14354e+47 4.64348e+42 0 0 1
1240.94 2.46814e+45 2.46814e+45 2.57447e+45 2.57447e+45 2.57447e+45 0 0 0 1.81523e+47 4.64348e+42 0 0 1
1433.01 1.86698e+45 1.86698e+45 1.96017e+45 1.96017e+45 1.96017e+45 0 0 0 1.53195e+47 4.64348e+42 0 0 1
1654.82 1.41088e+45 1.41088e+45 1.49251e+45 1.49251e+45 1.49251e+45 0 0 0 1.2878e+47 4.64348e+42 0 0 1
1910.95 1.06503e+45 1.06503e+45 1.1365e+45 1.1365e+45 1.1365e+45 0 0 0 1.07767e+47 4.64348e+42 0 0 1
2206.73 8.02922e+44 8.02922e+44 8.65461e+44 8.65461e+44 8.65461e+44 0 0 0 8.97127e+46 4.64348e+42 0 0 1
2548.3 6.04395e+44 6.04395e+44 6.59078e+44 6.59078e+44 6.59078e+44 0 0 0 7.42369e+46 4.64348e+42 0 0 1
2942.73 4.54118e+44 4.54118e+44 5.01888e+44 5.01888e+44 5.01888e+44 0 0 0 6.10088e+46 4.64348e+42 0 0 1
3398.21 3.40447e+44 3.40447e+44 3.8213e+44 3.8213e+44 3.8213e+44 0 0 0 4.97426e+46 4.64348e+42 0 0 1
3924.19 2.54545e+44 2.54545e+44 2.90865e+44 2.90865e+44 2.90865e+44 0 0 0 4.019e+46 4.64348e+42 0 0 1
4531.58 1.89704e+44 1.89704e+44 2.21293e+44 2.21293e+44 2.21293e+44 0 0 0 3.21352e+46 4.64348e+42 0 0 1
5232.99 1.42772e+44 1.42772e+44 1.69309e+44 1.69309e+44 1.69309e+44 0 0 0 2.57391e+46 4.64348e+42 0 0 1
6042.96 1.05955e+44 1.05955e+44 1.28846e+44 1.28846e+44 1.28846e+44 0 0 0 2.01458e+46 4.64348e+42 0 0 1
6978.31 7.83038e+43 7.83038e+43 9.79838e+43 9.79838e+43 9.79838e+43 0 0 0 1.5543e+46 4.64348e+42 0 0 1
8058.42 5.75913e+43 5.75913e+43 7.44467e+43 7.44467e+43 7.44467e+43 0 0 0 1.17985e+46 4.64348e+42 0 0 1
9305.72 4.2127e+43 4.2127e+43 5.65004e+43 5.65004e+43 5.65004e+43 0 0 0 8.79338e+45 4.64348e+42 0 0 1
10746.1 3.06265e+43 3.06265e+43 4.28234e+43 4.28234e+43 4.28234e+43 0 0 0 6.4197e+45 4.64348e+42 0 0 1
12409.4 2.21142e+43 2.21142e+43 3.24073e+43 3.24073e+43 3.24073e+43 0 0 0 4.57921e+45 4.64348e+42 0 0 1
14330.1 1.58486e+43 1.58486e+43 2.44824e+43 2.44824e+43 2.44824e+43 0 0 0 3.18241e+45 4.64348e+42 0 0 1
16548.2 1.12663e+43 1.12663e+43 1.84606e+43 1.84606e+43 1.84606e+43 0 0 0 2.1481e+45 4.64348e+42 0 0 1
19109.5 7.93962e+42 7.93962e+42 1.38919e+43 1.38919e+43 1.38919e+43 0 0 0 1.40344e+45 4.64348e+42 0 0 1
22067.3 5.54441e+42 5.54441e+42 1.04321e+43 1.04321e+43 1.04321e+43 0 0 0 8.84157e+44 4.64348e+42 0 0 1
25483 3.83548e+42 3.83548e+42 7.81749e+42 7.81749e+42 7.81749e+42 0 0 0 5.34872e+44 4.64348e+42 0 0 1
29427.3 2.62814e+42 2.62814e+42 5.84614e+42 5.84614e+42 5.84614e+42 0 0 0 3.0928e+44 4.64348e+42 0 0 1
33982.1 1.78403e+42 1.78403e+42 4.36343e+42 4.36343e+42 4.36343e+42 0 0 0 1.70065e+44 4.64348e+42 0 0 1
39241.9 1.20021e+42 1.20021e+42 3.25102e+42 3.25102e+42 3.25102e+42 0 0 0 8.84239e+43 4.64348e+42 0 0 1
45315.8 8.00804e+41 8.00804e+41 2.41853e+42 2.41853e+42 2.41853e+42 0 0 0 4.31962e+43 4.64348e+42 0 0 1
52329.9 5.30484e+41 5.30484e+41 1.79702e+42 1.79702e+42 1.79702e+42 0 0 0 1.96844e+43 4.64348e+42 0 0 1
60429.6 3.49381e+41 3.49381e+41 1.33403e+42 1.33403e+42 1.33403e+42 0 0 0 8.29934e+42 4.64348e+42 0 0 1
69783.1 2.2917e+41 2.2917e+41 9.89818e+41 9.89818e+41 9.89818e+41 0 0 0 3.20724e+42 4.64348e+42 0 0 1
80584.2 1.50012e+41 1.50012e+41 7.34309e+41 7.34309e+41 7.34309e+41 0 0 0 1.12372e+42 4.64348e+42 0 0 1
93057.2 9.82136e+40 9.82136e+40 5.44876e+41 5.44876e+41 5.44876e+41 0 0 0 3.52453e+41 4.64348e+42 0 0 1
107461 6.44661e+40 6.44661e+40 4.04537e+41 4.04537e+41 4.04537e+41 0 0 0 9.74927e+40 4.64348e+42 0 0 1
124094 4.25256e+40 4.25256e+40 3.00602e+41 3.00602e+41 3.00602e+41 0 0 0 2.33671e+40 4.64348e+42 0 0 1
143301 2.82576e+40 2.82576e+40 2.23617e+41 2.23617e+41 2.23617e+41 0 0 0 4.75251e+39 4.64348e+42 0 0 1
165482 1.89544e+40 1.89544e+40 1.66564e+41 1.66564e+41 1.66564e+41 0 0 0 8.00183e+38 4.64348e+42 0 0 1
191095 1.28579e+40 1.28579e+40 1.24244e+41 1.24244e+41 1.24244e+41 0 0 0 1.08321e+38 4.64348e+42 0 0 1
220673 8.83413e+39 8.83413e+39 9.28155e+40 9.28155e+40 9.28155e+40 0 0 0 1.13909e+37 4.64348e+42 0 0 1
254830 6.15441e+39 6.15441e+39 6.94441e+40 6.94441e+40 6.94441e+40 0 0 0 8.93697e+35 4.64348e+42 0 0 1
294273 4.35092e+39 4.35092e+39 5.20384e+40 5.20384e+40 5.20384e+40 0 0 0 4.99047e+34 4.64348e+42 0 0 1
339821 3.12297e+39 3.12297e+39 3.9056e+40 3.9056e+40 3.9056e+40 0 0 0 1.87749e+33 4.64348e+42 0 0 1
392419 2.27648e+39 2.27648e+39 2.93585e+40 2.93585e+40 2.93585e+40 0 0 0 4.46517e+31 4.64348e+42 0 0 1
453158 1.68546e+39 1.68546e+39 2.21042e+40 2.21042e+40 2.21042e+40 0 0 0 6.23565e+29 4.64348e+42 0 0 1
523299 1.26743e+39 1.26743e+39 1.667e+40 1.667e+40 1.667e+40 2.55188e+32 9.07832e+36 0 4.69518e+27 4.64348e+42 0 0 1
604296 9.67884e+38 9.67884e+38 1.25937e+40 1.25937e+40 1.25937e+40 3.96738e+32 9.11604e+36 0 1.72707e+25 4.64348e+42 0 0 1
697831 7.50448e+38 7.50448e+38 9.53175e+39 9.53175e+39 9.53175e+39 5.38289e+32 9.15376e+36 0 2.7692e+22 4.64348e+42 0 0 1
805842 5.90549e+38 5.90549e+38 7.22837e+39 7.22837e+39 7.22837e+39 6.79839e+32 9.19148e+36 0 1.69663e+19 4.64348e+42 0 0 1
930572 4.7141e+38 4.7141e+38 5.4929e+39 5.4929e+39 5.4929e+39 8.2139e+32 9.22919e+36 0 3.41131e+15 4.64348e+42 0 0 1
1.07461e+06 3.81451e+38 3.81451e+38 4.18305e+39 4.18305e+39 4.18305e+39 1.04386e+33 9.27629e+36 0 1.88802e+11 4.64348e+42 0 0 1
1.24094e+06 3.12562e+38 3.12562e+38 3.19251e+39 3.19251e+39 3.19251e+39 1.4071e+33 9.28661e+36 0 2.34754e+06 4.64348e+42 0 0 1
1.43301e+06 2.58963e+38 2.58963e+38 2.44178e+39 2.44178e+39 2.44178e+39 1.88733e+33 9.29965e+36 0 5.18495 4.64348e+42 0 0 1
1.65482e+06 2.16557e+38 2.16557e+38 1.87143e+39 1.87143e+39 1.87143e+39 2.52453e+33 9.31631e+36 0 1.551e-06 4.64348e+42 0 0 1
1.91095e+06 1.82452e+38 1.82452e+38 1.43707e+39 1.43707e+39 1.43707e+39 3.43976e+33 9.33929e+36 0 4.59513e-14 4.64348e+42 0 0 1
2.20673e+06 1.5459e+38 1.5459e+38 1.10548e+39 1.10548e+39 1.10548e+39 4.6177e+33 9.36883e+36 0 9.39703e-23 4.64348e+42 0 0 1
2.5483e+06 1.31499e+38 1.31499e+38 8.51733e+38 8.51733e+38 8.51733e+38 6.17064e+33 9.40746e+36 0 8.74511e-33 4.64348e+42 0 0 1
2.94273e+06 1.12114e+38 1.12114e+38 6.5712e+38 6.5712e+38 6.5712e+38 8.23941e+33 9.45808e+36 0 2.29007e-44 4.64348e+42 0 0 1
3.39821e+06 9.56577e+37 9.56577e+37 5.07535e+38 5.07535e+38 5.07535e+38 1.12364e+34 9.5292e+36 0 9.68977e-58 4.64348e+42 0 0 1
3.92419e+06 8.1562e+37 8.1562e+37 3.9233e+38 3.9233e+38 3.9233e+38 1.51647e+34 9.62207e+36 0 3.49229e-73 4.64348e+42 0 0 1
4.53158e+06 6.94069e+37 6.94069e+37 3.03442e+38 3.03442e+38 3.03442e+38 2.04858e+34 9.74304e+36 0 5.12046e-91 4.64348e+42 0 0 1
5.23299e+06 5.88797e+37 5.88797e+37 2.34753e+38 2.34753e+38 2.34753e+38 2.76226e+34 9.89876e+36 0 1.30156e-111 4.64348e+42 0 0 1
6.04296e+06 4.97443e+37 4.97443e+37 1.81603e+38 1.81603e+38 1.81603e+38 3.77948e+34 1.01137e+37 0 2.14258e-135 4.64348e+42 0 0 1
6.97831e+06 4.18181e+37 4.18181e+37 1.40436e+38 1.40436e+38 1.40436e+38 5.1042e+34 1.03735e+37 0 7.32892e-163 4.64348e+42 0 0 1
8.05842e+06 3.49558e+37 3.49558e+37 1.08527e+38 1.08527e+38 1.08527e+38 6.84797e+34 1.06916e+37 0 1.40215e-194 4.64348e+42 0 0 1
9.30572e+06 2.90376e+37 2.90376e+37 8.37874e+37 8.37874e+37 8.37874e+37 9.18022e+34 1.10568e+37 0 3.29696e-231 4.64348e+42 0 0 1
1.07461e+07 2.39612e+37 2.39612e+37 6.46073e+37 6.46073e+37 6.46073e+37 1.23948e+35 1.1568e+37 0 1.65631e-273 4.64348e+42 0 0 1
1.24094e+07 1.96352e+37 1.96352e+37 4.97445e+37 4.97445e+37 4.97445e+37 1.63897e+35 1.20467e+37 0 0 4.64348e+42 0 0 1
1.43301e+07 1.5977e+37 1.5977e+37 3.82394e+37 3.82394e+37 3.82394e+37 2.1287e+35 1.25201e+37 0 0 4.64348e+42 0 0 1
1.65482e+07 1.29102e+37 1.29102e+37 2.9348e+37 2.9348e+37 2.9348e+37 2.71659e+35 1.29688e+37 0 0 4.64348e+42 0 0 1
1.91095e+07 1.03646e+37 1.03646e+37 2.24946e+37 2.24946e+37 2.24946e+37 3.44297e+35 1.33685e+37 0 0 4.64348e+42 0 0 1
2.20673e+07 8.27097e+36 8.27097e+36 1.72239e+37 1.72239e+37 1.72239e+37 4.21301e+35 1.37057e+37 0 0 4.64348e+42 0 0 1
2.5483e+07 6.56798e+36 6.56798e+36 1.31863e+37 1.31863e+37 1.31863e+37 5.05119e+35 1.39372e+37 0 0 4.64348e+42 0 0 1
2.94273e+07 5.19653e+36 5.19653e+36 1.01035e+37 1.01035e+37 1.01035e+37 5.89328e+35 1.39389e+37 0 0 4.64348e+42 0 0 1
3.39821e+07 4.10442e+36 4.10442e+36 7.76098e+36 7.76098e+36 7.76098e+36 6.73836e+35 1.36703e+37 0 0 4.64348e+42 0 0 1
3.92419e+07 3.23977e+36 3.23977e+36 5.98138e+36 5.98138e+36 5.98138e+36 7.44091e+35 1.31264e+37 0 0 4.64348e+42 0 0 1
4.53158e+07 2.56257e+36 2.56257e+36 4.63641e+36 4.63641e+36 4.63641e+36 8.05229e+35 1.24058e+37 0 0 4.64348e+42 0 0 1
5.23299e+07 2.03512e+36 2.03512e+36 3.62072e+36 3.62072e+36 3.62072e+36 8.53056e+35 1.15712e+37 0 0 4.64348e+42 0 0 1
6.04296e+07 1.62393e+36 1.62393e+36 2.84993e+36 2.84993e+36 2.84993e+36 8.80723e+35 1.05364e+37 0 0 4.64348e+42 0 0 1
6.97831e+07 1.30207e+36 1.30207e+36 2.26055e+36 2.26055e+36 2.26055e+36 8.85702e+35 9.35208e+36 0 0 4.64348e+42 0 0 1
8.05842e+07 1.04901e+36 1.04901e+36 1.80644e+36 1.80644e+36 1.80644e+36 8.70218e+35 8.03012e+36 0 0 4.64348e+42 0 0 1
9.30572e+07 8.478e+35 8.478e+35 1.45159e+36 1.45159e+36 1.45159e+36 8.34825e+35 6.62072e+36 0 0 4.64348e+42 0 0 1
1.07461e+08 6.84772e+35 6.84772e+35 1.16831e+36 1.16831e+36 1.16831e+36 7.79273e+35 5.17311e+36 0 0 4.64348e+42 9.48548 0 1
1.24094e+08 5.53483e+35 5.53483e+35 9.42853e+35 9.42853e+35 9.42853e+35 7.14654e+35 4.00106e+36 0 0 4.64348e+42 8.33316 0 1
1.43301e+08 4.4567e+35 4.4567e+35 7.5939e+35 7.5939e+35 7.5939e+35 6.40762e+35 3.03596e+36 0 0 4.64348e+42 7.32082 0 1
1.65482e+08 3.5596e+35 3.5596e+35 6.0768e+35 6.0768e+35 6.0768e+35 5.60038e+35 2.26623e+36 0 0 4.64348e+42 6.43146 0 1
1.91095e+08 2.78487e+35 2.78487e+35 4.77024e+35 4.77024e+35 4.77024e+35 4.69319e+35 1.63356e+36 0 0 4.64348e+42 5.65014 0 1
2.20673e+08 2.16817e+35 2.16817e+35 3.73136e+35 3.73136e+35 3.73136e+35 3.89043e+35 1.20086e+36 0 0 4.64348e+42 4.96375 0 1
2.5483e+08 1.66613e+35 1.66613e+35 2.8843e+35 2.8843e+35 2.8843e+35 3.15263e+35 8.75385e+35 0 0 4.64348e+42 4.36073 0 1
2.94273e+08 1.26304e+35 1.26304e+35 2.20177e+35 2.20177e+35 2.20177e+35 2.49982e+35 6.32579e+35 0 0 4.64348e+42 3.83098 0 1
3.39821e+08 9.32508e+34 9.32508e+34 1.63852e+35 1.63852e+35 1.63852e+35 1.90469e+35 4.48527e+35 0 0 4.64348e+42 3.51406 0 1
3.92419e+08 6.89944e+34 6.89944e+34 1.22301e+35 1.22301e+35 1.22301e+35 1.45709e+35 3.25397e+35 0 0 4.64348e+42 3.36558 0 1
4.53158e+08 5.05914e+34 5.05914e+34 9.05413e+34 9.05413e+34 9.05413e+34 1.10048e+35 2.3527e+35 0 0 4.64348e+42 3.22337 0 1
5.23299e+08 3.66281e+34 3.66281e+34 6.62274e+34 6.62274e+34 6.62274e+34 8.16022e+34 1.69555e+35 0 0 4.64348e+42 3.08716 0 1
6.04296e+08 2.63381e+34 2.63381e+34 4.81425e+34 4.81425e+34 4.81425e+34 5.99224e+34 1.20908e+35 0 0 4.64348e+42 2.95672 0 1
6.97831e+08 1.91468e+34 1.91468e+34 3.53996e+34 3.53996e+34 3.53996e+34 4.4743e+34 8.81515e+34 0 0 4.64348e+42 2.83178 0 1
8.05842e+08 1.38676e+34 1.38676e+34 2.59464e+34 2.59464e+34 2.59464e+34 3.32325e+34 6.4177e+34 0 0 4.64348e+42 2.71212 0 1
9.30572e+08 9.99609e+33 9.99609e+33 1.89351e+34 1.89351e+34 1.89351e+34 2.45115e+34 4.66158e+34 0 0 4.64348e+42 2.59752 0 1
1.07461e+09 7.13949e+33 7.13949e+33 1.36973e+34 1.36973e+34 1.36973e+34 1.78338e+34 3.33658e+34 0 0 4.64348e+42 2.60689 0 1
1.24094e+09 5.17903e+33 5.17903e+33 1.00669e+34 1.00669e+34 1.00669e+34 1.32868e+34 2.44525e+34 0 0 4.64348e+42 2.74156 0 1
1.43301e+09 3.76009e+33 3.76009e+33 7.40727e+33 7.40727e+33 7.40727e+33 9.9161e+33 1.78698e+34 0 0 4.64348e+42 2.88318 0 1
1.65482e+09 2.72257e+33 2.72257e+33 5.43716e+33 5.43716e+33 5.43716e+33 7.37501e+33 1.30175e+34 0 0 4.64348e+42 3.03212 0 1
1.91095e+09 1.95362e+33 1.95362e+33 3.95611e+33 3.95611e+33 3.95611e+33 5.41539e+33 9.3201e+33 0 0 4.64348e+42 3.18876 0 1
2.20673e+09 1.42134e+33 1.42134e+33 2.91915e+33 2.91915e+33 2.91915e+33 4.06388e+33 6.84219e+33 0 0 4.64348e+42 3.35349 0 1
2.5483e+09 1.03122e+33 1.03122e+33 2.14845e+33 2.14845e+33 2.14845e+33 3.04032e+33 5.008e+33 0 0 4.64348e+42 3.52673 0 1
2.94273e+09 7.45069e+32 7.45069e+32 1.5749e+33 1.5749e+33 1.5749e+33 2.26331e+33 3.65287e+33 0 0 4.64348e+42 3.70892 0 1
3.39821e+09 5.30996e+32 5.30996e+32 1.13893e+33 1.13893e+33 1.13893e+33 1.65346e+33 2.61827e+33 0 0 4.64348e+42 3.90052 0 1
3.92419e+09 3.84097e+32 3.84097e+32 8.36096e+32 8.36096e+32 8.36096e+32 1.23656e+33 1.92221e+33 0 0 4.64348e+42 4.10201 0 1
4.53158e+09 2.76933e+32 2.76933e+32 6.11856e+32 6.11856e+32 6.11856e+32 9.21591e+32 1.40573e+33 0 0 4.64348e+42 4.31392 0 1
5.23299e+09 1.99003e+32 1.99003e+32 4.4631e+32 4.4631e+32 4.4631e+32 6.84396e+32 1.02348e+33 0 0 4.64348e+42 4.53677 0 1
6.04296e+09 1.40782e+32 1.40782e+32 3.20528e+32 3.20528e+32 3.20528e+32 4.97575e+32 7.32769e+32 0 0 4.64348e+42 4.77114 0 1
6.97831e+09 1.01331e+32 1.01331e+32 2.34228e+32 2.34228e+32 2.34228e+32 3.71278e+32 5.36876e+32 0 0 4.64348e+42 5.01761 0 1
8.05842e+09 7.27079e+31 7.27079e+31 1.70643e+32 1.70643e+32 1.70643e+32 2.76078e+32 3.92151e+32 0 0 4.64348e+42 5.27682 0 1
9.30572e+09 5.18808e+31 5.18808e+31 1.23645e+32 1.23645e+32 1.23645e+32 2.03934e+32 2.85547e+32 0 0 4.64348e+42 5.54941 0 1
1.07461e+10 3.64376e+31 3.64376e+31 8.82544e+31 8.82544e+31 8.82544e+31 1.47849e+32 2.04909e+32 0 0 4.64348e+42 6.22654 0 1
1.24094e+10 2.56109e+31 2.56109e+31 6.34723e+31 6.34723e+31 6.34723e+31 1.09374e+32 1.50527e+32 0 0 4.64348e+42 7.4537 0 1
1.43301e+10 1.64983e+31 1.64983e+31 4.37102e+31 4.37102e+31 4.37102e+31 8.03896e+31 1.10271e+32 0 0 4.64348e+42 8.92272 0 1
1.65482e+10 7.3204e+30 7.3204e+30 2.56631e+31 2.56631e+31 2.56631e+31 5.88906e+31 8.05077e+31 0 0 4.64348e+42 10.6812 0 1
1.91095e+10 1.00619e+30 1.00619e+30 1.04818e+31 1.04818e+31 1.04818e+31 4.22786e+31 5.77227e+31 0 0 4.64348e+42 12.7864 0 1
2.20673e+10 8.81714e+27 8.81714e+27 3.17835e+30 3.17835e+30 3.17835e+30 3.10833e+31 4.2396e+31 0 0 4.64348e+42 15.3064 34.7254 1
2.5483e+10 1.57886e+23 1.57886e+23 8.88877e+29 8.88877e+29 8.88877e+29 2.27686e+31 3.10236e+31 0 0 4.64348e+42 18.323 22.9578 1
2.94273e+10 8.56426e+12 8.56426e+12 2.64373e+29 2.64373e+29 2.64373e+29 1.66227e+31 2.26133e+31 0 0 4.64348e+42 21.9342 15.5417 1
3.39821e+10 6.23721e-08 6.23721e-08 8.57731e+28 8.57731e+28 8.57731e+28 1.18888e+31 1.61558e+31 0 0 4.64348e+42 26.2571 10.7604 1
3.92419e+10 2.05625e-43 2.05625e-43 3.15783e+28 3.15783e+28 3.15783e+28 8.74588e+30 1.18545e+31 0 0 4.64348e+42 31.432 7.61059 1
4.53158e+10 6.10326e-100 6.10326e-100 1.27666e+28 1.27666e+28 1.27666e+28 6.41745e+30 8.67371e+30 0 0 4.64348e+42 37.6268 5.49245 1
5.23299e+10 3.9846e-182 3.9846e-182 5.60907e+27 5.60907e+27 5.60907e+27 4.69984e+30 6.32604e+30 0 0 4.64348e+42 45.0425 4.04008 1
6.04296e+10 2.70994e-292 2.70994e-292 2.61438e+27 2.61438e+27 2.61438e+27 3.37968e+30 4.52069e+30 0 0 4.64348e+42 53.9196 3.02568 1
6.97831e+10 0 0 1.33019e+27 1.33019e+27 1.33019e+27 2.49807e+30 3.32227e+30 0 0 4.64348e+42 64.5464 2.3047 1
8.05842e+10 0 0 7.14415e+26 7.14415e+26 7.14415e+26 1.8408e+30 2.4349e+30 0 0 4.64348e+42 77.2675 1.78376 1
9.30572e+10 0 0 4.01969e+26 4.01969e+26 4.01969e+26 1.35225e+30 1.77863e+30 0 0 4.64348e+42 92.4958 1.40144 1
1.07461e+11 0 0 2.31727e+26 2.31727e+26 2.31727e+26 9.72757e+29 1.27138e+30 0 0 4.64348e+42 110.725 1.11671 1
1.24094e+11 0 0 1.41808e+26 1.41808e+26 1.41808e+26 7.17985e+29 9.34556e+29 0 0 4.64348e+42 132.548 0.901709 1
1.43301e+11 0 0 8.93557e+25 8.93557e+25 8.93557e+25 5.27849e+29 6.84701e+29 0 0 4.64348e+42 158.671 0.737233 1
1.65482e+11 0 0 5.77166e+25 5.77166e+25 5.77166e+25 3.86347e+29 4.99687e+29 0 0 4.64348e+42 189.942 0.609868 1
1.91095e+11 0 0 3.74735e+25 3.74735e+25 3.74735e+25 2.76667e+29 3.56408e+29 0 0 4.64348e+42 227.377 0.510106 1
2.20673e+11 0 0 2.54977e+25 2.54977e+25 2.54977e+25 2.03457e+29 2.61493e+29 0 0 4.64348e+42 272.19 0.431129 1
2.5483e+11 0 0 1.76391e+25 1.76391e+25 1.76391e+25 1.4905e+29 1.91163e+29 0 0 4.64348e+42 325.834 0.367983 1
2.94273e+11 0 0 1.23775e+25 1.23775e+25 1.23775e+25 1.08764e+29 1.39166e+29 0 0 4.64348e+42 390.052 0.317029 1
3.39821e+11 0 0 8.64372e+24 8.64372e+24 8.64372e+24 7.76656e+28 9.89328e+28 0 0 4.64348e+42 0 0.275565 1
3.92419e+11 0 0 6.28472e+24 6.28472e+24 6.28472e+24 5.69944e+28 7.23797e+28 0 0 4.64348e+42 0 0.241562 1
4.53158e+11 0 0 4.61145e+24 4.61145e+24 4.61145e+24 4.16646e+28 5.27462e+28 0 0 4.64348e+42 0 0.213483 1
5.23299e+11 0 0 3.40916e+24 3.40916e+24 3.40916e+24 3.03341e+28 3.82649e+28 0 0 4.64348e+42 0 0.190154 1
6.04296e+11 0 0 2.49034e+24 2.49034e+24 2.49034e+24 2.15909e+28 2.70785e+28 0 0 4.64348e+42 0 0.170669 1
6.97831e+11 0 0 1.88641e+24 1.88641e+24 1.88641e+24 1.58009e+28 1.97309e+28 0 0 4.64348e+42 0 0.154323 1
8.05842e+11 0 0 1.43487e+24 1.43487e+24 1.43487e+24 1.15161e+28 1.43149e+28 0 0 4.64348e+42 0 0.140565 1
9.30572e+11 0 0 1.09469e+24 1.09469e+24 1.09469e+24 8.35661e+27 1.0334e+28 0 0 4.64348e+42 0 0.12896 1
1.07461e+12 0 0 8.2102e+23 8.2102e+23 8.2102e+23 5.9215e+27 7.26651e+27 0 0 4.64348e+42 0 0.119166 1
1.24094e+12 0 0 6.37001e+23 6.37001e+23 6.37001e+23 4.31666e+27 5.26502e+27 0 0 4.64348e+42 0 0.110908 1
1.43301e+12 0 0 4.94598e+23 4.94598e+23 4.94598e+23 3.13267e+27 3.79628e+27 0 0 4.64348e+42 0 0.103969 1
1.65482e+12 0 0 3.83975e+23 3.83975e+23 3.83975e+23 2.2625e+27 2.72191e+27 0 0 4.64348e+42 0 0.098177 1
1.91095e+12 0 0 2.91896e+23 2.91896e+23 2.91896e+23 1.59335e+27 1.89717e+27 0 0 4.64348e+42 0 0.0933933 1
2.20673e+12 0 0 2.29257e+23 2.29257e+23 2.29257e+23 1.15517e+27 1.36394e+27 0 0 4.64348e+42 0 0.0895108 1
2.5483e+12 0 0 1.79748e+23 1.79748e+23 1.79748e+23 8.33295e+26 9.75109e+26 0 0 4.64348e+42 0 0.0864461 1
2.94273e+12 0 0 1.40583e+23 1.40583e+23 1.40583e+23 5.97883e+26 6.92637e+26 0 0 4.64348e+42 0 0.0841374 1
3.39821e+12 0 0 1.0727e+23 1.0727e+23 1.0727e+23 4.17442e+26 4.76924e+26 0 0 4.64348e+42 0 0.082541 1
3.92419e+12 0 0 8.45323e+22 8.45323e+22 8.45323e+22 3.00351e+26 3.3925e+26 0 0 4.64348e+42 0 0.08163 1
4.53158e+12 0 0 6.63585e+22 6.63585e+22 6.63585e+22 2.14865e+26 2.39735e+26 0 0 4.64348e+42 0 0.0813928 1
5.23299e+12 0 0 5.1853e+22 5.1853e+22 5.1853e+22 1.52763e+26 1.68134e+26 0 0 4.64348e+42 0 0.0818329 1
6.04296e+12 0 0 3.93682e+22 3.93682e+22 3.93682e+22 1.05394e+26 1.13853e+26 0 0 4.64348e+42 0 0.0829683 1
6.97831e+12 0 0 3.08738e+22 3.08738e+22 3.08738e+22 7.5041e+25 7.98268e+25 0 0 4.64348e+42 0 0.0848322 1
8.05842e+12 0 0 2.40631e+22 2.40631e+22 2.40631e+22 5.30714e+25 5.55311e+25 0 0 4.64348e+42 0 0.0874729 1
9.30572e+12 0 0 1.86213e+22 1.86213e+22 1.86213e+22 3.72619e+25 3.82819e+25 0 0 4.64348e+42 0 0.0909553 1
1.07461e+13 0 0 1.39238e+22 1.39238e+22 1.39238e+22 2.52872e+25 2.53365e+25 0 0 4.64348e+42 0 0.0953611 1
1.24094e+13 2.12615e-301 2.12615e-301 1.07585e+22 1.07585e+22 1.07585e+22 1.77485e+25 1.74227e+25 0 0 4.64348e+42 0 0.10079 1
1.43301e+13 1.54903e-268 1.54904e-268 8.23395e+21 8.23395e+21 8.23395e+21 1.23575e+25 1.18667e+25 0 0 4.64348e+42 0 0.10736 1
1.65482e+13 8.53535e-239 8.53536e-239 6.23329e+21 6.23329e+21 6.23329e+21 8.52881e+24 7.9937e+24 0 0 4.64348e+42 0 0.115206 1
1.91095e+13 6.53263e-212 6.53265e-212 4.52216e+21 4.52216e+21 4.52216e+21 5.65784e+24 5.12761e+24 0 0 4.64348e+42 0 0.12448 1
2.20673e+13 1.26508e-187 1.26508e-187 3.391e+21 3.391e+21 3.391e+21 3.8943e+24 3.43524e+24 0 0 4.64348e+42 0 0.135345 1
2.5483e+13 9.74462e-166 9.74464e-166 2.5058e+21 2.5058e+21 2.5058e+21 2.65417e+24 2.27441e+24 0 0 4.64348e+42 0 0.147968 1
2.94273e+13 4.78301e-146 4.78303e-146 1.82129e+21 1.82129e+21 1.82129e+21 1.78964e+24 1.48541e+24 0 0 4.64348e+42 0 0.162507 1
3.39821e+13 2.24643e-128 2.24644e-128 1.25332e+21 1.25332e+21 1.25332e+21 1.15036e+24 9.1271e+23 0 0 4.64348e+42 0 0.179093 1
3.92419e+13 1.67122e-112 1.67124e-112 8.92253e+20 8.92253e+20 8.92253e+20 7.71011e+23 5.90476e+23 0 0 4.64348e+42 0 0.197804 1
4.53158e+13 2.74205e-98 2.74208e-98 6.21919e+20 6.21919e+20 6.21919e+20 5.10426e+23 3.764e+23 0 0 4.64348e+42 0 0.218621 1
5.23299e+13 1.41555e-85 1.41557e-85 4.23627e+20 4.23627e+20 4.23627e+20 3.334e+23 2.35856e+23 0 0 4.64348e+42 0 0.241387 1
6.04296e+13 3.0482e-74 3.04826e-74 2.68997e+20 2.68997e+20 2.68997e+20 2.05071e+23 1.36544e+23 0 0 4.64348e+42 0 0.265741 1
6.97831e+13 4.13214e-64 4.13223e-64 1.7762e+20 1.7762e+20 1.7762e+20 1.32534e+23 8.42954e+22 0 0 4.64348e+42 0 0.291055 1
8.05842e+13 4.35699e-55 4.35711e-55 1.14263e+20 1.14263e+20 1.14263e+20 8.4316e+22 5.10779e+22 0 0 4.64348e+42 0 0.316368 1
9.30572e+13 4.59556e-47 4.5957e-47 7.15384e+19 7.15384e+19 7.15384e+19 5.2728e+22 3.02836e+22 0 0 4.64348e+42 0 0.340344 1
1.07461e+14 5.74052e-40 5.74074e-40 4.10025e+19 4.10025e+19 4.10025e+19 3.04694e+22 1.61296e+22 0 0 4.64348e+42 0 0 1
1.24094e+14 1.20586e-33 1.20592e-33 2.47867e+19 2.47867e+19 2.47867e+19 1.87285e+22 9.35167e+21 0 0 4.64348e+42 0 0 1
1.43301e+14 4.74624e-28 4.74672e-28 1.45695e+19 1.45695e+19 1.45695e+19 1.12772e+22 5.29536e+21 0 0 4.64348e+42 0 0 1
1.65482e+14 4.15275e-23 4.15362e-23 8.32227e+18 8.32227e+18 8.32227e+18 6.64086e+21 2.91633e+21 0 0 4.64348e+42 0 0 1
1.91095e+14 8.65575e-19 8.65947e-19 4.24016e+18 4.24016e+18 4.24016e+18 3.5064e+21 1.37999e+21 0 0 4.64348e+42 0 0 1
2.20673e+14 5.98944e-15 5.99449e-15 2.33519e+18 2.33519e+18 2.33519e+18 2.00952e+21 7.35413e+20 0 0 4.64348e+42 0 0 1
2.5483e+14 1.39986e-11 1.402e-11 1.24715e+18 1.24715e+18 1.24715e+18 1.1203e+21 3.80409e+20 0 0 4.64348e+42 0 0 1
2.94273e+14 1.23676e-08 1.23993e-08 6.45501e+17 6.45501e+17 6.45501e+17 6.06612e+20 1.89946e+20 0 0 4.64348e+42 0 0 1
3.39821e+14 4.01901e-06 4.0351e-06 2.84588e+17 2.84588e+17 2.84588e+17 2.80176e+20 7.57533e+19 0 0 4.64348e+42 0 0 1
3.92419e+14 0.000693726 0.000697782 1.40871e+17 1.40871e+17 1.40871e+17 1.45389e+20 3.60311e+19 0 0 4.64348e+42 0 0 1
4.53158e+14 0.0591735 0.0596504 6.71076e+16 6.71076e+16 6.71076e+16 7.26136e+19 1.65128e+19 0 0 4.64348e+42 0 0 1
5.23299e+14 2.68441 2.71277 3.07689e+16 3.07689e+16 3.07689e+16 3.48916e+19 7.23924e+18 0 0 4.64348e+42 0 0 1
6.04296e+14 56.3985 57.1455 1.10719e+16 1.10719e+16 1.10719e+16 1.31475e+19 2.23855e+18 0 0 4.64348e+42 0 0 1
6.97831e+14 885.308 899.454 4.75664e+15 4.75664e+15 4.75664e+15 5.90803e+18 9.10514e+17 0 0 4.64348e+42 0 0 1
8.05842e+14 8677.87 8839.58 1.93481e+15 1.93481e+15 1.93481e+15 2.51014e+18 3.5399e+17 0 0 4.64348e+42 0 0 1
9.30572e+14 55803.4 56980.7 7.47023e+14 7.47023e+14 7.47023e+14 1.01069e+18 1.30613e+17 0 0 4.64348e+42 0 0 1
1.07461e+15 177069 181190 1.97498e+14 1.97498e+14 1.97498e+14 2.78169e+17 2.71071e+16 0 0 4.64348e+42 0 0 1
1.24094e+15 555026 568950 6.89658e+13 6.89658e+13 6.89658e+13 1.00933e+17 8.78427e+15 0 0 4.64348e+42 0 0 1
1.43301e+15 1.23179e+06 1.26443e+06 2.20567e+13 2.20567e+13 2.20567e+13 3.34768e+16 2.69531e+15 0 0 4.64348e+42 0 0 1
1.65482e+15 1.9915e+06 2.04625e+06 6.45467e+12 6.45467e+12 6.45467e+12 1.01394e+16 7.89583e+14 0 0 4.64348e+42 0 0 1
1.91095e+15 1.4809e+06 1.52247e+06 1.06308e+12 1.06308e+12 1.06308e+12 1.72486e+15 8.65308e+13 0 0 4.64348e+42 0 0 1
2.20673e+15 1.41574e+06 1.45575e+06 2.69123e+11 2.69123e+11 2.69123e+11 4.50084e+14 1.96539e+13 0 0 4.64348e+42 0 0 1
2.5483e+15 995815 1.0238e+06 5.8709e+10 5.8709e+10 5.8709e+10 1.00997e+14 4.09506e+12 0 0 4.64348e+42 0 0 1
2.94273e+15 503397 517303 1.0585e+10 1.0585e+10 1.0585e+10 1.86926e+13 8.32892e+11 0 0 4.64348e+42 0 0 1
3.39821e+15 97485.3 100106 8.27254e+08 8.27254e+08 8.27254e+08 1.49662e+12 3.6728e+10 0 0 4.64348e+42 0 0 1
3.92419e+15 32047.3 32878.6 1.22415e+08 1.22415e+08 1.22415e+08 2.26429e+11 4.67044e+09 0 0 4.64348e+42 0 0 1
4.53158e+15 7459.86 7645.07 1.41261e+07 1.41261e+07 1.41261e+07 2.66619e+10 4.89215e+08 0 0 4.64348e+42 0 0 1
5.23299e+15 1119.7 1146.12 1.1446e+06 1.1446e+06 1.1446e+06 2.20018e+09 4.90668e+07 0 0 4.64348e+42 0 0 1
6.04296e+15 42.0603 42.9974 25024.1 25024.1 25024.1 4.88968e+07 627995 0 0 4.64348e+42 0 0 1
6.97831e+15 3.96829 4.0513 1468.49 1468.49 1468.49 2.91146e+06 30433.9 0 0 4.64348e+42 0 0 1
8.05842e+15 0.224515 0.228902 54.7962 54.7962 54.7962 110034 968.846 0 0 4.64348e+42 0 0 1
9.30572e+15 0.00712742 0.0072569 1.20817 1.20817 1.20817 2452.95 22.6863 0 0 4.64348e+42 0 0 1
1.07461e+16 2.65709e-05 2.70178e-05 0.00327415 0.00327415 0.00327415 6.70967 0.0480756 0 0 4.64348e+42 0 0 1
1.24094e+16 3.76671e-07 3.82516e-07 3.51245e-05 3.51245e-05 3.51245e-05 0.0725341 0.000457362 0 0 4.64348e+42 0 0 1
1.43301e+16 2.0235e-09 2.05236e-09 1.47943e-07 1.47943e-07 1.47943e-07 0.000307371 1.83204e-06 0 0 4.64348e+42 0 0 1
1.65482e+16 4.09355e-12 4.14707e-12 2.42101e-10 2.42101e-10 2.42101e-10 5.05276e-07 2.97814e-09 0 0 4.64348e+42 0 0 1
1.91095e+16 5.09574e-16 5.15664e-16 2.50585e-14 2.50585e-14 2.50585e-14 5.24565e-11 3.03221e-13 0 0 4.64348e+42 0 0 1
2.20673e+16 1.78151e-19 1.80092e-19 7.46286e-18 7.46286e-18 7.46286e-18 1.56471e-14 8.99476e-17 0 0 4.64348e+42 0 0 1
2.5483e+16 1.23234e-23 1.24456e-23 4.49244e-22 4.49244e-22 4.49244e-22 9.4208e-19 5.40993e-21 0 0 4.64348e+42 0 0 1
2.94273e+16 1.63018e-28 1.64484e-28 5.2695e-27 5.2695e-27 5.2695e-27 1.10373e-23 6.33641e-26 0 0 4.64348e+42 0 0 1
3.39821e+16 6.11519e-35 6.16502e-35 1.78199e-33 1.78199e-33 1.78199e-33 3.72325e-30 2.13731e-32 0 0 4.64348e+42 0 0 1
3.92419e+16 2.68678e-41 2.70658e-41 7.16139e-40 7.16139e-40 7.16139e-40 1.4907e-36 8.55733e-39 0 0 4.64348e+42 0 0 1
4.53158e+16 8.42551e-49 8.48156e-49 2.08058e-47 2.08058e-47 2.08058e-47 4.30951e-44 2.47401e-46 0 0 4.64348e+42 0 0 1
5.23299e+16 1.55835e-57 1.5677e-57 3.60544e-56 3.60544e-56 3.60544e-56 7.42239e-53 4.26078e-55 0 0 4.64348e+42 0 0 1
6.04296e+16 2.09902e-68 2.11035e-68 4.59522e-67 4.59522e-67 4.59522e-67 9.39176e-64 5.39127e-66 0 0 4.64348e+42 0 0 1
6.97831e+16 6.87467e-80 6.90803e-80 1.43652e-78 1.43652e-78 1.43652e-78 2.91161e-75 1.67149e-77 0 0 4.64348e+42 0 0 1
8.05842e+16 2.61292e-93 2.62431e-93 5.25133e-92 5.25133e-92 5.25133e-92 1.05445e-88 6.05304e-91 0 0 4.64348e+42 0 0 1
9.30572e+16 0 0 0 0 0 0 0 0 0 4.64348e+42 0 0 1