
1.07461e-07 2.96401e-142 2.96401e-142 1.40192e+55 1.56009e+55 5.5043e+55 0 0 8.68476e+43 2.89128e-147 4.64348e+42 0 0 1
1.24094e-07 6.75274e-91 6.75274e-91 1.61258e+55 1.769e+55 4.9084e+55 0 0 1.0029e+44 4.95898e-96 4.64348e+42 0 0 1
1.43301e-07 6.21743e-53 6.21743e-53 1.79515e+55 1.94499e+55 4.37392e+55 0 0 1.15813e+44 3.55177e-58 4.64348e+42 0 0 1
1.65482e-07 7.12156e-25 7.12156e-25 1.92833e+55 2.06696e+55 3.89476e+55 0 0 1.33739e+44 3.27965e-30 4.64348e+42 0 0 1
1.91095e-07 0.00038566 0.00038566 2.00065e+55 2.12461e+55 3.4654e+55 0 0 1.54439e+44 1.48241e-09 4.64348e+42 0 0 1
2.20673e-07 7.99166e+11 7.99166e+11 2.01161e+55 2.11911e+55 3.08088e+55 0 0 1.78344e+44 2.64561e+06 4.64348e+42 0 0 1
2.5483e-07 1.63372e+23 1.63372e+23 1.969e+55 2.05979e+55 2.73669e+55 0 0 2.05948e+44 4.78483e+17 4.64348e+42 0 0 1
2.94273e-07 3.64416e+31 3.64416e+31 1.88482e+55 1.95986e+55 2.42879e+55 0 0 2.37825e+44 9.65521e+25 4.64348e+42 0 0 1
3.39821e-07 5.24541e+37 5.24541e+37 1.77192e+55 1.83284e+55 2.15353e+55 0 0 2.74636e+44 1.28018e+32 4.64348e+42 0 0 1
3.92419e-07 1.81341e+42 1.81341e+42 1.64183e+55 1.69061e+55 1.90759e+55 0 0 3.17145e+44 4.13621e+36 4.64348e+42 0 0 1
4.53158e-07 3.97905e+45 3.97905e+45 1.50385e+55 1.54246e+55 1.68802e+55 0 0 3.66233e+44 8.5804e+39 4.64348e+42 0 0 1
5.23299e-07 1.13673e+48 1.13673e+48 1.36488e+55 1.39518e+55 1.49212e+55 0 0 4.2292e+44 2.33881e+42 4.64348e+42 0 0 1
6.04296e-07 7.19155e+49 7.19155e+49 1.2297e+55 1.2533e+55 1.31748e+55 0 0 4.8838e+44 1.42219e+44 4.64348e+42 0 0 1
6.97831e-07 1.49218e+51 1.49218e+51 1.10136e+55 1.11964e+55 1.16191e+55 0 0 5.63972e+44 2.85314e+45 4.64348e+42 0 0 1
8.05842e-07 1.35746e+52 1.35746e+52 9.81647e+54 9.95741e+54 1.02345e+55 0 0 6.51265e+44 2.52177e+46 4.64348e+42 0 0 1
9.30572e-07 6.71031e+52 6.71031e+52 8.71417e+54 8.82242e+54 9.00336e+54 0 0 7.52069e+44 1.21605e+47 4.64348e+42 0 0 1
1.07461e-06 2.11232e+53 2.11232e+53 7.70909e+54 7.79195e+54 7.90966e+54 0 0 8.68476e+44 3.74705e+47 4.64348e+42 0 0 1
1.24094e-06 4.76101e+53 4.76101e+53 6.79951e+54 6.86275e+54 6.93906e+54 0 0 1.0029e+45 8.29192e+47 4.64348e+42 0 0 1
1.43301e-06 8.37912e+53 8.37912e+53 5.98119e+54 6.02933e+54 6.07863e+54 0 0 1.15813e+45 1.43663e+48 4.64348e+42 0 0 1
1.65482e-06 1.22765e+54 1.22765e+54 5.24842e+54 5.28498e+54 5.31672e+54 0 0 1.33739e+45 2.0772e+48 4.64348e+42 0 0 1
1.91095e-06 1.56992e+54 1.56992e+54 4.5948e+54 4.6225e+54 4.64287e+54 0 0 1.54439e+45 2.62751e+48 4.64348e+42 0 0 1
2.20673e-06 1.81467e+54 1.81467e+54 4.01368e+54 4.03463e+54 4.04765e+54 0 0 1.78344e+45 3.01084e+48 4.64348e+42 0 0 1
2.5483e-06 1.94559e+54 1.94559e+54 3.49849e+54 3.5143e+54 3.5226e+54 0 0 2.05948e+45 3.20704e+48 4.64348e+42 0 0 1
2.94273e-06 1.97209e+54 1.97209e+54 3.04292e+54 3.05482e+54 3.06009e+54 0 0 2.37825e+45 3.23645e+48 4.64348e+42 0 0 1
3.39821e-06 1.91662e+54 1.91662e+54 2.64101e+54 2.64996e+54 2.65329e+54 0 0 2.74636e+45 3.13833e+48 4.64348e+42 0 0 1
3.92419e-06 1.80465e+54 1.80465e+54 2.28725e+54 2.29395e+54 2.29605e+54 0 0 3.17144e+45 2.9547e+48 4.64348e+42 0 0 1
4.53158e-06 1.65892e+54 1.65892e+54 1.97652e+54 1.98154e+54 1.98286e+54 0 0 3.66232e+45 2.72181e+48 4.64348e+42 0 0 1
5.23299e-06 1.49721e+54 1.49721e+54 1.70419e+54 1.70793e+54 1.70876e+54 0 0 4.22918e+45 2.46717e+48 4.64348e+42 0 0 1
6.04296e-06 1.3322e+54 1.3322e+54 1.46601e+54 1.4688e+54 1.46931e+54 0 0 4.88378e+45 2.20987e+48 4.64348e+42 0 0 1
6.97831e-06 1.17222e+54 1.17222e+54 1.25815e+54 1.26023e+54 1.26055e+54 0 0 5.6397e+45 1.96204e+48 4.64348e+42 0 0 1
8.05842e-06 1.02228e+54 1.02228e+54 1.07717e+54 1.0787e+54 1.0789e+54 0 0 6.51262e+45 1.7307e+48 4.64348e+42 0 0 1
9.30572e-06 8.85046e+53 8.85046e+53 9.19928e+53 9.21064e+53 9.21185e+53 0 0 7.52065e+45 1.51931e+48 4.64348e+42 0 0 1
1.07461e-05 7.61569e+53 7.61569e+53 7.83643e+53 7.84482e+53 7.84555e+53 0 0 8.68471e+45 1.329e+48 4.64348e+42 0 0 1
1.24094e-05 6.51891e+53 6.51891e+53 6.65806e+53 6.66423e+53 6.66468e+53 0 0 1.00289e+46 1.15947e+48 4.64348e+42 0 0 1
1.43301e-05 5.55435e+53 5.55435e+53 5.64174e+53 5.64627e+53 5.64654e+53 0 0 1.15812e+46 1.00961e+48 4.64348e+42 0 0 1
1.65482e-05 4.71276e+53 4.71276e+53 4.76746e+53 4.77077e+53 4.77093e+53 0 0 1.33738e+46 8.77853e+47 4.64348e+42 0 0 1
1.91095e-05 3.98325e+53 3.98325e+53 4.01737e+53 4.01979e+53 4.01988e+53 0 0 1.54438e+46 7.62481e+47 4.64348e+42 0 0 1
2.20673e-05 3.35441e+53 3.35441e+53 3.37562e+53 3.37738e+53 3.37744e+53 0 0 1.78341e+46 6.61752e+47 4.64348e+42 0 0 1
2.5483e-05 2.81498e+53 2.81498e+53 2.82813e+53 2.82941e+53 2.82944e+53 0 0 2.05945e+46 5.73997e+47 4.64348e+42 0 0 1
2.94273e-05 2.3543e+53 2.3543e+53 2.36243e+53 2.36335e+53 2.36337e+53 0 0 2.37821e+46 4.97665e+47 4.64348e+42 0 0 1
3.39821e-05 1.96249e+53 1.96249e+53 1.96749e+53 1.96816e+53 1.96817e+53 0 0 2.74631e+46 4.31348e+47 4.64348e+42 0 0 1
3.92419e-05 1.63053e+53 1.63053e+53 1.63361e+53 1.63409e+53 1.6341e+53 0 0 3.17138e+46 3.7378e+47 4.64348e+42 0 0 1
4.53158e-05 1.35036e+53 1.35036e+53 1.35224e+53 1.35258e+53 1.35259e+53 0 0 3.66224e+46 3.23839e+47 4.64348e+42 0 0 1
5.23299e-05 1.11475e+53 1.11475e+53 1.11589e+53 1.11614e+53 1.11614e+53 0 0 4.22907e+46 2.80535e+47 4.64348e+42 0 0 1
6.04296e-05 9.17323e+52 9.17323e+52 9.1802e+52 9.18195e+52 9.18198e+52 0 0 4.88363e+46 2.42998e+47 4.64348e+42 0 0 1
6.97831e-05 7.52487e+52 7.52487e+52 7.5291e+52 7.53034e+52 7.53036e+52 0 0 5.6395e+46 2.1047e+47 4.64348e+42 0 0 1
8.05842e-05 6.15349e+52 6.15349e+52 6.15605e+52 6.15692e+52 6.15693e+52 0 0 6.51235e+46 1.82286e+47 4.64348e+42 0 0 1
9.30572e-05 5.01656e+52 5.01656e+52 5.0181e+52 5.01872e+52 5.01873e+52 0 0 7.52029e+46 1.5787e+47 4.64348e+42 0 0 1
0.000107461 4.07731e+52 4.07731e+52 4.07823e+52 4.07867e+52 4.07867e+52 0 0 8.68422e+46 1.36721e+47 4.64348e+42 0 0 1
0.000124094 3.30405e+52 3.30405e+52 3.30461e+52 3.30491e+52 3.30491e+52 0 0 1.00283e+47 1.18402e+47 4.64348e+42 0 0 1
0.000143301 2.66965e+52 2.66965e+52 2.66998e+52 2.67019e+52 2.67019e+52 0 0 1.15804e+47 1.02537e+47 4.64348e+42 0 0 1
0.000165482 2.15092e+52 2.15092e+52 2.15112e+52 2.15127e+52 2.15127e+52 0 0 1.33726e+47 8.87961e+46 4.64348e+42 0 0 1
0.000191095 1.72819e+52 1.72819e+52 1.72831e+52 1.72842e+52 1.72842e+52 0 0 1.54422e+47 7.68961e+46 4.64348e+42 0 0 1
0.000220673 1.38482e+52 1.38482e+52 1.38489e+52 1.38496e+52 1.38496e+52 0 0 1.78321e+47 6.65904e+46 4.64348e+42 0 0 1
0.00025483 1.10679e+52 1.10679e+52 1.10683e+52 1.10688e+52 1.10688e+52 0 0 2.05918e+47 5.76657e+46 4.64348e+42 0 0 1
0.000294273 8.8236e+51 8.8236e+51 8.82384e+51 8.82419e+51 8.82419e+51 0 0 2.37785e+47 4.99369e+46 4.64348e+42 0 0 1
0.000339821 7.01732e+51 7.01732e+51 7.01747e+51 7.0177e+51 7.0177e+51 0 0 2.74582e+47 4.32439e+46 4.64348e+42 0 0 1
0.000392419 5.56775e+51 5.56775e+51 5.56783e+51 5.56799e+51 5.56799e+51 0 0 3.17073e+47 3.74479e+46 4.64348e+42 0 0 1
0.000453158 4.40761e+51 4.40761e+51 4.40766e+51 4.40777e+51 4.40777e+51 0 0 3.66137e+47 3.24286e+46 4.64348e+42 0 0 1
0.000523299 3.48157e+51 3.48157e+51 3.4816e+51 3.48168e+51 3.48168e+51 0 0 4.22791e+47 2.80821e+46 4.64348e+42 0 0 1
0.000604296 2.74426e+51 2.74426e+51 2.74427e+51 2.74432e+51 2.74432e+51 0 0 4.88209e+47 2.43182e+46 4.64348e+42 0 0 1
0.000697831 2.15862e+51 2.15862e+51 2.15863e+51 2.15867e+51 2.15867e+51 0 0 5.63744e+47 2.10587e+46 4.64348e+42 0 0 1
0.000805842 1.69455e+51 1.69455e+51 1.69455e+51 1.69458e+51 1.69458e+51 0 0 6.50961e+47 1.82361e+46 4.64348e+42 0 0 1
0.000930572 1.32763e+51 1.32763e+51 1.32763e+51 1.32765e+51 1.32765e+51 0 0 7.51663e+47 1.57918e+46 4.64348e+42 0 0 1
0.00107461 1.03816e+51 1.03816e+51 1.03816e+51 1.03817e+51 1.03817e+51 0 0 8.67935e+47 1.36752e+46 4.64348e+42 0 0 1
0.00124094 8.10268e+50 8.10268e+50 8.10269e+50 8.10277e+50 8.10277e+50 0 0 1.00218e+48 1.18422e+46 4.64348e+42 0 0 1
0.00143301 6.31233e+50 6.31233e+50 6.31234e+50 6.31239e+50 6.31239e+50 0 0 1.15717e+48 1.02549e+46 4.64348e+42 0 0 1
0.00165482 4.90863e+50 4.90863e+50 4.90864e+50 4.90867e+50 4.90867e+50 0 0 1.33611e+48 8.88042e+45 4.64348e+42 0 0 1
0.00191095 3.81027e+50 3.81027e+50 3.81027e+50 3.81029e+50 3.81029e+50 0 0 1.54268e+48 7.69012e+45 4.64348e+42 0 0 1
0.00220673 2.95249e+50 2.95249e+50 2.95249e+50 2.95251e+50 2.95251e+50 0 0 1.78116e+48 6.65937e+45 4.64348e+42 0 0 1
0.0025483 2.2839e+50 2.2839e+50 2.2839e+50 2.28391e+50 2.28391e+50 0 0 2.05644e+48 5.76678e+45 4.64348e+42 0 0 1
0.00294273 1.76375e+50 1.76375e+50 1.76375e+50 1.76375e+50 1.76375e+50 0 0 2.37419e+48 4.99383e+45 4.64348e+42 0 0 1
0.00339821 1.35984e+50 1.35984e+50 1.35984e+50 1.35984e+50 1.35984e+50 0 0 2.74095e+48 4.32448e+45 4.64348e+42 0 0 1
0.00392419 1.04676e+50 1.04676e+50 1.04676e+50 1.04676e+50 1.04676e+50 0 0 3.16423e+48 3.74484e+45 4.64348e+42 0 0 1
0.00453158 8.04528e+49 8.04528e+49 8.04528e+49 8.0453e+49 8.0453e+49 0 0 3.65271e+48 3.2429e+45 4.64348e+42 0 0 1
0.00523299 6.17437e+49 6.17437e+49 6.17437e+49 6.17438e+49 6.17438e+49 0 0 4.21637e+48 2.80824e+45 4.64348e+42 0 0 1
0.00604296 4.7318e+49 4.7318e+49 4.7318e+49 4.73181e+49 4.73181e+49 0 0 4.8667e+48 2.43183e+45 4.64348e+42 0 0 1
0.00697831 3.62135e+49 3.62135e+49 3.62135e+49 3.62135e+49 3.62135e+49 0 0 5.61692e+48 2.10588e+45 4.64348e+42 0 0 1
0.00805842 2.76791e+49 2.76791e+49 2.76791e+49 2.76791e+49 2.76791e+49 0 0 6.48225e+48 1.82362e+45 4.64348e+42 0 0 1
0.00930572 2.113e+49 2.113e+49 2.113e+49 2.11301e+49 2.11301e+49 0 0 7.48016e+48 1.57919e+45 4.64348e+42 0 0 1
0.0107461 1.61118e+49 1.61118e+49 1.61118e+49 1.61118e+49 1.61118e+49 0 0 8.63072e+48 1.36752e+45 4.64348e+42 0 0 1
0.0124094 1.22719e+49 1.22719e+49 1.22719e+49 1.22719e+49 1.22719e+49 0 0 9.95697e+48 1.18422e+45 4.64348e+42 0 0 1
0.0143301 9.33759e+48 9.33759e+48 9.33759e+48 9.3376e+48 9.3376e+48 0 0 1.14853e+49 1.02549e+45 4.64348e+42 0 0 1
0.0165482 7.09802e+48 7.09802e+48 7.09802e+48 7.09802e+48 7.09802e+48 0 0 1.32459e+49 8.88042e+44 4.64348e+42 0 0 1
0.0191095 5.39071e+48 5.39071e+48 5.39071e+48 5.39071e+48 5.39071e+48 0 0 1.52733e+49 7.69013e+44 4.64348e+42 0 0 1
0.0220673 4.09058e+48 4.09058e+48 4.09058e+48 4.09058e+48 4.09058e+48 0 0 1.7607e+49 6.65938e+44 4.64348e+42 0 0 1
0.025483 3.10154e+48 3.10154e+48 3.10154e+48 3.10154e+48 3.10154e+48 0 0 2.02918e+49 5.76678e+44 4.64348e+42 0 0 1
0.0294273 2.34987e+48 2.34987e+48 2.34987e+48 2.34987e+48 2.34987e+48 0 0 2.33788e+49 4.99383e+44 4.64348e+42 0 0 1
0.0339821 1.77913e+48 1.77913e+48 1.77913e+48 1.77913e+48 1.77913e+48 0 0 2.69257e+49 4.32448e+44 4.64348e+42 0 0 1
0.0392419 1.34612e+48 1.34612e+48 1.34612e+48 1.34612e+48 1.34612e+48 0 0 3.09979e+49 3.74484e+44 4.64348e+42 0 0 1
0.0453158 1.01788e+48 1.01788e+48 1.01788e+48 1.01788e+48 1.01788e+48 0 0 3.56688e+49 3.2429e+44 4.64348e+42 0 0 1
0.0523299 7.69237e+47 7.69237e+47 7.69237e+47 7.69237e+47 7.69237e+47 0 0 4.10209e+49 2.80823e+44 4.64348e+42 0 0 1
0.0604296 5.81024e+47 5.81024e+47 5.81024e+47 5.81024e+47 5.81024e+47 0 0 4.71456e+49 2.43183e+44 4.64348e+42 0 0 1
0.0697831 4.38647e+47 4.38647e+47 4.38647e+47 4.38647e+47 4.38647e+47 0 0 5.41445e+49 2.10588e+44 4.64348e+42 0 0 1
0.0805842 3.3101e+47 3.3101e+47 3.3101e+47 3.3101e+47 3.3101e+47 0 0 6.21289e+49 1.82361e+44 4.64348e+42 0 0 1
0.0930572 2.49683e+47 2.49683e+47 2.49683e+47 2.49683e+47 2.49683e+47 0 0 7.12193e+49 1.57919e+44 4.64348e+42 0 0 1
0.107461 1.88267e+47 1.88267e+47 1.88267e+47 1.88267e+47 1.88267e+47 0 0 8.15451e+49 1.36752e+44 4.64348e+42 0 0 1
0.124094 1.41911e+47 1.41911e+47 1.41911e+47 1.41911e+47 1.41911e+47 0 0 9.32422e+49 1.18422e+44 4.64348e+42 0 0 1
0.143301 1.06937e+47 1.06937e+47 1.06937e+47 1.06937e+47 1.06937e+47 0 0 1.0645e+50 1.02549e+44 4.64348e+42 0 0 1
0.165482 8.05617e+46 8.05617e+46 8.05617e+46 8.05617e+46 8.05617e+46 0 0 1.21309e+50 8.8804e+43 4.64348e+42 0 0 1
0.191095 6.06783e+46 6.06783e+46 6.06783e+46 6.06784e+46 6.06784e+46 0 0 1.37948e+50 7.69011e+43 4.64348e+42 0 0 1
0.220673 4.5694e+46 4.5694e+46 4.5694e+46 4.5694e+46 4.5694e+46 0 0 1.56482e+50 6.65936e+43 4.64348e+42 0 0 1
0.25483 3.44048e+46 3.44048e+46 3.44048e+46 3.44048e+46 3.44048e+46 0 0 1.76996e+50 5.76676e+43 4.64348e+42 0 0 1
0.294273 2.59018e+46 2.59018e+46 2.59018e+46 2.59018e+46 2.59018e+46 0 0 1.99525e+50 4.99381e+43 4.64348e+42 0 0 1
0.339821 1.94987e+46 1.94987e+46 1.94987e+46 1.94987e+46 1.94987e+46 0 0 2.24035e+50 4.32446e+43 4.64348e+42 0 0 1
0.392419 1.46779e+46 1.46779e+46 1.46779e+46 1.46779e+46 1.46779e+46 0 0 2.50396e+50 3.74482e+43 4.64348e+42 0 0 1
0.453158 1.10488e+46 1.10488e+46 1.10488e+46 1.10488e+46 1.10488e+46 0 0 2.78339e+50 3.24288e+43 4.64348e+42 0 0 1
0.523299 8.31712e+45 8.31712e+45 8.31712e+45 8.31712e+45 8.31712e+45 0 0 3.07426e+50 2.80822e+43 4.64348e+42 0 0 1
0.604296 6.26116e+45 6.26116e+45 6.26116e+45 6.26116e+45 6.26116e+45 0 0 3.36992e+50 2.43181e+43 4.64348e+42 0 0 1
0.697831 4.71379e+45 4.71379e+45 4.71379e+45 4.71379e+45 4.71379e+45 0 0 3.66109e+50 2.10586e+43 4.64348e+42 0 0 1
0.805842 3.54922e+45 3.54922e+45 3.54922e+45 3.54922e+45 3.54922e+45 0 0 3.93536e+50 1.8236e+43 4.64348e+42 0 0 1
0.930572 2.67271e+45 2.67271e+45 2.67271e+45 2.67271e+45 2.67271e+45 0 0 4.17699e+50 1.57917e+43 4.64348e+42 0 0 1
1.07461 2.01298e+45 2.01298e+45 2.01298e+45 2.01298e+45 2.01298e+45 0 0 4.36702e+50 1.3675e+43 4.64348e+42 0 0 1
1.24094 1.51636e+45 1.51636e+45 1.51636e+45 1.51636e+45 1.51636e+45 0 0 4.48393e+50 1.1842e+43 4.64348e+42 0 0 1
1.43301 1.14248e+45 1.14248e+45 1.14248e+45 1.14248e+45 1.14248e+45 0 0 4.50526e+50 1.02548e+43 4.64348e+42 0 0 1
1.65482 8.60973e+44 8.60973e+44 8.60973e+44 8.60973e+44 8.60973e+44 0 0 4.41033e+50 8.88023e+42 4.64348e+42 0 0 1
1.91095 6.48972e+44 6.48972e+44 6.48972e+44 6.48972e+44 6.48972e+44 0 0 4.18426e+50 7.68994e+42 4.64348e+42 0 0 1
2.20673 4.89287e+44 4.89287e+44 4.89287e+44 4.89287e+44 4.89287e+44 0 0 3.823e+50 6.65919e+42 4.64348e+42 0 0 1
2.5483 3.68981e+44 3.68981e+44 3.68981e+44 3.68981e+44 3.68981e+44 0 0 3.33832e+50 5.76659e+42 4.64348e+42 0 0 1
2.94273 2.78323e+44 2.78323e+44 2.78323e+44 2.78323e+44 2.78323e+44 0 0 2.76114e+50 4.99364e+42 4.64348e+42 0 0 1
3.39821 2.0999e+44 2.0999e+44 2.0999e+44 2.0999e+44 2.0999e+44 0 0 2.1405e+50 4.32429e+42 4.64348e+42 0 0 1
3.92419 1.58471e+44 1.58471e+44 1.58471e+44 1.58471e+44 1.58471e+44 0 0 1.53649e+50 3.74465e+42 4.64348e+42 0 0 1
4.53158 1.19619e+44 1.19619e+44 1.19619e+44 1.19619e+44 1.19619e+44 0 0 1.00713e+50 3.24271e+42 4.64348e+42 0 0 1
5.23299 9.03114e+43 9.03114e+43 9.03114e+43 9.03114e+43 9.03114e+43 0 0 5.93377e+49 2.80804e+42 4.64348e+42 0 0 1
6.04296 6.81985e+43 6.81985e+43 6.81985e+43 6.81985e+43 6.81985e+43 0 0 3.08683e+49 2.43164e+42 4.64348e+42 0 0 1
6.97831 5.15095e+43 5.15095e+43 5.15095e+43 5.15095e+43 5.15095e+43 0 0 1.38951e+49 2.10569e+42 4.64348e+42 0 0 1
8.05842 3.89109e+43 3.89109e+43 3.89109e+43 3.89109e+43 3.89109e+43 0 0 5.2895e+48 1.82343e+42 4.64348e+42 0 0 1
9.30572 2.93978e+43 2.93978e+43 2.93978e+43 2.93978e+43 2.93978e+43 0 0 1.65873e+48 1.579e+42 4.64348e+42 0 0 1
10.7461 2.22129e+43 2.22129e+43 2.22129e+43 2.22129e+43 2.22129e+43 0 0 4.15779e+47 1.36733e+42 4.64348e+42 0 0 1
12.4094 1.67853e+43 1.67853e+43 1.67853e+43 1.67853e+43 1.67853e+43 0 0 8.04631e+46 1.18403e+42 4.64348e+42 0 0 1
14.3301 1.26844e+43 1.26844e+43 1.26844e+43 1.26844e+43 1.26844e+43 0 0 1.15501e+46 1.0253e+42 4.64348e+42 0 0 1
16.5482 9.58536e+42 9.58536e+42 9.58536e+42 9.58536e+42 9.58536e+42 0 0 1.1742e+45 8.87851e+41 4.64348e+42 0 0 1
19.1095 7.24315e+42 7.24315e+42 7.24315e+42 7.24315e+42 7.24315e+42 0 0 8.01449e+43 7.68821e+41 4.64348e+42 0 0 1
22.0673 5.47272e+42 5.47272e+42 5.47272e+42 5.47272e+42 5.47272e+42 0 0 3.45309e+42 6.65746e+41 4.64348e+42 0 0 1
25.483 4.13439e+42 4.13439e+42 4.13439e+42 4.13439e+42 4.13439e+42 0 0 8.74605e+40 5.76487e+41 4.64348e+42 0 0 1
29.4273 3.12269e+42 3.12269e+42 3.12269e+42 3.12269e+42 3.12269e+42 0 0 1.19943e+39 4.99191e+41 4.64348e+42 0 0 1
33.9821 2.35791e+42 2.35791e+42 2.35791e+42 2.35791e+42 2.35791e+42 0 0 8.09945e+36 4.32256e+41 4.64348e+42 0 0 1
39.2419 1.77984e+42 1.77984e+42 1.77984e+42 1.77984e+42 1.77984e+42 0 0 2.41341e+34 3.74293e+41 4.64348e+42 0 0 1
45.3158 1.34295e+42 1.34295e+42 1.34295e+42 1.34295e+42 1.34295e+42 0 0 2.79581e+31 3.24098e+41 4.64348e+42 0 0 1
52.3299 1.01284e+42 1.01284e+42 1.01284e+42 1.01284e+42 1.01284e+42 0 0 1.08787e+28 2.80632e+41 4.64348e+42 0 0 1
60.4296 7.63471e+41 7.63471e+41 7.63471e+41 7.63471e+41 7.63471e+41 0 0 1.20089e+24 2.42992e+41 4.64348e+42 0 0 1
69.7831 5.75162e+41 5.75162e+41 5.75162e+41 5.75162e+41 5.75162e+41 0 0 3.09455e+19 2.10396e+41 4.64348e+42 0 0 1
80.5842 4.3302e+41 4.3302e+41 4.3302e+41 4.3302e+41 4.3302e+41 0 0 1.48616e+14 1.8217e+41 4.64348e+42 0 0 1
93.0572 3.25779e+41 3.25779e+41 3.25779e+41 3.25779e+41 3.25779e+41 0 0 1.02558e+08 1.57727e+41 4.64348e+42 0 0 1
107.461 2.44914e+41 2.44914e+41 2.44914e+41 2.44914e+41 2.44914e+41 0 0 7.53186 1.3656e+41 4.64348e+42 0 0 1
124.094 1.83976e+41 1.83976e+41 1.83976e+41 1.83976e+41 1.83976e+41 0 0 4.16161e-08 1.18231e+41 4.64348e+42 0 0 1
143.301 1.38086e+41 1.38086e+41 1.38087e+41 1.38087e+41 1.38087e+41 0 0 1.15915e-17 1.02358e+41 4.64348e+42 0 0 1
165.482 1.03554e+41 1.03554e+41 1.03554e+41 1.03554e+41 1.03554e+41 0 0 1.02496e-28 8.86127e+40 4.64348e+42 0 0 1
191.095 7.75896e+40 7.75896e+40 7.75897e+40 7.75897e+40 7.75897e+40 0 0 1.68677e-41 7.67098e+40 4.64348e+42 0 0 1
220.673 5.8083e+40 5.8083e+40 5.8083e+40 5.8083e+40 5.8083e+40 0 0 2.78854e-56 6.64024e+40 4.64348e+42 0 0 1
254.83 4.34409e+40 4.34409e+40 4.34409e+40 4.34409e+40 4.34409e+40 0 0 2.27202e-73 5.74765e+40 4.64348e+42 0 0 1
294.273 3.24602e+40 3.24602e+40 3.24602e+40 3.24602e+40 3.24602e+40 0 0 4.00902e-93 4.9747e+40 4.64348e+42 0 0 1
339.821 2.42329e+40 2.42329e+40 2.42329e+40 2.42329e+40 2.42329e+40 0 0 5.92719e-116 4.30535e+40 4.64348e+42 0 0 1
392.419 1.80744e+40 1.80744e+40 1.80744e+40 1.80744e+40 1.80744e+40 0 0 2.4525e-142 3.72572e+40 4.64348e+42 0 0 1
453.158 1.34689e+40 1.34689e+40 1.3469e+40 1.3469e+40 1.3469e+40 0 0 8.00521e-173 3.22379e+40 4.64348e+42 0 0 1
523.299 1.00281e+40 1.00281e+40 1.00281e+40 1.00281e+40 1.00281e+40 0 0 4.77604e-208 2.78913e+40 4.64348e+42 0 0 1
604.296 7.45979e+39 7.45979e+39 7.45979e+39 7.45979e+39 7.45979e+39 0 0 9.62337e-249 2.41274e+40 4.64348e+42 0 0 1
697.831 5.54456e+39 5.54456e+39 5.54456e+39 5.54456e+39 5.54456e+39 0 0 0 2.0868e+40 4.64348e+42 0 0 1
805.842 4.11765e+39 4.11765e+39 4.11766e+39 4.11766e+39 4.11766e+39 0 0 0 1.80455e+40 4.64348e+42 0 0 1
930.572 3.05553e+39 3.05553e+39 3.05553e+39 3.05553e+39 3.05553e+39 0 0 0 1.56013e+40 4.64348e+42 0 0 1
1074.61 2.26562e+39 2.26562e+39 2.26562e+39 2.26562e+39 2.26562e+39 0 0 0 1.34848e+40 4.64348e+42 0 0 1
1240.94 1.67868e+39 1.67868e+39 1.67868e+39 1.67868e+39 1.67868e+39 0 0 0 1.16521e+40 4.64348e+42 0 0 1
1433.01 1.24291e+39 1.24291e+39 1.24291e+39 1.24291e+39 1.24291e+39 0 0 0 1.0065e+40 4.64348e+42 0 0 1
1654.82 9.19634e+38 9.19634e+38 9.19635e+38 9.19635e+38 9.19635e+38 0 0 0 8.69079e+39 4.64348e+42 0 0 1
1910.95 6.80004e+38 6.80004e+38 6.80005e+38 6.80005e+38 6.80005e+38 0 0 0 7.50081e+39 4.64348e+42 0 0 1
2206.73 5.02508e+38 5.02508e+38 5.02509e+38 5.02509e+38 5.02509e+38 0 0 0 6.47042e+39 4.64348e+42 0 0 1
2548.3 3.71128e+38 3.71128e+38 3.71129e+38 3.71129e+38 3.71129e+38 0 0 0 5.57824e+39 4.64348e+42 0 0 1
2942.73 2.73949e+38 2.73949e+38 2.7395e+38 2.7395e+38 2.7395e+38 0 0 0 4.80577e+39 4.64348e+42 0 0 1
3398.21 2.02115e+38 2.02115e+38 2.02116e+38 2.02116e+38 2.02116e+38 0 0 0 4.13697e+39 4.64348e+42 0 0 1
3924.19 1.49048e+38 1.49048e+38 1.49049e+38 1.49049e+38 1.49049e+38 0 0 0 3.55798e+39 4.64348e+42 0 0 1
4531.58 1.09869e+38 1.09869e+38 1.09869e+38 1.09869e+38 1.09869e+38 0 0 0 3.05677e+39 4.64348e+42 0 0 1
5232.99 8.09579e+37 8.09579e+37 8.09583e+37 8.09583e+37 8.09583e+37 0 0 0 2.62294e+39 4.64348e+42 0 0 1
6042.96 5.96351e+37 5.96351e+37 5.96355e+37 5.96355e+37 5.96355e+37 0 0 0 2.2475e+39 4.64348e+42 0 0 1
6978.31 4.39162e+37 4.39162e+37 4.39164e+37 4.39164e+37 4.39164e+37 0 0 0 1.92266e+39 4.64348e+42 0 0 1
8058.42 3.23332e+37 3.23332e+37 3.23334e+37 3.23334e+37 3.23334e+37 0 0 0 1.64166e+39 4.64348e+42 0 0 1
9305.72 2.38011e+37 2.38011e+37 2.38013e+37 2.38013e+37 2.38013e+37 0 0 0 1.39868e+39 4.64348e+42 0 0 1
10746.1 1.75186e+37 1.75186e+37 1.75187e+37 1.75187e+37 1.75187e+37 0 0 0 1.18866e+39 4.64348e+42 0 0 1
12409.4 1.28937e+37 1.28937e+37 1.28938e+37 1.28938e+37 1.28938e+37 0 0 0 1.00725e+39 4.64348e+42 0 0 1
14330.1 9.48989e+36 9.48989e+36 9.49001e+36 9.49001e+36 9.49001e+36 0 0 0 8.50658e+38 4.64348e+42 0 0 1
16548.2 6.98525e+36 6.98525e+36 6.98535e+36 6.98535e+36 6.98535e+36 0 0 0 7.15633e+38 4.64348e+42 0 0 1
19109.5 5.14243e+36 5.14243e+36 5.14251e+36 5.14251e+36 5.14251e+36 0 0 0 5.9935e+38 4.64348e+42 0 0 1
22067.3 3.78662e+36 3.78662e+36 3.78669e+36 3.78669e+36 3.78669e+36 0 0 0 4.99373e+38 4.64348e+42 0 0 1
25483 2.78909e+36 2.78909e+36 2.78915e+36 2.78915e+36 2.78915e+36 0 0 0 4.13596e+38 4.64348e+42 0 0 1
29427.3 2.0551e+36 2.0551e+36 2.05515e+36 2.05515e+36 2.05515e+36 0 0 0 3.40199e+38 4.64348e+42 0 0 1
33982.1 1.51494e+36 1.51494e+36 1.51498e+36 1.51498e+36 1.51498e+36 0 0 0 2.77608e+38 4.64348e+42 0 0 1
39241.9 1.11732e+36 1.11732e+36 1.11735e+36 1.11735e+36 1.11735e+36 0 0 0 2.24459e+38 4.64348e+42 0 0 1
45315.8 8.24536e+35 8.24536e+35 8.24563e+35 8.24563e+35 8.24563e+35 0 0 0 1.79569e+38 4.64348e+42 0 0 1
52329.9 6.08862e+35 6.08862e+35 6.08883e+35 6.08883e+35 6.08883e+35 0 0 0 1.41906e+38 4.64348e+42 0 0 1
60429.6 4.49912e+35 4.49912e+35 4.4993e+35 4.4993e+35 4.4993e+35 0 0 0 1.10565e+38 4.64348e+42 0 0 1
69783.1 3.32704e+35 3.32704e+35 3.32718e+35 3.32718e+35 3.32718e+35 0 0 0 8.47494e+37 4.64348e+42 0 0 1
80584.2 2.46222e+35 2.46222e+35 2.46233e+35 2.46233e+35 2.46233e+35 0 0 0 6.37462e+37 4.64348e+42 0 0 1
93057.2 1.82367e+35 1.82367e+35 1.82376e+35 1.82376e+35 1.82376e+35 0 0 0 4.6914e+37 4.64348e+42 0 0 1
107461 1.35184e+35 1.35184e+35 1.35192e+35 1.35192e+35 1.35192e+35 0 0 0 3.36679e+37 4.64348e+42 0 0 1
124094 1.00294e+35 1.00294e+35 1.003e+35 1.003e+35 1.003e+35 0 0 0 2.34694e+37 4.64348e+42 0 0 1
143301 7.44721e+34 7.44721e+34 7.44766e+34 7.44766e+34 7.44766e+34 0 0 0 1.582e+37 4.64348e+42 0 0 1
165482 5.53456e+34 5.53456e+34 5.53492e+34 5.53492e+34 5.53492e+34 0 0 0 1.02582e+37 4.64348e+42 0 0 1
191095 4.11663e+34 4.11663e+34 4.11691e+34 4.11691e+34 4.11691e+34 0 0 0 6.36047e+36 4.64348e+42 0 0 1
220673 3.06454e+34 3.06454e+34 3.06475e+34 3.06475e+34 3.06475e+34 0 0 0 3.74501e+36 4.64348e+42 0 0 1
254830 2.28321e+34 2.28321e+34 2.28337e+34 2.28337e+34 2.28337e+34 0 0 0 2.07724e+36 4.64348e+42 0 0 1
294273 1.70246e+34 1.70246e+34 1.70258e+34 1.70258e+34 1.70258e+34 0 0 0 1.07541e+36 4.64348e+42 0 0 1
339821 1.27043e+34 1.27043e+34 1.27052e+34 1.27052e+34 1.27052e+34 0 0 0 5.14142e+35 4.64348e+42 0 0 1
392419 9.48762e+33 9.48762e+33 9.48834e+33 9.48834e+33 9.48834e+33 0 0 0 2.24213e+35 4.64348e+42 0 0 1
453158 7.09068e+33 7.09068e+33 7.09122e+33 7.09122e+33 7.09122e+33 0 0 0 8.79275e+34 4.64348e+42 0 0 1
523299 5.3031e+33 5.3031e+33 5.3035e+33 5.3035e+33 5.3035e+33 2.13579e+26 5.29905e+30 0 3.05027e+34 4.64348e+42 0 0 1
604296 3.96887e+33 3.96887e+33 3.96917e+33 3.96917e+33 3.96917e+33 3.29008e+26 5.32193e+30 0 9.18461e+33 4.64348e+42 0 0 1
697831 2.97224e+33 2.97224e+33 2.97247e+33 2.97247e+33 2.97247e+33 4.44437e+26 5.34481e+30 0 2.3484e+33 4.64348e+42 0 0 1
805842 2.22721e+33 2.22721e+33 2.22737e+33 2.22737e+33 2.22737e+33 5.59867e+26 5.36769e+30 0 4.97145e+32 4.64348e+42 0 0 1
930572 1.66983e+33 1.66983e+33 1.66995e+33 1.66995e+33 1.66995e+33 6.75296e+26 5.39057e+30 0 8.46251e+31 4.64348e+42 0 0 1
1.07461e+06 1.25256e+33 1.25256e+33 1.25264e+33 1.25264e+33 1.25264e+33 8.55128e+26 5.41689e+30 0 1.11986e+31 4.64348e+42 0 0 1
1.24094e+06 9.39953e+32 9.39953e+32 9.40017e+32 9.40017e+32 9.40017e+32 1.14729e+27 5.42408e+30 0 1.10804e+30 4.64348e+42 0 0 1
1.43301e+06 7.05621e+32 7.05621e+32 7.05668e+32 7.05668e+32 7.05668e+32 1.53199e+27 5.43327e+30 0 7.83649e+28 4.64348e+42 0 0 1
1.65482e+06 5.29863e+32 5.29863e+32 5.29897e+32 5.29897e+32 5.29897e+32 2.0404e+27 5.44512e+30 0 3.76094e+27 4.64348e+42 0 0 1
1.91095e+06 3.97971e+32 3.97971e+32 3.97995e+32 3.97995e+32 3.97995e+32 2.76685e+27 5.46157e+30 0 1.15349e+26 4.64348e+42 0 0 1
2.20673e+06 2.98953e+32 2.98953e+32 2.9897e+32 2.9897e+32 2.9897e+32 3.69865e+27 5.48291e+30 0 2.10949e+24 4.64348e+42 0 0 1
2.5483e+06 2.24589e+32 2.24589e+32 2.24601e+32 2.24601e+32 2.24601e+32 4.92248e+27 5.51094e+30 0 2.12338e+22 4.64348e+42 0 0 1
2.94273e+06 1.68725e+32 1.68725e+32 1.68733e+32 1.68733e+32 1.68733e+32 6.54607e+27 5.54774e+30 0 1.07258e+20 4.64348e+42 0 0 1
3.39821e+06 1.2675e+32 1.2675e+32 1.26756e+32 1.26756e+32 1.26756e+32 8.88539e+27 5.59907e+30 0 2.44362e+17 4.64348e+42 0 0 1
3.92419e+06 9.52091e+31 9.52091e+31 9.52135e+31 9.52135e+31 9.52135e+31 1.19382e+28 5.66569e+30 0 2.2198e+14 4.64348e+42 0 0 1
4.53158e+06 7.15079e+31 7.15079e+31 7.1511e+31 7.1511e+31 7.1511e+31 1.60533e+28 5.75159e+30 0 6.97373e+10 4.64348e+42 0 0 1
5.23299e+06 5.36995e+31 5.36995e+31 5.37017e+31 5.37017e+31 5.37017e+31 2.15426e+28 5.86022e+30 0 6.42853e+06 4.64348e+42 0 0 1
6.04296e+06 4.0322e+31 4.0322e+31 4.03236e+31 4.03236e+31 4.03236e+31 2.93041e+28 6.00426e+30 0 143.824 4.64348e+42 0 0 1
6.97831e+06 3.02761e+31 3.02761e+31 3.02771e+31 3.02771e+31 3.02771e+31 3.93384e+28 6.17407e+30 0 0.000627256 4.64348e+42 0 0 1
8.05842e+06 2.27359e+31 2.27359e+31 2.27367e+31 2.27367e+31 2.27367e+31 5.24206e+28 6.3747e+30 0 4.14039e-10 4.64348e+42 0 0 1
9.30572e+06 1.70812e+31 1.70812e+31 1.70817e+31 1.70817e+31 1.70817e+31 6.96016e+28 6.60201e+30 0 3.08812e-17 4.64348e+42 0 0 1
1.07461e+07 1.28464e+31 1.28464e+31 1.28467e+31 1.28467e+31 1.28467e+31 9.26656e+28 6.87432e+30 0 1.85711e-25 4.64348e+42 0 0 1
1.24094e+07 9.67907e+30 9.67907e+30 9.67934e+30 9.67934e+30 9.67934e+30 1.20798e+29 7.14189e+30 0 6.09836e-35 4.64348e+42 0 0 1
1.43301e+07 7.31562e+30 7.31562e+30 7.31581e+30 7.31581e+30 7.31581e+30 1.54625e+29 7.40328e+30 0 6.97217e-46 4.64348e+42 0 0 1
1.65482e+07 5.55745e+30 5.55745e+30 5.55758e+30 5.55758e+30 5.55758e+30 1.94364e+29 7.64596e+30 0 1.65042e-58 4.64348e+42 0 0 1
1.91095e+07 4.25682e+30 4.25682e+30 4.25691e+30 4.25691e+30 4.25691e+30 2.41703e+29 7.85516e+30 0 4.43869e-73 4.64348e+42 0 0 1
2.20673e+07 3.29686e+30 3.29686e+30 3.29693e+30 3.29693e+30 3.29693e+30 2.92047e+29 8.03563e+30 0 6.78205e-90 4.64348e+42 0 0 1
2.5483e+07 2.59413e+30 2.59413e+30 2.59419e+30 2.59419e+30 2.59419e+30 3.46299e+29 8.16225e+30 0 2.6445e-109 4.64348e+42 0 0 1
2.94273e+07 2.08109e+30 2.08109e+30 2.08113e+30 2.08113e+30 2.08113e+30 4.00237e+29 8.16384e+30 0 1.04432e-131 4.64348e+42 0 0 1
3.39821e+07 1.709e+30 1.709e+30 1.70903e+30 1.70903e+30 1.70903e+30 4.52667e+29 8.01802e+30 0 1.43661e-157 4.64348e+42 0 0 1
3.92419e+07 1.43593e+30 1.43593e+30 1.43596e+30 1.43596e+30 1.43596e+30 4.97347e+29 7.72085e+30 0 2.00734e-187 4.64348e+42 0 0 1
4.53158e+07 1.23696e+30 1.23696e+30 1.23699e+30 1.23699e+30 1.23699e+30 5.36111e+29 7.32463e+30 0 6.86446e-222 4.64348e+42 0 0 1
5.23299e+07 1.0897e+30 1.0897e+30 1.08971e+30 1.08971e+30 1.08971e+30 5.66641e+29 6.86778e+30 0 1.11057e-261 4.64348e+42 0 0 1
6.04296e+07 9.74298e+29 9.74298e+29 9.74314e+29 9.74314e+29 9.74314e+29 5.84164e+29 6.30527e+30 0 0 4.64348e+42 0 0 1
6.97831e+07 8.78136e+29 8.78136e+29 8.7815e+29 8.7815e+29 8.7815e+29 5.87328e+29 5.6497e+30 0 0 4.64348e+42 0 0 1
8.05842e+07 7.94007e+29 7.94007e+29 7.9402e+29 7.9402e+29 7.9402e+29 5.77386e+29 4.91195e+30 0 0 4.64348e+42 0 0 1
9.30572e+07 7.15934e+29 7.15934e+29 7.15945e+29 7.15945e+29 7.15945e+29 5.54695e+29 4.11783e+30 0 0 4.64348e+42 0 0 1
1.07461e+08 6.39217e+29 6.39217e+29 6.39227e+29 6.39227e+29 6.39227e+29 5.19299e+29 3.31234e+30 0 0 4.64348e+42 6.71521 0 1
1.24094e+08 5.67209e+29 5.67209e+29 5.67218e+29 5.67218e+29 5.67218e+29 4.78102e+29 2.62185e+30 0 0 4.64348e+42 5.89942 0 1
1.43301e+08 4.96996e+29 4.96996e+29 4.97004e+29 4.97004e+29 4.97004e+29 4.30847e+29 2.03853e+30 0 0 4.64348e+42 5.18274 0 1
1.65482e+08 4.28176e+29 4.28176e+29 4.28182e+29 4.28182e+29 4.28182e+29 3.79118e+29 1.55978e+30 0 0 4.64348e+42 4.55312 0 1
1.91095e+08 3.58606e+29 3.58606e+29 3.58612e+29 3.58612e+29 3.58612e+29 3.22261e+29 1.16291e+30 0 0 4.64348e+42 4 0 1
2.20673e+08 2.96891e+29 2.96891e+29 2.96896e+29 2.96896e+29 2.96896e+29 2.69989e+29 8.71564e+29 0 0 4.64348e+42 3.51406 0 1
2.5483e+08 2.41505e+29 2.41505e+29 2.41508e+29 2.41508e+29 2.41508e+29 2.21608e+29 6.45855e+29 0 0 4.64348e+42 3.08716 0 1
2.94273e+08 1.92877e+29 1.92877e+29 1.92881e+29 1.92881e+29 1.92881e+29 1.78171e+29 4.73315e+29 0 0 4.64348e+42 2.71212 0 1
3.39821e+08 1.4973e+29 1.4973e+29 1.49733e+29 1.49733e+29 1.49733e+29 1.38866e+29 3.40716e+29 0 0 4.64348e+42 2.48777 0 1
3.92419e+08 1.15875e+29 1.15875e+29 1.15877e+29 1.15877e+29 1.15877e+29 1.07851e+29 2.49269e+29 0 0 4.64348e+42 2.38265 0 1
4.53158e+08 8.84166e+28 8.84166e+28 8.84181e+28 8.84181e+28 8.84181e+28 8.24932e+28 1.8153e+29 0 0 4.64348e+42 2.28197 0 1
5.23299e+08 6.6385e+28 6.6385e+28 6.63862e+28 6.63862e+28 6.63862e+28 6.20144e+28 1.31649e+29 0 0 4.64348e+42 2.18554 0 1
6.04296e+08 4.92224e+28 4.92224e+28 4.92232e+28 4.92232e+28 4.92232e+28 4.59998e+28 9.44669e+28 0 0 4.64348e+42 2.09319 0 1
6.97831e+08 3.69377e+28 3.69377e+28 3.69384e+28 3.69384e+28 3.69384e+28 3.45639e+28 6.91857e+28 0 0 4.64348e+42 2.00475 0 1
8.05842e+08 2.7562e+28 2.7562e+28 2.75625e+28 2.75625e+28 2.75625e+28 2.58154e+28 5.05858e+28 0 0 4.64348e+42 1.92004 0 1
9.30572e+08 2.04257e+28 2.04257e+28 2.04261e+28 2.04261e+28 2.04261e+28 1.91422e+28 3.68978e+28 0 0 4.64348e+42 1.83891 0 1
1.07461e+09 1.49468e+28 1.49468e+28 1.49471e+28 1.49471e+28 1.49471e+28 1.40047e+28 2.65328e+28 0 0 4.64348e+42 1.84553 0 1
1.24094e+09 1.11702e+28 1.11702e+28 1.11705e+28 1.11705e+28 1.11705e+28 1.04795e+28 1.95215e+28 0 0 4.64348e+42 1.94087 0 1
1.43301e+09 8.35926e+27 8.35926e+27 8.35942e+27 8.35942e+27 8.35942e+27 7.85338e+27 1.43244e+28 0 0 4.64348e+42 2.04114 0 1
1.65482e+09 6.23627e+27 6.23627e+27 6.2364e+27 6.2364e+27 6.2364e+27 5.86621e+27 1.04792e+28 0 0 4.64348e+42 2.14658 0 1
1.91095e+09 4.59788e+27 4.59788e+27 4.59798e+27 4.59798e+27 4.59798e+27 4.3275e+27 7.54066e+27 0 0 4.64348e+42 2.25747 0 1
2.20673e+09 3.45784e+27 3.45784e+27 3.45791e+27 3.45791e+27 3.45791e+27 3.26055e+27 5.56012e+27 0 0 4.64348e+42 2.37409 0 1
2.5483e+09 2.59312e+27 2.59312e+27 2.59318e+27 2.59318e+27 2.59318e+27 2.44937e+27 4.08836e+27 0 0 4.64348e+42 2.49673 0 1
2.94273e+09 1.93585e+27 1.93585e+27 1.93589e+27 1.93589e+27 1.93589e+27 1.83126e+27 2.99659e+27 0 0 4.64348e+42 2.62571 0 1
3.39821e+09 1.42065e+27 1.42065e+27 1.42068e+27 1.42068e+27 1.42068e+27 1.34468e+27 2.16036e+27 0 0 4.64348e+42 2.76135 0 1
3.92419e+09 1.06518e+27 1.06518e+27 1.06521e+27 1.06521e+27 1.06521e+27 1.01009e+27 1.59407e+27 0 0 4.64348e+42 2.904 0 1
4.53158e+09 7.96151e+26 7.96151e+26 7.9617e+26 7.9617e+26 7.9617e+26 7.56263e+26 1.17202e+27 0 0 4.64348e+42 3.05402 0 1
5.23299e+09 5.93076e+26 5.93076e+26 5.93091e+26 5.93091e+26 5.93091e+26 5.6425e+26 8.58201e+26 0 0 4.64348e+42 3.21179 0 1
6.04296e+09 4.33378e+26 4.33378e+26 4.33388e+26 4.33388e+26 4.33388e+26 4.12583e+26 6.18611e+26 0 0 4.64348e+42 3.37771 0 1
6.97831e+09 3.24302e+26 3.24302e+26 3.2431e+26 3.2431e+26 3.2431e+26 3.09332e+26 4.55952e+26 0 0 4.64348e+42 3.5522 0 1
8.05842e+09 2.41907e+26 2.41907e+26 2.41913e+26 2.41913e+26 2.41913e+26 2.31153e+26 3.3514e+26 0 0 4.64348e+42 3.7357 0 1
9.30572e+09 1.79349e+26 1.79349e+26 1.79353e+26 1.79353e+26 1.79353e+26 1.7164e+26 2.45649e+26 0 0 4.64348e+42 3.92868 0 1
1.07461e+10 1.30729e+26 1.30729e+26 1.30733e+26 1.30733e+26 1.30733e+26 1.25218e+26 1.77621e+26 0 0 4.64348e+42 4.40806 0 1
1.24094e+10 9.70769e+25 9.70769e+25 9.70795e+25 9.70795e+25 9.70795e+25 9.31475e+25 1.31348e+26 0 0 4.64348e+42 5.27682 0 1
1.43301e+10 7.16621e+25 7.16621e+25 7.1664e+25 7.1664e+25 7.1664e+25 6.88683e+25 9.68863e+25 0 0 4.64348e+42 6.3168 0 1
1.65482e+10 5.27394e+25 5.27394e+25 5.27408e+25 5.27408e+25 5.27408e+25 5.07591e+25 7.12463e+25 0 0 4.64348e+42 7.56175 0 1
1.91095e+10 3.81084e+25 3.81084e+25 3.81095e+25 3.81095e+25 3.81095e+25 3.67094e+25 5.15185e+25 0 0 4.64348e+42 9.05205 0 1
2.20673e+10 2.81459e+25 2.81459e+25 2.81467e+25 2.81467e+25 2.81467e+25 2.71613e+25 3.81199e+25 0 0 4.64348e+42 10.8361 34.7254 1
2.5483e+10 2.07188e+25 2.07188e+25 2.07194e+25 2.07194e+25 2.07194e+25 2.00288e+25 2.8112e+25 0 0 4.64348e+42 12.9717 22.9578 1
2.94273e+10 1.52064e+25 1.52064e+25 1.52068e+25 1.52068e+25 1.52068e+25 1.47255e+25 2.06589e+25 0 0 4.64348e+42 15.5282 15.5417 1
3.39821e+10 1.09552e+25 1.09552e+25 1.09555e+25 1.09555e+25 1.09555e+25 1.06229e+25 1.4905e+25 0 0 4.64348e+42 18.5886 10.7604 1
3.92419e+10 8.09721e+24 8.09721e+24 8.09745e+24 8.09745e+24 8.09745e+24 7.87139e+24 1.10283e+25 0 0 4.64348e+42 22.2522 7.61059 1
4.53158e+10 5.96778e+24 5.96778e+24 5.96797e+24 5.96797e+24 5.96797e+24 5.81958e+24 8.13936e+24 0 0 4.64348e+42 26.6377 5.49245 1
5.23299e+10 4.38566e+24 4.38566e+24 4.3858e+24 4.3858e+24 4.3858e+24 4.29542e+24 5.99005e+24 0 0 4.64348e+42 31.8876 4.04008 1
6.04296e+10 3.1642e+24 3.1642e+24 3.16431e+24 3.16431e+24 3.16431e+24 3.11769e+24 4.32711e+24 0 0 4.64348e+42 38.1722 3.02568 1
6.97831e+10 2.33492e+24 2.33492e+24 2.33501e+24 2.33501e+24 2.33501e+24 2.32228e+24 3.20883e+24 0 0 4.64348e+42 45.6954 2.3047 1
8.05842e+10 1.71251e+24 1.71251e+24 1.71258e+24 1.71258e+24 1.71258e+24 1.72505e+24 2.37378e+24 0 0 4.64348e+42 54.7012 1.78376 1
9.30572e+10 1.24787e+24 1.24787e+24 1.24793e+24 1.24793e+24 1.24793e+24 1.2778e+24 1.75082e+24 0 0 4.64348e+42 65.482 1.40144 1
1.07461e+11 8.89058e+23 8.89058e+23 8.89102e+23 8.89102e+23 8.89102e+23 9.28514e+23 1.26625e+24 0 0 4.64348e+42 78.3875 1.11671 1
1.24094e+11 6.46697e+23 6.46697e+23 6.46733e+23 6.46733e+23 6.46733e+23 6.91192e+23 9.39912e+23 0 0 4.64348e+42 93.8365 0.901709 1
1.43301e+11 4.67811e+23 4.67811e+23 4.6784e+23 4.6784e+23 4.6784e+23 5.12702e+23 6.95631e+23 0 0 4.64348e+42 112.33 0.737233 1
1.65482e+11 3.36787e+23 3.36787e+23 3.36811e+23 3.36811e+23 3.36811e+23 3.78793e+23 5.13054e+23 0 0 4.64348e+42 134.469 0.609868 1
1.91095e+11 2.37825e+23 2.37825e+23 2.37844e+23 2.37844e+23 2.37844e+23 2.74366e+23 3.70713e+23 0 0 4.64348e+42 160.971 0.510106 1
2.20673e+11 1.7236e+23 1.7236e+23 1.72375e+23 1.72375e+23 1.72375e+23 2.03718e+23 2.74941e+23 0 0 4.64348e+42 192.696 0.431129 1
2.5483e+11 1.24787e+23 1.24787e+23 1.24799e+23 1.24799e+23 1.24799e+23 1.50752e+23 2.03266e+23 0 0 4.64348e+42 230.673 0.367983 1
2.94273e+11 9.02994e+22 9.02994e+22 9.03082e+22 9.03082e+22 9.03082e+22 1.11168e+23 1.49727e+23 0 0 4.64348e+42 276.135 0.317029 1
3.39821e+11 6.43038e+22 6.43039e+22 6.43105e+22 6.43105e+22 6.43105e+22 8.03967e+22 1.07996e+23 0 0 4.64348e+42 0 0.275565 1
3.92419e+11 4.7125e+22 4.7125e+22 4.713e+22 4.713e+22 4.713e+22 5.96329e+22 7.99717e+22 0 0 4.64348e+42 0 0.241562 1
4.53158e+11 3.45421e+22 3.45421e+22 3.45459e+22 3.45459e+22 3.45459e+22 4.40833e+22 5.90202e+22 0 0 4.64348e+42 0 0.213483 1
5.23299e+11 2.53149e+22 2.53149e+22 2.53177e+22 2.53177e+22 2.53177e+22 3.24722e+22 4.33888e+22 0 0 4.64348e+42 0 0.190154 1
6.04296e+11 1.82417e+22 1.82417e+22 1.82438e+22 1.82438e+22 1.82438e+22 2.34435e+22 3.1214e+22 0 0 4.64348e+42 0 0.170669 1
6.97831e+11 1.35226e+22 1.35226e+22 1.35241e+22 1.35241e+22 1.35241e+22 1.73633e+22 2.30597e+22 0 0 4.64348e+42 0 0.154323 1
8.05842e+11 1.0014e+22 1.0014e+22 1.00151e+22 1.00151e+22 1.00151e+22 1.28147e+22 1.69735e+22 0 0 4.64348e+42 0 0.140565 1
9.30572e+11 7.40381e+21 7.40381e+21 7.40463e+21 7.40463e+21 7.40463e+21 9.42219e+21 1.24414e+22 0 0 4.64348e+42 0 0.12896 1
1.07461e+12 5.37088e+21 5.37088e+21 5.37147e+21 5.37147e+21 5.37147e+21 6.78512e+21 8.91644e+21 0 0 4.64348e+42 0 0.119166 1
1.24094e+12 4.00378e+21 4.00378e+21 4.00421e+21 4.00421e+21 4.00421e+21 5.01407e+21 6.56444e+21 0 0 4.64348e+42 0 0.110908 1
1.43301e+12 2.9767e+21 2.97671e+21 2.97701e+21 2.97701e+21 2.97701e+21 3.69133e+21 4.81351e+21 0 0 4.64348e+42 0 0.103969 1
1.65482e+12 2.20594e+21 2.20594e+21 2.20616e+21 2.20616e+21 2.20616e+21 2.70655e+21 3.51334e+21 0 0 4.64348e+42 0 0.098177 1
1.91095e+12 1.60058e+21 1.60058e+21 1.60073e+21 1.60073e+21 1.60073e+21 1.94194e+21 2.50436e+21 0 0 4.64348e+42 0 0.0933933 1
2.20673e+12 1.19251e+21 1.19251e+21 1.19262e+21 1.19262e+21 1.19262e+21 1.4303e+21 1.83475e+21 0 0 4.64348e+42 0 0.0895108 1
2.5483e+12 8.84915e+20 8.84916e+20 8.84997e+20 8.84997e+20 8.84997e+20 1.04913e+21 1.33814e+21 0 0 4.64348e+42 0 0.0864461 1
2.94273e+12 6.53731e+20 6.53732e+20 6.5379e+20 6.5379e+20 6.5379e+20 7.66156e+20 9.70925e+20 0 0 4.64348e+42 0 0.0841374 1
3.39821e+12 4.71915e+20 4.71915e+20 4.71956e+20 4.71956e+20 4.71956e+20 5.46837e+20 6.86853e+20 0 0 4.64348e+42 0 0.082541 1
3.92419e+12 3.49777e+20 3.49777e+20 3.49806e+20 3.49806e+20 3.49806e+20 4.00868e+20 4.99796e+20 0 0 4.64348e+42 0 0.08163 1
4.53158e+12 2.57958e+20 2.57958e+20 2.57979e+20 2.57979e+20 2.57979e+20 2.92517e+20 3.61813e+20 0 0 4.64348e+42 0 0.0813928 1
5.23299e+12 1.89217e+20 1.89217e+20 1.89232e+20 1.89232e+20 1.89232e+20 2.12402e+20 2.60384e+20 0 0 4.64348e+42 0 0.0818329 1
6.04296e+12 1.35357e+20 1.35357e+20 1.35367e+20 1.35367e+20 1.35367e+20 1.50486e+20 1.82276e+20 0 0 4.64348e+42 0 0.0829683 1
6.97831e+12 9.94707e+19 9.94708e+19 9.94781e+19 9.94781e+19 9.94781e+19 1.0959e+20 1.31405e+20 0 0 4.64348e+42 0 0.0848322 1
8.05842e+12 7.26774e+19 7.26775e+19 7.26826e+19 7.26826e+19 7.26826e+19 7.93921e+19 9.41654e+19 0 0 4.64348e+42 0 0.0874729 1
9.30572e+12 5.27727e+19 5.27727e+19 5.27764e+19 5.27764e+19 5.27764e+19 5.71919e+19 6.70176e+19 0 0 4.64348e+42 0 0.0909553 1
1.07461e+13 3.72819e+19 3.7282e+19 3.72845e+19 3.72845e+19 3.72845e+19 4.01067e+19 4.62425e+19 0 0 4.64348e+42 0 0.0953611 1
1.24094e+13 2.70886e+19 2.70887e+19 2.70905e+19 2.70905e+19 2.70905e+19 2.89425e+19 3.29197e+19 0 0 4.64348e+42 0 0.10079 1
1.43301e+13 1.95529e+19 1.95529e+19 1.95542e+19 1.95542e+19 1.95542e+19 2.07597e+19 2.32691e+19 0 0 4.64348e+42 0 0.10736 1
1.65482e+13 1.40133e+19 1.40134e+19 1.40143e+19 1.40143e+19 1.40143e+19 1.47923e+19 1.6314e+19 0 0 4.64348e+42 0 0.115206 1
1.91095e+13 9.74082e+18 9.74084e+18 9.74145e+18 9.74145e+18 9.74145e+18 1.02278e+19 1.10379e+19 0 0 4.64348e+42 0 0.12448 1
2.20673e+13 6.97622e+18 6.97624e+18 6.97667e+18 6.97667e+18 6.97667e+18 7.28954e+18 7.72597e+18 0 0 4.64348e+42 0 0.135345 1
2.5483e+13 4.95825e+18 4.95826e+18 4.95857e+18 4.95857e+18 4.95857e+18 5.15808e+18 5.36155e+18 0 0 4.64348e+42 0 0.147968 1
2.94273e+13 3.49502e+18 3.49503e+18 3.49524e+18 3.49524e+18 3.49524e+18 3.62129e+18 3.68428e+18 0 0 4.64348e+42 0 0.162507 1
3.39821e+13 2.3787e+18 2.37871e+18 2.37886e+18 2.37886e+18 2.37886e+18 2.45567e+18 2.42703e+18 0 0 4.64348e+42 0 0.179093 1
3.92419e+13 1.67251e+18 1.67252e+18 1.67262e+18 1.67262e+18 1.67262e+18 1.72094e+18 1.66084e+18 0 0 4.64348e+42 0 0.197804 1
4.53158e+13 1.16537e+18 1.16538e+18 1.16545e+18 1.16545e+18 1.16545e+18 1.19555e+18 1.12463e+18 0 0 4.64348e+42 0 0.218621 1
5.23299e+13 8.04049e+17 8.0406e+17 8.04108e+17 8.04108e+17 8.04108e+17 8.22656e+17 7.52388e+17 0 0 4.64348e+42 0 0.241387 1
6.04296e+13 5.32161e+17 5.32171e+17 5.32202e+17 5.32202e+17 5.32202e+17 5.4316e+17 4.77912e+17 0 0 4.64348e+42 0 0.265741 1
6.97831e+13 3.65318e+17 3.65326e+17 3.65348e+17 3.65348e+17 3.65348e+17 3.72059e+17 3.17332e+17 0 0 4.64348e+42 0 0.291055 1
8.05842e+13 2.48032e+17 2.48039e+17 2.48053e+17 2.48053e+17 2.48053e+17 2.52117e+17 2.0797e+17 0 0 4.64348e+42 0 0.316368 1
9.30572e+13 1.66385e+17 1.6639e+17 1.664e+17 1.664e+17 1.664e+17 1.6883e+17 1.34259e+17 0 0 4.64348e+42 0 0.340344 1
1.07461e+14 1.06038e+17 1.06042e+17 1.06048e+17 1.06048e+17 1.06048e+17 1.07428e+17 8.11234e+16 0 0 4.64348e+42 0 0 1
1.24094e+14 7.05187e+16 7.05227e+16 7.05269e+16 7.05269e+16 7.05269e+16 7.13448e+16 5.17441e+16 0 0 4.64348e+42 0 0 1
1.43301e+14 4.62536e+16 4.62583e+16 4.6261e+16 4.6261e+16 4.6261e+16 4.67391e+16 3.24672e+16 0 0 4.64348e+42 0 0 1
1.65482e+14 2.98805e+16 2.98867e+16 2.98885e+16 2.98885e+16 2.98885e+16 3.01638e+16 1.99875e+16 0 0 4.64348e+42 0 0 1
1.91095e+14 1.80707e+16 1.80784e+16 1.80795e+16 1.80795e+16 1.80795e+16 1.8228e+16 1.12692e+16 0 0 4.64348e+42 0 0 1
2.20673e+14 1.15096e+16 1.15193e+16 1.152e+16 1.152e+16 1.152e+16 1.16045e+16 6.81241e+15 0 0 4.64348e+42 0 0 1
2.5483e+14 7.20016e+15 7.21118e+15 7.21161e+15 7.21161e+15 7.21161e+15 7.25881e+15 4.03357e+15 0 0 4.64348e+42 0 0 1
2.94273e+14 4.41654e+15 4.42788e+15 4.42815e+15 4.42815e+15 4.42815e+15 4.45407e+15 2.33109e+15 0 0 4.64348e+42 0 0 1
3.39821e+14 2.47762e+15 2.48754e+15 2.48769e+15 2.48769e+15 2.48769e+15 2.50073e+15 1.19254e+15 0 0 4.64348e+42 0 0 1
3.92419e+14 1.48604e+15 1.49473e+15 1.49482e+15 1.49482e+15 1.49482e+15 1.50186e+15 6.70983e+14 0 0 4.64348e+42 0 0 1
4.53158e+14 8.70468e+14 8.77484e+14 8.77538e+14 8.77538e+14 8.77538e+14 8.8126e+14 3.67738e+14 0 0 4.64348e+42 0 0 1
5.23299e+14 4.97119e+14 5.0237e+14 5.02401e+14 5.02401e+14 5.02401e+14 5.04327e+14 1.95412e+14 0 0 4.64348e+42 0 0 1
6.04296e+14 2.50154e+14 2.53467e+14 2.53483e+14 2.53483e+14 2.53483e+14 2.54365e+14 8.70237e+13 0 0 4.64348e+42 0 0 1
6.97831e+14 1.3812e+14 1.40326e+14 1.40335e+14 1.40335e+14 1.40335e+14 1.40781e+14 4.44712e+13 0 0 4.64348e+42 0 0 1
8.05842e+14 7.39044e+13 7.52816e+13 7.52863e+13 7.52863e+13 7.52863e+13 7.55058e+13 2.19877e+13 0 0 4.64348e+42 0 0 1
9.30572e+14 3.8272e+13 3.90795e+13 3.9082e+13 3.9082e+13 3.9082e+13 3.91873e+13 1.04536e+13 0 0 4.64348e+42 0 0 1
1.07461e+15 1.64057e+13 1.67875e+13 1.67886e+13 1.67886e+13 1.67886e+13 1.68307e+13 3.80286e+12 0 0 4.64348e+42 0 0 1
1.24094e+15 8.06726e+12 8.26964e+12 8.27017e+12 8.27017e+12 8.27017e+12 8.28969e+12 1.70587e+12 0 0 4.64348e+42 0 0 1
1.43301e+15 3.79656e+12 3.89716e+12 3.89742e+12 3.89742e+12 3.89742e+12 3.90615e+12 7.34573e+11 0 0 4.64348e+42 0 0 1
1.65482e+15 1.71081e+12 1.75784e+12 1.75795e+12 1.75795e+12 1.75795e+12 1.76173e+12 3.01276e+11 0 0 4.64348e+42 0 0 1
1.91095e+15 5.73897e+11 5.90007e+11 5.90046e+11 5.90046e+11 5.90046e+11 5.91274e+11 8.06605e+10 0 0 4.64348e+42 0 0 1
2.20673e+15 2.3829e+11 2.45024e+11 2.4504e+11 2.4504e+11 2.4504e+11 2.4554e+11 3.0151e+10 0 0 4.64348e+42 0 0 1
2.5483e+15 9.25397e+10 9.51399e+10 9.51462e+10 9.51462e+10 9.51462e+10 9.53379e+10 1.07323e+10 0 0 4.64348e+42 0 0 1
2.94273e+15 3.37297e+10 3.46615e+10 3.46638e+10 3.46638e+10 3.46638e+10 3.47336e+10 3.62202e+09 0 0 4.64348e+42 0 0 1
3.39821e+15 7.74351e+09 7.95172e+09 7.95225e+09 7.95225e+09 7.95225e+09 7.96838e+09 5.92959e+08 0 0 4.64348e+42 0 0 1
3.92419e+15 2.48953e+09 2.5541e+09 2.55428e+09 2.55428e+09 2.55428e+09 2.55954e+09 1.68584e+08 0 0 4.64348e+42 0 0 1
4.53158e+15 7.15922e+08 7.33696e+08 7.33746e+08 7.33746e+08 7.33746e+08 7.35294e+08 4.50062e+07 0 0 4.64348e+42 0 0 1
5.23299e+15 1.8242e+08 1.86724e+08 1.86737e+08 1.86737e+08 1.86737e+08 1.87143e+08 1.15633e+07 0 0 4.64348e+42 0 0 1
6.04296e+15 2.34206e+07 2.39423e+07 2.3944e+07 2.3944e+07 2.3944e+07 2.39978e+07 883630 0 0 4.64348e+42 0 0 1
6.97831e+15 5.01571e+06 5.12063e+06 5.12098e+06 5.12098e+06 5.12098e+06 5.13294e+06 162062 0 0 4.64348e+42 0 0 1
8.05842e+15 890668 908071 908134 908134 908134 910343 26399.9 0 0 4.64348e+42 0 0 1
9.30572e+15 122197 124417 124425 124425 124425 124742 4215.62 0 0 4.64348e+42 0 0 1
1.07461e+16 6121.79 6224.77 6225.21 6225.21 6225.21 6241.74 114.288 0 0 4.64348e+42 0 0 1
1.24094e+16 657.127 667.324 667.371 667.371 667.371 669.226 10.1619 0 0 4.64348e+42 0 0 1
1.43301e+16 51.2908 52.0224 52.0262 52.0262 52.0262 52.1775 0.684035 0 0 4.64348e+42 0 0 1
1.65482e+16 2.6299 2.66428 2.66447 2.66447 2.66447 2.67258 0.0412439 0 0 4.64348e+42 0 0 1
1.91095e+16 0.0262132 0.0265265 0.0265284 0.0265284 0.0265284 0.0266128 0.000262147 0 0 4.64348e+42 0 0 1
2.20673e+16 0.000861373 0.000870757 0.000870821 0.000870821 0.000870821 0.000873716 7.00697e-06 0 0 4.64348e+42 0 0 1
2.5483e+16 1.51595e-05 1.53097e-05 1.53108e-05 1.53108e-05 1.53108e-05 1.53639e-05 1.06847e-07 0 0 4.64348e+42 0 0 1
2.94273e+16 1.36148e-07 1.37372e-07 1.37382e-07 1.37382e-07 1.37382e-07 1.37879e-07 9.50799e-10 0 0 4.64348e+42 0 0 1
3.39821e+16 1.09765e-10 1.10659e-10 1.10668e-10 1.10668e-10 1.10668e-10 1.11084e-10 6.82697e-13 0 0 4.64348e+42 0 0 1
3.92419e+16 3.33141e-13 3.35596e-13 3.35621e-13 3.35621e-13 3.35621e-13 3.3693e-13 1.97498e-15 0 0 4.64348e+42 0 0 1
4.53158e+16 3.01451e-16 3.03456e-16 3.03479e-16 3.03479e-16 3.03479e-16 3.04706e-16 1.76028e-18 0 0 4.64348e+42 0 0 1
5.23299e+16 8.12509e-20 8.17381e-20 8.17443e-20 8.17443e-20 8.17443e-20 8.20862e-20 4.72764e-22 0 0 4.64348e+42 0 0 1
6.04296e+16 1.02628e-24 1.03182e-24 1.0319e-24 1.0319e-24 1.0319e-24 1.03635e-24 5.95275e-27 0 0 4.64348e+42 0 0 1
6.97831e+16 2.68938e-29 2.70243e-29 2.70264e-29 2.70264e-29 2.70264e-29 2.71466e-29 1.55855e-31 0 0 4.64348e+42 0 0 1
8.05842e+16 9.70778e-35 9.75007e-35 9.75082e-35 9.75082e-35 9.75082e-35 9.79541e-35 5.62301e-37 0 0 4.64348e+42 0 0 1
9.30572e+16 0 0 0 0 0 0 0 0 0 4.64348e+42 0 0 1