
1.07461e-07 0 0 0 4.35828e+51 1.15192e+60 0 0 3.93701e+43 0 4.64348e+42 0 0 0
1.24094e-07 0 0 0 4.92106e+51 1.02331e+60 0 0 4.54639e+43 0 4.64348e+42 0 0 0
1.43301e-07 0 0 0 5.54278e+51 9.0678e+59 0 0 5.25008e+43 0 4.64348e+42 0 0 0
1.65482e-07 0 0 2.8801e-244 6.2261e+51 8.01309e+59 0 0 6.0627e+43 0 4.64348e+42 0 0 0
1.91095e-07 0 0 1.24166e-204 6.97287e+51 7.05962e+59 0 0 7.0011e+43 0 4.64348e+42 0 0 0
2.20673e-07 0 0 2.63836e-170 7.7839e+51 6.19901e+59 0 0 8.08474e+43 0 4.64348e+42 0 0 0
2.5483e-07 0 0 1.42053e-140 8.65866e+51 5.4237e+59 0 0 9.33612e+43 0 4.64348e+42 0 0 0
2.94273e-07 0 0 7.99988e-115 9.59514e+51 4.72688e+59 0 0 1.07812e+44 0 4.64348e+42 0 0 0
3.39821e-07 0 0 1.60851e-92 1.05897e+52 4.10238e+59 0 0 1.24499e+44 0 4.64348e+42 0 0 0
3.92419e-07 0 0 3.34341e-73 1.16371e+52 3.54463e+59 0 0 1.43769e+44 0 4.64348e+42 0 0 0
4.53158e-07 0 0 1.80397e-56 1.27309e+52 3.04856e+59 0 0 1.66022e+44 0 4.64348e+42 0 0 0
5.23299e-07 0 0 5.6082e-42 1.38641e+52 2.6095e+59 0 0 1.9172e+44 0 4.64348e+42 0 0 0
6.04296e-07 0 0 2.00397e-29 1.50299e+52 2.22315e+59 0 0 2.21394e+44 0 4.64348e+42 0 0 0
6.97831e-07 0 0 1.49705e-18 1.6224e+52 1.88545e+59 0 0 2.55662e+44 0 4.64348e+42 0 0 0
8.05842e-07 0 0 3.92606e-09 1.74461e+52 1.59253e+59 0 0 2.95234e+44 0 4.64348e+42 0 0 0
9.30572e-07 0 0 0.566421 1.87034e+52 1.34064e+59 0 0 3.40931e+44 0 4.64348e+42 0 0 0
1.07461e-06 0 0 6.63617e+06 2.00128e+52 1.12607e+59 0 0 3.93701e+44 0 4.64348e+42 0 0 0
1.24094e-06 0 0 8.85065e+12 2.14045e+52 9.45116e+58 0 0 4.54639e+44 0 4.64348e+42 0 0 0
1.43301e-06 0 0 1.80117e+18 2.29238e+52 7.94052e+58 0 0 5.25008e+44 0 4.64348e+42 0 0 0
1.65482e-06 0 0 7.21145e+22 2.46322e+52 6.69137e+58 0 0 6.0627e+44 0 4.64348e+42 0 0 0
1.91095e-06 0 0 7.07997e+26 2.66055e+52 5.66656e+58 0 0 7.0011e+44 0 4.64348e+42 0 0 0
2.20673e-06 0 0 2.06234e+30 2.89299e+52 4.8299e+58 0 0 8.08474e+44 0 4.64348e+42 0 0 0
2.5483e-06 0 0 2.1013e+33 3.16948e+52 4.1472e+58 0 0 9.33612e+44 0 4.64348e+42 0 0 0
2.94273e-06 0 0 8.62958e+35 3.49854e+52 3.58733e+58 0 0 1.07812e+45 0 4.64348e+42 0 0 0
3.39821e-06 0 0 1.61372e+38 3.88755e+52 3.12327e+58 0 0 1.24499e+45 0 4.64348e+42 0 0 0
3.92419e-06 0 0 1.52604e+40 4.34241e+52 2.73278e+58 0 0 1.43769e+45 0 4.64348e+42 0 0 0
4.53158e-06 0 0 7.98862e+41 4.86783e+52 2.39865e+58 0 0 1.66022e+45 0 4.64348e+42 0 0 0
5.23299e-06 0 0 2.5034e+43 5.4681e+52 2.10833e+58 0 0 1.9172e+45 0 4.64348e+42 0 0 0
6.04296e-06 0 0 5.02634e+44 6.14835e+52 1.85318e+58 0 0 2.21394e+45 0 4.64348e+42 0 0 0
6.97831e-06 0 0 6.86035e+45 6.91573e+52 1.62745e+58 0 0 2.55662e+45 0 4.64348e+42 0 0 0
8.05842e-06 0 0 6.70237e+46 7.78041e+52 1.42724e+58 0 0 2.95234e+45 0 4.64348e+42 0 0 0
9.30572e-06 0 0 4.90268e+47 8.75612e+52 1.24976e+58 0 0 3.40931e+45 0 4.64348e+42 0 0 0
1.07461e-05 0 0 2.79231e+48 9.86057e+52 1.09276e+58 0 0 3.93701e+45 0 4.64348e+42 0 0 0
1.24094e-05 0 0 1.2811e+49 1.11156e+53 9.54249e+57 0 0 4.54639e+45 0 4.64348e+42 0 0 0
1.43301e-05 0 0 4.87632e+49 1.25477e+53 8.32385e+57 0 0 5.25008e+45 0 4.64348e+42 0 0 0
1.65482e-05 0 0 1.57969e+50 1.4188e+53 7.25431e+57 0 0 6.0627e+45 0 4.64348e+42 0 0 0
1.91095e-05 0 0 4.45242e+50 1.60728e+53 6.31744e+57 0 0 7.00109e+45 0 4.64348e+42 0 0 0
2.20673e-05 0 0 1.11282e+51 1.82441e+53 5.49791e+57 0 0 8.08474e+45 0 4.64348e+42 0 0 0
2.5483e-05 0 0 2.50716e+51 2.07507e+53 4.7816e+57 0 0 9.33611e+45 0 4.64348e+42 0 0 0
2.94273e-05 0 0 5.16456e+51 2.36495e+53 4.15573e+57 0 0 1.07812e+46 0 4.64348e+42 0 0 0
3.39821e-05 0 0 9.84728e+51 2.70085e+53 3.60894e+57 0 0 1.24499e+46 0 4.64348e+42 0 0 0
3.92419e-05 0 0 1.75659e+52 3.09092e+53 3.13127e+57 0 0 1.43769e+46 0 4.64348e+42 0 0 0
4.53158e-05 0 0 2.95891e+52 3.54502e+53 2.71406e+57 0 0 1.66022e+46 0 4.64348e+42 0 0 0
5.23299e-05 0 0 4.74456e+52 4.07499e+53 2.34983e+57 0 0 1.91719e+46 0 4.64348e+42 0 0 0
6.04296e-05 0 0 7.29253e+52 4.69493e+53 2.03205e+57 0 0 2.21394e+46 0 4.64348e+42 0 0 0
6.97831e-05 0 0 1.08086e+53 5.42149e+53 1.75501e+57 0 0 2.55661e+46 0 4.64348e+42 0 0 0
8.05842e-05 0 0 1.55271e+53 6.27435e+53 1.5137e+57 0 0 2.95233e+46 0 4.64348e+42 0 0 0
9.30572e-05 0 0 2.17149e+53 7.27689e+53 1.30371e+57 0 0 3.4093e+46 0 4.64348e+42 0 0 0
0.000107461 0 0 2.96773e+53 8.45704e+53 1.12115e+57 0 0 3.93699e+46 0 4.64348e+42 0 0 0
0.000124094 0 0 3.97669e+53 9.8482e+53 9.6262e+56 0 0 4.54636e+46 0 4.64348e+42 0 0 0
0.000143301 0 0 5.23939e+53 1.14902e+54 8.25114e+56 0 0 5.25006e+46 0 4.64348e+42 0 0 0
0.000165482 0 0 6.80391e+53 1.34305e+54 7.06e+56 0 0 6.06266e+46 0 4.64348e+42 0 0 0
0.000191095 0 0 8.72692e+53 1.57257e+54 6.02964e+56 0 0 7.00105e+46 0 4.64348e+42 0 0 0
0.000220673 0 0 1.10756e+54 1.84432e+54 5.1397e+56 0 0 8.08468e+46 0 4.64348e+42 0 0 0
0.00025483 0 0 1.39299e+54 2.16637e+54 4.37228e+56 0 0 9.33603e+46 0 4.64348e+42 0 0 0
0.000294273 0 0 1.73852e+54 2.54834e+54 3.71165e+56 0 0 1.07811e+47 0 4.64348e+42 0 0 0
0.000339821 0 0 2.15555e+54 3.00177e+54 3.14399e+56 0 0 1.24497e+47 0 4.64348e+42 0 0 0
0.000392419 0 0 2.65776e+54 3.54045e+54 2.65716e+56 0 0 1.43767e+47 0 4.64348e+42 0 0 0
0.000453158 0 0 3.26154e+54 4.18092e+54 2.2405e+56 0 0 1.66019e+47 0 4.64348e+42 0 0 0
0.000523299 0 0 3.98658e+54 4.94304e+54 1.88466e+56 0 0 1.91716e+47 0 4.64348e+42 0 0 0
0.000604296 0 0 4.85657e+54 5.85066e+54 1.58144e+56 0 0 2.21389e+47 0 4.64348e+42 0 0 0
0.000697831 0 0 5.90005e+54 6.93251e+54 1.32368e+56 0 0 2.55655e+47 0 4.64348e+42 0 0 0
0.000805842 0 0 7.15144e+54 8.2232e+54 1.10508e+56 0 0 2.95225e+47 0 4.64348e+42 0 0 0
0.000930572 0 0 8.65164e+54 9.76376e+54 9.20174e+55 0 0 3.40919e+47 0 4.64348e+42 0 0 0
0.00107461 0 0 1.04386e+55 1.1591e+55 7.64174e+55 0 0 3.93685e+47 0 4.64348e+42 0 0 0
0.00124094 0 0 1.24855e+55 1.36706e+55 6.32917e+55 0 0 4.54617e+47 0 4.64348e+42 0 0 0
0.00143301 0 0 1.45765e+55 1.57673e+55 5.22785e+55 0 0 5.24979e+47 0 4.64348e+42 0 0 0
0.00165482 0 0 1.62896e+55 1.74358e+55 4.3064e+55 0 0 6.06232e+47 0 4.64348e+42 0 0 0
0.00191095 0 0 1.72078e+55 1.82516e+55 3.53767e+55 0 0 7.00059e+47 0 4.64348e+42 0 0 0
0.00220673 0 0 1.71568e+55 1.80545e+55 2.89822e+55 0 0 8.08406e+47 0 4.64348e+42 0 0 0
0.0025483 0 0 1.62453e+55 1.69788e+55 2.3679e+55 0 0 9.3352e+47 0 4.64348e+42 0 0 0
0.00294273 0 0 1.47442e+55 1.5319e+55 1.92939e+55 0 0 1.078e+48 0 4.64348e+42 0 0 0
0.00339821 0 0 1.29465e+55 1.33824e+55 1.56789e+55 0 0 1.24483e+48 0 4.64348e+42 0 0 0
0.00392419 0 0 1.1086e+55 1.14085e+55 1.27076e+55 0 0 1.43748e+48 0 4.64348e+42 0 0 0
0.00453158 0 0 9.31591e+54 9.55015e+54 1.02726e+55 0 0 1.65993e+48 0 4.64348e+42 0 0 0
0.00523299 0 0 7.71901e+54 7.8868e+54 8.28316e+54 0 0 1.91681e+48 0 4.64348e+42 0 0 0
0.00604296 0 0 6.32843e+54 6.44738e+54 6.66237e+54 0 0 2.21343e+48 0 4.64348e+42 0 0 0
0.00697831 0 0 5.14656e+54 5.23023e+54 5.34572e+54 0 0 2.55593e+48 0 4.64348e+42 0 0 0
0.00805842 0 0 4.15913e+54 4.21761e+54 4.27914e+54 0 0 2.95142e+48 0 4.64348e+42 0 0 0
0.00930572 0 0 3.34428e+54 3.38496e+54 3.4175e+54 0 0 3.40809e+48 0 4.64348e+42 0 0 0
0.0107461 0 0 2.67799e+54 2.70618e+54 2.72327e+54 0 0 3.93538e+48 0 4.64348e+42 0 0 0
0.0124094 0 0 2.13699e+54 2.15646e+54 2.16538e+54 0 0 4.54421e+48 0 4.64348e+42 0 0 0
0.0143301 0 0 1.70013e+54 1.71354e+54 1.71817e+54 0 0 5.24719e+48 0 4.64348e+42 0 0 0
0.0165482 0 0 1.34895e+54 1.35815e+54 1.36054e+54 0 0 6.05884e+48 0 4.64348e+42 0 0 0
0.0191095 0 0 1.0677e+54 1.07401e+54 1.07523e+54 0 0 6.99595e+48 0 4.64348e+42 0 0 0
0.0220673 0 0 8.43185e+53 8.47496e+53 8.48123e+53 0 0 8.07788e+48 0 4.64348e+42 0 0 0
0.025483 0 0 6.64475e+53 6.67416e+53 6.67735e+53 0 0 9.32696e+48 0 4.64348e+42 0 0 0
0.0294273 0 0 5.22592e+53 5.24595e+53 5.24756e+53 0 0 1.0769e+49 0 4.64348e+42 0 0 0
0.0339821 0 0 4.10217e+53 4.11578e+53 4.11659e+53 0 0 1.24336e+49 0 4.64348e+42 0 0 0
0.0392419 0 0 3.21409e+53 3.22332e+53 3.22373e+53 0 0 1.43552e+49 0 4.64348e+42 0 0 0
0.0453158 0 0 2.51375e+53 2.52e+53 2.5202e+53 0 0 1.65733e+49 0 4.64348e+42 0 0 0
0.0523299 0 0 1.96254e+53 1.96677e+53 1.96687e+53 0 0 1.91334e+49 0 4.64348e+42 0 0 0
0.0604296 0 0 1.52956e+53 1.53242e+53 1.53247e+53 0 0 2.2088e+49 0 4.64348e+42 0 0 0
0.0697831 0 0 1.19008e+53 1.192e+53 1.19203e+53 0 0 2.54976e+49 0 4.64348e+42 0 0 0
0.0805842 0 0 9.24393e+52 9.25685e+52 9.25697e+52 0 0 2.94319e+49 0 4.64348e+42 0 0 0
0.0930572 0 0 7.16827e+52 7.17694e+52 7.177e+52 0 0 3.39711e+49 0 4.64348e+42 0 0 0
0.107461 0 0 5.54952e+52 5.55534e+52 5.55537e+52 0 0 3.92074e+49 0 4.64348e+42 0 0 0
0.124094 0 0 4.28929e+52 4.29319e+52 4.29321e+52 0 0 4.5247e+49 0 4.64348e+42 0 0 0
0.143301 0 0 3.30989e+52 3.31249e+52 3.31251e+52 0 0 5.22118e+49 0 4.64348e+42 0 0 0
0.165482 0 0 2.55003e+52 2.55177e+52 2.55177e+52 0 0 6.02417e+49 0 4.64348e+42 0 0 0
0.191095 8.22057e-195 8.22057e-195 1.9615e+52 1.96266e+52 1.96266e+52 0 0 6.94973e+49 7.87754e-196 4.64348e+42 0 0 0
0.220673 2.3529e-130 2.3529e-130 1.50645e+52 1.50721e+52 1.50722e+52 0 0 8.01626e+49 2.54226e-131 4.64348e+42 0 0 0
0.25483 8.70818e-83 8.70818e-83 1.15519e+52 1.1557e+52 1.1557e+52 0 0 9.24484e+49 1.06252e-83 4.64348e+42 0 0 0
0.294273 1.07479e-47 1.07479e-47 8.84516e+51 8.84854e+51 8.84854e+51 0 0 1.06595e+50 1.4831e-48 4.64348e+42 0 0 0
0.339821 8.04749e-22 8.04749e-22 6.76283e+51 6.76507e+51 6.76507e+51 0 0 1.22878e+50 1.25769e-22 4.64348e+42 0 0 0
0.392419 0.00936981 0.00936981 5.16354e+51 5.16502e+51 5.16502e+51 0 0 1.41609e+50 0.00166078 4.64348e+42 0 0 0
0.453158 1.02177e+12 1.02177e+12 3.93723e+51 3.9382e+51 3.9382e+51 0 0 1.63143e+50 2.05673e+11 4.64348e+42 0 0 0
0.523299 2.1554e+22 2.1554e+22 2.99841e+51 2.99906e+51 2.99906e+51 0 0 1.87883e+50 4.93327e+21 4.64348e+42 0 0 0
0.604296 8.23688e+29 8.23688e+29 2.2808e+51 2.28123e+51 2.28123e+51 0 0 2.16284e+50 2.14613e+29 4.64348e+42 0 0 0
0.697831 2.97677e+35 2.97677e+35 1.7331e+51 1.73338e+51 1.73338e+51 0 0 2.48856e+50 8.83854e+34 4.64348e+42 0 0 0
0.805842 3.44828e+39 3.44828e+39 1.31566e+51 1.31584e+51 1.31584e+51 0 0 2.86171e+50 1.16787e+39 4.64348e+42 0 0 0
0.930572 3.15418e+42 3.15418e+42 9.97931e+50 9.98052e+50 9.98052e+50 0 0 3.28864e+50 1.21952e+42 4.64348e+42 0 0 0
1.07461 4.43363e+44 4.43363e+44 7.56394e+50 7.56473e+50 7.56473e+50 0 0 3.7764e+50 1.95831e+44 4.64348e+42 0 0 0
1.24094 1.56582e+46 1.56582e+46 5.72984e+50 5.73036e+50 5.73036e+50 0 0 4.33267e+50 7.90553e+45 4.64348e+42 0 0 0
1.43301 1.99745e+47 1.99745e+47 4.33851e+50 4.33885e+50 4.33885e+50 0 0 4.9658e+50 1.15325e+47 4.64348e+42 0 0 0
1.65482 1.20318e+48 1.20318e+48 3.28398e+50 3.2842e+50 3.2842e+50 0 0 5.68471e+50 7.94628e+47 4.64348e+42 0 0 0
1.91095 4.17048e+48 4.17048e+48 2.4853e+50 2.48545e+50 2.48545e+50 0 0 6.49872e+50 3.15124e+48 4.64348e+42 0 0 0
2.20673 9.62531e+48 9.62531e+48 1.88076e+50 1.88085e+50 1.88085e+50 0 0 7.41742e+50 8.32121e+48 4.64348e+42 0 0 0
2.5483 1.64725e+49 1.64725e+49 1.42336e+50 1.42342e+50 1.42342e+50 0 0 8.45023e+50 1.62918e+49 4.64348e+42 0 0 0
2.94273 2.26306e+49 2.26306e+49 1.0774e+50 1.07744e+50 1.07744e+50 0 0 9.606e+50 2.56007e+49 4.64348e+42 0 0 0
3.39821 2.64626e+49 2.64626e+49 8.15762e+49 8.15789e+49 8.15789e+49 0 0 1.08923e+51 3.42291e+49 4.64348e+42 0 0 0
3.92419 2.74978e+49 2.74978e+49 6.17904e+49 6.17922e+49 6.17922e+49 0 0 1.23144e+51 4.06517e+49 4.64348e+42 0 0 0
4.53158 2.62108e+49 2.62108e+49 4.68263e+49 4.68275e+49 4.68275e+49 0 0 1.38742e+51 4.4264e+49 4.64348e+42 0 0 0
5.23299 2.34601e+49 2.34601e+49 3.55062e+49 3.5507e+49 3.5507e+49 0 0 1.55686e+51 4.52295e+49 4.64348e+42 0 0 0
6.04296 2.00593e+49 2.00593e+49 2.69401e+49 2.69406e+49 2.69406e+49 0 0 1.73873e+51 4.41188e+49 4.64348e+42 0 0 0
6.97831 1.65929e+49 1.65929e+49 2.0455e+49 2.04553e+49 2.04553e+49 0 0 1.93106e+51 4.16017e+49 4.64348e+42 0 0 0
8.05842 1.34021e+49 1.34021e+49 1.55429e+49 1.55431e+49 1.55431e+49 0 0 2.13062e+51 3.82718e+49 4.64348e+42 0 0 0
9.30572 1.06421e+49 1.06421e+49 1.18199e+49 1.18201e+49 1.18201e+49 0 0 2.33264e+51 3.45824e+49 4.64348e+42 0 0 0
10.7461 8.34906e+48 8.34906e+48 8.99648e+48 8.99657e+48 8.99657e+48 0 0 2.53047e+51 3.08442e+49 4.64348e+42 0 0 0
12.4094 6.49511e+48 6.49511e+48 6.8536e+48 6.85366e+48 6.85366e+48 0 0 2.7153e+51 2.72514e+49 4.64348e+42 0 0 0
14.3301 5.02369e+48 5.02369e+48 5.22603e+48 5.22607e+48 5.22607e+48 0 0 2.87604e+51 2.39125e+49 4.64348e+42 0 0 0
16.5482 3.87065e+48 3.87065e+48 3.98885e+48 3.98888e+48 3.98888e+48 0 0 2.99942e+51 2.08782e+49 4.64348e+42 0 0 0
19.1095 2.97493e+48 2.97493e+48 3.04765e+48 3.04767e+48 3.04767e+48 0 0 3.07056e+51 1.81624e+49 4.64348e+42 0 0 0
22.0673 2.28317e+48 2.28317e+48 2.33101e+48 2.33102e+48 2.33102e+48 0 0 3.07415e+51 1.57569e+49 4.64348e+42 0 0 0
25.483 1.751e+48 1.751e+48 1.78486e+48 1.78486e+48 1.78486e+48 0 0 2.99647e+51 1.36416e+49 4.64348e+42 0 0 0
29.4273 1.34258e+48 1.34258e+48 1.36824e+48 1.36824e+48 1.36824e+48 0 0 2.82821e+51 1.17909e+49 4.64348e+42 0 0 0
33.9821 1.02956e+48 1.02956e+48 1.05011e+48 1.05012e+48 1.05012e+48 0 0 2.568e+51 1.01773e+49 4.64348e+42 0 0 0
39.2419 7.89795e+47 7.89795e+47 8.0693e+47 8.06932e+47 8.06932e+47 0 0 2.22576e+51 8.7737e+48 4.64348e+42 0 0 0
45.3158 6.06146e+47 6.06146e+47 6.20806e+47 6.20808e+47 6.20808e+47 0 0 1.82457e+51 7.5549e+48 4.64348e+42 0 0 0
52.3299 4.6542e+47 4.6542e+47 4.78169e+47 4.7817e+47 4.7817e+47 0 0 1.3995e+51 6.49775e+48 4.64348e+42 0 0 0
60.4296 3.57512e+47 3.57512e+47 3.6871e+47 3.6871e+47 3.6871e+47 0 0 9.92019e+50 5.58156e+48 4.64348e+42 0 0 0
69.7831 2.74705e+47 2.74705e+47 2.84597e+47 2.84598e+47 2.84598e+47 0 0 6.40685e+50 4.78803e+48 4.64348e+42 0 0 0
80.5842 2.11112e+47 2.11112e+47 2.19881e+47 2.19882e+47 2.19882e+47 0 0 3.70991e+50 4.10108e+48 4.64348e+42 0 0 0
93.0572 1.62242e+47 1.62242e+47 1.70033e+47 1.70034e+47 1.70034e+47 0 0 1.8914e+50 3.50666e+48 4.64348e+42 0 0 0
107.461 1.24669e+47 1.24669e+47 1.31599e+47 1.31599e+47 1.31599e+47 0 0 8.31708e+49 2.99255e+48 4.64348e+42 0 0 0
124.094 9.57678e+46 9.57678e+46 1.01938e+47 1.01938e+47 1.01938e+47 0 0 3.0815e+49 2.54813e+48 4.64348e+42 0 0 0
143.301 7.35299e+46 7.35299e+46 7.90252e+46 7.90253e+46 7.90253e+46 0 0 9.36553e+48 2.16419e+48 4.64348e+42 0 0 0
165.482 5.64133e+46 5.64133e+46 6.13085e+46 6.13086e+46 6.13086e+46 0 0 2.26422e+48 1.83276e+48 4.64348e+42 0 0 0
191.095 4.32355e+46 4.32355e+46 4.75959e+46 4.75959e+46 4.75959e+46 0 0 4.20262e+47 1.54693e+48 4.64348e+42 0 0 0
220.673 3.30893e+46 3.30893e+46 3.69719e+46 3.6972e+46 3.6972e+46 0 0 5.74869e+46 1.30073e+48 4.64348e+42 0 0 0
254.83 2.52781e+46 2.52781e+46 2.87333e+46 2.87333e+46 2.87333e+46 0 0 5.52772e+45 1.08897e+48 4.64348e+42 0 0 0
294.273 1.92666e+46 1.92666e+46 2.23387e+46 2.23387e+46 2.23387e+46 0 0 3.53801e+44 9.07199e+47 4.64348e+42 0 0 0
339.821 1.4643e+46 1.4643e+46 1.7371e+46 1.7371e+46 1.7371e+46 0 0 1.4153e+43 7.51529e+47 4.64348e+42 0 0 0
392.419 1.109e+46 1.109e+46 1.35086e+46 1.35086e+46 1.35086e+46 0 0 3.29015e+41 6.18606e+47 4.64348e+42 0 0 0
453.158 8.36328e+45 8.36328e+45 1.05031e+46 1.05031e+46 1.05031e+46 0 0 4.08677e+39 5.05517e+47 4.64348e+42 0 0 0
523.299 6.27442e+45 6.27442e+45 8.16261e+45 8.16261e+45 8.16261e+45 0 0 2.46154e+37 4.09725e+47 4.64348e+42 0 0 0
604.296 4.67813e+45 4.67813e+45 6.33888e+45 6.33888e+45 6.33888e+45 0 0 6.42754e+34 3.29019e+47 4.64348e+42 0 0 0
697.831 3.46225e+45 3.46225e+45 4.91723e+45 4.91723e+45 4.91723e+45 0 0 6.39303e+31 2.61459e+47 4.64348e+42 0 0 0
805.842 2.54009e+45 2.54009e+45 3.80885e+45 3.80885e+45 3.80885e+45 0 0 2.086e+28 2.05334e+47 4.64348e+42 0 0 0
930.572 1.84455e+45 1.84455e+45 2.94488e+45 2.94488e+45 2.94488e+45 0 0 1.87907e+24 1.59131e+47 4.64348e+42 0 0 0
1074.61 1.32357e+45 1.32357e+45 2.27181e+45 2.27181e+45 2.27181e+45 0 0 3.82888e+19 1.21498e+47 4.64348e+42 0 0 0
1240.94 9.36684e+44 9.36684e+44 1.74797e+45 1.74797e+45 1.74797e+45 0 0 1.40214e+14 9.12243e+46 4.64348e+42 0 0 0
1433.01 6.52399e+44 6.52399e+44 1.34089e+45 1.34089e+45 1.34089e+45 0 0 7.07497e+07 6.72184e+46 4.64348e+42 0 0 0
1654.82 4.46148e+44 4.46148e+44 1.02514e+45 1.02514e+45 1.02514e+45 0 0 3.61941 4.84962e+46 4.64348e+42 0 0 0
1910.95 2.98771e+44 2.98771e+44 7.80853e+44 7.80853e+44 7.80853e+44 0 0 1.31727e-08 3.41704e+46 4.64348e+42 0 0 0
2206.73 1.95346e+44 1.95346e+44 5.92399e+44 5.92399e+44 5.92399e+44 0 0 2.2655e-18 2.3445e+46 4.64348e+42 0 0 0
2548.3 1.24287e+44 1.24287e+44 4.47517e+44 4.47517e+44 4.47517e+44 0 0 1.14799e-29 1.56127e+46 4.64348e+42 0 0 0
2942.73 7.66584e+43 7.66584e+43 3.3656e+44 3.3656e+44 3.3656e+44 0 0 9.9326e-43 1.0053e+46 4.64348e+42 0 0 0
3398.21 4.56408e+43 4.56408e+43 2.51945e+44 2.51945e+44 2.51945e+44 0 0 7.81526e-58 6.23209e+45 4.64348e+42 0 0 0
3924.19 2.61032e+43 2.61032e+43 1.87709e+44 1.87709e+44 1.87709e+44 0 0 2.70166e-75 3.70127e+45 4.64348e+42 0 0 0
4531.58 1.42616e+43 1.42616e+43 1.3918e+44 1.3918e+44 1.3918e+44 0 0 1.77123e-95 2.09398e+45 4.64348e+42 0 0 0
5232.99 8.5058e+42 8.5058e+42 1.05884e+44 1.05884e+44 1.05884e+44 0 0 8.34737e-119 1.28927e+45 4.64348e+42 0 0 0
6042.96 4.33356e+42 4.33356e+42 7.82212e+43 7.82212e+43 7.82212e+43 0 0 9.22402e-146 6.75851e+44 4.64348e+42 0 0 0
6978.31 2.08902e+42 2.08902e+42 5.75672e+43 5.75672e+43 5.75672e+43 0 0 6.55455e-177 3.33967e+44 4.64348e+42 0 0 0
8058.42 9.47189e+41 9.47189e+41 4.22157e+43 4.22157e+43 4.22157e+43 0 0 6.72373e-213 1.54563e+44 4.64348e+42 0 0 0
9305.72 4.01412e+41 4.01412e+41 3.08554e+43 3.08554e+43 3.08554e+43 0 0 0 6.65341e+43 4.64348e+42 0 0 0
10746.1 1.57959e+41 1.57959e+41 2.24839e+43 2.24839e+43 2.24839e+43 0 0 0 2.6443e+43 4.64348e+42 0 0 0
12409.4 5.73268e+40 5.73268e+40 1.63396e+43 1.63396e+43 1.63396e+43 0 0 0 9.62832e+42 4.64348e+42 0 0 0
14330.1 1.90589e+40 1.90589e+40 1.18465e+43 1.18465e+43 1.18465e+43 0 0 0 3.18656e+42 4.64348e+42 0 0 0
16548.2 5.76674e+39 5.76674e+39 8.57224e+42 8.57224e+42 8.57224e+42 0 0 0 9.51025e+41 4.64348e+42 0 0 0
19109.5 1.57857e+39 1.57857e+39 6.19346e+42 6.19346e+42 6.19346e+42 0 0 0 2.54016e+41 4.64348e+42 0 0 0
22067.3 3.88968e+38 3.88968e+38 4.46996e+42 4.46996e+42 4.46996e+42 0 0 0 6.02988e+40 4.64348e+42 0 0 0
25483 8.59614e+37 8.59614e+37 3.22411e+42 3.22411e+42 3.22411e+42 0 0 0 1.2647e+40 4.64348e+42 0 0 0
29427.3 1.70097e+37 1.70097e+37 2.32526e+42 2.32526e+42 2.32526e+42 0 0 0 2.3336e+39 4.64348e+42 0 0 0
33982.1 3.01619e+36 3.01619e+36 1.67768e+42 1.67768e+42 1.67768e+42 0 0 0 3.77981e+38 4.64348e+42 0 0 0
39241.9 4.81173e+35 4.81173e+35 1.21159e+42 1.21159e+42 1.21159e+42 0 0 0 5.37659e+37 4.64348e+42 0 0 0
45315.8 6.95895e+34 6.95895e+34 8.76282e+41 8.76282e+41 8.76282e+41 0 0 0 6.74037e+36 4.64348e+42 0 0 0
52329.9 9.2321e+33 9.2321e+33 6.35044e+41 6.35044e+41 6.35044e+41 0 0 0 7.50019e+35 4.64348e+42 0 0 0
60429.6 1.14184e+33 1.14184e+33 4.61382e+41 4.61382e+41 4.61382e+41 0 0 0 7.48764e+34 4.64348e+42 0 0 0
69783.1 1.34407e+32 1.34407e+32 3.36224e+41 3.36224e+41 3.36224e+41 0 0 0 6.80354e+33 4.64348e+42 0 0 0
80584.2 1.54344e+31 1.54344e+31 2.45869e+41 2.45869e+41 2.45869e+41 0 0 0 5.72582e+32 4.64348e+42 0 0 0
93057.2 1.7784e+30 1.7784e+30 1.80493e+41 1.80493e+41 1.80493e+41 0 0 0 4.55243e+31 4.64348e+42 0 0 0
107461 2.11972e+29 2.11972e+29 1.33058e+41 1.33058e+41 1.33058e+41 0 0 0 3.49136e+30 4.64348e+42 0 0 0
124094 2.69701e+28 2.69701e+28 9.85275e+40 9.85275e+40 9.85275e+40 0 0 0 2.63573e+29 4.64348e+42 0 0 0
143301 3.77768e+27 3.77768e+27 7.32962e+40 7.32962e+40 7.32962e+40 0 0 0 1.9942e+28 4.64348e+42 0 0 0
165482 5.99472e+26 5.99472e+26 5.47832e+40 5.47832e+40 5.47832e+40 0 0 0 1.53327e+27 4.64348e+42 0 0 0
191095 1.10529e+26 1.10529e+26 4.11389e+40 4.11389e+40 4.11389e+40 0 0 0 1.20775e+26 4.64348e+42 0 0 0
220673 2.41772e+25 2.41772e+25 3.10357e+40 3.10357e+40 3.10357e+40 0 0 0 9.7573e+24 4.64348e+42 0 0 0
254830 6.37603e+24 6.37603e+24 2.35187e+40 2.35187e+40 2.35187e+40 0 0 0 8.03082e+23 4.64348e+42 0 0 0
294273 2.05046e+24 2.05046e+24 1.7899e+40 1.7899e+40 1.7899e+40 0 0 0 6.63403e+22 4.64348e+42 0 0 0
339821 8.09889e+23 8.09889e+23 1.36781e+40 1.36781e+40 1.36781e+40 0 0 0 5.37403e+21 4.64348e+42 0 0 0
392419 3.94345e+23 3.94345e+23 1.04933e+40 1.04933e+40 1.04933e+40 0 0 0 4.13702e+20 4.64348e+42 0 0 0
453158 2.36923e+23 2.36923e+23 8.08013e+39 8.08013e+39 8.08013e+39 0 0 0 2.90901e+19 4.64348e+42 0 0 0
523299 1.75416e+23 1.75416e+23 6.2442e+39 6.2442e+39 6.2442e+39 6.51119e+32 2.32652e+37 0 1.78075e+18 4.64348e+42 0 0 0
604296 1.59548e+23 1.59548e+23 4.84214e+39 4.84214e+39 4.84214e+39 1.01318e+33 2.33619e+37 0 8.96234e+16 4.64348e+42 0 0 0
697831 1.77377e+23 1.77377e+23 3.76758e+39 3.76758e+39 3.76758e+39 1.37523e+33 2.34586e+37 0 3.46675e+15 4.64348e+42 0 0 0
805842 2.39336e+23 2.39336e+23 2.94121e+39 2.94121e+39 2.94121e+39 1.73729e+33 2.35552e+37 0 9.5222e+13 4.64348e+42 0 0 0
930572 3.88285e+23 3.88285e+23 2.30357e+39 2.30357e+39 2.30357e+39 2.09935e+33 2.36519e+37 0 1.69296e+12 4.64348e+42 0 0 0
1.07461e+06 7.48409e+23 7.48409e+23 1.80996e+39 1.80996e+39 1.80996e+39 2.66867e+33 2.37726e+37 0 1.74876e+10 4.64348e+42 0 0 0
1.24094e+06 1.68724e+24 1.68724e+24 1.42656e+39 1.42656e+39 1.42656e+39 3.59843e+33 2.3799e+37 0 9.24689e+07 4.64348e+42 0 0 0
1.43301e+06 4.35274e+24 4.35274e+24 1.12774e+39 1.12774e+39 1.12774e+39 4.82784e+33 2.38324e+37 0 215431 4.64348e+42 0 0 0
1.65482e+06 1.25312e+25 1.25312e+25 8.93989e+38 8.93989e+38 8.93989e+38 6.45933e+33 2.38751e+37 0 186.005 4.64348e+42 0 0 0
1.91095e+06 3.92538e+25 3.92538e+25 7.10513e+38 7.10513e+38 7.10513e+38 8.80309e+33 2.3934e+37 0 0.0489172 4.64348e+42 0 0 0
2.20673e+06 1.30555e+26 1.30555e+26 5.66019e+38 5.66019e+38 5.66019e+38 1.18199e+34 2.40097e+37 0 3.13899e-06 4.64348e+42 0 0 0
2.5483e+06 4.50617e+26 4.50617e+26 4.51865e+38 4.51865e+38 4.51865e+38 1.57975e+34 2.41087e+37 0 3.82488e-11 4.64348e+42 0 0 0
2.94273e+06 1.58001e+27 1.58001e+27 3.61413e+38 3.61413e+38 3.61413e+38 2.10967e+34 2.42384e+37 0 6.65854e-17 4.64348e+42 0 0 0
3.39821e+06 5.51979e+27 5.51979e+27 2.89537e+38 2.89537e+38 2.89537e+38 2.87744e+34 2.44206e+37 0 1.19852e-23 4.64348e+42 0 0 0
3.92419e+06 1.88827e+28 1.88827e+28 2.32273e+38 2.32273e+38 2.32273e+38 3.88382e+34 2.46586e+37 0 1.54333e-31 4.64348e+42 0 0 0
4.53158e+06 6.23033e+28 6.23033e+28 1.86536e+38 1.86536e+38 1.86536e+38 5.24713e+34 2.49686e+37 0 9.33718e-41 4.64348e+42 0 0 0
5.23299e+06 1.9574e+29 1.9574e+29 1.49923e+38 1.49923e+38 1.49923e+38 7.07569e+34 2.53677e+37 0 1.64082e-51 4.64348e+42 0 0 0
6.04296e+06 5.7939e+29 5.7939e+29 1.20552e+38 1.20552e+38 1.20552e+38 9.68211e+34 2.59186e+37 0 4.82691e-64 4.64348e+42 0 0 0
6.97831e+06 1.6023e+30 1.6023e+30 9.69461e+37 9.69461e+37 9.69461e+37 1.30765e+35 2.65843e+37 0 1.26283e-78 4.64348e+42 0 0 0
8.05842e+06 4.11398e+30 4.11398e+30 7.79422e+37 7.79422e+37 7.79422e+37 1.75448e+35 2.73996e+37 0 1.4202e-95 4.64348e+42 0 0 0
9.30572e+06 9.76362e+30 9.76362e+30 6.26224e+37 6.26224e+37 6.26224e+37 2.35212e+35 2.83354e+37 0 2.97383e-115 4.64348e+42 0 0 0
1.07461e+07 2.13612e+31 2.13612e+31 5.02612e+37 5.02612e+37 5.02612e+37 3.17588e+35 2.96455e+37 0 4.42256e-138 4.64348e+42 0 0 0
1.24094e+07 4.3033e+31 4.3033e+31 4.02827e+37 4.02827e+37 4.02827e+37 4.1996e+35 3.08723e+37 0 1.53775e-164 4.64348e+42 0 0 0
1.43301e+07 7.9837e+31 7.9837e+31 3.22294e+37 3.22294e+37 3.22294e+37 5.45457e+35 3.20856e+37 0 3.47013e-195 4.64348e+42 0 0 0
1.65482e+07 1.3658e+32 1.3658e+32 2.57355e+37 2.57355e+37 2.57355e+37 6.96113e+35 3.32355e+37 0 1.15807e-230 4.64348e+42 0 0 0
1.91095e+07 2.15932e+32 2.15932e+32 2.05072e+37 2.05072e+37 2.05072e+37 8.8226e+35 3.42599e+37 0 1.03654e-271 4.64348e+42 0 0 0
2.20673e+07 3.16376e+32 3.16376e+32 1.63036e+37 1.63036e+37 1.63036e+37 1.0796e+36 3.51238e+37 0 0 4.64348e+42 0 0 0
2.5483e+07 4.31046e+32 4.31046e+32 1.29313e+37 1.29313e+37 1.29313e+37 1.29439e+36 3.57172e+37 0 0 4.64348e+42 0 0 0
2.94273e+07 5.48096e+32 5.48096e+32 1.02309e+37 1.02309e+37 1.02309e+37 1.5102e+36 3.57215e+37 0 0 4.64348e+42 0 0 0
3.39821e+07 6.53067e+32 6.53067e+32 8.07471e+36 8.07471e+36 8.07471e+36 1.72677e+36 3.50333e+37 0 0 4.64348e+42 0 0 0
3.92419e+07 7.3188e+32 7.3188e+32 6.35504e+36 6.35504e+36 6.35504e+36 1.90681e+36 3.36393e+37 0 0 4.64348e+42 0 0 0
4.53158e+07 7.7492e+32 7.7492e+32 4.98961e+36 4.98961e+36 4.98961e+36 2.06349e+36 3.17926e+37 0 0 4.64348e+42 0 0 0
5.23299e+07 7.78559e+32 7.78559e+32 3.90932e+36 3.90932e+36 3.90932e+36 2.18606e+36 2.96537e+37 0 0 4.64348e+42 0 0 0
6.04296e+07 7.45201e+32 7.45201e+32 3.05667e+36 3.05667e+36 3.05667e+36 2.25696e+36 2.70018e+37 0 0 4.64348e+42 0 0 0
6.97831e+07 6.82177e+32 6.82177e+32 2.38541e+36 2.38541e+36 2.38541e+36 2.26972e+36 2.39666e+37 0 0 4.64348e+42 0 0 0
8.05842e+07 5.9957e+32 5.9957e+32 1.8585e+36 1.8585e+36 1.8585e+36 2.23004e+36 2.05787e+37 0 0 4.64348e+42 0 0 0
9.30572e+07 5.07444e+32 5.07444e+32 1.44495e+36 1.44495e+36 1.44495e+36 2.13934e+36 1.69667e+37 0 0 4.64348e+42 0 0 0
1.07461e+08 4.14226e+32 4.14226e+32 1.1193e+36 1.1193e+36 1.1193e+36 1.99697e+36 1.32569e+37 0 0 4.64348e+42 42.3701 0 0
1.24094e+08 3.27424e+32 3.27424e+32 8.64711e+35 8.64711e+35 8.64711e+35 1.83137e+36 1.02532e+37 0 0 4.64348e+42 37.2228 0 0
1.43301e+08 2.50756e+32 2.50756e+32 6.64764e+35 6.64764e+35 6.64764e+35 1.64201e+36 7.77993e+36 0 0 4.64348e+42 32.7009 0 0
1.65482e+08 1.8609e+32 1.8609e+32 5.07332e+35 5.07332e+35 5.07332e+35 1.43514e+36 5.80735e+36 0 0 4.64348e+42 28.7283 0 0
1.91095e+08 1.33096e+32 1.33096e+32 3.81379e+35 3.81379e+35 3.81379e+35 1.20265e+36 4.186e+36 0 0 4.64348e+42 25.2383 0 0
2.20673e+08 9.28287e+31 9.28287e+31 2.85124e+35 2.85124e+35 2.85124e+35 9.9693e+35 3.07715e+36 0 0 4.64348e+42 22.1722 0 0
2.5483e+08 6.29499e+31 6.29499e+31 2.10953e+35 2.10953e+35 2.10953e+35 8.07856e+35 2.24306e+36 0 0 4.64348e+42 19.4787 0 0
2.94273e+08 4.15704e+31 4.15704e+31 1.54423e+35 1.54423e+35 1.54423e+35 6.40563e+35 1.62085e+36 0 0 4.64348e+42 17.1123 0 0
3.39821e+08 2.65541e+31 2.65541e+31 1.10913e+35 1.10913e+35 1.10913e+35 4.88054e+35 1.14921e+36 0 0 4.64348e+42 15.6967 0 0
3.92419e+08 1.67512e+31 1.67512e+31 7.96826e+34 7.96826e+34 7.96826e+34 3.7335e+35 8.33688e+35 0 0 4.64348e+42 15.0335 0 0
4.53158e+08 1.03772e+31 1.03772e+31 5.68623e+34 5.68623e+34 5.68623e+34 2.81968e+35 6.02745e+35 0 0 4.64348e+42 14.3982 0 0
5.23299e+08 6.30647e+30 6.30647e+30 4.02154e+34 4.02154e+34 4.02154e+34 2.09074e+35 4.34358e+35 0 0 4.64348e+42 13.7898 0 0
6.04296e+08 3.77999e+30 3.77999e+30 2.83086e+34 2.83086e+34 2.83086e+34 1.5352e+35 3.09711e+35 0 0 4.64348e+42 13.2072 0 0
6.97831e+08 2.26461e+30 2.26461e+30 2.00804e+34 2.00804e+34 2.00804e+34 1.14625e+35 2.25784e+35 0 0 4.64348e+42 12.6491 0 0
8.05842e+08 1.34412e+30 1.34412e+30 1.42147e+34 1.42147e+34 1.42147e+34 8.51312e+34 1.64361e+35 0 0 4.64348e+42 12.1146 0 0
9.30572e+08 7.89794e+29 7.89794e+29 1.00346e+34 1.00346e+34 1.00346e+34 6.27859e+34 1.19371e+35 0 0 4.64348e+42 11.6027 0 0
1.07461e+09 4.52007e+29 4.52007e+29 7.03122e+33 7.03122e+33 7.03122e+33 4.56766e+34 8.54285e+34 0 0 4.64348e+42 11.6445 0 0
1.24094e+09 2.2243e+29 2.2243e+29 4.89292e+33 4.89292e+33 4.89292e+33 3.40273e+34 6.25972e+34 0 0 4.64348e+42 12.2461 0 0
1.43301e+09 3.3907e+28 3.3907e+28 3.01852e+33 3.01852e+33 3.01852e+33 2.53921e+34 4.57375e+34 0 0 4.64348e+42 12.8787 0 0
1.65482e+09 9.83842e+24 9.83842e+24 1.22553e+33 1.22553e+33 1.22553e+33 1.88826e+34 3.33109e+34 0 0 4.64348e+42 13.544 0 0
1.91095e+09 2.45829e+10 2.45829e+10 3.00946e+32 3.00946e+32 3.00946e+32 1.3863e+34 2.38429e+34 0 0 4.64348e+42 14.2437 0 0
2.20673e+09 1.38725e-41 1.38725e-41 6.544e+31 6.544e+31 6.544e+31 1.04015e+34 1.7499e+34 0 0 4.64348e+42 14.9795 0 0
2.5483e+09 6.86837e-193 6.86837e-193 1.55566e+31 1.55566e+31 1.55566e+31 7.78023e+33 1.28039e+34 0 0 4.64348e+42 15.7533 0 0
2.94273e+09 0 0 4.23371e+30 4.23371e+30 4.23371e+30 5.79059e+33 9.33574e+33 0 0 4.64348e+42 16.5671 0 0
3.39821e+09 0 0 1.30481e+30 1.30481e+30 1.30481e+30 4.22911e+33 6.68836e+33 0 0 4.64348e+42 17.423 0 0
3.92419e+09 0 0 4.5853e+29 4.5853e+29 4.5853e+29 3.16193e+33 4.9079e+33 0 0 4.64348e+42 18.323 0 0
4.53158e+09 0 0 1.78641e+29 1.78641e+29 1.78641e+29 2.35579e+33 3.58719e+33 0 0 4.64348e+42 19.2696 0 0
5.23299e+09 0 0 7.61132e+28 7.61132e+28 7.61132e+28 1.74883e+33 2.61004e+33 0 0 4.64348e+42 20.265 0 0
6.04296e+09 0 0 3.47186e+28 3.47186e+28 3.47186e+28 1.27086e+33 1.86712e+33 0 0 4.64348e+42 21.3119 0 0
6.97831e+09 0 0 1.72033e+28 1.72033e+28 1.72033e+28 9.47854e+32 1.36683e+33 0 0 4.64348e+42 22.4128 0 0
8.05842e+09 0 0 9.03531e+27 9.03531e+27 9.03531e+27 7.04451e+32 9.97412e+32 0 0 4.64348e+42 23.5707 0 0
9.30572e+09 0 0 4.97943e+27 4.97943e+27 4.97943e+27 5.20054e+32 7.25463e+32 0 0 4.64348e+42 24.7883 0 0
1.07461e+10 0 0 2.8385e+27 2.8385e+27 2.8385e+27 3.76741e+32 5.19874e+32 0 0 4.64348e+42 27.8129 0 0
1.24094e+10 0 0 1.69979e+27 1.69979e+27 1.69979e+27 2.78485e+32 3.81378e+32 0 0 4.64348e+42 33.2945 0 0
1.43301e+10 0 0 1.0477e+27 1.0477e+27 1.0477e+27 2.045e+32 2.78947e+32 0 0 4.64348e+42 39.8563 0 0
1.65482e+10 0 0 6.62728e+26 6.62728e+26 6.62728e+26 1.49655e+32 2.03291e+32 0 0 4.64348e+42 47.7114 0 0
1.91095e+10 0 0 4.24045e+26 4.24045e+26 4.24045e+26 1.07296e+32 1.45426e+32 0 0 4.64348e+42 57.1146 0 0
2.20673e+10 0 0 2.80894e+26 2.80894e+26 2.80894e+26 7.87796e+31 1.06574e+32 0 0 4.64348e+42 68.371 34.7254 0
2.5483e+10 0 0 1.8899e+26 1.8899e+26 1.8899e+26 5.76184e+31 7.77885e+31 0 0 4.64348e+42 81.8459 22.9578 0
2.94273e+10 0 0 1.2889e+26 1.2889e+26 1.2889e+26 4.19921e+31 5.65359e+31 0 0 4.64348e+42 97.9765 15.5417 0
3.39821e+10 0 0 8.7874e+25 8.7874e+25 8.7874e+25 2.99656e+31 4.02412e+31 0 0 4.64348e+42 117.286 10.7604 0
3.92419e+10 0 0 6.17916e+25 6.17916e+25 6.17916e+25 2.19963e+31 2.94223e+31 0 0 4.64348e+42 140.402 7.61059 0
4.53158e+10 0 0 4.3872e+25 4.3872e+25 4.3872e+25 1.61007e+31 2.14414e+31 0 0 4.64348e+42 168.073 5.49245 0
5.23299e+10 0 0 3.14413e+25 3.14413e+25 3.14413e+25 1.1759e+31 1.55672e+31 0 0 4.64348e+42 201.197 4.04008 0
6.04296e+10 0 0 2.24348e+25 2.24348e+25 2.24348e+25 8.42652e+30 1.10602e+31 0 0 4.64348e+42 240.85 3.02568 0
6.97831e+10 0 0 1.65057e+25 1.65057e+25 1.65057e+25 6.20801e+30 8.08417e+30 0 0 4.64348e+42 288.318 2.3047 0
8.05842e+10 0 0 1.22308e+25 1.22308e+25 1.22308e+25 4.55782e+30 5.8892e+30 0 0 4.64348e+42 345.141 1.78376 0
9.30572e+10 0 0 9.12395e+24 9.12395e+24 9.12395e+24 3.33437e+30 4.27289e+30 0 0 4.64348e+42 413.164 1.40144 0
1.07461e+11 0 0 6.73786e+24 6.73786e+24 6.73786e+24 2.38592e+30 3.02783e+30 0 0 4.64348e+42 494.592 1.11671 0
1.24094e+11 0 0 5.13101e+24 5.13101e+24 5.13101e+24 1.75224e+30 2.20788e+30 0 0 4.64348e+42 592.069 0.901709 0
1.43301e+11 0 0 3.9241e+24 3.9241e+24 3.9241e+24 1.28098e+30 1.60323e+30 0 0 4.64348e+42 708.756 0.737233 0
1.65482e+11 0 0 3.01021e+24 3.01021e+24 3.01021e+24 9.31647e+29 1.15844e+30 0 0 4.64348e+42 848.442 0.609868 0
1.91095e+11 0 0 2.27421e+24 2.27421e+24 2.27421e+24 6.61715e+29 8.15701e+29 0 0 4.64348e+42 1015.66 0.510106 0
2.20673e+11 0 0 1.77307e+24 1.77307e+24 1.77307e+24 4.82909e+29 5.91496e+29 0 0 4.64348e+42 1215.83 0.431129 0
2.5483e+11 0 0 1.38418e+24 1.38418e+24 1.38418e+24 3.5076e+29 4.26836e+29 0 0 4.64348e+42 1455.45 0.367983 0
2.94273e+11 0 0 1.08103e+24 1.08103e+24 1.08103e+24 2.53517e+29 3.06291e+29 0 0 4.64348e+42 1742.3 0.317029 0
3.39821e+11 0 0 8.28172e+23 8.28172e+23 8.28172e+23 1.78823e+29 2.13711e+29 0 0 4.64348e+42 0 0.275565 0
3.92419e+11 0 0 6.54726e+23 6.54726e+23 6.54726e+23 1.29756e+29 1.53748e+29 0 0 4.64348e+42 0 0.241562 0
4.53158e+11 0 0 5.16869e+23 5.16869e+23 5.16869e+23 9.36737e+28 1.0999e+29 0 0 4.64348e+42 0 0.213483 0
5.23299e+11 0 0 4.07117e+23 4.07117e+23 4.07117e+23 6.72553e+28 7.81782e+28 0 0 4.64348e+42 0 0.190154 0
6.04296e+11 0 0 3.13186e+23 3.13186e+23 3.13186e+23 4.702e+28 5.38696e+28 0 0 4.64348e+42 0 0.170669 0
6.97831e+11 0 0 2.4865e+23 2.4865e+23 2.4865e+23 3.3855e+28 3.83364e+28 0 0 4.64348e+42 0 0.154323 0
8.05842e+11 0 0 1.96701e+23 1.96701e+23 1.96701e+23 2.42341e+28 2.71024e+28 0 0 4.64348e+42 0 0.140565 0
9.30572e+11 0 0 1.54936e+23 1.54936e+23 1.54936e+23 1.72385e+28 1.9015e+28 0 0 4.64348e+42 0 0.12896 0
1.07461e+12 0 0 1.18698e+23 1.18698e+23 1.18698e+23 1.19049e+28 1.28799e+28 0 0 4.64348e+42 0 0.119166 0
1.24094e+12 0 0 9.39368e+22 9.39368e+22 9.39368e+22 8.48053e+27 9.03208e+27 0 0 4.64348e+42 0 0.110908 0
1.43301e+12 0 0 7.39399e+22 7.39399e+22 7.39399e+22 5.99996e+27 6.28381e+27 0 0 4.64348e+42 0 0.103969 0
1.65482e+12 0 0 5.78445e+22 5.78445e+22 5.78445e+22 4.21359e+27 4.33197e+27 0 0 4.64348e+42 0 0.098177 0
1.91095e+12 0 0 4.38089e+22 4.38089e+22 4.38089e+22 2.86125e+27 2.86644e+27 0 0 4.64348e+42 0 0.0933933 0
2.20673e+12 0 0 3.43352e+22 3.43352e+22 3.43352e+22 2.0086e+27 1.97061e+27 0 0 4.64348e+42 0 0.0895108 0
2.5483e+12 0 0 2.67161e+22 2.67161e+22 2.67161e+22 1.39851e+27 1.34173e+27 0 0 4.64348e+42 0 0.0864461 0
2.94273e+12 0 0 2.06218e+22 2.06218e+22 2.06218e+22 9.65113e+26 9.03402e+26 0 0 4.64348e+42 0 0.0841374 0
3.39821e+12 0 0 1.53147e+22 1.53147e+22 1.53147e+22 6.40285e+26 5.78927e+26 0 0 4.64348e+42 0 0.082541 0
3.92419e+12 0 0 1.18052e+22 1.18052e+22 1.18052e+22 4.40604e+26 3.87534e+26 0 0 4.64348e+42 0 0.08163 0
4.53158e+12 0 0 9.01434e+21 9.01434e+21 9.01434e+21 3.00159e+26 2.5633e+26 0 0 4.64348e+42 0 0.0813928 0
5.23299e+12 0 0 6.81217e+21 6.81217e+21 6.81217e+21 2.02261e+26 1.67213e+26 0 0 4.64348e+42 0 0.0818329 0
6.04296e+12 0 0 4.90985e+21 4.90985e+21 4.90985e+21 1.29929e+26 1.02533e+26 0 0 4.64348e+42 0 0.0829683 0
6.97831e+12 0 0 3.6903e+21 3.6903e+21 3.6903e+21 8.70088e+25 6.62224e+25 0 0 4.64348e+42 0 0.0848322 0
8.05842e+12 0 0 2.73951e+21 2.73951e+21 2.73951e+21 5.75355e+25 4.21337e+25 0 0 4.64348e+42 0 0.0874729 0
9.30572e+12 0 0 2.00621e+21 2.00621e+21 2.00621e+21 3.75277e+25 2.63432e+25 0 0 4.64348e+42 0 0.0909553 0
1.07461e+13 0 0 1.38308e+21 1.38308e+21 1.38308e+21 2.30436e+25 1.51935e+25 0 0 4.64348e+42 0 0.0953611 0
1.24094e+13 0 0 1.00157e+21 1.00157e+21 1.00157e+21 1.48662e+25 9.35212e+24 0 0 4.64348e+42 0 0.10079 0
1.43301e+13 0 0 7.13354e+20 7.13354e+20 7.13354e+20 9.43646e+24 5.64828e+24 0 0 4.64348e+42 0 0.10736 0
1.65482e+13 0 0 4.98892e+20 4.98892e+20 4.98892e+20 5.88536e+24 3.33621e+24 0 0 4.64348e+42 0 0.115206 0
1.91095e+13 0 0 3.21882e+20 3.21882e+20 3.21882e+20 3.38937e+24 1.76542e+24 0 0 4.64348e+42 0 0.12448 0
2.20673e+13 0 0 2.20653e+20 2.20653e+20 2.20653e+20 2.07647e+24 1.01858e+24 0 0 4.64348e+42 0 0.135345 0
2.5483e+13 0 0 1.47828e+20 1.47828e+20 1.47828e+20 1.24527e+24 5.73685e+23 0 0 4.64348e+42 0 0.147968 0
2.94273e+13 0 0 9.65966e+19 9.65966e+19 9.65966e+19 7.29872e+23 3.1405e+23 0 0 4.64348e+42 0 0.162507 0
3.39821e+13 0 0 5.63551e+19 5.63551e+19 5.63551e+19 3.8292e+23 1.46979e+23 0 0 4.64348e+42 0 0.179093 0
3.92419e+13 0 0 3.55969e+19 3.55969e+19 3.55969e+19 2.1819e+23 7.77235e+22 0 0 4.64348e+42 0 0.197804 0
4.53158e+13 0 0 2.17631e+19 2.17631e+19 2.17631e+19 1.20789e+23 3.98693e+22 0 0 4.64348e+42 0 0.218621 0
5.23299e+13 0 0 1.28507e+19 1.28507e+19 1.28507e+19 6.48722e+22 1.97245e+22 0 0 4.64348e+42 0 0.241387 0
6.04296e+13 0 0 6.41754e+18 6.41754e+18 6.41754e+18 2.96203e+22 7.72287e+21 0 0 4.64348e+42 0 0.265741 0
6.97831e+13 0 0 3.58509e+18 3.58509e+18 3.58509e+18 1.52197e+22 3.6294e+21 0 0 4.64348e+42 0 0.291055 0
8.05842e+13 0 0 1.91049e+18 1.91049e+18 1.91049e+18 7.51043e+21 1.64226e+21 0 0 4.64348e+42 0 0.316368 0
9.30572e+13 0 0 9.7012e+17 9.7012e+17 9.7012e+17 3.55791e+21 7.10228e+20 0 0 4.64348e+42 0 0.340344 0
1.07461e+14 0 0 3.80921e+17 3.80921e+17 3.80921e+17 1.3139e+21 2.12854e+20 0 0 4.64348e+42 0 0 0
1.24094e+14 0 0 1.77492e+17 1.77492e+17 1.77492e+17 5.80751e+20 8.49592e+19 0 0 4.64348e+42 0 0 0
1.43301e+14 0 0 7.71867e+16 7.71867e+16 7.71867e+16 2.41712e+20 3.2388e+19 0 0 4.64348e+42 0 0 0
1.65482e+14 0 0 3.1365e+16 3.1365e+16 3.1365e+16 9.48549e+19 1.17218e+19 0 0 4.64348e+42 0 0 0
1.91095e+14 4.28874e-297 4.29059e-297 8.56345e+15 8.56345e+15 8.56345e+15 2.52347e+19 2.30378e+18 0 0 4.64348e+42 0 0 0
2.20673e+14 7.4415e-262 7.44777e-262 3.0761e+15 3.0761e+15 3.0761e+15 8.90892e+18 7.23578e+17 0 0 4.64348e+42 0 0 0
2.5483e+14 7.17038e-231 7.18135e-231 9.94559e+14 9.94559e+14 9.94559e+14 2.85403e+18 2.14685e+17 0 0 4.64348e+42 0 0 0
2.94273e+14 1.16737e-203 1.17037e-203 2.87609e+14 2.87609e+14 2.87609e+14 8.23905e+17 6.10188e+16 0 0 4.64348e+42 0 0 0
3.39821e+14 5.35818e-180 5.37964e-180 4.59864e+13 4.59864e+13 4.59864e+13 1.32393e+17 6.14085e+15 0 0 4.64348e+42 0 0 0
3.92419e+14 4.66134e-159 4.6886e-159 1.13288e+13 1.13288e+13 1.13288e+13 3.29708e+16 1.32299e+15 0 0 4.64348e+42 0 0 0
4.53158e+14 9.22097e-141 9.2953e-141 2.36319e+12 2.36319e+12 2.36319e+12 6.98764e+15 2.58963e+14 0 0 4.64348e+42 0 0 0
5.23299e+14 7.8273e-125 7.90998e-125 3.94412e+11 3.94412e+11 3.94412e+11 1.18981e+15 4.95812e+13 0 0 4.64348e+42 0 0 0
6.04296e+14 2.77269e-111 2.80941e-111 2.77564e+10 2.77564e+10 2.77564e+10 8.57127e+13 1.9498e+12 0 0 4.64348e+42 0 0 0
6.97831e+14 3.22111e-99 3.27258e-99 3.76346e+09 3.76346e+09 3.76346e+09 1.19276e+13 2.26862e+11 0 0 4.64348e+42 0 0 0
8.05842e+14 7.86232e-89 8.00883e-89 3.89815e+08 3.89815e+08 3.89815e+08 1.27042e+12 2.12286e+10 0 0 4.64348e+42 0 0 0
9.30572e+14 5.51303e-80 5.62934e-80 2.75892e+07 2.75892e+07 2.75892e+07 9.25824e+10 1.86784e+09 0 0 4.64348e+42 0 0 0
1.07461e+15 5.89774e-73 6.03498e-73 486933 486933 486933 1.68387e+09 2.01818e+07 0 0 4.64348e+42 0 0 0
1.24094e+15 1.52256e-66 1.56075e-66 24334.8 24334.8 24334.8 8.67506e+07 842116 0 0 4.64348e+42 0 0 0
1.43301e+15 2.73472e-61 2.80718e-61 740.822 740.822 740.822 2.72241e+06 22278.2 0 0 4.64348e+42 0 0 0
1.65482e+15 4.13849e-57 4.25227e-57 12.8468 12.8468 12.8468 48649.7 406.963 0 0 4.64348e+42 0 0 0
1.91095e+15 1.30231e-54 1.33887e-54 0.0249303 0.0249303 0.0249303 97.2298 0.66058 0 0 4.64348e+42 0 0 0
2.20673e+15 3.70635e-52 3.8111e-52 0.000192528 0.000192528 0.000192528 0.772677 0.00473405 0 0 4.64348e+42 0 0 0
2.5483e+15 1.04246e-50 1.07175e-50 5.41378e-07 5.41378e-07 5.41378e-07 0.00223362 1.31374e-05 0 0 4.64348e+42 0 0 0
2.94273e+15 3.37771e-50 3.47102e-50 5.52485e-10 5.52485e-10 5.52485e-10 2.34071e-06 1.3646e-08 0 0 4.64348e+42 0 0 0
3.39821e+15 2.33216e-51 2.39487e-51 3.29711e-14 3.29711e-14 3.29711e-14 1.43268e-10 8.25542e-13 0 0 4.64348e+42 0 0 0
3.92419e+15 1.76183e-52 1.80753e-52 5.23141e-18 5.23141e-18 5.23141e-18 2.32842e-14 1.33756e-16 0 0 4.64348e+42 0 0 0
4.53158e+15 1.11979e-54 1.14759e-54 1.52456e-22 1.52456e-22 1.52456e-22 6.94108e-19 3.98522e-21 0 0 4.64348e+42 0 0 0
5.23299e+15 6.26001e-58 6.40771e-58 7.76287e-28 7.76287e-28 7.76287e-28 3.61028e-24 2.07253e-26 0 0 4.64348e+42 0 0 0
6.04296e+15 4.86415e-63 4.97252e-63 1.00438e-34 1.00438e-34 1.00438e-34 4.76476e-31 2.73519e-33 0 0 4.64348e+42 0 0 0
6.97831e+15 2.28884e-68 2.33671e-68 1.33716e-41 1.33716e-41 1.33716e-41 6.4616e-38 3.70944e-40 0 0 4.64348e+42 0 0 0
8.05842e+15 4.13509e-75 4.21589e-75 1.08897e-49 1.08897e-49 1.08897e-49 5.3527e-46 3.07268e-48 0 0 4.64348e+42 0 0 0
9.30572e+15 2.43972e-83 2.48404e-83 4.36034e-59 4.36034e-59 4.36034e-59 2.17705e-55 1.24976e-57 0 0 4.64348e+42 0 0 0
1.07461e+16 5.90992e-94 6.00933e-94 1.02674e-70 1.02674e-70 1.02674e-70 5.19998e-67 2.98517e-69 0 0 4.64348e+42 0 0 0
1.24094e+16 1.98154e-105 2.01229e-105 4.58778e-83 4.58778e-83 4.58778e-83 2.3537e-79 1.35118e-81 0 0 4.64348e+42 0 0 0
1.43301e+16 4.37436e-119 4.43677e-119 1.78044e-97 1.78044e-97 1.78044e-97 9.24092e-94 5.30383e-96 0 0 4.64348e+42 0 0 0
1.65482e+16 3.90702e-135 3.95811e-135 3.56499e-114 3.56499e-114 3.56499e-114 1.86948e-110 1.07314e-112 0 0 4.64348e+42 0 0 0
1.91095e+16 1.22807e-154 1.24275e-154 3.10955e-134 3.10955e-134 3.10955e-134 1.64557e-130 9.44621e-133 0 0 4.64348e+42 0 0 0
2.20673e+16 3.00548e-176 3.03823e-176 2.54655e-156 2.54655e-156 2.54655e-156 1.35832e-152 7.79732e-155 0 0 4.64348e+42 0 0 0
2.5483e+16 1.6845e-201 1.70119e-201 5.62863e-182 5.62863e-182 5.62863e-182 3.0226e-178 1.73527e-180 0 0 4.64348e+42 0 0 0
2.94273e+16 7.66314e-231 7.73207e-231 1.16626e-211 1.16626e-211 1.16626e-211 6.29828e-208 3.61545e-210 0 0 4.64348e+42 0 0 0
3.39821e+16 1.3071e-265 1.31775e-265 1.02808e-246 1.02808e-246 1.02808e-246 5.57733e-243 3.20161e-245 0 0 4.64348e+42 0 0 0
3.92419e+16 0 0 0 0 0 0 0 0 0 4.64348e+42 0 0 0
4.53158e+16 0 0 0 0 0 0 0 0 0 4.64348e+42 0 0 0
5.23299e+16 0 0 0 0 0 0 0 0 0 4.64348e+42 0 0 0
6.04296e+16 0 0 0 0 0 0 0 0 0 4.64348e+42 0 0 0
6.97831e+16 0 0 0 0 0 0 0 0 0 4.64348e+42 0 0 0
8.05842e+16 0 0 0 0 0 0 0 0 0 4.64348e+42 0 0 0
9.30572e+16 0 0 0 0 0 0 0 0 0 4.64348e+42 0 0 0