
1.07461e-07 0 0 2.2182e-07 1.99303e+53 2.39363e+60 0 0 5.3613e+45 0 4.64348e+42 0 0 1
1.24094e-07 0 0 26.4275 2.18605e+53 2.06026e+60 0 0 6.19114e+45 0 4.64348e+42 0 0 1
1.43301e-07 0 0 2.64767e+08 2.408e+53 1.78048e+60 0 0 7.14941e+45 0 4.64348e+42 0 0 1
1.65482e-07 0 0 3.1132e+14 2.66635e+53 1.54644e+60 0 0 8.25601e+45 0 4.64348e+42 0 0 1
1.91095e-07 0 0 5.7321e+19 2.96928e+53 1.35063e+60 0 0 9.5339e+45 0 4.64348e+42 0 0 1
2.20673e-07 0 0 2.12039e+24 3.3253e+53 1.18613e+60 0 0 1.10096e+46 0 4.64348e+42 0 0 1
2.5483e-07 0 0 1.95437e+28 3.74278e+53 1.0468e+60 0 0 1.27137e+46 0 4.64348e+42 0 0 1
2.94273e-07 0 0 5.40571e+31 4.22984e+53 9.27436e+59 0 0 1.46815e+46 0 4.64348e+42 0 0 1
3.39821e-07 0 0 5.26952e+34 4.79442e+53 8.23874e+59 0 0 1.69539e+46 0 4.64348e+42 0 0 1
3.92419e-07 0 0 2.08066e+37 5.44489e+53 7.32951e+59 0 0 1.95781e+46 0 4.64348e+42 0 0 1
4.53158e-07 0 0 3.75438e+39 6.19094e+53 6.52379e+59 0 0 2.26084e+46 0 4.64348e+42 0 0 1
5.23299e-07 0 0 3.43758e+41 7.0446e+53 5.80556e+59 0 0 2.61078e+46 0 4.64348e+42 0 0 1
6.04296e-07 0 0 1.74916e+43 8.02122e+53 5.16353e+59 0 0 3.01488e+46 0 4.64348e+42 0 0 1
6.97831e-07 0 0 5.35251e+44 9.14024e+53 4.58935e+59 0 0 3.48153e+46 0 4.64348e+42 0 0 1
8.05842e-07 0 0 1.05483e+46 1.04259e+54 4.07631e+59 0 0 4.02041e+46 0 4.64348e+42 0 0 1
9.30572e-07 0 0 1.4207e+47 1.19076e+54 3.61859e+59 0 0 4.6427e+46 0 4.64348e+42 0 0 1
1.07461e-06 0 0 1.37678e+48 1.36212e+54 3.21088e+59 0 0 5.3613e+46 0 4.64348e+42 0 0 1
1.24094e-06 0 0 1.00372e+49 1.56089e+54 2.84822e+59 0 0 6.19114e+46 0 4.64348e+42 0 0 1
1.43301e-06 0 0 5.72112e+49 1.79209e+54 2.526e+59 0 0 7.14941e+46 0 4.64348e+42 0 0 1
1.65482e-06 0 0 2.63598e+50 2.06164e+54 2.23989e+59 0 0 8.25601e+46 0 4.64348e+42 0 0 1
1.91095e-06 0 0 1.01042e+51 2.3765e+54 1.98594e+59 0 0 9.5339e+46 0 4.64348e+42 0 0 1
2.20673e-06 0 0 3.30362e+51 2.74493e+54 1.76053e+59 0 0 1.10096e+47 0 4.64348e+42 0 0 1
2.5483e-06 0 0 9.41403e+51 3.17683e+54 1.5604e+59 0 0 1.27136e+47 0 4.64348e+42 0 0 1
2.94273e-06 0 0 2.38228e+52 3.68417e+54 1.38269e+59 0 0 1.46815e+47 0 4.64348e+42 0 0 1
3.39821e-06 0 0 5.44122e+52 4.28147e+54 1.22483e+59 0 0 1.69539e+47 0 4.64348e+42 0 0 1
3.92419e-06 0 0 1.13763e+53 4.9863e+54 1.0846e+59 0 0 1.95781e+47 0 4.64348e+42 0 0 1
4.53158e-06 0 0 2.20387e+53 5.8198e+54 9.60028e+58 0 0 2.26084e+47 0 4.64348e+42 0 0 1
5.23299e-06 0 0 3.99771e+53 6.80725e+54 8.49382e+58 0 0 2.61078e+47 0 4.64348e+42 0 0 1
6.04296e-06 0 0 6.85167e+53 7.9788e+54 7.5112e+58 0 0 3.01488e+47 0 4.64348e+42 0 0 1
6.97831e-06 0 0 1.11821e+54 9.37052e+54 6.6387e+58 0 0 3.48153e+47 0 4.64348e+42 0 0 1
8.05842e-06 0 0 1.7495e+54 1.10257e+55 5.86416e+58 0 0 4.0204e+47 0 4.64348e+42 0 0 1
9.30572e-06 0 0 2.6393e+54 1.29963e+55 5.17676e+58 0 0 4.64269e+47 0 4.64348e+42 0 0 1
1.07461e-05 0 0 3.85857e+54 1.53448e+55 4.56686e+58 0 0 5.36129e+47 0 4.64348e+42 0 0 1
1.24094e-05 0 0 5.49033e+54 1.81457e+55 4.02592e+58 0 0 6.19112e+47 0 4.64348e+42 0 0 1
1.43301e-05 0 0 7.63159e+54 2.14883e+55 3.54634e+58 0 0 7.14939e+47 0 4.64348e+42 0 0 1
1.65482e-05 0 0 1.03958e+55 2.54792e+55 3.12132e+58 0 0 8.25598e+47 0 4.64348e+42 0 0 1
1.91095e-05 0 0 1.39162e+55 3.02457e+55 2.74486e+58 0 0 9.53385e+47 0 4.64348e+42 0 0 1
2.20673e-05 0 0 1.83494e+55 3.59398e+55 2.41158e+58 0 0 1.10095e+48 0 4.64348e+42 0 0 1
2.5483e-05 0 0 2.38805e+55 4.2743e+55 2.11669e+58 0 0 1.27136e+48 0 4.64348e+42 0 0 1
2.94273e-05 0 0 3.07283e+55 5.08714e+55 1.85595e+58 0 0 1.46814e+48 0 4.64348e+42 0 0 1
3.39821e-05 0 0 3.91523e+55 6.05825e+55 1.62556e+58 0 0 1.69538e+48 0 4.64348e+42 0 0 1
3.92419e-05 0 0 4.94603e+55 7.21829e+55 1.42213e+58 0 0 1.95779e+48 0 4.64348e+42 0 0 1
4.53158e-05 0 0 6.20178e+55 8.60376e+55 1.24265e+58 0 0 2.26082e+48 0 4.64348e+42 0 0 1
5.23299e-05 0 0 7.72589e+55 1.0258e+56 1.08444e+58 0 0 2.61075e+48 0 4.64348e+42 0 0 1
6.04296e-05 0 0 9.56994e+55 1.22327e+56 9.45109e+57 0 0 3.01484e+48 0 4.64348e+42 0 0 1
6.97831e-05 0 0 1.17952e+56 1.45891e+56 8.2252e+57 0 0 3.48147e+48 0 4.64348e+42 0 0 1
8.05842e-05 0 0 1.44743e+56 1.73999e+56 7.14776e+57 0 0 4.02033e+48 0 4.64348e+42 0 0 1
9.30572e-05 0 0 1.76937e+56 2.07517e+56 6.20184e+57 0 0 4.64259e+48 0 4.64348e+42 0 0 1
0.000107461 0 0 2.15559e+56 2.47469e+56 5.37237e+57 0 0 5.36116e+48 0 4.64348e+42 0 0 1
0.000124094 0 0 2.61825e+56 2.95073e+56 4.64595e+57 0 0 6.19094e+48 0 4.64348e+42 0 0 1
0.000143301 0 0 3.17175e+56 3.51769e+56 4.01061e+57 0 0 7.14915e+48 0 4.64348e+42 0 0 1
0.000165482 0 0 3.8323e+56 4.19172e+56 3.45572e+57 0 0 8.25567e+48 0 4.64348e+42 0 0 1
0.000191095 0 0 4.61106e+56 4.98328e+56 2.97183e+57 0 0 9.53343e+48 0 4.64348e+42 0 0 1
0.000220673 0 0 5.4887e+56 5.87036e+56 2.55053e+57 0 0 1.1009e+49 0 4.64348e+42 0 0 1
0.00025483 0 0 6.38151e+56 6.76403e+56 2.18434e+57 0 0 1.27128e+49 0 4.64348e+42 0 0 1
0.000294273 0 0 7.14722e+56 7.51675e+56 1.86661e+57 0 0 1.46804e+49 0 4.64348e+42 0 0 1
0.000339821 0 0 7.64578e+56 7.98694e+56 1.59145e+57 0 0 1.69525e+49 0 4.64348e+42 0 0 1
0.000392419 0 0 7.8029e+56 8.10352e+56 1.35363e+57 0 0 1.95761e+49 0 4.64348e+42 0 0 1
0.000453158 0 0 7.6277e+56 7.88153e+56 1.14851e+57 0 0 2.26058e+49 0 4.64348e+42 0 0 1
0.000523299 0 0 7.18827e+56 7.39496e+56 9.71975e+56 0 0 2.61043e+49 0 4.64348e+42 0 0 1
0.000604296 0 0 6.575e+56 6.73841e+56 8.204e+56 0 0 3.01442e+49 0 4.64348e+42 0 0 1
0.000697831 0 0 5.873e+56 5.99919e+56 6.90566e+56 0 0 3.48091e+49 0 4.64348e+42 0 0 1
0.000805842 0 0 5.14887e+56 5.24453e+56 5.79636e+56 0 0 4.01958e+49 0 4.64348e+42 0 0 1
0.000930572 0 0 4.44813e+56 4.51961e+56 4.85108e+56 0 0 4.6416e+49 0 4.64348e+42 0 0 1
0.00107461 0 0 3.79816e+56 3.85096e+56 4.04777e+56 0 0 5.35983e+49 0 4.64348e+42 0 0 1
0.00124094 0 0 3.21277e+56 3.25141e+56 3.36708e+56 0 0 6.18918e+49 0 4.64348e+42 0 0 1
0.00143301 0 0 2.69659e+56 2.72465e+56 2.792e+56 0 0 7.1468e+49 0 4.64348e+42 0 0 1
0.00165482 0 0 2.24853e+56 2.26878e+56 2.30765e+56 0 0 8.25253e+49 0 4.64348e+42 0 0 1
0.00191095 0 0 1.86424e+56 1.87876e+56 1.90102e+56 0 0 9.52925e+49 0 4.64348e+42 0 0 1
0.00220673 0 0 1.53775e+56 1.54812e+56 1.56076e+56 0 0 1.10034e+50 0 4.64348e+42 0 0 1
0.0025483 0 0 1.26251e+56 1.26988e+56 1.277e+56 0 0 1.27054e+50 0 4.64348e+42 0 0 1
0.00294273 0 0 1.032e+56 1.03722e+56 1.04119e+56 0 0 1.46705e+50 0 4.64348e+42 0 0 1
0.00339821 0 0 8.40052e+55 8.43727e+55 8.45933e+55 0 0 1.69392e+50 0 4.64348e+42 0 0 1
0.00392419 0 0 6.81044e+55 6.83624e+55 6.84837e+55 0 0 1.95585e+50 0 4.64348e+42 0 0 1
0.00453158 0 0 5.49958e+55 5.51761e+55 5.52423e+55 0 0 2.25823e+50 0 4.64348e+42 0 0 1
0.00523299 0 0 4.42383e+55 4.43639e+55 4.43997e+55 0 0 2.6073e+50 0 4.64348e+42 0 0 1
0.00604296 0 0 3.5449e+55 3.55361e+55 3.55554e+55 0 0 3.01024e+50 0 4.64348e+42 0 0 1
0.00697831 7.09953e-224 7.09953e-224 2.82986e+55 2.83588e+55 2.83691e+55 0 0 3.47534e+50 1.0025e-226 4.64348e+42 0 0 1
0.00805842 2.68754e-151 2.68754e-151 2.25059e+55 2.25473e+55 2.25527e+55 0 0 4.01215e+50 4.13219e-154 4.64348e+42 0 0 1
0.00930572 1.11733e-97 1.11733e-97 1.78325e+55 1.7861e+55 1.78638e+55 0 0 4.63168e+50 1.87754e-100 4.64348e+42 0 0 1
0.0107461 4.49314e-58 4.49314e-58 1.40778e+55 1.40972e+55 1.40987e+55 0 0 5.34662e+50 8.28204e-61 4.64348e+42 0 0 1
0.0124094 7.89874e-29 7.89874e-29 1.10733e+55 1.10865e+55 1.10873e+55 0 0 6.17156e+50 1.60288e-31 4.64348e+42 0 0 1
0.0143301 3.05456e-07 3.05456e-07 8.67887e+54 8.68786e+54 8.68825e+54 0 0 7.12331e+50 6.84867e-10 4.64348e+42 0 0 1
0.0165482 2.58092e+09 2.58092e+09 6.77826e+54 6.78434e+54 6.78454e+54 0 0 8.22121e+50 6.41619e+06 4.64348e+42 0 0 1
0.0191095 1.42628e+21 1.42628e+21 5.27559e+54 5.27969e+54 5.27979e+54 0 0 9.48749e+50 3.94506e+18 4.64348e+42 0 0 1
0.0220673 6.35884e+29 6.35884e+29 4.09217e+54 4.09492e+54 4.09497e+54 0 0 1.09477e+51 1.96356e+27 4.64348e+42 0 0 1
0.025483 1.46502e+36 1.46502e+36 3.16377e+54 3.16561e+54 3.16563e+54 0 0 1.26312e+51 5.06709e+33 4.64348e+42 0 0 1
0.0294273 6.88295e+40 6.88295e+40 2.43816e+54 2.43939e+54 2.43942e+54 0 0 1.45716e+51 2.67505e+38 4.64348e+42 0 0 1
0.0339821 1.81915e+44 1.81915e+44 1.87319e+54 1.874e+54 1.87402e+54 0 0 1.68074e+51 7.96906e+41 4.64348e+42 0 0 1
0.0392419 5.72627e+46 5.72627e+46 1.43486e+54 1.4354e+54 1.43541e+54 0 0 1.93827e+51 2.83585e+44 4.64348e+42 0 0 1
0.0453158 3.73753e+48 3.73753e+48 1.09598e+54 1.09634e+54 1.09635e+54 0 0 2.23481e+51 2.09846e+46 4.64348e+42 0 0 1
0.0523299 7.62105e+49 7.62105e+49 8.3489e+53 8.35127e+53 8.35128e+53 0 0 2.57608e+51 4.86413e+47 4.64348e+42 0 0 1
0.0604296 6.57283e+50 6.57283e+50 6.34384e+53 6.3454e+53 6.3454e+53 0 0 2.96864e+51 4.781e+48 4.64348e+42 0 0 1
0.0697831 2.99974e+51 2.99974e+51 4.80889e+53 4.80991e+53 4.80991e+53 0 0 3.41992e+51 2.49263e+49 4.64348e+42 0 0 1
0.0805842 8.54947e+51 8.54947e+51 3.63732e+53 3.63799e+53 3.63799e+53 0 0 3.93832e+51 8.13345e+49 4.64348e+42 0 0 1
0.0930572 1.7199e+52 1.7199e+52 2.74563e+53 2.74607e+53 2.74607e+53 0 0 4.53335e+51 1.87706e+50 4.64348e+42 0 0 1
0.107461 2.67367e+52 2.67367e+52 2.06873e+53 2.06901e+53 2.06901e+53 0 0 5.21566e+51 3.35368e+50 4.64348e+42 0 0 1
0.124094 3.43436e+52 3.43436e+52 1.55613e+53 1.55632e+53 1.55632e+53 0 0 5.9972e+51 4.95925e+50 4.64348e+42 0 0 1
0.143301 3.83033e+52 3.83033e+52 1.16882e+53 1.16894e+53 1.16894e+53 0 0 6.89122e+51 6.3768e+50 4.64348e+42 0 0 1
0.165482 3.84774e+52 3.84774e+52 8.76776e+52 8.76855e+52 8.76855e+52 0 0 7.91236e+51 7.39487e+50 4.64348e+42 0 0 1
0.191095 3.57716e+52 3.57716e+52 6.56963e+52 6.57014e+52 6.57014e+52 0 0 9.07664e+51 7.94529e+50 4.64348e+42 0 0 1
0.220673 3.14024e+52 3.14024e+52 4.91786e+52 4.91819e+52 4.91819e+52 0 0 1.04014e+52 8.06858e+50 4.64348e+42 0 0 1
0.25483 2.64206e+52 2.64206e+52 3.67843e+52 3.67865e+52 3.67865e+52 0 0 1.1905e+52 7.85939e+50 4.64348e+42 0 0 1
0.294273 2.15412e+52 2.15412e+52 2.74957e+52 2.74971e+52 2.74971e+52 0 0 1.36068e+52 7.42354e+50 4.64348e+42 0 0 1
0.339821 1.71591e+52 1.71591e+52 2.0542e+52 2.05429e+52 2.05429e+52 0 0 1.55265e+52 6.85422e+50 4.64348e+42 0 0 1
0.392419 1.34357e+52 1.34357e+52 1.5341e+52 1.53415e+52 1.53415e+52 0 0 1.76834e+52 6.22314e+50 4.64348e+42 0 0 1
0.453158 1.03877e+52 1.03877e+52 1.14537e+52 1.14541e+52 1.14541e+52 0 0 2.00952e+52 5.58049e+50 4.64348e+42 0 0 1
0.523299 7.95669e+51 7.95669e+51 8.55011e+51 8.55035e+51 8.55035e+51 0 0 2.27771e+52 4.95858e+50 4.64348e+42 0 0 1
0.604296 6.05319e+51 6.05319e+51 6.38224e+51 6.3824e+51 6.3824e+51 0 0 2.57392e+52 4.37626e+50 4.64348e+42 0 0 1
0.697831 4.58231e+51 4.58231e+51 4.76422e+51 4.76432e+51 4.76432e+51 0 0 2.8984e+52 3.84308e+50 4.64348e+42 0 0 1
0.805842 3.4565e+51 3.4565e+51 3.55684e+51 3.55691e+51 3.55691e+51 0 0 3.25033e+52 3.36244e+50 4.64348e+42 0 0 1
0.930572 2.60074e+51 2.60074e+51 2.65599e+51 2.65603e+51 2.65603e+51 0 0 3.62736e+52 2.93392e+50 4.64348e+42 0 0 1
1.07461 1.95346e+51 1.95346e+51 1.98384e+51 1.98386e+51 1.98386e+51 0 0 4.02509e+52 2.55486e+50 4.64348e+42 0 0 1
1.24094 1.4656e+51 1.4656e+51 1.48229e+51 1.48231e+51 1.48231e+51 0 0 4.43652e+52 2.22149e+50 4.64348e+42 0 0 1
1.43301 1.09882e+51 1.09882e+51 1.10798e+51 1.10799e+51 1.10799e+51 0 0 4.85131e+52 1.9295e+50 4.64348e+42 0 0 1
1.65482 8.23534e+50 8.23534e+50 8.28569e+50 8.28576e+50 8.28576e+50 0 0 5.2552e+52 1.67453e+50 4.64348e+42 0 0 1
1.91095 6.17156e+50 6.17156e+50 6.19926e+50 6.1993e+50 6.1993e+50 0 0 5.62944e+52 1.45239e+50 4.64348e+42 0 0 1
2.20673 4.62543e+50 4.62543e+50 4.64071e+50 4.64074e+50 4.64074e+50 0 0 5.95056e+52 1.25916e+50 4.64348e+42 0 0 1
2.5483 3.46752e+50 3.46752e+50 3.476e+50 3.47602e+50 3.47602e+50 0 0 6.19074e+52 1.09128e+50 4.64348e+42 0 0 1
2.94273 2.60044e+50 2.60044e+50 2.60519e+50 2.6052e+50 2.6052e+50 0 0 6.3191e+52 9.45554e+49 4.64348e+42 0 0 1
3.39821 1.95109e+50 1.95109e+50 1.95378e+50 1.95379e+50 1.95379e+50 0 0 6.30437e+52 8.19136e+49 4.64348e+42 0 0 1
3.92419 1.46467e+50 1.46467e+50 1.46624e+50 1.46624e+50 1.46624e+50 0 0 6.11922e+52 7.09522e+49 4.64348e+42 0 0 1
4.53158 1.10018e+50 1.10018e+50 1.10112e+50 1.10112e+50 1.10112e+50 0 0 5.7464e+52 6.1451e+49 4.64348e+42 0 0 1
5.23299 8.26926e+49 8.26926e+49 8.27514e+49 8.27516e+49 8.27516e+49 0 0 5.18601e+52 5.32177e+49 4.64348e+42 0 0 1
6.04296 6.21969e+49 6.21969e+49 6.22357e+49 6.22358e+49 6.22358e+49 0 0 4.46211e+52 4.60844e+49 4.64348e+42 0 0 1
6.97831 4.68149e+49 4.68149e+49 4.68421e+49 4.68422e+49 4.68422e+49 0 0 3.62599e+52 3.9905e+49 4.64348e+42 0 0 1
8.05842 3.52636e+49 3.52636e+49 3.52837e+49 3.52838e+49 3.52838e+49 0 0 2.75247e+52 3.45525e+49 4.64348e+42 0 0 1
9.30572 2.65833e+49 2.65833e+49 2.65989e+49 2.65989e+49 2.65989e+49 0 0 1.92721e+52 2.99165e+49 4.64348e+42 0 0 1
10.7461 2.00558e+49 2.00558e+49 2.00684e+49 2.00684e+49 2.00684e+49 0 0 1.22679e+52 2.59013e+49 4.64348e+42 0 0 1
12.4094 1.51437e+49 1.51437e+49 1.51541e+49 1.51541e+49 1.51541e+49 0 0 6.98468e+51 2.2424e+49 4.64348e+42 0 0 1
14.3301 1.14443e+49 1.14443e+49 1.14531e+49 1.14531e+49 1.14531e+49 0 0 3.49159e+51 1.94126e+49 4.64348e+42 0 0 1
16.5482 8.65602e+48 8.65602e+48 8.66359e+48 8.6636e+48 8.6636e+48 0 0 1.50074e+51 1.68047e+49 4.64348e+42 0 0 1
19.1095 6.55277e+48 6.55277e+48 6.55931e+48 6.55932e+48 6.55932e+48 0 0 5.41547e+50 1.45462e+49 4.64348e+42 0 0 1
22.0673 4.96489e+48 4.96489e+48 4.97058e+48 4.97058e+48 4.97058e+48 0 0 1.59647e+50 1.25904e+49 4.64348e+42 0 0 1
25.483 3.76505e+48 3.76505e+48 3.77002e+48 3.77002e+48 3.77002e+48 0 0 3.72605e+49 1.08968e+49 4.64348e+42 0 0 1
29.4273 2.85762e+48 2.85762e+48 2.86196e+48 2.86197e+48 2.86197e+48 0 0 6.64026e+48 9.43013e+48 4.64348e+42 0 0 1
33.9821 2.17072e+48 2.17072e+48 2.17452e+48 2.17452e+48 2.17452e+48 0 0 8.66628e+47 8.16005e+48 4.64348e+42 0 0 1
39.2419 1.65027e+48 1.65027e+48 1.65361e+48 1.65361e+48 1.65361e+48 0 0 7.89315e+46 7.06021e+48 4.64348e+42 0 0 1
45.3158 1.25557e+48 1.25557e+48 1.25851e+48 1.25851e+48 1.25851e+48 0 0 4.74523e+45 6.10779e+48 4.64348e+42 0 0 1
52.3299 9.55973e+47 9.55973e+47 9.58551e+47 9.58551e+47 9.58551e+47 0 0 1.76575e+44 5.28304e+48 4.64348e+42 0 0 1
60.4296 7.28348e+47 7.28348e+47 7.30616e+47 7.30616e+47 7.30616e+47 0 0 3.77588e+42 4.56884e+48 4.64348e+42 0 0 1
69.7831 5.55255e+47 5.55255e+47 5.57252e+47 5.57252e+47 5.57252e+47 0 0 4.2588e+40 3.95037e+48 4.64348e+42 0 0 1
80.5842 4.23517e+47 4.23517e+47 4.25277e+47 4.25277e+47 4.25277e+47 0 0 2.29475e+38 3.41481e+48 4.64348e+42 0 0 1
93.0572 3.23174e+47 3.23174e+47 3.24725e+47 3.24725e+47 3.24725e+47 0 0 5.26872e+35 2.95105e+48 4.64348e+42 0 0 1
107.461 2.46687e+47 2.46687e+47 2.48055e+47 2.48055e+47 2.48055e+47 0 0 4.51703e+32 2.54947e+48 4.64348e+42 0 0 1
124.094 1.88346e+47 1.88346e+47 1.89552e+47 1.89552e+47 1.89552e+47 0 0 1.24153e+29 2.20173e+48 4.64348e+42 0 0 1
143.301 1.43819e+47 1.43819e+47 1.44884e+47 1.44884e+47 1.44884e+47 0 0 9.17392e+24 1.90061e+48 4.64348e+42 0 0 1
165.482 1.0982e+47 1.0982e+47 1.10759e+47 1.10759e+47 1.10759e+47 0 0 1.48709e+20 1.63988e+48 4.64348e+42 0 0 1
191.095 8.38506e+46 8.38506e+46 8.4679e+46 8.4679e+46 8.4679e+46 0 0 4.18148e+14 1.41412e+48 4.64348e+42 0 0 1
220.673 6.40089e+46 6.40089e+46 6.47397e+46 6.47397e+46 6.47397e+46 0 0 1.55518e+08 1.21866e+48 4.64348e+42 0 0 1
254.83 4.88479e+46 4.88479e+46 4.94924e+46 4.94924e+46 4.94924e+46 0 0 5.59378 1.04942e+48 4.64348e+42 0 0 1
294.273 3.72635e+46 3.72635e+46 3.7832e+46 3.7832e+46 3.7832e+46 0 0 1.35542e-08 9.02907e+47 4.64348e+42 0 0 1
339.821 2.84136e+46 2.84136e+46 2.89147e+46 2.89147e+46 2.89147e+46 0 0 1.4573e-18 7.76077e+47 4.64348e+42 0 0 1
392.419 2.16544e+46 2.16544e+46 2.2096e+46 2.2096e+46 2.2096e+46 0 0 4.29268e-30 6.66297e+47 4.64348e+42 0 0 1
453.158 1.64941e+46 1.64941e+46 1.68831e+46 1.68831e+46 1.68831e+46 0 0 1.98517e-43 5.7129e+47 4.64348e+42 0 0 1
523.299 1.25562e+46 1.25562e+46 1.28988e+46 1.28988e+46 1.28988e+46 0 0 7.57725e-59 4.89083e+47 4.64348e+42 0 0 1
604.296 9.55255e+45 9.55255e+45 9.85419e+45 9.85419e+45 9.85419e+45 0 0 1.13607e-76 4.1797e+47 4.64348e+42 0 0 1
697.831 7.2628e+45 7.2628e+45 7.52827e+45 7.52827e+45 7.52827e+45 0 0 2.83857e-97 3.56475e+47 4.64348e+42 0 0 1
805.842 5.51814e+45 5.51814e+45 5.75171e+45 5.75171e+45 5.75171e+45 0 0 4.39119e-121 3.0332e+47 4.64348e+42 0 0 1
930.572 4.18947e+45 4.18947e+45 4.39491e+45 4.39491e+45 4.39491e+45 0 0 1.34053e-148 2.57399e+47 4.64348e+42 0 0 1
1074.61 3.17805e+45 3.17805e+45 3.35869e+45 3.35869e+45 3.35869e+45 0 0 2.1565e-180 2.17757e+47 4.64348e+42 0 0 1
1240.94 2.40847e+45 2.40847e+45 2.56724e+45 2.56724e+45 2.56724e+45 0 0 3.97933e-217 1.83567e+47 4.64348e+42 0 0 1
1433.01 1.82313e+45 1.82313e+45 1.96262e+45 1.96262e+45 1.96262e+45 0 0 0 1.54116e+47 4.64348e+42 0 0 1
1654.82 1.37812e+45 1.37812e+45 1.50058e+45 1.50058e+45 1.50058e+45 0 0 0 1.28784e+47 4.64348e+42 0 0 1
1910.95 1.03996e+45 1.03996e+45 1.14739e+45 1.14739e+45 1.14739e+45 0 0 0 1.07038e+47 4.64348e+42 0 0 1
2206.73 7.83145e+44 7.83145e+44 8.77295e+44 8.77295e+44 8.77295e+44 0 0 0 8.8417e+46 4.64348e+42 0 0 1
2548.3 5.88259e+44 5.88259e+44 6.70661e+44 6.70661e+44 6.70661e+44 0 0 0 7.25204e+46 4.64348e+42 0 0 1
2942.73 4.40518e+44 4.40518e+44 5.1252e+44 5.1252e+44 5.1252e+44 0 0 0 5.90018e+46 4.64348e+42 0 0 1
3398.21 3.28667e+44 3.28667e+44 3.91453e+44 3.91453e+44 3.91453e+44 0 0 0 4.75602e+46 4.64348e+42 0 0 1
3924.19 2.44134e+44 2.44134e+44 2.98747e+44 2.98747e+44 2.98747e+44 0 0 0 3.79333e+46 4.64348e+42 0 0 1
4531.58 1.80393e+44 1.80393e+44 2.27753e+44 2.27753e+44 2.27753e+44 0 0 0 2.9891e+46 4.64348e+42 0 0 1
5232.99 1.35147e+44 1.35147e+44 1.74931e+44 1.74931e+44 1.74931e+44 0 0 0 2.37006e+46 4.64348e+42 0 0 1
6042.96 9.91297e+43 9.91297e+43 1.33284e+44 1.33284e+44 1.33284e+44 0 0 0 1.82444e+46 4.64348e+42 0 0 1
6978.31 7.22251e+43 7.22251e+43 1.01407e+44 1.01407e+44 1.01407e+44 0 0 0 1.38202e+46 4.64348e+42 0 0 1
8058.42 5.22251e+43 5.22251e+43 7.70237e+43 7.70237e+43 7.70237e+43 0 0 0 1.02816e+46 4.64348e+42 0 0 1
9305.72 3.74442e+43 3.74442e+43 5.83917e+43 5.83917e+43 5.83917e+43 0 0 0 7.4962e+45 4.64348e+42 0 0 1
10746.1 2.65953e+43 2.65953e+43 4.41726e+43 4.41726e+43 4.41726e+43 0 0 0 5.34366e+45 4.64348e+42 0 0 1
12409.4 1.86958e+43 1.86958e+43 3.33389e+43 3.33389e+43 3.33389e+43 0 0 0 3.71488e+45 4.64348e+42 0 0 1
14330.1 1.29966e+43 1.29966e+43 2.51007e+43 2.51007e+43 2.51007e+43 0 0 0 2.51162e+45 4.64348e+42 0 0 1
16548.2 8.92717e+42 8.92717e+42 1.88503e+43 1.88503e+43 1.88503e+43 0 0 0 1.64648e+45 4.64348e+42 0 0 1
19109.5 6.05483e+42 6.05483e+42 1.41202e+43 1.41202e+43 1.41202e+43 0 0 0 1.04313e+45 4.64348e+42 0 0 1
22067.3 4.05295e+42 4.05295e+42 1.05504e+43 1.05504e+43 1.05504e+43 0 0 0 6.36456e+44 4.64348e+42 0 0 1
25483 2.67662e+42 2.67662e+42 7.86416e+42 7.86416e+42 7.86416e+42 0 0 0 3.72549e+44 4.64348e+42 0 0 1
29427.3 1.74396e+42 1.74396e+42 5.84893e+42 5.84893e+42 5.84893e+42 0 0 0 2.08347e+44 4.64348e+42 0 0 1
33982.1 1.12135e+42 1.12135e+42 4.34161e+42 4.34161e+42 4.34161e+42 0 0 0 1.10823e+44 4.64348e+42 0 0 1
39241.9 7.12031e+41 7.12031e+41 3.21747e+42 3.21747e+42 3.21747e+42 0 0 0 5.57932e+43 4.64348e+42 0 0 1
45315.8 4.46972e+41 4.46972e+41 2.38138e+42 2.38138e+42 2.38138e+42 0 0 0 2.64426e+43 4.64348e+42 0 0 1
52329.9 2.77823e+41 2.77823e+41 1.76106e+42 1.76106e+42 1.76106e+42 0 0 0 1.17274e+43 4.64348e+42 0 0 1
60429.6 1.71336e+41 1.71336e+41 1.30179e+42 1.30179e+42 1.30179e+42 0 0 0 4.83455e+42 4.64348e+42 0 0 1
69783.1 1.05102e+41 1.05102e+41 9.62324e+41 9.62324e+41 9.62324e+41 0 0 0 1.83841e+42 4.64348e+42 0 0 1
80584.2 6.43166e+40 6.43166e+40 7.11719e+41 7.11719e+41 7.11719e+41 0 0 0 6.39162e+41 4.64348e+42 0 0 1
93057.2 3.93913e+40 3.93913e+40 5.26842e+41 5.26842e+41 5.26842e+41 0 0 0 2.01066e+41 4.64348e+42 0 0 1
107461 2.42292e+40 2.42292e+40 3.90477e+41 3.90477e+41 3.90477e+41 0 0 0 5.65265e+40 4.64348e+42 0 0 1
124094 1.50197e+40 1.50197e+40 2.89861e+41 2.89861e+41 2.89861e+41 0 0 0 1.39933e+40 4.64348e+42 0 0 1
143301 9.41519e+39 9.41519e+39 2.15559e+41 2.15559e+41 2.15559e+41 0 0 0 2.99645e+39 4.64348e+42 0 0 1
165482 5.98674e+39 5.98674e+39 1.60619e+41 1.60619e+41 1.60619e+41 0 0 0 5.43276e+38 4.64348e+42 0 0 1
191095 3.87175e+39 3.87175e+39 1.19929e+41 1.19929e+41 1.19929e+41 0 0 0 8.12874e+37 4.64348e+42 0 0 1
220673 2.55226e+39 2.55226e+39 8.97352e+40 8.97352e+40 8.97352e+40 0 0 0 9.73521e+36 4.64348e+42 0 0 1
254830 1.71774e+39 1.71774e+39 6.72828e+40 6.72828e+40 6.72828e+40 0 0 0 9.00064e+35 4.64348e+42 0 0 1
294273 1.18168e+39 1.18168e+39 5.05509e+40 5.05509e+40 5.05509e+40 0 0 0 6.15633e+34 4.64348e+42 0 0 1
339821 8.31483e+38 8.31483e+38 3.8055e+40 3.8055e+40 3.8055e+40 0 0 0 2.96393e+33 4.64348e+42 0 0 1
392419 5.98647e+38 5.98647e+38 2.87034e+40 2.87034e+40 2.87034e+40 0 0 0 9.4785e+31 4.64348e+42 0 0 1
453158 4.41054e+38 4.41054e+38 2.16912e+40 2.16912e+40 2.16912e+40 0 0 0 1.88245e+30 4.64348e+42 0 0 1
523299 3.32484e+38 3.32484e+38 1.64235e+40 1.64235e+40 1.64235e+40 2.94539e+32 1.04814e+37 0 2.14779e+28 4.64348e+42 0 0 1
604296 2.56385e+38 2.56385e+38 1.24595e+40 1.24595e+40 1.24595e+40 4.57946e+32 1.0525e+37 0 1.28652e+26 4.64348e+42 0 0 1
697831 2.02148e+38 2.02148e+38 9.47145e+39 9.47145e+39 9.47145e+39 6.21353e+32 1.05685e+37 0 3.64552e+23 4.64348e+42 0 0 1
805842 1.62866e+38 1.62866e+38 7.21537e+39 7.21537e+39 7.21537e+39 7.8476e+32 1.06121e+37 0 4.33245e+20 4.64348e+42 0 0 1
930572 1.33968e+38 1.33968e+38 5.50893e+39 5.50893e+39 5.50893e+39 9.48167e+32 1.06556e+37 0 1.87889e+17 4.64348e+42 0 0 1
1.07461e+06 1.12382e+38 1.12382e+38 4.21582e+39 4.21582e+39 4.21582e+39 1.205e+33 1.071e+37 0 2.53176e+13 4.64348e+42 0 0 1
1.24094e+06 9.59946e+37 9.59946e+37 3.23391e+39 3.23391e+39 3.23391e+39 1.62435e+33 1.07219e+37 0 8.80151e+08 4.64348e+42 0 0 1
1.43301e+06 8.33061e+37 8.33061e+37 2.48653e+39 2.48653e+39 2.48653e+39 2.17876e+33 1.0737e+37 0 6366.45 4.64348e+42 0 0 1
1.65482e+06 7.32563e+37 7.32563e+37 1.91623e+39 1.91623e+39 1.91623e+39 2.9144e+33 1.07562e+37 0 0.00747444 4.64348e+42 0 0 1
1.91095e+06 6.51007e+37 6.51007e+37 1.47991e+39 1.47991e+39 1.47991e+39 3.97103e+33 1.07827e+37 0 1.06955e-09 4.64348e+42 0 0 1
2.20673e+06 5.83118e+37 5.83118e+37 1.14524e+39 1.14524e+39 1.14524e+39 5.33098e+33 1.08168e+37 0 1.34065e-17 4.64348e+42 0 0 1
2.5483e+06 5.25141e+37 5.25141e+37 8.87872e+38 8.87872e+38 8.87872e+38 7.12387e+33 1.08614e+37 0 1.00579e-26 4.64348e+42 0 0 1
2.94273e+06 4.7437e+37 4.7437e+37 6.89462e+38 6.89462e+38 6.89462e+38 9.5123e+33 1.09199e+37 0 2.91071e-37 4.64348e+42 0 0 1
3.39821e+06 4.28869e+37 4.28869e+37 5.36133e+38 5.36133e+38 5.36133e+38 1.29725e+34 1.1002e+37 0 1.95755e-49 4.64348e+42 0 0 1
3.92419e+06 3.87281e+37 3.87281e+37 4.17371e+38 4.17371e+38 4.17371e+38 1.75077e+34 1.11092e+37 0 1.70509e-63 4.64348e+42 0 0 1
4.53158e+06 3.48686e+37 3.48686e+37 3.25187e+38 3.25187e+38 3.25187e+38 2.36512e+34 1.12489e+37 0 9.79793e-80 4.64348e+42 0 0 1
5.23299e+06 3.12503e+37 3.12503e+37 2.53494e+38 2.53494e+38 2.53494e+38 3.18909e+34 1.14287e+37 0 1.70524e-98 4.64348e+42 0 0 1
6.04296e+06 2.7841e+37 2.7841e+37 1.97642e+38 1.97642e+38 1.97642e+38 4.36351e+34 1.16769e+37 0 3.66007e-120 4.64348e+42 0 0 1
6.97831e+06 2.46272e+37 2.46272e+37 1.54071e+38 1.54071e+38 1.54071e+38 5.89297e+34 1.19768e+37 0 3.43425e-145 4.64348e+42 0 0 1
8.05842e+06 2.16085e+37 2.16085e+37 1.2004e+38 1.2004e+38 1.2004e+38 7.90623e+34 1.23441e+37 0 4.25458e-174 4.64348e+42 0 0 1
9.30572e+06 1.87921e+37 1.87921e+37 9.34424e+37 9.34424e+37 9.34424e+37 1.05989e+35 1.27657e+37 0 1.74696e-207 4.64348e+42 0 0 1
1.07461e+07 1.61889e+37 1.61889e+37 7.26471e+37 7.26471e+37 7.26471e+37 1.43104e+35 1.33559e+37 0 4.81998e-246 4.64348e+42 0 0 1
1.24094e+07 1.38089e+37 1.38089e+37 5.63898e+37 5.63898e+37 5.63898e+37 1.89227e+35 1.39086e+37 0 0 4.64348e+42 0 0 1
1.43301e+07 1.16603e+37 1.16603e+37 4.36889e+37 4.36889e+37 4.36889e+37 2.45768e+35 1.44552e+37 0 0 4.64348e+42 0 0 1
1.65482e+07 9.74662e+36 9.74662e+36 3.37797e+37 3.37797e+37 3.37797e+37 3.13644e+35 1.49733e+37 0 0 4.64348e+42 0 0 1
1.91095e+07 8.06738e+36 8.06738e+36 2.60667e+37 2.60667e+37 2.60667e+37 3.97509e+35 1.54347e+37 0 0 4.64348e+42 0 0 1
2.20673e+07 6.61454e+36 6.61454e+36 2.00763e+37 2.00763e+37 2.00763e+37 4.86414e+35 1.5824e+37 0 0 4.64348e+42 0 0 1
2.5483e+07 5.37721e+36 5.37721e+36 1.54418e+37 1.54418e+37 1.54418e+37 5.83186e+35 1.60913e+37 0 0 4.64348e+42 0 0 1
2.94273e+07 4.33872e+36 4.33872e+36 1.18691e+37 1.18691e+37 1.18691e+37 6.8041e+35 1.60932e+37 0 0 4.64348e+42 0 0 1
3.39821e+07 3.48061e+36 3.48061e+36 9.1286e+36 9.1286e+36 9.1286e+36 7.7798e+35 1.57832e+37 0 0 4.64348e+42 0 0 1
3.92419e+07 2.77899e+36 2.77899e+36 7.02957e+36 7.02957e+36 7.02957e+36 8.59093e+35 1.51552e+37 0 0 4.64348e+42 0 0 1
4.53158e+07 2.21373e+36 2.21373e+36 5.43098e+36 5.43098e+36 5.43098e+36 9.2968e+35 1.43232e+37 0 0 4.64348e+42 0 0 1
5.23299e+07 1.76287e+36 1.76287e+36 4.2162e+36 4.2162e+36 4.2162e+36 9.849e+35 1.33596e+37 0 0 4.64348e+42 0 0 1
6.04296e+07 1.40478e+36 1.40478e+36 3.29096e+36 3.29096e+36 3.29096e+36 1.01684e+36 1.21649e+37 0 0 4.64348e+42 0 0 1
6.97831e+07 1.12082e+36 1.12082e+36 2.58319e+36 2.58319e+36 2.58319e+36 1.02259e+36 1.07975e+37 0 0 4.64348e+42 0 0 1
8.05842e+07 8.95846e+35 8.95846e+35 2.03938e+36 2.03938e+36 2.03938e+36 1.00471e+36 9.27122e+36 0 0 4.64348e+42 0 0 1
9.30572e+07 7.1669e+35 7.1669e+35 1.61742e+36 1.61742e+36 1.61742e+36 9.63851e+35 7.64398e+36 0 0 4.64348e+42 0 0 1
1.07461e+08 5.7229e+35 5.7229e+35 1.28464e+36 1.28464e+36 1.28464e+36 8.99712e+35 5.97264e+36 0 0 4.64348e+42 11.9415 0 1
1.24094e+08 4.56822e+35 4.56822e+35 1.02304e+36 1.02304e+36 1.02304e+36 8.25106e+35 4.61944e+36 0 0 4.64348e+42 10.4908 0 1
1.43301e+08 3.63152e+35 3.63152e+35 8.13587e+35 8.13587e+35 8.13587e+35 7.39794e+35 3.50518e+36 0 0 4.64348e+42 9.21636 0 1
1.65482e+08 2.86407e+35 2.86407e+35 6.43492e+35 6.43492e+35 6.43492e+35 6.46593e+35 2.61648e+36 0 0 4.64348e+42 8.09673 0 1
1.91095e+08 2.21527e+35 2.21527e+35 5.00265e+35 5.00265e+35 5.00265e+35 5.41853e+35 1.88603e+36 0 0 4.64348e+42 7.11311 0 1
2.20673e+08 1.70462e+35 1.70462e+35 3.87691e+35 3.87691e+35 3.87691e+35 4.49171e+35 1.38646e+36 0 0 4.64348e+42 6.24899 0 1
2.5483e+08 1.29515e+35 1.29515e+35 2.972e+35 2.972e+35 2.972e+35 3.63987e+35 1.01067e+36 0 0 4.64348e+42 5.48984 0 1
2.94273e+08 9.71114e+34 9.71114e+34 2.25205e+35 2.25205e+35 2.25205e+35 2.88616e+35 7.30341e+35 0 0 4.64348e+42 4.82291 0 1
3.39821e+08 7.10139e+34 7.10139e+34 1.66672e+35 1.66672e+35 1.66672e+35 2.19906e+35 5.17842e+35 0 0 4.64348e+42 4.42394 0 1
3.92419e+08 5.20026e+34 5.20026e+34 1.23687e+35 1.23687e+35 1.23687e+35 1.68227e+35 3.75683e+35 0 0 4.64348e+42 4.23701 0 1
4.53158e+08 3.77494e+34 3.77494e+34 9.10946e+34 9.10946e+34 9.10946e+34 1.27055e+35 2.71627e+35 0 0 4.64348e+42 4.05798 0 1
5.23299e+08 2.70727e+34 2.70727e+34 6.6352e+34 6.6352e+34 6.6352e+34 9.42129e+34 1.95756e+35 0 0 4.64348e+42 3.88651 0 1
6.04296e+08 1.92881e+34 1.92881e+34 4.8057e+34 4.8057e+34 4.8057e+34 6.91825e+34 1.39591e+35 0 0 4.64348e+42 3.72228 0 1
6.97831e+08 1.38781e+34 1.38781e+34 3.51807e+34 3.51807e+34 3.51807e+34 5.16572e+34 1.01772e+35 0 0 4.64348e+42 3.565 0 1
8.05842e+08 9.94884e+33 9.94884e+33 2.56788e+34 2.56788e+34 2.56788e+34 3.83677e+34 7.40928e+34 0 0 4.64348e+42 3.41436 0 1
9.30572e+08 7.09832e+33 7.09832e+33 1.86669e+34 1.86669e+34 1.86669e+34 2.8299e+34 5.38178e+34 0 0 4.64348e+42 3.27009 0 1
1.07461e+09 5.01982e+33 5.01982e+33 1.34579e+34 1.34579e+34 1.34579e+34 2.05893e+34 3.85203e+34 0 0 4.64348e+42 3.28187 0 1
1.24094e+09 3.60019e+33 3.60019e+33 9.84487e+33 9.84487e+33 9.84487e+33 1.53397e+34 2.82297e+34 0 0 4.64348e+42 3.45141 0 1
1.43301e+09 2.5832e+33 2.5832e+33 7.20844e+33 7.20844e+33 7.20844e+33 1.14481e+34 2.06299e+34 0 0 4.64348e+42 3.62971 0 1
1.65482e+09 1.84828e+33 1.84828e+33 5.26538e+33 5.26538e+33 5.26538e+33 8.51434e+33 1.50279e+34 0 0 4.64348e+42 3.81722 0 1
1.91095e+09 1.31098e+33 1.31098e+33 3.81412e+33 3.81412e+33 3.81412e+33 6.25191e+33 1.07593e+34 0 0 4.64348e+42 4.01441 0 1
2.20673e+09 9.4175e+32 9.4175e+32 2.79906e+33 2.79906e+33 2.79906e+33 4.69159e+33 7.8986e+33 0 0 4.64348e+42 4.22179 0 1
2.5483e+09 6.74696e+32 6.74696e+32 2.04922e+33 2.04922e+33 2.04922e+33 3.50988e+33 5.78109e+33 0 0 4.64348e+42 4.43989 0 1
2.94273e+09 4.81485e+32 4.81485e+32 1.49478e+33 1.49478e+33 1.49478e+33 2.61283e+33 4.21666e+33 0 0 4.64348e+42 4.66925 0 1
3.39821e+09 3.39228e+32 3.39228e+32 1.07671e+33 1.07671e+33 1.07671e+33 1.90876e+33 3.02227e+33 0 0 4.64348e+42 4.91046 0 1
3.92419e+09 2.42429e+32 2.42429e+32 7.86843e+32 7.86843e+32 7.86843e+32 1.42747e+33 2.21873e+33 0 0 4.64348e+42 5.16413 0 1
4.53158e+09 1.72765e+32 1.72765e+32 5.73503e+32 5.73503e+32 5.73503e+32 1.06384e+33 1.62252e+33 0 0 4.64348e+42 5.4309 0 1
5.23299e+09 1.22762e+32 1.22762e+32 4.16855e+32 4.16855e+32 4.16855e+32 7.90017e+32 1.18126e+33 0 0 4.64348e+42 5.71146 0 1
6.04296e+09 8.59543e+31 8.59543e+31 2.98608e+32 2.98608e+32 2.98608e+32 5.74345e+32 8.45682e+32 0 0 4.64348e+42 6.00651 0 1
6.97831e+09 6.11537e+31 6.11537e+31 2.17445e+32 2.17445e+32 2.17445e+32 4.28549e+32 6.19566e+32 0 0 4.64348e+42 6.3168 0 1
8.05842e+09 4.31374e+31 4.31374e+31 1.57526e+32 1.57526e+32 1.57526e+32 3.18653e+32 4.52518e+32 0 0 4.64348e+42 6.64312 0 1
9.30572e+09 2.89747e+31 2.89747e+31 1.11539e+32 1.11539e+32 1.11539e+32 2.35373e+32 3.29477e+32 0 0 4.64348e+42 6.9863 0 1
1.07461e+10 1.5027e+31 1.5027e+31 7.0935e+31 7.0935e+31 7.0935e+31 1.70633e+32 2.36409e+32 0 0 4.64348e+42 7.83875 0 1
1.24094e+10 3.01904e+30 3.01904e+30 3.41417e+31 3.41417e+31 3.41417e+31 1.26221e+32 1.7365e+32 0 0 4.64348e+42 9.38365 0 1
1.43301e+10 3.93433e+28 3.93433e+28 1.09841e+31 1.09841e+31 1.09841e+31 9.27661e+31 1.27195e+32 0 0 4.64348e+42 11.233 0 1
1.65482e+10 6.03127e+23 6.03127e+23 2.94615e+30 2.94615e+30 2.94615e+30 6.7952e+31 9.28508e+31 0 0 4.64348e+42 13.4469 0 1
1.91095e+10 2.16486e+12 2.16486e+12 8.03214e+29 8.03214e+29 8.03214e+29 4.87792e+31 6.6561e+31 0 0 4.64348e+42 16.0971 0 1
2.20673e+10 7.52915e-13 7.52915e-13 2.46636e+29 2.46636e+29 2.46636e+29 3.5859e+31 4.88791e+31 0 0 4.64348e+42 19.2696 34.7254 1
2.5483e+10 2.11362e-59 2.11362e-59 8.44125e+28 8.44125e+28 8.44125e+28 2.62638e+31 3.57607e+31 0 0 4.64348e+42 23.0673 22.9578 1
2.94273e+10 1.0493e-138 1.0493e-138 3.1956e+28 3.1956e+28 3.1956e+28 1.91719e+31 2.60602e+31 0 0 4.64348e+42 27.6135 15.5417 1
3.39821e+10 5.84899e-261 5.84899e-261 1.30559e+28 1.30559e+28 1.30559e+28 1.37097e+31 1.8613e+31 0 0 4.64348e+42 33.0558 10.7604 1
3.92419e+10 0 0 5.90764e+27 5.90764e+27 5.90764e+27 1.00838e+31 1.36536e+31 0 0 4.64348e+42 39.5705 7.61059 1
4.53158e+10 0 0 2.86333e+27 2.86333e+27 2.86333e+27 7.39775e+30 9.98688e+30 0 0 4.64348e+42 47.3693 5.49245 1
5.23299e+10 0 0 1.47355e+27 1.47355e+27 1.47355e+27 5.41661e+30 7.28111e+30 0 0 4.64348e+42 56.7051 4.04008 1
6.04296e+10 0 0 7.88066e+26 7.88066e+26 7.88066e+26 3.89406e+30 5.20075e+30 0 0 4.64348e+42 67.8808 3.02568 1
6.97831e+10 0 0 4.51384e+26 4.51384e+26 4.51384e+26 2.87752e+30 3.82034e+30 0 0 4.64348e+42 81.2591 2.3047 1
8.05842e+10 0 0 2.68554e+26 2.68554e+26 2.68554e+26 2.1198e+30 2.79854e+30 0 0 4.64348e+42 97.2741 1.78376 1
9.30572e+10 0 0 1.65086e+26 1.65086e+26 1.65086e+26 1.55669e+30 2.0431e+30 0 0 4.64348e+42 116.445 1.40144 1
1.07461e+11 0 0 1.02772e+26 1.02772e+26 1.02772e+26 1.11934e+30 1.45936e+30 0 0 4.64348e+42 139.395 1.11671 1
1.24094e+11 0 0 6.72191e+25 6.72191e+25 6.72191e+25 8.25838e+29 1.072e+30 0 0 4.64348e+42 166.868 0.901709 1
1.43301e+11 0 0 4.48912e+25 4.48912e+25 4.48912e+25 6.0686e+29 7.84797e+29 0 0 4.64348e+42 199.755 0.737233 1
1.65482e+11 0 0 3.05141e+25 3.05141e+25 3.05141e+25 4.43943e+29 5.72242e+29 0 0 4.64348e+42 239.123 0.609868 1
1.91095e+11 0 0 2.07222e+25 2.07222e+25 2.07222e+25 3.17695e+29 4.07703e+29 0 0 4.64348e+42 286.251 0.510106 1
2.20673e+11 0 0 1.46706e+25 1.46706e+25 1.46706e+25 2.33478e+29 2.98818e+29 0 0 4.64348e+42 342.667 0.431129 1
2.5483e+11 0 0 1.05124e+25 1.05124e+25 1.05124e+25 1.70919e+29 2.18197e+29 0 0 4.64348e+42 410.201 0.367983 1
2.94273e+11 0 0 7.61068e+24 7.61068e+24 7.61068e+24 1.2462e+29 1.58641e+29 0 0 4.64348e+42 491.046 0.317029 1
3.39821e+11 0 0 5.46367e+24 5.46367e+24 5.46367e+24 8.88937e+28 1.12589e+29 0 0 4.64348e+42 0 0.275565 1
3.92419e+11 0 0 4.07189e+24 4.07189e+24 4.07189e+24 6.51698e+28 8.22442e+28 0 0 4.64348e+42 0 0.241562 1
4.53158e+11 0 0 3.05404e+24 3.05404e+24 3.05404e+24 4.75885e+28 5.98329e+28 0 0 4.64348e+42 0 0.213483 1
5.23299e+11 0 0 2.30215e+24 2.30215e+24 2.30215e+24 3.46041e+28 4.33238e+28 0 0 4.64348e+42 0 0.190154 1
6.04296e+11 0 0 1.71048e+24 1.71048e+24 1.71048e+24 2.4591e+28 3.05832e+28 0 0 4.64348e+42 0 0.170669 1
6.97831e+11 0 0 1.3156e+24 1.3156e+24 1.3156e+24 1.797e+28 2.22351e+28 0 0 4.64348e+42 0 0.154323 1
8.05842e+11 0 0 1.01421e+24 1.01421e+24 1.01421e+24 1.30756e+28 1.60922e+28 0 0 4.64348e+42 0 0.140565 1
9.30572e+11 0 0 7.82888e+23 7.82888e+23 7.82888e+23 9.47094e+27 1.15854e+28 0 0 4.64348e+42 0 0.12896 1
1.07461e+12 0 0 5.92983e+23 5.92983e+23 5.92983e+23 6.69535e+27 8.11771e+27 0 0 4.64348e+42 0 0.119166 1
1.24094e+12 0 0 4.64183e+23 4.64183e+23 4.64183e+23 4.87032e+27 5.86321e+27 0 0 4.64348e+42 0 0.110908 1
1.43301e+12 0 0 3.63159e+23 3.63159e+23 3.63159e+23 3.52606e+27 4.21295e+27 0 0 4.64348e+42 0 0.103969 1
1.65482e+12 0 0 2.83735e+23 2.83735e+23 2.83735e+23 2.53991e+27 3.0091e+27 0 0 4.64348e+42 0 0.098177 1
1.91095e+12 0 0 2.16719e+23 2.16719e+23 2.16719e+23 1.78263e+27 2.08687e+27 0 0 4.64348e+42 0 0.0933933 1
2.20673e+12 0 0 1.70951e+23 1.70951e+23 1.70951e+23 1.28843e+27 1.49373e+27 0 0 4.64348e+42 0 0.0895108 1
2.5483e+12 0 0 1.34481e+23 1.34481e+23 1.34481e+23 9.2628e+26 1.06275e+27 0 0 4.64348e+42 0 0.0864461 1
2.94273e+12 0 0 1.05431e+23 1.05431e+23 1.05431e+23 6.62115e+26 7.5089e+26 0 0 4.64348e+42 0 0.0841374 1
3.39821e+12 0 0 8.05088e+22 8.05088e+22 8.05088e+22 4.6005e+26 5.13435e+26 0 0 4.64348e+42 0 0.082541 1
3.92419e+12 0 0 6.34965e+22 6.34965e+22 6.34965e+22 3.29579e+26 3.63013e+26 0 0 4.64348e+42 0 0.08163 1
4.53158e+12 0 0 4.98451e+22 4.98451e+22 4.98451e+22 2.34655e+26 2.54833e+26 0 0 4.64348e+42 0 0.0813928 1
5.23299e+12 0 0 3.89169e+22 3.89169e+22 3.89169e+22 1.65962e+26 1.77428e+26 0 0 4.64348e+42 0 0.0818329 1
6.04296e+12 0 0 2.94659e+22 2.94659e+22 2.94659e+22 1.13721e+26 1.18991e+26 0 0 4.64348e+42 0 0.0829683 1
6.97831e+12 0 0 2.30579e+22 2.30579e+22 2.30579e+22 8.04849e+25 8.2743e+25 0 0 4.64348e+42 0 0.0848322 1
8.05842e+12 0 0 1.79179e+22 1.79179e+22 1.79179e+22 5.65477e+25 5.7044e+25 0 0 4.64348e+42 0 0.0874729 1
9.30572e+12 0 0 1.38132e+22 1.38132e+22 1.38132e+22 3.94166e+25 3.8939e+25 0 0 4.64348e+42 0 0.0909553 1
1.07461e+13 0 0 1.02641e+22 1.02641e+22 1.02641e+22 2.64953e+25 2.54305e+25 0 0 4.64348e+42 0 0.0953611 1
1.24094e+13 0 0 7.89065e+21 7.89065e+21 7.89065e+21 1.84433e+25 1.7293e+25 0 0 4.64348e+42 0 0.10079 1
1.43301e+13 0 0 6.00357e+21 6.00357e+21 6.00357e+21 1.27254e+25 1.16361e+25 0 0 4.64348e+42 0 0.10736 1
1.65482e+13 0 0 4.51427e+21 4.51427e+21 4.51427e+21 8.69601e+24 7.73484e+24 0 0 4.64348e+42 0 0.115206 1
1.91095e+13 0 0 3.24226e+21 3.24226e+21 3.24226e+21 5.69244e+24 4.87121e+24 0 0 4.64348e+42 0 0.12448 1
2.20673e+13 5.27238e-278 5.27239e-278 2.41203e+21 2.41203e+21 2.41203e+21 3.87393e+24 3.2147e+24 0 0 4.64348e+42 0 0.135345 1
2.5483e+13 4.64423e-246 4.64424e-246 1.76678e+21 1.76678e+21 1.76678e+21 2.6077e+24 2.09387e+24 0 0 4.64348e+42 0 0.147968 1
2.94273e+13 2.12253e-217 2.12254e-217 1.27177e+21 1.27177e+21 1.27177e+21 1.73455e+24 1.34326e+24 0 0 4.64348e+42 0 0.162507 1
3.39821e+13 9.74069e-192 9.74075e-192 8.6266e+20 8.6266e+20 8.6266e+20 1.09433e+24 8.04583e+23 0 0 4.64348e+42 0 0.179093 1
3.92419e+13 9.46052e-169 9.46059e-169 6.07477e+20 6.07477e+20 6.07477e+20 7.22124e+23 5.10078e+23 0 0 4.64348e+42 0 0.197804 1
4.53158e+13 3.32826e-148 3.32829e-148 4.18388e+20 4.18388e+20 4.18388e+20 4.69969e+23 3.18082e+23 0 0 4.64348e+42 0 0.218621 1
5.23299e+13 7.31902e-130 7.31912e-130 2.81269e+20 2.81269e+20 2.81269e+20 3.01292e+23 1.94584e+23 0 0 4.64348e+42 0 0.241387 1
6.04296e+13 1.57373e-113 1.57376e-113 1.74975e+20 1.74975e+20 1.74975e+20 1.80482e+23 1.08696e+23 0 0 4.64348e+42 0 0.265741 1
6.97831e+13 5.90156e-99 5.90169e-99 1.1379e+20 1.1379e+20 1.1379e+20 1.1416e+23 6.52965e+22 0 0 4.64348e+42 0 0.291055 1
8.05842e+13 5.44037e-86 5.44052e-86 7.19614e+19 7.19614e+19 7.19614e+19 7.09302e+22 3.84151e+22 0 0 4.64348e+42 0 0.316368 1
9.30572e+13 1.79562e-74 1.79567e-74 4.41986e+19 4.41986e+19 4.41986e+19 4.3225e+22 2.20547e+22 0 0 4.64348e+42 0 0.340344 1
1.07461e+14 2.7807e-64 2.78081e-64 2.45475e+19 2.45475e+19 2.45475e+19 2.40421e+22 1.1166e+22 0 0 4.64348e+42 0 0 1
1.24094e+14 3.23635e-55 3.23653e-55 1.44954e+19 1.44954e+19 1.44954e+19 1.43403e+22 6.24007e+21 0 0 4.64348e+42 0 0 1
1.43301e+14 3.41144e-47 3.41179e-47 8.29598e+18 8.29598e+18 8.29598e+18 8.35377e+21 3.39636e+21 0 0 4.64348e+42 0 0 1
1.65482e+14 4.18603e-40 4.1869e-40 4.59857e+18 4.59857e+18 4.59857e+18 4.74466e+21 1.79181e+21 0 0 4.64348e+42 0 0 1
1.91095e+14 6.76568e-34 6.76858e-34 2.22726e+18 2.22726e+18 2.22726e+18 2.36778e+21 7.88094e+20 0 0 4.64348e+42 0 0 1
2.20673e+14 2.21387e-28 2.21573e-28 1.18181e+18 1.18181e+18 1.18181e+18 1.30037e+21 3.99629e+20 0 0 4.64348e+42 0 0 1
2.5483e+14 1.55106e-23 1.55343e-23 6.051e+17 6.051e+17 6.051e+17 6.91551e+20 1.96037e+20 0 0 4.64348e+42 0 0 1
2.94273e+14 2.74075e-19 2.74778e-19 2.98875e+17 2.98875e+17 2.98875e+17 3.5571e+20 9.24409e+19 0 0 4.64348e+42 0 0 1
3.39821e+14 1.20689e-15 1.21172e-15 1.21471e+17 1.21471e+17 1.21471e+17 1.50821e+20 3.30931e+19 0 0 4.64348e+42 0 0 1
3.92419e+14 2.11057e-12 2.12291e-12 5.67514e+16 5.67514e+16 5.67514e+16 7.35893e+19 1.47056e+19 0 0 4.64348e+42 0 0 1
4.53158e+14 1.36989e-09 1.38094e-09 2.53202e+16 2.53202e+16 2.53202e+16 3.43043e+19 6.27251e+18 0 0 4.64348e+42 0 0 1
5.23299e+14 3.67119e-07 3.70997e-07 1.08018e+16 1.08018e+16 1.08018e+16 1.52894e+19 2.54816e+18 0 0 4.64348e+42 0 0 1
6.04296e+14 3.45881e-05 3.50462e-05 3.41493e+15 3.41493e+15 3.41493e+15 5.04748e+18 6.66917e+17 0 0 4.64348e+42 0 0 1
6.97831e+14 0.00209092 0.00212433 1.34268e+15 1.34268e+15 1.34268e+15 2.07058e+18 2.46183e+17 0 0 4.64348e+42 0 0 1
8.05842e+14 0.0656232 0.066846 4.92933e+14 4.92933e+14 4.92933e+14 7.92216e+17 8.65252e+16 0 0 4.64348e+42 0 0 1
9.30572e+14 1.14622 1.1704 1.69459e+14 1.69459e+14 1.69459e+14 2.83442e+17 2.88686e+16 0 0 4.64348e+42 0 0 1
1.07461e+15 7.93434 8.11898 3.6609e+13 3.6609e+13 3.6609e+13 6.363e+16 4.57105e+15 0 0 4.64348e+42 0 0 1
1.24094e+15 51.4517 52.7425 1.11444e+13 1.11444e+13 1.11444e+13 2.00946e+16 1.27576e+15 0 0 4.64348e+42 0 0 1
1.43301e+15 207.471 212.969 3.02788e+12 3.02788e+12 3.02788e+12 5.65377e+15 3.33803e+14 0 0 4.64348e+42 0 0 1
1.65482e+15 534.633 549.331 7.23815e+11 7.23815e+11 7.23815e+11 1.39701e+15 8.42531e+13 0 0 4.64348e+42 0 0 1
1.91095e+15 523.04 537.722 8.71608e+10 8.71608e+10 8.71608e+10 1.73558e+14 6.172e+12 0 0 4.64348e+42 0 0 1
2.20673e+15 669.737 688.665 1.76401e+10 1.76401e+10 1.76401e+10 3.61693e+13 1.10046e+12 0 0 4.64348e+42 0 0 1
2.5483e+15 568.407 584.378 2.95153e+09 2.95153e+09 2.95153e+09 6.21957e+12 1.73231e+11 0 0 4.64348e+42 0 0 1
2.94273e+15 303.424 311.806 3.77601e+08 3.77601e+08 3.77601e+08 8.16167e+11 2.67226e+10 0 0 4.64348e+42 0 0 1
3.39821e+15 49.2542 50.5786 1.74552e+07 1.74552e+07 1.74552e+07 3.86249e+10 6.87483e+08 0 0 4.64348e+42 0 0 1
3.92419e+15 14.9424 15.33 1.75606e+06 1.75606e+06 1.75606e+06 3.97055e+09 5.8501e+07 0 0 4.64348e+42 0 0 1
4.53158e+15 2.86256 2.93363 127612 127612 127612 2.94277e+08 3.72645e+06 0 0 4.64348e+42 0 0 1
5.23299e+15 0.317944 0.325445 6053.78 6053.78 6053.78 1.42115e+07 209667 0 0 4.64348e+42 0 0 1
6.04296e+15 0.00597993 0.00611316 53.9958 53.9958 53.9958 128806 1235.68 0 0 4.64348e+42 0 0 1
6.97831e+15 0.000346566 0.000353815 1.62749 1.62749 1.62749 3938.14 30.8219 0 0 4.64348e+42 0 0 1
8.05842e+15 9.72254e-06 9.91251e-06 0.0257587 0.0257587 0.0257587 63.1158 0.430792 0 0 4.64348e+42 0 0 1
9.30572e+15 1.27422e-07 1.29736e-07 0.00020462 0.00020462 0.00020462 0.506841 0.0034177 0 0 4.64348e+42 0 0 1
1.07461e+16 1.37073e-10 1.39379e-10 1.42124e-07 1.42124e-07 1.42124e-07 0.000355294 2.16359e-06 0 0 4.64348e+42 0 0 1
1.24094e+16 5.19748e-13 5.27813e-13 3.67876e-10 3.67876e-10 3.67876e-10 9.26673e-07 5.41377e-09 0 0 4.64348e+42 0 0 1
1.43301e+16 5.45691e-16 5.53476e-16 2.76913e-13 2.76913e-13 2.76913e-13 7.01781e-10 4.04855e-12 0 0 4.64348e+42 0 0 1
1.65482e+16 1.59265e-19 1.61347e-19 6.05001e-17 6.05001e-17 6.05001e-17 1.54027e-13 8.86447e-16 0 0 4.64348e+42 0 0 1
1.91095e+16 2.03653e-24 2.06086e-24 6.01551e-22 6.01551e-22 6.01551e-22 1.53625e-18 8.82282e-21 0 0 4.64348e+42 0 0 1
2.20673e+16 5.05784e-29 5.11295e-29 1.20121e-26 1.20121e-26 1.20121e-26 3.0729e-23 1.76409e-25 0 0 4.64348e+42 0 0 1
2.5483e+16 1.61615e-34 1.63216e-34 3.17825e-32 3.17825e-32 3.17825e-32 8.13329e-29 4.66933e-31 0 0 4.64348e+42 0 0 1
2.94273e+16 6.04092e-41 6.09526e-41 1.00949e-38 1.00949e-38 1.00949e-38 2.58084e-35 1.48151e-37 0 0 4.64348e+42 0 0 1
3.39821e+16 3.63926e-49 3.66891e-49 5.28681e-47 5.28681e-47 5.28681e-47 1.34859e-43 7.74145e-46 0 0 4.64348e+42 0 0 1
3.92419e+16 1.33975e-57 1.34962e-57 1.72614e-55 1.72614e-55 1.72614e-55 4.38795e-52 2.51888e-54 0 0 4.64348e+42 0 0 1
4.53158e+16 1.66326e-67 1.67432e-67 1.9343e-65 1.9343e-65 1.9343e-65 4.89438e-62 2.80978e-64 0 0 4.64348e+42 0 0 1
5.23299e+16 5.13063e-79 5.16139e-79 5.46968e-77 5.46968e-77 5.46968e-77 1.37604e-73 7.89909e-76 0 0 4.64348e+42 0 0 1
6.04296e+16 4.25242e-93 4.27537e-93 4.21263e-91 4.21263e-91 4.21263e-91 1.05256e-87 6.04215e-90 0 0 4.64348e+42 0 0 1
6.97831e+16 2.71258e-108 2.72574e-108 2.52702e-106 2.52702e-106 2.52702e-106 6.26422e-103 3.59614e-105 0 0 4.64348e+42 0 0 1
8.05842e+16 5.3238e-126 5.347e-126 4.71311e-124 4.71311e-124 4.71311e-124 1.15799e-120 6.64739e-123 0 0 4.64348e+42 0 0 1
9.30572e+16 0 0 0 0 0 0 0 0 0 4.64348e+42 0 0 1