
1.07461e-07 2.81962e+46 2.81962e+46 1.71922e+55 1.79397e+55 1.89926e+55 0 0 6.14834e+43 8.92876e+40 4.64348e+42 0 0 1
1.24094e-07 4.98566e+48 4.98566e+48 1.55425e+55 1.6126e+55 1.68263e+55 0 0 7.09999e+43 1.51229e+43 4.64348e+42 0 0 1
1.43301e-07 2.21449e+50 2.21449e+50 1.39752e+55 1.44284e+55 1.48921e+55 0 0 8.19894e+43 6.46919e+44 4.64348e+42 0 0 1
1.65482e-07 3.54106e+51 3.54106e+51 1.251e+55 1.28606e+55 1.31664e+55 0 0 9.46799e+43 1.00071e+46 4.64348e+42 0 0 1
1.91095e-07 2.6597e+52 2.6597e+52 1.11566e+55 1.14269e+55 1.16278e+55 0 0 1.09335e+44 7.29848e+46 4.64348e+42 0 0 1
2.20673e-07 1.14228e+53 1.14228e+53 9.91794e+54 1.01256e+55 1.02573e+55 0 0 1.26258e+44 3.05342e+47 4.64348e+42 0 0 1
2.5483e-07 3.24407e+53 3.24407e+53 8.79221e+54 8.95144e+54 9.03738e+54 0 0 1.458e+44 8.47081e+47 4.64348e+42 0 0 1
2.94273e-07 6.78331e+53 6.78331e+53 7.77486e+54 7.89664e+54 7.95259e+54 0 0 1.68367e+44 1.73453e+48 4.64348e+42 0 0 1
3.39821e-07 1.13063e+54 1.13063e+54 6.85957e+54 6.95252e+54 6.98884e+54 0 0 1.94428e+44 2.83764e+48 4.64348e+42 0 0 1
3.92419e-07 1.59301e+54 1.59301e+54 6.03918e+54 6.10997e+54 6.13348e+54 0 0 2.24521e+44 3.93254e+48 4.64348e+42 0 0 1
4.53158e-07 1.98139e+54 1.98139e+54 5.30613e+54 5.35995e+54 5.37513e+54 0 0 2.59273e+44 4.82087e+48 4.64348e+42 0 0 1
5.23299e-07 2.24646e+54 2.24646e+54 4.65291e+54 4.69376e+54 4.70352e+54 0 0 2.99404e+44 5.39767e+48 4.64348e+42 0 0 1
6.04296e-07 2.3773e+54 2.3773e+54 4.07223e+54 4.10317e+54 4.10943e+54 0 0 3.45747e+44 5.65178e+48 4.64348e+42 0 0 1
6.97831e-07 2.38959e+54 2.38959e+54 3.55718e+54 3.58057e+54 3.58457e+54 0 0 3.99262e+44 5.63186e+48 4.64348e+42 0 0 1
8.05842e-07 2.31112e+54 2.31112e+54 3.10127e+54 3.11892e+54 3.12147e+54 0 0 4.61061e+44 5.41024e+48 4.64348e+42 0 0 1
9.30572e-07 2.1713e+54 2.1713e+54 2.69852e+54 2.71181e+54 2.71343e+54 0 0 5.32424e+44 5.05857e+48 4.64348e+42 0 0 1
1.07461e-06 1.99556e+54 1.99556e+54 2.34341e+54 2.3534e+54 2.35443e+54 0 0 6.14834e+44 4.63608e+48 4.64348e+42 0 0 1
1.24094e-06 1.80346e+54 1.80346e+54 2.0309e+54 2.0384e+54 2.03905e+54 0 0 7.09999e+44 4.1865e+48 4.64348e+42 0 0 1
1.43301e-06 1.60878e+54 1.60878e+54 1.75641e+54 1.76202e+54 1.76243e+54 0 0 8.19894e+44 3.73943e+48 4.64348e+42 0 0 1
1.65482e-06 1.42054e+54 1.42054e+54 1.51578e+54 1.51998e+54 1.52023e+54 0 0 9.46798e+44 3.31322e+48 4.64348e+42 0 0 1
1.91095e-06 1.24412e+54 1.24412e+54 1.30525e+54 1.30838e+54 1.30854e+54 0 0 1.09335e+45 2.9181e+48 4.64348e+42 0 0 1
2.20673e-06 1.08237e+54 1.08237e+54 1.12143e+54 1.12376e+54 1.12386e+54 0 0 1.26258e+45 2.55879e+48 4.64348e+42 0 0 1
2.5483e-06 9.36405e+53 9.36405e+53 9.61273e+53 9.63e+53 9.63061e+53 0 0 1.458e+45 2.23641e+48 4.64348e+42 0 0 1
2.94273e-06 8.06252e+53 8.06252e+53 8.22025e+53 8.23303e+53 8.23341e+53 0 0 1.68367e+45 1.94993e+48 4.64348e+42 0 0 1
3.39821e-06 6.9126e+53 6.9126e+53 7.0123e+53 7.02175e+53 7.02198e+53 0 0 1.94427e+45 1.69713e+48 4.64348e+42 0 0 1
3.92419e-06 5.90404e+53 5.90404e+53 5.96687e+53 5.97383e+53 5.97397e+53 0 0 2.24521e+45 1.47515e+48 4.64348e+42 0 0 1
4.53158e-06 5.02479e+53 5.02479e+53 5.06426e+53 5.06937e+53 5.06946e+53 0 0 2.59273e+45 1.28096e+48 4.64348e+42 0 0 1
5.23299e-06 4.26217e+53 4.26217e+53 4.28689e+53 4.29064e+53 4.29069e+53 0 0 2.99403e+45 1.11153e+48 4.64348e+42 0 0 1
6.04296e-06 3.60368e+53 3.60368e+53 3.61912e+53 3.62186e+53 3.62189e+53 0 0 3.45745e+45 9.64e+47 4.64348e+42 0 0 1
6.97831e-06 3.0374e+53 3.0374e+53 3.04702e+53 3.04901e+53 3.04903e+53 0 0 3.9926e+45 8.35721e+47 4.64348e+42 0 0 1
8.05842e-06 2.55224e+53 2.55224e+53 2.55821e+53 2.55966e+53 2.55968e+53 0 0 4.61058e+45 7.24301e+47 4.64348e+42 0 0 1
9.30572e-06 2.13808e+53 2.13808e+53 2.14177e+53 2.14283e+53 2.14284e+53 0 0 5.32421e+45 6.27601e+47 4.64348e+42 0 0 1
1.07461e-05 1.78573e+53 1.78573e+53 1.78801e+53 1.78878e+53 1.78878e+53 0 0 6.1483e+45 5.43725e+47 4.64348e+42 0 0 1
1.24094e-05 1.48699e+53 1.48699e+53 1.4884e+53 1.48894e+53 1.48895e+53 0 0 7.09994e+45 4.71003e+47 4.64348e+42 0 0 1
1.43301e-05 1.23454e+53 1.23454e+53 1.2354e+53 1.2358e+53 1.2358e+53 0 0 8.19888e+45 4.07972e+47 4.64348e+42 0 0 1
1.65482e-05 1.02192e+53 1.02192e+53 1.02245e+53 1.02273e+53 1.02273e+53 0 0 9.4679e+45 3.53354e+47 4.64348e+42 0 0 1
1.91095e-05 8.43438e+52 8.43438e+52 8.43759e+52 8.43961e+52 8.43962e+52 0 0 1.09333e+46 3.06033e+47 4.64348e+42 0 0 1
2.20673e-05 6.94107e+52 6.94107e+52 6.94303e+52 6.94447e+52 6.94447e+52 0 0 1.26256e+46 2.6504e+47 4.64348e+42 0 0 1
2.5483e-05 5.69582e+52 5.69582e+52 5.697e+52 5.69802e+52 5.69803e+52 0 0 1.45798e+46 2.29532e+47 4.64348e+42 0 0 1
2.94273e-05 4.66084e+52 4.66084e+52 4.66155e+52 4.66228e+52 4.66228e+52 0 0 1.68364e+46 1.98777e+47 4.64348e+42 0 0 1
3.39821e-05 3.80345e+52 3.80345e+52 3.80388e+52 3.80439e+52 3.8044e+52 0 0 1.94424e+46 1.72141e+47 4.64348e+42 0 0 1
3.92419e-05 3.0955e+52 3.0955e+52 3.09576e+52 3.09612e+52 3.09612e+52 0 0 2.24516e+46 1.49072e+47 4.64348e+42 0 0 1
4.53158e-05 2.51281e+52 2.51281e+52 2.51297e+52 2.51322e+52 2.51322e+52 0 0 2.59267e+46 1.29094e+47 4.64348e+42 0 0 1
5.23299e-05 2.03474e+52 2.03474e+52 2.03484e+52 2.03501e+52 2.03501e+52 0 0 2.99395e+46 1.11793e+47 4.64348e+42 0 0 1
6.04296e-05 1.64371e+52 1.64371e+52 1.64377e+52 1.64389e+52 1.64389e+52 0 0 3.45734e+46 9.68097e+46 4.64348e+42 0 0 1
6.97831e-05 1.32483e+52 1.32483e+52 1.32486e+52 1.32495e+52 1.32495e+52 0 0 3.99246e+46 8.38345e+46 4.64348e+42 0 0 1
8.05842e-05 1.06553e+52 1.06553e+52 1.06555e+52 1.06561e+52 1.06561e+52 0 0 4.61039e+46 7.25981e+46 4.64348e+42 0 0 1
9.30572e-05 8.55253e+51 8.55253e+51 8.55264e+51 8.55306e+51 8.55306e+51 0 0 5.32396e+46 6.28677e+46 4.64348e+42 0 0 1
0.000107461 6.85184e+51 6.85184e+51 6.85191e+51 6.8522e+51 6.8522e+51 0 0 6.14796e+46 5.44414e+46 4.64348e+42 0 0 1
0.000124094 5.47971e+51 5.47971e+51 5.47975e+51 5.47995e+51 5.47995e+51 0 0 7.09948e+46 4.71444e+46 4.64348e+42 0 0 1
0.000143301 4.37522e+51 4.37522e+51 4.37525e+51 4.37539e+51 4.37539e+51 0 0 8.19826e+46 4.08255e+46 4.64348e+42 0 0 1
0.000165482 3.48808e+51 3.48808e+51 3.4881e+51 3.48819e+51 3.48819e+51 0 0 9.46708e+46 3.53535e+46 4.64348e+42 0 0 1
0.000191095 2.77695e+51 2.77695e+51 2.77695e+51 2.77702e+51 2.77702e+51 0 0 1.09323e+47 3.06149e+46 4.64348e+42 0 0 1
0.000220673 2.20794e+51 2.20794e+51 2.20795e+51 2.208e+51 2.208e+51 0 0 1.26242e+47 2.65114e+46 4.64348e+42 0 0 1
0.00025483 1.75344e+51 1.75344e+51 1.75345e+51 1.75348e+51 1.75348e+51 0 0 1.45779e+47 2.29579e+46 4.64348e+42 0 0 1
0.000294273 1.39097e+51 1.39097e+51 1.39097e+51 1.39099e+51 1.39099e+51 0 0 1.68339e+47 1.98808e+46 4.64348e+42 0 0 1
0.000339821 1.1023e+51 1.1023e+51 1.1023e+51 1.10232e+51 1.10232e+51 0 0 1.94389e+47 1.7216e+46 4.64348e+42 0 0 1
0.000392419 8.72716e+50 8.72716e+50 8.72717e+50 8.72727e+50 8.72727e+50 0 0 2.2447e+47 1.49085e+46 4.64348e+42 0 0 1
0.000453158 6.90337e+50 6.90337e+50 6.90338e+50 6.90344e+50 6.90344e+50 0 0 2.59205e+47 1.29102e+46 4.64348e+42 0 0 1
0.000523299 5.45618e+50 5.45618e+50 5.45618e+50 5.45623e+50 5.45623e+50 0 0 2.99313e+47 1.11798e+46 4.64348e+42 0 0 1
0.000604296 4.30897e+50 4.30897e+50 4.30897e+50 4.309e+50 4.309e+50 0 0 3.45625e+47 9.6813e+45 4.64348e+42 0 0 1
0.000697831 3.4004e+50 3.4004e+50 3.4004e+50 3.40042e+50 3.40042e+50 0 0 3.991e+47 8.38366e+45 4.64348e+42 0 0 1
0.000805842 2.68143e+50 2.68143e+50 2.68144e+50 2.68145e+50 2.68145e+50 0 0 4.60845e+47 7.25995e+45 4.64348e+42 0 0 1
0.000930572 2.11295e+50 2.11295e+50 2.11295e+50 2.11296e+50 2.11296e+50 0 0 5.32137e+47 6.28686e+45 4.64348e+42 0 0 1
0.00107461 1.66378e+50 1.66378e+50 1.66378e+50 1.66379e+50 1.66379e+50 0 0 6.14451e+47 5.44419e+45 4.64348e+42 0 0 1
0.00124094 1.30913e+50 1.30913e+50 1.30913e+50 1.30913e+50 1.30913e+50 0 0 7.09488e+47 4.71448e+45 4.64348e+42 0 0 1
0.00143301 1.02929e+50 1.02929e+50 1.02929e+50 1.02929e+50 1.02929e+50 0 0 8.19213e+47 4.08257e+45 4.64348e+42 0 0 1
0.00165482 8.08627e+49 8.08627e+49 8.08627e+49 8.08629e+49 8.08629e+49 0 0 9.45891e+47 3.53536e+45 4.64348e+42 0 0 1
0.00191095 6.3474e+49 6.3474e+49 6.3474e+49 6.34742e+49 6.34742e+49 0 0 1.09213e+48 3.0615e+45 4.64348e+42 0 0 1
0.00220673 4.97805e+49 4.97805e+49 4.97805e+49 4.97806e+49 4.97806e+49 0 0 1.26096e+48 2.65115e+45 4.64348e+42 0 0 1
0.0025483 3.90046e+49 3.90046e+49 3.90046e+49 3.90047e+49 3.90047e+49 0 0 1.45585e+48 2.2958e+45 4.64348e+42 0 0 1
0.00294273 3.05309e+49 3.05309e+49 3.05309e+49 3.05309e+49 3.05309e+49 0 0 1.6808e+48 1.98808e+45 4.64348e+42 0 0 1
0.00339821 2.38729e+49 2.38729e+49 2.38729e+49 2.38729e+49 2.38729e+49 0 0 1.94044e+48 1.72161e+45 4.64348e+42 0 0 1
0.00392419 1.86459e+49 1.86459e+49 1.86459e+49 1.8646e+49 1.8646e+49 0 0 2.24011e+48 1.49085e+45 4.64348e+42 0 0 1
0.00453158 1.45464e+49 1.45464e+49 1.45464e+49 1.45464e+49 1.45464e+49 0 0 2.58592e+48 1.29102e+45 4.64348e+42 0 0 1
0.00523299 1.13342e+49 1.13342e+49 1.13342e+49 1.13342e+49 1.13342e+49 0 0 2.98496e+48 1.11798e+45 4.64348e+42 0 0 1
0.00604296 8.82005e+48 8.82005e+48 8.82005e+48 8.82005e+48 8.82005e+48 0 0 3.44536e+48 9.6813e+44 4.64348e+42 0 0 1
0.00697831 6.85451e+48 6.85451e+48 6.85451e+48 6.85451e+48 6.85451e+48 0 0 3.97648e+48 8.38366e+44 4.64348e+42 0 0 1
0.00805842 5.31975e+48 5.31975e+48 5.31975e+48 5.31975e+48 5.31975e+48 0 0 4.58908e+48 7.25995e+44 4.64348e+42 0 0 1
0.00930572 4.12292e+48 4.12292e+48 4.12292e+48 4.12292e+48 4.12292e+48 0 0 5.29555e+48 6.28686e+44 4.64348e+42 0 0 1
0.0107461 3.19088e+48 3.19088e+48 3.19088e+48 3.19088e+48 3.19088e+48 0 0 6.11008e+48 5.44419e+44 4.64348e+42 0 0 1
0.0124094 2.46607e+48 2.46607e+48 2.46607e+48 2.46608e+48 2.46608e+48 0 0 7.04899e+48 4.71448e+44 4.64348e+42 0 0 1
0.0143301 1.90325e+48 1.90325e+48 1.90325e+48 1.90325e+48 1.90325e+48 0 0 8.13096e+48 4.08257e+44 4.64348e+42 0 0 1
0.0165482 1.46684e+48 1.46684e+48 1.46684e+48 1.46685e+48 1.46685e+48 0 0 9.37738e+48 3.53536e+44 4.64348e+42 0 0 1
0.0191095 1.12898e+48 1.12898e+48 1.12898e+48 1.12898e+48 1.12898e+48 0 0 1.08127e+49 3.06149e+44 4.64348e+42 0 0 1
0.0220673 8.67794e+47 8.67794e+47 8.67794e+47 8.67794e+47 8.67794e+47 0 0 1.24648e+49 2.65114e+44 4.64348e+42 0 0 1
0.025483 6.66186e+47 6.66186e+47 6.66186e+47 6.66186e+47 6.66186e+47 0 0 1.43655e+49 2.2958e+44 4.64348e+42 0 0 1
0.0294273 5.10794e+47 5.10794e+47 5.10794e+47 5.10794e+47 5.10794e+47 0 0 1.65509e+49 1.98808e+44 4.64348e+42 0 0 1
0.0339821 3.91193e+47 3.91193e+47 3.91193e+47 3.91193e+47 3.91193e+47 0 0 1.90619e+49 1.7216e+44 4.64348e+42 0 0 1
0.0392419 2.99267e+47 2.99267e+47 2.99267e+47 2.99267e+47 2.99267e+47 0 0 2.19448e+49 1.49085e+44 4.64348e+42 0 0 1
0.0453158 2.28705e+47 2.28705e+47 2.28705e+47 2.28705e+47 2.28705e+47 0 0 2.52516e+49 1.29102e+44 4.64348e+42 0 0 1
0.0523299 1.7461e+47 1.7461e+47 1.7461e+47 1.7461e+47 1.7461e+47 0 0 2.90405e+49 1.11798e+44 4.64348e+42 0 0 1
0.0604296 1.33188e+47 1.33188e+47 1.33188e+47 1.33188e+47 1.33188e+47 0 0 3.33765e+49 9.68129e+43 4.64348e+42 0 0 1
0.0697831 1.01505e+47 1.01505e+47 1.01505e+47 1.01505e+47 1.01505e+47 0 0 3.83314e+49 8.38365e+43 4.64348e+42 0 0 1
0.0805842 7.7297e+46 7.7297e+46 7.7297e+46 7.7297e+46 7.7297e+46 0 0 4.39839e+49 7.25994e+43 4.64348e+42 0 0 1
0.0930572 5.88181e+46 5.88181e+46 5.88181e+46 5.88181e+46 5.88181e+46 0 0 5.04194e+49 6.28685e+43 4.64348e+42 0 0 1
0.107461 4.47253e+46 4.47253e+46 4.47253e+46 4.47253e+46 4.47253e+46 0 0 5.77295e+49 5.44418e+43 4.64348e+42 0 0 1
0.124094 3.39867e+46 3.39867e+46 3.39867e+46 3.39867e+46 3.39867e+46 0 0 6.60104e+49 4.71447e+43 4.64348e+42 0 0 1
0.143301 2.58106e+46 2.58106e+46 2.58106e+46 2.58106e+46 2.58106e+46 0 0 7.53611e+49 4.08256e+43 4.64348e+42 0 0 1
0.165482 1.959e+46 1.959e+46 1.959e+46 1.959e+46 1.959e+46 0 0 8.58799e+49 3.53535e+43 4.64348e+42 0 0 1
0.191095 1.48606e+46 1.48606e+46 1.48606e+46 1.48606e+46 1.48606e+46 0 0 9.76595e+49 3.06149e+43 4.64348e+42 0 0 1
0.220673 1.12672e+46 1.12672e+46 1.12672e+46 1.12672e+46 1.12672e+46 0 0 1.10781e+50 2.65114e+43 4.64348e+42 0 0 1
0.25483 8.53862e+45 8.53862e+45 8.53862e+45 8.53862e+45 8.53862e+45 0 0 1.25303e+50 2.29579e+43 4.64348e+42 0 0 1
0.294273 6.46789e+45 6.46789e+45 6.46789e+45 6.46789e+45 6.46789e+45 0 0 1.41253e+50 1.98807e+43 4.64348e+42 0 0 1
0.339821 4.89726e+45 4.89726e+45 4.89726e+45 4.89726e+45 4.89726e+45 0 0 1.58605e+50 1.7216e+43 4.64348e+42 0 0 1
0.392419 3.70655e+45 3.70655e+45 3.70655e+45 3.70655e+45 3.70655e+45 0 0 1.77267e+50 1.49084e+43 4.64348e+42 0 0 1
0.453158 2.80429e+45 2.80429e+45 2.80429e+45 2.80429e+45 2.80429e+45 0 0 1.97049e+50 1.29101e+43 4.64348e+42 0 0 1
0.523299 2.12091e+45 2.12091e+45 2.12091e+45 2.12091e+45 2.12091e+45 0 0 2.17641e+50 1.11797e+43 4.64348e+42 0 0 1
0.604296 1.60352e+45 1.60352e+45 1.60352e+45 1.60352e+45 1.60352e+45 0 0 2.38572e+50 9.6812e+42 4.64348e+42 0 0 1
0.697831 1.21195e+45 1.21195e+45 1.21195e+45 1.21195e+45 1.21195e+45 0 0 2.59185e+50 8.38356e+42 4.64348e+42 0 0 1
0.805842 9.15718e+44 9.15718e+44 9.15718e+44 9.15718e+44 9.15718e+44 0 0 2.78602e+50 7.25985e+42 4.64348e+42 0 0 1
0.930572 6.91686e+44 6.91686e+44 6.91686e+44 6.91686e+44 6.91686e+44 0 0 2.95709e+50 6.28676e+42 4.64348e+42 0 0 1
1.07461 5.22313e+44 5.22313e+44 5.22313e+44 5.22313e+44 5.22313e+44 0 0 3.09161e+50 5.4441e+42 4.64348e+42 0 0 1
1.24094 3.94302e+44 3.94302e+44 3.94302e+44 3.94302e+44 3.94302e+44 0 0 3.17438e+50 4.71438e+42 4.64348e+42 0 0 1
1.43301 2.97583e+44 2.97583e+44 2.97583e+44 2.97583e+44 2.97583e+44 0 0 3.18948e+50 4.08247e+42 4.64348e+42 0 0 1
1.65482 2.24527e+44 2.24527e+44 2.24527e+44 2.24527e+44 2.24527e+44 0 0 3.12227e+50 3.53526e+42 4.64348e+42 0 0 1
1.91095 1.69361e+44 1.69361e+44 1.69361e+44 1.69361e+44 1.69361e+44 0 0 2.96223e+50 3.0614e+42 4.64348e+42 0 0 1
2.20673 1.27714e+44 1.27714e+44 1.27714e+44 1.27714e+44 1.27714e+44 0 0 2.70647e+50 2.65105e+42 4.64348e+42 0 0 1
2.5483 9.62831e+43 9.62831e+43 9.62831e+43 9.62831e+43 9.62831e+43 0 0 2.36335e+50 2.2957e+42 4.64348e+42 0 0 1
2.94273 7.25677e+43 7.25677e+43 7.25677e+43 7.25677e+43 7.25677e+43 0 0 1.95473e+50 1.98798e+42 4.64348e+42 0 0 1
3.39821 5.46788e+43 5.46788e+43 5.46788e+43 5.46788e+43 5.46788e+43 0 0 1.51536e+50 1.72151e+42 4.64348e+42 0 0 1
3.92419 4.11884e+43 4.11884e+43 4.11884e+43 4.11884e+43 4.11884e+43 0 0 1.08775e+50 1.49075e+42 4.64348e+42 0 0 1
4.53158 3.10178e+43 3.10178e+43 3.10178e+43 3.10178e+43 3.10178e+43 0 0 7.12995e+49 1.29093e+42 4.64348e+42 0 0 1
5.23299 2.3352e+43 2.3352e+43 2.3352e+43 2.3352e+43 2.3352e+43 0 0 4.20079e+49 1.11788e+42 4.64348e+42 0 0 1
6.04296 1.75756e+43 1.75756e+43 1.75756e+43 1.75756e+43 1.75756e+43 0 0 2.18531e+49 9.68034e+41 4.64348e+42 0 0 1
6.97831 1.3224e+43 1.3224e+43 1.3224e+43 1.3224e+43 1.3224e+43 0 0 9.837e+48 8.3827e+41 4.64348e+42 0 0 1
8.05842 9.9468e+42 9.9468e+42 9.9468e+42 9.9468e+42 9.9468e+42 0 0 3.74468e+48 7.25899e+41 4.64348e+42 0 0 1
9.30572 7.47928e+42 7.47928e+42 7.47928e+42 7.47928e+42 7.47928e+42 0 0 1.17429e+48 6.2859e+41 4.64348e+42 0 0 1
10.7461 5.62195e+42 5.62195e+42 5.62195e+42 5.62195e+42 5.62195e+42 0 0 2.94349e+47 5.44323e+41 4.64348e+42 0 0 1
12.4094 4.22432e+42 4.22432e+42 4.22432e+42 4.22432e+42 4.22432e+42 0 0 5.69635e+46 4.71352e+41 4.64348e+42 0 0 1
14.3301 3.17294e+42 3.17294e+42 3.17294e+42 3.17294e+42 3.17294e+42 0 0 8.17682e+45 4.08161e+41 4.64348e+42 0 0 1
16.5482 2.38229e+42 2.38229e+42 2.38229e+42 2.38229e+42 2.38229e+42 0 0 8.31268e+44 3.5344e+41 4.64348e+42 0 0 1
19.1095 1.78789e+42 1.78789e+42 1.78789e+42 1.78789e+42 1.78789e+42 0 0 5.67383e+43 3.06053e+41 4.64348e+42 0 0 1
22.0673 1.34121e+42 1.34121e+42 1.34121e+42 1.34121e+42 1.34121e+42 0 0 2.4446e+42 2.65019e+41 4.64348e+42 0 0 1
25.483 1.00565e+42 1.00565e+42 1.00565e+42 1.00565e+42 1.00565e+42 0 0 6.19173e+40 2.29484e+41 4.64348e+42 0 0 1
29.4273 7.5368e+41 7.5368e+41 7.5368e+41 7.5368e+41 7.5368e+41 0 0 8.49131e+38 1.98712e+41 4.64348e+42 0 0 1
33.9821 5.6455e+41 5.6455e+41 5.6455e+41 5.6455e+41 5.6455e+41 0 0 5.73397e+36 1.72064e+41 4.64348e+42 0 0 1
39.2419 4.22657e+41 4.22657e+41 4.22657e+41 4.22657e+41 4.22657e+41 0 0 1.70857e+34 1.48989e+41 4.64348e+42 0 0 1
45.3158 3.16253e+41 3.16253e+41 3.16253e+41 3.16253e+41 3.16253e+41 0 0 1.97928e+31 1.29006e+41 4.64348e+42 0 0 1
52.3299 2.36502e+41 2.36502e+41 2.36502e+41 2.36502e+41 2.36502e+41 0 0 7.70154e+27 1.11702e+41 4.64348e+42 0 0 1
60.4296 1.7676e+41 1.7676e+41 1.7676e+41 1.7676e+41 1.7676e+41 0 0 8.50165e+23 9.6717e+40 4.64348e+42 0 0 1
69.7831 1.32031e+41 1.32031e+41 1.32031e+41 1.32031e+41 1.32031e+41 0 0 2.19078e+19 8.37406e+40 4.64348e+42 0 0 1
80.5842 9.85611e+40 9.85611e+40 9.85611e+40 9.85611e+40 9.85611e+40 0 0 1.05212e+14 7.25035e+40 4.64348e+42 0 0 1
93.0572 7.35311e+40 7.35311e+40 7.35311e+40 7.35311e+40 7.35311e+40 0 0 7.26057e+07 6.27726e+40 4.64348e+42 0 0 1
107.461 5.4824e+40 5.4824e+40 5.4824e+40 5.4824e+40 5.4824e+40 0 0 5.33215 5.4346e+40 4.64348e+42 0 0 1
124.094 4.08511e+40 4.08511e+40 4.08511e+40 4.08511e+40 4.08511e+40 0 0 2.94619e-08 4.70488e+40 4.64348e+42 0 0 1
143.301 3.04208e+40 3.04208e+40 3.04208e+40 3.04208e+40 3.04208e+40 0 0 8.20612e-18 4.07297e+40 4.64348e+42 0 0 1
165.482 2.26398e+40 2.26398e+40 2.26398e+40 2.26398e+40 2.26398e+40 0 0 7.25615e-29 3.52577e+40 4.64348e+42 0 0 1
191.095 1.68388e+40 1.68388e+40 1.68388e+40 1.68388e+40 1.68388e+40 0 0 1.19414e-41 3.0519e+40 4.64348e+42 0 0 1
220.673 1.25168e+40 1.25168e+40 1.25168e+40 1.25168e+40 1.25168e+40 0 0 1.97413e-56 2.64156e+40 4.64348e+42 0 0 1
254.83 9.29856e+39 9.29856e+39 9.29856e+39 9.29856e+39 9.29856e+39 0 0 1.60847e-73 2.28621e+40 4.64348e+42 0 0 1
294.273 6.90378e+39 6.90378e+39 6.90378e+39 6.90378e+39 6.90378e+39 0 0 2.83817e-93 1.9785e+40 4.64348e+42 0 0 1
339.821 5.12284e+39 5.12284e+39 5.12284e+39 5.12284e+39 5.12284e+39 0 0 4.19613e-116 1.71203e+40 4.64348e+42 0 0 1
392.419 3.79919e+39 3.79919e+39 3.7992e+39 3.7992e+39 3.7992e+39 0 0 1.73624e-142 1.48127e+40 4.64348e+42 0 0 1
453.158 2.81602e+39 2.81602e+39 2.81602e+39 2.81602e+39 2.81602e+39 0 0 5.66725e-173 1.28145e+40 4.64348e+42 0 0 1
523.299 2.08616e+39 2.08616e+39 2.08616e+39 2.08616e+39 2.08616e+39 0 0 3.38118e-208 1.10841e+40 4.64348e+42 0 0 1
604.296 1.54466e+39 1.54466e+39 1.54466e+39 1.54466e+39 1.54466e+39 0 0 6.81282e-249 9.58571e+39 4.64348e+42 0 0 1
697.831 1.14313e+39 1.14313e+39 1.14313e+39 1.14313e+39 1.14313e+39 0 0 0 8.28815e+39 4.64348e+42 0 0 1
805.842 8.45556e+38 8.45556e+38 8.45556e+38 8.45556e+38 8.45556e+38 0 0 0 7.16452e+39 4.64348e+42 0 0 1
930.572 6.2514e+38 6.2514e+38 6.2514e+38 6.2514e+38 6.2514e+38 0 0 0 6.19153e+39 4.64348e+42 0 0 1
1074.61 4.61961e+38 4.61961e+38 4.61961e+38 4.61961e+38 4.61961e+38 0 0 0 5.34897e+39 4.64348e+42 0 0 1
1240.94 3.41217e+38 3.41217e+38 3.41217e+38 3.41217e+38 3.41217e+38 0 0 0 4.61939e+39 4.64348e+42 0 0 1
1433.01 2.51918e+38 2.51918e+38 2.51918e+38 2.51918e+38 2.51918e+38 0 0 0 3.98763e+39 4.64348e+42 0 0 1
1654.82 1.85907e+38 1.85907e+38 1.85907e+38 1.85907e+38 1.85907e+38 0 0 0 3.44059e+39 4.64348e+42 0 0 1
1910.95 1.37133e+38 1.37133e+38 1.37134e+38 1.37134e+38 1.37134e+38 0 0 0 2.96693e+39 4.64348e+42 0 0 1
2206.73 1.01113e+38 1.01113e+38 1.01113e+38 1.01113e+38 1.01113e+38 0 0 0 2.5568e+39 4.64348e+42 0 0 1
2548.3 7.45226e+37 7.45226e+37 7.45226e+37 7.45226e+37 7.45226e+37 0 0 0 2.20172e+39 4.64348e+42 0 0 1
2942.73 5.49024e+37 5.49024e+37 5.49025e+37 5.49025e+37 5.49025e+37 0 0 0 1.8943e+39 4.64348e+42 0 0 1
3398.21 4.04316e+37 4.04316e+37 4.04317e+37 4.04317e+37 4.04317e+37 0 0 0 1.62817e+39 4.64348e+42 0 0 1
3924.19 2.97633e+37 2.97633e+37 2.97633e+37 2.97633e+37 2.97633e+37 0 0 0 1.39782e+39 4.64348e+42 0 0 1
4531.58 2.19015e+37 2.19015e+37 2.19015e+37 2.19015e+37 2.19015e+37 0 0 0 1.19845e+39 4.64348e+42 0 0 1
5232.99 1.61103e+37 1.61103e+37 1.61104e+37 1.61104e+37 1.61104e+37 0 0 0 1.02593e+39 4.64348e+42 0 0 1
6042.96 1.18461e+37 1.18461e+37 1.18462e+37 1.18462e+37 1.18462e+37 0 0 0 8.7668e+38 4.64348e+42 0 0 1
6978.31 8.70754e+36 8.70754e+36 8.70756e+36 8.70756e+36 8.70756e+36 0 0 0 7.47604e+38 4.64348e+42 0 0 1
8058.42 6.39829e+36 6.39829e+36 6.3983e+36 6.3983e+36 6.3983e+36 0 0 0 6.36017e+38 4.64348e+42 0 0 1
9305.72 4.69987e+36 4.69987e+36 4.69989e+36 4.69989e+36 4.69989e+36 0 0 0 5.39603e+38 4.64348e+42 0 0 1
10746.1 3.45119e+36 3.45119e+36 3.4512e+36 3.4512e+36 3.4512e+36 0 0 0 4.56356e+38 4.64348e+42 0 0 1
12409.4 2.53348e+36 2.53348e+36 2.53349e+36 2.53349e+36 2.53349e+36 0 0 0 3.84541e+38 4.64348e+42 0 0 1
14330.1 1.85925e+36 1.85925e+36 1.85926e+36 1.85926e+36 1.85926e+36 0 0 0 3.2266e+38 4.64348e+42 0 0 1
16548.2 1.36408e+36 1.36408e+36 1.36408e+36 1.36408e+36 1.36408e+36 0 0 0 2.69419e+38 4.64348e+42 0 0 1
19109.5 1.00052e+36 1.00052e+36 1.00053e+36 1.00053e+36 1.00053e+36 0 0 0 2.23699e+38 4.64348e+42 0 0 1
22067.3 7.3369e+35 7.3369e+35 7.33695e+35 7.33695e+35 7.33695e+35 0 0 0 1.84532e+38 4.64348e+42 0 0 1
25483 5.379e+35 5.379e+35 5.37904e+35 5.37904e+35 5.37904e+35 0 0 0 1.51083e+38 4.64348e+42 0 0 1
29427.3 3.9428e+35 3.9428e+35 3.94283e+35 3.94283e+35 3.94283e+35 0 0 0 1.22628e+38 4.64348e+42 0 0 1
33982.1 2.88955e+35 2.88955e+35 2.88958e+35 2.88958e+35 2.88958e+35 0 0 0 9.85393e+37 4.64348e+42 0 0 1
39241.9 2.11734e+35 2.11734e+35 2.11736e+35 2.11736e+35 2.11736e+35 0 0 0 7.82712e+37 4.64348e+42 0 0 1
45315.8 1.5513e+35 1.5513e+35 1.55132e+35 1.55132e+35 1.55132e+35 0 0 0 6.13465e+37 4.64348e+42 0 0 1
52329.9 1.13647e+35 1.13647e+35 1.13648e+35 1.13648e+35 1.13648e+35 0 0 0 4.73449e+37 4.64348e+42 0 0 1
60429.6 8.32505e+34 8.32505e+34 8.32517e+34 8.32517e+34 8.32517e+34 0 0 0 3.58935e+37 4.64348e+42 0 0 1
69783.1 6.0981e+34 6.0981e+34 6.0982e+34 6.0982e+34 6.0982e+34 0 0 0 2.66574e+37 4.64348e+42 0 0 1
80584.2 4.46676e+34 4.46676e+34 4.46683e+34 4.46683e+34 4.46683e+34 0 0 0 1.93329e+37 4.64348e+42 0 0 1
93057.2 3.27182e+34 3.27182e+34 3.27188e+34 3.27188e+34 3.27188e+34 0 0 0 1.36413e+37 4.64348e+42 0 0 1
107461 2.39662e+34 2.39662e+34 2.39667e+34 2.39667e+34 2.39667e+34 0 0 0 9.32494e+36 4.64348e+42 0 0 1
124094 1.75563e+34 1.75563e+34 1.75566e+34 1.75566e+34 1.75566e+34 0 0 0 6.14525e+36 4.64348e+42 0 0 1
143301 1.28618e+34 1.28618e+34 1.28621e+34 1.28621e+34 1.28621e+34 0 0 0 3.88218e+36 4.64348e+42 0 0 1
165482 9.42369e+33 9.42369e+33 9.4239e+33 9.4239e+33 9.4239e+33 0 0 0 2.33568e+36 4.64348e+42 0 0 1
191095 6.90566e+33 6.90566e+33 6.90583e+33 6.90583e+33 6.90583e+33 0 0 0 1.32822e+36 4.64348e+42 0 0 1
220673 5.0614e+33 5.0614e+33 5.06153e+33 5.06153e+33 5.06153e+33 0 0 0 7.0771e+35 4.64348e+42 0 0 1
254830 3.71052e+33 3.71052e+33 3.71062e+33 3.71062e+33 3.71062e+33 0 0 0 3.49781e+35 4.64348e+42 0 0 1
294273 2.72094e+33 2.72094e+33 2.72101e+33 2.72101e+33 2.72101e+33 0 0 0 1.58504e+35 4.64348e+42 0 0 1
339821 1.99593e+33 1.99593e+33 1.99599e+33 1.99599e+33 1.99599e+33 0 0 0 6.49754e+34 4.64348e+42 0 0 1
392419 1.46468e+33 1.46468e+33 1.46472e+33 1.46472e+33 1.46472e+33 0 0 0 2.37239e+34 4.64348e+42 0 0 1
453158 1.07533e+33 1.07533e+33 1.07536e+33 1.07536e+33 1.07536e+33 0 0 0 7.5783e+33 4.64348e+42 0 0 1
523299 7.89901e+32 7.89901e+32 7.89922e+32 7.89922e+32 7.89922e+32 6.04155e+25 1.49915e+30 0 2.07453e+33 4.64348e+42 0 0 1
604296 5.80598e+32 5.80598e+32 5.80613e+32 5.80613e+32 5.80613e+32 9.30698e+25 1.50562e+30 0 4.75173e+32 4.64348e+42 0 0 1
697831 4.27059e+32 4.27059e+32 4.2707e+32 4.2707e+32 4.2707e+32 1.25724e+26 1.51209e+30 0 8.85905e+31 4.64348e+42 0 0 1
805842 3.14378e+32 3.14378e+32 3.14386e+32 3.14386e+32 3.14386e+32 1.58378e+26 1.51857e+30 0 1.30223e+31 4.64348e+42 0 0 1
930572 2.3164e+32 2.3164e+32 2.31646e+32 2.31646e+32 2.31646e+32 1.91032e+26 1.52504e+30 0 1.45471e+30 4.64348e+42 0 0 1
1.07461e+06 1.70851e+32 1.70851e+32 1.70855e+32 1.70855e+32 1.70855e+32 2.41907e+26 1.53249e+30 0 1.18359e+29 4.64348e+42 0 0 1
1.24094e+06 1.26159e+32 1.26159e+32 1.26162e+32 1.26162e+32 1.26162e+32 3.24559e+26 1.53452e+30 0 6.67809e+27 4.64348e+42 0 0 1
1.43301e+06 9.32745e+31 9.32745e+31 9.32767e+31 9.32767e+31 9.32767e+31 4.33391e+26 1.53712e+30 0 2.46902e+26 4.64348e+42 0 0 1
1.65482e+06 6.90573e+31 6.90573e+31 6.90588e+31 6.90588e+31 6.90588e+31 5.77221e+26 1.54047e+30 0 5.60277e+24 4.64348e+42 0 0 1
1.91095e+06 5.12047e+31 5.12047e+31 5.12058e+31 5.12058e+31 5.12058e+31 7.82738e+26 1.54513e+30 0 7.2356e+22 4.64348e+42 0 0 1
2.20673e+06 3.8029e+31 3.8029e+31 3.80298e+31 3.80298e+31 3.80298e+31 1.04635e+27 1.55117e+30 0 4.87358e+20 4.64348e+42 0 0 1
2.5483e+06 2.82928e+31 2.82928e+31 2.82933e+31 2.82933e+31 2.82933e+31 1.39258e+27 1.5591e+30 0 1.54798e+18 4.64348e+42 0 0 1
2.94273e+06 2.10881e+31 2.10881e+31 2.10885e+31 2.10885e+31 2.10885e+31 1.8519e+27 1.56951e+30 0 2.06396e+15 4.64348e+42 0 0 1
3.39821e+06 1.57488e+31 1.57488e+31 1.57491e+31 1.57491e+31 1.57491e+31 2.51371e+27 1.58403e+30 0 1.00995e+12 4.64348e+42 0 0 1
3.92419e+06 1.17853e+31 1.17853e+31 1.17855e+31 1.17855e+31 1.17855e+31 3.37737e+27 1.60287e+30 0 1.55304e+08 4.64348e+42 0 0 1
4.53158e+06 8.83818e+30 8.83818e+30 8.83832e+30 8.83832e+30 8.83832e+30 4.54155e+27 1.62718e+30 0 6273.91 4.64348e+42 0 0 1
5.23299e+06 6.64279e+30 6.64279e+30 6.64289e+30 6.64289e+30 6.64289e+30 6.09452e+27 1.65791e+30 0 0.054139 4.64348e+42 0 0 1
6.04296e+06 5.00459e+30 5.00459e+30 5.00466e+30 5.00466e+30 5.00466e+30 8.2903e+27 1.69866e+30 0 7.85841e-08 4.64348e+42 0 0 1
6.97831e+06 3.77998e+30 3.77998e+30 3.78003e+30 3.78003e+30 3.78003e+30 1.11291e+28 1.7467e+30 0 1.45609e-14 4.64348e+42 0 0 1
8.05842e+06 2.86322e+30 2.86322e+30 2.86326e+30 2.86326e+30 2.86326e+30 1.48301e+28 1.80346e+30 0 2.50439e-22 4.64348e+42 0 0 1
9.30572e+06 2.17631e+30 2.17631e+30 2.17633e+30 2.17633e+30 2.17633e+30 1.96908e+28 1.86777e+30 0 2.76749e-31 4.64348e+42 0 0 1
1.07461e+07 1.66178e+30 1.66178e+30 1.66179e+30 1.66179e+30 1.66179e+30 2.62158e+28 1.94481e+30 0 1.28476e-41 4.64348e+42 0 0 1
1.24094e+07 1.27642e+30 1.27642e+30 1.27644e+30 1.27644e+30 1.27644e+30 3.41747e+28 2.0205e+30 0 1.534e-53 4.64348e+42 0 0 1
1.43301e+07 9.88494e+29 9.88494e+29 9.88503e+29 9.88503e+29 9.88503e+29 4.37446e+28 2.09445e+30 0 2.67326e-67 4.64348e+42 0 0 1
1.65482e+07 7.74267e+29 7.74267e+29 7.74274e+29 7.74274e+29 7.74274e+29 5.49872e+28 2.16311e+30 0 3.53441e-83 4.64348e+42 0 0 1
1.91095e+07 6.16474e+29 6.16474e+29 6.16479e+29 6.16479e+29 6.16479e+29 6.83798e+28 2.22229e+30 0 1.66543e-101 4.64348e+42 0 0 1
2.20673e+07 5.00535e+29 5.00535e+29 5.00539e+29 5.00539e+29 5.00539e+29 8.26225e+28 2.27335e+30 0 1.16883e-122 4.64348e+42 0 0 1
2.5483e+07 4.16746e+29 4.16746e+29 4.16749e+29 4.16749e+29 4.16749e+29 9.79708e+28 2.30917e+30 0 4.46096e-147 4.64348e+42 0 0 1
2.94273e+07 3.56424e+29 3.56424e+29 3.56427e+29 3.56427e+29 3.56427e+29 1.13231e+29 2.30962e+30 0 2.89243e-175 4.64348e+42 0 0 1
3.39821e+07 3.13584e+29 3.13584e+29 3.13586e+29 3.13586e+29 3.13586e+29 1.28063e+29 2.26837e+30 0 8.31285e-208 4.64348e+42 0 0 1
3.92419e+07 2.82188e+29 2.82188e+29 2.8219e+29 2.8219e+29 2.8219e+29 1.40704e+29 2.1843e+30 0 2.24425e-245 4.64348e+42 0 0 1
4.53158e+07 2.59521e+29 2.59521e+29 2.59522e+29 2.59522e+29 2.59522e+29 1.5167e+29 2.0722e+30 0 0 4.64348e+42 0 0 1
5.23299e+07 2.42466e+29 2.42466e+29 2.42467e+29 2.42467e+29 2.42467e+29 1.60308e+29 1.94296e+30 0 0 4.64348e+42 0 0 1
6.04296e+07 2.278e+29 2.278e+29 2.27801e+29 2.27801e+29 2.27801e+29 1.65265e+29 1.78382e+30 0 0 4.64348e+42 0 0 1
6.97831e+07 2.13713e+29 2.13713e+29 2.13714e+29 2.13714e+29 2.13714e+29 1.6616e+29 1.59835e+30 0 0 4.64348e+42 0 0 1
8.05842e+07 1.99468e+29 1.99468e+29 1.99469e+29 1.99469e+29 1.99469e+29 1.63348e+29 1.38963e+30 0 0 4.64348e+42 0 0 1
9.30572e+07 1.84331e+29 1.84331e+29 1.84332e+29 1.84332e+29 1.84332e+29 1.56928e+29 1.16497e+30 0 0 4.64348e+42 0 0 1
1.07461e+08 1.67677e+29 1.67677e+29 1.67677e+29 1.67677e+29 1.67677e+29 1.46914e+29 9.3709e+29 0 0 4.64348e+42 3.77624 0 1
1.24094e+08 1.50968e+29 1.50968e+29 1.50968e+29 1.50968e+29 1.50968e+29 1.35259e+29 7.41744e+29 0 0 4.64348e+42 3.31749 0 1
1.43301e+08 1.33757e+29 1.33757e+29 1.33758e+29 1.33758e+29 1.33758e+29 1.2189e+29 5.76718e+29 0 0 4.64348e+42 2.91447 0 1
1.65482e+08 1.16206e+29 1.16206e+29 1.16207e+29 1.16207e+29 1.16207e+29 1.07256e+29 4.41274e+29 0 0 4.64348e+42 2.56041 0 1
1.91095e+08 9.79101e+28 9.79101e+28 9.79107e+28 9.79107e+28 9.79107e+28 9.11702e+28 3.28998e+29 0 0 4.64348e+42 2.24936 0 1
2.20673e+08 8.14497e+28 8.14497e+28 8.14501e+28 8.14501e+28 8.14501e+28 7.63822e+28 2.46573e+29 0 0 4.64348e+42 1.9761 0 1
2.5483e+08 6.64992e+28 6.64992e+28 6.64996e+28 6.64996e+28 6.64996e+28 6.26947e+28 1.82718e+29 0 0 4.64348e+42 1.73604 0 1
2.94273e+08 5.32587e+28 5.32587e+28 5.3259e+28 5.3259e+28 5.3259e+28 5.04061e+28 1.33904e+29 0 0 4.64348e+42 1.52514 0 1
3.39821e+08 4.14226e+28 4.14226e+28 4.14228e+28 4.14228e+28 4.14228e+28 3.92862e+28 9.63909e+28 0 0 4.64348e+42 1.39897 0 1
3.92419e+08 3.21103e+28 3.21103e+28 3.21104e+28 3.21104e+28 3.21104e+28 3.05119e+28 7.05201e+28 0 0 4.64348e+42 1.33986 0 1
4.53158e+08 2.45325e+28 2.45325e+28 2.45327e+28 2.45327e+28 2.45327e+28 2.3338e+28 5.1356e+28 0 0 4.64348e+42 1.28324 0 1
5.23299e+08 1.8436e+28 1.8436e+28 1.84362e+28 1.84362e+28 1.84362e+28 1.75443e+28 3.72442e+28 0 0 4.64348e+42 1.22902 0 1
6.04296e+08 1.36784e+28 1.36784e+28 1.36785e+28 1.36785e+28 1.36785e+28 1.30137e+28 2.67252e+28 0 0 4.64348e+42 1.17709 0 1
6.97831e+08 1.0273e+28 1.0273e+28 1.02731e+28 1.02731e+28 1.02731e+28 9.77834e+27 1.9573e+28 0 0 4.64348e+42 1.12735 0 1
8.05842e+08 7.67079e+27 7.67079e+27 7.67084e+27 7.67084e+27 7.67084e+27 7.30332e+27 1.43109e+28 0 0 4.64348e+42 1.07972 0 1
9.30572e+08 5.68786e+27 5.68786e+27 5.6879e+27 5.6879e+27 5.6879e+27 5.41542e+27 1.04385e+28 0 0 4.64348e+42 1.03409 0 1
1.07461e+09 4.16356e+27 4.16356e+27 4.16359e+27 4.16359e+27 4.16359e+27 3.96199e+27 7.50618e+27 0 0 4.64348e+42 1.03782 0 1
1.24094e+09 3.11355e+27 3.11355e+27 3.11358e+27 3.11358e+27 3.11358e+27 2.96469e+27 5.52263e+27 0 0 4.64348e+42 1.09143 0 1
1.43301e+09 2.33147e+27 2.33147e+27 2.33149e+27 2.33149e+27 2.33149e+27 2.22174e+27 4.05236e+27 0 0 4.64348e+42 1.14782 0 1
1.65482e+09 1.74028e+27 1.74028e+27 1.7403e+27 1.7403e+27 1.7403e+27 1.65956e+27 2.96455e+27 0 0 4.64348e+42 1.20711 0 1
1.91095e+09 1.28351e+27 1.28351e+27 1.28352e+27 1.28352e+27 1.28352e+27 1.22425e+27 2.13321e+27 0 0 4.64348e+42 1.26947 0 1
2.20673e+09 9.65821e+26 9.65821e+26 9.65828e+26 9.65828e+26 9.65828e+26 9.22407e+26 1.57292e+27 0 0 4.64348e+42 1.33505 0 1
2.5483e+09 7.24654e+26 7.24654e+26 7.2466e+26 7.2466e+26 7.2466e+26 6.92921e+26 1.15655e+27 0 0 4.64348e+42 1.40402 0 1
2.94273e+09 5.41197e+26 5.41197e+26 5.41201e+26 5.41201e+26 5.41201e+26 5.18057e+26 8.47694e+26 0 0 4.64348e+42 1.47655 0 1
3.39821e+09 3.97234e+26 3.97234e+26 3.97237e+26 3.97237e+26 3.97237e+26 3.80401e+26 6.11125e+26 0 0 4.64348e+42 1.55282 0 1
3.92419e+09 2.9796e+26 2.9796e+26 2.97963e+26 2.97963e+26 2.97963e+26 2.85745e+26 4.50926e+26 0 0 4.64348e+42 1.63304 0 1
4.53158e+09 2.22779e+26 2.22779e+26 2.22781e+26 2.22781e+26 2.22781e+26 2.13938e+26 3.31531e+26 0 0 4.64348e+42 1.7174 0 1
5.23299e+09 1.66e+26 1.66e+26 1.66001e+26 1.66001e+26 1.66001e+26 1.59618e+26 2.42756e+26 0 0 4.64348e+42 1.80612 0 1
6.04296e+09 1.21307e+26 1.21307e+26 1.21308e+26 1.21308e+26 1.21308e+26 1.16712e+26 1.7498e+26 0 0 4.64348e+42 1.89942 0 1
6.97831e+09 9.08014e+25 9.08014e+25 9.08022e+25 9.08022e+25 9.08022e+25 8.7503e+25 1.28967e+26 0 0 4.64348e+42 1.99755 0 1
8.05842e+09 6.77477e+25 6.77477e+25 6.77483e+25 6.77483e+25 6.77483e+25 6.53868e+25 9.47917e+25 0 0 4.64348e+42 2.10074 0 1
9.30572e+09 5.02362e+25 5.02362e+25 5.02367e+25 5.02367e+25 5.02367e+25 4.85515e+25 6.94772e+25 0 0 4.64348e+42 2.20926 0 1
1.07461e+10 3.66177e+25 3.66177e+25 3.66181e+25 3.66181e+25 3.66181e+25 3.54193e+25 5.02344e+25 0 0 4.64348e+42 2.47883 0 1
1.24094e+10 2.71966e+25 2.71966e+25 2.71969e+25 2.71969e+25 2.71969e+25 2.63471e+25 3.71459e+25 0 0 4.64348e+42 2.96737 0 1
1.43301e+10 2.00793e+25 2.00793e+25 2.00795e+25 2.00795e+25 2.00795e+25 1.9479e+25 2.73984e+25 0 0 4.64348e+42 3.5522 0 1
1.65482e+10 1.47791e+25 1.47791e+25 1.47792e+25 1.47792e+25 1.47792e+25 1.43564e+25 2.01464e+25 0 0 4.64348e+42 4.25228 0 1
1.91095e+10 1.06787e+25 1.06787e+25 1.06788e+25 1.06788e+25 1.06788e+25 1.03823e+25 1.45668e+25 0 0 4.64348e+42 5.09034 0 1
2.20673e+10 7.88867e+24 7.88867e+24 7.88875e+24 7.88875e+24 7.88875e+24 7.68148e+24 1.07775e+25 0 0 4.64348e+42 6.09357 34.7254 1
2.5483e+10 5.80824e+24 5.80824e+24 5.8083e+24 5.8083e+24 5.8083e+24 5.66405e+24 7.94726e+24 0 0 4.64348e+42 7.29453 22.9578 1
2.94273e+10 4.26394e+24 4.26394e+24 4.26398e+24 4.26398e+24 4.26398e+24 4.16405e+24 5.83966e+24 0 0 4.64348e+42 8.73217 15.5417 1
3.39821e+10 3.0725e+24 3.0725e+24 3.07253e+24 3.07253e+24 3.07253e+24 3.0037e+24 4.21261e+24 0 0 4.64348e+42 10.4531 10.7604 1
3.92419e+10 2.2725e+24 2.2725e+24 2.27252e+24 2.27252e+24 2.27252e+24 2.22551e+24 3.11652e+24 0 0 4.64348e+42 12.5133 7.61059 1
4.53158e+10 1.67686e+24 1.67686e+24 1.67688e+24 1.67688e+24 1.67688e+24 1.64525e+24 2.29978e+24 0 0 4.64348e+42 14.9795 5.49245 1
5.23299e+10 1.23492e+24 1.23492e+24 1.23493e+24 1.23493e+24 1.23493e+24 1.21423e+24 1.6922e+24 0 0 4.64348e+42 17.9317 4.04008 1
6.04296e+10 8.94109e+23 8.94109e+23 8.94119e+23 8.94119e+23 8.94119e+23 8.81202e+23 1.22214e+24 0 0 4.64348e+42 21.4658 3.02568 1
6.97831e+10 6.63611e+23 6.63611e+23 6.63619e+23 6.63619e+23 6.63619e+23 6.56303e+23 9.06104e+23 0 0 4.64348e+42 25.6964 2.3047 1
8.05842e+10 4.90795e+23 4.90795e+23 4.90801e+23 4.90801e+23 4.90801e+23 4.87453e+23 6.7014e+23 0 0 4.64348e+42 30.7608 1.78376 1
9.30572e+10 3.61635e+23 3.61635e+23 3.6164e+23 3.6164e+23 3.6164e+23 3.61016e+23 4.94138e+23 0 0 4.64348e+42 36.8232 1.40144 1
1.07461e+11 2.61202e+23 2.61202e+23 2.61206e+23 2.61206e+23 2.61206e+23 2.62279e+23 3.57252e+23 0 0 4.64348e+42 44.0806 1.11671 1
1.24094e+11 1.93065e+23 1.93065e+23 1.93068e+23 1.93068e+23 1.93068e+23 1.95204e+23 2.65092e+23 0 0 4.64348e+42 52.7682 0.901709 1
1.43301e+11 1.42116e+23 1.42116e+23 1.42118e+23 1.42118e+23 1.42118e+23 1.44763e+23 1.96122e+23 0 0 4.64348e+42 63.168 0.737233 1
1.65482e+11 1.04166e+23 1.04166e+23 1.04168e+23 1.04168e+23 1.04168e+23 1.06927e+23 1.44586e+23 0 0 4.64348e+42 75.6175 0.609868 1
1.91095e+11 7.48577e+22 7.48577e+22 7.48589e+22 7.48589e+22 7.48589e+22 7.74236e+22 1.04415e+23 0 0 4.64348e+42 90.5205 0.510106 1
2.20673e+11 5.51551e+22 5.51551e+22 5.5156e+22 5.5156e+22 5.5156e+22 5.74695e+22 7.74001e+22 0 0 4.64348e+42 108.361 0.431129 1
2.5483e+11 4.0525e+22 4.0525e+22 4.05257e+22 4.05257e+22 4.05257e+22 4.25125e+22 5.71896e+22 0 0 4.64348e+42 129.717 0.367983 1
2.94273e+11 2.96956e+22 2.96956e+22 2.96961e+22 2.96961e+22 2.96961e+22 3.13373e+22 4.20992e+22 0 0 4.64348e+42 155.282 0.317029 1
3.39821e+11 2.13601e+22 2.13601e+22 2.13605e+22 2.13605e+22 2.13605e+22 2.26515e+22 3.03402e+22 0 0 4.64348e+42 0 0.275565 1
3.92419e+11 1.57736e+22 1.57736e+22 1.57739e+22 1.57739e+22 1.57739e+22 1.67932e+22 2.24499e+22 0 0 4.64348e+42 0 0.241562 1
4.53158e+11 1.1621e+22 1.1621e+22 1.16212e+22 1.16212e+22 1.16212e+22 1.24076e+22 1.65541e+22 0 0 4.64348e+42 0 0.213483 1
5.23299e+11 8.5396e+21 8.5396e+21 8.53977e+21 8.53977e+21 8.53977e+21 9.13395e+21 1.21581e+22 0 0 4.64348e+42 0 0.190154 1
6.04296e+11 6.15564e+21 6.15565e+21 6.15577e+21 6.15577e+21 6.15577e+21 6.58916e+21 8.73576e+21 0 0 4.64348e+42 0 0.170669 1
6.97831e+11 4.55611e+21 4.55612e+21 4.55621e+21 4.55621e+21 4.55621e+21 4.87666e+21 6.4463e+21 0 0 4.64348e+42 0 0.154323 1
8.05842e+11 3.36268e+21 3.36268e+21 3.36275e+21 3.36275e+21 3.36275e+21 3.59619e+21 4.73895e+21 0 0 4.64348e+42 0 0.140565 1
9.30572e+11 2.47396e+21 2.47396e+21 2.47402e+21 2.47402e+21 2.47402e+21 2.64173e+21 3.46875e+21 0 0 4.64348e+42 0 0.12896 1
1.07461e+12 1.78319e+21 1.78319e+21 1.78322e+21 1.78322e+21 1.78322e+21 1.90015e+21 2.4815e+21 0 0 4.64348e+42 0 0.119166 1
1.24094e+12 1.3196e+21 1.3196e+21 1.31962e+21 1.31962e+21 1.31962e+21 1.40265e+21 1.82394e+21 0 0 4.64348e+42 0 0.110908 1
1.43301e+12 9.73048e+20 9.73049e+20 9.73068e+20 9.73068e+20 9.73068e+20 1.03138e+21 1.33503e+21 0 0 4.64348e+42 0 0.103969 1
1.65482e+12 7.14678e+20 7.14678e+20 7.14693e+20 7.14693e+20 7.14693e+20 7.55211e+20 9.72482e+20 0 0 4.64348e+42 0 0.098177 1
1.91095e+12 5.13543e+20 5.13543e+20 5.13554e+20 5.13554e+20 5.13554e+20 5.40933e+20 6.91423e+20 0 0 4.64348e+42 0 0.0933933 1
2.20673e+12 3.78883e+20 3.78883e+20 3.78891e+20 3.78891e+20 3.78891e+20 3.9779e+20 5.05383e+20 0 0 4.64348e+42 0 0.0895108 1
2.5483e+12 2.7834e+20 2.7834e+20 2.78346e+20 2.78346e+20 2.78346e+20 2.91273e+20 3.67658e+20 0 0 4.64348e+42 0 0.0864461 1
2.94273e+12 2.03532e+20 2.03532e+20 2.03536e+20 2.03536e+20 2.03536e+20 2.123e+20 2.66019e+20 0 0 4.64348e+42 0 0.0841374 1
3.39821e+12 1.45371e+20 1.45371e+20 1.45374e+20 1.45374e+20 1.45374e+20 1.51155e+20 1.8751e+20 0 0 4.64348e+42 0 0.082541 1
3.92419e+12 1.06654e+20 1.06654e+20 1.06656e+20 1.06656e+20 1.06656e+20 1.10559e+20 1.36007e+20 0 0 4.64348e+42 0 0.08163 1
4.53158e+12 7.78615e+19 7.78615e+19 7.7863e+19 7.7863e+19 7.7863e+19 8.04771e+19 9.81132e+19 0 0 4.64348e+42 0 0.0813928 1
5.23299e+12 5.65398e+19 5.65398e+19 5.65409e+19 5.65409e+19 5.65409e+19 5.82774e+19 7.03371e+19 0 0 4.64348e+42 0 0.0818329 1
6.04296e+12 4.00235e+19 4.00235e+19 4.00242e+19 4.00242e+19 4.00242e+19 4.11457e+19 4.89922e+19 0 0 4.64348e+42 0 0.0829683 1
6.97831e+12 2.91269e+19 2.91269e+19 2.91274e+19 2.91274e+19 2.91274e+19 2.98703e+19 3.51645e+19 0 0 4.64348e+42 0 0.0848322 1
8.05842e+12 2.10766e+19 2.10766e+19 2.1077e+19 2.1077e+19 2.1077e+19 2.15652e+19 2.50786e+19 0 0 4.64348e+42 0 0.0874729 1
9.30572e+12 1.51579e+19 1.5158e+19 1.51582e+19 1.51582e+19 1.51582e+19 1.54765e+19 1.77551e+19 0 0 4.64348e+42 0 0.0909553 1
1.07461e+13 1.05988e+19 1.05988e+19 1.0599e+19 1.0599e+19 1.0599e+19 1.08004e+19 1.21672e+19 0 0 4.64348e+42 0 0.0953611 1
1.24094e+13 7.62933e+18 7.62933e+18 7.62948e+18 7.62948e+18 7.62948e+18 7.7604e+18 8.61042e+18 0 0 4.64348e+42 0 0.10079 1
1.43301e+13 5.45554e+18 5.45555e+18 5.45565e+18 5.45565e+18 5.45565e+18 5.54008e+18 6.04697e+18 0 0 4.64348e+42 0 0.10736 1
1.65482e+13 3.87313e+18 3.87313e+18 3.87321e+18 3.87321e+18 3.87321e+18 3.92718e+18 4.20963e+18 0 0 4.64348e+42 0 0.115206 1
1.91095e+13 2.66366e+18 2.66367e+18 2.66372e+18 2.66372e+18 2.66372e+18 2.6971e+18 2.82158e+18 0 0 4.64348e+42 0 0.12448 1
2.20673e+13 1.88965e+18 1.88965e+18 1.88969e+18 1.88969e+18 1.88969e+18 1.91096e+18 1.95924e+18 0 0 4.64348e+42 0 0.135345 1
2.5483e+13 1.33003e+18 1.33004e+18 1.33006e+18 1.33006e+18 1.33006e+18 1.3435e+18 1.34788e+18 0 0 4.64348e+42 0 0.147968 1
2.94273e+13 9.2816e+17 9.28164e+17 9.28182e+17 9.28182e+17 9.28182e+17 9.36583e+17 9.17469e+17 0 0 4.64348e+42 0 0.162507 1
3.39821e+13 6.24148e+17 6.24151e+17 6.24163e+17 6.24163e+17 6.24163e+17 6.29221e+17 5.96672e+17 0 0 4.64348e+42 0 0.179093 1
3.92419e+13 4.34273e+17 4.34276e+17 4.34284e+17 4.34284e+17 4.34284e+17 4.37432e+17 4.0396e+17 0 0 4.64348e+42 0 0.197804 1
4.53158e+13 2.99283e+17 2.99286e+17 2.99292e+17 2.99292e+17 2.99292e+17 3.01231e+17 2.70377e+17 0 0 4.64348e+42 0 0.218621 1
5.23299e+13 2.0411e+17 2.04113e+17 2.04117e+17 2.04117e+17 2.04117e+17 2.05298e+17 1.78601e+17 0 0 4.64348e+42 0 0.241387 1
6.04296e+13 1.33116e+17 1.33118e+17 1.33121e+17 1.33121e+17 1.33121e+17 1.33808e+17 1.11462e+17 0 0 4.64348e+42 0 0.265741 1
6.97831e+13 9.02415e+16 9.02435e+16 9.02452e+16 9.02452e+16 9.02452e+16 9.06606e+16 7.29567e+16 0 0 4.64348e+42 0 0.291055 1
8.05842e+13 6.04534e+16 6.0455e+16 6.04562e+16 6.04562e+16 6.04562e+16 6.07042e+16 4.70758e+16 0 0 4.64348e+42 0 0.316368 1
9.30572e+13 3.99747e+16 3.99759e+16 3.99767e+16 3.99767e+16 3.99767e+16 4.01228e+16 2.98788e+16 0 0 4.64348e+42 0 0.340344 1
1.07461e+14 2.49907e+16 2.49917e+16 2.49922e+16 2.49922e+16 2.49922e+16 2.50735e+16 1.76175e+16 0 0 4.64348e+42 0 0 1
1.24094e+14 1.6356e+16 1.63569e+16 1.63572e+16 1.63572e+16 1.63572e+16 1.64045e+16 1.10233e+16 0 0 4.64348e+42 0 0 1
1.43301e+14 1.0544e+16 1.05451e+16 1.05453e+16 1.05453e+16 1.05453e+16 1.05724e+16 6.77422e+15 0 0 4.64348e+42 0 0 1
1.65482e+14 6.68524e+15 6.68663e+15 6.68677e+15 6.68677e+15 6.68677e+15 6.70206e+15 4.07674e+15 0 0 4.64348e+42 0 0 1
1.91095e+14 3.93766e+15 3.93936e+15 3.93944e+15 3.93944e+15 3.93944e+15 3.94745e+15 2.221e+15 0 0 4.64348e+42 0 0 1
2.20673e+14 2.45516e+15 2.45723e+15 2.45728e+15 2.45728e+15 2.45728e+15 2.46172e+15 1.30844e+15 0 0 4.64348e+42 0 0 1
2.5483e+14 1.50064e+15 1.50294e+15 1.50297e+15 1.50297e+15 1.50297e+15 1.50539e+15 7.53453e+14 0 0 4.64348e+42 0 0 1
2.94273e+14 8.9754e+14 8.99845e+14 8.99864e+14 8.99864e+14 8.99864e+14 9.01148e+14 4.22442e+14 0 0 4.64348e+42 0 0 1
3.39821e+14 4.84881e+14 4.86823e+14 4.86833e+14 4.86833e+14 4.86833e+14 4.87451e+14 2.05811e+14 0 0 4.64348e+42 0 0 1
3.92419e+14 2.82438e+14 2.84089e+14 2.84095e+14 2.84095e+14 2.84095e+14 2.84415e+14 1.11854e+14 0 0 4.64348e+42 0 0 1
4.53158e+14 1.60212e+14 1.61503e+14 1.61507e+14 1.61507e+14 1.61507e+14 1.61669e+14 5.9064e+13 0 0 4.64348e+42 0 0 1
5.23299e+14 8.83551e+13 8.92884e+13 8.92903e+13 8.92903e+13 8.92903e+13 8.93701e+13 3.01458e+13 0 0 4.64348e+42 0 0 1
6.04296e+14 4.20495e+13 4.26064e+13 4.26074e+13 4.26074e+13 4.26074e+13 4.26413e+13 1.25067e+13 0 0 4.64348e+42 0 0 1
6.97831e+14 2.22772e+13 2.26332e+13 2.26337e+13 2.26337e+13 2.26337e+13 2.26498e+13 6.09856e+12 0 0 4.64348e+42 0 0 1
8.05842e+14 1.13872e+13 1.15994e+13 1.15996e+13 1.15996e+13 1.15996e+13 1.1607e+13 2.86857e+12 0 0 4.64348e+42 0 0 1
9.30572e+14 5.61158e+12 5.72997e+12 5.7301e+12 5.7301e+12 5.7301e+12 5.73335e+12 1.29259e+12 0 0 4.64348e+42 0 0 1
1.07461e+15 2.20931e+12 2.26072e+12 2.26077e+12 2.26077e+12 2.26077e+12 2.26193e+12 4.2294e+11 0 0 4.64348e+42 0 0 1
1.24094e+15 1.02318e+12 1.04885e+12 1.04887e+12 1.04887e+12 1.04887e+12 1.04936e+12 1.77825e+11 0 0 4.64348e+42 0 0 1
1.43301e+15 4.50111e+11 4.62038e+11 4.62048e+11 4.62048e+11 4.62048e+11 4.6224e+11 7.15409e+10 0 0 4.64348e+42 0 0 1
1.65482e+15 1.88424e+11 1.93604e+11 1.93608e+11 1.93608e+11 1.93608e+11 1.93681e+11 2.73255e+10 0 0 4.64348e+42 0 0 1
1.91095e+15 5.54069e+10 5.69623e+10 5.69636e+10 5.69636e+10 5.69636e+10 5.69833e+10 6.18688e+09 0 0 4.64348e+42 0 0 1
2.20673e+15 2.10377e+10 2.16323e+10 2.16328e+10 2.16328e+10 2.16328e+10 2.16396e+10 2.10337e+09 0 0 4.64348e+42 0 0 1
2.5483e+15 7.36276e+09 7.56964e+09 7.56982e+09 7.56982e+09 7.56982e+09 7.57203e+09 6.78393e+08 0 0 4.64348e+42 0 0 1
2.94273e+15 2.37994e+09 2.44568e+09 2.44574e+09 2.44574e+09 2.44574e+09 2.4464e+09 2.08167e+08 0 0 4.64348e+42 0 0 1
3.39821e+15 4.4665e+08 4.58659e+08 4.5867e+08 4.5867e+08 4.5867e+08 4.58788e+08 2.60097e+07 0 0 4.64348e+42 0 0 1
3.92419e+15 1.25016e+08 1.28259e+08 1.28262e+08 1.28262e+08 1.28262e+08 1.28293e+08 6.3654e+06 0 0 4.64348e+42 0 0 1
4.53158e+15 3.04864e+07 3.12433e+07 3.12441e+07 3.12441e+07 3.12441e+07 3.12513e+07 1.44215e+06 0 0 4.64348e+42 0 0 1
5.23299e+15 6.29367e+06 6.44216e+06 6.44232e+06 6.44232e+06 6.44232e+06 6.44377e+06 317545 0 0 4.64348e+42 0 0 1
6.04296e+15 588682 601797 601812 601812 601812 601944 16623.3 0 0 4.64348e+42 0 0 1
6.97831e+15 100012 102104 102107 102107 102107 102129 2383.73 0 0 4.64348e+42 0 0 1
8.05842e+15 13503.2 13767 13767.4 13767.4 13767.4 13770.3 289.231 0 0 4.64348e+42 0 0 1
9.30572e+15 1314.78 1338.66 1338.7 1338.7 1338.7 1338.99 34.0447 0 0 4.64348e+42 0 0 1
1.07461e+16 38.1627 38.8047 38.8057 38.8057 38.8057 38.8141 0.55168 0 0 4.64348e+42 0 0 1
1.24094e+16 2.75419 2.79693 2.797 2.797 2.797 2.79762 0.0325405 0 0 4.64348e+42 0 0 1
1.43301e+16 0.132292 0.134179 0.134182 0.134182 0.134182 0.134213 0.00131802 0 0 4.64348e+42 0 0 1
1.65482e+16 0.00389287 0.00394377 0.00394387 0.00394387 0.00394387 0.0039448 4.21874e-05 0 0 4.64348e+42 0 0 1
1.91095e+16 1.60194e-05 1.62108e-05 1.62112e-05 1.62112e-05 1.62112e-05 1.62152e-05 1.26387e-07 0 0 4.64348e+42 0 0 1
2.20673e+16 2.52721e-07 2.55475e-07 2.55481e-07 2.55481e-07 2.55481e-07 2.55546e-07 1.69777e-09 0 0 4.64348e+42 0 0 1
2.5483e+16 1.72251e-09 1.73958e-09 1.73963e-09 1.73963e-09 1.73963e-09 1.74009e-09 1.06639e-11 0 0 4.64348e+42 0 0 1
2.94273e+16 4.96748e-12 5.01216e-12 5.0123e-12 5.0123e-12 5.0123e-12 5.01367e-12 3.02736e-14 0 0 4.64348e+42 0 0 1
3.39821e+16 9.99991e-16 1.00814e-15 1.00817e-15 1.00817e-15 1.00817e-15 1.00845e-15 5.87491e-18 0 0 4.64348e+42 0 0 1
3.92419e+16 6.36325e-19 6.41014e-19 6.41031e-19 6.41031e-19 6.41031e-19 6.41222e-19 3.69336e-21 0 0 4.64348e+42 0 0 1
4.53158e+16 9.21384e-23 9.27514e-23 9.27538e-23 9.27538e-23 9.27538e-23 9.27827e-23 5.33051e-25 0 0 4.64348e+42 0 0 1
5.23299e+16 2.97077e-27 2.98859e-27 2.98867e-27 2.98867e-27 2.98867e-27 2.98963e-27 1.71667e-29 0 0 4.64348e+42 0 0 1
6.04296e+16 3.2214e-33 3.23879e-33 3.23888e-33 3.23888e-33 3.23888e-33 3.23997e-33 1.85995e-35 0 0 4.64348e+42 0 0 1
6.97831e+16 4.95616e-39 4.9802e-39 4.98034e-39 4.98034e-39 4.98034e-39 4.9821e-39 2.86011e-41 0 0 4.64348e+42 0 0 1
8.05842e+16 6.76954e-46 6.79904e-46 6.79922e-46 6.79922e-46 6.79922e-46 6.80171e-46 3.9045e-48 0 0 4.64348e+42 0 0 1
9.30572e+16 0 0 0 0 0 0 0 0 0 4.64348e+42 0 0 1