
1.07461e-07 0 0 7.96318e-54 4.52138e+49 2.56257e+59 7.8954e+57 0 7.00896e+42 0 4.64348e+42 0 0 0
1.24094e-07 0 0 5.35174e-40 5.12805e+49 2.28672e+59 7.06456e+57 0 8.09382e+42 0 4.64348e+42 0 0 0
1.43301e-07 0 0 5.11668e-28 5.80438e+49 2.03642e+59 6.31014e+57 0 9.3466e+42 0 4.64348e+42 0 0 0
1.65482e-07 0 0 1.23001e-17 6.55525e+49 1.80943e+59 5.6254e+57 0 1.07933e+43 0 4.64348e+42 0 0 0
1.91095e-07 0 0 1.21738e-08 7.38502e+49 1.60374e+59 5.00422e+57 0 1.24639e+43 0 4.64348e+42 0 0 0
2.20673e-07 0 0 0.760303 8.29732e+49 1.41753e+59 4.44106e+57 0 1.43931e+43 0 4.64348e+42 0 0 0
2.5483e-07 0 0 4.33663e+06 9.29464e+49 1.24915e+59 3.93093e+57 0 1.66209e+43 0 4.64348e+42 0 0 0
2.94273e-07 0 0 3.11133e+12 1.03781e+50 1.09712e+59 3.46933e+57 0 1.91935e+43 0 4.64348e+42 0 0 0
3.39821e-07 0 0 3.70456e+17 1.15468e+50 9.60115e+58 3.05218e+57 0 2.21643e+43 0 4.64348e+42 0 0 0
3.92419e-07 0 0 9.30548e+21 1.27981e+50 8.36924e+58 2.67584e+57 0 2.55949e+43 0 4.64348e+42 0 0 0
4.53158e-07 0 0 6.06997e+25 1.41268e+50 7.26462e+58 2.33699e+57 0 2.95565e+43 0 4.64348e+42 0 0 0
5.23299e-07 0 0 1.23087e+29 1.55254e+50 6.27746e+58 2.03266e+57 0 3.41314e+43 0 4.64348e+42 0 0 0
6.04296e-07 0 0 9.06744e+31 1.69844e+50 5.39882e+58 1.76016e+57 0 3.94143e+43 0 4.64348e+42 0 0 0
6.97831e-07 0 0 2.7773e+34 1.84932e+50 4.62053e+58 1.51704e+57 0 4.55149e+43 0 4.64348e+42 0 0 0
8.05842e-07 0 0 3.97588e+36 2.00412e+50 3.93502e+58 1.30109e+57 0 5.25598e+43 0 4.64348e+42 0 0 0
9.30572e-07 0 0 2.94436e+38 2.16202e+50 3.3352e+58 1.11027e+57 0 6.06951e+43 0 4.64348e+42 0 0 0
1.07461e-06 0 0 1.23189e+40 2.32269e+50 2.81434e+58 9.4267e+56 0 7.00896e+43 0 4.64348e+42 0 0 0
1.24094e-06 0 0 3.14393e+41 2.48667e+50 2.36591e+58 7.9651e+56 0 8.09382e+43 0 4.64348e+42 0 0 0
1.43301e-06 0 0 5.23263e+42 2.65581e+50 1.98349e+58 6.70075e+56 0 9.3466e+43 0 4.64348e+42 0 0 0
1.65482e-06 0 0 6.0211e+43 2.83364e+50 1.66066e+58 5.61693e+56 0 1.07933e+44 0 4.64348e+42 0 0 0
1.91095e-06 0 0 5.04122e+44 3.02572e+50 1.39097e+58 4.69708e+56 0 1.24639e+44 0 4.64348e+42 0 0 0
2.20673e-06 0 0 3.21162e+45 3.23981e+50 1.16795e+58 3.92457e+56 0 1.43931e+44 0 4.64348e+42 0 0 0
2.5483e-06 0 0 1.61877e+46 3.48572e+50 9.85114e+57 3.28269e+56 0 1.66209e+44 0 4.64348e+42 0 0 0
2.94273e-06 0 0 6.67697e+46 3.77482e+50 8.36142e+57 2.75464e+56 0 1.91935e+44 0 4.64348e+42 0 0 0
3.39821e-06 0 0 2.31971e+47 4.11914e+50 7.14997e+57 2.32375e+56 0 2.21643e+44 0 4.64348e+42 0 0 0
3.92419e-06 0 0 6.95482e+47 4.5303e+50 6.16137e+57 1.97387e+56 0 2.55949e+44 0 4.64348e+42 0 0 0
4.53158e-06 0 0 1.83605e+48 5.01846e+50 5.34699e+57 1.68982e+56 0 2.95565e+44 0 4.64348e+42 0 0 0
5.23299e-06 0 0 4.33975e+48 5.59175e+50 4.66632e+57 1.45789e+56 0 3.41314e+44 0 4.64348e+42 0 0 0
6.04296e-06 0 0 9.31247e+48 6.25635e+50 4.08758e+57 1.26628e+56 0 3.94143e+44 0 4.64348e+42 0 0 0
6.97831e-06 0 0 1.83588e+49 7.01751e+50 3.58735e+57 1.10541e+56 0 4.55149e+44 0 4.64348e+42 0 0 0
8.05842e-06 0 0 3.35999e+49 7.88109e+50 3.14937e+57 9.67946e+55 0 5.25598e+44 0 4.64348e+42 0 0 0
9.30572e-06 0 0 5.76258e+49 8.85531e+50 2.76279e+57 8.48621e+55 0 6.06951e+44 0 4.64348e+42 0 0 0
1.07461e-05 0 0 9.34058e+49 9.95212e+50 2.42039e+57 7.43861e+55 0 7.00896e+44 0 4.64348e+42 0 0 0
1.24094e-05 0 0 1.44193e+50 1.11882e+51 2.1171e+57 6.51305e+55 0 8.09382e+44 0 4.64348e+42 0 0 0
1.43301e-05 0 0 2.1346e+50 1.25853e+51 1.84897e+57 5.6937e+55 0 9.34659e+44 0 4.64348e+42 0 0 0
1.65482e-05 0 0 3.04881e+50 1.41709e+51 1.61257e+57 4.96904e+55 0 1.07933e+45 0 4.64348e+42 0 0 0
1.91095e-05 0 0 4.22376e+50 1.59782e+51 1.40477e+57 4.3297e+55 0 1.24639e+45 0 4.64348e+42 0 0 0
2.20673e-05 0 0 5.70196e+50 1.80469e+51 1.22258e+57 3.76736e+55 0 1.43931e+45 0 4.64348e+42 0 0 0
2.5483e-05 0 0 7.53036e+50 2.04233e+51 1.06321e+57 3.27421e+55 0 1.66208e+45 0 4.64348e+42 0 0 0
2.94273e-05 0 0 9.7618e+50 2.31612e+51 9.2401e+56 2.84289e+55 0 1.91934e+45 0 4.64348e+42 0 0 0
3.39821e-05 0 0 1.24566e+51 2.6323e+51 8.02552e+56 2.46644e+55 0 2.21642e+45 0 4.64348e+42 0 0 0
3.92419e-05 0 0 1.56845e+51 2.99816e+51 6.96623e+56 2.13834e+55 0 2.55949e+45 0 4.64348e+42 0 0 0
4.53158e-05 0 0 1.9528e+51 3.42237e+51 6.04249e+56 1.85263e+55 0 2.95565e+45 0 4.64348e+42 0 0 0
5.23299e-05 0 0 2.40859e+51 3.91535e+51 5.237e+56 1.60392e+55 0 3.41313e+45 0 4.64348e+42 0 0 0
6.04296e-05 0 0 2.94779e+51 4.48976e+51 4.5347e+56 1.38746e+55 0 3.94141e+45 0 4.64348e+42 0 0 0
6.97831e-05 0 0 3.585e+51 5.16087e+51 3.92259e+56 1.19907e+55 0 4.55147e+45 0 4.64348e+42 0 0 0
8.05842e-05 0 0 4.3378e+51 5.94696e+51 3.38939e+56 1.03517e+55 0 5.25595e+45 0 4.64348e+42 0 0 0
9.30572e-05 0 0 5.22731e+51 6.86969e+51 2.92526e+56 8.92651e+54 0 6.06948e+45 0 4.64348e+42 0 0 0
0.000107461 0 0 6.27873e+51 7.95474e+51 2.52158e+56 7.68807e+54 0 7.00892e+45 0 4.64348e+42 0 0 0
0.000124094 0 0 7.52217e+51 9.23262e+51 2.17078e+56 6.61285e+54 0 8.09376e+45 0 4.64348e+42 0 0 0
0.000143301 0 0 8.99382e+51 1.07399e+52 1.86621e+56 5.68021e+54 0 9.34652e+45 0 4.64348e+42 0 0 0
0.000165482 0 0 1.07371e+52 1.25203e+52 1.60204e+56 4.87206e+54 0 1.07932e+46 0 4.64348e+42 0 0 0
0.000191095 0 0 1.28042e+52 1.46264e+52 1.37316e+56 4.1725e+54 0 1.24637e+46 0 4.64348e+42 0 0 0
0.000220673 0 0 1.52574e+52 1.71206e+52 1.17508e+56 3.56763e+54 0 1.43929e+46 0 4.64348e+42 0 0 0
0.00025483 0 0 1.81711e+52 2.00776e+52 1.00388e+56 3.04529e+54 0 1.66206e+46 0 4.64348e+42 0 0 0
0.000294273 0 0 2.16344e+52 2.35867e+52 8.56105e+55 2.59483e+54 0 1.91931e+46 0 4.64348e+42 0 0 0
0.000339821 0 0 2.57536e+52 2.77544e+52 7.28739e+55 2.2069e+54 0 2.21638e+46 0 4.64348e+42 0 0 0
0.000392419 0 0 3.06562e+52 3.27082e+52 6.1913e+55 1.87334e+54 0 2.55943e+46 0 4.64348e+42 0 0 0
0.000453158 0 0 3.64945e+52 3.86006e+52 5.24957e+55 1.587e+54 0 2.95557e+46 0 4.64348e+42 0 0 0
0.000523299 0 0 4.34508e+52 4.5614e+52 4.44187e+55 1.34161e+54 0 3.41303e+46 0 4.64348e+42 0 0 0
0.000604296 0 0 5.17435e+52 5.39671e+52 3.75037e+55 1.13172e+54 0 3.94128e+46 0 4.64348e+42 0 0 0
0.000697831 0 0 6.16345e+52 6.39215e+52 3.15951e+55 9.52518e+53 0 4.5513e+46 0 4.64348e+42 0 0 0
0.000805842 0 0 7.34377e+52 7.57917e+52 2.65565e+55 7.99843e+53 0 5.25572e+46 0 4.64348e+42 0 0 0
0.000930572 0 0 8.75302e+52 8.99547e+52 2.2269e+55 6.70043e+53 0 6.06917e+46 0 4.64348e+42 0 0 0
0.00107461 0 0 1.04365e+53 1.06864e+53 1.86286e+55 5.59936e+53 0 7.0085e+46 0 4.64348e+42 0 0 0
0.00124094 0 0 1.24489e+53 1.27066e+53 1.55448e+55 4.66751e+53 0 8.09321e+46 0 4.64348e+42 0 0 0
0.00143301 0 0 1.48559e+53 1.51218e+53 1.29387e+55 3.88081e+53 0 9.34578e+46 0 4.64348e+42 0 0 0
0.00165482 0 0 1.77368e+53 1.80114e+53 1.07418e+55 3.21829e+53 0 1.07922e+47 0 4.64348e+42 0 0 0
0.00191095 0 0 2.11877e+53 2.14714e+53 8.89459e+54 2.66182e+53 0 1.24624e+47 0 4.64348e+42 0 0 0
0.00220673 0 0 2.53245e+53 2.5618e+53 7.34551e+54 2.19566e+53 0 1.43911e+47 0 4.64348e+42 0 0 0
0.0025483 0 0 3.02882e+53 3.0592e+53 6.04997e+54 1.80624e+53 0 1.66183e+47 0 4.64348e+42 0 0 0
0.00294273 0 0 3.62496e+53 3.65641e+53 4.96947e+54 1.48183e+53 0 1.919e+47 0 4.64348e+42 0 0 0
0.00339821 0 0 4.34125e+53 4.37386e+53 4.07088e+54 1.21236e+53 0 2.21597e+47 0 4.64348e+42 0 0 0
0.00392419 0 0 5.19508e+53 5.22885e+53 3.32571e+54 9.89182e+52 0 2.55888e+47 0 4.64348e+42 0 0 0
0.00453158 0 0 6.15998e+53 6.19464e+53 2.70958e+54 8.04886e+52 0 2.95484e+47 0 4.64348e+42 0 0 0
0.00523299 0 0 7.09359e+53 7.12813e+53 2.20165e+54 6.53152e+52 0 3.41205e+47 0 4.64348e+42 0 0 0
0.00604296 0 0 7.75628e+53 7.78899e+53 1.78414e+54 5.28602e+52 0 3.93998e+47 0 4.64348e+42 0 0 0
0.00697831 0 0 7.96034e+53 7.98939e+53 1.44199e+54 4.26671e+52 0 4.54956e+47 0 4.64348e+42 0 0 0
0.00805842 0 0 7.68145e+53 7.70572e+53 1.16242e+54 3.43501e+52 0 5.2534e+47 0 4.64348e+42 0 0 0
0.00930572 0 0 7.03428e+53 7.05352e+53 9.34647e+53 2.7584e+52 0 6.06607e+47 0 4.64348e+42 0 0 0
0.0107461 0 0 6.18237e+53 6.19701e+53 7.49625e+53 2.20956e+52 0 7.00438e+47 0 4.64348e+42 0 0 0
0.0124094 0 0 5.26879e+53 5.2796e+53 5.99756e+53 1.76565e+52 0 8.08771e+47 0 4.64348e+42 0 0 0
0.0143301 0 0 4.3901e+53 4.3979e+53 4.78703e+53 1.40761e+52 0 9.33845e+47 0 4.64348e+42 0 0 0
0.0165482 0 0 3.59866e+53 3.6042e+53 3.81194e+53 1.11963e+52 0 1.07824e+48 0 4.64348e+42 0 0 0
0.0191095 1.22783e-244 1.22783e-244 2.91514e+53 2.91902e+53 3.0286e+53 8.88607e+51 0 1.24494e+48 5.86151e-248 4.64348e+42 0 0 0
0.0220673 3.91901e-167 3.91901e-167 2.34101e+53 2.34371e+53 2.40095e+53 7.03758e+51 0 1.43738e+48 2.01746e-170 4.64348e+42 0 0 0
0.025483 7.06952e-110 7.06952e-110 1.86778e+53 1.86965e+53 1.8993e+53 5.56221e+51 0 1.65951e+48 3.94998e-113 4.64348e+42 0 0 0
0.0294273 1.37897e-67 1.37897e-67 1.48281e+53 1.48409e+53 1.49935e+53 4.38745e+51 0 1.91591e+48 8.40427e-71 4.64348e+42 0 0 0
0.0339821 2.33182e-36 2.33182e-36 1.17254e+53 1.17342e+53 1.18122e+53 3.4542e+51 0 2.21185e+48 1.55631e-39 4.64348e+42 0 0 0
0.0392419 2.62701e-13 2.62701e-13 9.24193e+52 9.24792e+52 9.28758e+52 2.71443e+51 0 2.55338e+48 1.92632e-16 4.64348e+42 0 0 0
0.0453158 26776.9 26776.9 7.2643e+52 7.26838e+52 7.28844e+52 2.12927e+51 0 2.94751e+48 21.632 4.64348e+42 0 0 0
0.0523299 9.3134e+16 9.3134e+16 5.69592e+52 5.69868e+52 5.70878e+52 1.66734e+51 0 3.40228e+48 8.30951e+13 4.64348e+42 0 0 0
0.0604296 1.61719e+26 1.61719e+26 4.45622e+52 4.45809e+52 4.46315e+52 1.30339e+51 0 3.92695e+48 1.59708e+23 4.64348e+42 0 0 0
0.0697831 1.01858e+33 1.01858e+33 3.4791e+52 3.48036e+52 3.48289e+52 1.01718e+51 0 4.53219e+48 1.11573e+30 4.64348e+42 0 0 0
0.0805842 1.00785e+38 1.00785e+38 2.71085e+52 2.71171e+52 2.71296e+52 7.92503e+50 0 5.23025e+48 1.22693e+35 4.64348e+42 0 0 0
0.0930572 4.62878e+41 4.62878e+41 2.1082e+52 2.10878e+52 2.1094e+52 6.16445e+50 0 6.03521e+48 6.27458e+38 4.64348e+42 0 0 0
0.107461 2.19768e+44 2.19768e+44 1.63644e+52 1.63683e+52 1.63714e+52 4.78718e+50 0 6.96323e+48 3.32348e+41 4.64348e+42 0 0 0
0.124094 1.94943e+46 1.94943e+46 1.2679e+52 1.26816e+52 1.26831e+52 3.7116e+50 0 8.03286e+48 3.29499e+43 4.64348e+42 0 0 0
0.143301 5.0033e+47 5.0033e+47 9.80538e+51 9.80712e+51 9.80786e+51 2.87299e+50 0 9.26534e+48 9.46939e+44 4.64348e+42 0 0 0
0.165482 5.13335e+48 5.13335e+48 7.56912e+51 7.57029e+51 7.57064e+51 2.22024e+50 0 1.0685e+49 1.0899e+46 4.64348e+42 0 0 0
0.191095 2.67359e+49 2.67359e+49 5.83213e+51 5.83291e+51 5.83308e+51 1.71298e+50 0 1.23195e+49 6.37966e+46 4.64348e+42 0 0 0
0.220673 8.43372e+49 8.43372e+49 4.48549e+51 4.48601e+51 4.48609e+51 1.31944e+50 0 1.42007e+49 2.26589e+47 4.64348e+42 0 0 0
0.25483 1.83586e+50 1.83586e+50 3.44346e+51 3.44381e+51 3.44385e+51 1.01464e+50 0 1.63645e+49 5.56381e+47 4.64348e+42 0 0 0
0.294273 3.03693e+50 3.03693e+50 2.63868e+51 2.63891e+51 2.63893e+51 7.78947e+49 0 1.88519e+49 1.0401e+48 4.64348e+42 0 0 0
0.339821 4.09972e+50 4.09972e+50 2.01831e+51 2.01846e+51 2.01848e+51 5.97016e+49 0 2.17092e+49 1.58962e+48 4.64348e+42 0 0 0
0.392419 4.76077e+50 4.76077e+50 1.54104e+51 1.54114e+51 1.54115e+51 4.5682e+49 0 2.49887e+49 2.09358e+48 4.64348e+42 0 0 0
0.453158 4.94437e+50 4.94437e+50 1.17457e+51 1.17464e+51 1.17464e+51 3.48975e+49 0 2.87491e+49 2.47035e+48 4.64348e+42 0 0 0
0.523299 4.7267e+50 4.7267e+50 8.93723e+50 8.93766e+50 8.93768e+50 2.6616e+49 0 3.30562e+49 2.6877e+48 4.64348e+42 0 0 0
0.604296 4.24882e+50 4.24882e+50 6.78909e+50 6.78937e+50 6.78938e+50 2.02679e+49 0 3.79828e+49 2.75412e+48 4.64348e+42 0 0 0
0.697831 3.64826e+50 3.64826e+50 5.14918e+50 5.14937e+50 5.14938e+50 1.54104e+49 0 4.36097e+49 2.70005e+48 4.64348e+42 0 0 0
0.805842 3.0275e+50 3.0275e+50 3.89964e+50 3.89976e+50 3.89976e+50 1.17e+49 0 5.00248e+49 2.56202e+48 4.64348e+42 0 0 0
0.930572 2.4492e+50 2.4492e+50 2.94928e+50 2.94936e+50 2.94936e+50 8.87068e+48 0 5.73234e+49 2.37318e+48 4.64348e+42 0 0 0
1.07461 1.94404e+50 1.94404e+50 2.22775e+50 2.22781e+50 2.22781e+50 6.71696e+48 0 6.56067e+49 2.15953e+48 4.64348e+42 0 0 0
1.24094 1.52129e+50 1.52129e+50 1.68088e+50 1.68091e+50 1.68091e+50 5.08017e+48 0 7.49808e+49 1.93953e+48 4.64348e+42 0 0 0
1.43301 1.17789e+50 1.17789e+50 1.26703e+50 1.26705e+50 1.26705e+50 3.83821e+48 0 8.55533e+49 1.72519e+48 4.64348e+42 0 0 0
1.65482 9.04804e+49 9.04804e+49 9.54303e+49 9.54318e+49 9.54318e+49 2.89722e+48 0 9.74299e+49 1.52364e+48 4.64348e+42 0 0 0
1.91095 6.90949e+49 6.90949e+49 7.18299e+49 7.18309e+49 7.18309e+49 2.18524e+48 0 1.10708e+50 1.33861e+48 4.64348e+42 0 0 0
2.20673 5.25352e+49 5.25352e+49 5.40399e+49 5.40406e+49 5.40406e+49 1.64721e+48 0 1.25469e+50 1.17151e+48 4.64348e+42 0 0 0
2.5483 3.98184e+49 3.98184e+49 4.0643e+49 4.06434e+49 4.06434e+49 1.24107e+48 0 1.41768e+50 1.02236e+48 4.64348e+42 0 0 0
2.94273 3.01121e+49 3.01121e+49 3.05624e+49 3.05627e+49 3.05627e+49 9.34783e+47 0 1.59616e+50 8.90343e+47 4.64348e+42 0 0 0
3.39821 2.27369e+49 2.27369e+49 2.2982e+49 2.29822e+49 2.29822e+49 7.0398e+47 0 1.78965e+50 7.74181e+47 4.64348e+42 0 0 0
3.92419 1.71512e+49 1.71512e+49 1.72843e+49 1.72844e+49 1.72844e+49 5.30163e+47 0 1.99682e+50 6.72417e+47 4.64348e+42 0 0 0
4.53158 1.29308e+49 1.29308e+49 1.30028e+49 1.30029e+49 1.30029e+49 3.99322e+47 0 2.21523e+50 5.83547e+47 4.64348e+42 0 0 0
5.23299 9.747e+48 9.747e+48 9.78596e+48 9.78601e+48 9.78601e+48 3.00857e+47 0 2.44096e+50 5.06116e+47 4.64348e+42 0 0 0
6.04296 7.34783e+48 7.34783e+48 7.3689e+48 7.36893e+48 7.36893e+48 2.26765e+47 0 2.66826e+50 4.38764e+47 4.64348e+42 0 0 0
6.97831 5.54099e+48 5.54099e+48 5.55242e+48 5.55244e+48 5.55244e+48 1.71012e+47 0 2.88924e+50 3.80252e+47 4.64348e+42 0 0 0
8.05842 4.18059e+48 4.18059e+48 4.18683e+48 4.18685e+48 4.18685e+48 1.29049e+47 0 3.09349e+50 3.29464e+47 4.64348e+42 0 0 0
9.30572 3.15628e+48 3.15628e+48 3.15974e+48 3.15975e+48 3.15975e+48 9.74563e+46 0 3.26807e+50 2.8541e+47 4.64348e+42 0 0 0
10.7461 2.38483e+48 2.38483e+48 2.38679e+48 2.38679e+48 2.38679e+48 7.36592e+46 0 3.39764e+50 2.47214e+47 4.64348e+42 0 0 0
12.4094 1.80353e+48 1.80353e+48 1.80469e+48 1.80469e+48 1.80469e+48 5.5724e+46 0 3.46524e+50 2.1411e+47 4.64348e+42 0 0 0
14.3301 1.36526e+48 1.36526e+48 1.36598e+48 1.36598e+48 1.36598e+48 4.21974e+46 0 3.45373e+50 1.85425e+47 4.64348e+42 0 0 0
16.5482 1.03456e+48 1.03456e+48 1.03504e+48 1.03504e+48 1.03504e+48 3.19877e+46 0 3.34831e+50 1.60575e+47 4.64348e+42 0 0 0
19.1095 7.84821e+47 7.84821e+47 7.85159e+47 7.8516e+47 7.8516e+47 2.42748e+46 0 3.13981e+50 1.39048e+47 4.64348e+42 0 0 0
22.0673 5.96036e+47 5.96036e+47 5.96292e+47 5.96293e+47 5.96293e+47 1.84425e+46 0 2.82873e+50 1.20403e+47 4.64348e+42 0 0 0
25.483 4.53178e+47 4.53178e+47 4.53383e+47 4.53383e+47 4.53383e+47 1.40277e+46 0 2.42885e+50 1.04255e+47 4.64348e+42 0 0 0
29.4273 3.44954e+47 3.44954e+47 3.45124e+47 3.45124e+47 3.45124e+47 1.06822e+46 0 1.96886e+50 9.02701e+46 4.64348e+42 0 0 0
33.9821 2.62871e+47 2.62871e+47 2.63014e+47 2.63015e+47 2.63015e+47 8.14408e+45 0 1.49017e+50 7.81586e+46 4.64348e+42 0 0 0
39.2419 2.00538e+47 2.00538e+47 2.00662e+47 2.00662e+47 2.00662e+47 6.21608e+45 0 1.03976e+50 6.76701e+46 4.64348e+42 0 0 0
45.3158 1.53146e+47 1.53146e+47 1.53254e+47 1.53254e+47 1.53254e+47 4.74971e+45 0 6.59181e+49 5.85871e+46 4.64348e+42 0 0 0
52.3299 1.1707e+47 1.1707e+47 1.17164e+47 1.17164e+47 1.17164e+47 3.63305e+45 0 3.73516e+49 5.07215e+46 4.64348e+42 0 0 0
60.4296 8.95742e+46 8.95742e+46 8.96577e+46 8.96577e+46 8.96577e+46 2.78164e+45 0 1.85685e+49 4.391e+46 4.64348e+42 0 0 0
69.7831 6.85947e+46 6.85947e+46 6.86684e+46 6.86685e+46 6.86685e+46 2.13169e+45 0 7.92989e+48 3.80115e+46 4.64348e+42 0 0 0
80.5842 5.25694e+46 5.25694e+46 5.26345e+46 5.26345e+46 5.26345e+46 1.63498e+45 0 2.84033e+48 3.29035e+46 4.64348e+42 0 0 0
93.0572 4.03154e+46 4.03154e+46 4.03731e+46 4.03731e+46 4.03731e+46 1.25496e+45 0 8.30162e+47 2.84802e+46 4.64348e+42 0 0 0
107.461 3.0936e+46 3.0936e+46 3.09872e+46 3.09872e+46 3.09872e+46 9.63931e+44 0 1.91841e+47 2.46498e+46 4.64348e+42 0 0 0
124.094 2.37505e+46 2.37505e+46 2.37958e+46 2.37958e+46 2.37958e+46 7.4084e+44 0 3.37987e+46 2.13328e+46 4.64348e+42 0 0 0
143.301 1.82412e+46 1.82412e+46 1.82814e+46 1.82814e+46 1.82814e+46 5.69682e+44 0 4.3531e+45 1.84604e+46 4.64348e+42 0 0 0
165.482 1.40142e+46 1.40142e+46 1.40499e+46 1.40499e+46 1.40499e+46 4.3827e+44 0 3.90463e+44 1.5973e+46 4.64348e+42 0 0 0
191.095 1.07692e+46 1.07692e+46 1.08009e+46 1.08009e+46 1.08009e+46 3.37309e+44 0 2.30633e+43 1.38191e+46 4.64348e+42 0 0 0
220.673 8.27694e+45 8.27694e+45 8.30503e+45 8.30503e+45 8.30503e+45 2.59702e+44 0 8.40895e+41 1.19538e+46 4.64348e+42 0 0 0
254.83 6.36213e+45 6.36213e+45 6.38707e+45 6.38707e+45 6.38707e+45 2.00022e+44 0 1.75634e+40 1.03386e+46 4.64348e+42 0 0 0
294.273 4.89065e+45 4.89065e+45 4.91279e+45 4.91279e+45 4.91279e+45 1.54112e+44 0 1.92786e+38 8.93988e+45 4.64348e+42 0 0 0
339.821 3.75969e+45 3.75969e+45 3.77936e+45 3.77936e+45 3.77936e+45 1.18784e+44 0 1.00669e+36 7.72868e+45 4.64348e+42 0 0 0
392.419 2.89041e+45 2.89041e+45 2.90788e+45 2.90788e+45 2.90788e+45 9.15926e+43 0 2.22907e+33 6.67985e+45 4.64348e+42 0 0 0
453.158 2.22227e+45 2.22227e+45 2.23779e+45 2.23779e+45 2.23779e+45 7.06588e+43 0 1.83271e+30 5.77163e+45 4.64348e+42 0 0 0
523.299 1.70876e+45 1.70876e+45 1.72254e+45 1.72254e+45 1.72254e+45 5.45384e+43 0 4.79966e+26 4.98518e+45 4.64348e+42 0 0 0
604.296 1.3141e+45 1.3141e+45 1.32635e+45 1.32635e+45 1.32635e+45 4.2121e+43 0 3.35404e+22 4.30418e+45 4.64348e+42 0 0 0
697.831 1.0108e+45 1.0108e+45 1.02169e+45 1.02169e+45 1.02169e+45 3.25524e+43 0 5.09753e+17 3.71451e+45 4.64348e+42 0 0 0
805.842 7.77697e+44 7.77697e+44 7.87379e+44 7.87379e+44 7.87379e+44 2.51757e+43 0 1.33055e+12 3.20393e+45 4.64348e+42 0 0 0
930.572 5.98522e+44 5.98522e+44 6.07134e+44 6.07134e+44 6.07134e+44 1.94853e+43 0 454105 2.76185e+45 4.64348e+42 0 0 0
1074.61 4.60765e+44 4.60765e+44 4.6843e+44 4.6843e+44 4.6843e+44 1.50928e+43 0 0.0147903 2.3791e+45 4.64348e+42 0 0 0
1240.94 3.54817e+44 3.54817e+44 3.61642e+44 3.61642e+44 3.61642e+44 1.16994e+43 0 3.19574e-11 2.04773e+45 4.64348e+42 0 0 0
1433.01 2.73297e+44 2.73297e+44 2.79376e+44 2.79376e+44 2.79376e+44 9.07539e+42 0 3.01002e-21 1.76088e+45 4.64348e+42 0 0 0
1654.82 2.10539e+44 2.10539e+44 2.15956e+44 2.15956e+44 2.15956e+44 7.04439e+42 0 7.60982e-33 1.51258e+45 4.64348e+42 0 0 0
1910.95 1.62197e+44 1.62197e+44 1.67026e+44 1.67026e+44 1.67026e+44 5.47079e+42 0 2.94981e-46 1.29769e+45 4.64348e+42 0 0 0
2206.73 1.24938e+44 1.24938e+44 1.29243e+44 1.29243e+44 1.29243e+44 4.25033e+42 0 9.18324e-62 1.11174e+45 4.64348e+42 0 0 0
2548.3 9.62046e+43 9.62046e+43 1.00043e+44 1.00043e+44 1.00043e+44 3.30283e+42 0 1.08812e-79 9.50873e+44 4.64348e+42 0 0 0
2942.73 7.40345e+43 7.40345e+43 7.74559e+43 7.74559e+43 7.74559e+43 2.56657e+42 0 2.07176e-100 8.11754e+44 4.64348e+42 0 0 0
3398.21 5.69219e+43 5.69219e+43 5.99703e+43 5.99703e+43 5.99703e+43 1.99398e+42 0 2.34162e-124 6.91488e+44 4.64348e+42 0 0 0
3924.19 4.37098e+43 4.37098e+43 4.64241e+43 4.64241e+43 4.64241e+43 1.54838e+42 0 4.97522e-152 5.87576e+44 4.64348e+42 0 0 0
4531.58 3.35089e+43 3.35089e+43 3.59231e+43 3.59231e+43 3.59231e+43 1.20143e+42 0 5.26651e-184 4.97854e+44 4.64348e+42 0 0 0
5232.99 2.57997e+43 2.57997e+43 2.78648e+43 2.78648e+43 2.78648e+43 9.34691e+41 0 5.99359e-221 4.23163e+44 4.64348e+42 0 0 0
6042.96 1.97259e+43 1.97259e+43 2.15479e+43 2.15479e+43 2.15479e+43 7.24273e+41 0 0 3.56766e+44 4.64348e+42 0 0 0
6978.31 1.50437e+43 1.50437e+43 1.6647e+43 1.6647e+43 1.6647e+43 5.6042e+41 0 0 2.99687e+44 4.64348e+42 0 0 0
8058.42 1.14388e+43 1.14388e+43 1.28451e+43 1.28451e+43 1.28451e+43 4.32894e+41 0 0 2.50714e+44 4.64348e+42 0 0 0
9305.72 8.66795e+42 8.66795e+42 9.89697e+42 9.89697e+42 9.89697e+42 3.33725e+41 0 0 2.08793e+44 4.64348e+42 0 0 0
10746.1 6.54288e+42 6.54288e+42 7.61249e+42 7.61249e+42 7.61249e+42 2.56698e+41 0 0 1.73011e+44 4.64348e+42 0 0 0
12409.4 4.91752e+42 4.91752e+42 5.84402e+42 5.84402e+42 5.84402e+42 1.96964e+41 0 0 1.42572e+44 4.64348e+42 0 0 0
14330.1 3.67845e+42 3.67845e+42 4.47684e+42 4.47684e+42 4.47684e+42 1.50728e+41 0 0 1.16782e+44 4.64348e+42 0 0 0
16548.2 2.73755e+42 2.73755e+42 3.42162e+42 3.42162e+42 3.42162e+42 1.15022e+41 0 0 9.50331e+43 4.64348e+42 0 0 0
19109.5 2.02626e+42 2.02626e+42 2.60878e+42 2.60878e+42 2.60878e+42 8.75197e+40 0 0 7.67925e+43 4.64348e+42 0 0 0
22067.3 1.4913e+42 1.4913e+42 1.98408e+42 1.98408e+42 1.98408e+42 6.63976e+40 0 0 6.15884e+43 4.64348e+42 0 0 0
25483 1.0912e+42 1.0912e+42 1.50518e+42 1.50518e+42 1.50518e+42 5.0227e+40 0 0 4.90035e+43 4.64348e+42 0 0 0
29427.3 7.93804e+41 7.93804e+41 1.13906e+42 1.13906e+42 1.13906e+42 3.78886e+40 0 0 3.86667e+43 4.64348e+42 0 0 0
33982.1 5.74174e+41 5.74174e+41 8.59982e+41 8.59982e+41 8.59982e+41 2.85069e+40 0 0 3.02479e+43 4.64348e+42 0 0 0
39241.9 4.13073e+41 4.13073e+41 6.47887e+41 6.47887e+41 6.47887e+41 2.13982e+40 0 0 2.3453e+43 4.64348e+42 0 0 0
45315.8 2.95714e+41 2.95714e+41 4.87182e+41 4.87182e+41 4.87182e+41 1.60301e+40 0 0 1.80212e+43 4.64348e+42 0 0 0
52329.9 2.10799e+41 2.10799e+41 3.65769e+41 3.65769e+41 3.65769e+41 1.19896e+40 0 0 1.37219e+43 4.64348e+42 0 0 0
60429.6 1.49759e+41 1.49759e+41 2.74291e+41 2.74291e+41 2.74291e+41 8.9574e+39 0 0 1.03537e+43 4.64348e+42 0 0 0
69783.1 1.06143e+41 1.06143e+41 2.05536e+41 2.05536e+41 2.05536e+41 6.68775e+39 0 0 7.74156e+42 4.64348e+42 0 0 0
80584.2 7.51413e+40 7.51413e+40 1.53967e+41 1.53967e+41 1.53967e+41 4.99251e+39 0 0 5.73618e+42 4.64348e+42 0 0 0
93057.2 5.32005e+40 5.32005e+40 1.15352e+41 1.15352e+41 1.15352e+41 3.72835e+39 0 0 4.21162e+42 4.64348e+42 0 0 0
107461 3.77212e+40 3.77212e+40 8.64689e+40 8.64689e+40 8.64689e+40 2.78662e+39 0 0 3.06345e+42 4.64348e+42 0 0 0
124094 2.68208e+40 2.68208e+40 6.48789e+40 6.48789e+40 6.48789e+40 2.0854e+39 0 0 2.2065e+42 4.64348e+42 0 0 0
143301 1.91479e+40 1.91479e+40 4.87416e+40 4.87416e+40 4.87416e+40 1.56316e+39 0 0 1.57242e+42 4.64348e+42 0 0 0
165482 1.37414e+40 1.37414e+40 3.66743e+40 3.66743e+40 3.66743e+40 1.17395e+39 0 0 1.10728e+42 4.64348e+42 0 0 0
191095 9.92247e+39 9.92247e+39 2.76423e+40 2.76423e+40 2.76423e+40 8.83507e+38 0 0 7.69085e+41 4.64348e+42 0 0 0
220673 7.21463e+39 7.21463e+39 2.08732e+40 2.08732e+40 2.08732e+40 6.66412e+38 0 0 5.25602e+41 4.64348e+42 0 0 0
254830 5.28507e+39 5.28507e+39 1.57915e+40 1.57915e+40 1.57915e+40 5.03811e+38 0 0 3.52316e+41 4.64348e+42 0 0 0
294273 3.90192e+39 3.90192e+39 1.19695e+40 1.19695e+40 1.19695e+40 3.81751e+38 0 0 2.30722e+41 4.64348e+42 0 0 0
339821 2.90383e+39 2.90383e+39 9.08911e+39 9.08911e+39 9.08911e+39 2.89903e+38 0 0 1.46912e+41 4.64348e+42 0 0 0
392419 2.17842e+39 2.17842e+39 6.91388e+39 6.91388e+39 6.91388e+39 2.2062e+38 0 0 9.04424e+40 4.64348e+42 0 0 0
453158 1.64725e+39 1.64725e+39 5.2678e+39 5.2678e+39 5.2678e+39 1.68231e+38 0 0 5.34734e+40 4.64348e+42 0 0 0
523299 1.25531e+39 1.25531e+39 4.01966e+39 4.01966e+39 4.01966e+39 1.28521e+38 9.75802e+35 0 3.01288e+40 4.64348e+42 0 0 0
604296 9.63867e+38 9.63867e+38 3.07143e+39 3.07143e+39 3.07143e+39 9.83533e+37 9.7986e+35 0 1.6032e+40 4.64348e+42 0 0 0
697831 7.45465e+38 7.45465e+38 2.34973e+39 2.34973e+39 2.34973e+39 7.53837e+37 9.83917e+35 0 7.97287e+39 4.64348e+42 0 0 0
805842 5.80515e+38 5.80515e+38 1.79948e+39 1.79948e+39 1.79948e+39 5.78577e+37 9.87974e+35 0 3.66105e+39 4.64348e+42 0 0 0
930572 4.54955e+38 4.54955e+38 1.37925e+39 1.37925e+39 1.37925e+39 4.44581e+37 9.92031e+35 0 1.53062e+39 4.64348e+42 0 0 0
1.07461e+06 3.58626e+38 3.58626e+38 1.05783e+39 1.05783e+39 1.05783e+39 3.41936e+37 9.97086e+35 0 5.73259e+38 4.64348e+42 0 0 0
1.24094e+06 2.84131e+38 2.84131e+38 8.11623e+38 8.11623e+38 8.11623e+38 2.63164e+37 9.98198e+35 0 1.88747e+38 4.64348e+42 0 0 0
1.43301e+06 2.26035e+38 2.26035e+38 6.22768e+38 6.22768e+38 6.22768e+38 2.02604e+37 9.99603e+35 0 5.34522e+37 4.64348e+42 0 0 0
1.65482e+06 1.80359e+38 1.80359e+38 4.77733e+38 4.77733e+38 4.77733e+38 1.55972e+37 1.0014e+36 0 1.26953e+37 4.64348e+42 0 0 0
1.91095e+06 1.44186e+38 1.44186e+38 3.66252e+38 3.66252e+38 3.66252e+38 1.2002e+37 1.00388e+36 0 2.45642e+36 4.64348e+42 0 0 0
2.20673e+06 1.15361e+38 1.15361e+38 2.80519e+38 2.80519e+38 2.80519e+38 9.22783e+36 1.00706e+36 0 3.74497e+35 4.64348e+42 0 0 0
2.5483e+06 9.22781e+37 9.22781e+37 2.14578e+38 2.14578e+38 2.14578e+38 7.08624e+36 1.01123e+36 0 4.32926e+34 4.64348e+42 0 0 0
2.94273e+06 7.37265e+37 7.37265e+37 1.63874e+38 1.63874e+38 1.63874e+38 5.43299e+36 1.01669e+36 0 3.63106e+33 4.64348e+42 0 0 0
3.39821e+06 5.8783e+37 5.8783e+37 1.24913e+38 1.24913e+38 1.24913e+38 4.15736e+36 1.02436e+36 0 2.10019e+32 4.64348e+42 0 0 0
3.92419e+06 4.67347e+37 4.67347e+37 9.50082e+37 9.50082e+37 9.50082e+37 3.17403e+36 1.03438e+36 0 7.90149e+30 4.64348e+42 0 0 0
4.53158e+06 3.70245e+37 3.70245e+37 7.20892e+37 7.20892e+37 7.20892e+37 2.41712e+36 1.04743e+36 0 1.80784e+29 4.64348e+42 0 0 0
5.23299e+06 2.92113e+37 2.92113e+37 5.45571e+37 5.45571e+37 5.45571e+37 1.83561e+36 1.06423e+36 0 2.32783e+27 4.64348e+42 0 0 0
6.04296e+06 2.29418e+37 2.29418e+37 4.1176e+37 4.1176e+37 4.1176e+37 1.38995e+36 1.08743e+36 0 1.54272e+25 4.64348e+42 0 0 0
6.97831e+06 1.79297e+37 1.79297e+37 3.09891e+37 3.09891e+37 3.09891e+37 1.04936e+36 1.11546e+36 0 4.74722e+22 4.64348e+42 0 0 0
8.05842e+06 1.39411e+37 1.39411e+37 2.32559e+37 2.32559e+37 2.32559e+37 7.89937e+35 1.14978e+36 0 6.02329e+19 4.64348e+42 0 0 0
9.30572e+06 1.07835e+37 1.07835e+37 1.74032e+37 1.74032e+37 1.74032e+37 5.93103e+35 1.18916e+36 0 2.7477e+16 4.64348e+42 0 0 0
1.07461e+07 8.29807e+36 8.29807e+36 1.29882e+37 1.29882e+37 1.29882e+37 4.44453e+35 1.24396e+36 0 3.84762e+12 4.64348e+42 0 0 0
1.24094e+07 6.35357e+36 6.35357e+36 9.66867e+36 9.66867e+36 9.66867e+36 3.32722e+35 1.29537e+36 0 1.37805e+08 4.64348e+42 0 0 0
1.43301e+07 4.8418e+36 4.8418e+36 7.18127e+36 7.18127e+36 7.18127e+36 2.49236e+35 1.34622e+36 0 1022.65 4.64348e+42 0 0 0
1.65482e+07 3.674e+36 3.674e+36 5.32389e+36 5.32389e+36 5.32389e+36 1.87291e+35 1.39439e+36 0 0.00123308 4.64348e+42 0 0 0
1.91095e+07 2.77794e+36 2.77794e+36 3.94208e+36 3.94208e+36 3.94208e+36 1.41806e+35 1.43723e+36 0 1.82453e-10 4.64348e+42 0 0 0
2.20673e+07 2.09452e+36 2.09452e+36 2.91729e+36 2.91729e+36 2.91729e+36 1.08577e+35 1.47338e+36 0 2.3958e-18 4.64348e+42 0 0 0
2.5483e+07 1.57666e+36 1.57666e+36 2.16002e+36 2.16002e+36 2.16002e+36 8.46244e+34 1.49822e+36 0 1.92023e-27 4.64348e+42 0 0 0
2.94273e+07 1.18638e+36 1.18638e+36 1.60196e+36 1.60196e+36 1.60196e+36 6.74794e+34 1.49839e+36 0 6.09783e-38 4.64348e+42 0 0 0
3.39821e+07 8.9383e+35 8.9383e+35 1.19184e+36 1.19184e+36 1.19184e+36 5.53889e+34 1.46958e+36 0 4.65783e-50 4.64348e+42 0 0 0
3.92419e+07 6.74948e+35 6.74948e+35 8.90323e+35 8.90323e+35 8.90323e+35 4.66858e+34 1.41122e+36 0 4.80944e-64 4.64348e+42 0 0 0
4.53158e+07 5.11796e+35 5.11796e+35 6.68973e+35 6.68973e+35 6.68973e+35 4.05135e+34 1.33387e+36 0 3.45049e-80 4.64348e+42 0 0 0
5.23299e+07 3.90241e+35 3.90241e+35 5.06228e+35 5.06228e+35 5.06228e+35 3.60433e+34 1.24428e+36 0 7.97573e-99 4.64348e+42 0 0 0
6.04296e+07 2.99375e+35 2.99375e+35 3.85964e+35 3.85964e+35 3.85964e+35 3.25736e+34 1.13326e+36 0 2.44523e-120 4.64348e+42 0 0 0
6.97831e+07 2.311e+35 2.311e+35 2.96493e+35 2.96493e+35 2.96493e+35 2.96506e+34 1.00609e+36 0 3.5679e-145 4.64348e+42 0 0 0
8.05842e+07 1.79525e+35 1.79525e+35 2.29478e+35 2.29478e+35 2.29478e+35 2.70389e+34 8.64125e+35 0 7.58622e-174 4.64348e+42 0 0 0
9.30572e+07 1.40204e+35 1.40204e+35 1.78752e+35 1.78752e+35 1.78752e+35 2.45401e+34 7.12727e+35 0 5.99179e-207 4.64348e+42 0 0 0
1.07461e+08 1.09799e+35 1.09799e+35 1.39764e+35 1.39764e+35 1.39764e+35 2.19931e+34 5.57289e+35 0 3.62672e-245 4.64348e+42 212.354 0 0
1.24094e+08 8.62945e+34 8.62945e+34 1.09768e+35 1.09768e+35 1.09768e+35 1.95495e+34 4.31212e+35 0 0 4.64348e+42 186.556 0 0
1.43301e+08 6.78277e+34 6.78277e+34 8.62879e+34 8.62879e+34 8.62879e+34 1.71203e+34 3.27323e+35 0 0 4.64348e+42 163.893 0 0
1.65482e+08 5.31219e+34 5.31219e+34 6.76374e+34 6.76374e+34 6.76374e+34 1.47021e+34 2.44418e+35 0 0 4.64348e+42 143.982 0 0
1.91095e+08 4.1034e+34 4.1034e+34 5.2326e+34 5.2326e+34 5.2326e+34 1.21747e+34 1.76272e+35 0 0 4.64348e+42 126.491 0 0
2.20673e+08 3.16133e+34 3.16133e+34 4.03985e+34 4.03985e+34 4.03985e+34 9.99235e+33 1.296e+35 0 0 4.64348e+42 111.124 0 0
2.5483e+08 2.41266e+34 2.41266e+34 3.09134e+34 3.09134e+34 3.09134e+34 8.0362e+33 9.44805e+34 0 0 4.64348e+42 97.6247 0 0
2.94273e+08 1.82208e+34 1.82208e+34 2.34198e+34 2.34198e+34 2.34198e+34 6.33526e+33 6.8276e+34 0 0 4.64348e+42 85.7649 0 0
3.39821e+08 1.34717e+34 1.34717e+34 1.73778e+34 1.73778e+34 1.73778e+34 4.81072e+33 4.84111e+34 0 0 4.64348e+42 78.6701 0 0
3.92419e+08 9.97077e+33 9.97077e+33 1.29129e+34 1.29129e+34 1.29129e+34 3.66692e+33 3.51215e+34 0 0 4.64348e+42 75.3459 0 0
4.53158e+08 7.3205e+33 7.3205e+33 9.52165e+33 9.52165e+33 9.52165e+33 2.76137e+33 2.5394e+34 0 0 4.64348e+42 72.1622 0 0
5.23299e+08 5.31385e+33 5.31385e+33 6.94372e+33 6.94372e+33 6.94372e+33 2.04339e+33 1.83012e+34 0 0 4.64348e+42 69.113 0 0
6.04296e+08 3.83067e+33 3.83067e+33 5.03025e+33 5.03025e+33 5.03025e+33 1.49801e+33 1.30506e+34 0 0 4.64348e+42 66.1926 0 0
6.97831e+08 2.7819e+33 2.7819e+33 3.67196e+33 3.67196e+33 3.67196e+33 1.11567e+33 9.51505e+33 0 0 4.64348e+42 63.3957 0 0
8.05842e+08 2.01108e+33 2.01108e+33 2.66883e+33 2.66883e+33 2.66883e+33 8.26677e+32 6.92737e+33 0 0 4.64348e+42 60.7169 0 0
9.30572e+08 1.44579e+33 1.44579e+33 1.92938e+33 1.92938e+33 1.92938e+33 6.08431e+32 5.03189e+33 0 0 4.64348e+42 58.1513 0 0
1.07461e+09 1.02972e+33 1.02972e+33 1.38207e+33 1.38207e+33 1.38207e+33 4.41951e+32 3.60173e+33 0 0 4.64348e+42 58.3609 0 0
1.24094e+09 7.41803e+32 7.41803e+32 1.00153e+33 1.00153e+33 1.00153e+33 3.28358e+32 2.63964e+33 0 0 4.64348e+42 61.3758 0 0
1.43301e+09 5.3399e+32 5.3399e+32 7.25339e+32 7.25339e+32 7.25339e+32 2.44341e+32 1.9291e+33 0 0 4.64348e+42 64.5464 0 0
1.65482e+09 3.82828e+32 3.82828e+32 5.23329e+32 5.23329e+32 5.23329e+32 1.81163e+32 1.40533e+33 0 0 4.64348e+42 67.8808 0 0
1.91095e+09 2.70862e+32 2.70862e+32 3.73445e+32 3.73445e+32 3.73445e+32 1.3243e+32 1.00622e+33 0 0 4.64348e+42 71.3875 0 0
2.20673e+09 1.87992e+32 1.87992e+32 2.65774e+32 2.65774e+32 2.65774e+32 9.80819e+31 7.38738e+32 0 0 4.64348e+42 75.0753 0 0
2.5483e+09 1.09776e+32 1.09776e+32 1.75315e+32 1.75315e+32 1.75315e+32 7.13991e+31 5.40736e+32 0 0 4.64348e+42 78.9536 0 0
2.94273e+09 3.25188e+31 3.25188e+31 9.04521e+31 9.04521e+31 9.04521e+31 5.17707e+31 3.94444e+32 0 0 4.64348e+42 83.0323 0 0
3.39821e+09 1.41967e+30 1.41967e+30 3.14963e+31 3.14963e+31 3.14963e+31 3.73511e+31 2.8275e+32 0 0 4.64348e+42 87.3217 0 0
3.92419e+09 6.74596e+26 6.74596e+26 8.93465e+30 8.93465e+30 8.93465e+30 2.78076e+31 2.076e+32 0 0 4.64348e+42 91.8326 0 0
4.53158e+09 1.28936e+19 1.28936e+19 2.53171e+30 2.53171e+30 2.53171e+30 2.06921e+31 1.51836e+32 0 0 4.64348e+42 96.5766 0 0
5.23299e+09 530.318 530.318 7.83585e+29 7.83585e+29 7.83585e+29 1.53578e+31 1.10562e+32 0 0 4.64348e+42 101.566 0 0
6.04296e+09 3.50259e-29 3.50259e-29 2.66304e+29 2.66304e+29 2.66304e+29 1.11635e+31 7.91702e+31 0 0 4.64348e+42 106.812 0 0
6.97831e+09 2.13743e-82 2.13743e-82 1.02021e+29 1.02021e+29 1.02021e+29 8.32959e+30 5.80147e+31 0 0 4.64348e+42 112.33 0 0
8.05842e+09 1.18365e-164 1.18365e-164 4.27634e+28 4.27634e+28 4.27634e+28 6.19399e+30 4.23837e+31 0 0 4.64348e+42 118.133 0 0
9.30572e+09 4.97489e-281 4.97489e-281 1.93529e+28 1.93529e+28 1.93529e+28 4.57574e+30 3.08686e+31 0 0 4.64348e+42 124.236 0 0
1.07461e+10 0 0 9.27691e+27 9.27691e+27 9.27691e+27 3.31776e+30 2.21574e+31 0 0 4.64348e+42 139.395 0 0
1.24094e+10 0 0 4.79911e+27 4.79911e+27 4.79911e+27 2.4547e+30 1.62814e+31 0 0 4.64348e+42 166.868 0 0
1.43301e+10 0 0 2.60751e+27 2.60751e+27 2.60751e+27 1.8045e+30 1.1931e+31 0 0 4.64348e+42 199.755 0 0
1.65482e+10 0 0 1.48063e+27 1.48063e+27 1.48063e+27 1.32217e+30 8.71387e+30 0 0 4.64348e+42 239.123 0 0
1.91095e+10 0 0 8.61912e+26 8.61912e+26 8.61912e+26 9.49453e+29 6.25062e+30 0 0 4.64348e+42 286.251 0 0
2.20673e+10 0 0 5.29197e+26 5.29197e+26 5.29197e+26 6.98222e+29 4.59307e+30 0 0 4.64348e+42 342.667 34.7254 0
2.5483e+10 0 0 3.34161e+26 3.34161e+26 3.34161e+26 5.11603e+29 3.36283e+30 0 0 4.64348e+42 410.201 22.9578 0
2.94273e+10 0 0 2.16254e+26 2.16254e+26 2.16254e+26 3.73638e+29 2.45272e+30 0 0 4.64348e+42 491.046 15.5417 0
3.39821e+10 0 0 1.40963e+26 1.40963e+26 1.40963e+26 2.67354e+29 1.75372e+30 0 0 4.64348e+42 587.824 10.7604 0
3.92419e+10 0 0 9.60465e+25 9.60465e+25 9.60465e+25 1.96764e+29 1.28783e+30 0 0 4.64348e+42 703.675 7.61059 0
4.53158e+10 0 0 6.65819e+25 6.65819e+25 6.65819e+25 1.44453e+29 9.43125e+29 0 0 4.64348e+42 842.359 5.49245 0
5.23299e+10 0 0 4.68907e+25 4.68907e+25 4.68907e+25 1.05853e+29 6.88561e+29 0 0 4.64348e+42 1008.37 4.04008 0
6.04296e+10 0 0 3.30169e+25 3.30169e+25 3.30169e+25 7.6176e+28 4.92708e+29 0 0 4.64348e+42 1207.11 3.02568 0
6.97831e+10 0 0 2.41421e+25 2.41421e+25 2.41421e+25 5.63452e+28 3.62552e+29 0 0 4.64348e+42 1445.01 2.3047 0
8.05842e+10 0 0 1.78332e+25 1.78332e+25 1.78332e+25 4.1554e+28 2.66097e+29 0 0 4.64348e+42 1729.8 1.78376 0
9.30572e+10 0 0 1.32889e+25 1.32889e+25 1.32889e+25 3.05538e+28 1.94693e+29 0 0 4.64348e+42 2070.72 1.40144 0
1.07461e+11 0 0 9.81807e+24 9.81807e+24 9.81807e+24 2.20056e+28 1.39462e+29 0 0 4.64348e+42 2478.83 1.11671 0
1.24094e+11 0 0 7.49186e+24 7.49186e+24 7.49186e+24 1.62609e+28 1.02719e+29 0 0 4.64348e+42 2967.37 0.901709 0
1.43301e+11 0 0 5.74414e+24 5.74414e+24 5.74414e+24 1.19705e+28 7.54264e+28 0 0 4.64348e+42 3552.2 0.737233 0
1.65482e+11 0 0 4.41919e+24 4.41919e+24 4.41919e+24 8.77472e+27 5.51857e+28 0 0 4.64348e+42 4252.28 0.609868 0
1.91095e+11 0 0 3.35445e+24 3.35445e+24 3.35445e+24 6.29594e+27 3.94923e+28 0 0 4.64348e+42 5090.34 0.510106 0
2.20673e+11 0 0 2.6248e+24 2.6248e+24 2.6248e+24 4.63862e+27 2.90651e+28 0 0 4.64348e+42 6093.57 0.431129 0
2.5483e+11 0 0 2.05769e+24 2.05769e+24 2.05769e+24 3.40542e+27 2.1322e+28 0 0 4.64348e+42 7294.53 0.367983 0
2.94273e+11 0 0 1.61499e+24 1.61499e+24 1.61499e+24 2.49097e+27 1.55833e+28 0 0 4.64348e+42 8732.17 0.317029 0
3.39821e+11 0 0 1.24765e+24 1.24765e+24 1.24765e+24 1.78426e+27 1.11347e+28 0 0 4.64348e+42 0 0.275565 0
3.92419e+11 0 0 9.92447e+23 9.92447e+23 9.92447e+23 1.31321e+27 8.18477e+27 0 0 4.64348e+42 0 0.241562 0
4.53158e+11 0 0 7.89338e+23 7.89338e+23 7.89338e+23 9.63173e+26 5.99615e+27 0 0 4.64348e+42 0 0.213483 0
5.23299e+11 0 0 6.27319e+23 6.27319e+23 6.27319e+23 7.0386e+26 4.37574e+27 0 0 4.64348e+42 0 0.190154 0
6.04296e+11 0 0 4.89507e+23 4.89507e+23 4.89507e+23 5.03399e+26 3.12039e+27 0 0 4.64348e+42 0 0.170669 0
6.97831e+11 0 0 3.92897e+23 3.92897e+23 3.92897e+23 3.70061e+26 2.28975e+27 0 0 4.64348e+42 0 0.154323 0
8.05842e+11 0 0 3.1477e+23 3.1477e+23 3.1477e+23 2.71072e+26 1.67429e+27 0 0 4.64348e+42 0 0.140565 0
9.30572e+11 0 0 2.51558e+23 2.51558e+23 2.51558e+23 1.97818e+26 1.21927e+27 0 0 4.64348e+42 0 0.12896 0
1.07461e+12 0 0 1.96928e+23 1.96928e+23 1.96928e+23 1.41199e+26 8.67127e+26 0 0 4.64348e+42 0 0.119166 0
1.24094e+12 0 0 1.58395e+23 1.58395e+23 1.58395e+23 1.03627e+26 6.34775e+26 0 0 4.64348e+42 0 0.110908 0
1.43301e+12 0 0 1.26917e+23 1.26917e+23 1.26917e+23 7.57716e+25 4.6293e+26 0 0 4.64348e+42 0 0.103969 0
1.65482e+12 0 0 1.01223e+23 1.01223e+23 1.01223e+23 5.51858e+25 3.36134e+26 0 0 4.64348e+42 0 0.098177 0
1.91095e+12 0 0 7.88446e+22 7.88446e+22 7.88446e+22 3.92872e+25 2.38163e+26 0 0 4.64348e+42 0 0.0933933 0
2.20673e+12 0 0 6.29753e+22 6.29753e+22 6.29753e+22 2.87666e+25 1.7376e+26 0 0 4.64348e+42 0 0.0895108 0
2.5483e+12 0 0 4.99559e+22 4.99559e+22 4.99559e+22 2.09807e+25 1.26253e+26 0 0 4.64348e+42 0 0.0864461 0
2.94273e+12 1.68389e-297 1.68389e-297 3.93106e+22 3.93106e+22 3.93106e+22 1.52385e+25 9.12996e+25 0 0 4.64348e+42 0 0.0841374 0
3.39821e+12 3.05903e-264 3.05903e-264 3.00735e+22 3.00735e+22 3.00735e+22 1.08088e+25 6.43516e+25 0 0 4.64348e+42 0 0.082541 0
3.92419e+12 3.26349e-234 3.2635e-234 2.3514e+22 2.3514e+22 2.3514e+22 7.8888e+24 4.6731e+25 0 0 4.64348e+42 0 0.08163 0
4.53158e+12 3.70373e-207 3.70373e-207 1.81767e+22 1.81767e+22 1.81767e+22 5.73324e+24 3.37802e+25 0 0 4.64348e+42 0 0.0813928 0
5.23299e+12 8.07331e-183 8.07331e-183 1.38721e+22 1.38721e+22 1.38721e+22 4.14792e+24 2.42902e+25 0 0 4.64348e+42 0 0.0818329 0
6.04296e+12 5.76737e-161 5.76737e-161 1.0234e+22 1.0234e+22 1.0234e+22 2.92725e+24 1.69964e+25 0 0 4.64348e+42 0 0.0829683 0
6.97831e+12 2.38792e-141 2.38792e-141 7.6891e+21 7.6891e+21 7.6891e+21 2.12678e+24 1.22627e+25 0 0 4.64348e+42 0 0.0848322 0
8.05842e+12 8.95764e-124 8.95765e-124 5.68749e+21 5.68749e+21 5.68749e+21 1.53799e+24 8.80147e+24 0 0 4.64348e+42 0 0.0874729 0
9.30572e+12 4.74283e-108 4.74283e-108 4.13866e+21 4.13866e+21 4.13866e+21 1.10665e+24 6.27959e+24 0 0 4.64348e+42 0 0.0909553 0
1.07461e+13 5.22148e-94 5.22149e-94 2.90016e+21 2.90016e+21 2.90016e+21 7.75445e+23 4.34974e+24 0 0 4.64348e+42 0 0.0953611 0
1.24094e+13 1.83913e-81 1.83913e-81 2.06976e+21 2.06976e+21 2.06976e+21 5.59851e+23 3.11044e+24 0 0 4.64348e+42 0 0.10079 0
1.43301e+13 2.8222e-70 2.8222e-70 1.45384e+21 1.45384e+21 1.45384e+21 4.02069e+23 2.21087e+24 0 0 4.64348e+42 0 0.10736 0
1.65482e+13 2.58065e-60 2.58065e-60 1.00549e+21 1.00549e+21 1.00549e+21 2.87109e+23 1.5606e+24 0 0 4.64348e+42 0 0.115206 0
1.91095e+13 1.82876e-51 1.82877e-51 6.69901e+20 6.69901e+20 6.69901e+20 1.99207e+23 1.06604e+24 0 0 4.64348e+42 0 0.12448 0
2.20673e+13 1.38143e-43 1.38143e-43 4.56715e+20 4.56715e+20 4.56715e+20 1.4257e+23 7.53106e+23 0 0 4.64348e+42 0 0.135345 0
2.5483e+13 1.35665e-36 1.35666e-36 3.07475e+20 3.07475e+20 3.07475e+20 1.01415e+23 5.28256e+23 0 0 4.64348e+42 0 0.147968 0
2.94273e+13 2.1421e-30 2.14211e-30 2.04541e+20 2.04541e+20 2.04541e+20 7.16632e+22 3.67516e+23 0 0 4.64348e+42 0 0.162507 0
3.39821e+13 6.42714e-25 6.42718e-25 1.31241e+20 1.31241e+20 1.31241e+20 4.90452e+22 2.46288e+23 0 0 4.64348e+42 0 0.179093 0
3.92419e+13 4.64808e-20 4.64812e-20 8.67076e+19 8.67076e+19 8.67076e+19 3.46827e+22 1.71159e+23 0 0 4.64348e+42 0 0.197804 0
4.53158e+13 9.10284e-16 9.10293e-16 5.6739e+19 5.6739e+19 5.6739e+19 2.43494e+22 1.17931e+23 0 0 4.64348e+42 0 0.218621 0
5.23299e+13 5.55166e-12 5.55174e-12 3.67796e+19 3.67796e+19 3.67796e+19 1.69608e+22 8.0459e+22 0 0 4.64348e+42 0 0.241387 0
6.04296e+13 1.16233e-08 1.16236e-08 2.29667e+19 2.29667e+19 2.29667e+19 1.13898e+22 5.25256e+22 0 0 4.64348e+42 0 0.265741 0
6.97831e+13 1.00484e-05 1.00486e-05 1.48492e+19 1.48492e+19 1.48492e+19 7.92346e+21 3.57066e+22 0 0 4.64348e+42 0 0.291055 0
8.05842e+13 0.00379888 0.00379898 9.51885e+18 9.51885e+18 9.51885e+18 5.46411e+21 2.40197e+22 0 0 4.64348e+42 0 0.316368 0
9.30572e+13 0.687106 0.687127 6.04742e+18 6.04742e+18 6.04742e+18 3.73232e+21 1.59639e+22 0 0 4.64348e+42 0 0.340344 0
1.07461e+14 62.3443 62.3467 3.68307e+18 3.68307e+18 3.68307e+18 2.44151e+21 1.00545e+22 0 0 4.64348e+42 0 0 0
1.24094e+14 3312.28 3312.47 2.33529e+18 2.33529e+18 2.33529e+18 1.66102e+21 6.63609e+21 0 0 4.64348e+42 0 0 0
1.43301e+14 104571 104581 1.46692e+18 1.46692e+18 1.46692e+18 1.11791e+21 4.32325e+21 0 0 4.64348e+42 0 0 0
1.65482e+14 2.07585e+06 2.07628e+06 9.12066e+17 9.12066e+17 9.12066e+17 7.43523e+20 2.77442e+21 0 0 4.64348e+42 0 0 0
1.91095e+14 2.61778e+07 2.61891e+07 5.3881e+17 5.3881e+17 5.3881e+17 4.69005e+20 1.66334e+21 0 0 4.64348e+42 0 0 0
2.20673e+14 2.42107e+08 2.42311e+08 3.33615e+17 3.33615e+17 3.33615e+17 3.09524e+20 1.0553e+21 0 0 4.64348e+42 0 0 0
2.5483e+14 1.61273e+09 1.6152e+09 2.04177e+17 2.04177e+17 2.04177e+17 2.01514e+20 6.58686e+20 0 0 4.64348e+42 0 0 0
2.94273e+14 8.01159e+09 8.03216e+09 1.23363e+17 1.23363e+17 1.23363e+17 1.29254e+20 4.03418e+20 0 0 4.64348e+42 0 0 0
3.39821e+14 2.9073e+10 2.91894e+10 6.9803e+16 6.9803e+16 6.9803e+16 7.74731e+19 2.25858e+20 0 0 4.64348e+42 0 0 0
3.92419e+14 8.96161e+10 9.01401e+10 4.1802e+16 4.1802e+16 4.1802e+16 4.90462e+19 1.35921e+20 0 0 4.64348e+42 0 0 0
4.53158e+14 2.23937e+11 2.25742e+11 2.46522e+16 2.46522e+16 2.46522e+16 3.05109e+19 8.01277e+19 0 0 4.64348e+42 0 0 0
5.23299e+14 4.63265e+11 4.68159e+11 1.42946e+16 1.42946e+16 1.42946e+16 1.86216e+19 4.61136e+19 0 0 4.64348e+42 0 0 0
6.04296e+14 7.53462e+11 7.63441e+11 7.58584e+15 7.58584e+15 7.58584e+15 1.03781e+19 2.34515e+19 0 0 4.64348e+42 0 0 0
6.97831e+14 1.15169e+12 1.1701e+12 4.3265e+15 4.3265e+15 4.3265e+15 6.20315e+18 1.31495e+19 0 0 4.64348e+42 0 0 0
8.05842e+14 1.53162e+12 1.56016e+12 2.41663e+15 2.41663e+15 2.41663e+15 3.62333e+18 7.18344e+18 0 0 4.64348e+42 0 0 0
9.30572e+14 1.79393e+12 1.83177e+12 1.31962e+15 1.31962e+15 1.31962e+15 2.06461e+18 3.80586e+18 0 0 4.64348e+42 0 0 0
1.07461e+15 1.68952e+12 1.72883e+12 6.35258e+14 6.35258e+14 6.35258e+14 1.03483e+18 1.68764e+18 0 0 4.64348e+42 0 0 0
1.24094e+15 1.61762e+12 1.6582e+12 3.37144e+14 3.37144e+14 3.37144e+14 5.70701e+17 8.6063e+17 0 0 4.64348e+42 0 0 0
1.43301e+15 1.40078e+12 1.43789e+12 1.73811e+14 1.73811e+14 1.73811e+14 3.05108e+17 4.2477e+17 0 0 4.64348e+42 0 0 0
1.65482e+15 1.10483e+12 1.13521e+12 8.69155e+13 8.69155e+13 8.69155e+13 1.57902e+17 2.01658e+17 0 0 4.64348e+42 0 0 0
1.91095e+15 6.82727e+11 7.01892e+11 3.59919e+13 3.59919e+13 3.59919e+13 6.75303e+16 7.32408e+16 0 0 4.64348e+42 0 0 0
2.20673e+15 4.62801e+11 4.75881e+11 1.71674e+13 1.71674e+13 1.71674e+13 3.32011e+16 3.28457e+16 0 0 4.64348e+42 0 0 0
2.5483e+15 2.8809e+11 2.96185e+11 7.84977e+12 7.84977e+12 7.84977e+12 1.56258e+16 1.4146e+16 0 0 4.64348e+42 0 0 0
2.94273e+15 1.65802e+11 1.70382e+11 3.4465e+12 3.4465e+12 3.4465e+12 7.04471e+15 5.80527e+15 0 0 4.64348e+42 0 0 0
3.39821e+15 6.87354e+10 7.05836e+10 1.12695e+12 1.12695e+12 1.12695e+12 2.36233e+15 1.55875e+15 0 0 4.64348e+42 0 0 0
3.92419e+15 3.43648e+10 3.52563e+10 4.57646e+11 4.57646e+11 4.57646e+11 9.81951e+14 5.84136e+14 0 0 4.64348e+42 0 0 0
4.53158e+15 1.56997e+10 1.60895e+10 1.74272e+11 1.74272e+11 1.74272e+11 3.82106e+14 2.08553e+14 0 0 4.64348e+42 0 0 0
5.23299e+15 6.60001e+09 6.75573e+09 6.24729e+10 6.24729e+10 6.24729e+10 1.39743e+14 7.06074e+13 0 0 4.64348e+42 0 0 0
6.04296e+15 1.71737e+09 1.75563e+09 1.41427e+10 1.41427e+10 1.41427e+10 3.2218e+13 1.16915e+13 0 0 4.64348e+42 0 0 0
6.97831e+15 6.15874e+08 6.28756e+08 4.49104e+09 4.49104e+09 4.49104e+09 1.04045e+13 3.34856e+12 0 0 4.64348e+42 0 0 0
8.05842e+15 1.95225e+08 1.99039e+08 1.28036e+09 1.28036e+09 1.28036e+09 3.01208e+12 9.01675e+11 0 0 4.64348e+42 0 0 0
9.30572e+15 5.43967e+07 5.53849e+07 3.25276e+08 3.25276e+08 3.25276e+08 7.75956e+11 2.33557e+11 0 0 4.64348e+42 0 0 0
1.07461e+16 7.5772e+06 7.70466e+06 4.18123e+07 4.18123e+07 4.18123e+07 1.00999e+11 1.82551e+10 0 0 4.64348e+42 0 0 0
1.24094e+16 1.74159e+06 1.76861e+06 8.96313e+06 8.96313e+06 8.96313e+06 2.1895e+10 3.40131e+09 0 0 4.64348e+42 0 0 0
1.43301e+16 330448 335162 1.60099e+06 1.60099e+06 1.60099e+06 3.95005e+09 5.6519e+08 0 0 4.64348e+42 0 0 0
1.65482e+16 48492.5 49126.5 222995 222995 222995 5.54977e+08 9.21308e+07 0 0 4.64348e+42 0 0 0
1.91095e+16 2610.13 2641.32 11475 11475 11475 2.87798e+07 2.58934e+06 0 0 4.64348e+42 0 0 0
2.20673e+16 297.323 300.562 1257.61 1257.61 1257.61 3.17475e+06 237330 0 0 4.64348e+42 0 0 0
2.5483e+16 24.6872 24.9318 101.027 101.027 101.027 256428 16617.7 0 0 4.64348e+42 0 0 0
2.94273e+16 1.35161 1.36377 5.37776 5.37776 5.37776 13709.8 1052.96 0 0 4.64348e+42 0 0 0
3.39821e+16 0.0147575 0.0148778 0.0573346 0.0573346 0.0573346 146.654 7.10643 0 0 4.64348e+42 0 0 0
3.92419e+16 0.000521454 0.000525297 0.00198572 0.00198572 0.00198572 5.09085 0.200688 0 0 4.64348e+42 0 0 0
4.53158e+16 1.00315e-05 1.00983e-05 3.75677e-05 3.75677e-05 3.75677e-05 0.0964341 0.00328324 0 0 4.64348e+42 0 0 0
5.23299e+16 9.99582e-08 1.00558e-07 3.69217e-07 3.69217e-07 3.69217e-07 0.000947973 3.2126e-05 0 0 4.64348e+42 0 0 0
6.04296e+16 9.17281e-11 9.22232e-11 3.35039e-10 3.35039e-10 3.35039e-10 8.59573e-07 2.56681e-08 0 0 4.64348e+42 0 0 0
6.97831e+16 3.2032e-13 3.21874e-13 1.15954e-12 1.15954e-12 1.15954e-12 2.97e-09 8.41142e-11 0 0 4.64348e+42 0 0 0
8.05842e+16 3.40436e-16 3.41919e-16 1.22379e-15 1.22379e-15 1.22379e-15 3.12707e-12 8.64304e-14 0 0 4.64348e+42 0 0 0
9.30572e+16 0 0 0 0 0 0 0 0 0 4.64348e+42 0 0 0