
1.07461e-07 4.15886e+52 4.15886e+52 1.42114e+55 1.46361e+55 1.53772e+55 3.33452e+53 0 1.4725e+46 1.10223e+47 4.64348e+42 0 0 1
1.24094e-07 1.64108e+53 1.64108e+53 1.22451e+55 1.25613e+55 1.30003e+55 2.81013e+53 0 1.70041e+46 4.37121e+47 4.64348e+42 0 0 1
1.43301e-07 4.32832e+53 4.32832e+53 1.04877e+55 1.07218e+55 1.09805e+55 2.36579e+53 0 1.96361e+46 1.16567e+48 4.64348e+42 0 0 1
1.65482e-07 8.47415e+53 8.47415e+53 8.941e+54 9.1136e+54 9.26542e+54 1.9896e+53 0 2.26754e+46 2.31816e+48 4.64348e+42 0 0 1
1.91095e-07 1.3308e+54 1.3308e+54 7.59464e+54 7.72144e+54 7.81024e+54 1.67137e+53 0 2.61851e+46 3.7114e+48 4.64348e+42 0 0 1
2.20673e-07 1.77511e+54 1.77511e+54 6.43185e+54 6.52474e+54 6.57654e+54 1.40242e+53 0 3.02381e+46 5.06199e+48 4.64348e+42 0 0 1
2.5483e-07 2.09793e+54 2.09793e+54 5.43345e+54 5.50134e+54 5.53146e+54 1.17533e+53 0 3.49184e+46 6.13267e+48 4.64348e+42 0 0 1
2.94273e-07 2.26659e+54 2.26659e+54 4.57998e+54 4.62949e+54 4.64697e+54 9.83779e+52 0 4.03232e+46 6.80679e+48 4.64348e+42 0 0 1
3.39821e-07 2.29074e+54 2.29074e+54 3.85291e+54 3.88895e+54 3.89907e+54 8.2237e+52 0 4.65645e+46 7.08143e+48 4.64348e+42 0 0 1
3.92419e-07 2.20289e+54 2.20289e+54 3.23526e+54 3.26145e+54 3.26729e+54 6.86508e+52 0 5.37718e+46 7.02291e+48 4.64348e+42 0 0 1
4.53158e-07 2.04115e+54 2.04115e+54 2.71179e+54 2.73079e+54 2.73416e+54 5.72277e+52 0 6.20947e+46 6.72284e+48 4.64348e+42 0 0 1
5.23299e-07 1.83927e+54 1.83927e+54 2.26906e+54 2.28282e+54 2.28475e+54 4.76348e+52 0 7.17059e+46 6.2695e+48 4.64348e+42 0 0 1
6.04296e-07 1.62281e+54 1.62281e+54 1.89531e+54 1.90526e+54 1.90637e+54 3.95888e+52 0 8.28046e+46 5.73482e+48 4.64348e+42 0 0 1
6.97831e-07 1.40903e+54 1.40903e+54 1.58035e+54 1.58753e+54 1.58816e+54 3.28489e+52 0 9.56213e+46 5.17134e+48 4.64348e+42 0 0 1
8.05842e-07 1.20841e+54 1.20841e+54 1.31537e+54 1.32054e+54 1.3209e+54 2.72109e+52 0 1.10422e+47 4.61423e+48 4.64348e+42 0 0 1
9.30572e-07 1.02641e+54 1.02641e+54 1.09282e+54 1.09654e+54 1.09674e+54 2.25013e+52 0 1.27513e+47 4.08514e+48 4.64348e+42 0 0 1
1.07461e-06 8.6517e+53 8.6517e+53 9.06206e+53 9.08879e+53 9.08995e+53 1.8573e+52 0 1.4725e+47 3.5959e+48 4.64348e+42 0 0 1
1.24094e-06 7.24744e+53 7.24744e+53 7.5e+53 7.51915e+53 7.51981e+53 1.53016e+52 0 1.70041e+47 3.15179e+48 4.64348e+42 0 0 1
1.43301e-06 6.03982e+53 6.03982e+53 6.1947e+53 6.20839e+53 6.20876e+53 1.25816e+52 0 1.96361e+47 2.75383e+48 4.64348e+42 0 0 1
1.65482e-06 5.01123e+53 5.01123e+53 5.1059e+53 5.11567e+53 5.11588e+53 1.0324e+52 0 2.26754e+47 2.40052e+48 4.64348e+42 0 0 1
1.91095e-06 4.14168e+53 4.14168e+53 4.19938e+53 4.20634e+53 4.20645e+53 8.45345e+51 0 2.61851e+47 2.08894e+48 4.64348e+42 0 0 1
2.20673e-06 3.411e+53 3.411e+53 3.44606e+53 3.451e+53 3.45107e+53 6.90658e+51 0 3.02381e+47 1.81548e+48 4.64348e+42 0 0 1
2.5483e-06 2.80006e+53 2.80006e+53 2.82131e+53 2.82482e+53 2.82485e+53 5.62985e+51 0 3.49184e+47 1.57634e+48 4.64348e+42 0 0 1
2.94273e-06 2.29142e+53 2.29142e+53 2.30426e+53 2.30674e+53 2.30676e+53 4.57824e+51 0 4.03231e+47 1.36775e+48 4.64348e+42 0 0 1
3.39821e-06 1.86955e+53 1.86955e+53 1.87728e+53 1.87903e+53 1.87904e+53 3.71393e+51 0 4.65644e+47 1.18615e+48 4.64348e+42 0 0 1
3.92419e-06 1.52082e+53 1.52082e+53 1.52547e+53 1.5267e+53 1.52672e+53 3.00514e+51 0 5.37717e+47 1.02827e+48 4.64348e+42 0 0 1
4.53158e-06 1.23351e+53 1.23351e+53 1.2363e+53 1.23716e+53 1.23717e+53 2.42525e+51 0 6.20946e+47 8.91156e+47 4.64348e+42 0 0 1
5.23299e-06 9.97526e+52 9.97526e+52 9.99192e+52 9.99796e+52 9.99799e+52 1.95197e+51 0 7.17056e+47 7.72163e+47 4.64348e+42 0 0 1
6.04296e-06 8.04282e+52 8.04282e+52 8.05275e+52 8.05697e+52 8.05698e+52 1.56667e+51 0 8.28043e+47 6.68957e+47 4.64348e+42 0 0 1
6.97831e-06 6.46519e+52 6.46519e+52 6.47108e+52 6.47402e+52 6.47403e+52 1.25382e+51 0 9.56209e+47 5.79479e+47 4.64348e+42 0 0 1
8.05842e-06 5.18112e+52 5.18112e+52 5.18462e+52 5.18665e+52 5.18666e+52 1.00048e+51 0 1.10421e+48 5.01928e+47 4.64348e+42 0 0 1
9.30572e-06 4.13923e+52 4.13923e+52 4.14129e+52 4.1427e+52 4.1427e+52 7.95915e+50 0 1.27512e+48 4.34728e+47 4.64348e+42 0 0 1
1.07461e-05 3.29648e+52 3.29648e+52 3.29769e+52 3.29866e+52 3.29866e+52 6.31204e+50 0 1.47249e+48 3.76508e+47 4.64348e+42 0 0 1
1.24094e-05 2.61699e+52 2.61699e+52 2.6177e+52 2.61836e+52 2.61837e+52 4.98982e+50 0 1.7004e+48 3.26073e+47 4.64348e+42 0 0 1
1.43301e-05 2.07091e+52 2.07091e+52 2.07133e+52 2.07179e+52 2.07179e+52 3.9317e+50 0 1.96359e+48 2.82388e+47 4.64348e+42 0 0 1
1.65482e-05 1.63351e+52 1.63351e+52 1.63376e+52 1.63407e+52 1.63407e+52 3.08764e+50 0 2.26752e+48 2.44551e+47 4.64348e+42 0 0 1
1.91095e-05 1.28434e+52 1.28434e+52 1.28448e+52 1.28469e+52 1.28469e+52 2.41658e+50 0 2.61848e+48 2.1178e+47 4.64348e+42 0 0 1
2.20673e-05 1.00655e+52 1.00655e+52 1.00663e+52 1.00678e+52 1.00678e+52 1.88488e+50 0 3.02377e+48 1.834e+47 4.64348e+42 0 0 1
2.5483e-05 7.86307e+51 7.86307e+51 7.86354e+51 7.86452e+51 7.86452e+51 1.46509e+50 0 3.49179e+48 1.58821e+47 4.64348e+42 0 0 1
2.94273e-05 6.12295e+51 6.12295e+51 6.12322e+51 6.12388e+51 6.12388e+51 1.13485e+50 0 4.03225e+48 1.37535e+47 4.64348e+42 0 0 1
3.39821e-05 4.75286e+51 4.75286e+51 4.75302e+51 4.75346e+51 4.75346e+51 8.76031e+49 0 4.65636e+48 1.19102e+47 4.64348e+42 0 0 1
3.92419e-05 3.67785e+51 3.67785e+51 3.67794e+51 3.67824e+51 3.67824e+51 6.73947e+49 0 5.37706e+48 1.03139e+47 4.64348e+42 0 0 1
4.53158e-05 2.83728e+51 2.83728e+51 2.83734e+51 2.83753e+51 2.83753e+51 5.16762e+49 0 6.20931e+48 8.93153e+46 4.64348e+42 0 0 1
5.23299e-05 2.18227e+51 2.18227e+51 2.1823e+51 2.18243e+51 2.18243e+51 3.94965e+49 0 7.17037e+48 7.73442e+46 4.64348e+42 0 0 1
6.04296e-05 1.67357e+51 1.67357e+51 1.67359e+51 1.67368e+51 1.67368e+51 3.00944e+49 0 8.28017e+48 6.69776e+46 4.64348e+42 0 0 1
6.97831e-05 1.27982e+51 1.27982e+51 1.27983e+51 1.27989e+51 1.27989e+51 2.28635e+49 0 9.56174e+48 5.80003e+46 4.64348e+42 0 0 1
8.05842e-05 9.76031e+50 9.76031e+50 9.76036e+50 9.76074e+50 9.76074e+50 1.73221e+49 0 1.10417e+49 5.02263e+46 4.64348e+42 0 0 1
9.30572e-05 7.42396e+50 7.42396e+50 7.42399e+50 7.42425e+50 7.42425e+50 1.30902e+49 0 1.27506e+49 4.34943e+46 4.64348e+42 0 0 1
0.000107461 5.63271e+50 5.63271e+50 5.63273e+50 5.63289e+50 5.63289e+50 9.86891e+48 0 1.47241e+49 3.76645e+46 4.64348e+42 0 0 1
0.000124094 4.26348e+50 4.26348e+50 4.26349e+50 4.2636e+50 4.2636e+50 7.42433e+48 0 1.70029e+49 3.26161e+46 4.64348e+42 0 0 1
0.000143301 3.21986e+50 3.21986e+50 3.21986e+50 3.21993e+50 3.21993e+50 5.57446e+48 0 1.96344e+49 2.82444e+46 4.64348e+42 0 0 1
0.000165482 2.42662e+50 2.42662e+50 2.42662e+50 2.42667e+50 2.42667e+50 4.17825e+48 0 2.26732e+49 2.44587e+46 4.64348e+42 0 0 1
0.000191095 1.82527e+50 1.82527e+50 1.82527e+50 1.8253e+50 1.8253e+50 3.12695e+48 0 2.61822e+49 2.11804e+46 4.64348e+42 0 0 1
0.000220673 1.37053e+50 1.37053e+50 1.37053e+50 1.37055e+50 1.37055e+50 2.33702e+48 0 3.02342e+49 1.83414e+46 4.64348e+42 0 0 1
0.00025483 1.02746e+50 1.02746e+50 1.02746e+50 1.02747e+50 1.02747e+50 1.74462e+48 0 3.49133e+49 1.5883e+46 4.64348e+42 0 0 1
0.000294273 7.6919e+49 7.6919e+49 7.69191e+49 7.69199e+49 7.69199e+49 1.30109e+48 0 4.03163e+49 1.37541e+46 4.64348e+42 0 0 1
0.000339821 5.75146e+49 5.75146e+49 5.75146e+49 5.75151e+49 5.75151e+49 9.69511e+47 0 4.65553e+49 1.19106e+46 4.64348e+42 0 0 1
0.000392419 4.29613e+49 4.29613e+49 4.29613e+49 4.29617e+49 4.29617e+49 7.21943e+47 0 5.37596e+49 1.03142e+46 4.64348e+42 0 0 1
0.000453158 3.20637e+49 3.20637e+49 3.20637e+49 3.20639e+49 3.20639e+49 5.37303e+47 0 6.20784e+49 8.93169e+45 4.64348e+42 0 0 1
0.000523299 2.39145e+49 2.39145e+49 2.39145e+49 2.39146e+49 2.39146e+49 3.99724e+47 0 7.16841e+49 7.73452e+45 4.64348e+42 0 0 1
0.000604296 1.78276e+49 1.78276e+49 1.78276e+49 1.78277e+49 1.78277e+49 2.97291e+47 0 8.27756e+49 6.69782e+45 4.64348e+42 0 0 1
0.000697831 1.32856e+49 1.32856e+49 1.32856e+49 1.32857e+49 1.32857e+49 2.21072e+47 0 9.55826e+49 5.80007e+45 4.64348e+42 0 0 1
0.000805842 9.89886e+48 9.89886e+48 9.89886e+48 9.8989e+48 9.8989e+48 1.64388e+47 0 1.1037e+50 5.02266e+45 4.64348e+42 0 0 1
0.000930572 7.37504e+48 7.37504e+48 7.37504e+48 7.37507e+48 7.37507e+48 1.22246e+47 0 1.27444e+50 4.34944e+45 4.64348e+42 0 0 1
0.00107461 5.49505e+48 5.49505e+48 5.49505e+48 5.49507e+48 5.49507e+48 9.09229e+46 0 1.47158e+50 3.76646e+45 4.64348e+42 0 0 1
0.00124094 4.09501e+48 4.09501e+48 4.09501e+48 4.09502e+48 4.09502e+48 6.76438e+46 0 1.69919e+50 3.26162e+45 4.64348e+42 0 0 1
0.00143301 3.05251e+48 3.05251e+48 3.05251e+48 3.05252e+48 3.05252e+48 5.03429e+46 0 1.96198e+50 2.82445e+45 4.64348e+42 0 0 1
0.00165482 2.27625e+48 2.27625e+48 2.27625e+48 2.27626e+48 2.27626e+48 3.74838e+46 0 2.26536e+50 2.44587e+45 4.64348e+42 0 0 1
0.00191095 1.69817e+48 1.69817e+48 1.69817e+48 1.69817e+48 1.69817e+48 2.7924e+46 0 2.61561e+50 2.11804e+45 4.64348e+42 0 0 1
0.00220673 1.26758e+48 1.26758e+48 1.26758e+48 1.26758e+48 1.26758e+48 2.08151e+46 0 3.01994e+50 1.83414e+45 4.64348e+42 0 0 1
0.0025483 9.46758e+47 9.46758e+47 9.46758e+47 9.46759e+47 9.46759e+47 1.55267e+46 0 3.48668e+50 1.5883e+45 4.64348e+42 0 0 1
0.00294273 7.07628e+47 7.07628e+47 7.07628e+47 7.07629e+47 7.07629e+47 1.15907e+46 0 4.02544e+50 1.37541e+45 4.64348e+42 0 0 1
0.00339821 5.29308e+47 5.29308e+47 5.29308e+47 5.29309e+47 5.29309e+47 8.65985e+45 0 4.64727e+50 1.19106e+45 4.64348e+42 0 0 1
0.00392419 3.96262e+47 3.96262e+47 3.96262e+47 3.96262e+47 3.96262e+47 6.47607e+45 0 5.36495e+50 1.03142e+45 4.64348e+42 0 0 1
0.00453158 2.96934e+47 2.96934e+47 2.96934e+47 2.96934e+47 2.96934e+47 4.84783e+45 0 6.19316e+50 8.93169e+44 4.64348e+42 0 0 1
0.00523299 2.22729e+47 2.22729e+47 2.22729e+47 2.22729e+47 2.22729e+47 3.63289e+45 0 7.14884e+50 7.73452e+44 4.64348e+42 0 0 1
0.00604296 1.6725e+47 1.6725e+47 1.6725e+47 1.6725e+47 1.6725e+47 2.7256e+45 0 8.25146e+50 6.69782e+44 4.64348e+42 0 0 1
0.00697831 1.25737e+47 1.25737e+47 1.25737e+47 1.25737e+47 1.25737e+47 2.04744e+45 0 9.52347e+50 5.80007e+44 4.64348e+42 0 0 1
0.00805842 9.46465e+46 9.46465e+46 9.46465e+46 9.46466e+46 9.46466e+46 1.54005e+45 0 1.09906e+51 5.02266e+44 4.64348e+42 0 0 1
0.00930572 7.13392e+46 7.13392e+46 7.13392e+46 7.13392e+46 7.13392e+46 1.16004e+45 0 1.26826e+51 4.34944e+44 4.64348e+42 0 0 1
0.0107461 5.38481e+46 5.38481e+46 5.38481e+46 5.38481e+46 5.38481e+46 8.75111e+44 0 1.46334e+51 3.76646e+44 4.64348e+42 0 0 1
0.0124094 4.07069e+46 4.07069e+46 4.07069e+46 4.07069e+46 4.07069e+46 6.61212e+44 0 1.6882e+51 3.26162e+44 4.64348e+42 0 0 1
0.0143301 3.08219e+46 3.08219e+46 3.08219e+46 3.08219e+46 3.08219e+46 5.00433e+44 0 1.94733e+51 2.82445e+44 4.64348e+42 0 0 1
0.0165482 2.33766e+46 2.33766e+46 2.33766e+46 2.33766e+46 2.33766e+46 3.79416e+44 0 2.24584e+51 2.44587e+44 4.64348e+42 0 0 1
0.0191095 1.77611e+46 1.77611e+46 1.77611e+46 1.77611e+46 1.77611e+46 2.88195e+44 0 2.58959e+51 2.11804e+44 4.64348e+42 0 0 1
0.0220673 1.35195e+46 1.35195e+46 1.35195e+46 1.35195e+46 1.35195e+46 2.1933e+44 0 2.98526e+51 1.83414e+44 4.64348e+42 0 0 1
0.025483 1.03109e+46 1.03109e+46 1.03109e+46 1.03109e+46 1.03109e+46 1.67256e+44 0 3.44047e+51 1.5883e+44 4.64348e+42 0 0 1
0.0294273 7.87958e+45 7.87958e+45 7.87958e+45 7.87958e+45 7.87958e+45 1.27814e+44 0 3.96386e+51 1.37541e+44 4.64348e+42 0 0 1
0.0339821 6.03419e+45 6.03419e+45 6.03419e+45 6.03419e+45 6.03419e+45 9.7885e+43 0 4.56524e+51 1.19106e+44 4.64348e+42 0 0 1
0.0392419 4.631e+45 4.631e+45 4.631e+45 4.631e+45 4.631e+45 7.51324e+43 0 5.25568e+51 1.03141e+44 4.64348e+42 0 0 1
0.0453158 3.56203e+45 3.56203e+45 3.56203e+45 3.56203e+45 3.56203e+45 5.78016e+43 0 6.04763e+51 8.93168e+43 4.64348e+42 0 0 1
0.0523299 2.74609e+45 2.74609e+45 2.74609e+45 2.74609e+45 2.74609e+45 4.45736e+43 0 6.95507e+51 7.73452e+43 4.64348e+42 0 0 1
0.0604296 2.122e+45 2.122e+45 2.122e+45 2.122e+45 2.122e+45 3.44558e+43 0 7.99352e+51 6.69781e+43 4.64348e+42 0 0 1
0.0697831 1.64366e+45 1.64366e+45 1.64366e+45 1.64366e+45 1.64366e+45 2.66998e+43 0 9.18019e+51 5.80007e+43 4.64348e+42 0 0 1
0.0805842 1.27622e+45 1.27622e+45 1.27622e+45 1.27622e+45 1.27622e+45 2.0741e+43 0 1.05339e+52 5.02265e+43 4.64348e+42 0 0 1
0.0930572 9.93327e+44 9.93327e+44 9.93327e+44 9.93327e+44 9.93327e+44 1.61521e+43 0 1.20752e+52 4.34944e+43 4.64348e+42 0 0 1
0.107461 7.75028e+44 7.75028e+44 7.75028e+44 7.75029e+44 7.75029e+44 1.26098e+43 0 1.38259e+52 3.76645e+43 4.64348e+42 0 0 1
0.124094 6.06173e+44 6.06173e+44 6.06173e+44 6.06173e+44 6.06173e+44 9.86874e+42 0 1.58092e+52 3.26161e+43 4.64348e+42 0 0 1
0.143301 4.75246e+44 4.75246e+44 4.75246e+44 4.75246e+44 4.75246e+44 7.74239e+42 0 1.80486e+52 2.82444e+43 4.64348e+42 0 0 1
0.165482 3.73478e+44 3.73478e+44 3.73478e+44 3.73478e+44 3.73478e+44 6.08874e+42 0 2.05678e+52 2.44586e+43 4.64348e+42 0 0 1
0.191095 2.94178e+44 2.94178e+44 2.94178e+44 2.94178e+44 2.94178e+44 4.79944e+42 0 2.3389e+52 2.11803e+43 4.64348e+42 0 0 1
0.220673 2.32232e+44 2.32232e+44 2.32232e+44 2.32232e+44 2.32232e+44 3.79166e+42 0 2.65315e+52 1.83414e+43 4.64348e+42 0 0 1
0.25483 1.83721e+44 1.83721e+44 1.83721e+44 1.83721e+44 1.83721e+44 3.00194e+42 0 3.00095e+52 1.5883e+43 4.64348e+42 0 0 1
0.294273 1.45638e+44 1.45638e+44 1.45638e+44 1.45638e+44 1.45638e+44 2.38153e+42 0 3.38293e+52 1.37541e+43 4.64348e+42 0 0 1
0.339821 1.15668e+44 1.15668e+44 1.15668e+44 1.15668e+44 1.15668e+44 1.89295e+42 0 3.79851e+52 1.19105e+43 4.64348e+42 0 0 1
0.392419 9.20275e+43 9.20275e+43 9.20275e+43 9.20275e+43 9.20275e+43 1.50725e+42 0 4.24545e+52 1.03141e+43 4.64348e+42 0 0 1
0.453158 7.3336e+43 7.3336e+43 7.3336e+43 7.3336e+43 7.3336e+43 1.20206e+42 0 4.71923e+52 8.93162e+42 4.64348e+42 0 0 1
0.523299 5.85249e+43 5.85249e+43 5.85249e+43 5.85249e+43 5.85249e+43 9.60046e+41 0 5.21239e+52 7.73445e+42 4.64348e+42 0 0 1
0.604296 4.6764e+43 4.6764e+43 4.6764e+43 4.6764e+43 4.6764e+43 7.67721e+41 0 5.71369e+52 6.69775e+42 4.64348e+42 0 0 1
0.697831 3.74067e+43 3.74067e+43 3.74067e+43 3.74067e+43 3.74067e+43 6.14584e+41 0 6.20736e+52 5.8e+42 4.64348e+42 0 0 1
0.805842 2.99484e+43 2.99484e+43 2.99484e+43 2.99484e+43 2.99484e+43 4.9243e+41 0 6.67239e+52 5.02259e+42 4.64348e+42 0 0 1
0.930572 2.39937e+43 2.39937e+43 2.39937e+43 2.39937e+43 2.39937e+43 3.9483e+41 0 7.08208e+52 4.34937e+42 4.64348e+42 0 0 1
1.07461 1.92325e+43 1.92325e+43 1.92325e+43 1.92325e+43 1.92325e+43 3.16737e+41 0 7.40426e+52 3.76639e+42 4.64348e+42 0 0 1
1.24094 1.54208e+43 1.54208e+43 1.54208e+43 1.54208e+43 1.54208e+43 2.54172e+41 0 7.60248e+52 3.26155e+42 4.64348e+42 0 0 1
1.43301 1.23659e+43 1.23659e+43 1.23659e+43 1.23659e+43 1.23659e+43 2.03996e+41 0 7.63864e+52 2.82438e+42 4.64348e+42 0 0 1
1.65482 9.91551e+42 9.91551e+42 9.91551e+42 9.91551e+42 9.91551e+42 1.6372e+41 0 7.47769e+52 2.4458e+42 4.64348e+42 0 0 1
1.91095 7.94864e+42 7.94864e+42 7.94864e+42 7.94864e+42 7.94864e+42 1.31369e+41 0 7.0944e+52 2.11796e+42 4.64348e+42 0 0 1
2.20673 6.36922e+42 6.36922e+42 6.36922e+42 6.36922e+42 6.36922e+42 1.05371e+41 0 6.48188e+52 1.83407e+42 4.64348e+42 0 0 1
2.5483 5.10064e+42 5.10064e+42 5.10064e+42 5.10064e+42 5.10064e+42 8.44715e+40 0 5.66011e+52 1.58823e+42 4.64348e+42 0 0 1
2.94273 4.0817e+42 4.0817e+42 4.0817e+42 4.0817e+42 4.0817e+42 6.76682e+40 0 4.6815e+52 1.37534e+42 4.64348e+42 0 0 1
3.39821 3.26342e+42 3.26342e+42 3.26342e+42 3.26342e+42 3.26342e+42 5.41585e+40 0 3.62922e+52 1.19099e+42 4.64348e+42 0 0 1
3.92419 2.60655e+42 2.60655e+42 2.60655e+42 2.60655e+42 2.60655e+42 4.32994e+40 0 2.60511e+52 1.03134e+42 4.64348e+42 0 0 1
4.53158 2.07958e+42 2.07958e+42 2.07958e+42 2.07958e+42 2.07958e+42 3.45752e+40 0 1.70759e+52 8.93096e+41 4.64348e+42 0 0 1
5.23299 1.65716e+42 1.65716e+42 1.65716e+42 1.65716e+42 1.65716e+42 2.75716e+40 0 1.00607e+52 7.7338e+41 4.64348e+42 0 0 1
6.04296 1.31892e+42 1.31892e+42 1.31892e+42 1.31892e+42 1.31892e+42 2.19556e+40 0 5.2337e+51 6.69709e+41 4.64348e+42 0 0 1
6.97831 1.0484e+42 1.0484e+42 1.0484e+42 1.0484e+42 1.0484e+42 1.74584e+40 0 2.35591e+51 5.79935e+41 4.64348e+42 0 0 1
8.05842 8.32347e+41 8.32347e+41 8.32347e+41 8.32347e+41 8.32347e+41 1.38631e+40 0 8.96833e+50 5.02193e+41 4.64348e+42 0 0 1
9.30572 6.60043e+41 6.60043e+41 6.60043e+41 6.60043e+41 6.60043e+41 1.09939e+40 0 2.81238e+50 4.34871e+41 4.64348e+42 0 0 1
10.7461 5.22838e+41 5.22838e+41 5.22838e+41 5.22838e+41 5.22838e+41 8.70847e+39 0 7.04952e+49 3.76573e+41 4.64348e+42 0 0 1
12.4094 4.13749e+41 4.13749e+41 4.13749e+41 4.13749e+41 4.13749e+41 6.89153e+39 0 1.36425e+49 3.26089e+41 4.64348e+42 0 0 1
14.3301 3.27142e+41 3.27142e+41 3.27142e+41 3.27142e+41 3.27142e+41 5.44973e+39 0 1.95831e+48 2.82372e+41 4.64348e+42 0 0 1
16.5482 2.5848e+41 2.5848e+41 2.5848e+41 2.5848e+41 2.5848e+41 4.30756e+39 0 1.99085e+47 2.44514e+41 4.64348e+42 0 0 1
19.1095 2.0411e+41 2.0411e+41 2.0411e+41 2.0411e+41 2.0411e+41 3.40399e+39 0 1.35885e+46 2.11731e+41 4.64348e+42 0 0 1
22.0673 1.61102e+41 1.61102e+41 1.61102e+41 1.61102e+41 1.61102e+41 2.68985e+39 0 5.85471e+44 1.83342e+41 4.64348e+42 0 0 1
25.483 1.27108e+41 1.27108e+41 1.27108e+41 1.27108e+41 1.27108e+41 2.12572e+39 0 1.48289e+43 1.58758e+41 4.64348e+42 0 0 1
29.4273 1.00255e+41 1.00255e+41 1.00255e+41 1.00255e+41 1.00255e+41 1.68015e+39 0 2.03363e+41 1.37469e+41 4.64348e+42 0 0 1
33.9821 7.90538e+40 7.90538e+40 7.90538e+40 7.90538e+40 7.90538e+40 1.3282e+39 0 1.37326e+39 1.19033e+41 4.64348e+42 0 0 1
39.2419 6.23203e+40 6.23203e+40 6.23203e+40 6.23203e+40 6.23203e+40 1.05015e+39 0 4.09193e+36 1.03069e+41 4.64348e+42 0 0 1
45.3158 4.91179e+40 4.91179e+40 4.91179e+40 4.91179e+40 4.91179e+40 8.30461e+38 0 4.74029e+33 8.92441e+40 4.64348e+42 0 0 1
52.3299 3.87044e+40 3.87044e+40 3.87044e+40 3.87044e+40 3.87044e+40 6.56857e+38 0 1.84448e+30 7.72724e+40 4.64348e+42 0 0 1
60.4296 3.0493e+40 3.0493e+40 3.0493e+40 3.0493e+40 3.0493e+40 5.19655e+38 0 2.0361e+26 6.69054e+40 4.64348e+42 0 0 1
69.7831 2.40193e+40 2.40193e+40 2.40193e+40 2.40193e+40 2.40193e+40 4.11205e+38 0 5.2468e+21 5.79279e+40 4.64348e+42 0 0 1
80.5842 1.89166e+40 1.89166e+40 1.89166e+40 1.89166e+40 1.89166e+40 3.25466e+38 0 2.51977e+16 5.01538e+40 4.64348e+42 0 0 1
93.0572 1.48952e+40 1.48952e+40 1.48952e+40 1.48952e+40 1.48952e+40 2.57667e+38 0 1.73887e+10 4.34216e+40 4.64348e+42 0 0 1
107.461 1.17264e+40 1.17264e+40 1.17264e+40 1.17264e+40 1.17264e+40 2.04041e+38 0 1277.02 3.75918e+40 4.64348e+42 0 0 1
124.094 9.22974e+39 9.22974e+39 9.22974e+39 9.22974e+39 9.22974e+39 1.61615e+38 0 7.05599e-06 3.25434e+40 4.64348e+42 0 0 1
143.301 7.26299e+39 7.26299e+39 7.26299e+39 7.26299e+39 7.26299e+39 1.2804e+38 0 1.96533e-15 2.81717e+40 4.64348e+42 0 0 1
165.482 5.7139e+39 5.7139e+39 5.7139e+39 5.7139e+39 5.7139e+39 1.01463e+38 0 1.73781e-26 2.4386e+40 4.64348e+42 0 0 1
191.095 4.49395e+39 4.49395e+39 4.49395e+39 4.49395e+39 4.49395e+39 8.04197e+37 0 2.8599e-39 2.11076e+40 4.64348e+42 0 0 1
220.673 3.53339e+39 3.53339e+39 3.53339e+39 3.53339e+39 3.53339e+39 6.3753e+37 0 4.72795e-54 1.82687e+40 4.64348e+42 0 0 1
254.83 2.77721e+39 2.77721e+39 2.77721e+39 2.77721e+39 2.77721e+39 5.05494e+37 0 3.85221e-71 1.58103e+40 4.64348e+42 0 0 1
294.273 2.18206e+39 2.18206e+39 2.18206e+39 2.18206e+39 2.18206e+39 4.00868e+37 0 6.79727e-91 1.36815e+40 4.64348e+42 0 0 1
339.821 1.71378e+39 1.71378e+39 1.71378e+39 1.71378e+39 1.71378e+39 3.17942e+37 0 1.00495e-113 1.1838e+40 4.64348e+42 0 0 1
392.419 1.34541e+39 1.34541e+39 1.34541e+39 1.34541e+39 1.34541e+39 2.522e+37 0 4.15821e-140 1.02415e+40 4.64348e+42 0 0 1
453.158 1.05574e+39 1.05574e+39 1.05574e+39 1.05574e+39 1.05574e+39 2.00072e+37 0 1.35728e-170 8.85912e+39 4.64348e+42 0 0 1
523.299 8.28033e+38 8.28033e+38 8.28033e+38 8.28033e+38 8.28033e+38 1.58729e+37 0 8.09775e-206 7.662e+39 4.64348e+42 0 0 1
604.296 6.49103e+38 6.49103e+38 6.49104e+38 6.49104e+38 6.49104e+38 1.25936e+37 0 1.63164e-246 6.62535e+39 4.64348e+42 0 0 1
697.831 5.08564e+38 5.08564e+38 5.08564e+38 5.08564e+38 5.08564e+38 9.99198e+36 0 0 5.72766e+39 4.64348e+42 0 0 1
805.842 3.98229e+38 3.98229e+38 3.98229e+38 3.98229e+38 3.98229e+38 7.9278e+36 0 0 4.95031e+39 4.64348e+42 0 0 1
930.572 3.1165e+38 3.1165e+38 3.11651e+38 3.11651e+38 3.11651e+38 6.28985e+36 0 0 4.27718e+39 4.64348e+42 0 0 1
1074.61 2.4375e+38 2.4375e+38 2.4375e+38 2.4375e+38 2.4375e+38 4.99004e+36 0 0 3.69429e+39 4.64348e+42 0 0 1
1240.94 1.90527e+38 1.90527e+38 1.90527e+38 1.90527e+38 1.90527e+38 3.9585e+36 0 0 3.18956e+39 4.64348e+42 0 0 1
1433.01 1.48835e+38 1.48835e+38 1.48835e+38 1.48835e+38 1.48835e+38 3.13984e+36 0 0 2.75251e+39 4.64348e+42 0 0 1
1654.82 1.16196e+38 1.16196e+38 1.16196e+38 1.16196e+38 1.16196e+38 2.49013e+36 0 0 2.37408e+39 4.64348e+42 0 0 1
1910.95 9.06604e+37 9.06604e+37 9.06604e+37 9.06604e+37 9.06604e+37 1.97453e+36 0 0 2.04641e+39 4.64348e+42 0 0 1
2206.73 7.06956e+37 7.06956e+37 7.06956e+37 7.06956e+37 7.06956e+37 1.56537e+36 0 0 1.7627e+39 4.64348e+42 0 0 1
2548.3 5.50967e+37 5.50967e+37 5.50967e+37 5.50967e+37 5.50967e+37 1.24071e+36 0 0 1.51708e+39 4.64348e+42 0 0 1
2942.73 4.29172e+37 4.29172e+37 4.29173e+37 4.29173e+37 4.29173e+37 9.8312e+35 0 0 1.30444e+39 4.64348e+42 0 0 1
3398.21 3.34139e+37 3.34139e+37 3.3414e+37 3.3414e+37 3.3414e+37 7.78782e+35 0 0 1.12038e+39 4.64348e+42 0 0 1
3924.19 2.60035e+37 2.60035e+37 2.60036e+37 2.60036e+37 2.60036e+37 6.16713e+35 0 0 9.61061e+38 4.64348e+42 0 0 1
4531.58 2.02288e+37 2.02288e+37 2.02288e+37 2.02288e+37 2.02288e+37 4.88192e+35 0 0 8.23193e+38 4.64348e+42 0 0 1
5232.99 1.57312e+37 1.57312e+37 1.57312e+37 1.57312e+37 1.57312e+37 3.86299e+35 0 0 7.03911e+38 4.64348e+42 0 0 1
6042.96 1.22303e+37 1.22303e+37 1.22303e+37 1.22303e+37 1.22303e+37 3.05536e+35 0 0 6.00737e+38 4.64348e+42 0 0 1
6978.31 9.50646e+36 9.50646e+36 9.50648e+36 9.50648e+36 9.50648e+36 2.41538e+35 0 0 5.1153e+38 4.64348e+42 0 0 1
8058.42 7.38816e+36 7.38816e+36 7.38818e+36 7.38818e+36 7.38818e+36 1.90841e+35 0 0 4.34436e+38 4.64348e+42 0 0 1
9305.72 5.74134e+36 5.74134e+36 5.74135e+36 5.74135e+36 5.74135e+36 1.50694e+35 0 0 3.67852e+38 4.64348e+42 0 0 1
10746.1 4.46139e+36 4.46139e+36 4.4614e+36 4.4614e+36 4.4614e+36 1.18914e+35 0 0 3.10393e+38 4.64348e+42 0 0 1
12409.4 3.46677e+36 3.46677e+36 3.46678e+36 3.46678e+36 3.46678e+36 9.37661e+34 0 0 2.60859e+38 4.64348e+42 0 0 1
14330.1 2.69395e+36 2.69395e+36 2.69396e+36 2.69396e+36 2.69396e+36 7.38769e+34 0 0 2.18217e+38 4.64348e+42 0 0 1
16548.2 2.09348e+36 2.09348e+36 2.09348e+36 2.09348e+36 2.09348e+36 5.81546e+34 0 0 1.81571e+38 4.64348e+42 0 0 1
19109.5 1.62688e+36 1.62688e+36 1.62689e+36 1.62689e+36 1.62689e+36 4.57336e+34 0 0 1.50148e+38 4.64348e+42 0 0 1
22067.3 1.26428e+36 1.26428e+36 1.26428e+36 1.26428e+36 1.26428e+36 3.59271e+34 0 0 1.2328e+38 4.64348e+42 0 0 1
25483 9.8243e+35 9.8243e+35 9.82434e+35 9.82434e+35 9.82434e+35 2.81905e+34 0 0 1.00389e+38 4.64348e+42 0 0 1
29427.3 7.6331e+35 7.6331e+35 7.63314e+35 7.63314e+35 7.63314e+35 2.20917e+34 0 0 8.09742e+37 4.64348e+42 0 0 1
33982.1 5.92923e+35 5.92923e+35 5.92926e+35 5.92926e+35 5.92926e+35 1.72883e+34 0 0 6.46002e+37 4.64348e+42 0 0 1
39241.9 4.60406e+35 4.60406e+35 4.60409e+35 4.60409e+35 4.60409e+35 1.35088e+34 0 0 5.08872e+37 4.64348e+42 0 0 1
45315.8 3.5733e+35 3.5733e+35 3.57332e+35 3.57332e+35 3.57332e+35 1.0538e+34 0 0 3.95019e+37 4.64348e+42 0 0 1
52329.9 2.77152e+35 2.77152e+35 2.77155e+35 2.77155e+35 2.77155e+35 8.20566e+33 0 0 3.01492e+37 4.64348e+42 0 0 1
60429.6 2.14793e+35 2.14793e+35 2.14795e+35 2.14795e+35 2.14795e+35 6.37695e+33 0 0 2.25656e+37 4.64348e+42 0 0 1
69783.1 1.66303e+35 1.66303e+35 1.66305e+35 1.66305e+35 1.66305e+35 4.9452e+33 0 0 1.65126e+37 4.64348e+42 0 0 1
80584.2 1.28615e+35 1.28615e+35 1.28617e+35 1.28617e+35 1.28617e+35 3.82608e+33 0 0 1.17724e+37 4.64348e+42 0 0 1
93057.2 9.93397e+34 9.93397e+34 9.93409e+34 9.93409e+34 9.93409e+34 2.95294e+33 0 0 8.14405e+36 4.64348e+42 0 0 1
107461 7.66172e+34 7.66172e+34 7.66182e+34 7.66182e+34 7.66182e+34 2.27311e+33 0 0 5.44156e+36 4.64348e+42 0 0 1
124094 5.89984e+34 5.89984e+34 5.89992e+34 5.89992e+34 5.89992e+34 1.74502e+33 0 0 3.49281e+36 4.64348e+42 0 0 1
143301 4.53531e+34 4.53531e+34 4.53537e+34 4.53537e+34 4.53537e+34 1.33582e+33 0 0 2.14041e+36 4.64348e+42 0 0 1
165482 3.47997e+34 3.47997e+34 3.48002e+34 3.48002e+34 3.48002e+34 1.01963e+33 0 0 1.2433e+36 4.64348e+42 0 0 1
191095 2.66503e+34 2.66503e+34 2.66507e+34 2.66507e+34 2.66507e+34 7.76011e+32 0 0 6.78907e+35 4.64348e+42 0 0 1
220673 2.03681e+34 2.03681e+34 2.03684e+34 2.03684e+34 2.03684e+34 5.88891e+32 0 0 3.45183e+35 4.64348e+42 0 0 1
254830 1.55343e+34 1.55343e+34 1.55346e+34 1.55346e+34 1.55346e+34 4.45625e+32 0 0 1.61619e+35 4.64348e+42 0 0 1
294273 1.18225e+34 1.18225e+34 1.18227e+34 1.18227e+34 1.18227e+34 3.36289e+32 0 0 6.88018e+34 4.64348e+42 0 0 1
339821 8.97816e+33 8.97816e+33 8.97831e+33 8.97831e+33 8.97831e+33 2.53119e+32 0 0 2.62406e+34 4.64348e+42 0 0 1
392419 6.80333e+33 6.80333e+33 6.80345e+33 6.80345e+33 6.80345e+33 1.90051e+32 0 0 8.8151e+33 4.64348e+42 0 0 1
453158 5.14418e+33 5.14418e+33 5.14427e+33 5.14427e+33 5.14427e+33 1.42375e+32 0 0 2.55756e+33 4.64348e+42 0 0 1
523299 3.88133e+33 3.88133e+33 3.8814e+33 3.8814e+33 3.8814e+33 1.06437e+32 9.04747e+29 0 6.26498e+32 4.64348e+42 0 0 1
604296 2.92236e+33 2.92236e+33 2.92241e+33 2.92241e+33 2.92241e+33 7.94203e+31 9.08653e+29 0 1.2622e+32 4.64348e+42 0 0 1
697831 2.19585e+33 2.19585e+33 2.19589e+33 2.19589e+33 2.19589e+33 5.91614e+31 9.12559e+29 0 2.02916e+31 4.64348e+42 0 0 1
805842 1.64673e+33 1.64673e+33 1.64676e+33 1.64676e+33 1.64676e+33 4.40041e+31 9.16465e+29 0 2.51369e+30 4.64348e+42 0 0 1
930572 1.23265e+33 1.23265e+33 1.23267e+33 1.23267e+33 1.23267e+33 3.2687e+31 9.20371e+29 0 2.30458e+29 4.64348e+42 0 0 1
1.07461e+06 9.21095e+32 9.21095e+32 9.21111e+32 9.21111e+32 9.21111e+32 2.42526e+31 9.24866e+29 0 1.49253e+28 4.64348e+42 0 0 1
1.24094e+06 6.87202e+32 6.87202e+32 6.87213e+32 6.87213e+32 6.87213e+32 1.7977e+31 9.26093e+29 0 6.47064e+26 4.64348e+42 0 0 1
1.43301e+06 5.11973e+32 5.11973e+32 5.11981e+32 5.11981e+32 5.11981e+32 1.33143e+31 9.27662e+29 0 1.76474e+25 4.64348e+42 0 0 1
1.65482e+06 3.80952e+32 3.80952e+32 3.80957e+32 3.80957e+32 3.80957e+32 9.85425e+30 9.29685e+29 0 2.81816e+23 4.64348e+42 0 0 1
1.91095e+06 2.83159e+32 2.83159e+32 2.83164e+32 2.83164e+32 2.83164e+32 7.28952e+30 9.32493e+29 0 2.42564e+21 4.64348e+42 0 0 1
2.20673e+06 2.10287e+32 2.10287e+32 2.1029e+32 2.1029e+32 2.1029e+32 5.39017e+30 9.36138e+29 0 1.02262e+19 4.64348e+42 0 0 1
2.5483e+06 1.5606e+32 1.5606e+32 1.56062e+32 1.56062e+32 1.56062e+32 3.98468e+30 9.40924e+29 0 1.89083e+16 4.64348e+42 0 0 1
2.94273e+06 1.15757e+32 1.15757e+32 1.15759e+32 1.15759e+32 1.15759e+32 2.94528e+30 9.47207e+29 0 1.34969e+13 4.64348e+42 0 0 1
3.39821e+06 8.58335e+31 8.58335e+31 8.58345e+31 8.58345e+31 8.58345e+31 2.17703e+30 9.55971e+29 0 3.20984e+09 4.64348e+42 0 0 1
3.92419e+06 6.36331e+31 6.36331e+31 6.36338e+31 6.36338e+31 6.36338e+31 1.6094e+30 9.67345e+29 0 214542 4.64348e+42 0 0 1
4.53158e+06 4.71728e+31 4.71728e+31 4.71733e+31 4.71733e+31 4.71733e+31 1.19013e+30 9.82012e+29 0 3.31136 4.64348e+42 0 0 1
5.23299e+06 3.49734e+31 3.49734e+31 3.49737e+31 3.49737e+31 3.49737e+31 8.80504e+29 1.00056e+30 0 9.40674e-06 4.64348e+42 0 0 1
6.04296e+06 2.59343e+31 2.59343e+31 2.59346e+31 2.59346e+31 2.59346e+31 6.51919e+29 1.02515e+30 0 3.78475e-12 4.64348e+42 0 0 1
6.97831e+06 1.92378e+31 1.92378e+31 1.92379e+31 1.92379e+31 1.92379e+31 4.83198e+29 1.05414e+30 0 1.59373e-19 4.64348e+42 0 0 1
8.05842e+06 1.42769e+31 1.42769e+31 1.4277e+31 1.4277e+31 1.4277e+31 3.58732e+29 1.0884e+30 0 4.95284e-28 4.64348e+42 0 0 1
9.30572e+06 1.06018e+31 1.06018e+31 1.06019e+31 1.06019e+31 1.06019e+31 2.67013e+29 1.12721e+30 0 7.58839e-38 4.64348e+42 0 0 1
1.07461e+07 7.87945e+30 7.87945e+30 7.87951e+30 7.87951e+30 7.87951e+30 1.99589e+29 1.1737e+30 0 3.59732e-49 4.64348e+42 0 0 1
1.24094e+07 5.86284e+30 5.86284e+30 5.86287e+30 5.86287e+30 5.86287e+30 1.50137e+29 1.21939e+30 0 3.0811e-62 4.64348e+42 0 0 1
1.43301e+07 4.36924e+30 4.36924e+30 4.36927e+30 4.36927e+30 4.36927e+30 1.14039e+29 1.26402e+30 0 2.56169e-77 4.64348e+42 0 0 1
1.65482e+07 3.2634e+30 3.2634e+30 3.26342e+30 3.26342e+30 3.26342e+30 8.78789e+28 1.30545e+30 0 1.00898e-94 4.64348e+42 0 0 1
1.91095e+07 2.44543e+30 2.44543e+30 2.44544e+30 2.44544e+30 2.44544e+30 6.91934e+28 1.34117e+30 0 8.22214e-115 4.64348e+42 0 0 1
2.20673e+07 1.8404e+30 1.8404e+30 1.84041e+30 1.84041e+30 1.84041e+30 5.5934e+28 1.37198e+30 0 5.32552e-138 4.64348e+42 0 0 1
2.5483e+07 1.39359e+30 1.39359e+30 1.39359e+30 1.39359e+30 1.39359e+30 4.67575e+28 1.3936e+30 0 9.08307e-165 4.64348e+42 0 0 1
2.94273e+07 1.06361e+30 1.06361e+30 1.06361e+30 1.06361e+30 1.06361e+30 4.04786e+28 1.39387e+30 0 1.13908e-195 4.64348e+42 0 0 1
3.39821e+07 8.20145e+29 8.20145e+29 8.20149e+29 8.20149e+29 8.20149e+29 3.62967e+28 1.36898e+30 0 2.40726e-231 4.64348e+42 0 0 1
3.92419e+07 6.39811e+29 6.39811e+29 6.39813e+29 6.39813e+29 6.39813e+29 3.34082e+28 1.31824e+30 0 1.56429e-272 4.64348e+42 0 0 1
4.53158e+07 5.06363e+29 5.06363e+29 5.06365e+29 5.06365e+29 5.06365e+29 3.14734e+28 1.25059e+30 0 0 4.64348e+42 0 0 1
5.23299e+07 4.07126e+29 4.07126e+29 4.07127e+29 4.07127e+29 4.07127e+29 3.00953e+28 1.17259e+30 0 0 4.64348e+42 0 0 1
6.04296e+07 3.32167e+29 3.32167e+29 3.32168e+29 3.32168e+29 3.32168e+29 2.88588e+28 1.07655e+30 0 0 4.64348e+42 0 0 1
6.97831e+07 2.74487e+29 2.74487e+29 2.74488e+29 2.74488e+29 2.74488e+29 2.75428e+28 9.64614e+29 0 0 4.64348e+42 0 0 1
8.05842e+07 2.2927e+29 2.2927e+29 2.29271e+29 2.29271e+29 2.29271e+29 2.60723e+28 8.38652e+29 0 0 4.64348e+42 0 0 1
9.30572e+07 1.92838e+29 1.92838e+29 1.92839e+29 1.92839e+29 1.92839e+29 2.43688e+28 7.03067e+29 0 0 4.64348e+42 0 0 1
1.07461e+08 1.62416e+29 1.62416e+29 1.62417e+29 1.62417e+29 1.62417e+29 2.23655e+28 5.6554e+29 0 0 4.64348e+42 2.99957 0 1
1.24094e+08 1.37113e+29 1.37113e+29 1.37114e+29 1.37114e+29 1.37114e+29 2.02838e+28 4.47647e+29 0 0 4.64348e+42 2.63518 0 1
1.43301e+08 1.15342e+29 1.15342e+29 1.15343e+29 1.15343e+29 1.15343e+29 1.80757e+28 3.48053e+29 0 0 4.64348e+42 2.31505 0 1
1.65482e+08 9.62247e+28 9.62247e+28 9.62251e+28 9.62251e+28 9.62251e+28 1.57753e+28 2.66312e+29 0 0 4.64348e+42 2.03381 0 1
1.91095e+08 7.8791e+28 7.8791e+28 7.87913e+28 7.87913e+28 7.87913e+28 1.33357e+28 1.98552e+29 0 0 4.64348e+42 1.78673 0 1
2.20673e+08 6.40595e+28 6.40595e+28 6.40597e+28 6.40597e+28 6.40597e+28 1.11249e+28 1.48808e+29 0 0 4.64348e+42 1.56967 0 1
2.5483e+08 5.14319e+28 5.14319e+28 5.14321e+28 5.14321e+28 5.14321e+28 9.10347e+27 1.10271e+29 0 0 4.64348e+42 1.37898 0 1
2.94273e+08 4.07289e+28 4.07289e+28 4.07291e+28 4.07291e+28 4.07291e+28 7.30435e+27 8.08121e+28 0 0 4.64348e+42 1.21146 0 1
3.39821e+08 3.15418e+28 3.15418e+28 3.15419e+28 3.15419e+28 3.15419e+28 5.68865e+27 5.81724e+28 0 0 4.64348e+42 1.11124 0 1
3.92419e+08 2.43781e+28 2.43781e+28 2.43782e+28 2.43782e+28 2.43782e+28 4.41576e+27 4.25592e+28 0 0 4.64348e+42 1.06429 0 1
4.53158e+08 1.86361e+28 1.86361e+28 1.86362e+28 1.86362e+28 1.86362e+28 3.37783e+27 3.09935e+28 0 0 4.64348e+42 1.01932 0 1
5.23299e+08 1.40693e+28 1.40693e+28 1.40694e+28 1.40694e+28 1.40694e+28 2.54128e+27 2.2477e+28 0 0 4.64348e+42 0.976247 0 1
6.04296e+08 1.05221e+28 1.05221e+28 1.05221e+28 1.05221e+28 1.05221e+28 1.88761e+27 1.61287e+28 0 0 4.64348e+42 0.934996 0 1
6.97831e+08 7.95051e+27 7.95051e+27 7.95054e+27 7.95054e+27 7.95054e+27 1.41978e+27 1.18123e+28 0 0 4.64348e+42 0.895488 0 1
8.05842e+08 5.98444e+27 5.98444e+27 5.98447e+27 5.98447e+27 5.98447e+27 1.06186e+27 8.63666e+27 0 0 4.64348e+42 0.857649 0 1
9.30572e+08 4.48391e+27 4.48391e+27 4.48393e+27 4.48393e+27 4.48393e+27 7.88773e+26 6.29964e+27 0 0 4.64348e+42 0.821409 0 1
1.07461e+09 3.33013e+27 3.33013e+27 3.33015e+27 3.33015e+27 3.33015e+27 5.78533e+26 4.52997e+27 0 0 4.64348e+42 0.82437 0 1
1.24094e+09 2.51601e+27 2.51601e+27 2.51603e+27 2.51603e+27 2.51603e+27 4.33658e+26 3.33289e+27 0 0 4.64348e+42 0.866956 0 1
1.43301e+09 1.90448e+27 1.90448e+27 1.90448e+27 1.90448e+27 1.90448e+27 3.25575e+26 2.44558e+27 0 0 4.64348e+42 0.911742 0 1
1.65482e+09 1.43948e+27 1.43948e+27 1.43949e+27 1.43949e+27 1.43949e+27 2.43711e+26 1.78909e+27 0 0 4.64348e+42 0.958842 0 1
1.91095e+09 1.07967e+27 1.07967e+27 1.07968e+27 1.07968e+27 1.07968e+27 1.80313e+26 1.28738e+27 0 0 4.64348e+42 1.00837 0 1
2.20673e+09 8.22345e+26 8.22345e+26 8.22349e+26 8.22349e+26 8.22349e+26 1.36131e+26 9.49239e+26 0 0 4.64348e+42 1.06047 0 1
2.5483e+09 6.25521e+26 6.25521e+26 6.25525e+26 6.25525e+26 6.25525e+26 1.025e+26 6.97966e+26 0 0 4.64348e+42 1.11525 0 1
2.94273e+09 4.74626e+26 4.74626e+26 4.74629e+26 4.74629e+26 4.74629e+26 7.68419e+25 5.1157e+26 0 0 4.64348e+42 1.17286 0 1
3.39821e+09 3.56194e+26 3.56194e+26 3.56196e+26 3.56196e+26 3.56196e+26 5.66473e+25 3.68802e+26 0 0 4.64348e+42 1.23345 0 1
3.92419e+09 2.71458e+26 2.71458e+26 2.7146e+26 2.7146e+26 2.7146e+26 4.26668e+25 2.72123e+26 0 0 4.64348e+42 1.29717 0 1
4.53158e+09 2.06521e+26 2.06521e+26 2.06522e+26 2.06522e+26 2.06522e+26 3.20399e+25 2.00069e+26 0 0 4.64348e+42 1.36418 0 1
5.23299e+09 1.56812e+26 1.56812e+26 1.56813e+26 1.56813e+26 1.56813e+26 2.39825e+25 1.46495e+26 0 0 4.64348e+42 1.43465 0 1
6.04296e+09 1.17639e+26 1.17639e+26 1.1764e+26 1.1764e+26 1.1764e+26 1.76193e+25 1.05593e+26 0 0 4.64348e+42 1.50877 0 1
6.97831e+09 8.95832e+25 8.95832e+25 8.95837e+25 8.95837e+25 8.95837e+25 1.32477e+25 7.78248e+25 0 0 4.64348e+42 1.58671 0 1
8.05842e+09 6.8044e+25 6.8044e+25 6.80444e+25 6.80444e+25 6.80444e+25 9.92876e+24 5.72011e+25 0 0 4.64348e+42 1.66868 0 1
9.30572e+09 5.14498e+25 5.14498e+25 5.14501e+25 5.14501e+25 5.14501e+25 7.39653e+24 4.19247e+25 0 0 4.64348e+42 1.75488 0 1
1.07461e+10 3.84761e+25 3.84761e+25 3.84764e+25 3.84764e+25 3.84764e+25 5.42045e+24 3.03123e+25 0 0 4.64348e+42 1.96901 0 1
1.24094e+10 2.90474e+25 2.90474e+25 2.90476e+25 2.90476e+25 2.90476e+25 4.04232e+24 2.2414e+25 0 0 4.64348e+42 2.35707 0 1
1.43301e+10 2.18155e+25 2.18155e+25 2.18156e+25 2.18156e+25 2.18156e+25 2.99661e+24 1.65319e+25 0 0 4.64348e+42 2.82161 0 1
1.65482e+10 1.63229e+25 1.63229e+25 1.6323e+25 1.6323e+25 1.6323e+25 2.21419e+24 1.21558e+25 0 0 4.64348e+42 3.37771 0 1
1.91095e+10 1.20658e+25 1.20658e+25 1.20658e+25 1.20658e+25 1.20658e+25 1.60757e+24 8.78888e+24 0 0 4.64348e+42 4.0434 0 1
2.20673e+10 9.00452e+24 9.00452e+24 9.00458e+24 9.00458e+24 9.00458e+24 1.1909e+24 6.50236e+24 0 0 4.64348e+42 4.8403 34.7254 1
2.5483e+10 6.68994e+24 6.68994e+24 6.68998e+24 6.68998e+24 6.68998e+24 8.79055e+23 4.7946e+24 0 0 4.64348e+42 5.79425 22.9578 1
2.94273e+10 4.94486e+24 4.94486e+24 4.9449e+24 4.9449e+24 4.9449e+24 6.46555e+23 3.52291e+24 0 0 4.64348e+42 6.93621 15.5417 1
3.39821e+10 3.59687e+24 3.59687e+24 3.5969e+24 3.5969e+24 3.5969e+24 4.66575e+23 2.5412e+24 0 0 4.64348e+42 8.30323 10.7604 1
3.92419e+10 2.61621e+24 2.61621e+24 2.61623e+24 2.61623e+24 2.61623e+24 3.43361e+23 1.87988e+24 0 0 4.64348e+42 9.93967 7.61059 1
4.53158e+10 1.85123e+24 1.85123e+24 1.85125e+24 1.85125e+24 1.85125e+24 2.50138e+23 1.38713e+24 0 0 4.64348e+42 11.8986 5.49245 1
5.23299e+10 1.2531e+24 1.2531e+24 1.25312e+24 1.25312e+24 1.25312e+24 1.80052e+23 1.02058e+24 0 0 4.64348e+42 14.2437 4.04008 1
6.04296e+10 7.94258e+23 7.94258e+23 7.9428e+23 7.9428e+23 7.9428e+23 1.26605e+23 7.37011e+23 0 0 4.64348e+42 17.0509 3.02568 1
6.97831e+10 4.81372e+23 4.81372e+23 4.81393e+23 4.81393e+23 4.81393e+23 9.11418e+22 5.46371e+23 0 0 4.64348e+42 20.4114 2.3047 1
8.05842e+10 2.79189e+23 2.79189e+23 2.79209e+23 2.79209e+23 2.79209e+23 6.58142e+22 4.04044e+23 0 0 4.64348e+42 24.4341 1.78376 1
9.30572e+10 1.58538e+23 1.58538e+23 1.58555e+23 1.58555e+23 1.58555e+23 4.77459e+22 2.9789e+23 0 0 4.64348e+42 29.2497 1.40144 1
1.07461e+11 8.92288e+22 8.92288e+22 8.92424e+22 8.92424e+22 8.92424e+22 3.42058e+22 2.15335e+23 0 0 4.64348e+42 35.0144 1.11671 1
1.24094e+11 5.16379e+22 5.16379e+22 5.16486e+22 5.16486e+22 5.16486e+22 2.5206e+22 1.59761e+23 0 0 4.64348e+42 41.9152 0.901709 1
1.43301e+11 3.05171e+22 3.05171e+22 3.05253e+22 3.05253e+22 3.05253e+22 1.85667e+22 1.18175e+23 0 0 4.64348e+42 50.1761 0.737233 1
1.65482e+11 1.84613e+22 1.84613e+22 1.84674e+22 1.84674e+22 1.84674e+22 1.36499e+22 8.71052e+22 0 0 4.64348e+42 60.0651 0.609868 1
1.91095e+11 1.13299e+22 1.13299e+22 1.13344e+22 1.13344e+22 1.13344e+22 9.85189e+21 6.28891e+22 0 0 4.64348e+42 71.903 0.510106 1
2.20673e+11 7.21685e+21 7.21685e+21 7.22021e+21 7.22021e+21 7.22021e+21 7.29439e+21 4.66073e+22 0 0 4.64348e+42 86.074 0.431129 1
2.5483e+11 4.68911e+21 4.68911e+21 4.69157e+21 4.69157e+21 4.69157e+21 5.3858e+21 3.44285e+22 0 0 4.64348e+42 103.038 0.367983 1
2.94273e+11 3.1005e+21 3.1005e+21 3.10229e+21 3.10229e+21 3.10229e+21 3.96431e+21 2.53367e+22 0 0 4.64348e+42 123.345 0.317029 1
3.39821e+11 2.06147e+21 2.06147e+21 2.06275e+21 2.06275e+21 2.06275e+21 2.86238e+21 1.8253e+22 0 0 4.64348e+42 0 0.275565 1
3.92419e+11 1.41223e+21 1.41223e+21 1.41316e+21 1.41316e+21 1.41316e+21 2.12003e+21 1.35014e+22 0 0 4.64348e+42 0 0.241562 1
4.53158e+11 9.7869e+20 9.78691e+20 9.79355e+20 9.79355e+20 9.79355e+20 1.5651e+21 9.95186e+21 0 0 4.64348e+42 0 0.213483 1
5.23299e+11 6.85014e+20 6.85015e+20 6.85489e+20 6.85489e+20 6.85489e+20 1.15137e+21 7.30598e+21 0 0 4.64348e+42 0 0.190154 1
6.04296e+11 4.78137e+20 4.78137e+20 4.7847e+20 4.7847e+20 4.7847e+20 8.3009e+20 5.24659e+21 0 0 4.64348e+42 0 0.170669 1
6.97831e+11 3.42674e+20 3.42674e+20 3.42912e+20 3.42912e+20 3.42912e+20 6.14e+20 3.86962e+21 0 0 4.64348e+42 0 0.154323 1
8.05842e+11 2.47255e+20 2.47255e+20 2.47424e+20 2.47424e+20 2.47424e+20 4.52543e+20 2.84314e+21 0 0 4.64348e+42 0 0.140565 1
9.30572e+11 1.79487e+20 1.79487e+20 1.79606e+20 1.79606e+20 1.79606e+20 3.3227e+20 2.07979e+21 0 0 4.64348e+42 0 0.12896 1
1.07461e+12 1.29254e+20 1.29254e+20 1.29337e+20 1.29337e+20 1.29337e+20 2.38875e+20 1.48668e+21 0 0 4.64348e+42 0 0.119166 1
1.24094e+12 9.56662e+19 9.56662e+19 9.5725e+19 9.5725e+19 9.5725e+19 1.76249e+20 1.09194e+21 0 0 4.64348e+42 0 0.110908 1
1.43301e+12 7.11586e+19 7.11586e+19 7.12002e+19 7.12002e+19 7.12002e+19 1.29537e+20 7.98612e+20 0 0 4.64348e+42 0 0.103969 1
1.65482e+12 5.31655e+19 5.31656e+19 5.31949e+19 5.31949e+19 5.31949e+19 9.48082e+19 5.81227e+20 0 0 4.64348e+42 0 0.098177 1
1.91095e+12 3.92554e+19 3.92555e+19 3.92759e+19 3.92759e+19 3.92759e+19 6.78719e+19 4.12779e+20 0 0 4.64348e+42 0 0.0933933 1
2.20673e+12 2.98584e+19 2.98585e+19 2.9873e+19 2.9873e+19 2.9873e+19 4.98892e+19 3.01408e+20 0 0 4.64348e+42 0 0.0895108 1
2.5483e+12 2.27802e+19 2.27802e+19 2.27905e+19 2.27905e+19 2.27905e+19 3.65141e+19 2.19026e+20 0 0 4.64348e+42 0 0.0864461 1
2.94273e+12 1.74158e+19 1.74159e+19 1.74232e+19 1.74232e+19 1.74232e+19 2.66022e+19 1.58283e+20 0 0 4.64348e+42 0 0.0841374 1
3.39821e+12 1.30932e+19 1.30932e+19 1.30983e+19 1.30983e+19 1.30983e+19 1.89293e+19 1.11393e+20 0 0 4.64348e+42 0 0.082541 1
3.92419e+12 1.01439e+19 1.01439e+19 1.01475e+19 1.01475e+19 1.01475e+19 1.38396e+19 8.06839e+19 0 0 4.64348e+42 0 0.08163 1
4.53158e+12 7.85506e+18 7.85507e+18 7.85767e+18 7.85767e+18 7.85767e+18 1.00698e+19 5.81151e+19 0 0 4.64348e+42 0 0.0813928 1
5.23299e+12 6.07256e+18 6.07256e+18 6.0744e+18 6.0744e+18 6.0744e+18 7.28888e+18 4.15926e+19 0 0 4.64348e+42 0 0.0818329 1
6.04296e+12 4.59022e+18 4.59022e+18 4.59149e+18 4.59149e+18 4.59149e+18 5.14282e+18 2.89075e+19 0 0 4.64348e+42 0 0.0829683 1
6.97831e+12 3.57294e+18 3.57294e+18 3.57385e+18 3.57385e+18 3.57385e+18 3.73202e+18 2.0709e+19 0 0 4.64348e+42 0 0.0848322 1
8.05842e+12 2.76968e+18 2.76968e+18 2.77032e+18 2.77032e+18 2.77032e+18 2.69327e+18 1.47385e+19 0 0 4.64348e+42 0 0.0874729 1
9.30572e+12 2.13593e+18 2.13593e+18 2.13638e+18 2.13638e+18 2.13638e+18 1.93201e+18 1.04108e+19 0 0 4.64348e+42 0 0.0909553 1
1.07461e+13 1.60182e+18 1.60182e+18 1.60213e+18 1.60213e+18 1.60213e+18 1.34721e+18 7.11298e+18 0 0 4.64348e+42 0 0.0953611 1
1.24094e+13 1.23674e+18 1.23674e+18 1.23695e+18 1.23695e+18 1.23695e+18 9.67619e+17 5.0207e+18 0 0 4.64348e+42 0 0.10079 1
1.43301e+13 9.48085e+17 9.48086e+17 9.48236e+17 9.48236e+17 9.48236e+17 6.9047e+17 3.51608e+18 0 0 4.64348e+42 0 0.10736 1
1.65482e+13 7.20929e+17 7.2093e+17 7.21034e+17 7.21034e+17 7.21034e+17 4.89212e+17 2.44024e+18 0 0 4.64348e+42 0 0.115206 1
1.91095e+13 5.30128e+17 5.30129e+17 5.30199e+17 5.30199e+17 5.30199e+17 3.35637e+17 1.62893e+18 0 0 4.64348e+42 0 0.12448 1
2.20673e+13 4.01672e+17 4.01673e+17 4.01721e+17 4.01721e+17 4.01721e+17 2.37688e+17 1.12718e+18 0 0 4.64348e+42 0 0.135345 1
2.5483e+13 3.01377e+17 3.01378e+17 3.01411e+17 3.01411e+17 3.01411e+17 1.67009e+17 7.72545e+17 0 0 4.64348e+42 0 0.147968 1
2.94273e+13 2.23702e+17 2.23703e+17 2.23725e+17 2.23725e+17 2.23725e+17 1.16347e+17 5.23692e+17 0 0 4.64348e+42 0 0.162507 1
3.39821e+13 1.59502e+17 1.59502e+17 1.59517e+17 1.59517e+17 1.59517e+17 7.80463e+16 3.38679e+17 0 0 4.64348e+42 0 0.179093 1
3.92419e+13 1.17458e+17 1.17459e+17 1.17469e+17 1.17469e+17 1.17469e+17 5.42141e+16 2.28231e+17 0 0 4.64348e+42 0 0.197804 1
4.53158e+13 8.54299e+16 8.54308e+16 8.54371e+16 8.54371e+16 8.54371e+16 3.72973e+16 1.51991e+17 0 0 4.64348e+42 0 0.218621 1
5.23299e+13 6.13041e+16 6.1305e+16 6.13091e+16 6.13091e+16 6.13091e+16 2.53889e+16 9.98488e+16 0 0 4.64348e+42 0 0.241387 1
6.04296e+13 4.18901e+16 4.18909e+16 4.18935e+16 4.18935e+16 4.18935e+16 1.65062e+16 6.18353e+16 0 0 4.64348e+42 0 0.265741 1
6.97831e+13 2.9696e+16 2.96967e+16 2.96983e+16 2.96983e+16 2.96983e+16 1.11664e+16 4.0223e+16 0 0 4.64348e+42 0 0.291055 1
8.05842e+13 2.07339e+16 2.07345e+16 2.07355e+16 2.07355e+16 2.07355e+16 7.46268e+15 2.57798e+16 0 0 4.64348e+42 0 0.316368 1
9.30572e+13 1.42413e+16 1.42417e+16 1.42424e+16 1.42424e+16 1.42424e+16 4.92121e+15 1.62424e+16 0 0 4.64348e+42 0 0.340344 1
1.07461e+14 9.20073e+15 9.20109e+15 9.20149e+15 9.20149e+15 9.20149e+15 3.06177e+15 9.47486e+15 0 0 4.64348e+42 0 0 1
1.24094e+14 6.21416e+15 6.21451e+15 6.21476e+15 6.21476e+15 6.21476e+15 1.99714e+15 5.87923e+15 0 0 4.64348e+42 0 0 1
1.43301e+14 4.12004e+15 4.12045e+15 4.12061e+15 4.12061e+15 4.12061e+15 1.28247e+15 3.58056e+15 0 0 4.64348e+42 0 0 1
1.65482e+14 2.67761e+15 2.67816e+15 2.67825e+15 2.67825e+15 2.67825e+15 8.09505e+14 2.13369e+15 0 0 4.64348e+42 0 0 1
1.91095e+14 1.60675e+15 1.60744e+15 1.60749e+15 1.60749e+15 1.60749e+15 4.73121e+14 1.14501e+15 0 0 4.64348e+42 0 0 1
2.20673e+14 1.02046e+15 1.02132e+15 1.02135e+15 1.02135e+15 1.02135e+15 2.93414e+14 6.6704e+14 0 0 4.64348e+42 0 0 1
2.5483e+14 6.33273e+14 6.34242e+14 6.3426e+14 6.3426e+14 6.3426e+14 1.78267e+14 3.79502e+14 0 0 4.64348e+42 0 0 1
2.94273e+14 3.83359e+14 3.84344e+14 3.84354e+14 3.84354e+14 3.84354e+14 1.0592e+14 2.10004e+14 0 0 4.64348e+42 0 0 1
3.39821e+14 2.07986e+14 2.08819e+14 2.08824e+14 2.08824e+14 2.08824e+14 5.65512e+13 1.00126e+14 0 0 4.64348e+42 0 0 1
3.92419e+14 1.219e+14 1.22613e+14 1.22616e+14 1.22616e+14 1.22616e+14 3.26856e+13 5.36027e+13 0 0 4.64348e+42 0 0 1
4.53158e+14 6.93604e+13 6.99194e+13 6.99211e+13 6.99211e+13 6.99211e+13 1.83793e+13 2.78517e+13 0 0 4.64348e+42 0 0 1
5.23299e+14 3.82576e+13 3.86617e+13 3.86626e+13 3.86626e+13 3.86626e+13 1.00374e+13 1.39694e+13 0 0 4.64348e+42 0 0 1
6.04296e+14 1.80079e+13 1.82464e+13 1.82468e+13 1.82468e+13 1.82468e+13 4.68756e+12 5.6155e+12 0 0 4.64348e+42 0 0 1
6.97831e+14 9.48587e+12 9.63744e+12 9.63764e+12 9.63764e+12 9.63764e+12 2.45237e+12 2.68285e+12 0 0 4.64348e+42 0 0 1
8.05842e+14 4.80513e+12 4.89467e+12 4.89477e+12 4.89477e+12 4.89477e+12 1.23526e+12 1.23485e+12 0 0 4.64348e+42 0 0 1
9.30572e+14 2.33985e+12 2.38921e+12 2.38926e+12 2.38926e+12 2.38926e+12 5.98683e+11 5.43652e+11 0 0 4.64348e+42 0 0 1
1.07461e+15 8.9455e+11 9.15367e+11 9.15385e+11 9.15385e+11 9.15385e+11 2.28163e+11 1.69583e+11 0 0 4.64348e+42 0 0 1
1.24094e+15 4.06618e+11 4.16819e+11 4.16826e+11 4.16826e+11 4.16826e+11 1.03376e+11 6.92933e+10 0 0 4.64348e+42 0 0 1
1.43301e+15 1.74784e+11 1.79416e+11 1.79419e+11 1.79419e+11 1.79419e+11 4.43181e+10 2.70578e+10 0 0 4.64348e+42 0 0 1
1.65482e+15 7.12178e+10 7.31758e+10 7.31771e+10 7.31771e+10 7.31771e+10 1.80188e+10 1.00223e+10 0 0 4.64348e+42 0 0 1
1.91095e+15 1.9847e+10 2.04041e+10 2.04045e+10 2.04045e+10 2.04045e+10 5.01958e+09 2.10127e+09 0 0 4.64348e+42 0 0 1
2.20673e+15 7.27545e+09 7.48107e+09 7.4812e+09 7.4812e+09 7.4812e+09 1.83771e+09 6.8444e+08 0 0 4.64348e+42 0 0 1
2.5483e+15 2.43969e+09 2.50824e+09 2.50828e+09 2.50828e+09 2.50828e+09 6.1585e+08 2.11083e+08 0 0 4.64348e+42 0 0 1
2.94273e+15 7.48566e+08 7.69244e+08 7.69257e+08 7.69257e+08 7.69257e+08 1.8899e+08 6.20875e+07 0 0 4.64348e+42 0 0 1
3.39821e+15 1.28758e+08 1.3222e+08 1.32222e+08 1.32222e+08 1.32222e+08 3.25964e+07 6.87462e+06 0 0 4.64348e+42 0 0 1
3.92419e+15 3.39316e+07 3.48118e+07 3.48124e+07 3.48124e+07 3.48124e+07 8.60053e+06 1.57089e+06 0 0 4.64348e+42 0 0 1
4.53158e+15 7.69539e+06 7.88645e+06 7.88659e+06 7.88659e+06 7.88659e+06 1.95514e+06 329547 0 0 4.64348e+42 0 0 1
5.23299e+15 1.44428e+06 1.47836e+06 1.47838e+06 1.47838e+06 1.47838e+06 368577 67427.4 0 0 4.64348e+42 0 0 1
6.04296e+15 116972 119578 119580 119580 119580 30118.3 2997.98 0 0 4.64348e+42 0 0 1
6.97831e+15 17874.1 18248 18248.3 18248.3 18248.3 4632.46 383.852 0 0 4.64348e+42 0 0 1
8.05842e+15 2126.95 2168.51 2168.55 2168.55 2168.55 556.229 40.5521 0 0 4.64348e+42 0 0 1
9.30572e+15 177.731 180.96 180.963 180.963 180.963 47.0561 4.10705 0 0 4.64348e+42 0 0 1
1.07461e+16 4.00598 4.07337 4.07344 4.07344 4.07344 1.08666 0.0529727 0 0 4.64348e+42 0 0 1
1.24094e+16 0.240901 0.244639 0.244643 0.244643 0.244643 0.0665923 0.00258693 0 0 4.64348e+42 0 0 1
1.43301e+16 0.00920693 0.00933827 0.00933843 0.00933843 0.00933843 0.00261376 8.30891e-05 0 0 4.64348e+42 0 0 1
1.65482e+16 0.0002077 0.000210416 0.00021042 0.00021042 0.00021042 6.10552e-05 1.96934e-06 0 0 4.64348e+42 0 0 1
1.91095e+16 5.76603e-07 5.83494e-07 5.83504e-07 5.83504e-07 5.83504e-07 1.79753e-07 4.21149e-09 0 0 4.64348e+42 0 0 1
2.20673e+16 6.31136e-09 6.38012e-09 6.38023e-09 6.38023e-09 6.38023e-09 2.09681e-09 4.04541e-11 0 0 4.64348e+42 0 0 1
2.5483e+16 2.71149e-11 2.73836e-11 2.7384e-11 2.7384e-11 2.7384e-11 9.87887e-12 1.63946e-13 0 0 4.64348e+42 0 0 1
2.94273e+16 4.52387e-14 4.56456e-14 4.56464e-14 4.56464e-14 4.56464e-14 1.87209e-14 2.69958e-16 0 0 4.64348e+42 0 0 1
3.39821e+16 4.76938e-18 4.80825e-18 4.80833e-18 4.80833e-18 4.80833e-18 2.35286e-18 2.78529e-20 0 0 4.64348e+42 0 0 1
3.92419e+16 1.44493e-21 1.45558e-21 1.4556e-21 1.4556e-21 1.4556e-21 9.01762e-22 8.37529e-24 0 0 4.64348e+42 0 0 1
4.53158e+16 8.84363e-26 8.90246e-26 8.90262e-26 8.90262e-26 8.90262e-26 7.5477e-26 5.10866e-28 0 0 4.64348e+42 0 0 1
5.23299e+16 1.05469e-30 1.06101e-30 1.06103e-30 1.06103e-30 1.06103e-30 1.35135e-30 6.07099e-33 0 0 4.64348e+42 0 0 1
6.04296e+16 3.63261e-37 3.65221e-37 3.65228e-37 3.65228e-37 3.65228e-37 7.77459e-37 2.07923e-39 0 0 4.64348e+42 0 0 1
6.97831e+16 1.494e-43 1.50125e-43 1.50128e-43 1.50128e-43 1.50128e-43 6.0679e-43 8.45505e-46 0 0 4.64348e+42 0 0 1
8.05842e+16 8.10202e-49 8.13732e-49 8.13746e-49 8.13746e-49 8.13746e-49 1.48766e-46 2.48426e-53 0 0 4.64348e+42 0 0 1
9.30572e+16 0 0 0 0 0 0 0 0 0 4.64348e+42 0 0 1