
1.07461e-07 3.62693e+54 3.62693e+54 8.95277e+54 9.10575e+54 9.15622e+54 1.88232e+53 0 1.62781e+45 8.78043e+48 4.64348e+42 0 0 1
1.24094e-07 3.92221e+54 3.92221e+54 7.64888e+54 7.76194e+54 7.79187e+54 1.59937e+53 0 1.87976e+45 9.62424e+48 4.64348e+42 0 0 1
1.43301e-07 3.98202e+54 3.98202e+54 6.52402e+54 6.60744e+54 6.62516e+54 1.35781e+53 0 2.17072e+45 9.92023e+48 4.64348e+42 0 0 1
1.65482e-07 3.85728e+54 3.85728e+54 5.55609e+54 5.61756e+54 5.62804e+54 1.15172e+53 0 2.50671e+45 9.77113e+48 4.64348e+42 0 0 1
1.91095e-07 3.60784e+54 3.60784e+54 4.72497e+54 4.7702e+54 4.77639e+54 9.7599e+52 0 2.8947e+45 9.3064e+48 4.64348e+42 0 0 1
2.20673e-07 3.28721e+54 3.28721e+54 4.01258e+54 4.04583e+54 4.04947e+54 8.26252e+52 0 3.34275e+45 8.64644e+48 4.64348e+42 0 0 1
2.5483e-07 2.93658e+54 2.93658e+54 3.40292e+54 3.42733e+54 3.42947e+54 6.9875e+52 0 3.86014e+45 7.88721e+48 4.64348e+42 0 0 1
2.94273e-07 2.58445e+54 2.58445e+54 2.88192e+54 2.89981e+54 2.90107e+54 5.90267e+52 0 4.45762e+45 7.09772e+48 4.64348e+42 0 0 1
3.39821e-07 2.2487e+54 2.2487e+54 2.43729e+54 2.45038e+54 2.45112e+54 4.9804e+52 0 5.14758e+45 6.32353e+48 4.64348e+42 0 0 1
3.92419e-07 1.93936e+54 1.93936e+54 2.0583e+54 2.06788e+54 2.06831e+54 4.19703e+52 0 5.94434e+45 5.59218e+48 4.64348e+42 0 0 1
4.53158e-07 1.66098e+54 1.66098e+54 1.7357e+54 1.74269e+54 1.74294e+54 3.53226e+52 0 6.86441e+45 4.9184e+48 4.64348e+42 0 0 1
5.23299e-07 1.41466e+54 1.41466e+54 1.46143e+54 1.46652e+54 1.46667e+54 2.96869e+52 0 7.9269e+45 4.30832e+48 4.64348e+42 0 0 1
6.04296e-07 1.19938e+54 1.19938e+54 1.22856e+54 1.23227e+54 1.23235e+54 2.49142e+52 0 9.15384e+45 3.76264e+48 4.64348e+42 0 0 1
6.97831e-07 1.01295e+54 1.01295e+54 1.03111e+54 1.0338e+54 1.03385e+54 2.0877e+52 0 1.05707e+46 3.27881e+48 4.64348e+42 0 0 1
8.05842e-07 8.52642e+53 8.52642e+53 8.63917e+53 8.65871e+53 8.659e+53 1.74661e+52 0 1.22068e+46 2.85252e+48 4.64348e+42 0 0 1
9.30572e-07 7.15571e+53 7.15571e+53 7.22553e+53 7.23968e+53 7.23985e+53 1.45879e+52 0 1.40962e+46 2.47866e+48 4.64348e+42 0 0 1
1.07461e-06 5.98894e+53 5.98894e+53 6.03208e+53 6.04231e+53 6.0424e+53 1.21626e+52 0 1.62781e+46 2.15187e+48 4.64348e+42 0 0 1
1.24094e-06 4.99951e+53 4.99951e+53 5.0261e+53 5.03348e+53 5.03354e+53 1.01219e+52 0 1.87976e+46 1.86694e+48 4.64348e+42 0 0 1
1.43301e-06 4.1632e+53 4.1632e+53 4.17956e+53 4.18487e+53 4.18491e+53 8.40742e+51 0 2.17072e+46 1.61894e+48 4.64348e+42 0 0 1
1.65482e-06 3.45838e+53 3.45838e+53 3.46842e+53 3.47224e+53 3.47226e+53 6.96933e+51 0 2.5067e+46 1.40338e+48 4.64348e+42 0 0 1
1.91095e-06 2.86596e+53 2.86596e+53 2.87211e+53 2.87485e+53 2.87487e+53 5.76516e+51 0 2.8947e+46 1.21619e+48 4.64348e+42 0 0 1
2.20673e-06 2.36931e+53 2.36931e+53 2.37306e+53 2.37502e+53 2.37503e+53 4.75868e+51 0 3.34274e+46 1.05377e+48 4.64348e+42 0 0 1
2.5483e-06 1.95395e+53 1.95395e+53 1.95624e+53 1.95764e+53 1.95765e+53 3.91904e+51 0 3.86014e+46 9.12904e+47 4.64348e+42 0 0 1
2.94273e-06 1.60744e+53 1.60744e+53 1.60883e+53 1.60983e+53 1.60983e+53 3.22001e+51 0 4.45762e+46 7.90784e+47 4.64348e+42 0 0 1
3.39821e-06 1.31907e+53 1.31907e+53 1.31992e+53 1.32062e+53 1.32063e+53 2.63926e+51 0 5.14757e+46 6.84945e+47 4.64348e+42 0 0 1
3.92419e-06 1.07968e+53 1.07968e+53 1.08019e+53 1.08069e+53 1.08069e+53 2.15785e+51 0 5.94432e+46 5.93237e+47 4.64348e+42 0 0 1
4.53158e-06 8.81456e+52 8.81456e+52 8.81764e+52 8.82118e+52 8.82119e+52 1.75972e+51 0 6.86439e+46 5.13785e+47 4.64348e+42 0 0 1
5.23299e-06 7.1774e+52 7.1774e+52 7.17926e+52 7.18176e+52 7.18176e+52 1.43126e+51 0 7.92687e+46 4.4496e+47 4.64348e+42 0 0 1
6.04296e-06 5.82886e+52 5.82886e+52 5.82997e+52 5.83173e+52 5.83173e+52 1.16097e+51 0 9.15381e+46 3.85346e+47 4.64348e+42 0 0 1
6.97831e-06 4.72106e+52 4.72106e+52 4.72173e+52 4.72296e+52 4.72296e+52 9.39137e+50 0 1.05706e+47 3.33712e+47 4.64348e+42 0 0 1
8.05842e-06 3.81357e+52 3.81357e+52 3.81397e+52 3.81483e+52 3.81483e+52 7.57568e+50 0 1.22068e+47 2.88994e+47 4.64348e+42 0 0 1
9.30572e-06 3.07227e+52 3.07227e+52 3.0725e+52 3.0731e+52 3.07311e+52 6.09376e+50 0 1.40962e+47 2.50265e+47 4.64348e+42 0 0 1
1.07461e-05 2.46847e+52 2.46847e+52 2.46861e+52 2.46903e+52 2.46903e+52 4.88779e+50 0 1.6278e+47 2.16725e+47 4.64348e+42 0 0 1
1.24094e-05 1.97811e+52 1.97811e+52 1.97819e+52 1.97848e+52 1.97848e+52 3.90931e+50 0 1.87975e+47 1.87679e+47 4.64348e+42 0 0 1
1.43301e-05 1.58104e+52 1.58104e+52 1.58109e+52 1.58129e+52 1.58129e+52 3.11783e+50 0 2.1707e+47 1.62525e+47 4.64348e+42 0 0 1
1.65482e-05 1.26047e+52 1.26047e+52 1.2605e+52 1.26064e+52 1.26064e+52 2.47958e+50 0 2.50668e+47 1.40742e+47 4.64348e+42 0 0 1
1.91095e-05 1.00242e+52 1.00242e+52 1.00243e+52 1.00253e+52 1.00253e+52 1.96651e+50 0 2.89467e+47 1.21878e+47 4.64348e+42 0 0 1
2.20673e-05 7.95288e+51 7.95288e+51 7.95298e+51 7.95364e+51 7.95364e+51 1.55535e+50 0 3.3427e+47 1.05543e+47 4.64348e+42 0 0 1
2.5483e-05 6.29509e+51 6.29509e+51 6.29515e+51 6.2956e+51 6.2956e+51 1.22689e+50 0 3.86009e+47 9.13965e+46 4.64348e+42 0 0 1
2.94273e-05 4.97194e+51 4.97194e+51 4.97197e+51 4.97228e+51 4.97228e+51 9.65303e+49 0 4.45755e+47 7.91463e+46 4.64348e+42 0 0 1
3.39821e-05 3.9187e+51 3.9187e+51 3.91872e+51 3.91893e+51 3.91893e+51 7.576e+49 0 5.14748e+47 6.8538e+46 4.64348e+42 0 0 1
3.92419e-05 3.08249e+51 3.08249e+51 3.0825e+51 3.08265e+51 3.08265e+51 5.93169e+49 0 5.9442e+47 5.93515e+46 4.64348e+42 0 0 1
4.53158e-05 2.42021e+51 2.42021e+51 2.42022e+51 2.42032e+51 2.42032e+51 4.63368e+49 0 6.86423e+47 5.13964e+46 4.64348e+42 0 0 1
5.23299e-05 1.89692e+51 1.89692e+51 1.89692e+51 1.89699e+51 1.89699e+51 3.61184e+49 0 7.92666e+47 4.45074e+46 4.64348e+42 0 0 1
6.04296e-05 1.48435e+51 1.48435e+51 1.48435e+51 1.4844e+51 1.4844e+51 2.80954e+49 0 9.15352e+47 3.85419e+46 4.64348e+42 0 0 1
6.97831e-05 1.15975e+51 1.15975e+51 1.15975e+51 1.15978e+51 1.15978e+51 2.18119e+49 0 1.05703e+48 3.33759e+46 4.64348e+42 0 0 1
8.05842e-05 9.04857e+50 9.04857e+50 9.04858e+50 9.04878e+50 9.04878e+50 1.69025e+49 0 1.22063e+48 2.89024e+46 4.64348e+42 0 0 1
9.30572e-05 7.05062e+50 7.05062e+50 7.05062e+50 7.05076e+50 7.05076e+50 1.30755e+49 0 1.40955e+48 2.50284e+46 4.64348e+42 0 0 1
0.000107461 5.48717e+50 5.48717e+50 5.48717e+50 5.48726e+50 5.48726e+50 1.00985e+49 0 1.62771e+48 2.16737e+46 4.64348e+42 0 0 1
0.000124094 4.26564e+50 4.26564e+50 4.26564e+50 4.2657e+50 4.2657e+50 7.78749e+48 0 1.87963e+48 1.87687e+46 4.64348e+42 0 0 1
0.000143301 3.31262e+50 3.31262e+50 3.31262e+50 3.31266e+50 3.31266e+50 5.99685e+48 0 2.17054e+48 1.6253e+46 4.64348e+42 0 0 1
0.000165482 2.57008e+50 2.57008e+50 2.57008e+50 2.57011e+50 2.57011e+50 4.6119e+48 0 2.50646e+48 1.40745e+46 4.64348e+42 0 0 1
0.000191095 1.99225e+50 1.99225e+50 1.99225e+50 1.99227e+50 1.99227e+50 3.54249e+48 0 2.89438e+48 1.2188e+46 4.64348e+42 0 0 1
0.000220673 1.54309e+50 1.54309e+50 1.54309e+50 1.5431e+50 1.5431e+50 2.71802e+48 0 3.34232e+48 1.05544e+46 4.64348e+42 0 0 1
0.00025483 1.19431e+50 1.19431e+50 1.19431e+50 1.19432e+50 1.19432e+50 2.08328e+48 0 3.85957e+48 9.13973e+45 4.64348e+42 0 0 1
0.000294273 9.23738e+49 9.23738e+49 9.23738e+49 9.23744e+49 9.23744e+49 1.59525e+48 0 4.45686e+48 7.91468e+45 4.64348e+42 0 0 1
0.000339821 7.14017e+49 7.14017e+49 7.14017e+49 7.14021e+49 7.14021e+49 1.22047e+48 0 5.14657e+48 6.85383e+45 4.64348e+42 0 0 1
0.000392419 5.51592e+49 5.51592e+49 5.51592e+49 5.51594e+49 5.51594e+49 9.32961e+47 0 5.94298e+48 5.93518e+45 4.64348e+42 0 0 1
0.000453158 4.25889e+49 4.25889e+49 4.25889e+49 4.25891e+49 4.25891e+49 7.12622e+47 0 6.86261e+48 5.13965e+45 4.64348e+42 0 0 1
0.000523299 3.28672e+49 3.28672e+49 3.28672e+49 3.28674e+49 3.28674e+49 5.43907e+47 0 7.92449e+48 4.45075e+45 4.64348e+42 0 0 1
0.000604296 2.53533e+49 2.53533e+49 2.53533e+49 2.53534e+49 2.53534e+49 4.14828e+47 0 9.15063e+48 3.85419e+45 4.64348e+42 0 0 1
0.000697831 1.95492e+49 1.95492e+49 1.95492e+49 1.95492e+49 1.95492e+49 3.16148e+47 0 1.05664e+49 3.33759e+45 4.64348e+42 0 0 1
0.000805842 1.50681e+49 1.50681e+49 1.50681e+49 1.50681e+49 1.50681e+49 2.40762e+47 0 1.22011e+49 2.89024e+45 4.64348e+42 0 0 1
0.000930572 1.16102e+49 1.16102e+49 1.16102e+49 1.16102e+49 1.16102e+49 1.83213e+47 0 1.40886e+49 2.50284e+45 4.64348e+42 0 0 1
0.00107461 8.94298e+48 8.94298e+48 8.94298e+48 8.94299e+48 8.94299e+48 1.39313e+47 0 1.62679e+49 2.16737e+45 4.64348e+42 0 0 1
0.00124094 6.88656e+48 6.88656e+48 6.88656e+48 6.88657e+48 6.88657e+48 1.05849e+47 0 1.87841e+49 1.87687e+45 4.64348e+42 0 0 1
0.00143301 5.30162e+48 5.30162e+48 5.30162e+48 5.30163e+48 5.30163e+48 8.03606e+46 0 2.16891e+49 1.6253e+45 4.64348e+42 0 0 1
0.00165482 4.08046e+48 4.08046e+48 4.08046e+48 4.08047e+48 4.08047e+48 6.09624e+46 0 2.5043e+49 1.40745e+45 4.64348e+42 0 0 1
0.00191095 3.13986e+48 3.13986e+48 3.13986e+48 3.13986e+48 3.13986e+48 4.62118e+46 0 2.89149e+49 1.2188e+45 4.64348e+42 0 0 1
0.00220673 2.41553e+48 2.41553e+48 2.41553e+48 2.41553e+48 2.41553e+48 3.50052e+46 0 3.33847e+49 1.05544e+45 4.64348e+42 0 0 1
0.0025483 1.85788e+48 1.85788e+48 1.85788e+48 1.85788e+48 1.85788e+48 2.64987e+46 0 3.85444e+49 9.13973e+44 4.64348e+42 0 0 1
0.00294273 1.42864e+48 1.42864e+48 1.42864e+48 1.42864e+48 1.42864e+48 2.00475e+46 0 4.45002e+49 7.91468e+44 4.64348e+42 0 0 1
0.00339821 1.0983e+48 1.0983e+48 1.0983e+48 1.0983e+48 1.0983e+48 1.51593e+46 0 5.13744e+49 6.85383e+44 4.64348e+42 0 0 1
0.00392419 8.44139e+47 8.44139e+47 8.44139e+47 8.44139e+47 8.44139e+47 1.14585e+46 0 5.93081e+49 5.93518e+44 4.64348e+42 0 0 1
0.00453158 6.4862e+47 6.4862e+47 6.4862e+47 6.4862e+47 6.4862e+47 8.65887e+45 0 6.84638e+49 5.13965e+44 4.64348e+42 0 0 1
0.00523299 4.98248e+47 4.98248e+47 4.98248e+47 4.98248e+47 4.98248e+47 6.54237e+45 0 7.90285e+49 4.45075e+44 4.64348e+42 0 0 1
0.00604296 3.82626e+47 3.82626e+47 3.82626e+47 3.82626e+47 3.82626e+47 4.94325e+45 0 9.12178e+49 3.85419e+44 4.64348e+42 0 0 1
0.00697831 2.93748e+47 2.93748e+47 2.93748e+47 2.93748e+47 2.93748e+47 3.73557e+45 0 1.05279e+50 3.33759e+44 4.64348e+42 0 0 1
0.00805842 2.25448e+47 2.25448e+47 2.25448e+47 2.25448e+47 2.25448e+47 2.82379e+45 0 1.21499e+50 2.89024e+44 4.64348e+42 0 0 1
0.00930572 1.72979e+47 1.72979e+47 1.72979e+47 1.72979e+47 1.72979e+47 2.13552e+45 0 1.40203e+50 2.50284e+44 4.64348e+42 0 0 1
0.0107461 1.32685e+47 1.32685e+47 1.32685e+47 1.32685e+47 1.32685e+47 1.61596e+45 0 1.61768e+50 2.16737e+44 4.64348e+42 0 0 1
0.0124094 1.01753e+47 1.01753e+47 1.01753e+47 1.01753e+47 1.01753e+47 1.2237e+45 0 1.86626e+50 1.87687e+44 4.64348e+42 0 0 1
0.0143301 7.8016e+46 7.8016e+46 7.8016e+46 7.8016e+46 7.8016e+46 9.2745e+44 0 2.15272e+50 1.6253e+44 4.64348e+42 0 0 1
0.0165482 5.98077e+46 5.98077e+46 5.98077e+46 5.98077e+46 5.98077e+46 7.03611e+44 0 2.48271e+50 1.40745e+44 4.64348e+42 0 0 1
0.0191095 4.58453e+46 4.58453e+46 4.58453e+46 4.58453e+46 4.58453e+46 5.34382e+44 0 2.86272e+50 1.2188e+44 4.64348e+42 0 0 1
0.0220673 3.51422e+46 3.51422e+46 3.51422e+46 3.51422e+46 3.51422e+46 4.06344e+44 0 3.30013e+50 1.05544e+44 4.64348e+42 0 0 1
0.025483 2.69399e+46 2.69399e+46 2.69399e+46 2.69399e+46 2.69399e+46 3.09388e+44 0 3.80335e+50 9.13973e+43 4.64348e+42 0 0 1
0.0294273 2.06557e+46 2.06557e+46 2.06557e+46 2.06557e+46 2.06557e+46 2.35896e+44 0 4.38194e+50 7.91468e+43 4.64348e+42 0 0 1
0.0339821 1.58417e+46 1.58417e+46 1.58417e+46 1.58417e+46 1.58417e+46 1.8013e+44 0 5.04675e+50 6.85383e+43 4.64348e+42 0 0 1
0.0392419 1.21543e+46 1.21543e+46 1.21543e+46 1.21543e+46 1.21543e+46 1.37763e+44 0 5.81002e+50 5.93517e+43 4.64348e+42 0 0 1
0.0453158 9.32977e+45 9.32977e+45 9.32977e+45 9.32977e+45 9.32977e+45 1.05535e+44 0 6.6855e+50 5.13965e+43 4.64348e+42 0 0 1
0.0523299 7.16598e+45 7.16598e+45 7.16598e+45 7.16598e+45 7.16598e+45 8.09865e+43 0 7.68865e+50 4.45075e+43 4.64348e+42 0 0 1
0.0604296 5.50796e+45 5.50796e+45 5.50796e+45 5.50796e+45 5.50796e+45 6.22596e+43 0 8.83663e+50 3.85419e+43 4.64348e+42 0 0 1
0.0697831 4.23703e+45 4.23703e+45 4.23703e+45 4.23703e+45 4.23703e+45 4.79519e+43 0 1.01485e+51 3.33759e+43 4.64348e+42 0 0 1
0.0805842 3.26236e+45 3.26236e+45 3.26236e+45 3.26236e+45 3.26236e+45 3.70027e+43 0 1.1645e+51 2.89023e+43 4.64348e+42 0 0 1
0.0930572 2.51444e+45 2.51444e+45 2.51444e+45 2.51444e+45 2.51444e+45 2.86094e+43 0 1.33488e+51 2.50284e+43 4.64348e+42 0 0 1
0.107461 1.94012e+45 1.94012e+45 1.94012e+45 1.94012e+45 1.94012e+45 2.2164e+43 0 1.52842e+51 2.16737e+43 4.64348e+42 0 0 1
0.124094 1.49872e+45 1.49872e+45 1.49872e+45 1.49872e+45 1.49872e+45 1.72053e+43 0 1.74766e+51 1.87686e+43 4.64348e+42 0 0 1
0.143301 1.15917e+45 1.15917e+45 1.15917e+45 1.15917e+45 1.15917e+45 1.3383e+43 0 1.99523e+51 1.6253e+43 4.64348e+42 0 0 1
0.165482 8.977e+44 8.977e+44 8.977e+44 8.977e+44 8.977e+44 1.0431e+43 0 2.27372e+51 1.40745e+43 4.64348e+42 0 0 1
0.191095 6.9612e+44 6.9612e+44 6.9612e+44 6.9612e+44 6.9612e+44 8.14657e+42 0 2.58559e+51 1.2188e+43 4.64348e+42 0 0 1
0.220673 5.40527e+44 5.40527e+44 5.40527e+44 5.40527e+44 5.40527e+44 6.37508e+42 0 2.93299e+51 1.05544e+43 4.64348e+42 0 0 1
0.25483 4.20276e+44 4.20276e+44 4.20276e+44 4.20276e+44 4.20276e+44 4.99853e+42 0 3.31748e+51 9.13969e+42 4.64348e+42 0 0 1
0.294273 3.27214e+44 3.27214e+44 3.27214e+44 3.27214e+44 3.27214e+44 3.92663e+42 0 3.73974e+51 7.91464e+42 4.64348e+42 0 0 1
0.339821 2.55096e+44 2.55096e+44 2.55096e+44 2.55096e+44 2.55096e+44 3.09021e+42 0 4.19916e+51 6.85379e+42 4.64348e+42 0 0 1
0.392419 1.99129e+44 1.99129e+44 1.99129e+44 1.99129e+44 1.99129e+44 2.43618e+42 0 4.69323e+51 5.93513e+42 4.64348e+42 0 0 1
0.453158 1.55634e+44 1.55634e+44 1.55634e+44 1.55634e+44 1.55634e+44 1.92372e+42 0 5.21699e+51 5.1396e+42 4.64348e+42 0 0 1
0.523299 1.21785e+44 1.21785e+44 1.21785e+44 1.21785e+44 1.21785e+44 1.52137e+42 0 5.76216e+51 4.45071e+42 4.64348e+42 0 0 1
0.604296 9.5404e+43 9.5404e+43 9.5404e+43 9.5404e+43 9.5404e+43 1.20486e+42 0 6.31634e+51 3.85415e+42 4.64348e+42 0 0 1
0.697831 7.48157e+43 7.48157e+43 7.48157e+43 7.48157e+43 7.48157e+43 9.55402e+41 0 6.86208e+51 3.33755e+42 4.64348e+42 0 0 1
0.805842 5.87263e+43 5.87263e+43 5.87263e+43 5.87263e+43 5.87263e+43 7.5844e+41 0 7.37615e+51 2.89019e+42 4.64348e+42 0 0 1
0.930572 4.61362e+43 4.61362e+43 4.61362e+43 4.61362e+43 4.61362e+43 6.02662e+41 0 7.82905e+51 2.50279e+42 4.64348e+42 0 0 1
1.07461 3.62723e+43 3.62723e+43 3.62723e+43 3.62723e+43 3.62723e+43 4.79264e+41 0 8.18522e+51 2.16732e+42 4.64348e+42 0 0 1
1.24094 2.85351e+43 2.85351e+43 2.85351e+43 2.85351e+43 2.85351e+43 3.81374e+41 0 8.40435e+51 1.87682e+42 4.64348e+42 0 0 1
1.43301 2.24597e+43 2.24597e+43 2.24597e+43 2.24597e+43 2.24597e+43 3.0362e+41 0 8.44432e+51 1.62525e+42 4.64348e+42 0 0 1
1.65482 1.76845e+43 1.76845e+43 1.76845e+43 1.76845e+43 1.76845e+43 2.4179e+41 0 8.2664e+51 1.4074e+42 4.64348e+42 0 0 1
1.91095 1.39279e+43 1.39279e+43 1.39279e+43 1.39279e+43 1.39279e+43 1.92575e+41 0 7.84268e+51 1.21876e+42 4.64348e+42 0 0 1
2.20673 1.09705e+43 1.09705e+43 1.09705e+43 1.09705e+43 1.09705e+43 1.53372e+41 0 7.16555e+51 1.05539e+42 4.64348e+42 0 0 1
2.5483 8.64078e+42 8.64078e+42 8.64078e+42 8.64078e+42 8.64078e+42 1.22124e+41 0 6.2571e+51 9.13925e+41 4.64348e+42 0 0 1
2.94273 6.80467e+42 6.80467e+42 6.80467e+42 6.80467e+42 6.80467e+42 9.72085e+40 0 5.17527e+51 7.9142e+41 4.64348e+42 0 0 1
3.39821 5.35709e+42 5.35709e+42 5.35709e+42 5.35709e+42 5.35709e+42 7.7337e+40 0 4.012e+51 6.85335e+41 4.64348e+42 0 0 1
3.92419 4.21563e+42 4.21563e+42 4.21563e+42 4.21563e+42 4.21563e+42 6.14885e+40 0 2.87989e+51 5.93469e+41 4.64348e+42 0 0 1
4.53158 3.31552e+42 3.31552e+42 3.31552e+42 3.31552e+42 3.31552e+42 4.88506e+40 0 1.8877e+51 5.13917e+41 4.64348e+42 0 0 1
5.23299 2.60581e+42 2.60581e+42 2.60581e+42 2.60581e+42 2.60581e+42 3.87764e+40 0 1.11218e+51 4.45027e+41 4.64348e+42 0 0 1
6.04296 2.04639e+42 2.04639e+42 2.04639e+42 2.04639e+42 2.04639e+42 3.07502e+40 0 5.78572e+50 3.85371e+41 4.64348e+42 0 0 1
6.97831 1.60561e+42 1.60561e+42 1.60561e+42 1.60561e+42 1.60561e+42 2.43599e+40 0 2.6044e+50 3.33711e+41 4.64348e+42 0 0 1
8.05842 1.2585e+42 1.2585e+42 1.2585e+42 1.2585e+42 1.2585e+42 1.92764e+40 0 9.91426e+49 2.88976e+41 4.64348e+42 0 0 1
9.30572 9.85364e+41 9.85364e+41 9.85364e+41 9.85364e+41 9.85364e+41 1.52362e+40 0 3.10901e+49 2.50236e+41 4.64348e+42 0 0 1
10.7461 7.70602e+41 7.70602e+41 7.70602e+41 7.70602e+41 7.70602e+41 1.20286e+40 0 7.79306e+48 2.16689e+41 4.64348e+42 0 0 1
12.4094 6.01899e+41 6.01899e+41 6.01899e+41 6.01899e+41 6.01899e+41 9.4848e+39 0 1.50814e+48 1.87639e+41 4.64348e+42 0 0 1
14.3301 4.69517e+41 4.69517e+41 4.69517e+41 4.69517e+41 4.69517e+41 7.46993e+39 0 2.16486e+47 1.62482e+41 4.64348e+42 0 0 1
16.5482 3.65755e+41 3.65755e+41 3.65755e+41 3.65755e+41 3.65755e+41 5.87594e+39 0 2.20083e+46 1.40697e+41 4.64348e+42 0 0 1
19.1095 2.84524e+41 2.84524e+41 2.84524e+41 2.84524e+41 2.84524e+41 4.6165e+39 0 1.50218e+45 1.21832e+41 4.64348e+42 0 0 1
22.0673 2.21013e+41 2.21013e+41 2.21013e+41 2.21013e+41 2.21013e+41 3.62264e+39 0 6.47223e+43 1.05496e+41 4.64348e+42 0 0 1
25.483 1.71425e+41 1.71425e+41 1.71425e+41 1.71425e+41 1.71425e+41 2.83935e+39 0 1.6393e+42 9.13492e+40 4.64348e+42 0 0 1
29.4273 1.32762e+41 1.32762e+41 1.32762e+41 1.32762e+41 1.32762e+41 2.22277e+39 0 2.24812e+40 7.90987e+40 4.64348e+42 0 0 1
33.9821 1.0266e+41 1.0266e+41 1.0266e+41 1.0266e+41 1.0266e+41 1.73802e+39 0 1.5181e+38 6.84902e+40 4.64348e+42 0 0 1
39.2419 7.92593e+40 7.92593e+40 7.92593e+40 7.92593e+40 7.92593e+40 1.35738e+39 0 4.52353e+35 5.93036e+40 4.64348e+42 0 0 1
45.3158 6.10953e+40 6.10953e+40 6.10953e+40 6.10953e+40 6.10953e+40 1.05884e+39 0 5.24027e+32 5.13484e+40 4.64348e+42 0 0 1
52.3299 4.70183e+40 4.70183e+40 4.70183e+40 4.70183e+40 4.70183e+40 8.24976e+38 0 2.03903e+29 4.44594e+40 4.64348e+42 0 0 1
60.4296 3.6126e+40 3.6126e+40 3.6126e+40 3.6126e+40 3.6126e+40 6.41992e+38 0 2.25086e+25 3.84938e+40 4.64348e+42 0 0 1
69.7831 2.77114e+40 2.77114e+40 2.77114e+40 2.77114e+40 2.77114e+40 4.98987e+38 0 5.8002e+20 3.33278e+40 4.64348e+42 0 0 1
80.5842 2.12215e+40 2.12215e+40 2.12215e+40 2.12215e+40 2.12215e+40 3.87358e+38 0 2.78554e+15 2.88543e+40 4.64348e+42 0 0 1
93.0572 1.62244e+40 1.62244e+40 1.62244e+40 1.62244e+40 1.62244e+40 3.00323e+38 0 1.92228e+09 2.49803e+40 4.64348e+42 0 0 1
107.461 1.23831e+40 1.23831e+40 1.23831e+40 1.23831e+40 1.23831e+40 2.32545e+38 0 141.172 2.16256e+40 4.64348e+42 0 0 1
124.094 9.43532e+39 9.43532e+39 9.43532e+39 9.43532e+39 9.43532e+39 1.79827e+38 0 7.80021e-07 1.87206e+40 4.64348e+42 0 0 1
143.301 7.17702e+39 7.17702e+39 7.17702e+39 7.17702e+39 7.17702e+39 1.38874e+38 0 2.17262e-16 1.62049e+40 4.64348e+42 0 0 1
165.482 5.44992e+39 5.44992e+39 5.44992e+39 5.44992e+39 5.44992e+39 1.07099e+38 0 1.92111e-27 1.40265e+40 4.64348e+42 0 0 1
191.095 4.13136e+39 4.13136e+39 4.13136e+39 4.13136e+39 4.13136e+39 8.24771e+37 0 3.16155e-40 1.214e+40 4.64348e+42 0 0 1
220.673 3.12646e+39 3.12646e+39 3.12646e+39 3.12646e+39 3.12646e+39 6.34239e+37 0 5.22663e-55 1.05064e+40 4.64348e+42 0 0 1
254.83 2.36195e+39 2.36195e+39 2.36195e+39 2.36195e+39 2.36195e+39 4.86997e+37 0 4.25852e-72 9.09172e+39 4.64348e+42 0 0 1
294.273 1.78135e+39 1.78135e+39 1.78135e+39 1.78135e+39 1.78135e+39 3.7337e+37 0 7.51421e-92 7.86669e+39 4.64348e+42 0 0 1
339.821 1.34119e+39 1.34119e+39 1.34119e+39 1.34119e+39 1.34119e+39 2.85809e+37 0 1.11095e-114 6.80586e+39 4.64348e+42 0 0 1
392.419 1.0081e+39 1.0081e+39 1.0081e+39 1.0081e+39 1.0081e+39 2.18437e+37 0 4.59679e-141 5.88723e+39 4.64348e+42 0 0 1
453.158 7.56473e+38 7.56473e+38 7.56473e+38 7.56473e+38 7.56473e+38 1.66676e+37 0 1.50044e-171 5.09173e+39 4.64348e+42 0 0 1
523.299 5.66724e+38 5.66724e+38 5.66724e+38 5.66724e+38 5.66724e+38 1.26974e+37 0 8.95186e-207 4.40287e+39 4.64348e+42 0 0 1
604.296 4.23885e+38 4.23885e+38 4.23886e+38 4.23886e+38 4.23886e+38 9.65689e+36 0 1.80373e-247 3.80635e+39 4.64348e+42 0 0 1
697.831 3.16547e+38 3.16547e+38 3.16547e+38 3.16547e+38 3.16547e+38 7.33228e+36 0 0 3.2898e+39 4.64348e+42 0 0 1
805.842 2.36024e+38 2.36024e+38 2.36024e+38 2.36024e+38 2.36024e+38 5.55799e+36 0 0 2.84249e+39 4.64348e+42 0 0 1
930.572 1.75719e+38 1.75719e+38 1.75719e+38 1.75719e+38 1.75719e+38 4.20606e+36 0 0 2.45516e+39 4.64348e+42 0 0 1
1074.61 1.30632e+38 1.30632e+38 1.30632e+38 1.30632e+38 1.30632e+38 3.17774e+36 0 0 2.11976e+39 4.64348e+42 0 0 1
1240.94 9.69771e+37 9.69771e+37 9.69771e+37 9.69771e+37 9.69771e+37 2.39693e+36 0 0 1.82934e+39 4.64348e+42 0 0 1
1433.01 7.18958e+37 7.18958e+37 7.18959e+37 7.18959e+37 7.18959e+37 1.80511e+36 0 0 1.57786e+39 4.64348e+42 0 0 1
1654.82 5.32331e+37 5.32331e+37 5.32331e+37 5.32331e+37 5.32331e+37 1.35732e+36 0 0 1.36012e+39 4.64348e+42 0 0 1
1910.95 3.9367e+37 3.9367e+37 3.9367e+37 3.9367e+37 3.9367e+37 1.0191e+36 0 0 1.1716e+39 4.64348e+42 0 0 1
2206.73 2.90797e+37 2.90797e+37 2.90798e+37 2.90798e+37 2.90798e+37 7.64084e+35 0 0 1.00838e+39 4.64348e+42 0 0 1
2548.3 2.14581e+37 2.14581e+37 2.14581e+37 2.14581e+37 2.14581e+37 5.72124e+35 0 0 8.67076e+38 4.64348e+42 0 0 1
2942.73 1.58188e+37 1.58188e+37 1.58188e+37 1.58188e+37 1.58188e+37 4.27868e+35 0 0 7.4476e+38 4.64348e+42 0 0 1
3398.21 1.16515e+37 1.16515e+37 1.16515e+37 1.16515e+37 1.16515e+37 3.19633e+35 0 0 6.38892e+38 4.64348e+42 0 0 1
3924.19 8.57557e+36 8.57557e+36 8.57558e+36 8.57558e+36 8.57558e+36 2.38547e+35 0 0 5.47275e+38 4.64348e+42 0 0 1
4531.58 6.30764e+36 6.30764e+36 6.30765e+36 6.30765e+36 6.30765e+36 1.77887e+35 0 0 4.68008e+38 4.64348e+42 0 0 1
5232.99 4.63713e+36 4.63713e+36 4.63713e+36 4.63713e+36 4.63713e+36 1.32568e+35 0 0 3.99444e+38 4.64348e+42 0 0 1
6042.96 3.40775e+36 3.40775e+36 3.40775e+36 3.40775e+36 3.40775e+36 9.87494e+34 0 0 3.40161e+38 4.64348e+42 0 0 1
6978.31 2.50372e+36 2.50372e+36 2.50372e+36 2.50372e+36 2.50372e+36 7.35398e+34 0 0 2.88927e+38 4.64348e+42 0 0 1
8058.42 1.83938e+36 1.83938e+36 1.83938e+36 1.83938e+36 1.83938e+36 5.47642e+34 0 0 2.44676e+38 4.64348e+42 0 0 1
9305.72 1.35144e+36 1.35144e+36 1.35144e+36 1.35144e+36 1.35144e+36 4.07903e+34 0 0 2.06488e+38 4.64348e+42 0 0 1
10746.1 9.93197e+35 9.93197e+35 9.93198e+35 9.93198e+35 9.93198e+35 3.03954e+34 0 0 1.73566e+38 4.64348e+42 0 0 1
12409.4 7.30248e+35 7.30248e+35 7.30249e+35 7.30249e+35 7.30249e+35 2.2665e+34 0 0 1.45222e+38 4.64348e+42 0 0 1
14330.1 5.3726e+35 5.3726e+35 5.37261e+35 5.37261e+35 5.37261e+35 1.69164e+34 0 0 1.20862e+38 4.64348e+42 0 0 1
16548.2 3.95606e+35 3.95606e+35 3.95607e+35 3.95607e+35 3.95607e+35 1.26407e+34 0 0 9.99721e+37 4.64348e+42 0 0 1
19109.5 2.91603e+35 2.91603e+35 2.91604e+35 2.91604e+35 2.91604e+35 9.45897e+33 0 0 8.21079e+37 4.64348e+42 0 0 1
22067.3 2.15207e+35 2.15207e+35 2.15208e+35 2.15208e+35 2.15208e+35 7.08957e+33 0 0 6.68856e+37 4.64348e+42 0 0 1
25483 1.59052e+35 1.59052e+35 1.59053e+35 1.59053e+35 1.59053e+35 5.32327e+33 0 0 5.39722e+37 4.64348e+42 0 0 1
29427.3 1.17738e+35 1.17738e+35 1.17738e+35 1.17738e+35 1.17738e+35 4.00485e+33 0 0 4.30786e+37 4.64348e+42 0 0 1
33982.1 8.73093e+34 8.73093e+34 8.73096e+34 8.73096e+34 8.73096e+34 3.01919e+33 0 0 3.39526e+37 4.64348e+42 0 0 1
39241.9 6.4868e+34 6.4868e+34 6.48683e+34 6.48683e+34 6.48683e+34 2.28097e+33 0 0 2.63727e+37 4.64348e+42 0 0 1
45315.8 4.82922e+34 4.82922e+34 4.82924e+34 4.82924e+34 4.82924e+34 1.72695e+33 0 0 2.01432e+37 4.64348e+42 0 0 1
52329.9 3.60276e+34 3.60276e+34 3.60278e+34 3.60278e+34 3.60278e+34 1.31025e+33 0 0 1.50891e+37 4.64348e+42 0 0 1
60429.6 2.69355e+34 2.69355e+34 2.69357e+34 2.69357e+34 2.69357e+34 9.96111e+32 0 0 1.10523e+37 4.64348e+42 0 0 1
69783.1 2.01813e+34 2.01813e+34 2.01815e+34 2.01815e+34 2.01815e+34 7.58718e+32 0 0 7.88832e+36 4.64348e+42 0 0 1
80584.2 1.51529e+34 1.51529e+34 1.5153e+34 1.5153e+34 1.5153e+34 5.7889e+32 0 0 5.46414e+36 4.64348e+42 0 0 1
93057.2 1.14008e+34 1.14008e+34 1.14009e+34 1.14009e+34 1.14009e+34 4.42349e+32 0 0 3.65638e+36 4.64348e+42 0 0 1
107461 8.59462e+33 8.59462e+33 8.59468e+33 8.59468e+33 8.59468e+33 3.38444e+32 0 0 2.35098e+36 4.64348e+42 0 0 1
124094 6.49107e+33 6.49107e+33 6.49112e+33 6.49112e+33 6.49112e+33 2.59213e+32 0 0 1.44356e+36 4.64348e+42 0 0 1
143301 4.9107e+33 4.9107e+33 4.91073e+33 4.91073e+33 4.91073e+33 1.98687e+32 0 0 8.40443e+35 4.64348e+42 0 0 1
165482 3.72084e+33 3.72084e+33 3.72087e+33 3.72087e+33 3.72087e+33 1.52379e+32 0 0 4.60143e+35 4.64348e+42 0 0 1
191095 2.82319e+33 2.82319e+33 2.82321e+33 2.82321e+33 2.82321e+33 1.16903e+32 0 0 2.34671e+35 4.64348e+42 0 0 1
220673 2.14474e+33 2.14474e+33 2.14475e+33 2.14475e+33 2.14475e+33 8.9699e+31 0 0 1.10264e+35 4.64348e+42 0 0 1
254830 1.63109e+33 1.63109e+33 1.6311e+33 1.6311e+33 1.6311e+33 6.88236e+31 0 0 4.71317e+34 4.64348e+42 0 0 1
294273 1.24163e+33 1.24163e+33 1.24164e+33 1.24164e+33 1.24164e+33 5.27972e+31 0 0 1.80606e+34 4.64348e+42 0 0 1
339821 9.45951e+32 9.45951e+32 9.4596e+32 9.4596e+32 9.4596e+32 4.0491e+31 0 0 6.10022e+33 4.64348e+42 0 0 1
392419 7.21205e+32 7.21205e+32 7.21212e+32 7.21212e+32 7.21212e+32 3.10412e+31 0 0 1.78103e+33 4.64348e+42 0 0 1
453158 5.50206e+32 5.50206e+32 5.50211e+32 5.50211e+32 5.50211e+32 2.37858e+31 0 0 4.39452e+32 4.64348e+42 0 0 1
523299 4.19988e+32 4.19988e+32 4.19992e+32 4.19992e+32 4.19992e+32 1.82169e+31 4.24205e+29 0 8.92804e+31 4.64348e+42 0 0 1
604296 3.20749e+32 3.20749e+32 3.20752e+32 3.20752e+32 3.20752e+32 1.3944e+31 4.26037e+29 0 1.44924e+31 4.64348e+42 0 0 1
697831 2.45068e+32 2.45068e+32 2.45071e+32 2.45071e+32 2.45071e+32 1.0667e+31 4.27868e+29 0 1.81545e+30 4.64348e+42 0 0 1
805842 1.8732e+32 1.8732e+32 1.87322e+32 1.87322e+32 1.87322e+32 8.1553e+30 4.29699e+29 0 1.68601e+29 4.64348e+42 0 0 1
930572 1.43233e+32 1.43233e+32 1.43234e+32 1.43234e+32 1.43234e+32 6.23121e+30 4.31531e+29 0 1.1083e+28 4.64348e+42 0 0 1
1.07461e+06 1.0956e+32 1.0956e+32 1.09561e+32 1.09561e+32 1.09561e+32 4.75825e+30 4.33638e+29 0 4.88816e+26 4.64348e+42 0 0 1
1.24094e+06 8.38302e+31 8.38302e+31 8.38309e+31 8.38309e+31 8.38309e+31 3.63141e+30 4.34214e+29 0 1.35987e+25 4.64348e+42 0 0 1
1.43301e+06 6.4163e+31 6.4163e+31 6.41635e+31 6.41635e+31 6.41635e+31 2.76997e+30 4.34949e+29 0 2.22197e+23 4.64348e+42 0 0 1
1.65482e+06 4.91246e+31 4.91246e+31 4.9125e+31 4.9125e+31 4.9125e+31 2.11188e+30 4.35898e+29 0 1.96378e+21 4.64348e+42 0 0 1
1.91095e+06 3.76219e+31 3.76219e+31 3.76222e+31 3.76222e+31 3.76222e+31 1.60946e+30 4.37215e+29 0 8.53602e+18 4.64348e+42 0 0 1
2.20673e+06 2.88207e+31 2.88207e+31 2.88209e+31 2.88209e+31 2.88209e+31 1.22612e+30 4.38924e+29 0 1.63501e+16 4.64348e+42 0 0 1
2.5483e+06 2.20844e+31 2.20844e+31 2.20846e+31 2.20846e+31 2.20846e+31 9.33812e+29 4.41167e+29 0 1.21564e+13 4.64348e+42 0 0 1
2.94273e+06 1.6927e+31 1.6927e+31 1.69271e+31 1.69271e+31 1.69271e+31 7.11016e+29 4.44113e+29 0 3.03036e+09 4.64348e+42 0 0 1
3.39821e+06 1.29773e+31 1.29773e+31 1.29774e+31 1.29774e+31 1.29774e+31 5.41278e+29 4.48222e+29 0 213860 4.64348e+42 0 0 1
3.92419e+06 9.95162e+30 9.95162e+30 9.95168e+30 9.95168e+30 9.95168e+30 4.12005e+29 4.53555e+29 0 3.51464 4.64348e+42 0 0 1
4.53158e+06 7.63319e+30 7.63319e+30 7.63323e+30 7.63323e+30 7.63323e+30 3.13587e+29 4.60432e+29 0 1.07347e-05 4.64348e+42 0 0 1
5.23299e+06 5.85628e+30 5.85628e+30 5.85631e+30 5.85631e+30 5.85631e+30 2.38686e+29 4.69128e+29 0 4.69612e-12 4.64348e+42 0 0 1
6.04296e+06 4.49418e+30 4.49418e+30 4.49421e+30 4.49421e+30 4.49421e+30 1.81721e+29 4.80659e+29 0 2.17818e-19 4.64348e+42 0 0 1
6.97831e+06 3.44993e+30 3.44993e+30 3.44995e+30 3.44995e+30 3.44995e+30 1.38428e+29 4.94253e+29 0 7.56845e-28 4.64348e+42 0 0 1
8.05842e+06 2.64937e+30 2.64937e+30 2.64938e+30 2.64938e+30 2.64938e+30 1.05571e+29 5.10314e+29 0 1.3191e-37 4.64348e+42 0 0 1
9.30572e+06 2.03576e+30 2.03576e+30 2.03577e+30 2.03577e+30 2.03577e+30 8.06968e+28 5.2851e+29 0 7.25688e-49 4.64348e+42 0 0 1
1.07461e+07 1.56572e+30 1.56572e+30 1.56573e+30 1.56573e+30 1.56573e+30 6.19549e+28 5.5031e+29 0 7.38112e-62 4.64348e+42 0 0 1
1.24094e+07 1.20585e+30 1.20585e+30 1.20586e+30 1.20586e+30 1.20586e+30 4.78958e+28 5.7173e+29 0 7.48417e-77 4.64348e+42 0 0 1
1.43301e+07 9.30626e+29 9.30626e+29 9.30629e+29 9.30629e+29 9.30629e+29 3.74382e+28 5.92655e+29 0 3.70716e-94 4.64348e+42 0 0 1
1.65482e+07 7.20463e+29 7.20463e+29 7.20466e+29 7.20466e+29 7.20466e+29 2.9753e+28 6.12082e+29 0 3.93635e-114 4.64348e+42 0 0 1
1.91095e+07 5.60464e+29 5.60464e+29 5.60466e+29 5.60466e+29 5.60466e+29 2.42361e+28 6.28829e+29 0 3.4611e-137 4.64348e+42 0 0 1
2.20673e+07 4.38732e+29 4.38732e+29 4.38733e+29 4.38733e+29 4.38733e+29 2.03186e+28 6.43276e+29 0 8.40181e-164 4.64348e+42 0 0 1
2.5483e+07 3.46499e+29 3.46499e+29 3.465e+29 3.465e+29 3.465e+29 1.76476e+28 6.53412e+29 0 1.58383e-194 4.64348e+42 0 0 1
2.94273e+07 2.76646e+29 2.76646e+29 2.76647e+29 2.76647e+29 2.76647e+29 1.58637e+28 6.5354e+29 0 5.35909e-230 4.64348e+42 0 0 1
3.39821e+07 2.23877e+29 2.23877e+29 2.23878e+29 2.23878e+29 2.23878e+29 1.473e+28 6.41867e+29 0 5.99703e-271 4.64348e+42 0 0 1
3.92419e+07 1.837e+29 1.837e+29 1.83701e+29 1.83701e+29 1.83701e+29 1.3968e+28 6.18077e+29 0 0 4.64348e+42 0 0 1
4.53158e+07 1.532e+29 1.532e+29 1.532e+29 1.532e+29 1.532e+29 1.34866e+28 5.86359e+29 0 0 4.64348e+42 0 0 1
5.23299e+07 1.29839e+29 1.29839e+29 1.29839e+29 1.29839e+29 1.29839e+29 1.31484e+28 5.49786e+29 0 0 4.64348e+42 0 0 1
6.04296e+07 1.11429e+29 1.11429e+29 1.1143e+29 1.1143e+29 1.1143e+29 1.27935e+28 5.04756e+29 0 0 4.64348e+42 0 0 1
6.97831e+07 9.64764e+28 9.64764e+28 9.64766e+28 9.64766e+28 9.64766e+28 1.23423e+28 4.52275e+29 0 0 4.64348e+42 0 0 1
8.05842e+07 8.40145e+28 8.40145e+28 8.40147e+28 8.40147e+28 8.40147e+28 1.17765e+28 3.93216e+29 0 0 4.64348e+42 0 0 1
9.30572e+07 7.32533e+28 7.32533e+28 7.32535e+28 7.32535e+28 7.32535e+28 1.10714e+28 3.29644e+29 0 0 4.64348e+42 0 0 1
1.07461e+08 6.35665e+28 6.35665e+28 6.35667e+28 6.35667e+28 6.35667e+28 1.02041e+28 2.65162e+29 0 0 4.64348e+42 2.12354 0 1
1.24094e+08 5.50224e+28 5.50224e+28 5.50226e+28 5.50226e+28 5.50226e+28 9.28405e+27 2.09886e+29 0 0 4.64348e+42 1.86556 0 1
1.43301e+08 4.72277e+28 4.72277e+28 4.72278e+28 4.72278e+28 4.72278e+28 8.29293e+27 1.6319e+29 0 0 4.64348e+42 1.63893 0 1
1.65482e+08 4.00224e+28 4.00224e+28 4.00225e+28 4.00225e+28 4.00225e+28 7.24988e+27 1.24864e+29 0 0 4.64348e+42 1.43982 0 1
1.91095e+08 3.31338e+28 3.31338e+28 3.31339e+28 3.31339e+28 3.31339e+28 6.13527e+27 9.30943e+28 0 0 4.64348e+42 1.26491 0 1
2.20673e+08 2.717e+28 2.717e+28 2.717e+28 2.717e+28 2.717e+28 5.12218e+27 6.97709e+28 0 0 4.64348e+42 1.11124 0 1
2.5483e+08 2.19446e+28 2.19446e+28 2.19447e+28 2.19447e+28 2.19447e+28 4.19352e+27 5.17022e+28 0 0 4.64348e+42 0.976247 0 1
2.94273e+08 1.74416e+28 1.74416e+28 1.74416e+28 1.74416e+28 1.74416e+28 3.36549e+27 3.78899e+28 0 0 4.64348e+42 0.857649 0 1
3.39821e+08 1.35181e+28 1.35181e+28 1.35182e+28 1.35182e+28 1.35182e+28 2.62068e+27 2.7275e+28 0 0 4.64348e+42 0.786701 0 1
3.92419e+08 1.04477e+28 1.04477e+28 1.04477e+28 1.04477e+28 1.04477e+28 2.03383e+27 1.99545e+28 0 0 4.64348e+42 0.753459 0 1
4.53158e+08 7.97363e+27 7.97363e+27 7.97365e+27 7.97365e+27 7.97365e+27 1.55511e+27 1.45317e+28 0 0 4.64348e+42 0.721622 0 1
5.23299e+08 5.99865e+27 5.99865e+27 5.99866e+27 5.99866e+27 5.99866e+27 1.16918e+27 1.05386e+28 0 0 4.64348e+42 0.69113 0 1
6.04296e+08 4.46307e+27 4.46307e+27 4.46308e+27 4.46308e+27 4.46308e+27 8.67651e+26 7.56215e+27 0 0 4.64348e+42 0.661926 0 1
6.97831e+08 3.35602e+27 3.35602e+27 3.35603e+27 3.35603e+27 3.35603e+27 6.5206e+26 5.53834e+27 0 0 4.64348e+42 0.633957 0 1
8.05842e+08 2.51097e+27 2.51097e+27 2.51097e+27 2.51097e+27 2.51097e+27 4.87186e+26 4.04938e+27 0 0 4.64348e+42 0.607169 0 1
9.30572e+08 1.86751e+27 1.86751e+27 1.86752e+27 1.86752e+27 1.86752e+27 3.61454e+26 2.95364e+27 0 0 4.64348e+42 0.581513 0 1
1.07461e+09 1.37382e+27 1.37382e+27 1.37383e+27 1.37383e+27 1.37383e+27 2.64699e+26 2.12391e+27 0 0 4.64348e+42 0.583609 0 1
1.24094e+09 1.02949e+27 1.02949e+27 1.02949e+27 1.02949e+27 1.02949e+27 1.98153e+26 1.56264e+27 0 0 4.64348e+42 0.613758 0 1
1.43301e+09 7.72439e+26 7.72439e+26 7.72441e+26 7.72441e+26 7.72441e+26 1.48559e+26 1.14662e+27 0 0 4.64348e+42 0.645464 0 1
1.65482e+09 5.78077e+26 5.78077e+26 5.78079e+26 5.78079e+26 5.78079e+26 1.11031e+26 8.38816e+26 0 0 4.64348e+42 0.678808 0 1
1.91095e+09 4.28305e+26 4.28305e+26 4.28307e+26 4.28307e+26 4.28307e+26 8.19863e+25 6.03584e+26 0 0 4.64348e+42 0.713875 0 1
2.20673e+09 3.22843e+26 3.22843e+26 3.22844e+26 3.22844e+26 3.22844e+26 6.17983e+25 4.45046e+26 0 0 4.64348e+42 0.750753 0 1
2.5483e+09 2.42783e+26 2.42783e+26 2.42783e+26 2.42783e+26 2.42783e+26 4.64492e+25 3.27235e+26 0 0 4.64348e+42 0.789536 0 1
2.94273e+09 1.8189e+26 1.8189e+26 1.81891e+26 1.81891e+26 1.81891e+26 3.47533e+25 2.39843e+26 0 0 4.64348e+42 0.830323 0 1
3.39821e+09 1.34325e+26 1.34325e+26 1.34325e+26 1.34325e+26 1.34325e+26 2.55538e+25 1.72906e+26 0 0 4.64348e+42 0.873217 0 1
3.92419e+09 1.01036e+26 1.01036e+26 1.01036e+26 1.01036e+26 1.01036e+26 1.9209e+25 1.27578e+26 0 0 4.64348e+42 0.918326 0 1
4.53158e+09 7.58025e+25 7.58025e+25 7.58027e+25 7.58027e+25 7.58027e+25 1.43943e+25 9.37964e+25 0 0 4.64348e+42 0.965766 0 1
5.23299e+09 5.67166e+25 5.67166e+25 5.67168e+25 5.67168e+25 5.67168e+25 1.07506e+25 6.86786e+25 0 0 4.64348e+42 1.01566 0 1
6.04296e+09 4.17657e+25 4.17657e+25 4.17658e+25 4.17658e+25 4.17658e+25 7.87499e+24 4.95021e+25 0 0 4.64348e+42 1.06812 0 1
6.97831e+09 3.13737e+25 3.13737e+25 3.13738e+25 3.13738e+25 3.13738e+25 5.90978e+24 3.64837e+25 0 0 4.64348e+42 1.1233 0 1
8.05842e+09 2.3505e+25 2.3505e+25 2.35051e+25 2.35051e+25 2.35051e+25 4.42092e+24 2.68148e+25 0 0 4.64348e+42 1.18133 0 1
9.30572e+09 1.75208e+25 1.75208e+25 1.75208e+25 1.75208e+25 1.75208e+25 3.28705e+24 1.96529e+25 0 0 4.64348e+42 1.24236 0 1
1.07461e+10 1.28797e+25 1.28797e+25 1.28798e+25 1.28798e+25 1.28798e+25 2.4029e+24 1.42089e+25 0 0 4.64348e+42 1.39395 0 1
1.24094e+10 9.61111e+24 9.61111e+24 9.61115e+24 9.61115e+24 9.61115e+24 1.78964e+24 1.05062e+25 0 0 4.64348e+42 1.66868 0 1
1.43301e+10 7.1359e+24 7.1359e+24 7.13593e+24 7.13593e+24 7.13593e+24 1.32503e+24 7.74875e+24 0 0 4.64348e+42 1.99755 0 1
1.65482e+10 5.28335e+24 5.28335e+24 5.28337e+24 5.28337e+24 5.28337e+24 9.78035e+23 5.69732e+24 0 0 4.64348e+42 2.39123 0 1
1.91095e+10 3.85352e+24 3.85352e+24 3.85354e+24 3.85354e+24 3.85354e+24 7.08898e+23 4.11903e+24 0 0 4.64348e+42 2.86251 0 1
2.20673e+10 2.85827e+24 2.85827e+24 2.85828e+24 2.85828e+24 2.85828e+24 5.25041e+23 3.04724e+24 0 0 4.64348e+42 3.42667 34.7254 1
2.5483e+10 2.11279e+24 2.11279e+24 2.1128e+24 2.1128e+24 2.1128e+24 3.87534e+23 2.24676e+24 0 0 4.64348e+42 4.10201 22.9578 1
2.94273e+10 1.5566e+24 1.5566e+24 1.5566e+24 1.5566e+24 1.5566e+24 2.85156e+23 1.65071e+24 0 0 4.64348e+42 4.91046 15.5417 1
3.39821e+10 1.12897e+24 1.12897e+24 1.12898e+24 1.12898e+24 1.12898e+24 2.06002e+23 1.1906e+24 0 0 4.64348e+42 5.87824 10.7604 1
3.92419e+10 8.33898e+23 8.33898e+23 8.33901e+23 8.33901e+23 8.33901e+23 1.5256e+23 8.80669e+23 0 0 4.64348e+42 7.03675 7.61059 1
4.53158e+10 6.13068e+23 6.13068e+23 6.1307e+23 6.1307e+23 6.1307e+23 1.12632e+23 6.49755e+23 0 0 4.64348e+42 8.42359 5.49245 1
5.23299e+10 4.48113e+23 4.48113e+23 4.48115e+23 4.48115e+23 4.48115e+23 8.28944e+22 4.77995e+23 0 0 4.64348e+42 10.0837 4.04008 1
6.04296e+10 3.21324e+23 3.21324e+23 3.21326e+23 3.21326e+23 3.21326e+23 5.99126e+22 3.45127e+23 0 0 4.64348e+42 12.0711 3.02568 1
6.97831e+10 2.33103e+23 2.33103e+23 2.33104e+23 2.33104e+23 2.33104e+23 4.42722e+22 2.55813e+23 0 0 4.64348e+42 14.4501 2.3047 1
8.05842e+10 1.67209e+23 1.67209e+23 1.6721e+23 1.6721e+23 1.6721e+23 3.25534e+22 1.89141e+23 0 0 4.64348e+42 17.298 1.78376 1
9.30572e+10 1.18563e+23 1.18563e+23 1.18564e+23 1.18564e+23 1.18564e+23 2.38326e+22 1.39421e+23 0 0 4.64348e+42 20.7072 1.40144 1
1.07461e+11 8.20984e+22 8.20984e+22 8.20992e+22 8.20992e+22 8.20992e+22 1.71153e+22 1.00756e+23 0 0 4.64348e+42 24.7883 1.11671 1
1.24094e+11 5.75593e+22 5.75593e+22 5.75599e+22 5.75599e+22 5.75599e+22 1.25853e+22 7.47347e+22 0 0 4.64348e+42 29.6737 0.901709 1
1.43301e+11 4.00784e+22 4.00784e+22 4.00789e+22 4.00789e+22 4.00789e+22 9.23185e+21 5.5266e+22 0 0 4.64348e+42 35.522 0.737233 1
1.65482e+11 2.77746e+22 2.77746e+22 2.7775e+22 2.7775e+22 2.7775e+22 6.75452e+21 4.07231e+22 0 0 4.64348e+42 42.5228 0.609868 1
1.91095e+11 1.89477e+22 1.89477e+22 1.8948e+22 1.8948e+22 1.8948e+22 4.85296e+21 2.939e+22 0 0 4.64348e+42 50.9034 0.510106 1
2.20673e+11 1.32316e+22 1.32316e+22 1.32319e+22 1.32319e+22 1.32319e+22 3.57728e+21 2.17728e+22 0 0 4.64348e+42 60.9357 0.431129 1
2.5483e+11 9.25584e+21 9.25584e+21 9.25604e+21 9.25604e+21 9.25604e+21 2.6311e+21 1.60767e+22 0 0 4.64348e+42 72.9453 0.367983 1
2.94273e+11 6.49217e+21 6.49217e+21 6.49232e+21 6.49232e+21 6.49232e+21 1.9303e+21 1.18257e+22 0 0 4.64348e+42 87.3217 0.317029 1
3.39821e+11 4.50412e+21 4.50412e+21 4.50423e+21 4.50423e+21 4.50423e+21 1.38997e+21 8.5143e+21 0 0 4.64348e+42 0 0.275565 1
3.92419e+11 3.21692e+21 3.21692e+21 3.217e+21 3.217e+21 3.217e+21 1.02702e+21 6.29438e+21 0 0 4.64348e+42 0 0.241562 1
4.53158e+11 2.30685e+21 2.30685e+21 2.30691e+21 2.30691e+21 2.30691e+21 7.56686e+20 4.6367e+21 0 0 4.64348e+42 0 0.213483 1
5.23299e+11 1.66032e+21 1.66032e+21 1.66036e+21 1.66036e+21 1.66036e+21 5.55752e+20 3.4016e+21 0 0 4.64348e+42 0 0.190154 1
6.04296e+11 1.18026e+21 1.18026e+21 1.18029e+21 1.18029e+21 1.18029e+21 4.00137e+20 2.44061e+21 0 0 4.64348e+42 0 0.170669 1
6.97831e+11 8.64575e+20 8.64575e+20 8.64599e+20 8.64599e+20 8.64599e+20 2.95652e+20 1.79861e+21 0 0 4.64348e+42 0 0.154323 1
8.05842e+11 6.34796e+20 6.34796e+20 6.34813e+20 6.34813e+20 6.34813e+20 2.17723e+20 1.32032e+21 0 0 4.64348e+42 0 0.140565 1
9.30572e+11 4.66741e+20 4.66741e+20 4.66753e+20 4.66753e+20 4.66753e+20 1.59756e+20 9.64867e+20 0 0 4.64348e+42 0 0.12896 1
1.07461e+12 3.37663e+20 3.37663e+20 3.37671e+20 3.37671e+20 3.37671e+20 1.14787e+20 6.88826e+20 0 0 4.64348e+42 0 0.119166 1
1.24094e+12 2.51451e+20 2.51451e+20 2.51457e+20 2.51457e+20 2.51457e+20 8.4667e+19 5.05347e+20 0 0 4.64348e+42 0 0.110908 1
1.43301e+12 1.87117e+20 1.87117e+20 1.87121e+20 1.87121e+20 1.87121e+20 6.22157e+19 3.69124e+20 0 0 4.64348e+42 0 0.103969 1
1.65482e+12 1.39009e+20 1.39009e+20 1.39012e+20 1.39012e+20 1.39012e+20 4.55312e+19 2.68269e+20 0 0 4.64348e+42 0 0.098177 1
1.91095e+12 1.01203e+20 1.01203e+20 1.01205e+20 1.01205e+20 1.01205e+20 3.25886e+19 1.90176e+20 0 0 4.64348e+42 0 0.0933933 1
2.20673e+12 7.57362e+19 7.57363e+19 7.57378e+19 7.57378e+19 7.57378e+19 2.3955e+19 1.3864e+20 0 0 4.64348e+42 0 0.0895108 1
2.5483e+12 5.64831e+19 5.64832e+19 5.64843e+19 5.64843e+19 5.64843e+19 1.75333e+19 1.00568e+20 0 0 4.64348e+42 0 0.0864461 1
2.94273e+12 4.19475e+19 4.19475e+19 4.19483e+19 4.19483e+19 4.19483e+19 1.27737e+19 7.25349e+19 0 0 4.64348e+42 0 0.0841374 1
3.39821e+12 3.04213e+19 3.04214e+19 3.04219e+19 3.04219e+19 3.04219e+19 9.08641e+18 5.09184e+19 0 0 4.64348e+42 0 0.082541 1
3.92419e+12 2.26652e+19 2.26653e+19 2.26656e+19 2.26656e+19 2.26656e+19 6.6425e+18 3.67987e+19 0 0 4.64348e+42 0 0.08163 1
4.53158e+12 1.67956e+19 1.67956e+19 1.67958e+19 1.67958e+19 1.67958e+19 4.83186e+18 2.64408e+19 0 0 4.64348e+42 0 0.0813928 1
5.23299e+12 1.23715e+19 1.23715e+19 1.23717e+19 1.23717e+19 1.23717e+19 3.49593e+18 1.88729e+19 0 0 4.64348e+42 0 0.0818329 1
6.04296e+12 8.87091e+18 8.87091e+18 8.87104e+18 8.87104e+18 8.87104e+18 2.4641e+18 1.30713e+19 0 0 4.64348e+42 0 0.0829683 1
6.97831e+12 6.53741e+18 6.53742e+18 6.53751e+18 6.53751e+18 6.53751e+18 1.78667e+18 9.3357e+18 0 0 4.64348e+42 0 0.0848322 1
8.05842e+12 4.78519e+18 4.78519e+18 4.78525e+18 4.78525e+18 4.78525e+18 1.28794e+18 6.6222e+18 0 0 4.64348e+42 0 0.0874729 1
9.30572e+12 3.47705e+18 3.47705e+18 3.47709e+18 3.47709e+18 3.47709e+18 9.22549e+17 4.66075e+18 0 0 4.64348e+42 0 0.0909553 1
1.07461e+13 2.45126e+18 2.45127e+18 2.4513e+18 2.4513e+18 2.4513e+18 6.41783e+17 3.1692e+18 0 0 4.64348e+42 0 0.0953611 1
1.24094e+13 1.77861e+18 1.77861e+18 1.77863e+18 1.77863e+18 1.77863e+18 4.59974e+17 2.22782e+18 0 0 4.64348e+42 0 0.10079 1
1.43301e+13 1.28032e+18 1.28033e+18 1.28034e+18 1.28034e+18 1.28034e+18 3.27378e+17 1.55324e+18 0 0 4.64348e+42 0 0.10736 1
1.65482e+13 9.13774e+17 9.13775e+17 9.13784e+17 9.13784e+17 9.13784e+17 2.31238e+17 1.07273e+18 0 0 4.64348e+42 0 0.115206 1
1.91095e+13 6.30093e+17 6.30095e+17 6.30101e+17 6.30101e+17 6.30101e+17 1.57949e+17 7.11423e+17 0 0 4.64348e+42 0 0.12448 1
2.20673e+13 4.48264e+17 4.48265e+17 4.4827e+17 4.4827e+17 4.4827e+17 1.11405e+17 4.89584e+17 0 0 4.64348e+42 0 0.135345 1
2.5483e+13 3.15966e+17 3.15967e+17 3.1597e+17 3.1597e+17 3.1597e+17 7.79152e+16 3.33549e+17 0 0 4.64348e+42 0 0.147968 1
2.94273e+13 2.205e+17 2.20501e+17 2.20503e+17 2.20503e+17 2.20503e+17 5.39923e+16 2.24632e+17 0 0 4.64348e+42 0 0.162507 1
3.39821e+13 1.47788e+17 1.47789e+17 1.47791e+17 1.47791e+17 1.47791e+17 3.59607e+16 1.43979e+17 0 0 4.64348e+42 0 0.179093 1
3.92419e+13 1.0258e+17 1.02581e+17 1.02582e+17 1.02582e+17 1.02582e+17 2.48188e+16 9.63129e+16 0 0 4.64348e+42 0 0.197804 1
4.53158e+13 7.04204e+16 7.04211e+16 7.04218e+16 7.04218e+16 7.04218e+16 1.69517e+16 6.36285e+16 0 0 4.64348e+42 0 0.218621 1
5.23299e+13 4.77697e+16 4.77703e+16 4.77708e+16 4.77708e+16 4.77708e+16 1.14473e+16 4.1436e+16 0 0 4.64348e+42 0 0.241387 1
6.04296e+13 3.08514e+16 3.0852e+16 3.08523e+16 3.08523e+16 3.08523e+16 7.36388e+15 2.53463e+16 0 0 4.64348e+42 0 0.265741 1
6.97831e+13 2.07503e+16 2.07508e+16 2.07509e+16 2.07509e+16 2.07509e+16 4.93529e+15 1.63253e+16 0 0 4.64348e+42 0 0.291055 1
8.05842e+13 1.37695e+16 1.37699e+16 1.377e+16 1.377e+16 1.377e+16 3.26473e+15 1.03518e+16 0 0 4.64348e+42 0 0.316368 1
9.30572e+13 9.00405e+15 9.00433e+15 9.0044e+15 9.0044e+15 9.0044e+15 2.12902e+15 6.4462e+15 0 0 4.64348e+42 0 0.340344 1
1.07461e+14 5.53167e+15 5.53189e+15 5.53193e+15 5.53193e+15 5.53193e+15 1.30498e+15 3.69623e+15 0 0 4.64348e+42 0 0 1
1.24094e+14 3.56991e+15 3.57012e+15 3.57014e+15 3.57014e+15 3.57014e+15 8.40456e+14 2.26333e+15 0 0 4.64348e+42 0 0 1
1.43301e+14 2.26493e+15 2.26516e+15 2.26518e+15 2.26518e+15 2.26518e+15 5.32308e+14 1.35879e+15 0 0 4.64348e+42 0 0 1
1.65482e+14 1.41046e+15 1.41075e+15 1.41077e+15 1.41077e+15 1.41077e+15 3.3103e+14 7.97159e+14 0 0 4.64348e+42 0 0 1
1.91095e+14 8.08202e+14 8.08549e+14 8.08556e+14 8.08556e+14 8.08556e+14 1.89518e+14 4.17514e+14 0 0 4.64348e+42 0 0 1
2.20673e+14 4.93123e+14 4.93539e+14 4.93543e+14 4.93543e+14 4.93543e+14 1.15565e+14 2.38934e+14 0 0 4.64348e+42 0 0 1
2.5483e+14 2.94205e+14 2.94655e+14 2.94658e+14 2.94658e+14 2.94658e+14 6.89404e+13 1.33356e+14 0 0 4.64348e+42 0 0 1
2.94273e+14 1.71322e+14 1.71762e+14 1.71763e+14 1.71763e+14 1.71763e+14 4.01634e+13 7.22731e+13 0 0 4.64348e+42 0 0 1
3.39821e+14 8.87341e+13 8.90894e+13 8.90901e+13 8.90901e+13 8.90901e+13 2.08296e+13 3.32771e+13 0 0 4.64348e+42 0 0 1
3.92419e+14 5.00603e+13 5.0353e+13 5.03534e+13 5.03534e+13 5.03534e+13 1.17704e+13 1.73926e+13 0 0 4.64348e+42 0 0 1
4.53158e+14 2.74055e+13 2.76264e+13 2.76266e+13 2.76266e+13 2.76266e+13 6.4577e+12 8.80826e+12 0 0 4.64348e+42 0 0 1
5.23299e+14 1.45374e+13 1.4691e+13 1.46911e+13 1.46911e+13 1.46911e+13 3.43457e+12 4.29716e+12 0 0 4.64348e+42 0 0 1
6.04296e+14 6.48517e+12 6.57107e+12 6.57112e+12 6.57112e+12 6.57112e+12 1.53752e+12 1.6411e+12 0 0 4.64348e+42 0 0 1
6.97831e+14 3.27841e+12 3.3308e+12 3.33082e+12 3.33082e+12 3.33082e+12 7.7975e+11 7.58845e+11 0 0 4.64348e+42 0 0 1
8.05842e+14 1.59028e+12 1.61991e+12 1.61993e+12 1.61993e+12 1.61993e+12 3.795e+11 3.37402e+11 0 0 4.64348e+42 0 0 1
9.30572e+14 7.40255e+11 7.55873e+11 7.55879e+11 7.55879e+11 7.55879e+11 1.7724e+11 1.43163e+11 0 0 4.64348e+42 0 0 1
1.07461e+15 2.63558e+11 2.69691e+11 2.69694e+11 2.69694e+11 2.69694e+11 6.33661e+10 4.12873e+10 0 0 4.64348e+42 0 0 1
1.24094e+15 1.13856e+11 1.16713e+11 1.16714e+11 1.16714e+11 1.16714e+11 2.74595e+10 1.61095e+10 0 0 4.64348e+42 0 0 1
1.43301e+15 4.62646e+10 4.74905e+10 4.74909e+10 4.74909e+10 4.74909e+10 1.11919e+10 5.99532e+09 0 0 4.64348e+42 0 0 1
1.65482e+15 1.77341e+10 1.82216e+10 1.82218e+10 1.82218e+10 1.82218e+10 4.3027e+09 2.11522e+09 0 0 4.64348e+42 0 0 1
1.91095e+15 4.46166e+09 4.58691e+09 4.58695e+09 4.58695e+09 4.58695e+09 1.08721e+09 3.90456e+08 0 0 4.64348e+42 0 0 1
2.20673e+15 1.52431e+09 1.56739e+09 1.5674e+09 1.5674e+09 1.5674e+09 3.7247e+08 1.18544e+08 0 0 4.64348e+42 0 0 1
2.5483e+15 4.70981e+08 4.84215e+08 4.84219e+08 4.84219e+08 4.84219e+08 1.15436e+08 3.39427e+07 0 0 4.64348e+42 0 0 1
2.94273e+15 1.31017e+08 1.34636e+08 1.34637e+08 1.34637e+08 1.34637e+08 3.22284e+07 9.31302e+06 0 0 4.64348e+42 0 0 1
3.39821e+15 1.93618e+07 1.98824e+07 1.98825e+07 1.98825e+07 1.98825e+07 4.79146e+06 849009 0 0 4.64348e+42 0 0 1
3.92419e+15 4.57957e+06 4.69837e+06 4.69841e+06 4.69841e+06 4.69841e+06 1.1379e+06 173167 0 0 4.64348e+42 0 0 1
4.53158e+15 914400 937102 937110 937110 937110 228353 31905.5 0 0 4.64348e+42 0 0 1
5.23299e+15 145594 149029 149031 149031 149031 36620.1 5755.72 0 0 4.64348e+42 0 0 1
6.04296e+15 9214.5 9419.8 9419.88 9419.88 9419.88 2346.17 197.406 0 0 4.64348e+42 0 0 1
6.97831e+15 1173.24 1197.78 1197.79 1197.79 1197.79 301.509 20.937 0 0 4.64348e+42 0 0 1
8.05842e+15 112.39 114.586 114.587 114.587 114.587 29.2345 1.75297 0 0 4.64348e+42 0 0 1
9.30572e+15 7.28357 7.41589 7.41596 7.41596 7.41596 1.92395 0.136523 0 0 4.64348e+42 0 0 1
1.07461e+16 0.107437 0.109245 0.109246 0.109246 0.109246 0.0292306 0.00121661 0 0 4.64348e+42 0 0 1
1.24094e+16 0.00474336 0.00481697 0.00481701 0.00481701 0.00481701 0.0013215 4.34728e-05 0 0 4.64348e+42 0 0 1
1.43301e+16 0.000122312 0.000124057 0.000124058 0.000124058 0.000124058 3.52548e-05 9.51178e-07 0 0 4.64348e+42 0 0 1
1.65482e+16 1.7337e-06 1.75636e-06 1.75638e-06 1.75638e-06 1.75638e-06 5.23033e-07 1.36104e-08 0 0 4.64348e+42 0 0 1
1.91095e+16 2.52858e-09 2.5588e-09 2.55882e-09 2.55882e-09 2.55882e-09 8.19189e-10 1.66396e-11 0 0 4.64348e+42 0 0 1
2.20673e+16 1.44979e-11 1.46558e-11 1.4656e-11 1.4656e-11 1.4656e-11 5.11575e-12 8.79267e-14 0 0 4.64348e+42 0 0 1
2.5483e+16 2.81267e-14 2.84054e-14 2.84056e-14 2.84056e-14 2.84056e-14 1.12062e-14 1.65532e-16 0 0 4.64348e+42 0 0 1
2.94273e+16 1.84439e-17 1.86098e-17 1.861e-17 1.861e-17 1.861e-17 8.68422e-18 1.07756e-19 0 0 4.64348e+42 0 0 1
3.39821e+16 6.53368e-22 6.58692e-22 6.58698e-22 6.58698e-22 6.58698e-22 3.86282e-22 3.78535e-24 0 0 4.64348e+42 0 0 1
3.92419e+16 5.63322e-26 5.67472e-26 5.67478e-26 5.67478e-26 5.67478e-26 4.5111e-26 3.25349e-28 0 0 4.64348e+42 0 0 1
4.53158e+16 8.05385e-31 8.10743e-31 8.1075e-31 8.1075e-31 8.1075e-31 9.59017e-31 4.64145e-33 0 0 4.64348e+42 0 0 1
5.23299e+16 1.79086e-36 1.8016e-36 1.80162e-36 1.80162e-36 1.80162e-36 3.53023e-36 1.02875e-38 0 0 4.64348e+42 0 0 1
6.04296e+16 8.87213e-44 8.92002e-44 8.9201e-44 8.9201e-44 8.9201e-44 3.25816e-43 5.06608e-46 0 0 4.64348e+42 0 0 1
6.97831e+16 3.89433e-51 3.91322e-51 3.91326e-51 3.91326e-51 3.91326e-51 3.02271e-50 2.19381e-53 0 0 4.64348e+42 0 0 1
8.05842e+16 9.17561e-60 9.21559e-60 9.21568e-60 9.21568e-60 9.21568e-60 2.44343e-58 4.85326e-62 0 0 4.64348e+42 0 0 1
9.30572e+16 0 0 0 0 0 0 0 0 0 4.64348e+42 0 0 1