
1.07461e-07 0 0 3.9228e-130 1.44511e+49 2.21362e+59 6.8717e+57 0 1.89743e+42 0 4.64348e+42 0 0 0
1.24094e-07 0 0 3.8509e-106 1.65049e+49 1.98918e+59 6.18531e+57 0 2.19112e+42 0 4.64348e+42 0 0 0
1.43301e-07 0 0 2.3385e-85 1.88268e+49 1.78524e+59 5.56152e+57 0 2.53027e+42 0 4.64348e+42 0 0 0
1.65482e-07 0 0 2.364e-67 2.14451e+49 1.59996e+59 4.99468e+57 0 2.92191e+42 0 4.64348e+42 0 0 0
1.91095e-07 0 0 9.37533e-52 2.43893e+49 1.43166e+59 4.47965e+57 0 3.37416e+42 0 4.64348e+42 0 0 0
2.20673e-07 0 0 3.06426e-38 2.76896e+49 1.27884e+59 4.01178e+57 0 3.89642e+42 0 4.64348e+42 0 0 0
2.5483e-07 0 0 1.56968e-26 3.1376e+49 1.14013e+59 3.58685e+57 0 4.49952e+42 0 4.64348e+42 0 0 0
2.94273e-07 0 0 2.19865e-16 3.54773e+49 1.01427e+59 3.20104e+57 0 5.19596e+42 0 4.64348e+42 0 0 0
3.39821e-07 0 0 1.3635e-07 4.00201e+49 9.00163e+58 2.85091e+57 0 6.00021e+42 0 4.64348e+42 0 0 0
3.92419e-07 0 0 5.68232 4.50271e+49 7.96784e+58 2.53333e+57 0 6.92893e+42 0 4.64348e+42 0 0 0
4.53158e-07 0 0 2.28391e+07 5.05153e+49 7.03224e+58 2.24547e+57 0 8.0014e+42 0 4.64348e+42 0 0 0
5.23299e-07 0 0 1.2105e+13 5.64941e+49 6.18657e+58 1.98478e+57 0 9.23988e+42 0 4.64348e+42 0 0 0
6.04296e-07 0 0 1.10919e+18 6.29627e+49 5.42343e+58 1.74898e+57 0 1.067e+43 0 4.64348e+42 0 0 0
6.97831e-07 0 0 2.22141e+22 6.99082e+49 4.73611e+58 1.53598e+57 0 1.23216e+43 0 4.64348e+42 0 0 0
8.05842e-07 0 0 1.19124e+26 7.73034e+49 4.11859e+58 1.34393e+57 0 1.42287e+43 0 4.64348e+42 0 0 0
9.30572e-07 0 0 2.03912e+29 8.51057e+49 3.56542e+58 1.17112e+57 0 1.64311e+43 0 4.64348e+42 0 0 0
1.07461e-06 0 0 1.29734e+32 9.32573e+49 3.07167e+58 1.01606e+57 0 1.89743e+43 0 4.64348e+42 0 0 0
1.24094e-06 0 0 3.49995e+34 1.01687e+50 2.63285e+58 8.77357e+56 0 2.19112e+43 0 4.64348e+42 0 0 0
1.43301e-06 0 0 4.48805e+36 1.10317e+50 2.24484e+58 7.53777e+56 0 2.53027e+43 0 4.64348e+42 0 0 0
1.65482e-06 0 0 3.02015e+38 1.19068e+50 1.90382e+58 6.44182e+56 0 2.92191e+43 0 4.64348e+42 0 0 0
1.91095e-06 0 0 1.16219e+40 1.27878e+50 1.6062e+58 5.47525e+56 0 3.37416e+43 0 4.64348e+42 0 0 0
2.20673e-06 0 0 2.75563e+41 1.36716e+50 1.34856e+58 4.62831e+56 0 3.89642e+43 0 4.64348e+42 0 0 0
2.5483e-06 0 0 4.29638e+42 1.45607e+50 1.12755e+58 3.89178e+56 0 4.49952e+43 0 4.64348e+42 0 0 0
2.94273e-06 0 0 4.66212e+43 1.54655e+50 9.39873e+57 3.25675e+56 0 5.19596e+43 0 4.64348e+42 0 0 0
3.39821e-06 0 0 3.70057e+44 1.64071e+50 7.8222e+57 2.71453e+56 0 6.00021e+43 0 4.64348e+42 0 0 0
3.92419e-06 0 0 2.24452e+45 1.74188e+50 6.51254e+57 2.25643e+56 0 6.92893e+43 0 4.64348e+42 0 0 0
4.53158e-06 0 0 1.08094e+46 1.8547e+50 5.43617e+57 1.87372e+56 0 8.0014e+43 0 4.64348e+42 0 0 0
5.23299e-06 0 0 4.27416e+46 1.98497e+50 4.55966e+57 1.55761e+56 0 9.23988e+43 0 4.64348e+42 0 0 0
6.04296e-06 0 0 1.42844e+47 2.13928e+50 3.85039e+57 1.29923e+56 0 1.067e+44 0 4.64348e+42 0 0 0
6.97831e-06 0 0 4.13554e+47 2.32446e+50 3.27748e+57 1.08986e+56 0 1.23216e+44 0 4.64348e+42 0 0 0
8.05842e-06 0 0 1.05872e+48 2.54684e+50 2.8128e+57 9.2105e+55 0 1.42287e+44 0 4.64348e+42 0 0 0
9.30572e-06 0 0 2.43732e+48 2.81166e+50 2.4319e+57 7.8492e+55 0 1.64311e+44 0 4.64348e+42 0 0 0
1.07461e-05 0 0 5.11534e+48 3.12276e+50 2.1147e+57 6.7442e+55 0 1.89743e+44 0 4.64348e+42 0 0 0
1.24094e-05 0 0 9.89899e+48 3.48266e+50 1.84566e+57 5.83556e+55 0 2.19112e+44 0 4.64348e+42 0 0 0
1.43301e-05 0 0 1.78345e+49 3.89331e+50 1.61353e+57 5.0752e+55 0 2.53026e+44 0 4.64348e+42 0 0 0
1.65482e-05 0 0 3.01723e+49 4.35698e+50 1.4106e+57 4.4269e+55 0 2.9219e+44 0 4.64348e+42 0 0 0
1.91095e-05 0 0 4.83084e+49 4.87725e+50 1.23182e+57 3.86512e+55 0 3.37416e+44 0 4.64348e+42 0 0 0
2.20673e-05 0 0 7.37255e+49 5.45981e+50 1.07386e+57 3.37277e+55 0 3.89642e+44 0 4.64348e+42 0 0 0
2.5483e-05 0 0 1.07954e+50 6.11286e+50 9.3437e+56 2.93873e+55 0 4.49952e+44 0 4.64348e+42 0 0 0
2.94273e-05 0 0 1.52561e+50 6.84733e+50 8.11491e+56 2.55558e+55 0 5.19596e+44 0 4.64348e+42 0 0 0
3.39821e-05 0 0 2.09178e+50 7.67699e+50 7.03595e+56 2.21785e+55 0 6.0002e+44 0 4.64348e+42 0 0 0
3.92419e-05 0 0 2.79541e+50 8.61857e+50 6.09173e+56 1.92105e+55 0 6.92892e+44 0 4.64348e+42 0 0 0
4.53158e-05 0 0 3.65562e+50 9.69188e+50 5.26793e+56 1.66116e+55 0 8.00139e+44 0 4.64348e+42 0 0 0
5.23299e-05 0 0 4.69388e+50 1.092e+51 4.55098e+56 1.43434e+55 0 9.23986e+44 0 4.64348e+42 0 0 0
6.04296e-05 0 0 5.93476e+50 1.23295e+51 3.92816e+56 1.237e+55 0 1.067e+45 0 4.64348e+42 0 0 0
6.97831e-05 0 0 7.40665e+50 1.39509e+51 3.38774e+56 1.0657e+55 0 1.23215e+45 0 4.64348e+42 0 0 0
8.05842e-05 0 0 9.14283e+50 1.58199e+51 2.91911e+56 9.17265e+54 0 1.42287e+45 0 4.64348e+42 0 0 0
9.30572e-05 0 0 1.11829e+51 1.79787e+51 2.51286e+56 7.88772e+54 0 1.6431e+45 0 4.64348e+42 0 0 0
0.000107461 0 0 1.35746e+51 2.04783e+51 2.16076e+56 6.77603e+54 0 1.89742e+45 0 4.64348e+42 0 0 0
0.000124094 0 0 1.63764e+51 2.33804e+51 1.8557e+56 5.81453e+54 0 2.19111e+45 0 4.64348e+42 0 0 0
0.000143301 0 0 1.96593e+51 2.67593e+51 1.59158e+56 4.98322e+54 0 2.53025e+45 0 4.64348e+42 0 0 0
0.000165482 0 0 2.35089e+51 3.07037e+51 1.3631e+56 4.26485e+54 0 2.92189e+45 0 4.64348e+42 0 0 0
0.000191095 0 0 2.80274e+51 3.53182e+51 1.16566e+56 3.64462e+54 0 3.37414e+45 0 4.64348e+42 0 0 0
0.000220673 0 0 3.33365e+51 4.07264e+51 9.95235e+55 3.10968e+54 0 3.89639e+45 0 4.64348e+42 0 0 0
0.00025483 0 0 3.95815e+51 4.70753e+51 8.48309e+55 2.64887e+54 0 4.49948e+45 0 4.64348e+42 0 0 0
0.000294273 0 0 4.69368e+51 5.45407e+51 7.21804e+55 2.25243e+54 0 5.19591e+45 0 4.64348e+42 0 0 0
0.000339821 0 0 5.56118e+51 6.33336e+51 6.13031e+55 1.91184e+54 0 6.00013e+45 0 4.64348e+42 0 0 0
0.000392419 0 0 6.58573e+51 7.3706e+51 5.19644e+55 1.61964e+54 0 6.92883e+45 0 4.64348e+42 0 0 0
0.000453158 0 0 7.79733e+51 8.59589e+51 4.39594e+55 1.36935e+54 0 8.00127e+45 0 4.64348e+42 0 0 0
0.000523299 0 0 9.23182e+51 1.00451e+52 3.71095e+55 1.15532e+54 0 9.2397e+45 0 4.64348e+42 0 0 0
0.000604296 0 0 1.09321e+52 1.17614e+52 3.12585e+55 9.72621e+53 0 1.06698e+46 0 4.64348e+42 0 0 0
0.000697831 0 0 1.29496e+52 1.37961e+52 2.62705e+55 8.16968e+53 0 1.23213e+46 0 4.64348e+42 0 0 0
0.000805842 0 0 1.53461e+52 1.6211e+52 2.20267e+55 6.8462e+53 0 1.42283e+46 0 4.64348e+42 0 0 0
0.000930572 0 0 1.81956e+52 1.90803e+52 1.84239e+55 5.72328e+53 0 1.64305e+46 0 4.64348e+42 0 0 0
0.00107461 0 0 2.1587e+52 2.24931e+52 1.53721e+55 4.77266e+53 0 1.89736e+46 0 4.64348e+42 0 0 0
0.00124094 0 0 2.56275e+52 2.65564e+52 1.27932e+55 3.96977e+53 0 2.19102e+46 0 4.64348e+42 0 0 0
0.00143301 0 0 3.04461e+52 3.13994e+52 1.06192e+55 3.29333e+53 0 2.53013e+46 0 4.64348e+42 0 0 0
0.00165482 0 0 3.61986e+52 3.71781e+52 8.79118e+54 2.72486e+53 0 2.92173e+46 0 4.64348e+42 0 0 0
0.00191095 0 0 4.30733e+52 4.40809e+52 7.2582e+54 2.2484e+53 0 3.37393e+46 0 4.64348e+42 0 0 0
0.00220673 0 0 5.12984e+52 5.23359e+52 5.97613e+54 1.85015e+53 0 3.89611e+46 0 4.64348e+42 0 0 0
0.0025483 0 0 6.11505e+52 6.222e+52 4.90691e+54 1.5182e+53 0 4.4991e+46 0 4.64348e+42 0 0 0
0.00294273 0 0 7.29656e+52 7.40695e+52 4.01777e+54 1.24232e+53 0 5.1954e+46 0 4.64348e+42 0 0 0
0.00339821 0 0 8.71532e+52 8.82938e+52 3.28055e+54 1.01371e+53 0 5.99946e+46 0 4.64348e+42 0 0 0
0.00392419 0 0 1.04212e+53 1.05392e+53 2.67113e+54 8.24849e+52 0 6.92793e+46 0 4.64348e+42 0 0 0
0.00453158 0 0 1.24751e+53 1.25973e+53 2.16888e+54 6.69293e+52 0 8.00007e+46 0 4.64348e+42 0 0 0
0.00523299 0 0 1.49515e+53 1.50782e+53 1.75621e+54 5.41565e+52 0 9.2381e+46 0 4.64348e+42 0 0 0
0.00604296 0 0 1.79348e+53 1.80665e+53 1.41819e+54 4.37011e+52 0 1.06677e+47 0 4.64348e+42 0 0 0
0.00697831 0 0 2.14464e+53 2.15826e+53 1.14216e+54 3.51692e+52 0 1.23184e+47 0 4.64348e+42 0 0 0
0.00805842 0 0 2.51676e+53 2.5306e+53 9.17446e+53 2.82282e+52 0 1.42245e+47 0 4.64348e+42 0 0 0
0.00930572 0 0 2.82416e+53 2.8376e+53 7.35058e+53 2.25988e+52 0 1.64255e+47 0 4.64348e+42 0 0 0
0.0107461 0 0 2.97127e+53 2.98351e+53 5.87465e+53 1.80469e+52 0 1.89668e+47 0 4.64348e+42 0 0 0
0.0124094 0 0 2.91993e+53 2.93034e+53 4.68379e+53 1.4377e+52 0 2.19012e+47 0 4.64348e+42 0 0 0
0.0143301 0 0 2.702e+53 2.71034e+53 3.72567e+53 1.14268e+52 0 2.52893e+47 0 4.64348e+42 0 0 0
0.0165482 0 0 2.38387e+53 2.39024e+53 2.95695e+53 9.06169e+51 0 2.92013e+47 0 4.64348e+42 0 0 0
0.0191095 0 0 2.0296e+53 2.0343e+53 2.34183e+53 7.17083e+51 0 3.3718e+47 0 4.64348e+42 0 0 0
0.0220673 0 0 1.68415e+53 1.68752e+53 1.85089e+53 5.66303e+51 0 3.89327e+47 0 4.64348e+42 0 0 0
0.025483 0 0 1.37225e+53 1.37463e+53 1.46003e+53 4.46367e+51 0 4.49531e+47 0 4.64348e+42 0 0 0
0.0294273 0 0 1.10382e+53 1.10548e+53 1.14958e+53 3.5119e+51 0 5.19035e+47 0 4.64348e+42 0 0 0
0.0339821 0 0 8.7985e+52 8.80995e+52 9.03549e+52 2.75831e+51 0 5.99272e+47 0 4.64348e+42 0 0 0
0.0392419 0 0 6.96751e+52 6.97536e+52 7.08983e+52 2.16289e+51 0 6.91895e+47 0 4.64348e+42 0 0 0
0.0453158 1.06451e-260 1.06451e-260 5.49117e+52 5.49652e+52 5.55425e+52 1.69339e+51 0 7.98809e+47 1.21904e-263 4.64348e+42 0 0 0
0.0523299 3.78373e-179 3.78373e-179 4.31202e+52 4.31566e+52 4.34462e+52 1.32386e+51 0 9.22213e+47 4.77825e-182 4.64348e+42 0 0 0
0.0604296 6.54901e-119 6.54901e-119 3.37653e+52 3.379e+52 3.39345e+52 1.03354e+51 0 1.06464e+48 9.14609e-122 4.64348e+42 0 0 0
0.0697831 2.00719e-74 2.00719e-74 2.63793e+52 2.6396e+52 2.64679e+52 8.05824e+50 0 1.229e+48 3.10709e-77 4.64348e+42 0 0 0
0.0805842 1.40339e-41 1.40339e-41 2.05691e+52 2.05804e+52 2.0616e+52 6.27485e+50 0 1.41867e+48 2.41264e-44 4.64348e+42 0 0 0
0.0930572 2.4419e-17 2.4419e-17 1.60114e+52 1.6019e+52 1.60366e+52 4.88021e+50 0 1.6375e+48 4.67013e-20 4.64348e+42 0 0 0
0.107461 18.5986 18.5986 1.24444e+52 1.24495e+52 1.24582e+52 3.79108e+50 0 1.88995e+48 0.0396311 4.64348e+42 0 0 0
0.124094 2.83063e+14 2.83063e+14 9.65818e+51 9.66162e+51 9.66586e+51 2.94165e+50 0 2.18115e+48 6.73003e+11 4.64348e+42 0 0 0
0.143301 1.45012e+24 1.45012e+24 7.48549e+51 7.4878e+51 7.48988e+51 2.27997e+50 0 2.51697e+48 3.85223e+21 4.64348e+42 0 0 0
0.165482 2.01597e+31 2.01597e+31 5.79385e+51 5.7954e+51 5.79641e+51 1.76517e+50 0 2.90418e+48 5.99163e+28 4.64348e+42 0 0 0
0.191095 3.55656e+36 3.55656e+36 4.47863e+51 4.47966e+51 4.48015e+51 1.3651e+50 0 3.35053e+48 1.18417e+34 4.64348e+42 0 0 0
0.220673 2.48955e+40 2.48955e+40 3.45746e+51 3.45815e+51 3.45839e+51 1.05455e+50 0 3.86492e+48 9.29806e+37 4.64348e+42 0 0 0
0.25483 1.60556e+43 1.60556e+43 2.66566e+51 2.66612e+51 2.66624e+51 8.1374e+49 0 4.45753e+48 6.73517e+40 4.64348e+42 0 0 0
0.294273 1.77791e+45 1.77791e+45 2.05251e+51 2.05281e+51 2.05287e+51 6.27222e+49 0 5.14e+48 8.3879e+42 4.64348e+42 0 0 0
0.339821 5.35505e+46 5.35505e+46 1.57832e+51 1.57852e+51 1.57855e+51 4.82913e+49 0 5.92562e+48 2.84509e+44 4.64348e+42 0 0 0
0.392419 6.16328e+47 6.16328e+47 1.21207e+51 1.21221e+51 1.21222e+51 3.71383e+49 0 6.82953e+48 3.69239e+45 4.64348e+42 0 0 0
0.453158 3.48443e+48 3.48443e+48 9.29582e+50 9.29672e+50 9.29679e+50 2.85284e+49 0 7.86895e+48 2.35705e+46 4.64348e+42 0 0 0
0.523299 1.16497e+49 1.16497e+49 7.11978e+50 7.12038e+50 7.12044e+50 2.18891e+49 0 9.0634e+48 8.90987e+46 4.64348e+42 0 0 0
0.604296 2.64183e+49 2.64183e+49 5.44593e+50 5.44633e+50 5.44636e+50 1.67754e+49 0 1.04349e+49 2.28747e+47 4.64348e+42 0 0 0
0.697831 4.49665e+49 4.49665e+49 4.16013e+50 4.16039e+50 4.1604e+50 1.28413e+49 0 1.20084e+49 4.41371e+47 4.64348e+42 0 0 0
0.805842 6.19104e+49 6.19104e+49 3.17379e+50 3.17396e+50 3.17397e+50 9.81837e+48 0 1.38117e+49 6.89771e+47 4.64348e+42 0 0 0
0.930572 7.28678e+49 7.28678e+49 2.41824e+50 2.41836e+50 2.41836e+50 7.4984e+48 0 1.58758e+49 9.22684e+47 4.64348e+42 0 0 0
1.07461 7.63736e+49 7.63736e+49 1.84031e+50 1.84039e+50 1.84039e+50 5.72013e+48 0 1.82352e+49 1.10044e+48 4.64348e+42 0 0 0
1.24094 7.34673e+49 7.34673e+49 1.39887e+50 1.39892e+50 1.39892e+50 4.35878e+48 0 2.09276e+49 1.20595e+48 4.64348e+42 0 0 0
1.43301 6.63246e+49 6.63246e+49 1.06215e+50 1.06218e+50 1.06218e+50 3.31791e+48 0 2.39941e+49 1.24165e+48 4.64348e+42 0 0 0
1.65482 5.71283e+49 5.71283e+49 8.05662e+49 8.05683e+49 8.05683e+49 2.52308e+48 0 2.74789e+49 1.22097e+48 4.64348e+42 0 0 0
1.91095 4.75253e+49 4.75253e+49 6.10551e+49 6.10565e+49 6.10565e+49 1.91687e+48 0 3.14285e+49 1.16066e+48 4.64348e+42 0 0 0
2.20673 3.85322e+49 3.85322e+49 4.62317e+49 4.62326e+49 4.62326e+49 1.45507e+48 0 3.58911e+49 1.07617e+48 4.64348e+42 0 0 0
2.5483 3.06522e+49 3.06522e+49 3.49831e+49 3.49837e+49 3.49837e+49 1.1037e+48 0 4.09146e+49 9.79707e+47 4.64348e+42 0 0 0
2.94273 2.40438e+49 2.40438e+49 2.64566e+49 2.6457e+49 2.6457e+49 8.36642e+47 0 4.65452e+49 8.79947e+47 4.64348e+42 0 0 0
3.39821 1.86666e+49 1.86666e+49 1.99999e+49 2.00001e+49 2.00001e+49 6.33868e+47 0 5.28235e+49 7.82562e+47 4.64348e+42 0 0 0
3.92419 1.4383e+49 1.4383e+49 1.51146e+49 1.51148e+49 1.51148e+49 4.80047e+47 0 5.97806e+49 6.90918e+47 4.64348e+42 0 0 0
4.53158 1.10221e+49 1.10221e+49 1.14211e+49 1.14212e+49 1.14212e+49 3.63457e+47 0 6.74325e+49 6.06769e+47 4.64348e+42 0 0 0
5.23299 8.41379e+48 8.41379e+48 8.63012e+48 8.6302e+48 8.6302e+48 2.75147e+47 0 7.57726e+49 5.30797e+47 4.64348e+42 0 0 0
6.04296 6.40538e+48 6.40538e+48 6.52212e+48 6.52217e+48 6.52217e+48 2.08295e+47 0 8.4762e+49 4.63018e+47 4.64348e+42 0 0 0
6.97831 4.86763e+48 4.86763e+48 4.93038e+48 4.93041e+48 4.93041e+48 1.57707e+47 0 9.4318e+49 4.03056e+47 4.64348e+42 0 0 0
8.05842 3.69496e+48 3.69496e+48 3.7286e+48 3.72862e+48 3.72862e+48 1.19437e+47 0 1.043e+50 3.50329e+47 4.64348e+42 0 0 0
9.30572 2.80319e+48 2.80319e+48 2.82123e+48 2.82124e+48 2.82124e+48 9.04897e+46 0 1.14495e+50 3.04165e+47 4.64348e+42 0 0 0
10.7461 2.12631e+48 2.12631e+48 2.13601e+48 2.13602e+48 2.13602e+48 6.85929e+46 0 1.24598e+50 2.63873e+47 4.64348e+42 0 0 0
12.4094 1.61313e+48 1.61313e+48 1.61841e+48 1.61842e+48 1.61842e+48 5.20268e+46 0 1.34202e+50 2.28786e+47 4.64348e+42 0 0 0
14.3301 1.22432e+48 1.22432e+48 1.22725e+48 1.22725e+48 1.22725e+48 3.94902e+46 0 1.42785e+50 1.98282e+47 4.64348e+42 0 0 0
16.5482 9.29792e+47 9.29792e+47 9.31473e+47 9.31476e+47 9.31476e+47 2.9999e+46 0 1.49709e+50 1.71792e+47 4.64348e+42 0 0 0
19.1095 7.06664e+47 7.06664e+47 7.07681e+47 7.07682e+47 7.07682e+47 2.28095e+46 0 1.54245e+50 1.48808e+47 4.64348e+42 0 0 0
22.0673 5.37565e+47 5.37565e+47 5.38222e+47 5.38223e+47 5.38223e+47 1.73603e+46 0 1.55619e+50 1.28877e+47 4.64348e+42 0 0 0
25.483 4.0934e+47 4.0934e+47 4.09798e+47 4.09798e+47 4.09798e+47 1.32269e+46 0 1.53096e+50 1.11602e+47 4.64348e+42 0 0 0
29.4273 3.12037e+47 3.12037e+47 3.12379e+47 3.12379e+47 3.12379e+47 1.00891e+46 0 1.46117e+50 9.66323e+46 4.64348e+42 0 0 0
33.9821 2.38134e+47 2.38134e+47 2.38404e+47 2.38405e+47 2.38405e+47 7.70498e+45 0 1.34461e+50 8.36638e+46 4.64348e+42 0 0 0
39.2419 1.81946e+47 1.81946e+47 1.8217e+47 1.8217e+47 1.8217e+47 5.8916e+45 0 1.18429e+50 7.24303e+46 4.64348e+42 0 0 0
45.3158 1.39179e+47 1.39179e+47 1.39369e+47 1.39369e+47 1.39369e+47 4.5108e+45 0 9.89671e+49 6.27006e+46 4.64348e+42 0 0 0
52.3299 1.06588e+47 1.06588e+47 1.06752e+47 1.06752e+47 1.06752e+47 3.45812e+45 0 7.76692e+49 5.42741e+46 4.64348e+42 0 0 0
60.4296 8.17188e+46 8.17188e+46 8.18624e+46 8.18624e+46 8.18624e+46 2.65452e+45 0 5.65691e+49 4.69764e+46 4.64348e+42 0 0 0
69.7831 6.27175e+46 6.27175e+46 6.28438e+46 6.28439e+46 6.28439e+46 2.04019e+45 0 3.77204e+49 4.06565e+46 4.64348e+42 0 0 0
80.5842 4.8181e+46 4.8181e+46 4.82927e+46 4.82927e+46 4.82927e+46 1.56989e+45 0 2.26743e+49 3.51836e+46 4.64348e+42 0 0 0
93.0572 3.70469e+46 3.70469e+46 3.71458e+46 3.71459e+46 3.71459e+46 1.20934e+45 0 1.20744e+49 3.04442e+46 4.64348e+42 0 0 0
107.461 2.85095e+46 2.85095e+46 2.85973e+46 2.85974e+46 2.85974e+46 9.32581e+44 0 5.58466e+48 2.63399e+46 4.64348e+42 0 0 0
124.094 2.19567e+46 2.19567e+46 2.20348e+46 2.20348e+46 2.20348e+46 7.19882e+44 0 2.19374e+48 2.27858e+46 4.64348e+42 0 0 0
143.301 1.69224e+46 1.69224e+46 1.69919e+46 1.69919e+46 1.69919e+46 5.56243e+44 0 7.13364e+47 1.97081e+46 4.64348e+42 0 0 0
165.482 1.30515e+46 1.30515e+46 1.31134e+46 1.31134e+46 1.31134e+46 4.30223e+44 0 1.86469e+47 1.70429e+46 4.64348e+42 0 0 0
191.095 1.00727e+46 1.00727e+46 1.01279e+46 1.01279e+46 1.01279e+46 3.3308e+44 0 3.78765e+46 1.4735e+46 4.64348e+42 0 0 0
220.673 7.77881e+45 7.77881e+45 7.82804e+45 7.82805e+45 7.82805e+45 2.58127e+44 0 5.74967e+45 1.27365e+46 4.64348e+42 0 0 0
254.83 6.01119e+45 6.01119e+45 6.05514e+45 6.05514e+45 6.05514e+45 2.00243e+44 0 6.2351e+44 1.10059e+46 4.64348e+42 0 0 0
294.273 4.64833e+45 4.64833e+45 4.6876e+45 4.6876e+45 4.6876e+45 1.55501e+44 0 4.58525e+43 9.50737e+45 4.64348e+42 0 0 0
339.821 3.59699e+45 3.59699e+45 3.6321e+45 3.6321e+45 3.6321e+45 1.20889e+44 0 2.15324e+42 8.20974e+45 4.64348e+42 0 0 0
392.419 2.78549e+45 2.78549e+45 2.81691e+45 2.81691e+45 2.81691e+45 9.40903e+43 0 6.02396e+40 7.08612e+45 4.64348e+42 0 0 0
453.158 2.15874e+45 2.15874e+45 2.18689e+45 2.18689e+45 2.18689e+45 7.33215e+43 0 9.26648e+38 6.11321e+45 4.64348e+42 0 0 0
523.299 1.67433e+45 1.67433e+45 1.69956e+45 1.69956e+45 1.69956e+45 5.72086e+43 0 7.14472e+36 5.27082e+45 4.64348e+42 0 0 0
604.296 1.29963e+45 1.29963e+45 1.32228e+45 1.32228e+45 1.32228e+45 4.46929e+43 0 2.48121e+34 4.54146e+45 4.64348e+42 0 0 0
697.831 1.00953e+45 1.00953e+45 1.02988e+45 1.02988e+45 1.02988e+45 3.49582e+43 0 3.43034e+31 3.91002e+45 4.64348e+42 0 0 0
805.842 7.84714e+44 7.84714e+44 8.03001e+44 8.03001e+44 8.03001e+44 2.73758e+43 0 1.63716e+28 3.36338e+45 4.64348e+42 0 0 0
930.572 6.10297e+44 6.10297e+44 6.2675e+44 6.2675e+44 6.2675e+44 2.14607e+43 0 2.28784e+24 2.8902e+45 4.64348e+42 0 0 0
1074.61 4.74833e+44 4.74833e+44 4.89646e+44 4.89646e+44 4.89646e+44 1.68391e+43 0 7.74071e+19 2.48067e+45 4.64348e+42 0 0 0
1240.94 3.69505e+44 3.69505e+44 3.82848e+44 3.82848e+44 3.82848e+44 1.32225e+43 0 5.09112e+14 2.12628e+45 4.64348e+42 0 0 0
1433.01 2.8752e+44 2.8752e+44 2.99543e+44 2.99543e+44 2.99543e+44 1.03882e+43 0 5.05153e+08 1.81969e+45 4.64348e+42 0 0 0
1654.82 2.23641e+44 2.23641e+44 2.34475e+44 2.34475e+44 2.34475e+44 8.16355e+42 0 56.4245 1.55451e+45 4.64348e+42 0 0 0
1910.95 1.73826e+44 1.73826e+44 1.83586e+44 1.83586e+44 1.83586e+44 6.41526e+42 0 5.05973e-07 1.32525e+45 4.64348e+42 0 0 0
2206.73 1.34952e+44 1.34952e+44 1.4374e+44 1.4374e+44 1.4374e+44 5.0397e+42 0 2.46522e-16 1.12713e+45 4.64348e+42 0 0 0
2548.3 1.04603e+44 1.04603e+44 1.12507e+44 1.12507e+44 1.12507e+44 3.95641e+42 0 4.15781e-27 9.56036e+44 4.64348e+42 0 0 0
2942.73 8.09057e+43 8.09057e+43 8.80064e+43 8.80064e+43 8.80064e+43 3.10272e+42 0 1.44232e-39 8.084e+44 4.64348e+42 0 0 0
3398.21 6.24074e+43 6.24074e+43 6.87743e+43 6.87743e+43 6.87743e+43 2.4297e+42 0 5.64101e-54 6.81139e+44 4.64348e+42 0 0 0
3924.19 4.79774e+43 4.79774e+43 5.36731e+43 5.36731e+43 5.36731e+43 1.89913e+42 0 1.24237e-70 5.71584e+44 4.64348e+42 0 0 0
4531.58 3.67345e+43 3.67345e+43 4.18154e+43 4.18154e+43 4.18154e+43 1.48101e+42 0 6.9116e-90 4.7743e+44 4.64348e+42 0 0 0
5232.99 2.83178e+43 2.83178e+43 3.26837e+43 3.26837e+43 3.26837e+43 1.15924e+42 0 3.84841e-112 4.0132e+44 4.64348e+42 0 0 0
6042.96 2.15343e+43 2.15343e+43 2.53851e+43 2.53851e+43 2.53851e+43 9.00385e+41 0 7.3633e-138 3.32655e+44 4.64348e+42 0 0 0
6978.31 1.62866e+43 1.62866e+43 1.96665e+43 1.96665e+43 1.96665e+43 6.97158e+41 0 1.40864e-167 2.74161e+44 4.64348e+42 0 0 0
8058.42 1.22426e+43 1.22426e+43 1.5193e+43 1.5193e+43 1.5193e+43 5.37953e+41 0 6.47631e-202 2.24525e+44 4.64348e+42 0 0 0
9305.72 9.14053e+42 9.14053e+42 1.17004e+43 1.17004e+43 1.17004e+43 4.13567e+41 0 1.37938e-241 1.82598e+44 4.64348e+42 0 0 0
10746.1 6.77401e+42 6.77401e+42 8.98031e+42 8.98031e+42 8.98031e+42 3.16693e+41 0 0 1.47374e+44 4.64348e+42 0 0 0
12409.4 4.98005e+42 4.98005e+42 6.86795e+42 6.86795e+42 6.86795e+42 2.41517e+41 0 0 1.17967e+44 4.64348e+42 0 0 0
14330.1 3.62992e+42 3.62992e+42 5.23294e+42 5.23294e+42 5.23294e+42 1.83413e+41 0 0 9.35928e+43 4.64348e+42 0 0 0
16548.2 2.622e+42 2.622e+42 3.97203e+42 3.97203e+42 3.97203e+42 1.387e+41 0 0 7.35538e+43 4.64348e+42 0 0 0
19109.5 1.8762e+42 1.8762e+42 3.0035e+42 3.0035e+42 3.0035e+42 1.04452e+41 0 0 5.72287e+43 4.64348e+42 0 0 0
22067.3 1.32966e+42 1.32966e+42 2.2627e+42 2.2627e+42 2.2627e+42 7.8346e+40 0 0 4.40623e+43 4.64348e+42 0 0 0
25483 9.33222e+41 9.33222e+41 1.69857e+42 1.69857e+42 1.69857e+42 5.85442e+40 0 0 3.3559e+43 4.64348e+42 0 0 0
29427.3 6.48745e+41 6.48745e+41 1.2709e+42 1.2709e+42 1.2709e+42 4.35979e+40 0 0 2.52778e+43 4.64348e+42 0 0 0
33982.1 4.46852e+41 4.46852e+41 9.4811e+41 9.4811e+41 9.4811e+41 3.23703e+40 0 0 1.88291e+43 4.64348e+42 0 0 0
39241.9 3.05159e+41 3.05159e+41 7.05524e+41 7.05524e+41 7.05524e+41 2.39744e+40 0 0 1.38715e+43 4.64348e+42 0 0 0
45315.8 2.068e+41 2.068e+41 5.23947e+41 5.23947e+41 5.23947e+41 1.7722e+40 0 0 1.01101e+43 4.64348e+42 0 0 0
52329.9 1.39238e+41 1.39238e+41 3.88531e+41 3.88531e+41 3.88531e+41 1.30833e+40 0 0 7.29347e+42 4.64348e+42 0 0 0
60429.6 9.3281e+40 9.3281e+40 2.87863e+41 2.87863e+41 2.87863e+41 9.65243e+39 0 0 5.21144e+42 4.64348e+42 0 0 0
69783.1 6.22903e+40 6.22903e+40 2.13224e+41 2.13224e+41 2.13224e+41 7.12135e+39 0 0 3.69135e+42 4.64348e+42 0 0 0
80584.2 4.15439e+40 4.15439e+40 1.57994e+41 1.57994e+41 1.57994e+41 5.25744e+39 0 0 2.59427e+42 4.64348e+42 0 0 0
93057.2 2.77327e+40 2.77327e+40 1.17181e+41 1.17181e+41 1.17181e+41 3.88633e+39 0 0 1.81073e+42 4.64348e+42 0 0 0
107461 1.85718e+40 1.85718e+40 8.70396e+40 8.70396e+40 8.70396e+40 2.87807e+39 0 0 1.25623e+42 4.64348e+42 0 0 0
124094 1.25047e+40 1.25047e+40 6.47785e+40 6.47785e+40 6.47785e+40 2.13634e+39 0 0 8.66817e+41 4.64348e+42 0 0 0
143301 8.48351e+39 8.48351e+39 4.83247e+40 4.83247e+40 4.83247e+40 1.59009e+39 0 0 5.95049e+41 4.64348e+42 0 0 0
165482 5.81032e+39 5.81032e+39 3.61463e+40 3.61463e+40 3.61463e+40 1.18709e+39 0 0 4.06306e+41 4.64348e+42 0 0 0
191095 4.02404e+39 4.02404e+39 2.71149e+40 2.71149e+40 2.71149e+40 8.89098e+38 0 0 2.75725e+41 4.64348e+42 0 0 0
220673 2.82184e+39 2.82184e+39 2.0401e+40 2.0401e+40 2.0401e+40 6.68142e+38 0 0 1.85679e+41 4.64348e+42 0 0 0
254830 2.00554e+39 2.00554e+39 1.53963e+40 1.53963e+40 1.53963e+40 5.03798e+38 0 0 1.23798e+41 4.64348e+42 0 0 0
294273 1.44555e+39 1.44555e+39 1.16544e+40 1.16544e+40 1.16544e+40 3.81151e+38 0 0 8.14671e+40 4.64348e+42 0 0 0
339821 1.05703e+39 1.05703e+39 8.84797e+39 8.84797e+39 8.84797e+39 2.89306e+38 0 0 5.2703e+40 4.64348e+42 0 0 0
392419 7.84228e+38 7.84228e+38 6.73639e+39 6.73639e+39 6.73639e+39 2.20287e+38 0 0 3.33551e+40 4.64348e+42 0 0 0
453158 5.90299e+38 5.90299e+38 5.14263e+39 5.14263e+39 5.14263e+39 1.68241e+38 0 0 2.05323e+40 4.64348e+42 0 0 0
523299 4.50696e+38 4.50696e+38 3.936e+39 3.936e+39 3.936e+39 1.28861e+38 1.21284e+36 0 1.22095e+40 4.64348e+42 0 0 0
604296 3.48928e+38 3.48928e+38 3.01973e+39 3.01973e+39 3.01973e+39 9.89678e+37 1.21788e+36 0 6.958e+39 4.64348e+42 0 0 0
697831 2.738e+38 2.738e+38 2.32195e+39 2.32195e+39 2.32195e+39 7.62034e+37 1.22292e+36 0 3.76504e+39 4.64348e+42 0 0 0
805842 2.1763e+38 2.1763e+38 1.78906e+39 1.78906e+39 1.78906e+39 5.88144e+37 1.22796e+36 0 1.91372e+39 4.64348e+42 0 0 0
930572 1.75093e+38 1.75093e+38 1.38099e+39 1.38099e+39 1.38099e+39 4.54915e+37 1.233e+36 0 9.0236e+38 4.64348e+42 0 0 0
1.07461e+06 1.42457e+38 1.42457e+38 1.06769e+39 1.06769e+39 1.06769e+39 3.5254e+37 1.23929e+36 0 3.89021e+38 4.64348e+42 0 0 0
1.24094e+06 1.17072e+38 1.17072e+38 8.26534e+38 8.26534e+38 8.26534e+38 2.73647e+37 1.24067e+36 0 1.50776e+38 4.64348e+42 0 0 0
1.43301e+06 9.70234e+37 9.70234e+37 6.40435e+38 6.40435e+38 6.40435e+38 2.12673e+37 1.24241e+36 0 5.15104e+37 4.64348e+42 0 0 0
1.65482e+06 8.09383e+37 8.09383e+37 4.96482e+38 4.96482e+38 4.96482e+38 1.65419e+37 1.24464e+36 0 1.51628e+37 4.64348e+42 0 0 0
1.91095e+06 6.78375e+37 6.78375e+37 3.849e+38 3.849e+38 3.849e+38 1.28708e+37 1.24771e+36 0 3.74675e+36 4.64348e+42 0 0 0
2.20673e+06 5.70188e+37 5.70188e+37 2.98266e+38 2.98266e+38 2.98266e+38 1.00127e+37 1.25166e+36 0 7.54326e+35 4.64348e+42 0 0 0
2.5483e+06 4.79769e+37 4.79769e+37 2.3092e+38 2.3092e+38 2.3092e+38 7.78402e+36 1.25682e+36 0 1.1958e+35 4.64348e+42 0 0 0
2.94273e+06 4.03441e+37 4.03441e+37 1.7853e+38 1.7853e+38 1.7853e+38 6.04411e+36 1.26358e+36 0 1.43535e+34 4.64348e+42 0 0 0
3.39821e+06 3.38518e+37 3.38518e+37 1.37767e+38 1.37767e+38 1.37767e+38 4.68498e+36 1.27308e+36 0 1.24728e+33 4.64348e+42 0 0 0
3.92419e+06 2.83016e+37 2.83016e+37 1.06062e+38 1.06062e+38 1.06062e+38 3.6233e+36 1.28549e+36 0 7.45273e+31 4.64348e+42 0 0 0
4.53158e+06 2.35458e+37 2.35458e+37 8.14264e+37 8.14264e+37 8.14264e+37 2.79451e+36 1.30165e+36 0 2.88619e+30 4.64348e+42 0 0 0
5.23299e+06 1.94715e+37 1.94715e+37 6.23141e+37 6.23141e+37 6.23141e+37 2.14839e+36 1.32245e+36 0 6.76807e+28 4.64348e+42 0 0 0
6.04296e+06 1.59906e+37 1.59906e+37 4.7519e+37 4.7519e+37 4.7519e+37 1.64575e+36 1.35118e+36 0 8.88724e+26 4.64348e+42 0 0 0
6.97831e+06 1.30311e+37 1.30311e+37 3.60978e+37 3.60978e+37 3.60978e+37 1.25581e+36 1.38588e+36 0 5.97207e+24 4.64348e+42 0 0 0
8.05842e+06 1.05318e+37 1.05318e+37 2.73104e+37 2.73104e+37 2.73104e+37 9.54408e+35 1.42838e+36 0 1.85135e+22 4.64348e+42 0 0 0
9.30572e+06 8.43871e+36 8.43871e+36 2.05756e+37 2.05756e+37 2.05756e+37 7.22522e+35 1.47716e+36 0 2.34929e+19 4.64348e+42 0 0 0
1.07461e+07 6.70262e+36 6.70262e+36 1.54368e+37 1.54368e+37 1.54368e+37 5.45153e+35 1.54546e+36 0 1.06315e+16 4.64348e+42 0 0 0
1.24094e+07 5.27779e+36 5.27779e+36 1.15346e+37 1.15346e+37 1.15346e+37 4.10328e+35 1.60941e+36 0 1.46348e+12 4.64348e+42 0 0 0
1.43301e+07 4.1215e+36 4.1215e+36 8.58686e+36 8.58686e+36 8.58686e+36 3.08616e+35 1.67266e+36 0 5.10064e+07 4.64348e+42 0 0 0
1.65482e+07 3.19386e+36 3.19386e+36 6.37205e+36 6.37205e+36 6.37205e+36 2.32541e+35 1.73261e+36 0 364.182 4.64348e+42 0 0 0
1.91095e+07 2.45817e+36 2.45817e+36 4.71687e+36 4.71687e+36 4.71687e+36 1.76304e+35 1.78601e+36 0 0.000417143 4.64348e+42 0 0 0
2.20673e+07 1.88074e+36 1.88074e+36 3.48557e+36 3.48557e+36 3.48557e+36 1.3498e+35 1.83105e+36 0 5.78011e-11 4.64348e+42 0 0 0
2.5483e+07 1.43208e+36 1.43208e+36 2.57366e+36 2.57366e+36 2.57366e+36 1.05034e+35 1.86198e+36 0 6.994e-19 4.64348e+42 0 0 0
2.94273e+07 1.08645e+36 1.08645e+36 1.90055e+36 1.90055e+36 1.90055e+36 8.34979e+34 1.8622e+36 0 5.0724e-28 4.64348e+42 0 0 0
3.39821e+07 8.2236e+35 8.2236e+35 1.40526e+36 1.40526e+36 1.40526e+36 6.82492e+34 1.82633e+36 0 1.42779e-38 4.64348e+42 0 0 0
3.92419e+07 6.21595e+35 6.21595e+35 1.04106e+36 1.04106e+36 1.04106e+36 5.72534e+34 1.75366e+36 0 9.44354e-51 4.64348e+42 0 0 0
4.53158e+07 4.69989e+35 4.69989e+35 7.73873e+35 7.73873e+35 7.73873e+35 4.94559e+34 1.65739e+36 0 8.22117e-65 4.64348e+42 0 0 0
5.23299e+07 3.55979e+35 3.55979e+35 5.77916e+35 5.77916e+35 5.77916e+35 4.38292e+34 1.54589e+36 0 4.824e-81 4.64348e+42 0 0 0
6.04296e+07 2.70347e+35 2.70347e+35 4.33879e+35 4.33879e+35 4.33879e+35 3.94974e+34 1.40765e+36 0 8.80846e-100 4.64348e+42 0 0 0
6.97831e+07 2.06005e+35 2.06005e+35 3.2763e+35 3.2763e+35 3.2763e+35 3.58856e+34 1.24942e+36 0 2.05015e-121 4.64348e+42 0 0 0
8.05842e+07 1.57601e+35 1.57601e+35 2.48937e+35 2.48937e+35 2.48937e+35 3.26887e+34 1.07281e+36 0 2.1698e-146 4.64348e+42 0 0 0
9.30572e+07 1.21004e+35 1.21004e+35 1.9021e+35 1.9021e+35 1.9021e+35 2.96506e+34 8.84516e+35 0 3.17581e-175 4.64348e+42 0 0 0
1.07461e+08 9.30675e+34 9.30675e+34 1.4586e+35 1.4586e+35 1.4586e+35 2.65647e+34 6.91119e+35 0 1.62594e-208 4.64348e+42 299.957 0 0
1.24094e+08 7.17658e+34 7.17658e+34 1.12329e+35 1.12329e+35 1.12329e+35 2.36104e+34 5.34536e+35 0 5.95332e-247 4.64348e+42 263.518 0 0
1.43301e+08 5.53264e+34 5.53264e+34 8.66163e+34 8.66163e+34 8.66163e+34 2.06755e+34 4.056e+35 0 0 4.64348e+42 231.505 0 0
1.65482e+08 4.25097e+34 4.25097e+34 6.66571e+34 6.66571e+34 6.66571e+34 1.77542e+34 3.02767e+35 0 0 4.64348e+42 203.381 0 0
1.91095e+08 3.22601e+34 3.22601e+34 5.07288e+34 5.07288e+34 5.07288e+34 1.46981e+34 2.18243e+35 0 0 4.64348e+42 178.673 0 0
2.20673e+08 2.44184e+34 2.44184e+34 3.85497e+34 3.85497e+34 3.85497e+34 1.20614e+34 1.60435e+35 0 0 4.64348e+42 156.967 0 0
2.5483e+08 1.83243e+34 1.83243e+34 2.90724e+34 2.90724e+34 2.90724e+34 9.69809e+33 1.16952e+35 0 0 4.64348e+42 137.898 0 0
2.94273e+08 1.36202e+34 1.36202e+34 2.17361e+34 2.17361e+34 2.17361e+34 7.64371e+33 8.45132e+34 0 0 4.64348e+42 121.146 0 0
3.39821e+08 9.93069e+33 9.93069e+33 1.59541e+34 1.59541e+34 1.59541e+34 5.80234e+33 5.9924e+34 0 0 4.64348e+42 111.124 0 0
3.92419e+08 7.24679e+33 7.24679e+33 1.17287e+34 1.17287e+34 1.17287e+34 4.42203e+33 4.34739e+34 0 0 4.64348e+42 106.429 0 0
4.53158e+08 5.25005e+33 5.25005e+33 8.56567e+33 8.56567e+33 8.56567e+33 3.32951e+33 3.1433e+34 0 0 4.64348e+42 101.932 0 0
5.23299e+08 3.76483e+33 3.76483e+33 6.19567e+33 6.19567e+33 6.19567e+33 2.46337e+33 2.26534e+34 0 0 4.64348e+42 97.6247 0 0
6.04296e+08 2.6834e+33 2.6834e+33 4.45654e+33 4.45654e+33 4.45654e+33 1.80562e+33 1.61541e+34 0 0 4.64348e+42 93.4996 0 0
6.97831e+08 1.92613e+33 1.92613e+33 3.22976e+33 3.22976e+33 3.22976e+33 1.34487e+33 1.17778e+34 0 0 4.64348e+42 89.5488 0 0
8.05842e+08 1.37721e+33 1.37721e+33 2.33258e+33 2.33258e+33 2.33258e+33 9.96623e+32 8.57471e+33 0 0 4.64348e+42 85.7649 0 0
9.30572e+08 9.79748e+32 9.79748e+32 1.67694e+33 1.67694e+33 1.67694e+33 7.3352e+32 6.22846e+33 0 0 4.64348e+42 82.1409 0 0
1.07461e+09 6.89315e+32 6.89315e+32 1.1947e+33 1.1947e+33 1.1947e+33 5.32269e+32 4.45819e+33 0 0 4.64348e+42 82.437 0 0
1.24094e+09 4.78347e+32 4.78347e+32 8.53152e+32 8.53152e+32 8.53152e+32 3.93075e+32 3.26731e+33 0 0 4.64348e+42 86.6956 0 0
1.43301e+09 2.8222e+32 2.8222e+32 5.77074e+32 5.77074e+32 5.77074e+32 2.87063e+32 2.3878e+33 0 0 4.64348e+42 91.1742 0 0
1.65482e+09 7.71534e+31 7.71534e+31 3.1341e+32 3.1341e+32 3.1341e+32 2.08415e+32 1.73949e+33 0 0 4.64348e+42 95.8842 0 0
1.91095e+09 1.57844e+30 1.57844e+30 1.11395e+32 1.11395e+32 1.11395e+32 1.51241e+32 1.24547e+33 0 0 4.64348e+42 100.837 0 0
2.20673e+09 2.69615e+25 2.69615e+25 3.01128e+31 3.01128e+31 3.01128e+31 1.13035e+32 9.14376e+32 0 0 4.64348e+42 106.047 0 0
2.5483e+09 1.12851e+13 1.12851e+13 7.96167e+30 7.96167e+30 7.96167e+30 8.44524e+31 6.69292e+32 0 0 4.64348e+42 111.525 0 0
2.94273e+09 2.4566e-16 2.4566e-16 2.30473e+30 2.30473e+30 2.30473e+30 6.28403e+31 4.88215e+32 0 0 4.64348e+42 117.286 0 0
3.39821e+09 7.53355e-75 7.53355e-75 7.40605e+29 7.40605e+29 7.40605e+29 4.59007e+31 3.49964e+32 0 0 4.64348e+42 123.345 0 0
3.92419e+09 8.36516e-181 8.36516e-181 2.69282e+29 2.69282e+29 2.69282e+29 3.43259e+31 2.56946e+32 0 0 4.64348e+42 129.717 0 0
4.53158e+09 0 0 1.07855e+29 1.07855e+29 1.07855e+29 2.55826e+31 1.87924e+32 0 0 4.64348e+42 136.418 0 0
5.23299e+09 0 0 4.70149e+28 4.70149e+28 4.70149e+28 1.89989e+31 1.36838e+32 0 0 4.64348e+42 143.465 0 0
6.04296e+09 0 0 2.18144e+28 2.18144e+28 2.18144e+28 1.38135e+31 9.79827e+31 0 0 4.64348e+42 150.877 0 0
6.97831e+09 0 0 1.09904e+28 1.09904e+28 1.09904e+28 1.0308e+31 7.17984e+31 0 0 4.64348e+42 158.671 0 0
8.05842e+09 0 0 5.85228e+27 5.85228e+27 5.85228e+27 7.66547e+30 5.24521e+31 0 0 4.64348e+42 166.868 0 0
9.30572e+09 0 0 3.26095e+27 3.26095e+27 3.26095e+27 5.66286e+30 3.82002e+31 0 0 4.64348e+42 175.488 0 0
1.07461e+10 0 0 1.87246e+27 1.87246e+27 1.87246e+27 4.10599e+30 2.74189e+31 0 0 4.64348e+42 196.901 0 0
1.24094e+10 0 0 1.13133e+27 1.13133e+27 1.13133e+27 3.03785e+30 2.01467e+31 0 0 4.64348e+42 235.707 0 0
1.43301e+10 0 0 7.02882e+26 7.02882e+26 7.02882e+26 2.23313e+30 1.47627e+31 0 0 4.64348e+42 282.161 0 0
1.65482e+10 0 0 4.48184e+26 4.48184e+26 4.48184e+26 1.63619e+30 1.07814e+31 0 0 4.64348e+42 337.771 0 0
1.91095e+10 0 0 2.88596e+26 2.88596e+26 2.88596e+26 1.17491e+30 7.7331e+30 0 0 4.64348e+42 404.34 0 0
2.20673e+10 0 0 1.9336e+26 1.9336e+26 1.9336e+26 8.63984e+29 5.682e+30 0 0 4.64348e+42 484.03 34.7254 0
2.5483e+10 0 0 1.318e+26 1.318e+26 1.318e+26 6.33031e+29 4.15973e+30 0 0 4.64348e+42 579.425 22.9578 0
2.94273e+10 0 0 9.12375e+25 9.12375e+25 9.12375e+25 4.62294e+29 3.03363e+30 0 0 4.64348e+42 693.621 15.5417 0
3.39821e+10 0 0 6.31326e+25 6.31326e+25 6.31326e+25 3.30767e+29 2.1688e+30 0 0 4.64348e+42 830.323 10.7604 0
3.92419e+10 0 0 4.53496e+25 4.53496e+25 4.53496e+25 2.43417e+29 1.59243e+30 0 0 4.64348e+42 993.967 7.61059 0
4.53158e+10 0 0 3.29556e+25 3.29556e+25 3.29556e+25 1.78688e+29 1.16602e+30 0 0 4.64348e+42 1189.86 5.49245 0
5.23299e+10 0 0 2.42102e+25 2.42102e+25 2.42102e+25 1.30927e+29 8.51148e+29 0 0 4.64348e+42 1424.37 4.04008 0
6.04296e+10 0 0 1.77053e+25 1.77053e+25 1.77053e+25 9.42092e+28 6.08915e+29 0 0 4.64348e+42 1705.09 3.02568 0
6.97831e+10 0 0 1.33941e+25 1.33941e+25 1.33941e+25 6.96756e+28 4.47965e+29 0 0 4.64348e+42 2041.14 2.3047 0
8.05842e+10 0 0 1.02014e+25 1.02014e+25 1.02014e+25 5.13782e+28 3.28707e+29 0 0 4.64348e+42 2443.41 1.78376 0
9.30572e+10 0 0 7.81409e+24 7.81409e+24 7.81409e+24 3.77716e+28 2.40436e+29 0 0 4.64348e+42 2924.97 1.40144 0
1.07461e+11 0 0 5.91787e+24 5.91787e+24 5.91787e+24 2.71985e+28 1.72167e+29 0 0 4.64348e+42 3501.44 1.11671 0
1.24094e+11 0 0 4.61765e+24 4.61765e+24 4.61765e+24 2.00943e+28 1.26764e+29 0 0 4.64348e+42 4191.52 0.901709 0
1.43301e+11 0 0 3.61226e+24 3.61226e+24 3.61226e+24 1.47892e+28 9.30463e+28 0 0 4.64348e+42 5017.61 0.737233 0
1.65482e+11 0 0 2.82973e+24 2.82973e+24 2.82973e+24 1.08381e+28 6.80472e+28 0 0 4.64348e+42 6006.51 0.609868 0
1.91095e+11 0 0 2.18307e+24 2.18307e+24 2.18307e+24 7.77389e+27 4.86682e+28 0 0 4.64348e+42 7190.3 0.510106 0
2.20673e+11 0 0 1.73341e+24 1.73341e+24 1.73341e+24 5.72569e+27 3.57988e+28 0 0 4.64348e+42 8607.4 0.431129 0
2.5483e+11 0 0 1.37691e+24 1.37691e+24 1.37691e+24 4.20195e+27 2.62456e+28 0 0 4.64348e+42 10303.8 0.367983 0
2.94273e+11 0 0 1.09356e+24 1.09356e+24 1.09356e+24 3.07234e+27 1.91684e+28 0 0 4.64348e+42 12334.5 0.317029 0
3.39821e+11 0 0 8.53835e+23 8.53835e+23 8.53835e+23 2.1995e+27 1.3684e+28 0 0 4.64348e+42 0 0.275565 0
3.92419e+11 0 0 6.85754e+23 6.85754e+23 6.85754e+23 1.618e+27 1.00501e+28 0 0 4.64348e+42 0 0.241562 0
4.53158e+11 0 0 5.50168e+23 5.50168e+23 5.50168e+23 1.18603e+27 7.35567e+27 0 0 4.64348e+42 0 0.213483 0
5.23299e+11 0 0 4.40686e+23 4.40686e+23 4.40686e+23 8.6615e+26 5.36208e+27 0 0 4.64348e+42 0 0.190154 0
6.04296e+11 0 0 3.46297e+23 3.46297e+23 3.46297e+23 6.18941e+26 3.81842e+27 0 0 4.64348e+42 0 0.170669 0
6.97831e+11 0 0 2.79759e+23 2.79759e+23 2.79759e+23 4.54634e+26 2.79833e+27 0 0 4.64348e+42 0 0.154323 0
8.05842e+11 0 0 2.25458e+23 2.25458e+23 2.25458e+23 3.32721e+26 2.0432e+27 0 0 4.64348e+42 0 0.140565 0
9.30572e+11 0 0 1.81158e+23 1.81158e+23 1.81158e+23 2.42559e+26 1.48551e+27 0 0 4.64348e+42 0 0.12896 0
1.07461e+12 0 0 1.42503e+23 1.42503e+23 1.42503e+23 1.72906e+26 1.05424e+27 0 0 4.64348e+42 0 0.119166 0
1.24094e+12 0 0 1.15155e+23 1.15155e+23 1.15155e+23 1.26741e+26 7.70253e+26 0 0 4.64348e+42 0 0.110908 0
1.43301e+12 0 0 9.2674e+22 9.2674e+22 9.2674e+22 9.25438e+25 5.60522e+26 0 0 4.64348e+42 0 0.103969 0
1.65482e+12 0 0 7.42199e+22 7.42199e+22 7.42199e+22 6.72967e+25 4.06016e+26 0 0 4.64348e+42 0 0.098177 0
1.91095e+12 0 0 5.80282e+22 5.80282e+22 5.80282e+22 4.7813e+25 2.86778e+26 0 0 4.64348e+42 0 0.0933933 0
2.20673e+12 0 0 4.6534e+22 4.6534e+22 4.6534e+22 3.49443e+25 2.08637e+26 0 0 4.64348e+42 0 0.0895108 0
2.5483e+12 0 0 3.70611e+22 3.70611e+22 3.70611e+22 2.54336e+25 1.51118e+26 0 0 4.64348e+42 0 0.0864461 0
2.94273e+12 0 0 2.92817e+22 2.92817e+22 2.92817e+22 1.843e+25 1.08901e+26 0 0 4.64348e+42 0 0.0841374 0
3.39821e+12 0 0 2.24855e+22 2.24855e+22 2.24855e+22 1.30336e+25 7.641e+25 0 0 4.64348e+42 0 0.082541 0
3.92419e+12 0 0 1.76588e+22 1.76588e+22 1.76588e+22 9.4866e+24 5.52624e+25 0 0 4.64348e+42 0 0.08163 0
4.53158e+12 0 0 1.37131e+22 1.37131e+22 1.37131e+22 6.87356e+24 3.97686e+25 0 0 4.64348e+42 0 0.0813928 0
5.23299e+12 0 0 1.05146e+22 1.05146e+22 1.05146e+22 4.95618e+24 2.84548e+25 0 0 4.64348e+42 0 0.0818329 0
6.04296e+12 1.26242e-291 1.26242e-291 7.78871e+21 7.78871e+21 7.78871e+21 3.48243e+24 1.97823e+25 0 0 4.64348e+42 0 0.0829683 0
6.97831e+12 3.39383e-257 3.39383e-257 5.87971e+21 5.87971e+21 5.87971e+21 2.52018e+24 1.41912e+25 0 0 4.64348e+42 0 0.0848322 0
8.05842e+12 1.91195e-226 1.91195e-226 4.36845e+21 4.36845e+21 4.36845e+21 1.81455e+24 1.01219e+25 0 0 4.64348e+42 0 0.0874729 0
9.30572e+12 5.24009e-199 5.2401e-199 3.19118e+21 3.19118e+21 3.19118e+21 1.29936e+24 7.17187e+24 0 0 4.64348e+42 0 0.0909553 0
1.07461e+13 1.47269e-174 1.47269e-174 2.24103e+21 2.24103e+21 2.24103e+21 9.04805e+23 4.92293e+24 0 0 4.64348e+42 0 0.0953611 0
1.24094e+13 9.03887e-153 9.03888e-153 1.60298e+21 1.60298e+21 1.60298e+21 6.49602e+23 3.49253e+24 0 0 4.64348e+42 0 0.10079 0
1.43301e+13 2.20257e-133 2.20258e-133 1.12706e+21 1.12706e+21 1.12706e+21 4.63662e+23 2.46103e+24 0 0 4.64348e+42 0 0.10736 0
1.65482e+13 3.78102e-116 3.78103e-116 7.79071e+20 7.79071e+20 7.79071e+20 3.28853e+23 1.72073e+24 0 0 4.64348e+42 0 0.115206 0
1.91095e+13 7.49913e-101 7.49914e-101 5.17221e+20 5.17221e+20 5.17221e+20 2.26158e+23 1.1607e+24 0 0 4.64348e+42 0 0.12448 0
2.20673e+13 2.92208e-87 2.92209e-87 3.51381e+20 3.51381e+20 3.51381e+20 1.60599e+23 8.11144e+23 0 0 4.64348e+42 0 0.135345 0
2.5483e+13 3.2835e-75 3.28351e-75 2.35313e+20 2.35313e+20 2.35313e+20 1.13264e+23 5.6228e+23 0 0 4.64348e+42 0 0.147968 0
2.94273e+13 1.5552e-64 1.5552e-64 1.55433e+20 1.55433e+20 1.55433e+20 7.92857e+22 3.86152e+23 0 0 4.64348e+42 0 0.162507 0
3.39821e+13 4.25168e-55 4.2517e-55 9.8649e+19 9.8649e+19 9.8649e+19 5.35928e+22 2.54319e+23 0 0 4.64348e+42 0 0.179093 0
3.92419e+13 9.76784e-47 9.76792e-47 6.45192e+19 6.45192e+19 6.45192e+19 3.74916e+22 1.74164e+23 0 0 4.64348e+42 0 0.197804 0
4.53158e+13 2.37994e-39 2.37996e-39 4.17233e+19 4.17233e+19 4.17233e+19 2.60119e+22 1.18098e+23 0 0 4.64348e+42 0 0.218621 0
5.23299e+13 7.86178e-33 7.86189e-33 2.66823e+19 2.66823e+19 2.66823e+19 1.78856e+22 7.91756e+22 0 0 4.64348e+42 0 0.241387 0
6.04296e+13 4.25178e-27 4.25185e-27 1.63586e+19 1.63586e+19 1.63586e+19 1.18047e+22 5.04659e+22 0 0 4.64348e+42 0 0.265741 0
6.97831e+13 4.958e-22 4.9581e-22 1.04057e+19 1.04057e+19 1.04057e+19 8.09134e+21 3.3634e+22 0 0 4.64348e+42 0 0.291055 0
8.05842e+13 1.41714e-17 1.41718e-17 6.55127e+18 6.55127e+18 6.55127e+18 5.49013e+21 2.21439e+22 0 0 4.64348e+42 0 0.316368 0
9.30572e+13 1.16053e-13 1.16057e-13 4.08038e+18 4.08038e+18 4.08038e+18 3.68411e+21 1.43751e+22 0 0 4.64348e+42 0 0.340344 0
1.07461e+14 3.01383e-10 3.01395e-10 2.42029e+18 2.42029e+18 2.42029e+18 2.35243e+21 8.75956e+21 0 0 4.64348e+42 0 0 0
1.24094e+14 3.08388e-07 3.08405e-07 1.5001e+18 1.5001e+18 1.5001e+18 1.56826e+21 5.62959e+21 0 0 4.64348e+42 0 0 0
1.43301e+14 0.000131416 0.000131429 9.19225e+17 9.19225e+17 9.19225e+17 1.03228e+21 3.56318e+21 0 0 4.64348e+42 0 0 0
1.65482e+14 0.0257107 0.025716 5.56335e+17 5.56335e+17 5.56335e+17 6.70086e+20 2.21564e+21 0 0 4.64348e+42 0 0 0
1.91095e+14 2.40153 2.40256 3.16826e+17 3.16826e+17 3.16826e+17 4.08549e+20 1.26864e+21 0 0 4.64348e+42 0 0 0
2.20673e+14 129.721 129.83 1.9025e+17 1.9025e+17 1.9025e+17 2.62205e+20 7.76615e+20 0 0 4.64348e+42 0 0 0
2.5483e+14 4059.33 4065.54 1.12621e+17 1.12621e+17 1.12621e+17 1.65567e+20 4.66342e+20 0 0 4.64348e+42 0 0 0
2.94273e+14 78136.1 78336.8 6.56286e+16 6.56286e+16 6.56286e+16 1.02706e+20 2.73806e+20 0 0 4.64348e+42 0 0 0
3.39821e+14 915435 919101 3.52807e+16 3.52807e+16 3.52807e+16 5.86429e+19 1.43691e+20 0 0 4.64348e+42 0 0 0
3.92419e+14 7.93788e+06 7.9843e+06 2.0272e+16 2.0272e+16 2.0272e+16 3.57171e+19 8.24165e+19 0 0 4.64348e+42 0 0 0
4.53158e+14 4.88081e+07 4.92015e+07 1.1428e+16 1.1428e+16 1.1428e+16 2.12957e+19 4.61331e+19 0 0 4.64348e+42 0 0 0
5.23299e+14 2.20682e+08 2.23013e+08 6.30995e+15 6.30995e+15 6.30995e+15 1.24086e+19 2.50946e+19 0 0 4.64348e+42 0 0 0
6.04296e+14 6.92041e+08 7.01207e+08 3.11197e+15 3.11197e+15 3.11197e+15 6.44292e+18 1.16366e+19 0 0 4.64348e+42 0 0 0
6.97831e+14 1.89692e+09 1.92722e+09 1.67686e+15 1.67686e+15 1.67686e+15 3.64763e+18 6.11623e+18 0 0 4.64348e+42 0 0 0
8.05842e+14 4.16007e+09 4.23759e+09 8.80076e+14 8.80076e+14 8.80076e+14 2.007e+18 3.11756e+18 0 0 4.64348e+42 0 0 0
9.30572e+14 7.46021e+09 7.61761e+09 4.49182e+14 4.49182e+14 4.49182e+14 1.07157e+18 1.53234e+18 0 0 4.64348e+42 0 0 0
1.07461e+15 9.72314e+09 9.94942e+09 1.94108e+14 1.94108e+14 1.94108e+14 4.83143e+17 5.94049e+17 0 0 4.64348e+42 0 0 0
1.24094e+15 1.25554e+10 1.28703e+10 9.50676e+13 9.50676e+13 9.50676e+13 2.4658e+17 2.77527e+17 0 0 4.64348e+42 0 0 0
1.43301e+15 1.38763e+10 1.4244e+10 4.48601e+13 4.48601e+13 4.48601e+13 1.20965e+17 1.24799e+17 0 0 4.64348e+42 0 0 0
1.65482e+15 1.33069e+10 1.36728e+10 2.03849e+13 2.03849e+13 2.03849e+13 5.7028e+16 5.36179e+16 0 0 4.64348e+42 0 0 0
1.91095e+15 8.99966e+09 9.2523e+09 7.16042e+12 7.16042e+12 7.16042e+12 2.07362e+16 1.59075e+16 0 0 4.64348e+42 0 0 0
2.20673e+15 6.79543e+09 6.98748e+09 3.04417e+12 3.04417e+12 3.04417e+12 9.10377e+15 6.3156e+15 0 0 4.64348e+42 0 0 0
2.5483e+15 4.51029e+09 4.63702e+09 1.22137e+12 1.22137e+12 1.22137e+12 3.77008e+15 2.39425e+15 0 0 4.64348e+42 0 0 0
2.94273e+15 2.66944e+09 2.74318e+09 4.65153e+11 4.65153e+11 4.65153e+11 1.4773e+15 8.60804e+14 0 0 4.64348e+42 0 0 0
3.39821e+15 9.96549e+08 1.02334e+09 1.18057e+11 1.18057e+11 1.18057e+11 3.8545e+14 1.67462e+14 0 0 4.64348e+42 0 0 0
3.92419e+15 4.7758e+08 4.89969e+08 4.03705e+10 4.03705e+10 4.03705e+10 1.35203e+14 5.2389e+13 0 0 4.64348e+42 0 0 0
4.53158e+15 1.99868e+08 2.04831e+08 1.25797e+10 1.25797e+10 1.25797e+10 4.31422e+13 1.54933e+13 0 0 4.64348e+42 0 0 0
5.23299e+15 7.33344e+07 7.50646e+07 3.56778e+09 3.56778e+09 3.56778e+09 1.25093e+13 4.38161e+12 0 0 4.64348e+42 0 0 0
6.04296e+15 1.41352e+07 1.44501e+07 5.49354e+08 5.49354e+08 5.49354e+08 1.96594e+12 4.35206e+11 0 0 4.64348e+42 0 0 0
6.97831e+15 4.1766e+06 4.26397e+06 1.33478e+08 1.33478e+08 1.33478e+08 4.86825e+11 9.35294e+10 0 0 4.64348e+42 0 0 0
8.05842e+15 1.02717e+06 1.04724e+06 2.76895e+07 2.76895e+07 2.76895e+07 1.02778e+11 1.8321e+10 0 0 4.64348e+42 0 0 0
9.30572e+15 201287 204944 4.68056e+06 4.68056e+06 4.68056e+06 1.76563e+10 3.51036e+09 0 0 4.64348e+42 0 0 0
1.07461e+16 15956.2 16224.6 326408 326408 326408 1.24965e+09 1.35724e+08 0 0 4.64348e+42 0 0 0
1.24094e+16 2437.48 2475.3 44630.3 44630.3 44630.3 1.73187e+08 1.57616e+07 0 0 4.64348e+42 0 0 0
1.43301e+16 281.252 285.264 4679.93 4679.93 4679.93 1.83832e+07 1.47898e+06 0 0 4.64348e+42 0 0 0
1.65482e+16 22.1225 22.4118 339.024 339.024 339.024 1.34629e+06 131483 0 0 4.64348e+42 0 0 0
1.91095e+16 0.426043 0.431134 6.08406 6.08406 6.08406 24394.9 1401.36 0 0 4.64348e+42 0 0 0
2.20673e+16 0.0230508 0.0233019 0.309915 0.309915 0.309915 1253.07 58.468 0 0 4.64348e+42 0 0 0
2.5483e+16 0.000755729 0.000763218 0.00965307 0.00965307 0.00965307 39.3077 1.55025 0 0 4.64348e+42 0 0 0
2.94273e+16 1.40704e-05 1.4197e-05 0.000172107 0.000172107 0.000172107 0.70495 0.028654 0 0 4.64348e+42 0 0 0
3.39821e+16 2.92374e-08 2.94756e-08 3.44863e-07 3.44863e-07 3.44863e-07 0.00141927 4.64614e-05 0 0 4.64348e+42 0 0 0
3.92419e+16 2.39887e-10 2.41655e-10 2.74529e-09 2.74529e-09 2.74529e-09 1.13408e-05 3.34729e-07 0 0 4.64348e+42 0 0 0
4.53158e+16 7.14916e-13 7.19672e-13 7.98072e-12 7.98072e-12 7.98072e-12 3.30685e-08 9.36697e-10 0 0 4.64348e+42 0 0 0
5.23299e+16 7.70588e-16 7.75209e-16 8.43062e-15 8.43062e-15 8.43062e-15 3.50236e-11 9.83685e-13 0 0 4.64348e+42 0 0 0
6.04296e+16 4.8471e-20 4.87326e-20 5.21871e-19 5.21871e-19 5.21871e-19 2.17355e-15 6.0307e-17 0 0 4.64348e+42 0 0 0
6.97831e+16 8.06468e-24 8.10381e-24 8.57602e-23 8.57602e-23 8.57602e-23 3.58227e-19 9.90874e-21 0 0 4.64348e+42 0 0 0
8.05842e+16 2.45644e-28 2.46714e-28 2.58823e-27 2.58823e-27 2.58823e-27 1.08515e-23 2.9993e-25 0 0 4.64348e+42 0 0 0
9.30572e+16 0 0 0 0 0 0 0 0 0 4.64348e+42 0 0 0