
1.07461e-07 4.83759e+54 4.83759e+54 6.27774e+54 6.35176e+54 6.36012e+54 1.25759e+53 0 1.54425e+44 1.15547e+49 4.64348e+42 0 0 1
1.24094e-07 4.41824e+54 4.41824e+54 5.3568e+54 5.41146e+54 5.41642e+54 1.07104e+53 0 1.78327e+44 1.07097e+49 4.64348e+42 0 0 1
1.43301e-07 3.959e+54 3.959e+54 4.56481e+54 4.60511e+54 4.60806e+54 9.11317e+52 0 2.05928e+44 9.75206e+48 4.64348e+42 0 0 1
1.65482e-07 3.4966e+54 3.4966e+54 3.88467e+54 3.91436e+54 3.91611e+54 7.74662e+52 0 2.37802e+44 8.76445e+48 4.64348e+42 0 0 1
1.91095e-07 3.05429e+54 3.05429e+54 3.30139e+54 3.32322e+54 3.32426e+54 6.57818e+52 0 2.7461e+44 7.80094e+48 4.64348e+42 0 0 1
2.20673e-07 2.64523e+54 2.64523e+54 2.80181e+54 2.81784e+54 2.81846e+54 5.57986e+52 0 3.17115e+44 6.8938e+48 4.64348e+42 0 0 1
2.5483e-07 2.27563e+54 2.27563e+54 2.37445e+54 2.38621e+54 2.38657e+54 4.72756e+52 0 3.66198e+44 6.06e+48 4.64348e+42 0 0 1
2.94273e-07 1.94718e+54 1.94718e+54 2.00933e+54 2.01795e+54 2.01816e+54 4.00054e+52 0 4.22879e+44 5.30625e+48 4.64348e+42 0 0 1
3.39821e-07 1.65881e+54 1.65881e+54 1.69778e+54 1.70409e+54 1.70421e+54 3.38096e+52 0 4.88333e+44 4.63284e+48 4.64348e+42 0 0 1
3.92419e-07 1.40792e+54 1.40792e+54 1.4323e+54 1.4369e+54 1.43698e+54 2.85344e+52 0 5.63918e+44 4.03625e+48 4.64348e+42 0 0 1
4.53158e-07 1.19115e+54 1.19115e+54 1.20637e+54 1.20972e+54 1.20977e+54 2.40478e+52 0 6.51203e+44 3.51093e+48 4.64348e+42 0 0 1
5.23299e-07 1.00489e+54 1.00489e+54 1.01436e+54 1.0168e+54 1.01683e+54 2.02362e+52 0 7.51997e+44 3.05042e+48 4.64348e+42 0 0 1
6.04296e-07 8.45538e+53 8.45538e+53 8.51421e+53 8.53198e+53 8.53212e+53 1.70019e+52 0 8.68393e+44 2.64803e+48 4.64348e+42 0 0 1
6.97831e-07 7.09713e+53 7.09713e+53 7.13359e+53 7.14648e+53 7.14657e+53 1.42608e+52 0 1.0028e+45 2.29725e+48 4.64348e+42 0 0 1
8.05842e-07 5.94306e+53 5.94306e+53 5.96561e+53 5.97495e+53 5.97499e+53 1.19411e+52 0 1.15802e+45 1.992e+48 4.64348e+42 0 0 1
9.30572e-07 4.96523e+53 4.96523e+53 4.97915e+53 4.9859e+53 4.98593e+53 9.98058e+51 0 1.33726e+45 1.7267e+48 4.64348e+42 0 0 1
1.07461e-06 4.13886e+53 4.13886e+53 4.14743e+53 4.1523e+53 4.15233e+53 8.32628e+51 0 1.54424e+45 1.49635e+48 4.64348e+42 0 0 1
1.24094e-06 3.44221e+53 3.44221e+53 3.44748e+53 3.45098e+53 3.451e+53 6.93259e+51 0 1.78327e+45 1.29649e+48 4.64348e+42 0 0 1
1.43301e-06 2.85629e+53 2.85629e+53 2.85953e+53 2.86204e+53 2.86205e+53 5.76046e+51 0 2.05928e+45 1.12316e+48 4.64348e+42 0 0 1
1.65482e-06 2.36465e+53 2.36465e+53 2.36663e+53 2.36843e+53 2.36843e+53 4.77643e+51 0 2.37802e+45 9.72905e+47 4.64348e+42 0 0 1
1.91095e-06 1.95306e+53 1.95306e+53 1.95427e+53 1.95556e+53 1.95556e+53 3.95188e+51 0 2.7461e+45 8.42685e+47 4.64348e+42 0 0 1
2.20673e-06 1.6093e+53 1.6093e+53 1.61004e+53 1.61096e+53 1.61096e+53 3.26234e+51 0 3.17114e+45 7.29853e+47 4.64348e+42 0 0 1
2.5483e-06 1.32287e+53 1.32287e+53 1.32332e+53 1.32398e+53 1.32398e+53 2.68691e+51 0 3.66198e+45 6.32102e+47 4.64348e+42 0 0 1
2.94273e-06 1.08479e+53 1.08479e+53 1.08507e+53 1.08553e+53 1.08553e+53 2.20775e+51 0 4.22878e+45 5.47426e+47 4.64348e+42 0 0 1
3.39821e-06 8.87391e+52 8.87391e+52 8.87555e+52 8.87884e+52 8.87884e+52 1.80966e+51 0 4.88332e+45 4.74082e+47 4.64348e+42 0 0 1
3.92419e-06 7.24129e+52 7.24129e+52 7.24228e+52 7.2446e+52 7.24461e+52 1.4797e+51 0 5.63917e+45 4.10558e+47 4.64348e+42 0 0 1
4.53158e-06 5.89452e+52 5.89452e+52 5.89511e+52 5.89675e+52 5.89675e+52 1.2069e+51 0 6.51201e+45 3.55541e+47 4.64348e+42 0 0 1
5.23299e-06 4.78646e+52 4.78646e+52 4.78682e+52 4.78797e+52 4.78797e+52 9.81908e+50 0 7.51995e+45 3.07894e+47 4.64348e+42 0 0 1
6.04296e-06 3.87725e+52 3.87725e+52 3.87746e+52 3.87827e+52 3.87827e+52 7.96844e+50 0 8.6839e+45 2.6663e+47 4.64348e+42 0 0 1
6.97831e-06 3.13321e+52 3.13321e+52 3.13333e+52 3.1339e+52 3.1339e+52 6.45024e+50 0 1.0028e+46 2.30896e+47 4.64348e+42 0 0 1
8.05842e-06 2.52598e+52 2.52598e+52 2.52606e+52 2.52645e+52 2.52645e+52 5.20817e+50 0 1.15802e+46 1.9995e+47 4.64348e+42 0 0 1
9.30572e-06 2.03176e+52 2.03176e+52 2.03181e+52 2.03208e+52 2.03208e+52 4.19482e+50 0 1.33725e+46 1.73151e+47 4.64348e+42 0 0 1
1.07461e-05 1.6306e+52 1.6306e+52 1.63063e+52 1.63082e+52 1.63082e+52 3.37037e+50 0 1.54424e+46 1.49943e+47 4.64348e+42 0 0 1
1.24094e-05 1.30585e+52 1.30585e+52 1.30586e+52 1.306e+52 1.306e+52 2.70149e+50 0 1.78325e+46 1.29846e+47 4.64348e+42 0 0 1
1.43301e-05 1.04363e+52 1.04363e+52 1.04364e+52 1.04373e+52 1.04373e+52 2.16033e+50 0 2.05927e+46 1.12442e+47 4.64348e+42 0 0 1
1.65482e-05 8.32446e+51 8.32446e+51 8.32452e+51 8.32515e+51 8.32515e+51 1.72371e+50 0 2.378e+46 9.73712e+46 4.64348e+42 0 0 1
1.91095e-05 6.6278e+51 6.6278e+51 6.62783e+51 6.62827e+51 6.62827e+51 1.37238e+50 0 2.74607e+46 8.43202e+46 4.64348e+42 0 0 1
2.20673e-05 5.26788e+51 5.26788e+51 5.2679e+51 5.2682e+51 5.2682e+51 1.09044e+50 0 3.17111e+46 7.30184e+46 4.64348e+42 0 0 1
2.5483e-05 4.1803e+51 4.1803e+51 4.18031e+51 4.18052e+51 4.18052e+51 8.64742e+49 0 3.66193e+46 6.32313e+46 4.64348e+42 0 0 1
2.94273e-05 3.31234e+51 3.31234e+51 3.31235e+51 3.31249e+51 3.31249e+51 6.84517e+49 0 4.22872e+46 5.47561e+46 4.64348e+42 0 0 1
3.39821e-05 2.62101e+51 2.62101e+51 2.62102e+51 2.62112e+51 2.62112e+51 5.40934e+49 0 4.88324e+46 4.74169e+46 4.64348e+42 0 0 1
3.92419e-05 2.07138e+51 2.07138e+51 2.07138e+51 2.07145e+51 2.07145e+51 4.26793e+49 0 5.63906e+46 4.10613e+46 4.64348e+42 0 0 1
4.53158e-05 1.63514e+51 1.63514e+51 1.63514e+51 1.63518e+51 1.63518e+51 3.36243e+49 0 6.51186e+46 3.55577e+46 4.64348e+42 0 0 1
5.23299e-05 1.28943e+51 1.28943e+51 1.28943e+51 1.28946e+51 1.28946e+51 2.64546e+49 0 7.51974e+46 3.07917e+46 4.64348e+42 0 0 1
6.04296e-05 1.01587e+51 1.01587e+51 1.01587e+51 1.01589e+51 1.01589e+51 2.07878e+49 0 8.68362e+46 2.66645e+46 4.64348e+42 0 0 1
6.97831e-05 7.9967e+50 7.9967e+50 7.9967e+50 7.99684e+50 7.99684e+50 1.63162e+49 0 1.00276e+47 2.30905e+46 4.64348e+42 0 0 1
8.05842e-05 6.29016e+50 6.29016e+50 6.29016e+50 6.29026e+50 6.29026e+50 1.27931e+49 0 1.15797e+47 1.99956e+46 4.64348e+42 0 0 1
9.30572e-05 4.94456e+50 4.94456e+50 4.94456e+50 4.94463e+50 4.94463e+50 1.00213e+49 0 1.33719e+47 1.73154e+46 4.64348e+42 0 0 1
0.000107461 3.8846e+50 3.8846e+50 3.8846e+50 3.88465e+50 3.88465e+50 7.84324e+48 0 1.54415e+47 1.49946e+46 4.64348e+42 0 0 1
0.000124094 3.05037e+50 3.05037e+50 3.05037e+50 3.0504e+50 3.0504e+50 6.13384e+48 0 1.78314e+47 1.29847e+46 4.64348e+42 0 0 1
0.000143301 2.39429e+50 2.39429e+50 2.39429e+50 2.39431e+50 2.39431e+50 4.79367e+48 0 2.05911e+47 1.12443e+46 4.64348e+42 0 0 1
0.000165482 1.87867e+50 1.87867e+50 1.87867e+50 1.87869e+50 1.87869e+50 3.74401e+48 0 2.3778e+47 9.73719e+45 4.64348e+42 0 0 1
0.000191095 1.47368e+50 1.47368e+50 1.47368e+50 1.47369e+50 1.47369e+50 2.92259e+48 0 2.74579e+47 8.43206e+45 4.64348e+42 0 0 1
0.000220673 1.15573e+50 1.15573e+50 1.15573e+50 1.15574e+50 1.15574e+50 2.28031e+48 0 3.17074e+47 7.30186e+45 4.64348e+42 0 0 1
0.00025483 9.06215e+49 9.06215e+49 9.06215e+49 9.06219e+49 9.06219e+49 1.77843e+48 0 3.66144e+47 6.32315e+45 4.64348e+42 0 0 1
0.000294273 7.10471e+49 7.10471e+49 7.10471e+49 7.10474e+49 7.10474e+49 1.38652e+48 0 4.22807e+47 5.47562e+45 4.64348e+42 0 0 1
0.000339821 5.56949e+49 5.56949e+49 5.56949e+49 5.56951e+49 5.56951e+49 1.08063e+48 0 4.88237e+47 4.74169e+45 4.64348e+42 0 0 1
0.000392419 4.36565e+49 4.36565e+49 4.36565e+49 4.36566e+49 4.36566e+49 8.42007e+47 0 5.6379e+47 4.10614e+45 4.64348e+42 0 0 1
0.000453158 3.4218e+49 3.4218e+49 3.4218e+49 3.42181e+49 3.42181e+49 6.55921e+47 0 6.51032e+47 3.55577e+45 4.64348e+42 0 0 1
0.000523299 2.68186e+49 2.68186e+49 2.68186e+49 2.68187e+49 2.68187e+49 5.10857e+47 0 7.51769e+47 3.07917e+45 4.64348e+42 0 0 1
0.000604296 2.10183e+49 2.10183e+49 2.10183e+49 2.10183e+49 2.10183e+49 3.97802e+47 0 8.68088e+47 2.66645e+45 4.64348e+42 0 0 1
0.000697831 1.64716e+49 1.64716e+49 1.64716e+49 1.64717e+49 1.64717e+49 3.09715e+47 0 1.0024e+48 2.30905e+45 4.64348e+42 0 0 1
0.000805842 1.29079e+49 1.29079e+49 1.29079e+49 1.29079e+49 1.29079e+49 2.41095e+47 0 1.15748e+48 1.99956e+45 4.64348e+42 0 0 1
0.000930572 1.01145e+49 1.01145e+49 1.01145e+49 1.01145e+49 1.01145e+49 1.8765e+47 0 1.33654e+48 1.73154e+45 4.64348e+42 0 0 1
0.00107461 7.92518e+48 7.92518e+48 7.92518e+48 7.92519e+48 7.92519e+48 1.46029e+47 0 1.54328e+48 1.49946e+45 4.64348e+42 0 0 1
0.00124094 6.20926e+48 6.20926e+48 6.20926e+48 6.20926e+48 6.20926e+48 1.13621e+47 0 1.78198e+48 1.29847e+45 4.64348e+42 0 0 1
0.00143301 4.86446e+48 4.86446e+48 4.86446e+48 4.86446e+48 4.86446e+48 8.8391e+46 0 2.05757e+48 1.12443e+45 4.64348e+42 0 0 1
0.00165482 3.81057e+48 3.81057e+48 3.81057e+48 3.81058e+48 3.81058e+48 6.87509e+46 0 2.37574e+48 9.73719e+44 4.64348e+42 0 0 1
0.00191095 2.98473e+48 2.98473e+48 2.98473e+48 2.98473e+48 2.98473e+48 5.34646e+46 0 2.74306e+48 8.43206e+44 4.64348e+42 0 0 1
0.00220673 2.33763e+48 2.33763e+48 2.33763e+48 2.33763e+48 2.33763e+48 4.1569e+46 0 3.16709e+48 7.30186e+44 4.64348e+42 0 0 1
0.0025483 1.83065e+48 1.83065e+48 1.83065e+48 1.83065e+48 1.83065e+48 3.23136e+46 0 3.65657e+48 6.32315e+44 4.64348e+42 0 0 1
0.00294273 1.43348e+48 1.43348e+48 1.43348e+48 1.43348e+48 1.43348e+48 2.51138e+46 0 4.22157e+48 5.47562e+44 4.64348e+42 0 0 1
0.00339821 1.12237e+48 1.12237e+48 1.12237e+48 1.12237e+48 1.12237e+48 1.95143e+46 0 4.87371e+48 4.74169e+44 4.64348e+42 0 0 1
0.00392419 8.78694e+47 8.78694e+47 8.78694e+47 8.78694e+47 8.78694e+47 1.51603e+46 0 5.62635e+48 4.10614e+44 4.64348e+42 0 0 1
0.00453158 6.87861e+47 6.87861e+47 6.87861e+47 6.87861e+47 6.87861e+47 1.17757e+46 0 6.49492e+48 3.55577e+44 4.64348e+42 0 0 1
0.00523299 5.38425e+47 5.38425e+47 5.38425e+47 5.38425e+47 5.38425e+47 9.14523e+45 0 7.49716e+48 3.07917e+44 4.64348e+42 0 0 1
0.00604296 4.21417e+47 4.21417e+47 4.21417e+47 4.21417e+47 4.21417e+47 7.10133e+45 0 8.65352e+48 2.66645e+44 4.64348e+42 0 0 1
0.00697831 3.29809e+47 3.29809e+47 3.29809e+47 3.29809e+47 3.29809e+47 5.51357e+45 0 9.9875e+48 2.30905e+44 4.64348e+42 0 0 1
0.00805842 2.58092e+47 2.58092e+47 2.58092e+47 2.58092e+47 2.58092e+47 4.28042e+45 0 1.15261e+49 1.99956e+44 4.64348e+42 0 0 1
0.00930572 2.01953e+47 2.01953e+47 2.01953e+47 2.01953e+47 2.01953e+47 3.32286e+45 0 1.33005e+49 1.73154e+44 4.64348e+42 0 0 1
0.0107461 1.5801e+47 1.5801e+47 1.5801e+47 1.58011e+47 1.58011e+47 2.57943e+45 0 1.53464e+49 1.49946e+44 4.64348e+42 0 0 1
0.0124094 1.23617e+47 1.23617e+47 1.23617e+47 1.23618e+47 1.23618e+47 2.00231e+45 0 1.77046e+49 1.29847e+44 4.64348e+42 0 0 1
0.0143301 9.67005e+46 9.67005e+46 9.67005e+46 9.67005e+46 9.67005e+46 1.55436e+45 0 2.04221e+49 1.12443e+44 4.64348e+42 0 0 1
0.0165482 7.5636e+46 7.5636e+46 7.5636e+46 7.5636e+46 7.5636e+46 1.20667e+45 0 2.35526e+49 9.73719e+43 4.64348e+42 0 0 1
0.0191095 5.91529e+46 5.91529e+46 5.91529e+46 5.91529e+46 5.91529e+46 9.36814e+44 0 2.71576e+49 8.43205e+43 4.64348e+42 0 0 1
0.0220673 4.62558e+46 4.62558e+46 4.62558e+46 4.62558e+46 4.62558e+46 7.27369e+44 0 3.13072e+49 7.30186e+43 4.64348e+42 0 0 1
0.025483 3.61655e+46 3.61655e+46 3.61655e+46 3.61655e+46 3.61655e+46 5.64804e+44 0 3.6081e+49 6.32315e+43 4.64348e+42 0 0 1
0.0294273 2.82721e+46 2.82721e+46 2.82721e+46 2.82721e+46 2.82721e+46 4.38619e+44 0 4.157e+49 5.47562e+43 4.64348e+42 0 0 1
0.0339821 2.20979e+46 2.20979e+46 2.20979e+46 2.20979e+46 2.20979e+46 3.40664e+44 0 4.78768e+49 4.74169e+43 4.64348e+42 0 0 1
0.0392419 1.7269e+46 1.7269e+46 1.7269e+46 1.7269e+46 1.7269e+46 2.64617e+44 0 5.51176e+49 4.10613e+43 4.64348e+42 0 0 1
0.0453158 1.34929e+46 1.34929e+46 1.34929e+46 1.34929e+46 1.34929e+46 2.0557e+44 0 6.34231e+49 3.55577e+43 4.64348e+42 0 0 1
0.0523299 1.05404e+46 1.05404e+46 1.05404e+46 1.05404e+46 1.05404e+46 1.59718e+44 0 7.29395e+49 3.07917e+43 4.64348e+42 0 0 1
0.0604296 8.23221e+45 8.23221e+45 8.23221e+45 8.23221e+45 8.23221e+45 1.24107e+44 0 8.383e+49 2.66645e+43 4.64348e+42 0 0 1
0.0697831 6.42804e+45 6.42804e+45 6.42804e+45 6.42804e+45 6.42804e+45 9.64461e+43 0 9.62749e+49 2.30905e+43 4.64348e+42 0 0 1
0.0805842 5.01806e+45 5.01806e+45 5.01806e+45 5.01806e+45 5.01806e+45 7.49573e+43 0 1.10472e+50 1.99955e+43 4.64348e+42 0 0 1
0.0930572 3.91635e+45 3.91635e+45 3.91635e+45 3.91635e+45 3.91635e+45 5.82614e+43 0 1.26636e+50 1.73154e+43 4.64348e+42 0 0 1
0.107461 3.05566e+45 3.05566e+45 3.05566e+45 3.05566e+45 3.05566e+45 4.52876e+43 0 1.44996e+50 1.49945e+43 4.64348e+42 0 0 1
0.124094 2.3834e+45 2.3834e+45 2.3834e+45 2.3834e+45 2.3834e+45 3.52051e+43 0 1.65795e+50 1.29847e+43 4.64348e+42 0 0 1
0.143301 1.85842e+45 1.85842e+45 1.85842e+45 1.85842e+45 1.85842e+45 2.73685e+43 0 1.8928e+50 1.12443e+43 4.64348e+42 0 0 1
0.165482 1.44855e+45 1.44855e+45 1.44855e+45 1.44855e+45 1.44855e+45 2.1277e+43 0 2.157e+50 9.73715e+42 4.64348e+42 0 0 1
0.191095 1.12863e+45 1.12863e+45 1.12863e+45 1.12863e+45 1.12863e+45 1.65416e+43 0 2.45286e+50 8.43202e+42 4.64348e+42 0 0 1
0.220673 8.78979e+44 8.78979e+44 8.78979e+44 8.78979e+44 8.78979e+44 1.286e+43 0 2.78242e+50 7.30183e+42 4.64348e+42 0 0 1
0.25483 6.84223e+44 6.84223e+44 6.84223e+44 6.84223e+44 6.84223e+44 9.9976e+42 0 3.14717e+50 6.32312e+42 4.64348e+42 0 0 1
0.294273 5.32339e+44 5.32339e+44 5.32339e+44 5.32339e+44 5.32339e+44 7.77202e+42 0 3.54776e+50 5.47559e+42 4.64348e+42 0 0 1
0.339821 4.13932e+44 4.13932e+44 4.13932e+44 4.13932e+44 4.13932e+44 6.04153e+42 0 3.98359e+50 4.74166e+42 4.64348e+42 0 0 1
0.392419 3.2166e+44 3.2166e+44 3.2166e+44 3.2166e+44 3.2166e+44 4.69599e+42 0 4.45231e+50 4.1061e+42 4.64348e+42 0 0 1
0.453158 2.49786e+44 2.49786e+44 2.49786e+44 2.49786e+44 2.49786e+44 3.64977e+42 0 4.94918e+50 3.55573e+42 4.64348e+42 0 0 1
0.523299 1.93828e+44 1.93828e+44 1.93828e+44 1.93828e+44 1.93828e+44 2.83631e+42 0 5.46636e+50 3.07913e+42 4.64348e+42 0 0 1
0.604296 1.50285e+44 1.50285e+44 1.50285e+44 1.50285e+44 1.50285e+44 2.20386e+42 0 5.99209e+50 2.66641e+42 4.64348e+42 0 0 1
0.697831 1.16424e+44 1.16424e+44 1.16424e+44 1.16424e+44 1.16424e+44 1.71216e+42 0 6.50982e+50 2.30901e+42 4.64348e+42 0 0 1
0.805842 9.01085e+43 9.01085e+43 9.01085e+43 9.01085e+43 9.01085e+43 1.32991e+42 0 6.9975e+50 1.99952e+42 4.64348e+42 0 0 1
0.930572 6.96729e+43 6.96729e+43 6.96729e+43 6.96729e+43 6.96729e+43 1.03279e+42 0 7.42715e+50 1.73151e+42 4.64348e+42 0 0 1
1.07461 5.38159e+43 5.38159e+43 5.38159e+43 5.38159e+43 5.38159e+43 8.01857e+41 0 7.76503e+50 1.49942e+42 4.64348e+42 0 0 1
1.24094 4.15224e+43 4.15224e+43 4.15224e+43 4.15224e+43 4.15224e+43 6.22393e+41 0 7.97291e+50 1.29844e+42 4.64348e+42 0 0 1
1.43301 3.20004e+43 3.20004e+43 3.20004e+43 3.20004e+43 3.20004e+43 4.82947e+41 0 8.01084e+50 1.1244e+42 4.64348e+42 0 0 1
1.65482 2.46326e+43 2.46326e+43 2.46326e+43 2.46326e+43 2.46326e+43 3.74614e+41 0 7.84204e+50 9.73682e+41 4.64348e+42 0 0 1
1.91095 1.89377e+43 1.89377e+43 1.89377e+43 1.89377e+43 1.89377e+43 2.90468e+41 0 7.44008e+50 8.43169e+41 4.64348e+42 0 0 1
2.20673 1.45409e+43 1.45409e+43 1.45409e+43 1.45409e+43 1.45409e+43 2.25124e+41 0 6.79771e+50 7.3015e+41 4.64348e+42 0 0 1
2.5483 1.11504e+43 1.11504e+43 1.11504e+43 1.11504e+43 1.11504e+43 1.74394e+41 0 5.93589e+50 6.32279e+41 4.64348e+42 0 0 1
2.94273 8.53918e+42 8.53918e+42 8.53918e+42 8.53918e+42 8.53918e+42 1.35022e+41 0 4.9096e+50 5.47526e+41 4.64348e+42 0 0 1
3.39821 6.53071e+42 6.53071e+42 6.53071e+42 6.53071e+42 6.53071e+42 1.04475e+41 0 3.80605e+50 4.74133e+41 4.64348e+42 0 0 1
3.92419 4.98794e+42 4.98794e+42 4.98794e+42 4.98794e+42 4.98794e+42 8.0785e+40 0 2.73205e+50 4.10577e+41 4.64348e+42 0 0 1
4.53158 3.80451e+42 3.80451e+42 3.80451e+42 3.80451e+42 3.80451e+42 6.24208e+40 0 1.79079e+50 3.5554e+41 4.64348e+42 0 0 1
5.23299 2.89798e+42 2.89798e+42 2.89798e+42 2.89798e+42 2.89798e+42 4.81926e+40 0 1.05509e+50 3.0788e+41 4.64348e+42 0 0 1
6.04296 2.20454e+42 2.20454e+42 2.20454e+42 2.20454e+42 2.20454e+42 3.71753e+40 0 5.48871e+49 2.66609e+41 4.64348e+42 0 0 1
6.97831 1.67484e+42 1.67484e+42 1.67484e+42 1.67484e+42 1.67484e+42 2.865e+40 0 2.4707e+49 2.30869e+41 4.64348e+42 0 0 1
8.05842 1.27079e+42 1.27079e+42 1.27079e+42 1.27079e+42 1.27079e+42 2.20578e+40 0 9.40531e+48 1.99919e+41 4.64348e+42 0 0 1
9.30572 9.63006e+41 9.63006e+41 9.63006e+41 9.63006e+41 9.63006e+41 1.69644e+40 0 2.94941e+48 1.73118e+41 4.64348e+42 0 0 1
10.7461 7.28875e+41 7.28875e+41 7.28875e+41 7.28875e+41 7.28875e+41 1.30326e+40 0 7.393e+47 1.49909e+41 4.64348e+42 0 0 1
12.4094 5.51008e+41 5.51008e+41 5.51008e+41 5.51008e+41 5.51008e+41 1.00004e+40 0 1.43072e+47 1.29811e+41 4.64348e+42 0 0 1
14.3301 4.16061e+41 4.16061e+41 4.16061e+41 4.16061e+41 4.16061e+41 7.66431e+39 0 2.05373e+46 1.12407e+41 4.64348e+42 0 0 1
16.5482 3.13807e+41 3.13807e+41 3.13807e+41 3.13807e+41 3.13807e+41 5.8665e+39 0 2.08785e+45 9.73354e+40 4.64348e+42 0 0 1
19.1095 2.36421e+41 2.36421e+41 2.36421e+41 2.36421e+41 2.36421e+41 4.48455e+39 0 1.42506e+44 8.42841e+40 4.64348e+42 0 0 1
22.0673 1.77926e+41 1.77926e+41 1.77926e+41 1.77926e+41 1.77926e+41 3.42354e+39 0 6.13998e+42 7.29821e+40 4.64348e+42 0 0 1
25.483 1.33762e+41 1.33762e+41 1.33762e+41 1.33762e+41 1.33762e+41 2.60998e+39 0 1.55514e+41 6.3195e+40 4.64348e+42 0 0 1
29.4273 1.00457e+41 1.00457e+41 1.00457e+41 1.00457e+41 1.00457e+41 1.98698e+39 0 2.13271e+39 5.47197e+40 4.64348e+42 0 0 1
33.9821 7.53677e+40 7.53677e+40 7.53677e+40 7.53677e+40 7.53677e+40 1.51056e+39 0 1.44017e+37 4.73804e+40 4.64348e+42 0 0 1
39.2419 5.64885e+40 5.64885e+40 5.64885e+40 5.64885e+40 5.64885e+40 1.14673e+39 0 4.29131e+34 4.10249e+40 4.64348e+42 0 0 1
45.3158 4.22974e+40 4.22974e+40 4.22974e+40 4.22974e+40 4.22974e+40 8.6928e+38 0 4.97126e+31 3.55212e+40 4.64348e+42 0 0 1
52.3299 3.16411e+40 3.16411e+40 3.16411e+40 3.16411e+40 3.16411e+40 6.58011e+38 0 1.93435e+28 3.07552e+40 4.64348e+42 0 0 1
60.4296 2.36474e+40 2.36474e+40 2.36474e+40 2.36474e+40 2.36474e+40 4.97372e+38 0 2.13531e+24 2.6628e+40 4.64348e+42 0 0 1
69.7831 1.7657e+40 1.7657e+40 1.7657e+40 1.7657e+40 1.7657e+40 3.75409e+38 0 5.50245e+19 2.3054e+40 4.64348e+42 0 0 1
80.5842 1.31722e+40 1.31722e+40 1.31722e+40 1.31722e+40 1.31722e+40 2.82949e+38 0 2.64255e+14 1.99591e+40 4.64348e+42 0 0 1
93.0572 9.81787e+39 9.81787e+39 9.81787e+39 9.81787e+39 9.81787e+39 2.12959e+38 0 1.8236e+08 1.7279e+40 4.64348e+42 0 0 1
107.461 7.31142e+39 7.31142e+39 7.31142e+39 7.31142e+39 7.31142e+39 1.60057e+38 0 13.3925 1.49581e+40 4.64348e+42 0 0 1
124.094 5.44025e+39 5.44025e+39 5.44025e+39 5.44025e+39 5.44025e+39 1.2013e+38 0 7.39979e-08 1.29483e+40 4.64348e+42 0 0 1
143.301 4.04461e+39 4.04461e+39 4.04461e+39 4.04461e+39 4.04461e+39 9.00401e+37 0 2.06109e-17 1.12079e+40 4.64348e+42 0 0 1
165.482 3.00457e+39 3.00457e+39 3.00457e+39 3.00457e+39 3.00457e+39 6.73967e+37 0 1.82249e-28 9.70074e+39 4.64348e+42 0 0 1
191.095 2.23019e+39 2.23019e+39 2.23019e+39 2.23019e+39 2.23019e+39 5.03814e+37 0 2.99925e-41 8.39562e+39 4.64348e+42 0 0 1
220.673 1.65411e+39 1.65411e+39 1.65411e+39 1.65411e+39 1.65411e+39 3.76134e+37 0 4.95832e-56 7.26543e+39 4.64348e+42 0 0 1
254.83 1.2259e+39 1.2259e+39 1.2259e+39 1.2259e+39 1.2259e+39 2.80457e+37 0 4.03991e-73 6.28674e+39 4.64348e+42 0 0 1
294.273 9.07873e+38 9.07873e+38 9.07873e+38 9.07873e+38 9.07873e+38 2.08861e+37 0 7.12847e-93 5.43922e+39 4.64348e+42 0 0 1
339.821 6.71857e+38 6.71857e+38 6.71857e+38 6.71857e+38 6.71857e+38 1.55356e+37 0 1.05392e-115 4.70531e+39 4.64348e+42 0 0 1
392.419 4.96841e+38 4.96841e+38 4.96841e+38 4.96841e+38 4.96841e+38 1.15423e+37 0 4.36082e-142 4.06978e+39 4.64348e+42 0 0 1
453.158 3.67157e+38 3.67157e+38 3.67157e+38 3.67157e+38 3.67157e+38 8.5658e+36 0 1.42341e-172 3.51944e+39 4.64348e+42 0 0 1
523.299 2.71135e+38 2.71135e+38 2.71135e+38 2.71135e+38 2.71135e+38 6.3499e+36 0 8.49231e-208 3.04286e+39 4.64348e+42 0 0 1
604.296 2.00089e+38 2.00089e+38 2.00089e+38 2.00089e+38 2.00089e+38 4.70223e+36 0 1.71114e-248 2.63018e+39 4.64348e+42 0 0 1
697.831 1.4756e+38 1.4756e+38 1.4756e+38 1.4756e+38 1.4756e+38 3.47852e+36 0 0 2.27282e+39 4.64348e+42 0 0 1
805.842 1.08749e+38 1.08749e+38 1.08749e+38 1.08749e+38 1.08749e+38 2.57071e+36 0 0 1.96337e+39 4.64348e+42 0 0 1
930.572 8.00939e+37 8.00939e+37 8.00939e+37 8.00939e+37 8.00939e+37 1.89801e+36 0 0 1.69541e+39 4.64348e+42 0 0 1
1074.61 5.89509e+37 5.89509e+37 5.89509e+37 5.89509e+37 5.89509e+37 1.40004e+36 0 0 1.46338e+39 4.64348e+42 0 0 1
1240.94 4.33614e+37 4.33614e+37 4.33614e+37 4.33614e+37 4.33614e+37 1.03181e+36 0 0 1.26246e+39 4.64348e+42 0 0 1
1433.01 3.18741e+37 3.18741e+37 3.18741e+37 3.18741e+37 3.18741e+37 7.59782e+35 0 0 1.0885e+39 4.64348e+42 0 0 1
1654.82 2.34151e+37 2.34151e+37 2.34151e+37 2.34151e+37 2.34151e+37 5.59016e+35 0 0 9.37875e+38 4.64348e+42 0 0 1
1910.95 1.71902e+37 1.71902e+37 1.71902e+37 1.71902e+37 1.71902e+37 4.1098e+35 0 0 8.07465e+38 4.64348e+42 0 0 1
2206.73 1.26121e+37 1.26121e+37 1.26122e+37 1.26122e+37 1.26122e+37 3.01921e+35 0 0 6.94564e+38 4.64348e+42 0 0 1
2548.3 9.24751e+36 9.24751e+36 9.24751e+36 9.24751e+36 9.24751e+36 2.21645e+35 0 0 5.96829e+38 4.64348e+42 0 0 1
2942.73 6.77623e+36 6.77623e+36 6.77623e+36 6.77623e+36 6.77623e+36 1.62604e+35 0 0 5.12233e+38 4.64348e+42 0 0 1
3398.21 4.96226e+36 4.96226e+36 4.96226e+36 4.96226e+36 4.96226e+36 1.19215e+35 0 0 4.3902e+38 4.64348e+42 0 0 1
3924.19 3.63161e+36 3.63161e+36 3.63161e+36 3.63161e+36 3.63161e+36 8.73522e+34 0 0 3.7567e+38 4.64348e+42 0 0 1
4531.58 2.65611e+36 2.65611e+36 2.65612e+36 2.65612e+36 2.65612e+36 6.39704e+34 0 0 3.20869e+38 4.64348e+42 0 0 1
5232.99 1.94144e+36 1.94144e+36 1.94144e+36 1.94144e+36 1.94144e+36 4.68238e+34 0 0 2.73479e+38 4.64348e+42 0 0 1
6042.96 1.41817e+36 1.41817e+36 1.41817e+36 1.41817e+36 1.41817e+36 3.42576e+34 0 0 2.32515e+38 4.64348e+42 0 0 1
6978.31 1.03529e+36 1.03529e+36 1.03529e+36 1.03529e+36 1.03529e+36 2.50537e+34 0 0 1.97126e+38 4.64348e+42 0 0 1
8058.42 7.55317e+35 7.55317e+35 7.55318e+35 7.55318e+35 7.55318e+35 1.83162e+34 0 0 1.66576e+38 4.64348e+42 0 0 1
9305.72 5.50718e+35 5.50718e+35 5.50718e+35 5.50718e+35 5.50718e+35 1.33867e+34 0 0 1.40228e+38 4.64348e+42 0 0 1
10746.1 4.01296e+35 4.01296e+35 4.01297e+35 4.01297e+35 4.01297e+35 9.78173e+33 0 0 1.17533e+38 4.64348e+42 0 0 1
12409.4 2.92241e+35 2.92241e+35 2.92241e+35 2.92241e+35 2.92241e+35 7.1465e+33 0 0 9.80135e+37 4.64348e+42 0 0 1
14330.1 2.12697e+35 2.12697e+35 2.12697e+35 2.12697e+35 2.12697e+35 5.22083e+33 0 0 8.12605e+37 4.64348e+42 0 0 1
16548.2 1.54714e+35 1.54714e+35 1.54714e+35 1.54714e+35 1.54714e+35 3.81408e+33 0 0 6.69186e+37 4.64348e+42 0 0 1
19109.5 1.12474e+35 1.12474e+35 1.12474e+35 1.12474e+35 1.12474e+35 2.78664e+33 0 0 5.46808e+37 4.64348e+42 0 0 1
22067.3 8.17213e+34 8.17213e+34 8.17215e+34 8.17215e+34 8.17215e+34 2.03636e+33 0 0 4.42814e+37 4.64348e+42 0 0 1
25483 5.93457e+34 5.93457e+34 5.93458e+34 5.93458e+34 5.93458e+34 1.48851e+33 0 0 3.54895e+37 4.64348e+42 0 0 1
29427.3 4.30749e+34 4.30749e+34 4.30749e+34 4.30749e+34 4.30749e+34 1.08847e+33 0 0 2.81045e+37 4.64348e+42 0 0 1
33982.1 3.125e+34 3.125e+34 3.12501e+34 3.12501e+34 3.12501e+34 7.96338e+32 0 0 2.19504e+37 4.64348e+42 0 0 1
39241.9 2.26611e+34 2.26611e+34 2.26612e+34 2.26612e+34 2.26612e+34 5.82957e+32 0 0 1.68721e+37 4.64348e+42 0 0 1
45315.8 1.6426e+34 1.6426e+34 1.6426e+34 1.6426e+34 1.6426e+34 4.27051e+32 0 0 1.27316e+37 4.64348e+42 0 0 1
52329.9 1.19018e+34 1.19018e+34 1.19019e+34 1.19019e+34 1.19019e+34 3.13092e+32 0 0 9.40463e+36 4.64348e+42 0 0 1
60429.6 8.62075e+33 8.62075e+33 8.62078e+33 8.62078e+33 8.62078e+33 2.29749e+32 0 0 6.77821e+36 4.64348e+42 0 0 1
69783.1 6.24227e+33 6.24227e+33 6.24229e+33 6.24229e+33 6.24229e+33 1.68758e+32 0 0 4.74841e+36 4.64348e+42 0 0 1
80584.2 4.51882e+33 4.51882e+33 4.51884e+33 4.51884e+33 4.51884e+33 1.2409e+32 0 0 3.21907e+36 4.64348e+42 0 0 1
93057.2 3.27051e+33 3.27051e+33 3.27052e+33 3.27052e+33 3.27052e+33 9.13491e+31 0 0 2.10115e+36 4.64348e+42 0 0 1
107461 2.36666e+33 2.36666e+33 2.36667e+33 2.36667e+33 2.36667e+33 6.73275e+31 0 0 1.31275e+36 4.64348e+42 0 0 1
124094 1.71241e+33 1.71241e+33 1.71242e+33 1.71242e+33 1.71242e+33 4.96849e+31 0 0 7.79759e+35 4.64348e+42 0 0 1
143301 1.23897e+33 1.23897e+33 1.23898e+33 1.23898e+33 1.23898e+33 3.67129e+31 0 0 4.36917e+35 4.64348e+42 0 0 1
165482 8.96437e+32 8.96437e+32 8.96442e+32 8.96442e+32 8.96442e+32 2.71638e+31 0 0 2.28862e+35 4.64348e+42 0 0 1
191095 6.48659e+32 6.48659e+32 6.48663e+32 6.48663e+32 6.48663e+32 2.01256e+31 0 0 1.10906e+35 4.64348e+42 0 0 1
220673 4.69446e+32 4.69446e+32 4.69449e+32 4.69449e+32 4.69449e+32 1.49316e+31 0 0 4.91265e+34 4.64348e+42 0 0 1
254830 3.39834e+32 3.39834e+32 3.39836e+32 3.39836e+32 3.39836e+32 1.10935e+31 0 0 1.9616e+34 4.64348e+42 0 0 1
294273 2.46096e+32 2.46096e+32 2.46097e+32 2.46097e+32 2.46097e+32 8.25373e+30 0 0 6.94815e+33 4.64348e+42 0 0 1
339821 1.78298e+32 1.78298e+32 1.78299e+32 1.78299e+32 1.78299e+32 6.14974e+30 0 0 2.14306e+33 4.64348e+42 0 0 1
392419 1.29255e+32 1.29255e+32 1.29256e+32 1.29256e+32 1.29256e+32 4.58882e+30 0 0 5.63384e+32 4.64348e+42 0 0 1
453158 9.37706e+31 9.37706e+31 9.37712e+31 9.37712e+31 9.37712e+31 3.42921e+30 0 0 1.23152e+32 4.64348e+42 0 0 1
523299 6.80873e+31 6.80873e+31 6.80878e+31 6.80878e+31 6.80878e+31 2.56652e+30 2.56031e+29 0 2.17539e+31 4.64348e+42 0 0 1
604296 4.94895e+31 4.94895e+31 4.94899e+31 4.94899e+31 4.94899e+31 1.92382e+30 2.57137e+29 0 3.00449e+30 4.64348e+42 0 0 1
697831 3.60148e+31 3.60148e+31 3.6015e+31 3.6015e+31 3.6015e+31 1.4443e+30 2.58242e+29 0 3.12323e+29 4.64348e+42 0 0 1
805842 2.62449e+31 2.62449e+31 2.62451e+31 2.62451e+31 2.62451e+31 1.08601e+30 2.59347e+29 0 2.33848e+28 4.64348e+42 0 0 1
930572 1.91552e+31 1.91552e+31 1.91553e+31 1.91553e+31 1.91553e+31 8.17894e+29 2.60453e+29 0 1.19868e+27 4.64348e+42 0 0 1
1.07461e+06 1.40051e+31 1.40051e+31 1.40052e+31 1.40052e+31 1.40052e+31 6.16953e+29 2.61725e+29 0 3.96683e+25 4.64348e+42 0 0 1
1.24094e+06 1.02596e+31 1.02596e+31 1.02596e+31 1.02596e+31 1.02596e+31 4.66126e+29 2.62072e+29 0 7.92026e+23 4.64348e+42 0 0 1
1.43301e+06 7.53178e+30 7.53178e+30 7.53182e+30 7.53182e+30 7.53182e+30 3.52737e+29 2.62516e+29 0 8.8232e+21 4.64348e+42 0 0 1
1.65482e+06 5.54209e+30 5.54209e+30 5.54212e+30 5.54212e+30 5.54212e+30 2.67361e+29 2.63088e+29 0 5.01048e+19 4.64348e+42 0 0 1
1.91095e+06 4.08824e+30 4.08824e+30 4.08826e+30 4.08826e+30 4.08826e+30 2.02976e+29 2.63883e+29 0 1.30679e+17 4.64348e+42 0 0 1
2.20673e+06 3.02388e+30 3.02388e+30 3.02389e+30 3.02389e+30 3.02389e+30 1.54346e+29 2.64915e+29 0 1.38771e+14 4.64348e+42 0 0 1
2.5483e+06 2.243e+30 2.243e+30 2.24301e+30 2.24301e+30 2.24301e+30 1.17559e+29 2.66269e+29 0 5.22108e+10 4.64348e+42 0 0 1
2.94273e+06 1.66878e+30 1.66878e+30 1.66879e+30 1.66879e+30 1.66879e+30 8.96904e+28 2.68047e+29 0 5.92704e+06 4.64348e+42 0 0 1
3.39821e+06 1.2455e+30 1.2455e+30 1.24551e+30 1.24551e+30 1.24551e+30 6.85509e+28 2.70527e+29 0 168.65 4.64348e+42 0 0 1
3.92419e+06 9.32655e+29 9.32655e+29 9.32659e+29 9.32659e+29 9.32659e+29 5.24952e+28 2.73746e+29 0 0.00097094 4.64348e+42 0 0 1
4.53158e+06 7.00801e+29 7.00801e+29 7.00804e+29 7.00804e+29 7.00804e+29 4.02905e+28 2.77896e+29 0 8.83175e-10 4.64348e+42 0 0 1
5.23299e+06 5.28498e+29 5.28498e+29 5.28499e+29 5.28499e+29 5.28499e+29 3.10095e+28 2.83145e+29 0 9.53926e-17 4.64348e+42 0 0 1
6.04296e+06 4.0013e+29 4.0013e+29 4.00131e+29 4.00131e+29 4.00131e+29 2.39604e+28 2.90104e+29 0 8.79756e-25 4.64348e+42 0 0 1
6.97831e+06 3.04251e+29 3.04251e+29 3.04252e+29 3.04252e+29 3.04252e+29 1.86135e+28 2.98309e+29 0 4.73355e-34 4.64348e+42 0 0 1
8.05842e+06 2.32515e+29 2.32515e+29 2.32515e+29 2.32515e+29 2.32515e+29 1.45769e+28 3.08002e+29 0 9.57161e-45 4.64348e+42 0 0 1
9.30572e+06 1.78813e+29 1.78813e+29 1.78814e+29 1.78814e+29 1.78814e+29 1.1559e+28 3.18985e+29 0 4.3771e-57 4.64348e+42 0 0 1
1.07461e+07 1.38699e+29 1.38699e+29 1.38699e+29 1.38699e+29 1.38699e+29 9.34949e+27 3.32142e+29 0 2.51816e-71 4.64348e+42 0 0 1
1.24094e+07 1.08784e+29 1.08784e+29 1.08784e+29 1.08784e+29 1.08784e+29 7.76461e+27 3.4507e+29 0 9.25853e-88 4.64348e+42 0 0 1
1.43301e+07 8.66198e+28 8.66198e+28 8.662e+28 8.662e+28 8.662e+28 6.67825e+27 3.577e+29 0 9.95186e-107 4.64348e+42 0 0 1
1.65482e+07 7.03743e+28 7.03743e+28 7.03745e+28 7.03745e+28 7.03745e+28 5.99145e+27 3.69425e+29 0 1.26747e-128 4.64348e+42 0 0 1
1.91095e+07 5.87556e+28 5.87556e+28 5.87557e+28 5.87557e+28 5.87557e+28 5.64546e+27 3.79533e+29 0 6.74057e-154 4.64348e+42 0 0 1
2.20673e+07 5.05142e+28 5.05142e+28 5.05143e+28 5.05143e+28 5.05143e+28 5.53028e+27 3.88253e+29 0 4.48883e-183 4.64348e+42 0 0 1
2.5483e+07 4.49225e+28 4.49225e+28 4.49225e+28 4.49225e+28 4.49225e+28 5.61057e+27 3.9437e+29 0 9.31618e-217 4.64348e+42 0 0 1
2.94273e+07 4.11953e+28 4.11953e+28 4.11953e+28 4.11953e+28 4.11953e+28 5.80489e+27 3.94447e+29 0 1.20923e-255 4.64348e+42 0 0 1
3.39821e+07 3.88351e+28 3.88351e+28 3.88352e+28 3.88352e+28 3.88352e+28 6.07328e+27 3.87402e+29 0 0 4.64348e+42 0 0 1
3.92419e+07 3.72067e+28 3.72067e+28 3.72068e+28 3.72068e+28 3.72068e+28 6.32615e+27 3.73044e+29 0 0 4.64348e+42 0 0 1
4.53158e+07 3.61443e+28 3.61443e+28 3.61444e+28 3.61444e+28 3.61444e+28 6.56794e+27 3.539e+29 0 0 4.64348e+42 0 0 1
5.23299e+07 3.53415e+28 3.53415e+28 3.53415e+28 3.53415e+28 3.53415e+28 6.76075e+27 3.31826e+29 0 0 4.64348e+42 0 0 1
6.04296e+07 3.44185e+28 3.44185e+28 3.44186e+28 3.44186e+28 3.44186e+28 6.84233e+27 3.04648e+29 0 0 4.64348e+42 0 0 1
6.97831e+07 3.31956e+28 3.31956e+28 3.31957e+28 3.31957e+28 3.31957e+28 6.79041e+27 2.72973e+29 0 0 4.64348e+42 0 0 1
8.05842e+07 3.16449e+28 3.16449e+28 3.1645e+28 3.1645e+28 3.1645e+28 6.61317e+27 2.37327e+29 0 0 4.64348e+42 0 0 1
9.30572e+07 2.97155e+28 2.97155e+28 2.97156e+28 2.97156e+28 2.97156e+28 6.31015e+27 1.98958e+29 0 0 4.64348e+42 0 0 1
1.07461e+08 2.73567e+28 2.73567e+28 2.73568e+28 2.73568e+28 2.73568e+28 5.87842e+27 1.6004e+29 0 0 4.64348e+42 1.68678 0 1
1.24094e+08 2.48612e+28 2.48612e+28 2.48613e+28 2.48613e+28 2.48613e+28 5.39168e+27 1.26678e+29 0 0 4.64348e+42 1.48187 0 1
1.43301e+08 2.21848e+28 2.21848e+28 2.21848e+28 2.21848e+28 2.21848e+28 4.84503e+27 9.84941e+28 0 0 4.64348e+42 1.30185 0 1
1.65482e+08 1.93793e+28 1.93793e+28 1.93793e+28 1.93793e+28 1.93793e+28 4.2544e+27 7.53625e+28 0 0 4.64348e+42 1.14369 0 1
1.91095e+08 1.63939e+28 1.63939e+28 1.63939e+28 1.63939e+28 1.63939e+28 3.61131e+27 5.61874e+28 0 0 4.64348e+42 1.00475 0 1
2.20673e+08 1.3683e+28 1.3683e+28 1.36831e+28 1.36831e+28 1.36831e+28 3.02222e+27 4.21105e+28 0 0 4.64348e+42 0.882693 0 1
2.5483e+08 1.12015e+28 1.12015e+28 1.12015e+28 1.12015e+28 1.12015e+28 2.4787e+27 3.12051e+28 0 0 4.64348e+42 0.77546 0 1
2.94273e+08 8.99102e+27 8.99102e+27 8.99103e+27 8.99103e+27 8.99103e+27 1.99183e+27 2.28686e+28 0 0 4.64348e+42 0.681255 0 1
3.39821e+08 7.00524e+27 7.00524e+27 7.00525e+27 7.00525e+27 7.00525e+27 1.55215e+27 1.64619e+28 0 0 4.64348e+42 0.624899 0 1
3.92419e+08 5.43957e+27 5.43957e+27 5.43958e+27 5.43958e+27 5.43958e+27 1.20532e+27 1.20436e+28 0 0 4.64348e+42 0.598494 0 1
4.53158e+08 4.16236e+27 4.16236e+27 4.16237e+27 4.16237e+27 4.16237e+27 9.21948e+26 8.77066e+27 0 0 4.64348e+42 0.573204 0 1
5.23299e+08 3.13262e+27 3.13262e+27 3.13262e+27 3.13262e+27 3.13262e+27 6.93215e+26 6.36061e+27 0 0 4.64348e+42 0.548984 0 1
6.04296e+08 2.32766e+27 2.32766e+27 2.32766e+27 2.32766e+27 2.32766e+27 5.14377e+26 4.56414e+27 0 0 4.64348e+42 0.525787 0 1
6.97831e+08 1.75097e+27 1.75097e+27 1.75098e+27 1.75098e+27 1.75098e+27 3.86576e+26 3.34266e+27 0 0 4.64348e+42 0.50357 0 1
8.05842e+08 1.3096e+27 1.3096e+27 1.3096e+27 1.3096e+27 1.3096e+27 2.88804e+26 2.444e+27 0 0 4.64348e+42 0.482291 0 1
9.30572e+08 9.72731e+26 9.72731e+26 9.72733e+26 9.72733e+26 9.72733e+26 2.14221e+26 1.78266e+27 0 0 4.64348e+42 0.461912 0 1
1.07461e+09 7.13357e+26 7.13357e+26 7.13358e+26 7.13358e+26 7.13358e+26 1.56805e+26 1.28188e+27 0 0 4.64348e+42 0.463577 0 1
1.24094e+09 5.3444e+26 5.3444e+26 5.34441e+26 5.34441e+26 5.34441e+26 1.1736e+26 9.43126e+26 0 0 4.64348e+42 0.487525 0 1
1.43301e+09 4.00941e+26 4.00941e+26 4.00941e+26 4.00941e+26 4.00941e+26 8.79661e+25 6.92034e+26 0 0 4.64348e+42 0.51271 0 1
1.65482e+09 2.99844e+26 2.99844e+26 2.99844e+26 2.99844e+26 2.99844e+26 6.57215e+25 5.06259e+26 0 0 4.64348e+42 0.539196 0 1
1.91095e+09 2.21596e+26 2.21596e+26 2.21596e+26 2.21596e+26 2.21596e+26 4.85e+25 3.64286e+26 0 0 4.64348e+42 0.567051 0 1
2.20673e+09 1.67052e+26 1.67052e+26 1.67053e+26 1.67053e+26 1.67053e+26 3.65445e+25 2.686e+26 0 0 4.64348e+42 0.596344 0 1
2.5483e+09 1.25569e+26 1.25569e+26 1.25569e+26 1.25569e+26 1.25569e+26 2.74549e+25 1.97497e+26 0 0 4.64348e+42 0.627151 0 1
2.94273e+09 9.39531e+25 9.39531e+25 9.39533e+25 9.39533e+25 9.39533e+25 2.0529e+25 1.44752e+26 0 0 4.64348e+42 0.659549 0 1
3.39821e+09 6.91073e+25 6.91073e+25 6.91075e+25 6.91075e+25 6.91075e+25 1.50793e+25 1.04353e+26 0 0 4.64348e+42 0.693621 0 1
3.92419e+09 5.19239e+25 5.19239e+25 5.1924e+25 5.1924e+25 5.1924e+25 1.13272e+25 7.69956e+25 0 0 4.64348e+42 0.729453 0 1
4.53158e+09 3.88867e+25 3.88867e+25 3.88868e+25 3.88868e+25 3.88868e+25 8.48093e+24 5.66071e+25 0 0 4.64348e+42 0.767135 0 1
5.23299e+09 2.90228e+25 2.90228e+25 2.90228e+25 2.90228e+25 2.90228e+25 6.32784e+24 4.14478e+25 0 0 4.64348e+42 0.806765 0 1
6.04296e+09 2.12509e+25 2.12509e+25 2.1251e+25 2.1251e+25 2.1251e+25 4.62828e+24 2.98743e+25 0 0 4.64348e+42 0.848442 0 1
6.97831e+09 1.59271e+25 1.59271e+25 1.59271e+25 1.59271e+25 1.59271e+25 3.46966e+24 2.20173e+25 0 0 4.64348e+42 0.892272 0 1
8.05842e+09 1.18973e+25 1.18973e+25 1.18973e+25 1.18973e+25 1.18973e+25 2.5925e+24 1.6182e+25 0 0 4.64348e+42 0.938365 0 1
9.30572e+09 8.83235e+24 8.83235e+24 8.83237e+24 8.83237e+24 8.83237e+24 1.92495e+24 1.18598e+25 0 0 4.64348e+42 0.986841 0 1
1.07461e+10 6.44747e+24 6.44747e+24 6.44748e+24 6.44748e+24 6.44748e+24 1.40455e+24 8.57431e+24 0 0 4.64348e+42 1.10725 0 1
1.24094e+10 4.79199e+24 4.79199e+24 4.792e+24 4.792e+24 4.792e+24 1.04464e+24 6.33976e+24 0 0 4.64348e+42 1.32548 0 1
1.43301e+10 3.54017e+24 3.54017e+24 3.54018e+24 3.54018e+24 3.54018e+24 7.72249e+23 4.67569e+24 0 0 4.64348e+42 1.58671 0 1
1.65482e+10 2.60693e+24 2.60693e+24 2.60694e+24 2.60694e+24 2.60694e+24 5.69102e+23 3.43771e+24 0 0 4.64348e+42 1.89942 0 1
1.91095e+10 1.88517e+24 1.88517e+24 1.88518e+24 1.88518e+24 1.88518e+24 4.11604e+23 2.48528e+24 0 0 4.64348e+42 2.27377 0 1
2.20673e+10 1.39236e+24 1.39236e+24 1.39236e+24 1.39236e+24 1.39236e+24 3.04447e+23 1.83851e+24 0 0 4.64348e+42 2.7219 34.7254 1
2.5483e+10 1.02478e+24 1.02478e+24 1.02478e+24 1.02478e+24 1.02478e+24 2.24422e+23 1.35549e+24 0 0 4.64348e+42 3.25834 22.9578 1
2.94273e+10 7.51895e+23 7.51895e+23 7.51897e+23 7.51897e+23 7.51897e+23 1.64935e+23 9.95828e+23 0 0 4.64348e+42 3.90052 15.5417 1
3.39821e+10 5.41675e+23 5.41675e+23 5.41676e+23 5.41676e+23 5.41676e+23 1.18955e+23 7.18198e+23 0 0 4.64348e+42 4.66925 10.7604 1
3.92419e+10 4.00126e+23 4.00126e+23 4.00127e+23 4.00127e+23 4.00127e+23 8.80825e+22 5.31204e+23 0 0 4.64348e+42 5.58949 7.61059 1
4.53158e+10 2.94847e+23 2.94847e+23 2.94848e+23 2.94848e+23 2.94848e+23 6.50703e+22 3.91888e+23 0 0 4.64348e+42 6.69109 5.49245 1
5.23299e+10 2.16835e+23 2.16835e+23 2.16836e+23 2.16836e+23 2.16836e+23 4.79822e+22 2.88267e+23 0 0 4.64348e+42 8.00981 4.04008 1
6.04296e+10 1.56842e+23 1.56842e+23 1.56842e+23 1.56842e+23 1.56842e+23 3.47905e+22 2.08112e+23 0 0 4.64348e+42 9.58842 3.02568 1
6.97831e+10 1.16236e+23 1.16236e+23 1.16237e+23 1.16237e+23 1.16237e+23 2.58739e+22 1.54238e+23 0 0 4.64348e+42 11.4782 2.3047 1
8.05842e+10 8.58718e+22 8.58718e+22 8.5872e+22 8.5872e+22 8.5872e+22 1.91848e+22 1.14024e+23 0 0 4.64348e+42 13.7403 1.78376 1
9.30572e+10 6.32331e+22 6.32331e+22 6.32332e+22 6.32332e+22 6.32332e+22 1.4181e+22 8.40378e+22 0 0 4.64348e+42 16.4483 1.40144 1
1.07461e+11 4.56772e+22 4.56772e+22 4.56773e+22 4.56773e+22 4.56773e+22 1.02813e+22 6.0721e+22 0 0 4.64348e+42 19.6901 1.11671 1
1.24094e+11 3.37634e+22 3.37634e+22 3.37635e+22 3.37635e+22 3.37635e+22 7.63325e+21 4.50309e+22 0 0 4.64348e+42 23.5707 0.901709 1
1.43301e+11 2.48635e+22 2.48635e+22 2.48635e+22 2.48635e+22 2.48635e+22 5.64636e+21 3.32936e+22 0 0 4.64348e+42 28.2161 0.737233 1
1.65482e+11 1.82354e+22 1.82354e+22 1.82355e+22 1.82355e+22 1.82355e+22 4.15973e+21 2.45271e+22 0 0 4.64348e+42 33.7771 0.609868 1
1.91095e+11 1.31156e+22 1.31156e+22 1.31156e+22 1.31156e+22 1.31156e+22 3.0043e+21 1.76961e+22 0 0 4.64348e+42 40.434 0.510106 1
2.20673e+11 9.66784e+21 9.66784e+21 9.66787e+21 9.66787e+21 9.66787e+21 2.22428e+21 1.31062e+22 0 0 4.64348e+42 48.403 0.431129 1
2.5483e+11 7.10536e+21 7.10536e+21 7.10539e+21 7.10539e+21 7.10539e+21 1.64137e+21 9.67451e+21 0 0 4.64348e+42 57.9425 0.367983 1
2.94273e+11 5.2067e+21 5.2067e+21 5.20672e+21 5.20672e+21 5.20672e+21 1.20714e+21 7.11395e+21 0 0 4.64348e+42 69.3621 0.317029 1
3.39821e+11 3.74417e+21 3.74417e+21 3.74418e+21 3.74418e+21 3.74418e+21 8.70665e+20 5.11972e+21 0 0 4.64348e+42 0 0.275565 1
3.92419e+11 2.76289e+21 2.76289e+21 2.7629e+21 2.7629e+21 2.7629e+21 6.44219e+20 3.78335e+21 0 0 4.64348e+42 0 0.241562 1
4.53158e+11 2.03333e+21 2.03333e+21 2.03334e+21 2.03334e+21 2.03334e+21 4.75118e+20 2.78574e+21 0 0 4.64348e+42 0 0.213483 1
5.23299e+11 1.49203e+21 1.49203e+21 1.49204e+21 1.49204e+21 1.49204e+21 3.4918e+20 2.04268e+21 0 0 4.64348e+42 0 0.190154 1
6.04296e+11 1.07349e+21 1.07349e+21 1.07349e+21 1.07349e+21 1.07349e+21 2.51469e+20 1.46466e+21 0 0 4.64348e+42 0 0.170669 1
6.97831e+11 7.92853e+20 7.92853e+20 7.92856e+20 7.92856e+20 7.92856e+20 1.85842e+20 1.07876e+21 0 0 4.64348e+42 0 0.154323 1
8.05842e+11 5.83746e+20 5.83746e+20 5.83748e+20 5.83748e+20 5.83748e+20 1.36852e+20 7.91382e+20 0 0 4.64348e+42 0 0.140565 1
9.30572e+11 4.28295e+20 4.28295e+20 4.28297e+20 4.28297e+20 4.28297e+20 1.00389e+20 5.77919e+20 0 0 4.64348e+42 0 0.12896 1
1.07461e+12 3.07708e+20 3.07709e+20 3.0771e+20 3.0771e+20 3.0771e+20 7.20865e+19 4.12205e+20 0 0 4.64348e+42 0 0.119166 1
1.24094e+12 2.26976e+20 2.26976e+20 2.26977e+20 2.26977e+20 2.26977e+20 5.31357e+19 3.02158e+20 0 0 4.64348e+42 0 0.110908 1
1.43301e+12 1.66787e+20 1.66788e+20 1.66788e+20 1.66788e+20 1.66788e+20 3.90104e+19 2.20507e+20 0 0 4.64348e+42 0 0.103969 1
1.65482e+12 1.22046e+20 1.22046e+20 1.22046e+20 1.22046e+20 1.22046e+20 2.85162e+19 1.60098e+20 0 0 4.64348e+42 0 0.098177 1
1.91095e+12 8.73186e+19 8.73187e+19 8.7319e+19 8.7319e+19 8.7319e+19 2.03792e+19 1.13347e+20 0 0 4.64348e+42 0 0.0933933 1
2.20673e+12 6.41587e+19 6.41587e+19 6.4159e+19 6.4159e+19 6.4159e+19 1.49566e+19 8.25359e+19 0 0 4.64348e+42 0 0.0895108 1
2.5483e+12 4.69292e+19 4.69292e+19 4.69294e+19 4.69294e+19 4.69294e+19 1.09272e+19 5.97949e+19 0 0 4.64348e+42 0 0.0864461 1
2.94273e+12 3.4159e+19 3.4159e+19 3.41592e+19 3.41592e+19 3.41592e+19 7.94441e+18 4.30675e+19 0 0 4.64348e+42 0 0.0841374 1
3.39821e+12 2.42658e+19 2.42658e+19 2.42659e+19 2.42659e+19 2.42659e+19 5.63709e+18 3.01785e+19 0 0 4.64348e+42 0 0.082541 1
3.92419e+12 1.77145e+19 1.77145e+19 1.77146e+19 1.77146e+19 1.77146e+19 4.11068e+18 2.17755e+19 0 0 4.64348e+42 0 0.08163 1
4.53158e+12 1.28642e+19 1.28642e+19 1.28643e+19 1.28643e+19 1.28643e+19 2.98204e+18 1.56192e+19 0 0 4.64348e+42 0 0.0813928 1
5.23299e+12 9.28917e+18 9.28918e+18 9.28922e+18 9.28922e+18 9.28922e+18 2.1512e+18 1.11276e+19 0 0 4.64348e+42 0 0.0818329 1
6.04296e+12 6.53098e+18 6.53099e+18 6.53102e+18 6.53102e+18 6.53102e+18 1.51109e+18 7.68786e+18 0 0 4.64348e+42 0 0.0829683 1
6.97831e+12 4.72386e+18 4.72386e+18 4.72388e+18 4.72388e+18 4.72388e+18 1.09204e+18 5.47897e+18 0 0 4.64348e+42 0 0.0848322 1
8.05842e+12 3.39594e+18 3.39594e+18 3.39595e+18 3.39595e+18 3.39595e+18 7.84452e+17 3.87736e+18 0 0 4.64348e+42 0 0.0874729 1
9.30572e+12 2.42521e+18 2.42522e+18 2.42523e+18 2.42523e+18 2.42523e+18 5.59825e+17 2.72193e+18 0 0 4.64348e+42 0 0.0909553 1
1.07461e+13 1.68097e+18 1.68097e+18 1.68098e+18 1.68098e+18 1.68098e+18 3.87787e+17 1.84459e+18 0 0 4.64348e+42 0 0.0953611 1
1.24094e+13 1.20065e+18 1.20065e+18 1.20066e+18 1.20066e+18 1.20066e+18 2.76825e+17 1.29292e+18 0 0 4.64348e+42 0 0.10079 1
1.43301e+13 8.51413e+17 8.51414e+17 8.51418e+17 8.51418e+17 8.51418e+17 1.96205e+17 8.98587e+17 0 0 4.64348e+42 0 0.10736 1
1.65482e+13 5.99023e+17 5.99024e+17 5.99027e+17 5.99027e+17 5.99027e+17 1.37983e+17 6.18469e+17 0 0 4.64348e+42 0 0.115206 1
1.91095e+13 4.07224e+17 4.07225e+17 4.07226e+17 4.07226e+17 4.07226e+17 9.37696e+16 4.08267e+17 0 0 4.64348e+42 0 0.12448 1
2.20673e+13 2.85993e+17 2.85994e+17 2.85995e+17 2.85995e+17 2.85995e+17 6.58331e+16 2.79869e+17 0 0 4.64348e+42 0 0.135345 1
2.5483e+13 1.9911e+17 1.99111e+17 1.99112e+17 1.99112e+17 1.99112e+17 4.58212e+16 1.89868e+17 0 0 4.64348e+42 0 0.147968 1
2.94273e+13 1.3731e+17 1.37311e+17 1.37311e+17 1.37311e+17 1.37311e+17 3.15926e+16 1.2728e+17 0 0 4.64348e+42 0 0.162507 1
3.39821e+13 9.09054e+16 9.09059e+16 9.09063e+16 9.09063e+16 9.09063e+16 2.09132e+16 8.10649e+16 0 0 4.64348e+42 0 0.179093 1
3.92419e+13 6.24112e+16 6.24117e+16 6.2412e+16 6.2412e+16 6.2412e+16 1.43563e+16 5.39455e+16 0 0 4.64348e+42 0 0.197804 1
4.53158e+13 4.23906e+16 4.2391e+16 4.23912e+16 4.23912e+16 4.23912e+16 9.75038e+15 3.54379e+16 0 0 4.64348e+42 0 0.218621 1
5.23299e+13 2.84562e+16 2.84566e+16 2.84567e+16 2.84567e+16 2.84567e+16 6.54517e+15 2.29358e+16 0 0 4.64348e+42 0 0.241387 1
6.04296e+13 1.81651e+16 1.81654e+16 1.81655e+16 1.81655e+16 1.81655e+16 4.17852e+15 1.39072e+16 0 0 4.64348e+42 0 0.265741 1
6.97831e+13 1.2095e+16 1.20953e+16 1.20953e+16 1.20953e+16 1.20953e+16 2.7824e+15 8.89516e+15 0 0 4.64348e+42 0 0.291055 1
8.05842e+13 7.94513e+15 7.94534e+15 7.94538e+15 7.94538e+15 7.94538e+15 1.82794e+15 5.59787e+15 0 0 4.64348e+42 0 0.316368 1
9.30572e+13 5.14241e+15 5.14257e+15 5.1426e+15 5.1426e+15 5.1426e+15 1.18331e+15 3.45721e+15 0 0 4.64348e+42 0 0.340344 1
1.07461e+14 3.11989e+15 3.12002e+15 3.12003e+15 3.12003e+15 3.12003e+15 7.18134e+14 1.95819e+15 0 0 4.64348e+42 0 0 1
1.24094e+14 1.99245e+15 1.99256e+15 1.99257e+15 1.99257e+15 1.99257e+15 4.58737e+14 1.18789e+15 0 0 4.64348e+42 0 0 1
1.43301e+14 1.25043e+15 1.25055e+15 1.25056e+15 1.25056e+15 1.25056e+15 2.8799e+14 7.05965e+14 0 0 4.64348e+42 0 0 1
1.65482e+14 7.699e+14 7.7006e+14 7.70064e+14 7.70064e+14 7.70064e+14 1.77397e+14 4.09622e+14 0 0 4.64348e+42 0 0 1
1.91095e+14 4.34442e+14 4.34629e+14 4.34631e+14 4.34631e+14 4.34631e+14 1.00181e+14 2.10845e+14 0 0 4.64348e+42 0 0 1
2.20673e+14 2.61835e+14 2.62055e+14 2.62057e+14 2.62057e+14 2.62057e+14 6.04296e+13 1.19152e+14 0 0 4.64348e+42 0 0 1
2.5483e+14 1.54179e+14 1.54415e+14 1.54416e+14 1.54416e+14 1.54416e+14 3.56257e+13 6.56075e+13 0 0 4.64348e+42 0 0 1
2.94273e+14 8.85366e+13 8.8764e+13 8.87644e+13 8.87644e+13 8.87644e+13 2.04906e+13 3.50373e+13 0 0 4.64348e+42 0 0 1
3.39821e+14 4.49123e+13 4.50922e+13 4.50924e+13 4.50924e+13 4.50924e+13 1.04189e+13 1.57334e+13 0 0 4.64348e+42 0 0 1
3.92419e+14 2.4939e+13 2.50848e+13 2.50849e+13 2.50849e+13 2.50849e+13 5.80012e+12 8.08471e+12 0 0 4.64348e+42 0 0 1
4.53158e+14 1.3419e+13 1.35271e+13 1.35272e+13 1.35272e+13 1.35272e+13 3.13023e+12 4.02082e+12 0 0 4.64348e+42 0 0 1
5.23299e+14 6.98726e+12 7.06106e+12 7.0611e+12 7.0611e+12 7.0611e+12 1.63539e+12 1.92359e+12 0 0 4.64348e+42 0 0 1
6.04296e+14 3.02385e+12 3.0639e+12 3.06392e+12 3.06392e+12 3.06392e+12 7.10697e+11 7.07925e+11 0 0 4.64348e+42 0 0 1
6.97831e+14 1.4955e+12 1.51939e+12 1.5194e+12 1.5194e+12 1.5194e+12 3.52822e+11 3.19824e+11 0 0 4.64348e+42 0 0 1
8.05842e+14 7.07985e+11 7.21178e+11 7.21182e+11 7.21182e+11 7.21182e+11 1.67675e+11 1.38756e+11 0 0 4.64348e+42 0 0 1
9.30572e+14 3.20988e+11 3.2776e+11 3.27762e+11 3.27762e+11 3.27762e+11 7.63099e+10 5.73631e+10 0 0 4.64348e+42 0 0 1
1.07461e+15 1.09125e+11 1.11665e+11 1.11665e+11 1.11665e+11 1.11665e+11 2.60633e+10 1.56208e+10 0 0 4.64348e+42 0 0 1
1.24094e+15 4.56665e+10 4.68121e+10 4.68123e+10 4.68123e+10 4.68123e+10 1.09453e+10 5.89565e+09 0 0 4.64348e+42 0 0 1
1.43301e+15 1.7892e+10 1.83661e+10 1.83662e+10 1.83662e+10 1.83662e+10 4.30305e+09 2.11966e+09 0 0 4.64348e+42 0 0 1
1.65482e+15 6.58308e+09 6.76406e+09 6.76409e+09 6.76409e+09 6.76409e+09 1.58851e+09 7.22606e+08 0 0 4.64348e+42 0 0 1
1.91095e+15 1.54329e+09 1.58661e+09 1.58662e+09 1.58662e+09 1.58662e+09 3.74169e+08 1.21487e+08 0 0 4.64348e+42 0 0 1
2.20673e+15 5.02495e+08 5.16697e+08 5.167e+08 5.167e+08 5.167e+08 1.22209e+08 3.50348e+07 0 0 4.64348e+42 0 0 1
2.5483e+15 1.46659e+08 1.5078e+08 1.50781e+08 1.50781e+08 1.50781e+08 3.57893e+07 9.49496e+06 0 0 4.64348e+42 0 0 1
2.94273e+15 3.80138e+07 3.90639e+07 3.90641e+07 3.90641e+07 3.90641e+07 9.31464e+06 2.47484e+06 0 0 4.64348e+42 0 0 1
3.39821e+15 5.03971e+06 5.17522e+06 5.17525e+06 5.17525e+06 5.17525e+06 1.24303e+06 196531 0 0 4.64348e+42 0 0 1
3.92419e+15 1.1026e+06 1.1312e+06 1.13121e+06 1.13121e+06 1.13121e+06 273188 36868.6 0 0 4.64348e+42 0 0 1
4.53158e+15 200750 205734 205735 205735 205735 50019.8 6162.79 0 0 4.64348e+42 0 0 1
5.23299e+15 28377.4 29047 29047.1 29047.1 29047.1 7126.32 1009.59 0 0 4.64348e+42 0 0 1
6.04296e+15 1496.57 1529.91 1529.92 1529.92 1529.92 380.965 28.8027 0 0 4.64348e+42 0 0 1
6.97831e+15 166.62 170.105 170.106 170.106 170.106 42.856 2.65822 0 0 4.64348e+42 0 0 1
8.05842e+15 13.5873 13.8528 13.8528 13.8528 13.8528 3.54261 0.187268 0 0 4.64348e+42 0 0 1
9.30572e+15 0.731703 0.744996 0.745 0.745 0.745 0.194061 0.0119054 0 0 4.64348e+42 0 0 1
1.07461e+16 0.00791732 0.0080505 0.00805055 0.00805055 0.00805055 0.0021696 8.13018e-05 0 0 4.64348e+42 0 0 1
1.24094e+16 0.000277176 0.000281477 0.000281479 0.000281479 0.000281479 7.80558e-05 2.30946e-06 0 0 4.64348e+42 0 0 1
1.43301e+16 5.29321e-06 5.36872e-06 5.36875e-06 5.36875e-06 5.36875e-06 1.55117e-06 3.79938e-08 0 0 4.64348e+42 0 0 1
1.65482e+16 5.23819e-08 5.30668e-08 5.30671e-08 5.30671e-08 5.30671e-08 1.62084e-08 3.73231e-10 0 0 4.64348e+42 0 0 1
1.91095e+16 4.77774e-11 4.83484e-11 4.83486e-11 4.83486e-11 4.83486e-11 1.60442e-11 2.99891e-13 0 0 4.64348e+42 0 0 1
2.20673e+16 1.65963e-13 1.67772e-13 1.67773e-13 1.67773e-13 1.67773e-13 6.18013e-14 9.8668e-16 0 0 4.64348e+42 0 0 1
2.5483e+16 1.76315e-16 1.78062e-16 1.78063e-16 1.78063e-16 1.78063e-16 7.59365e-17 1.0296e-18 0 0 4.64348e+42 0 0 1
2.94273e+16 5.72763e-20 5.77915e-20 5.77919e-20 5.77919e-20 5.77919e-20 3.01166e-20 3.32899e-22 0 0 4.64348e+42 0 0 1
3.39821e+16 8.97916e-25 9.05233e-25 9.05239e-25 9.05239e-25 9.05239e-25 6.18536e-25 5.1956e-27 0 0 4.64348e+42 0 0 1
3.92419e+16 3.02126e-29 3.04353e-29 3.04354e-29 3.04354e-29 3.04354e-29 2.97459e-29 1.74459e-31 0 0 4.64348e+42 0 0 1
4.53158e+16 1.45615e-34 1.46584e-34 1.46585e-34 1.46585e-34 1.46585e-34 2.27204e-34 8.39194e-37 0 0 4.64348e+42 0 0 1
5.23299e+16 9.22457e-41 9.27989e-41 9.27995e-41 9.27995e-41 9.27995e-41 2.56042e-40 5.2987e-43 0 0 4.64348e+42 0 0 1
6.04296e+16 1.07247e-48 1.07826e-48 1.07826e-48 1.07826e-48 1.07826e-48 5.99831e-48 6.11998e-51 0 0 4.64348e+42 0 0 1
6.97831e+16 8.84371e-57 8.88662e-57 8.88668e-57 8.88668e-57 8.88668e-57 1.13768e-55 4.96608e-59 0 0 4.64348e+42 0 0 1
8.05842e+16 2.96668e-66 2.97961e-66 2.97963e-66 2.97963e-66 2.97963e-66 1.0108e-64 1.58861e-68 0 0 4.64348e+42 0 0 1
9.30572e+16 0 0 0 0 0 0 0 0 0 4.64348e+42 0 0 1