
1.07461e-07 0 0 3.76298e+16 3.98694e+50 1.7292e+59 5.05641e+57 0 8.62001e+43 0 4.64348e+42 0 0 0
1.24094e-07 0 0 1.51434e+21 4.41318e+50 1.50519e+59 4.42349e+57 0 9.95423e+43 0 4.64348e+42 0 0 0
1.43301e-07 0 0 1.48598e+25 4.86682e+50 1.30516e+59 3.85551e+57 0 1.1495e+44 0 4.64348e+42 0 0 0
1.65482e-07 0 0 4.29354e+28 5.34682e+50 1.12728e+59 3.34738e+57 0 1.32742e+44 0 4.64348e+42 0 0 0
1.91095e-07 0 0 4.30131e+31 5.85229e+50 9.69852e+58 2.8945e+57 0 1.53288e+44 0 4.64348e+42 0 0 0
2.20673e-07 0 0 1.72147e+34 6.38296e+50 8.31312e+58 2.49267e+57 0 1.77014e+44 0 4.64348e+42 0 0 0
2.5483e-07 0 0 3.11234e+36 6.93996e+50 7.10175e+58 2.13799e+57 0 2.04413e+44 0 4.64348e+42 0 0 0
2.94273e-07 0 0 2.82823e+38 7.52669e+50 6.05022e+58 1.82681e+57 0 2.36052e+44 0 4.64348e+42 0 0 0
3.39821e-07 0 0 1.41733e+40 8.14995e+50 5.14473e+58 1.5557e+57 0 2.72589e+44 0 4.64348e+42 0 0 0
3.92419e-07 0 0 4.2464e+41 8.8211e+50 4.37165e+58 1.32131e+57 0 3.1478e+44 0 4.64348e+42 0 0 0
4.53158e-07 0 0 8.16025e+42 9.55715e+50 3.71737e+58 1.1204e+57 0 3.63503e+44 0 4.64348e+42 0 0 0
5.23299e-07 0 0 1.06934e+44 1.03814e+51 3.16828e+58 9.49704e+56 0 4.19766e+44 0 4.64348e+42 0 0 0
6.04296e-07 0 0 1.00778e+45 1.13236e+51 2.71079e+58 8.05991e+56 0 4.84739e+44 0 4.64348e+42 0 0 0
6.97831e-07 0 0 7.15263e+45 1.24189e+51 2.33157e+58 6.86008e+56 0 5.59767e+44 0 4.64348e+42 0 0 0
8.05842e-07 0 0 3.97742e+46 1.37064e+51 2.01774e+58 5.86524e+56 0 6.46409e+44 0 4.64348e+42 0 0 0
9.30572e-07 0 0 1.79241e+47 1.52264e+51 1.75736e+58 5.04386e+56 0 7.46462e+44 0 4.64348e+42 0 0 0
1.07461e-06 0 0 6.73584e+47 1.70178e+51 1.53969e+58 4.36594e+56 0 8.62001e+44 0 4.64348e+42 0 0 0
1.24094e-06 0 0 2.16248e+48 1.91164e+51 1.3556e+58 3.80392e+56 0 9.95423e+44 0 4.64348e+42 0 0 0
1.43301e-06 0 0 6.05368e+48 2.15547e+51 1.19769e+58 3.33362e+56 0 1.1495e+45 0 4.64348e+42 0 0 0
1.65482e-06 0 0 1.50394e+49 2.43646e+51 1.06032e+58 2.93483e+56 0 1.32742e+45 0 4.64348e+42 0 0 0
1.91095e-06 0 0 3.36696e+49 2.7581e+51 9.39425e+57 2.59159e+56 0 1.53288e+45 0 4.64348e+42 0 0 0
2.20673e-06 0 0 6.88497e+49 3.12474e+51 8.32192e+57 2.29206e+56 0 1.77014e+45 0 4.64348e+42 0 0 0
2.5483e-06 0 0 1.30146e+50 3.54208e+51 7.3669e+57 2.02787e+56 0 2.04413e+45 0 4.64348e+42 0 0 0
2.94273e-06 0 0 2.29853e+50 4.01752e+51 6.51548e+57 1.79332e+56 0 2.36052e+45 0 4.64348e+42 0 0 0
3.39821e-06 0 0 3.82865e+50 4.56052e+51 5.75708e+57 1.58448e+56 0 2.72588e+45 0 4.64348e+42 0 0 0
3.92419e-06 0 0 6.06469e+50 5.18273e+51 5.08275e+57 1.39852e+56 0 3.1478e+45 0 4.64348e+42 0 0 0
4.53158e-06 0 0 9.20169e+50 5.89835e+51 4.48437e+57 1.23317e+56 0 3.63502e+45 0 4.64348e+42 0 0 0
5.23299e-06 0 0 1.34565e+51 6.72428e+51 3.95439e+57 1.08644e+56 0 4.19766e+45 0 4.64348e+42 0 0 0
6.04296e-06 0 0 1.90691e+51 7.68054e+51 3.48571e+57 9.56517e+55 0 4.84738e+45 0 4.64348e+42 0 0 0
6.97831e-06 0 0 2.63062e+51 8.79062e+51 3.07169e+57 8.41694e+55 0 5.59767e+45 0 4.64348e+42 0 0 0
8.05842e-06 0 0 3.54664e+51 1.00821e+52 2.70618e+57 7.40365e+55 0 6.46408e+45 0 4.64348e+42 0 0 0
9.30572e-06 0 0 4.68885e+51 1.15873e+52 2.38357e+57 6.51033e+55 0 7.46461e+45 0 4.64348e+42 0 0 0
1.07461e-05 0 0 6.0963e+51 1.3345e+52 2.09879e+57 5.72319e+55 0 8.61999e+45 0 4.64348e+42 0 0 0
1.24094e-05 0 0 7.81484e+51 1.54016e+52 1.84735e+57 5.02967e+55 0 9.95421e+45 0 4.64348e+42 0 0 0
1.43301e-05 0 0 9.89916e+51 1.78136e+52 1.6253e+57 4.41857e+55 0 1.14949e+46 0 4.64348e+42 0 0 0
1.65482e-05 0 0 1.24151e+52 2.06492e+52 1.42921e+57 3.87998e+55 0 1.32741e+46 0 4.64348e+42 0 0 0
1.91095e-05 0 0 1.5442e+52 2.39905e+52 1.25605e+57 3.40525e+55 0 1.53287e+46 0 4.64348e+42 0 0 0
2.20673e-05 0 0 1.90752e+52 2.79357e+52 1.10317e+57 2.98681e+55 0 1.77013e+46 0 4.64348e+42 0 0 0
2.5483e-05 0 0 2.3429e+52 3.26014e+52 9.68243e+56 2.61808e+55 0 2.04412e+46 0 4.64348e+42 0 0 0
2.94273e-05 0 0 2.86404e+52 3.81267e+52 8.49197e+56 2.29325e+55 0 2.36051e+46 0 4.64348e+42 0 0 0
3.39821e-05 0 0 3.48736e+52 4.4678e+52 7.44202e+56 2.00719e+55 0 2.72587e+46 0 4.64348e+42 0 0 0
3.92419e-05 0 0 4.23265e+52 5.2455e+52 6.51639e+56 1.75538e+55 0 3.14778e+46 0 4.64348e+42 0 0 0
4.53158e-05 0 0 5.12363e+52 6.16969e+52 5.70073e+56 1.53382e+55 0 3.635e+46 0 4.64348e+42 0 0 0
5.23299e-05 0 0 6.18873e+52 7.26897e+52 4.98236e+56 1.33898e+55 0 4.19763e+46 0 4.64348e+42 0 0 0
6.04296e-05 0 0 7.46193e+52 8.57743e+52 4.35005e+56 1.16772e+55 0 4.84734e+46 0 4.64348e+42 0 0 0
6.97831e-05 0 0 8.98381e+52 1.01358e+53 3.79386e+56 1.01729e+55 0 5.59761e+46 0 4.64348e+42 0 0 0
8.05842e-05 0 0 1.08028e+53 1.19925e+53 3.30498e+56 8.85246e+54 0 6.46401e+46 0 4.64348e+42 0 0 0
9.30572e-05 0 0 1.29768e+53 1.42056e+53 2.8756e+56 7.69426e+54 0 7.46451e+46 0 4.64348e+42 0 0 0
0.000107461 0 0 1.55747e+53 1.6844e+53 2.49878e+56 6.67922e+54 0 8.61986e+46 0 4.64348e+42 0 0 0
0.000124094 0 0 1.86787e+53 1.99899e+53 2.16841e+56 5.79043e+54 0 9.95403e+46 0 4.64348e+42 0 0 0
0.000143301 0 0 2.23865e+53 2.37411e+53 1.87905e+56 5.01293e+54 0 1.14947e+47 0 4.64348e+42 0 0 0
0.000165482 0 0 2.68147e+53 2.82142e+53 1.62587e+56 4.3335e+54 0 1.32738e+47 0 4.64348e+42 0 0 0
0.000191095 0 0 3.2102e+53 3.35479e+53 1.4046e+56 3.74042e+54 0 1.53283e+47 0 4.64348e+42 0 0 0
0.000220673 0 0 3.84133e+53 3.99071e+53 1.21145e+56 3.22334e+54 0 1.77008e+47 0 4.64348e+42 0 0 0
0.00025483 0 0 4.5945e+53 4.74883e+53 1.04307e+56 2.77308e+54 0 2.04404e+47 0 4.64348e+42 0 0 0
0.000294273 0 0 5.4931e+53 5.65252e+53 8.96486e+55 2.38154e+54 0 2.36041e+47 0 4.64348e+42 0 0 0
0.000339821 0 0 6.56494e+53 6.72962e+53 7.6906e+55 2.04154e+54 0 2.72574e+47 0 4.64348e+42 0 0 0
0.000392419 0 0 7.84315e+53 8.01324e+53 6.58462e+55 1.74676e+54 0 3.1476e+47 0 4.64348e+42 0 0 0
0.000453158 0 0 9.3672e+53 9.54286e+53 5.62626e+55 1.49158e+54 0 3.63476e+47 0 4.64348e+42 0 0 0
0.000523299 0 0 1.11841e+54 1.13655e+54 4.79727e+55 1.27106e+54 0 4.19731e+47 0 4.64348e+42 0 0 0
0.000604296 0 0 1.335e+54 1.35373e+54 4.08149e+55 1.08083e+54 0 4.84691e+47 0 4.64348e+42 0 0 0
0.000697831 0 0 1.59316e+54 1.6125e+54 3.46465e+55 9.17045e+53 0 5.59704e+47 0 4.64348e+42 0 0 0
0.000805842 0 0 1.9009e+54 1.92087e+54 2.93415e+55 7.76302e+53 0 6.46325e+47 0 4.64348e+42 0 0 0
0.000930572 0 0 2.26772e+54 2.28833e+54 2.47887e+55 6.55611e+53 0 7.4635e+47 0 4.64348e+42 0 0 0
0.00107461 0 0 2.70389e+54 2.72516e+54 2.08903e+55 5.52339e+53 0 8.61851e+47 0 4.64348e+42 0 0 0
0.00124094 0 0 3.21228e+54 3.23415e+54 1.75598e+55 4.64173e+53 0 9.95224e+47 0 4.64348e+42 0 0 0
0.00143301 0 0 3.76311e+54 3.78528e+54 1.47214e+55 3.8908e+53 0 1.14923e+48 0 4.64348e+42 0 0 0
0.00165482 0 0 4.27263e+54 4.29443e+54 1.23085e+55 3.25279e+53 0 1.32706e+48 0 4.64348e+42 0 0 0
0.00191095 0 0 4.62964e+54 4.65009e+54 1.02627e+55 2.7121e+53 0 1.53241e+48 0 4.64348e+42 0 0 0
0.00220673 0 0 4.75599e+54 4.77417e+54 8.53277e+54 2.25508e+53 0 1.76951e+48 0 4.64348e+42 0 0 0
0.0025483 0 0 4.64177e+54 4.65713e+54 7.0741e+54 1.86985e+53 0 2.04329e+48 0 4.64348e+42 0 0 0
0.00294273 0 0 4.33399e+54 4.34641e+54 5.84767e+54 1.54604e+53 0 2.3594e+48 0 4.64348e+42 0 0 0
0.00339821 1.74513e-214 1.74513e-214 3.90373e+54 3.91341e+54 4.81955e+54 1.27463e+53 0 2.72439e+48 1.50078e-218 4.64348e+42 0 0 0
0.00392419 1.51811e-144 1.51811e-144 3.41863e+54 3.42597e+54 3.96028e+54 1.04781e+53 0 3.14581e+48 1.29099e-148 4.64348e+42 0 0 0
0.00453158 7.14227e-93 7.14227e-93 2.92979e+54 2.93524e+54 3.24436e+54 8.58831e+52 0 3.63237e+48 6.1372e-97 4.64348e+42 0 0 0
0.00523299 1.05611e-54 1.05611e-54 2.46971e+54 2.47369e+54 2.64975e+54 7.01858e+52 0 4.19412e+48 9.32254e-59 4.64348e+42 0 0 0
0.00604296 1.63155e-26 1.63155e-26 2.05564e+54 2.05851e+54 2.15747e+54 5.71875e+52 0 4.84266e+48 1.49838e-30 4.64348e+42 0 0 0
0.00697831 1.05592e-05 1.05592e-05 1.69419e+54 1.69624e+54 1.75123e+54 4.64579e+52 0 5.59138e+48 1.01891e-09 4.64348e+42 0 0 0
0.00805842 2.40402e+10 2.40402e+10 1.38539e+54 1.38684e+54 1.4171e+54 3.76291e+52 0 6.4557e+48 2.4566e+06 4.64348e+42 0 0 0
0.00930572 5.09069e+21 5.09069e+21 1.12566e+54 1.12668e+54 1.14318e+54 3.03875e+52 0 7.45342e+48 5.54421e+17 4.64348e+42 0 0 0
0.0107461 1.12827e+30 1.12827e+30 9.09723e+53 9.10436e+53 9.19354e+53 2.44667e+52 0 8.60508e+48 1.31666e+26 4.64348e+42 0 0 0
0.0124094 1.5664e+36 1.5664e+36 7.31798e+53 7.32294e+53 7.37077e+53 1.96414e+52 0 9.93432e+48 1.9678e+32 4.64348e+42 0 0 0
0.0143301 5.11211e+40 5.11211e+40 5.86236e+53 5.8658e+53 5.89126e+53 1.57213e+52 0 1.14684e+49 6.94221e+36 4.64348e+42 0 0 0
0.0165482 1.04245e+44 1.04245e+44 4.6785e+53 4.68089e+53 4.69433e+53 1.25469e+52 0 1.32388e+49 1.53609e+40 4.64348e+42 0 0 0
0.0191095 2.73566e+46 2.73566e+46 3.72052e+53 3.72216e+53 3.72921e+53 9.98431e+51 0 1.52816e+49 4.38963e+42 4.64348e+42 0 0 0
0.0220673 1.57607e+48 1.57607e+48 2.94876e+53 2.94989e+53 2.95356e+53 7.92221e+51 0 1.76385e+49 2.76315e+44 4.64348e+42 0 0 0
0.025483 2.95828e+49 2.95828e+49 2.32954e+53 2.33031e+53 2.33221e+53 6.268e+51 0 2.03574e+49 5.68511e+45 4.64348e+42 0 0 0
0.0294273 2.42202e+50 2.42202e+50 1.83457e+53 1.83509e+53 1.83607e+53 4.94508e+51 0 2.34934e+49 5.11816e+46 4.64348e+42 0 0 0
0.0339821 1.07316e+51 1.07316e+51 1.44034e+53 1.44069e+53 1.44119e+53 3.89036e+51 0 2.71098e+49 2.50133e+47 4.64348e+42 0 0 0
0.0392419 3.01812e+51 3.01812e+51 1.12741e+53 1.12765e+53 1.12791e+53 3.052e+51 0 3.12793e+49 7.78257e+47 4.64348e+42 0 0 0
0.0453158 6.06138e+51 6.06138e+51 8.7985e+52 8.80013e+52 8.80141e+52 2.38764e+51 0 3.60853e+49 1.73433e+48 4.64348e+42 0 0 0
0.0523299 9.48425e+51 9.48425e+51 6.84637e+52 6.84747e+52 6.84811e+52 1.86272e+51 0 4.16234e+49 3.02004e+48 4.64348e+42 0 0 0
0.0604296 1.2331e+52 1.2331e+52 5.31194e+52 5.31268e+52 5.313e+52 1.44921e+51 0 4.8003e+49 4.38241e+48 4.64348e+42 0 0 0
0.0697831 1.39711e+52 1.39711e+52 4.10965e+52 4.11015e+52 4.1103e+52 1.12442e+51 0 5.53492e+49 5.55769e+48 4.64348e+42 0 0 0
0.0805842 1.42885e+52 1.42885e+52 3.17054e+52 3.17087e+52 3.17095e+52 8.70059e+50 0 6.38046e+49 6.38006e+48 4.64348e+42 0 0 0
0.0930572 1.35388e+52 1.35388e+52 2.43926e+52 2.43948e+52 2.43952e+52 6.7144e+50 0 7.35317e+49 6.80442e+48 4.64348e+42 0 0 0
0.107461 1.21163e+52 1.21163e+52 1.87156e+52 1.87171e+52 1.87172e+52 5.16795e+50 0 8.4715e+49 6.87281e+48 4.64348e+42 0 0 0
0.124094 1.03884e+52 1.03884e+52 1.43218e+52 1.43228e+52 1.43229e+52 3.96735e+50 0 9.75637e+49 6.66838e+48 4.64348e+42 0 0 0
0.143301 8.62405e+51 8.62405e+51 1.09314e+52 1.0932e+52 1.09321e+52 3.03792e+50 0 1.12314e+50 6.28067e+48 4.64348e+42 0 0 0
0.165482 6.98655e+51 6.98655e+51 8.32288e+51 8.3233e+51 8.32334e+51 2.32046e+50 0 1.29231e+50 5.78706e+48 4.64348e+42 0 0 0
0.191095 5.55568e+51 5.55568e+51 6.32178e+51 6.32206e+51 6.32208e+51 1.76819e+50 0 1.48613e+50 5.24646e+48 4.64348e+42 0 0 0
0.220673 4.35536e+51 4.35536e+51 4.79097e+51 4.79115e+51 4.79116e+51 1.34424e+50 0 1.7079e+50 4.69969e+48 4.64348e+42 0 0 0
0.25483 3.37708e+51 3.37708e+51 3.62312e+51 3.62324e+51 3.62324e+51 1.01969e+50 0 1.96128e+50 4.1728e+48 4.64348e+42 0 0 0
0.294273 2.59632e+51 2.59632e+51 2.73453e+51 2.7346e+51 2.73461e+51 7.71883e+49 0 2.25028e+50 3.68081e+48 4.64348e+42 0 0 0
0.339821 1.98282e+51 1.98282e+51 2.06011e+51 2.06016e+51 2.06016e+51 5.83163e+49 0 2.57924e+50 3.23118e+48 4.64348e+42 0 0 0
0.392419 1.50641e+51 1.50641e+51 1.54947e+51 1.5495e+51 1.5495e+51 4.39793e+49 0 2.95281e+50 2.82637e+48 4.64348e+42 0 0 0
0.453158 1.13978e+51 1.13978e+51 1.16368e+51 1.1637e+51 1.1637e+51 3.31129e+49 0 3.37587e+50 2.46577e+48 4.64348e+42 0 0 0
0.523299 8.59589e+50 8.59589e+50 8.72827e+50 8.72841e+50 8.72841e+50 2.4895e+49 0 3.85341e+50 2.14699e+48 4.64348e+42 0 0 0
0.604296 6.46637e+50 6.46637e+50 6.53949e+50 6.53958e+50 6.53958e+50 1.86927e+49 0 4.39037e+50 1.86674e+48 4.64348e+42 0 0 0
0.697831 4.85481e+50 4.85481e+50 4.89512e+50 4.89518e+50 4.89518e+50 1.40203e+49 0 4.99139e+50 1.62134e+48 4.64348e+42 0 0 0
0.805842 3.63939e+50 3.63939e+50 3.66157e+50 3.66161e+50 3.66161e+50 1.05063e+49 0 5.66046e+50 1.40711e+48 4.64348e+42 0 0 0
0.930572 2.7252e+50 2.7252e+50 2.73738e+50 2.73741e+50 2.73741e+50 7.86741e+48 0 6.40044e+50 1.22047e+48 4.64348e+42 0 0 0
1.07461 2.03903e+50 2.03903e+50 2.04571e+50 2.04573e+50 2.04573e+50 5.8882e+48 0 7.2124e+50 1.05814e+48 4.64348e+42 0 0 0
1.24094 1.52485e+50 1.52485e+50 1.52851e+50 1.52852e+50 1.52852e+50 4.40535e+48 0 8.09484e+50 9.1711e+47 4.64348e+42 0 0 0
1.43301 1.14003e+50 1.14003e+50 1.14203e+50 1.14204e+50 1.14204e+50 3.29533e+48 0 9.0426e+50 7.94693e+47 4.64348e+42 0 0 0
1.65482 8.52284e+49 8.52284e+49 8.53379e+49 8.53384e+49 8.53384e+49 2.46498e+48 0 1.00456e+51 6.88499e+47 4.64348e+42 0 0 0
1.91095 6.37261e+49 6.37261e+49 6.3786e+49 6.37863e+49 6.37863e+49 1.84412e+48 0 1.10874e+51 5.96419e+47 4.64348e+42 0 0 0
2.20673 4.76639e+49 4.76639e+49 4.76966e+49 4.76968e+49 4.76968e+49 1.38004e+48 0 1.21434e+51 5.16606e+47 4.64348e+42 0 0 0
2.5483 3.5667e+49 3.5667e+49 3.56849e+49 3.56851e+49 3.56851e+49 1.0332e+48 0 1.31793e+51 4.47443e+47 4.64348e+42 0 0 0
2.94273 2.67059e+49 2.67059e+49 2.67158e+49 2.67158e+49 2.67158e+49 7.73954e+47 0 1.41497e+51 3.8752e+47 4.64348e+42 0 0 0
3.39821 2.00108e+49 2.00108e+49 2.00162e+49 2.00163e+49 2.00163e+49 5.80148e+47 0 1.4997e+51 3.35609e+47 4.64348e+42 0 0 0
3.92419 1.50066e+49 1.50066e+49 1.50096e+49 1.50096e+49 1.50096e+49 4.35211e+47 0 1.56525e+51 2.90644e+47 4.64348e+42 0 0 0
4.53158 1.12642e+49 1.12642e+49 1.12659e+49 1.12659e+49 1.12659e+49 3.26767e+47 0 1.60387e+51 2.51698e+47 4.64348e+42 0 0 0
5.23299 8.46348e+48 8.46348e+48 8.46447e+48 8.46448e+48 8.46448e+48 2.45577e+47 0 1.60755e+51 2.17967e+47 4.64348e+42 0 0 0
6.04296 6.36589e+48 6.36589e+48 6.36649e+48 6.3665e+48 6.3665e+48 1.84748e+47 0 1.56903e+51 1.88754e+47 4.64348e+42 0 0 0
6.97831 4.7935e+48 4.7935e+48 4.79388e+48 4.79388e+48 4.79388e+48 1.39136e+47 0 1.48333e+51 1.63455e+47 4.64348e+42 0 0 0
8.05842 3.61366e+48 3.61366e+48 3.61391e+48 3.61391e+48 3.61391e+48 1.04902e+47 0 1.34948e+51 1.41546e+47 4.64348e+42 0 0 0
9.30572 2.72744e+48 2.72744e+48 2.72762e+48 2.72762e+48 2.72762e+48 7.91838e+46 0 1.17236e+51 1.22572e+47 4.64348e+42 0 0 0
10.7461 2.06105e+48 2.06105e+48 2.06118e+48 2.06118e+48 2.06118e+48 5.98417e+46 0 9.63737e+50 1.06141e+47 4.64348e+42 0 0 0
12.4094 1.55938e+48 1.55938e+48 1.55948e+48 1.55948e+48 1.55948e+48 4.52788e+46 0 7.41675e+50 9.19124e+46 4.64348e+42 0 0 0
14.3301 1.18127e+48 1.18127e+48 1.18135e+48 1.18135e+48 1.18135e+48 3.43017e+46 0 5.27802e+50 7.95905e+46 4.64348e+42 0 0 0
16.5482 8.95944e+47 8.95944e+47 8.96014e+47 8.96015e+47 8.96015e+47 2.60176e+46 0 3.42457e+50 6.89202e+46 4.64348e+42 0 0 0
19.1095 6.80372e+47 6.80372e+47 6.80432e+47 6.80432e+47 6.80432e+47 1.97583e+46 0 1.99377e+50 5.96799e+46 4.64348e+42 0 0 0
22.0673 5.17298e+47 5.17298e+47 5.1735e+47 5.1735e+47 5.1735e+47 1.50229e+46 0 1.0229e+50 5.16781e+46 4.64348e+42 0 0 0
25.483 3.93782e+47 3.93782e+47 3.93827e+47 3.93828e+47 3.93828e+47 1.14361e+46 0 4.53101e+49 4.47489e+46 4.64348e+42 0 0 0
29.4273 3.00112e+47 3.00112e+47 3.00151e+47 3.00151e+47 3.00151e+47 8.71577e+45 0 1.69301e+49 3.87484e+46 4.64348e+42 0 0 0
33.9821 2.28985e+47 2.28985e+47 2.2902e+47 2.2902e+47 2.2902e+47 6.65007e+45 0 5.19606e+48 3.35521e+46 4.64348e+42 0 0 0
39.2419 1.74909e+47 1.74909e+47 1.7494e+47 1.7494e+47 1.7494e+47 5.07949e+45 0 1.27047e+48 2.90524e+46 4.64348e+42 0 0 0
45.3158 1.33746e+47 1.33746e+47 1.33773e+47 1.33773e+47 1.33773e+47 3.88389e+45 0 2.38907e+47 2.51557e+46 4.64348e+42 0 0 0
52.3299 1.02372e+47 1.02372e+47 1.02396e+47 1.02396e+47 1.02396e+47 2.97262e+45 0 3.31754e+46 2.17814e+46 4.64348e+42 0 0 0
60.4296 7.84321e+46 7.84321e+46 7.84531e+46 7.84531e+46 7.84531e+46 2.27723e+45 0 3.24597e+45 1.88593e+46 4.64348e+42 0 0 0
69.7831 6.01421e+46 6.01421e+46 6.01607e+46 6.01607e+46 6.01607e+46 1.74597e+45 0 2.11971e+44 1.63289e+46 4.64348e+42 0 0 0
80.5842 4.61528e+46 4.61528e+46 4.61693e+46 4.61693e+46 4.61693e+46 1.33964e+45 0 8.67831e+42 1.41377e+46 4.64348e+42 0 0 0
93.0572 3.54412e+46 3.54412e+46 3.54558e+46 3.54558e+46 3.54558e+46 1.02853e+45 0 2.0722e+41 1.22402e+46 4.64348e+42 0 0 0
107.461 2.72308e+46 2.72308e+46 2.72437e+46 2.72438e+46 2.72438e+46 7.90082e+44 0 2.65476e+39 1.0597e+46 4.64348e+42 0 0 0
124.094 2.09314e+46 2.09314e+46 2.09429e+46 2.09429e+46 2.09429e+46 6.07154e+44 0 1.65714e+37 9.17401e+45 4.64348e+42 0 0 0
143.301 1.60939e+46 1.60939e+46 1.61041e+46 1.61041e+46 1.61041e+46 4.66701e+44 0 4.50924e+34 7.94179e+45 4.64348e+42 0 0 0
165.482 1.23761e+46 1.23761e+46 1.23852e+46 1.23852e+46 1.23852e+46 3.58779e+44 0 4.70375e+31 6.87473e+45 4.64348e+42 0 0 0
191.095 9.51704e+45 9.51704e+45 9.5251e+45 9.5251e+45 9.5251e+45 2.75804e+44 0 1.62155e+28 5.95069e+45 4.64348e+42 0 0 0
220.673 7.31711e+45 7.31711e+45 7.32427e+45 7.32427e+45 7.32427e+45 2.11978e+44 0 1.55645e+24 5.15051e+45 4.64348e+42 0 0 0
254.83 5.62375e+45 5.62375e+45 5.6301e+45 5.6301e+45 5.6301e+45 1.62865e+44 0 3.41277e+19 4.45759e+45 4.64348e+42 0 0 0
294.273 4.32004e+45 4.32004e+45 4.32567e+45 4.32567e+45 4.32567e+45 1.25069e+44 0 1.36019e+14 3.85754e+45 4.64348e+42 0 0 0
339.821 3.31631e+45 3.31631e+45 3.32131e+45 3.32131e+45 3.32131e+45 9.59828e+43 0 7.56828e+07 3.33793e+45 4.64348e+42 0 0 0
392.419 2.54369e+45 2.54369e+45 2.54811e+45 2.54811e+45 2.54811e+45 7.36044e+43 0 4.33459 2.88796e+45 4.64348e+42 0 0 0
453.158 1.94919e+45 1.94919e+45 1.9531e+45 1.9531e+45 1.9531e+45 5.63944e+43 0 1.79726e-08 2.4983e+45 4.64348e+42 0 0 0
523.299 1.49204e+45 1.49204e+45 1.4955e+45 1.4955e+45 1.4955e+45 4.31675e+43 0 3.59329e-18 2.16088e+45 4.64348e+42 0 0 0
604.296 1.14079e+45 1.14079e+45 1.14384e+45 1.14384e+45 1.14384e+45 3.30101e+43 0 2.16659e-29 1.86869e+45 4.64348e+42 0 0 0
697.831 8.71185e+44 8.71185e+44 8.73881e+44 8.73881e+44 8.73881e+44 2.52176e+43 0 2.29142e-42 1.61566e+45 4.64348e+42 0 0 0
805.842 6.64495e+44 6.64495e+44 6.6687e+44 6.6687e+44 6.6687e+44 1.92461e+43 0 2.27344e-57 1.39656e+45 4.64348e+42 0 0 0
930.572 5.06249e+44 5.06249e+44 5.08339e+44 5.08339e+44 5.08339e+44 1.46755e+43 0 1.0272e-74 1.20683e+45 4.64348e+42 0 0 0
1074.61 3.85263e+44 3.85263e+44 3.87101e+44 3.87101e+44 3.87101e+44 1.11815e+43 0 9.17451e-95 1.04253e+45 4.64348e+42 0 0 0
1240.94 2.92901e+44 2.92901e+44 2.94514e+44 2.94514e+44 2.94514e+44 8.51386e+42 0 6.17912e-118 9.00264e+44 4.64348e+42 0 0 0
1433.01 2.2249e+44 2.2249e+44 2.23906e+44 2.23906e+44 2.23906e+44 6.47946e+42 0 1.03126e-144 7.77074e+44 4.64348e+42 0 0 0
1654.82 1.68887e+44 1.68887e+44 1.70129e+44 1.70129e+44 1.70129e+44 4.92958e+42 0 1.17971e-175 6.70406e+44 4.64348e+42 0 0 0
1910.95 1.28129e+44 1.28129e+44 1.29218e+44 1.29218e+44 1.29218e+44 3.74982e+42 0 2.09719e-211 5.78046e+44 4.64348e+42 0 0 0
2206.73 9.71699e+43 9.71699e+43 9.8124e+43 9.8124e+43 9.8124e+43 2.85238e+42 0 0 4.98077e+44 4.64348e+42 0 0 0
2548.3 7.3673e+43 7.3673e+43 7.45089e+43 7.45089e+43 7.45089e+43 2.16999e+42 0 0 4.28842e+44 4.64348e+42 0 0 0
2942.73 5.58501e+43 5.58501e+43 5.65826e+43 5.65826e+43 5.65826e+43 1.65122e+42 0 0 3.68903e+44 4.64348e+42 0 0 0
3398.21 4.23363e+43 4.23363e+43 4.29781e+43 4.29781e+43 4.29781e+43 1.25684e+42 0 0 3.17016e+44 4.64348e+42 0 0 0
3924.19 3.20915e+43 3.20915e+43 3.2654e+43 3.2654e+43 3.2654e+43 9.56968e+41 0 0 2.72106e+44 4.64348e+42 0 0 0
4531.58 2.43251e+43 2.43251e+43 2.48181e+43 2.48181e+43 2.48181e+43 7.28892e+41 0 0 2.33239e+44 4.64348e+42 0 0 0
5232.99 1.8472e+43 1.8472e+43 1.88868e+43 1.88868e+43 1.88868e+43 5.55988e+41 0 0 1.99991e+44 4.64348e+42 0 0 0
6042.96 1.40071e+43 1.40071e+43 1.43686e+43 1.43686e+43 1.43686e+43 4.2388e+41 0 0 1.70951e+44 4.64348e+42 0 0 0
6978.31 1.06205e+43 1.06205e+43 1.09353e+43 1.09353e+43 1.09353e+43 3.23259e+41 0 0 1.45852e+44 4.64348e+42 0 0 0
8058.42 8.0513e+42 8.0513e+42 8.32509e+42 8.32509e+42 8.32509e+42 2.4658e+41 0 0 1.2417e+44 4.64348e+42 0 0 0
9305.72 6.10174e+42 6.10174e+42 6.33959e+42 6.33959e+42 6.33959e+42 1.88115e+41 0 0 1.05454e+44 4.64348e+42 0 0 0
10746.1 4.62218e+42 4.62218e+42 4.82849e+42 4.82849e+42 4.82849e+42 1.43517e+41 0 0 8.93125e+43 4.64348e+42 0 0 0
12409.4 3.49927e+42 3.49927e+42 3.67788e+42 3.67788e+42 3.67788e+42 1.09483e+41 0 0 7.54068e+43 4.64348e+42 0 0 0
14330.1 2.6471e+42 2.6471e+42 2.80139e+42 2.80139e+42 2.80139e+42 8.35029e+40 0 0 6.34437e+43 4.64348e+42 0 0 0
16548.2 2.00055e+42 2.00055e+42 2.13348e+42 2.13348e+42 2.13348e+42 6.36661e+40 0 0 5.31694e+43 4.64348e+42 0 0 0
19109.5 1.51022e+42 1.51022e+42 1.62439e+42 1.62439e+42 1.62439e+42 4.85192e+40 0 0 4.4364e+43 4.64348e+42 0 0 0
22067.3 1.1386e+42 1.1386e+42 1.23632e+42 1.23632e+42 1.23632e+42 3.69541e+40 0 0 3.68362e+43 4.64348e+42 0 0 0
25483 8.57183e+41 8.57183e+41 9.40499e+41 9.40499e+41 9.40499e+41 2.81261e+40 0 0 3.04202e+43 4.64348e+42 0 0 0
29427.3 6.44318e+41 6.44318e+41 7.15042e+41 7.15042e+41 7.15042e+41 2.13901e+40 0 0 2.4971e+43 4.64348e+42 0 0 0
33982.1 4.83521e+41 4.83521e+41 5.43269e+41 5.43269e+41 5.43269e+41 1.62533e+40 0 0 2.03623e+43 4.64348e+42 0 0 0
39241.9 3.62249e+41 3.62249e+41 4.1246e+41 4.1246e+41 4.1246e+41 1.2339e+40 0 0 1.64831e+43 4.64348e+42 0 0 0
45315.8 2.70949e+41 2.70949e+41 3.1291e+41 3.1291e+41 3.1291e+41 9.35899e+39 0 0 1.32359e+43 4.64348e+42 0 0 0
52329.9 2.02349e+41 2.02349e+41 2.37206e+41 2.37206e+41 2.37206e+41 7.09246e+39 0 0 1.05347e+43 4.64348e+42 0 0 0
60429.6 1.50909e+41 1.50909e+41 1.79685e+41 1.79685e+41 1.79685e+41 5.37049e+39 0 0 8.30342e+42 4.64348e+42 0 0 0
69783.1 1.12417e+41 1.12417e+41 1.3602e+41 1.3602e+41 1.3602e+41 4.0637e+39 0 0 6.47471e+42 4.64348e+42 0 0 0
80584.2 8.36715e+40 8.36715e+40 1.02903e+41 1.02903e+41 1.02903e+41 3.07308e+39 0 0 4.98895e+42 4.64348e+42 0 0 0
93057.2 6.22444e+40 6.22444e+40 7.781e+40 7.781e+40 7.781e+40 2.3229e+39 0 0 3.79346e+42 4.64348e+42 0 0 0
107461 4.62978e+40 4.62978e+40 5.88118e+40 5.88118e+40 5.88118e+40 1.75532e+39 0 0 2.84185e+42 4.64348e+42 0 0 0
124094 3.44446e+40 3.44446e+40 4.44388e+40 4.44388e+40 4.44388e+40 1.32622e+39 0 0 2.09349e+42 4.64348e+42 0 0 0
143301 2.56414e+40 2.56414e+40 3.35714e+40 3.35714e+40 3.35714e+40 1.00199e+39 0 0 1.51301e+42 4.64348e+42 0 0 0
165482 1.91057e+40 1.91057e+40 2.53582e+40 2.53582e+40 2.53582e+40 7.57081e+38 0 0 1.06981e+42 4.64348e+42 0 0 0
191095 1.4253e+40 1.4253e+40 1.91528e+40 1.91528e+40 1.91528e+40 5.72121e+38 0 0 7.37586e+41 4.64348e+42 0 0 0
220673 1.06478e+40 1.06478e+40 1.44651e+40 1.44651e+40 1.44651e+40 4.32432e+38 0 0 4.93896e+41 4.64348e+42 0 0 0
254830 7.96693e+39 7.96693e+39 1.09242e+40 1.09242e+40 1.09242e+40 3.26915e+38 0 0 3.1969e+41 4.64348e+42 0 0 0
294273 5.97079e+39 5.97079e+39 8.24947e+39 8.24947e+39 8.24947e+39 2.4719e+38 0 0 1.98922e+41 4.64348e+42 0 0 0
339821 4.48227e+39 4.48227e+39 6.22897e+39 6.22897e+39 6.22897e+39 1.86935e+38 0 0 1.18216e+41 4.64348e+42 0 0 0
392419 3.37045e+39 3.37045e+39 4.70268e+39 4.70268e+39 4.70268e+39 1.41381e+38 0 0 6.65938e+40 4.64348e+42 0 0 0
453158 2.53858e+39 2.53858e+39 3.54974e+39 3.54974e+39 3.54974e+39 1.06932e+38 0 0 3.52485e+40 4.64348e+42 0 0 0
523299 1.91507e+39 1.91507e+39 2.6789e+39 2.6789e+39 2.6789e+39 8.0877e+37 5.69069e+35 0 1.73536e+40 4.64348e+42 0 0 0
604296 1.44695e+39 1.44695e+39 2.02122e+39 2.02122e+39 2.02122e+39 6.11671e+37 5.71479e+35 0 7.85368e+39 4.64348e+42 0 0 0
697831 1.09488e+39 1.09488e+39 1.52462e+39 1.52462e+39 1.52462e+39 4.62563e+37 5.73889e+35 0 3.22325e+39 4.64348e+42 0 0 0
805842 8.29655e+38 8.29655e+38 1.14974e+39 1.14974e+39 1.14974e+39 3.49759e+37 5.76298e+35 0 1.18095e+39 4.64348e+42 0 0 0
930572 6.29513e+38 6.29513e+38 8.66805e+38 8.66805e+38 8.66805e+38 2.64421e+37 5.78708e+35 0 3.79319e+38 4.64348e+42 0 0 0
1.07461e+06 4.78233e+38 4.78233e+38 6.53317e+38 6.53317e+38 6.53317e+38 1.99864e+37 5.81558e+35 0 1.04593e+38 4.64348e+42 0 0 0
1.24094e+06 3.63693e+38 3.63693e+38 4.92266e+38 4.92266e+38 4.92266e+38 1.5103e+37 5.82249e+35 0 2.41653e+37 4.64348e+42 0 0 0
1.43301e+06 2.76816e+38 2.76816e+38 3.70794e+38 3.70794e+38 3.70794e+38 1.14092e+37 5.83129e+35 0 4.54888e+36 4.64348e+42 0 0 0
1.65482e+06 2.1081e+38 2.1081e+38 2.7919e+38 2.7919e+38 2.7919e+38 8.61522e+36 5.84259e+35 0 6.75424e+35 4.64348e+42 0 0 0
1.91095e+06 1.60588e+38 1.60588e+38 2.10124e+38 2.10124e+38 2.10124e+38 6.50224e+36 5.85824e+35 0 7.62063e+34 4.64348e+42 0 0 0
2.20673e+06 1.22331e+38 1.22331e+38 1.58064e+38 1.58064e+38 1.58064e+38 4.90462e+36 5.8785e+35 0 6.25806e+33 4.64348e+42 0 0 0
2.5483e+06 9.31652e+37 9.31652e+37 1.18836e+38 1.18836e+38 1.18836e+38 3.69706e+36 5.90511e+35 0 3.55915e+32 4.64348e+42 0 0 0
2.94273e+06 7.09178e+37 7.09178e+37 8.92891e+37 8.92891e+37 8.92891e+37 2.78474e+36 5.94014e+35 0 1.3238e+31 4.64348e+42 0 0 0
3.39821e+06 5.39447e+37 5.39447e+37 6.70439e+37 6.70439e+37 6.70439e+37 2.09585e+36 5.98947e+35 0 3.01412e+29 4.64348e+42 0 0 0
3.92419e+06 4.09971e+37 4.09971e+37 5.03056e+37 5.03056e+37 5.03056e+37 1.57602e+36 6.05417e+35 0 3.89254e+27 4.64348e+42 0 0 0
4.53158e+06 3.11244e+37 3.11244e+37 3.77189e+37 3.77189e+37 3.77189e+37 1.18408e+36 6.13864e+35 0 2.61108e+25 4.64348e+42 0 0 0
5.23299e+06 2.36015e+37 2.36015e+37 2.82608e+37 2.82608e+37 2.82608e+37 8.88851e+35 6.2475e+35 0 8.219e+22 4.64348e+42 0 0 0
6.04296e+06 1.78746e+37 1.78746e+37 2.11591e+37 2.11591e+37 2.11591e+37 6.66711e+35 6.39677e+35 0 1.07976e+20 4.64348e+42 0 0 0
6.97831e+06 1.35199e+37 1.35199e+37 1.5831e+37 1.5831e+37 1.5831e+37 4.99769e+35 6.57402e+35 0 5.17113e+16 4.64348e+42 0 0 0
8.05842e+06 1.02129e+37 1.02129e+37 1.18371e+37 1.18371e+37 1.18371e+37 3.74493e+35 6.78675e+35 0 7.72279e+12 4.64348e+42 0 0 0
9.30572e+06 7.70536e+36 7.70536e+36 8.84594e+36 8.84594e+36 8.84594e+36 2.8066e+35 7.02784e+35 0 3.00325e+08 4.64348e+42 0 0 0
1.07461e+07 5.80708e+36 5.80708e+36 6.60805e+36 6.60805e+36 6.60805e+36 2.10567e+35 7.32625e+35 0 2469.64 4.64348e+42 0 0 0
1.24094e+07 4.37247e+36 4.37247e+36 4.93534e+36 4.93534e+36 4.93534e+36 1.58343e+35 7.6178e+35 0 0.00337694 4.64348e+42 0 0 0
1.43301e+07 3.29026e+36 3.29026e+36 3.68641e+36 3.68641e+36 3.68641e+36 1.19584e+35 7.90554e+35 0 5.81751e-10 4.64348e+42 0 0 0
1.65482e+07 2.4755e+36 2.4755e+36 2.755e+36 2.755e+36 2.755e+36 9.09693e+34 8.17498e+35 0 9.16443e-18 4.64348e+42 0 0 0
1.91095e+07 1.86354e+36 1.86354e+36 2.06147e+36 2.06147e+36 2.06147e+36 7.00413e+34 8.40776e+35 0 9.11857e-27 4.64348e+42 0 0 0
2.20673e+07 1.40464e+36 1.40464e+36 1.54548e+36 1.54548e+36 1.54548e+36 5.47847e+34 8.60865e+35 0 3.7379e-37 4.64348e+42 0 0 0
2.5483e+07 1.06143e+36 1.06143e+36 1.16231e+36 1.16231e+36 1.16231e+36 4.38236e+34 8.7499e+35 0 3.85403e-49 4.64348e+42 0 0 0
2.94273e+07 8.05153e+35 8.05153e+35 8.78e+35 8.78e+35 8.78e+35 3.59949e+34 8.75209e+35 0 5.65363e-63 4.64348e+42 0 0 0
3.39821e+07 6.14223e+35 6.14223e+35 6.6737e+35 6.6737e+35 6.6737e+35 3.04846e+34 8.59032e+35 0 6.11082e-79 4.64348e+42 0 0 0
3.92419e+07 4.71723e+35 4.71723e+35 5.10947e+35 5.10947e+35 5.10947e+35 2.65071e+34 8.26071e+35 0 2.27631e-97 4.64348e+42 0 0 0
4.53158e+07 3.65623e+35 3.65623e+35 3.94982e+35 3.94982e+35 3.94982e+35 2.36864e+34 7.82167e+35 0 1.21518e-118 4.64348e+42 0 0 0
5.23299e+07 2.86483e+35 2.86483e+35 3.08811e+35 3.08811e+35 3.08811e+35 2.16324e+34 7.31635e+35 0 3.37493e-143 4.64348e+42 0 0 0
6.04296e+07 2.26942e+35 2.26942e+35 2.44194e+35 2.44194e+35 2.44194e+35 1.99777e+34 6.69579e+35 0 1.51325e-171 4.64348e+42 0 0 0
6.97831e+07 1.81663e+35 1.81663e+35 1.95198e+35 1.95198e+35 1.95198e+35 1.85037e+34 5.97524e+35 0 2.83615e-204 4.64348e+42 0 0 0
8.05842e+07 1.46839e+35 1.46839e+35 1.57613e+35 1.57613e+35 1.57613e+35 1.71046e+34 5.16731e+35 0 4.66694e-242 4.64348e+42 0 0 0
9.30572e+07 1.19565e+35 1.19565e+35 1.28241e+35 1.28241e+35 1.28241e+35 1.56869e+34 4.3007e+35 0 0 4.64348e+42 0 0 0
1.07461e+08 9.76483e+34 9.76483e+34 1.04686e+35 1.04686e+35 1.04686e+35 1.41759e+34 3.42046e+35 0 0 4.64348e+42 106.429 0 0
1.24094e+08 8.00643e+34 8.00643e+34 8.58172e+34 8.58172e+34 8.58172e+34 1.26924e+34 2.67815e+35 0 0 4.64348e+42 93.4996 0 0
1.43301e+08 6.55573e+34 6.55573e+34 7.02703e+34 7.02703e+34 7.02703e+34 1.11852e+34 2.05671e+35 0 0 4.64348e+42 82.1409 0 0
1.65482e+08 5.33413e+34 5.33413e+34 5.71901e+34 5.71901e+34 5.71901e+34 9.65844e+33 1.55289e+35 0 0 4.64348e+42 72.1622 0 0
1.91095e+08 4.26506e+34 4.26506e+34 4.57481e+34 4.57481e+34 4.57481e+34 8.06101e+33 1.13698e+35 0 0 4.64348e+42 63.3957 0 0
2.20673e+08 3.39351e+34 3.39351e+34 3.64219e+34 3.64219e+34 3.64219e+34 6.65437e+33 8.40957e+34 0 0 4.64348e+42 55.6941 0 0
2.5483e+08 2.66875e+34 2.66875e+34 2.86651e+34 2.86651e+34 2.86651e+34 5.3863e+33 6.15406e+34 0 0 4.64348e+42 48.9282 0 0
2.94273e+08 2.07106e+34 2.07106e+34 2.22655e+34 2.22655e+34 2.22655e+34 4.27174e+33 4.45609e+34 0 0 4.64348e+42 42.9843 0 0
3.39821e+08 1.56854e+34 1.56854e+34 1.68805e+34 1.68805e+34 1.68805e+34 3.27088e+33 3.16404e+34 0 0 4.64348e+42 39.4284 0 0
3.92419e+08 1.18681e+34 1.18681e+34 1.2787e+34 1.2787e+34 1.2787e+34 2.50255e+33 2.29565e+34 0 0 4.64348e+42 37.7624 0 0
4.53158e+08 8.88659e+33 8.88659e+33 9.58656e+33 9.58656e+33 9.58656e+33 1.88795e+33 1.65987e+34 0 0 4.64348e+42 36.1668 0 0
5.23299e+08 6.56821e+33 6.56821e+33 7.09504e+33 7.09504e+33 7.09504e+33 1.39956e+33 1.19626e+34 0 0 4.64348e+42 34.6385 0 0
6.04296e+08 4.8185e+33 4.8185e+33 5.21236e+33 5.21236e+33 5.21236e+33 1.0276e+33 8.53051e+33 0 0 4.64348e+42 33.1749 0 0
6.97831e+08 3.57117e+33 3.57117e+33 3.86882e+33 3.86882e+33 3.86882e+33 7.664e+32 6.21954e+33 0 0 4.64348e+42 31.7731 0 0
8.05842e+08 2.63437e+33 2.63437e+33 2.85838e+33 2.85838e+33 2.85838e+33 5.68624e+32 4.52811e+33 0 0 4.64348e+42 30.4305 0 0
9.30572e+08 1.9317e+33 1.9317e+33 2.09933e+33 2.09933e+33 2.09933e+33 4.1901e+32 3.28913e+33 0 0 4.64348e+42 29.1447 0 0
1.07461e+09 1.40148e+33 1.40148e+33 1.52562e+33 1.52562e+33 1.52562e+33 3.04709e+32 2.35431e+33 0 0 4.64348e+42 29.2497 0 0
1.24094e+09 1.03119e+33 1.03119e+33 1.12445e+33 1.12445e+33 1.12445e+33 2.26576e+32 1.72543e+33 0 0 4.64348e+42 30.7608 0 0
1.43301e+09 7.58179e+32 7.58179e+32 8.2819e+32 8.2819e+32 8.2819e+32 1.68708e+32 1.26099e+33 0 0 4.64348e+42 32.3498 0 0
1.65482e+09 5.55034e+32 5.55034e+32 6.07366e+32 6.07366e+32 6.07366e+32 1.25176e+32 9.18626e+32 0 0 4.64348e+42 34.021 0 0
1.91095e+09 4.0196e+32 4.0196e+32 4.40656e+32 4.40656e+32 4.40656e+32 9.17272e+31 6.57744e+32 0 0 4.64348e+42 35.7785 0 0
2.20673e+09 2.94804e+32 2.94804e+32 3.2378e+32 3.2378e+32 3.2378e+32 6.86101e+31 4.829e+32 0 0 4.64348e+42 37.6268 0 0
2.5483e+09 2.15339e+32 2.15339e+32 2.36946e+32 2.36946e+32 2.36946e+32 5.11598e+31 3.53473e+32 0 0 4.64348e+42 39.5705 0 0
2.94273e+09 1.56456e+32 1.56456e+32 1.72479e+32 1.72479e+32 1.72479e+32 3.7961e+31 2.57846e+32 0 0 4.64348e+42 41.6147 0 0
3.39821e+09 1.11962e+32 1.11962e+32 1.23664e+32 1.23664e+32 1.23664e+32 2.76576e+31 1.84836e+32 0 0 4.64348e+42 43.7645 0 0
3.92419e+09 8.13034e+31 8.13034e+31 8.99738e+31 8.99738e+31 8.99738e+31 2.06063e+31 1.35712e+32 0 0 4.64348e+42 46.0253 0 0
4.53158e+09 5.87829e+31 5.87829e+31 6.51811e+31 6.51811e+31 6.51811e+31 1.52971e+31 9.92599e+31 0 0 4.64348e+42 48.403 0 0
5.23299e+09 4.22479e+31 4.22479e+31 4.69635e+31 4.69635e+31 4.69635e+31 1.13019e+31 7.22794e+31 0 0 4.64348e+42 50.9034 0 0
6.04296e+09 2.95037e+31 2.95037e+31 3.30004e+31 3.30004e+31 3.30004e+31 8.13432e+30 5.17585e+31 0 0 4.64348e+42 53.5331 0 0
6.97831e+09 1.97652e+31 1.97652e+31 2.27006e+31 2.27006e+31 2.27006e+31 5.91834e+30 3.79289e+31 0 0 4.64348e+42 56.2985 0 0
8.05842e+09 1.05592e+31 1.05592e+31 1.35659e+31 1.35659e+31 1.35659e+31 4.24474e+30 2.77106e+31 0 0 4.64348e+42 59.2069 0 0
9.30572e+09 3.18731e+30 3.18731e+30 6.09711e+30 6.09711e+30 6.09711e+30 3.05474e+30 2.01828e+31 0 0 4.64348e+42 62.2654 0 0
1.07461e+10 3.35463e+29 3.35463e+29 2.07435e+30 2.07435e+30 2.07435e+30 2.18832e+30 1.44879e+31 0 0 4.64348e+42 69.863 0 0
1.24094e+10 5.73828e+27 5.73828e+27 6.57582e+29 6.57582e+29 6.57582e+29 1.61117e+30 1.06464e+31 0 0 4.64348e+42 83.6319 0 0
1.43301e+10 3.61562e+24 3.61562e+24 2.16148e+29 2.16148e+29 2.16148e+29 1.18204e+30 7.80209e+30 0 0 4.64348e+42 100.115 0 0
1.65482e+10 1.00288e+19 1.00288e+19 7.71879e+28 7.71879e+28 7.71879e+28 8.65349e+29 5.69869e+30 0 0 4.64348e+42 119.846 0 0
1.91095e+10 1.03964e+10 1.03964e+10 2.97308e+28 2.97308e+28 2.97308e+28 6.21174e+29 4.08813e+30 0 0 4.64348e+42 143.465 0 0
2.20673e+10 0.000438299 0.000438299 1.27256e+28 1.27256e+28 1.27256e+28 4.56727e+29 3.00431e+30 0 0 4.64348e+42 171.74 34.7254 0
2.5483e+10 1.6555e-22 1.6555e-22 5.86815e+27 5.86815e+27 5.86815e+27 3.34632e+29 2.19984e+30 0 0 4.64348e+42 205.588 22.9578 0
2.94273e+10 4.16457e-46 4.16457e-46 2.88909e+27 2.88909e+27 2.88909e+27 2.44389e+29 1.60467e+30 0 0 4.64348e+42 246.106 15.5417 0
3.39821e+10 2.00709e-74 2.00709e-74 1.48386e+27 1.48386e+27 1.48386e+27 1.74878e+29 1.14754e+30 0 0 4.64348e+42 294.61 10.7604 0
3.92419e+10 1.98358e-106 1.98358e-106 8.21994e+26 8.21994e+26 8.21994e+26 1.28712e+29 8.42809e+29 0 0 4.64348e+42 352.673 7.61059 0
4.53158e+10 1.0165e-140 1.0165e-140 4.75465e+26 4.75465e+26 4.75465e+26 9.45004e+28 6.1733e+29 0 0 4.64348e+42 422.179 5.49245 0
5.23299e+10 1.13208e-175 1.13208e-175 2.85645e+26 2.85645e+26 2.85645e+26 6.92549e+28 4.50795e+29 0 0 4.64348e+42 505.385 4.04008 0
6.04296e+10 1.16016e-209 1.16016e-209 1.74829e+26 1.74829e+26 1.74829e+26 4.98454e+28 3.22657e+29 0 0 4.64348e+42 604.988 3.02568 0
6.97831e+10 3.4257e-241 3.4257e-241 1.1297e+26 1.1297e+26 1.1297e+26 3.6874e+28 2.37483e+29 0 0 4.64348e+42 724.223 2.3047 0
8.05842e+10 4.58769e-269 4.58769e-269 7.47813e+25 7.47813e+25 7.47813e+25 2.71984e+28 1.74353e+29 0 0 4.64348e+42 866.956 1.78376 0
9.30572e+10 2.10027e-292 2.10027e-292 5.05479e+25 5.05479e+25 5.05479e+25 2.0002e+28 1.2761e+29 0 0 4.64348e+42 1037.82 1.40144 0
1.07461e+11 0 0 3.42382e+25 3.42382e+25 3.42382e+25 1.44093e+28 9.1449e+28 0 0 4.64348e+42 1242.36 1.11671 0
1.24094e+11 0 0 2.41777e+25 2.41777e+25 2.41777e+25 1.06501e+28 6.73837e+28 0 0 4.64348e+42 1487.21 0.901709 0
1.43301e+11 0 0 1.72973e+25 1.72973e+25 1.72973e+25 7.84215e+27 4.95032e+28 0 0 4.64348e+42 1780.32 0.737233 0
1.65482e+11 0 0 1.25086e+25 1.25086e+25 1.25086e+25 5.7503e+27 3.62387e+28 0 0 4.64348e+42 2131.19 0.609868 0
1.91095e+11 0 0 8.98357e+24 8.98357e+24 8.98357e+24 4.12754e+27 2.59517e+28 0 0 4.64348e+42 2551.21 0.510106 0
2.20673e+11 0 0 6.68931e+24 6.68931e+24 6.68931e+24 3.0422e+27 1.91126e+28 0 0 4.64348e+42 3054.02 0.431129 0
2.5483e+11 0 0 5.01623e+24 5.01623e+24 5.01623e+24 2.23441e+27 1.40316e+28 0 0 4.64348e+42 3655.92 0.367983 0
2.94273e+11 0 0 3.78355e+24 3.78355e+24 3.78355e+24 1.63524e+27 1.0264e+28 0 0 4.64348e+42 4376.45 0.317029 0
3.39821e+11 5.2286e-293 5.2286e-293 2.82093e+24 2.82093e+24 2.82093e+24 1.17208e+27 7.3423e+27 0 0 4.64348e+42 0 0.275565 0
3.92419e+11 1.0293e-277 1.0293e-277 2.17353e+24 2.17353e+24 2.17353e+24 8.63192e+26 5.40289e+27 0 0 4.64348e+42 0 0.241562 0
4.53158e+11 2.40883e-261 2.40883e-261 1.68015e+24 1.68015e+24 1.68015e+24 6.33564e+26 3.96295e+27 0 0 4.64348e+42 0 0.213483 0
5.23299e+11 2.45448e-244 2.45448e-244 1.30177e+24 1.30177e+24 1.30177e+24 4.63371e+26 2.89597e+27 0 0 4.64348e+42 0 0.190154 0
6.04296e+11 4.54439e-227 4.54439e-227 9.93159e+23 9.93159e+23 9.93159e+23 3.31754e+26 2.06885e+27 0 0 4.64348e+42 0 0.170669 0
6.97831e+11 7.85465e-210 7.85465e-210 7.8126e+23 7.8126e+23 7.8126e+23 2.44127e+26 1.52067e+27 0 0 4.64348e+42 0 0.154323 0
8.05842e+11 6.90925e-193 6.90926e-193 6.14864e+23 6.14864e+23 6.14864e+23 1.7903e+26 1.11402e+27 0 0 4.64348e+42 0 0.140565 0
9.30572e+11 1.96462e-176 1.96462e-176 4.83762e+23 4.83762e+23 4.83762e+23 1.30819e+26 8.12988e+26 0 0 4.64348e+42 0 0.12896 0
1.07461e+12 1.25808e-160 1.25809e-160 3.73654e+23 3.73654e+23 3.73654e+23 9.35333e+25 5.79781e+26 0 0 4.64348e+42 0 0.119166 0
1.24094e+12 1.48472e-145 1.48472e-145 2.97026e+23 2.97026e+23 2.97026e+23 6.8754e+25 4.25511e+26 0 0 4.64348e+42 0 0.110908 0
1.43301e+12 2.65107e-131 2.65107e-131 2.35642e+23 2.35642e+23 2.35642e+23 5.03625e+25 3.11206e+26 0 0 4.64348e+42 0 0.103969 0
1.65482e+12 6.48151e-118 6.48151e-118 1.8641e+23 1.8641e+23 1.8641e+23 3.67539e+25 2.26692e+26 0 0 4.64348e+42 0 0.098177 0
1.91095e+12 2.0375e-105 2.03751e-105 1.44316e+23 1.44316e+23 1.44316e+23 2.62337e+25 1.6129e+26 0 0 4.64348e+42 0 0.0933933 0
2.20673e+12 8.63476e-94 8.63477e-94 1.14722e+23 1.14722e+23 1.14722e+23 1.92555e+25 1.18125e+26 0 0 4.64348e+42 0 0.0895108 0
2.5483e+12 4.94022e-83 4.94022e-83 9.07317e+22 9.07317e+22 9.07317e+22 1.40822e+25 8.6194e+25 0 0 4.64348e+42 0 0.0864461 0
2.94273e+12 4.04039e-73 4.0404e-73 7.13092e+22 7.13092e+22 7.13092e+22 1.02594e+25 6.26275e+25 0 0 4.64348e+42 0 0.0841374 0
3.39821e+12 5.00188e-64 5.00189e-64 5.46111e+22 5.46111e+22 5.46111e+22 7.306e+24 4.44152e+25 0 0 4.64348e+42 0 0.082541 0
3.92419e+12 1.07659e-55 1.07659e-55 4.27925e+22 4.27925e+22 4.27925e+22 5.35182e+24 3.24343e+25 0 0 4.64348e+42 0 0.08163 0
4.53158e+12 4.30163e-48 4.30163e-48 3.32094e+22 3.32094e+22 3.32094e+22 3.90539e+24 2.35911e+25 0 0 4.64348e+42 0 0.0813928 0
5.23299e+12 3.53112e-41 3.53112e-41 2.54872e+22 2.54872e+22 2.54872e+22 2.8384e+24 1.70806e+25 0 0 4.64348e+42 0 0.0818329 0
6.04296e+12 6.47921e-35 6.47921e-35 1.89535e+22 1.89535e+22 1.89535e+22 2.01494e+24 1.2059e+25 0 0 4.64348e+42 0 0.0829683 0
6.97831e+12 3.10188e-29 3.10188e-29 1.43602e+22 1.43602e+22 1.43602e+22 1.47185e+24 8.77045e+24 0 0 4.64348e+42 0 0.0848322 0
8.05842e+12 4.15301e-24 4.15301e-24 1.07247e+22 1.07247e+22 1.07247e+22 1.07076e+24 6.35079e+24 0 0 4.64348e+42 0 0.0874729 0
9.30572e+12 1.71561e-19 1.71561e-19 7.88779e+21 7.88779e+21 7.88779e+21 7.75589e+23 4.57559e+24 0 0 4.64348e+42 0 0.0909553 0
1.07461e+13 2.35636e-15 2.35636e-15 5.59828e+21 5.59828e+21 5.59828e+21 5.4816e+23 3.21006e+24 0 0 4.64348e+42 0 0.0953611 0
1.24094e+13 1.24179e-11 1.24179e-11 4.04306e+21 4.04306e+21 4.04306e+21 3.98845e+23 2.32152e+24 0 0 4.64348e+42 0 0.10079 0
1.43301e+13 2.64586e-08 2.64587e-08 2.87548e+21 2.87548e+21 2.87548e+21 2.88911e+23 1.67068e+24 0 0 4.64348e+42 0 0.10736 0
1.65482e+13 2.46915e-05 2.46916e-05 2.0147e+21 2.0147e+21 2.0147e+21 2.08275e+23 1.1955e+24 0 0 4.64348e+42 0 0.115206 0
1.91095e+13 0.0106544 0.0106544 1.36311e+21 1.36311e+21 1.36311e+21 1.46303e+23 8.3138e+23 0 0 4.64348e+42 0 0.12448 0
2.20673e+13 2.40893 2.40893 9.42131e+20 9.42131e+20 9.42131e+20 1.05868e+23 5.96586e+23 0 0 4.64348e+42 0 0.135345 0
2.5483e+13 294.171 294.172 6.43501e+20 6.43501e+20 6.43501e+20 7.62268e+22 4.25684e+23 0 0 4.64348e+42 0 0.147968 0
2.94273e+13 20586.1 20586.2 4.34715e+20 4.34715e+20 4.34715e+20 5.45899e+22 3.01771e+23 0 0 4.64348e+42 0 0.162507 0
3.39821e+13 852664 852669 2.84357e+20 2.84357e+20 2.84357e+20 3.80189e+22 2.07318e+23 0 0 4.64348e+42 0 0.179093 0
3.92419e+13 2.32931e+07 2.32933e+07 1.91115e+20 1.91115e+20 1.91115e+20 2.73028e+22 1.47191e+23 0 0 4.64348e+42 0 0.197804 0
4.53158e+13 4.2365e+08 4.23654e+08 1.27413e+20 1.27413e+20 1.27413e+20 1.94952e+22 1.0381e+23 0 0 4.64348e+42 0 0.218621 0
5.23299e+13 5.34435e+09 5.34443e+09 8.42923e+19 8.42923e+19 8.42923e+19 1.38343e+22 7.26588e+22 0 0 4.64348e+42 0 0.241387 0
6.04296e+13 4.73811e+10 4.7382e+10 5.40432e+19 5.40432e+19 5.40432e+19 9.52052e+21 4.90877e+22 0 0 4.64348e+42 0 0.265741 0
6.97831e+13 3.25131e+11 3.25139e+11 3.57698e+19 3.57698e+19 3.57698e+19 6.76565e+21 3.43507e+22 0 0 4.64348e+42 0 0.291055 0
8.05842e+13 1.7131e+12 1.71315e+12 2.35261e+19 2.35261e+19 2.35261e+19 4.7758e+21 2.3848e+22 0 0 4.64348e+42 0 0.316368 0
9.30572e+13 7.12067e+12 7.12089e+12 1.53733e+19 1.53733e+19 1.53733e+19 3.34664e+21 1.64065e+22 0 0 4.64348e+42 0 0.340344 0
1.07461e+14 2.32932e+13 2.32941e+13 9.71575e+18 9.71575e+18 9.71575e+18 2.2653e+21 1.08326e+22 0 0 4.64348e+42 0 0 0
1.24094e+14 6.56881e+13 6.56918e+13 6.36311e+18 6.36311e+18 6.36311e+18 1.58686e+21 7.43434e+21 0 0 4.64348e+42 0 0 0
1.43301e+14 1.56195e+14 1.56211e+14 4.14106e+18 4.14106e+18 4.14106e+18 1.10271e+21 5.05319e+21 0 0 4.64348e+42 0 0 0
1.65482e+14 3.18589e+14 3.18655e+14 2.67632e+18 2.67632e+18 2.67632e+18 7.59546e+20 3.39683e+21 0 0 4.64348e+42 0 0 0
1.91095e+14 5.48917e+14 5.49153e+14 1.6648e+18 1.6648e+18 1.6648e+18 5.02517e+20 2.17357e+21 0 0 4.64348e+42 0 0 0
2.20673e+14 8.75955e+14 8.76694e+14 1.07743e+18 1.07743e+18 1.07743e+18 3.45189e+20 1.45327e+21 0 0 4.64348e+42 0 0 0
2.5483e+14 1.25076e+15 1.25267e+15 6.91998e+17 6.91998e+17 6.91998e+17 2.34797e+20 9.60206e+20 0 0 4.64348e+42 0 0 0
2.94273e+14 1.61485e+15 1.619e+15 4.40674e+17 4.40674e+17 4.40674e+17 1.57994e+20 6.25803e+20 0 0 4.64348e+42 0 0 0
3.39821e+14 1.83398e+15 1.84133e+15 2.6794e+17 2.6794e+17 2.6794e+17 1.01271e+20 3.83573e+20 0 0 4.64348e+42 0 0 0
3.92419e+14 2.02537e+15 2.03721e+15 1.7039e+17 1.7039e+17 1.7039e+17 6.77365e+19 2.47672e+20 0 0 4.64348e+42 0 0 0
4.53158e+14 2.07592e+15 2.09265e+15 1.07283e+17 1.07283e+17 1.07283e+17 4.47536e+19 1.57569e+20 0 0 4.64348e+42 0 0 0
5.23299e+14 1.98694e+15 2.00792e+15 6.68005e+16 6.68005e+16 6.68005e+16 2.91728e+19 9.85417e+19 0 0 4.64348e+42 0 0 0
6.04296e+14 1.70472e+15 1.7273e+15 3.92246e+16 3.92246e+16 3.92246e+16 1.78912e+19 5.69162e+19 0 0 4.64348e+42 0 0 0
6.97831e+14 1.4741e+15 1.49765e+15 2.42784e+16 2.42784e+16 2.42784e+16 1.15398e+19 3.50777e+19 0 0 4.64348e+42 0 0 0
8.05842e+14 1.20892e+15 1.23144e+15 1.48279e+16 1.48279e+16 1.48279e+16 7.32765e+18 2.1219e+19 0 0 4.64348e+42 0 0 0
9.30572e+14 9.43241e+14 9.63141e+14 8.92214e+15 8.92214e+15 8.92214e+15 4.57387e+18 1.25604e+19 0 0 4.64348e+42 0 0 0
1.07461e+15 6.60192e+14 6.75556e+14 4.96659e+15 4.96659e+15 4.96659e+15 2.63531e+18 6.67781e+18 0 0 4.64348e+42 0 0 0
1.24094e+15 4.79952e+14 4.91992e+14 2.95064e+15 2.95064e+15 2.95064e+15 1.61703e+18 3.86712e+18 0 0 4.64348e+42 0 0 0
1.43301e+15 3.34525e+14 3.4339e+14 1.72135e+15 1.72135e+15 1.72135e+15 9.72232e+17 2.18732e+18 0 0 4.64348e+42 0 0 0
1.65482e+15 2.23763e+14 2.29915e+14 9.84247e+14 9.84247e+14 9.84247e+14 5.71741e+17 1.20351e+18 0 0 4.64348e+42 0 0 0
1.91095e+15 1.31838e+14 1.35539e+14 5.05013e+14 5.05013e+14 5.05013e+14 3.01089e+17 5.6912e+17 0 0 4.64348e+42 0 0 0
2.20673e+15 8.32316e+13 8.55839e+13 2.82238e+14 2.82238e+14 2.82238e+14 1.72367e+17 3.03219e+17 0 0 4.64348e+42 0 0 0
2.5483e+15 5.05049e+13 5.1924e+13 1.53817e+14 1.53817e+14 1.53817e+14 9.60382e+16 1.56829e+17 0 0 4.64348e+42 0 0 0
2.94273e+15 2.94543e+13 3.0268e+13 8.1603e+13 8.1603e+13 8.1603e+13 5.19906e+16 7.83203e+16 0 0 4.64348e+42 0 0 0
3.39821e+15 1.44933e+13 1.4883e+13 3.69409e+13 3.69409e+13 3.69409e+13 2.39714e+16 3.12855e+16 0 0 4.64348e+42 0 0 0
3.92419e+15 7.9625e+12 8.16906e+12 1.88579e+13 1.88579e+13 1.88579e+13 1.24419e+16 1.48999e+16 0 0 4.64348e+42 0 0 0
4.53158e+15 4.18505e+12 4.28896e+12 9.29121e+12 9.29121e+12 9.29121e+12 6.22178e+15 6.83842e+15 0 0 4.64348e+42 0 0 0
5.23299e+15 2.10532e+12 2.155e+12 4.41566e+12 4.41566e+12 4.41566e+12 2.99613e+15 3.00308e+15 0 0 4.64348e+42 0 0 0
6.04296e+15 8.24525e+11 8.42895e+11 1.64503e+12 1.64503e+12 1.64503e+12 1.1291e+15 9.34068e+14 0 0 4.64348e+42 0 0 0
6.97831e+15 3.84268e+11 3.92306e+11 7.33736e+11 7.33736e+11 7.33736e+11 5.08667e+14 3.81392e+14 0 0 4.64348e+42 0 0 0
8.05842e+15 1.69016e+11 1.72319e+11 3.10532e+11 3.10532e+11 3.10532e+11 2.17109e+14 1.48869e+14 0 0 4.64348e+42 0 0 0
9.30572e+15 7.04e+10 7.16789e+10 1.25051e+11 1.25051e+11 1.25051e+11 8.80443e+13 5.51274e+13 0 0 4.64348e+42 0 0 0
1.07461e+16 1.99121e+10 2.02471e+10 3.43399e+10 3.43399e+10 3.43399e+10 2.4311e+13 1.15998e+13 0 0 4.64348e+42 0 0 0
1.24094e+16 7.42994e+09 7.54523e+09 1.24867e+10 1.24867e+10 1.24867e+10 8.87733e+12 3.79119e+12 0 0 4.64348e+42 0 0 0
1.43301e+16 2.53827e+09 2.57448e+09 4.17069e+09 4.17069e+09 4.17069e+09 2.97377e+12 1.17417e+12 0 0 4.64348e+42 0 0 0
1.65482e+16 7.96339e+08 8.06751e+08 1.28304e+09 1.28304e+09 1.28304e+09 9.16154e+11 3.46554e+11 0 0 4.64348e+42 0 0 0
1.91095e+16 1.39009e+08 1.4067e+08 2.20177e+08 2.20177e+08 2.20177e+08 1.57302e+11 3.88907e+10 0 0 4.64348e+42 0 0 0
2.20673e+16 3.73247e+07 3.77313e+07 5.82499e+07 5.82499e+07 5.82499e+07 4.15831e+10 8.97992e+09 0 0 4.64348e+42 0 0 0
2.5483e+16 8.65028e+06 8.73601e+06 1.33282e+07 1.33282e+07 1.33282e+07 9.49651e+09 1.90985e+09 0 0 4.64348e+42 0 0 0
2.94273e+16 1.67568e+06 1.69076e+06 2.55354e+06 2.55354e+06 2.55354e+06 1.81402e+09 3.9596e+08 0 0 4.64348e+42 0 0 0
3.39821e+16 139567 140705 210680 210680 210680 1.49061e+08 1.8022e+07 0 0 4.64348e+42 0 0 0
3.92419e+16 21952.6 22114.4 32870.9 32870.9 32870.9 2.31406e+07 2.35796e+06 0 0 4.64348e+42 0 0 0
4.53158e+16 2702.33 2720.31 4018.62 4018.62 4018.62 2.81225e+06 256484 0 0 4.64348e+42 0 0 0
5.23299e+16 236.043 237.458 348.985 348.985 348.985 242557 26854.6 0 0 4.64348e+42 0 0 0
6.04296e+16 5.60729 5.63756 8.2501 8.2501 8.2501 5690.16 348.661 0 0 4.64348e+42 0 0 0
6.97831e+16 0.339166 0.340812 0.497014 0.497014 0.497014 339.888 15.6481 0 0 4.64348e+42 0 0 0
8.05842e+16 0.00977884 0.00982145 0.0142828 0.0142828 0.0142828 9.67775 0.267487 0 0 4.64348e+42 0 0 0
9.30572e+16 0 0 0 0 0 0 0 0 0 4.64348e+42 0 0 0