
1.07461e-07 0 0 4.08796e+51 1.24956e+53 3.11761e+58 6.08449e+56 0 9.74031e+46 0 4.64348e+42 0 0 1
1.24094e-07 0 0 7.32138e+51 1.41503e+53 2.71669e+58 5.30526e+56 0 1.12479e+47 0 4.64348e+42 0 0 1
1.43301e-07 0 0 1.23556e+52 1.60562e+53 2.36578e+58 4.62167e+56 0 1.29889e+47 0 4.64348e+42 0 0 1
1.65482e-07 0 0 1.98116e+52 1.82563e+53 2.05895e+58 4.02317e+56 0 1.49994e+47 0 4.64348e+42 0 0 1
1.91095e-07 0 0 3.03997e+52 2.08011e+53 1.79081e+58 3.49991e+56 0 1.7321e+47 0 4.64348e+42 0 0 1
2.20673e-07 0 0 4.49154e+52 2.375e+53 1.5565e+58 3.04281e+56 0 2.0002e+47 0 4.64348e+42 0 0 1
2.5483e-07 0 0 6.42445e+52 2.71745e+53 1.35176e+58 2.64363e+56 0 2.30979e+47 0 4.64348e+42 0 0 1
2.94273e-07 0 0 8.93787e+52 3.11608e+53 1.17289e+58 2.29509e+56 0 2.66731e+47 0 4.64348e+42 0 0 1
3.39821e-07 0 0 1.21442e+53 3.58134e+53 1.01665e+58 1.99076e+56 0 3.08016e+47 0 4.64348e+42 0 0 1
3.92419e-07 0 0 1.61724e+53 4.1257e+53 8.80261e+57 1.7251e+56 0 3.55691e+47 0 4.64348e+42 0 0 1
4.53158e-07 0 0 2.11718e+53 4.76395e+53 7.61279e+57 1.49329e+56 0 4.10746e+47 0 4.64348e+42 0 0 1
5.23299e-07 0 0 2.73171e+53 5.51359e+53 6.57563e+57 1.29113e+56 0 4.74322e+47 0 4.64348e+42 0 0 1
6.04296e-07 0 0 3.48136e+53 6.39541e+53 5.67232e+57 1.11498e+56 0 5.47738e+47 0 4.64348e+42 0 0 1
6.97831e-07 0 0 4.39054e+53 7.43422e+53 4.88631e+57 9.61609e+55 0 6.32518e+47 0 4.64348e+42 0 0 1
8.05842e-07 0 0 5.48839e+53 8.65977e+53 4.20303e+57 8.28201e+55 0 7.3042e+47 0 4.64348e+42 0 0 1
9.30572e-07 0 0 6.80982e+53 1.01076e+54 3.60971e+57 7.12267e+55 0 8.43476e+47 0 4.64348e+42 0 0 1
1.07461e-06 0 0 8.39664e+53 1.18204e+54 3.0951e+57 6.11625e+55 0 9.74031e+47 0 4.64348e+42 0 0 1
1.24094e-06 0 0 1.02989e+54 1.38486e+54 2.64934e+57 5.24361e+55 0 1.12479e+48 0 4.64348e+42 0 0 1
1.43301e-06 0 0 1.25765e+54 1.62531e+54 2.26375e+57 4.4879e+55 0 1.29889e+48 0 4.64348e+42 0 0 1
1.65482e-06 0 0 1.53013e+54 1.91064e+54 1.9307e+57 3.83435e+55 0 1.49994e+48 0 4.64348e+42 0 0 1
1.91095e-06 0 0 1.85598e+54 2.24955e+54 1.64348e+57 3.26996e+55 0 1.7321e+48 0 4.64348e+42 0 0 1
2.20673e-06 0 0 2.24556e+54 2.65247e+54 1.39621e+57 2.78334e+55 0 2.0002e+48 0 4.64348e+42 0 0 1
2.5483e-06 0 0 2.7113e+54 3.13192e+54 1.18369e+57 2.36446e+55 0 2.30979e+48 0 4.64348e+42 0 0 1
2.94273e-06 0 0 3.26819e+54 3.70293e+54 1.0014e+57 2.00452e+55 0 2.6673e+48 0 4.64348e+42 0 0 1
3.39821e-06 0 0 3.93426e+54 4.3836e+54 8.45329e+56 1.6958e+55 0 3.08015e+48 0 4.64348e+42 0 0 1
3.92419e-06 0 0 4.73123e+54 5.19573e+54 7.1199e+56 1.43152e+55 0 3.5569e+48 0 4.64348e+42 0 0 1
4.53158e-06 0 0 5.68532e+54 6.1656e+54 5.98315e+56 1.20575e+55 0 4.10745e+48 0 4.64348e+42 0 0 1
5.23299e-06 0 0 6.82823e+54 7.325e+54 5.0162e+56 1.01329e+55 0 4.7432e+48 0 4.64348e+42 0 0 1
6.04296e-06 0 0 8.19829e+54 8.71235e+54 4.19558e+56 8.49582e+54 0 5.47736e+48 0 4.64348e+42 0 0 1
6.97831e-06 0 0 9.84199e+54 1.03742e+55 3.50082e+56 7.10655e+54 0 6.32516e+48 0 4.64348e+42 0 0 1
8.05842e-06 0 0 1.18157e+55 1.2367e+55 2.91405e+56 5.93034e+54 0 7.30417e+48 0 4.64348e+42 0 0 1
9.30572e-06 0 0 1.41879e+55 1.47594e+55 2.41973e+56 4.93695e+54 0 8.43472e+48 0 4.64348e+42 0 0 1
1.07461e-05 0 0 1.70417e+55 1.76346e+55 2.00436e+56 4.10004e+54 0 9.74026e+48 0 4.64348e+42 0 0 1
1.24094e-05 0 0 2.04713e+55 2.10866e+55 1.65624e+56 3.39676e+54 0 1.12479e+49 0 4.64348e+42 0 0 1
1.43301e-05 0 0 2.45127e+55 2.51495e+55 1.36525e+56 2.8073e+54 0 1.29888e+49 0 4.64348e+42 0 0 1
1.65482e-05 0 0 2.88977e+55 2.95467e+55 1.12265e+56 2.31452e+54 0 1.49992e+49 0 4.64348e+42 0 0 1
1.91095e-05 0 0 3.28361e+55 3.34737e+55 9.20949e+55 1.90366e+54 0 1.73208e+49 0 4.64348e+42 0 0 1
2.20673e-05 6.57945e-216 6.57945e-216 3.53198e+55 3.5913e+55 7.53686e+55 1.56201e+54 0 2.00018e+49 4.20379e-220 4.64348e+42 0 0 1
2.5483e-05 2.72477e-145 2.72477e-145 3.57495e+55 3.62688e+55 6.15354e+55 1.27865e+54 0 2.30976e+49 1.48946e-149 4.64348e+42 0 0 1
2.94273e-05 4.0834e-93 4.0834e-93 3.42055e+55 3.46353e+55 5.0125e+55 1.04426e+54 0 2.66727e+49 2.02021e-97 4.64348e+42 0 0 1
3.39821e-05 1.42222e-54 1.42222e-54 3.12365e+55 3.15762e+55 4.07375e+55 8.50886e+53 0 3.0801e+49 6.67226e-59 4.64348e+42 0 0 1
3.92419e-05 4.13369e-26 4.13369e-26 2.75087e+55 2.77675e+55 3.30341e+55 6.9176e+53 0 3.55684e+49 1.90694e-30 4.64348e+42 0 0 1
4.53158e-05 4.2625e-05 4.2625e-05 2.35753e+55 2.37673e+55 2.67287e+55 5.61151e+53 0 4.10736e+49 1.9869e-09 4.64348e+42 0 0 1
5.23299e-05 1.36809e+11 1.36809e+11 1.9804e+55 1.99435e+55 2.15804e+55 4.54217e+53 0 4.74309e+49 6.57402e+06 4.64348e+42 0 0 1
6.04296e-05 3.73305e+22 3.73305e+22 1.63943e+55 1.64943e+55 1.73869e+55 3.6688e+53 0 5.47721e+49 1.87646e+18 4.64348e+42 0 0 1
6.97831e-05 9.98207e+30 9.98207e+30 1.34269e+55 1.34978e+55 1.39793e+55 2.9572e+53 0 6.32496e+49 5.30536e+26 4.64348e+42 0 0 1
8.05842e-05 1.5934e+37 1.5934e+37 1.09093e+55 1.09592e+55 1.12167e+55 2.37877e+53 0 7.30391e+49 9.02603e+32 4.64348e+42 0 0 1
9.30572e-05 5.77282e+41 5.77282e+41 8.81043e+54 8.8453e+54 8.98196e+54 1.90964e+53 0 8.43437e+49 3.50639e+37 4.64348e+42 0 0 1
0.000107461 1.27381e+45 1.27381e+45 7.08192e+54 7.10618e+54 7.17825e+54 1.53002e+53 0 9.73979e+49 8.33532e+40 4.64348e+42 0 0 1
0.000124094 3.55075e+47 3.55075e+47 5.67092e+54 5.68774e+54 5.72553e+54 1.22348e+53 0 1.12472e+50 2.51267e+43 4.64348e+42 0 0 1
0.000143301 2.14398e+49 2.14398e+49 4.52661e+54 4.53823e+54 4.55794e+54 9.76482e+52 0 1.2988e+50 1.64596e+45 4.64348e+42 0 0 1
0.000165482 4.17727e+50 4.17727e+50 3.60319e+54 3.6112e+54 3.62144e+54 7.77865e+52 0 1.49981e+50 3.48879e+46 4.64348e+42 0 0 1
0.000191095 3.52584e+51 3.52584e+51 2.861e+54 2.86651e+54 2.87179e+54 6.18475e+52 0 1.73193e+50 3.21155e+47 4.64348e+42 0 0 1
0.000220673 1.60281e+52 1.60281e+52 2.26642e+54 2.2702e+54 2.27292e+54 4.90817e+52 0 1.99998e+50 1.59592e+48 4.64348e+42 0 0 1
0.00025483 4.60926e+52 4.60926e+52 1.79145e+54 1.79403e+54 1.79542e+54 3.88771e+52 0 2.3095e+50 5.02803e+48 4.64348e+42 0 0 1
0.000294273 9.44406e+52 9.44406e+52 1.41298e+54 1.41474e+54 1.41545e+54 3.07356e+52 0 2.66691e+50 1.13108e+49 4.64348e+42 0 0 1
0.000339821 1.50533e+53 1.50533e+53 1.11211e+54 1.11332e+54 1.11368e+54 2.42524e+52 0 3.07963e+50 1.9836e+49 4.64348e+42 0 0 1
0.000392419 1.99187e+53 1.99187e+53 8.73472e+53 8.7429e+53 8.74473e+53 1.90996e+52 0 3.55621e+50 2.89389e+49 4.64348e+42 0 0 1
0.000453158 2.29556e+53 2.29556e+53 6.84591e+53 6.85146e+53 6.85238e+53 1.5012e+52 0 4.10652e+50 3.68491e+49 4.64348e+42 0 0 1
0.000523299 2.38735e+53 2.38735e+53 5.3541e+53 5.35786e+53 5.35832e+53 1.17756e+52 0 4.74197e+50 4.24325e+49 4.64348e+42 0 0 1
0.000604296 2.29997e+53 2.29997e+53 4.17834e+53 4.18088e+53 4.18111e+53 9.2181e+51 0 5.47572e+50 4.53616e+49 4.64348e+42 0 0 1
0.000697831 2.09273e+53 2.09273e+53 3.25363e+53 3.25534e+53 3.25546e+53 7.20106e+51 0 6.32297e+50 4.59003e+49 4.64348e+42 0 0 1
0.000805842 1.82431e+53 1.82431e+53 2.52792e+53 2.52908e+53 2.52914e+53 5.61345e+51 0 7.30125e+50 4.45968e+49 4.64348e+42 0 0 1
0.000930572 1.53979e+53 1.53979e+53 1.95964e+53 1.96042e+53 1.96045e+53 4.36641e+51 0 8.43083e+50 4.20488e+49 4.64348e+42 0 0 1
0.00107461 1.2682e+53 1.2682e+53 1.51563e+53 1.51614e+53 1.51616e+53 3.38892e+51 0 9.73507e+50 3.87763e+49 4.64348e+42 0 0 1
0.00124094 1.02514e+53 1.02514e+53 1.16949e+53 1.16983e+53 1.16984e+53 2.62436e+51 0 1.12409e+51 3.51767e+49 4.64348e+42 0 0 1
0.00143301 8.16742e+52 8.16742e+52 9.00277e+52 9.00508e+52 9.00514e+52 2.02765e+51 0 1.29796e+51 3.15267e+49 4.64348e+42 0 0 1
0.00165482 6.43382e+52 6.43382e+52 6.914e+52 6.91554e+52 6.91557e+52 1.56301e+51 0 1.49869e+51 2.80033e+49 4.64348e+42 0 0 1
0.00191095 5.02278e+52 5.02278e+52 5.29725e+52 5.29827e+52 5.29828e+52 1.20203e+51 0 1.73044e+51 2.47094e+49 4.64348e+42 0 0 1
0.00220673 3.89279e+52 3.89279e+52 4.04894e+52 4.04961e+52 4.04962e+52 9.22249e+50 0 1.99799e+51 2.16965e+49 4.64348e+42 0 0 1
0.0025483 2.99905e+52 2.99905e+52 3.08751e+52 3.08796e+52 3.08796e+52 7.05928e+50 0 2.30684e+51 1.89821e+49 4.64348e+42 0 0 1
0.00294273 2.29899e+52 2.29899e+52 2.34892e+52 2.34921e+52 2.34921e+52 5.39081e+50 0 2.66338e+51 1.6563e+49 4.64348e+42 0 0 1
0.00339821 1.75486e+52 1.75486e+52 1.78295e+52 1.78314e+52 1.78314e+52 4.10715e+50 0 3.07492e+51 1.44235e+49 4.64348e+42 0 0 1
0.00392419 1.3346e+52 1.3346e+52 1.35036e+52 1.35049e+52 1.35049e+52 3.12202e+50 0 3.54992e+51 1.25421e+49 4.64348e+42 0 0 1
0.00453158 1.01174e+52 1.01174e+52 1.02055e+52 1.02064e+52 1.02064e+52 2.3679e+50 0 4.09814e+51 1.08943e+49 4.64348e+42 0 0 1
0.00523299 7.64807e+51 7.64807e+51 7.69728e+51 7.69782e+51 7.69782e+51 1.79207e+50 0 4.73079e+51 9.45549e+48 4.64348e+42 0 0 1
0.00604296 5.76693e+51 5.76693e+51 5.79433e+51 5.79468e+51 5.79469e+51 1.35347e+50 0 5.46081e+51 8.20183e+48 4.64348e+42 0 0 1
0.00697831 4.33876e+51 4.33876e+51 4.35399e+51 4.35422e+51 4.35422e+51 1.02021e+50 0 6.30309e+51 7.11128e+48 4.64348e+42 0 0 1
0.00805842 3.25779e+51 3.25779e+51 3.26624e+51 3.26639e+51 3.26639e+51 7.67585e+49 0 7.27475e+51 6.16375e+48 4.64348e+42 0 0 1
0.00930572 2.44183e+51 2.44183e+51 2.44651e+51 2.4466e+51 2.4466e+51 5.76526e+49 0 8.39549e+51 5.34119e+48 4.64348e+42 0 0 1
0.0107461 1.82739e+51 1.82739e+51 1.82998e+51 1.83004e+51 1.83004e+51 4.3234e+49 0 9.68796e+51 4.62759e+48 4.64348e+42 0 0 1
0.0124094 1.36571e+51 1.36571e+51 1.36714e+51 1.36718e+51 1.36718e+51 3.23751e+49 0 1.11781e+52 4.00881e+48 4.64348e+42 0 0 1
0.0143301 1.01947e+51 1.01947e+51 1.02026e+51 1.02028e+51 1.02028e+51 2.42125e+49 0 1.28959e+52 3.47243e+48 4.64348e+42 0 0 1
0.0165482 7.60244e+50 7.60244e+50 7.60679e+50 7.60696e+50 7.60696e+50 1.80876e+49 0 1.48753e+52 3.00761e+48 4.64348e+42 0 0 1
0.0191095 5.66459e+50 5.66459e+50 5.66698e+50 5.66709e+50 5.66709e+50 1.34988e+49 0 1.71557e+52 2.60487e+48 4.64348e+42 0 0 1
0.0220673 4.21782e+50 4.21782e+50 4.21913e+50 4.2192e+50 4.2192e+50 1.00659e+49 0 1.97816e+52 2.25597e+48 4.64348e+42 0 0 1
0.025483 3.13889e+50 3.13889e+50 3.13961e+50 3.13966e+50 3.13966e+50 7.50099e+48 0 2.28042e+52 1.95375e+48 4.64348e+42 0 0 1
0.0294273 2.33505e+50 2.33505e+50 2.33545e+50 2.33548e+50 2.33548e+50 5.58668e+48 0 2.62817e+52 1.69198e+48 4.64348e+42 0 0 1
0.0339821 1.73665e+50 1.73665e+50 1.73687e+50 1.73688e+50 1.73688e+50 4.15932e+48 0 3.02801e+52 1.46526e+48 4.64348e+42 0 0 1
0.0392419 1.29146e+50 1.29146e+50 1.29158e+50 1.29159e+50 1.29159e+50 3.0959e+48 0 3.48743e+52 1.2689e+48 4.64348e+42 0 0 1
0.0453158 9.60421e+49 9.60421e+49 9.60487e+49 9.60495e+49 9.60495e+49 2.30414e+48 0 4.01489e+52 1.09885e+48 4.64348e+42 0 0 1
0.0523299 7.14355e+49 7.14355e+49 7.14391e+49 7.14396e+49 7.14396e+49 1.71494e+48 0 4.61993e+52 9.51584e+47 4.64348e+42 0 0 1
0.0604296 5.31487e+49 5.31487e+49 5.31507e+49 5.3151e+49 5.3151e+49 1.27664e+48 0 5.3132e+52 8.24049e+47 4.64348e+42 0 0 1
0.0697831 3.95597e+49 3.95597e+49 3.95608e+49 3.9561e+49 3.9561e+49 9.50659e+47 0 6.10659e+52 7.13604e+47 4.64348e+42 0 0 1
0.0805842 2.94611e+49 2.94611e+49 2.94617e+49 2.94618e+49 2.94618e+49 7.08237e+47 0 7.01324e+52 6.1796e+47 4.64348e+42 0 0 1
0.0930572 2.19549e+49 2.19549e+49 2.19552e+49 2.19553e+49 2.19553e+49 5.27942e+47 0 8.04757e+52 5.35134e+47 4.64348e+42 0 0 1
0.107461 1.63739e+49 1.63739e+49 1.63741e+49 1.63741e+49 1.63741e+49 3.93826e+47 0 9.22524e+52 4.63409e+47 4.64348e+42 0 0 1
0.124094 1.22224e+49 1.22224e+49 1.22225e+49 1.22226e+49 1.22226e+49 2.94028e+47 0 1.0563e+53 4.01296e+47 4.64348e+42 0 0 1
0.143301 9.13267e+48 9.13267e+48 9.13273e+48 9.13275e+48 9.13275e+48 2.19731e+47 0 1.20786e+53 3.47509e+47 4.64348e+42 0 0 1
0.165482 6.8315e+48 6.8315e+48 6.83153e+48 6.83154e+48 6.83154e+48 1.64385e+47 0 1.379e+53 3.00931e+47 4.64348e+42 0 0 1
0.191095 5.1163e+48 5.1163e+48 5.11632e+48 5.11633e+48 5.11633e+48 1.23127e+47 0 1.57153e+53 2.60595e+47 4.64348e+42 0 0 1
0.220673 3.83673e+48 3.83673e+48 3.83674e+48 3.83674e+48 3.83674e+48 9.2344e+46 0 1.78717e+53 2.25666e+47 4.64348e+42 0 0 1
0.25483 2.8812e+48 2.8812e+48 2.8812e+48 2.88121e+48 2.88121e+48 6.93549e+46 0 2.02739e+53 1.95419e+47 4.64348e+42 0 0 1
0.294273 2.16687e+48 2.16687e+48 2.16687e+48 2.16688e+48 2.16688e+48 5.21677e+46 0 2.2933e+53 1.69226e+47 4.64348e+42 0 0 1
0.339821 1.63223e+48 1.63223e+48 1.63223e+48 1.63223e+48 1.63223e+48 3.93029e+46 0 2.58539e+53 1.46544e+47 4.64348e+42 0 0 1
0.392419 1.23157e+48 1.23157e+48 1.23157e+48 1.23157e+48 1.23157e+48 2.96612e+46 0 2.90323e+53 1.26901e+47 4.64348e+42 0 0 1
0.453158 9.30902e+47 9.30902e+47 9.30902e+47 9.30903e+47 9.30903e+47 2.24251e+46 0 3.24513e+53 1.09892e+47 4.64348e+42 0 0 1
0.523299 7.04945e+47 7.04945e+47 7.04945e+47 7.04946e+47 7.04946e+47 1.69863e+46 0 3.60769e+53 9.51624e+46 4.64348e+42 0 0 1
0.604296 5.34873e+47 5.34873e+47 5.34874e+47 5.34874e+47 5.34874e+47 1.2892e+46 0 3.98521e+53 8.24072e+46 4.64348e+42 0 0 1
0.697831 4.06658e+47 4.06658e+47 4.06658e+47 4.06658e+47 4.06658e+47 9.80473e+45 0 4.36917e+53 7.13616e+46 4.64348e+42 0 0 1
0.805842 3.09832e+47 3.09832e+47 3.09832e+47 3.09832e+47 3.09832e+47 7.47274e+45 0 4.74756e+53 6.17964e+46 4.64348e+42 0 0 1
0.930572 2.36581e+47 2.36581e+47 2.36581e+47 2.36581e+47 2.36581e+47 5.70803e+45 0 5.10434e+53 5.35134e+46 4.64348e+42 0 0 1
1.07461 1.81062e+47 1.81062e+47 1.81062e+47 1.81062e+47 1.81062e+47 4.37007e+45 0 5.41917e+53 4.63406e+46 4.64348e+42 0 0 1
1.24094 1.38901e+47 1.38901e+47 1.38901e+47 1.38901e+47 1.38901e+47 3.35366e+45 0 5.66748e+53 4.01292e+46 4.64348e+42 0 0 1
1.43301 1.06819e+47 1.06819e+47 1.06819e+47 1.06819e+47 1.06819e+47 2.57994e+45 0 5.82139e+53 3.47503e+46 4.64348e+42 0 0 1
1.65482 8.23551e+46 8.23551e+46 8.23552e+46 8.23552e+46 8.23552e+46 1.98972e+45 0 5.85172e+53 3.00924e+46 4.64348e+42 0 0 1
1.91095 6.36598e+46 6.36598e+46 6.36598e+46 6.36598e+46 6.36598e+46 1.53848e+45 0 5.73152e+53 2.60588e+46 4.64348e+42 0 0 1
2.20673 4.93399e+46 4.93399e+46 4.93399e+46 4.93399e+46 4.93399e+46 1.19271e+45 0 5.44128e+53 2.25659e+46 4.64348e+42 0 0 1
2.5483 3.83451e+46 3.83451e+46 3.83451e+46 3.83451e+46 3.83451e+46 9.27122e+44 0 4.97538e+53 1.95411e+46 4.64348e+42 0 0 1
2.94273 2.98818e+46 2.98818e+46 2.98818e+46 2.98818e+46 2.98818e+46 7.22624e+44 0 4.34869e+53 1.69218e+46 4.64348e+42 0 0 1
3.39821 2.335e+46 2.335e+46 2.335e+46 2.335e+46 2.335e+46 5.6475e+44 0 3.60087e+53 1.46536e+46 4.64348e+42 0 0 1
3.92419 1.82947e+46 1.82947e+46 1.82947e+46 1.82947e+46 1.82947e+46 4.4254e+44 0 2.79523e+53 1.26893e+46 4.64348e+42 0 0 1
4.53158 1.4371e+46 1.4371e+46 1.4371e+46 1.4371e+46 1.4371e+46 3.47669e+44 0 2.00965e+53 1.09884e+46 4.64348e+42 0 0 1
5.23299 1.13168e+46 1.13168e+46 1.13168e+46 1.13168e+46 1.13168e+46 2.7381e+44 0 1.31974e+53 9.51545e+45 4.64348e+42 0 0 1
6.04296 8.93262e+45 8.93262e+45 8.93263e+45 8.93263e+45 8.93263e+45 2.16143e+44 0 7.79264e+52 8.23992e+45 4.64348e+42 0 0 1
6.97831 7.06645e+45 7.06645e+45 7.06646e+45 7.06646e+45 7.06646e+45 1.70994e+44 0 4.06418e+52 7.13536e+45 4.64348e+42 0 0 1
8.05842 5.60191e+45 5.60191e+45 5.60192e+45 5.60192e+45 5.60192e+45 1.3555e+44 0 1.83488e+52 6.17885e+45 4.64348e+42 0 0 1
9.30572 4.44968e+45 4.44968e+45 4.44968e+45 4.44968e+45 4.44968e+45 1.07657e+44 0 7.00884e+51 5.35054e+45 4.64348e+42 0 0 1
10.7461 3.54093e+45 3.54093e+45 3.54093e+45 3.54093e+45 3.54093e+45 8.56523e+43 0 2.20661e+51 4.63326e+45 4.64348e+42 0 0 1
12.4094 2.82252e+45 2.82252e+45 2.82252e+45 2.82252e+45 2.82252e+45 6.82536e+43 0 5.55644e+50 4.01212e+45 4.64348e+42 0 0 1
14.3301 2.25327e+45 2.25327e+45 2.25328e+45 2.25328e+45 2.25328e+45 5.44662e+43 0 1.08099e+50 3.47423e+45 4.64348e+42 0 0 1
16.5482 1.80126e+45 1.80126e+45 1.80126e+45 1.80126e+45 1.80126e+45 4.35177e+43 0 1.5612e+49 3.00844e+45 4.64348e+42 0 0 1
19.1095 1.44161e+45 1.44161e+45 1.44161e+45 1.44161e+45 1.44161e+45 3.48069e+43 0 1.59835e+48 2.60508e+45 4.64348e+42 0 0 1
22.0673 1.15494e+45 1.15494e+45 1.15494e+45 1.15494e+45 1.15494e+45 2.78644e+43 0 1.09985e+47 2.25579e+45 4.64348e+42 0 0 1
25.483 9.26057e+44 9.26057e+44 9.2606e+44 9.2606e+44 9.2606e+44 2.23226e+43 0 4.78347e+45 1.95331e+45 4.64348e+42 0 0 1
29.4273 7.43043e+44 7.43043e+44 7.43046e+44 7.43046e+44 7.43046e+44 1.7893e+43 0 1.22477e+44 1.69138e+45 4.64348e+42 0 0 1
33.9821 5.96509e+44 5.96509e+44 5.96512e+44 5.96512e+44 5.96512e+44 1.43481e+43 0 1.70079e+42 1.46456e+45 4.64348e+42 0 0 1
39.2419 4.79048e+44 4.79048e+44 4.79051e+44 4.79051e+44 4.79051e+44 1.15084e+43 0 1.16522e+40 1.26814e+45 4.64348e+42 0 0 1
45.3158 3.84801e+44 3.84801e+44 3.84803e+44 3.84803e+44 3.84803e+44 9.23179e+42 0 3.53048e+37 1.09804e+45 4.64348e+42 0 0 1
52.3299 3.09123e+44 3.09123e+44 3.09125e+44 3.09125e+44 3.09125e+44 7.40547e+42 0 4.16946e+34 9.50745e+44 4.64348e+42 0 0 1
60.4296 2.48323e+44 2.48323e+44 2.48324e+44 2.48324e+44 2.48324e+44 5.93981e+42 0 1.65888e+31 8.23192e+44 4.64348e+42 0 0 1
69.7831 1.99459e+44 1.99459e+44 1.99461e+44 1.99461e+44 1.99461e+44 4.76337e+42 0 1.87889e+27 7.12736e+44 4.64348e+42 0 0 1
80.5842 1.60185e+44 1.60185e+44 1.60186e+44 1.60186e+44 1.60186e+44 3.81909e+42 0 4.98754e+22 6.17085e+44 4.64348e+42 0 0 1
93.0572 1.2862e+44 1.2862e+44 1.28621e+44 1.28621e+44 1.28621e+44 3.06131e+42 0 2.47877e+17 5.34255e+44 4.64348e+42 0 0 1
107.461 1.03256e+44 1.03256e+44 1.03258e+44 1.03258e+44 1.03258e+44 2.4534e+42 0 1.77964e+11 4.62526e+44 4.64348e+42 0 0 1
124.094 8.28834e+43 8.28834e+43 8.28847e+43 8.28847e+43 8.28847e+43 1.96595e+42 0 13680.8 4.00412e+44 4.64348e+42 0 0 1
143.301 6.65257e+43 6.65257e+43 6.65269e+43 6.65269e+43 6.65269e+43 1.57527e+42 0 7.96876e-05 3.46624e+44 4.64348e+42 0 0 1
165.482 5.33975e+43 5.33975e+43 5.33986e+43 5.33986e+43 5.33986e+43 1.26231e+42 0 2.35904e-14 3.00045e+44 4.64348e+42 0 0 1
191.095 4.28652e+43 4.28652e+43 4.28663e+43 4.28663e+43 4.28663e+43 1.01172e+42 0 2.23805e-25 2.5971e+44 4.64348e+42 0 0 1
220.673 3.44181e+43 3.44181e+43 3.44191e+43 3.44191e+43 3.44191e+43 8.11121e+41 0 3.99497e-38 2.24781e+44 4.64348e+42 0 0 1
254.83 2.76442e+43 2.76442e+43 2.76452e+43 2.76452e+43 2.76452e+43 6.50563e+41 0 7.25428e-53 1.94533e+44 4.64348e+42 0 0 1
294.273 2.2212e+43 2.2212e+43 2.22129e+43 2.22129e+43 2.22129e+43 5.22041e+41 0 6.58717e-70 1.6834e+44 4.64348e+42 0 0 1
339.821 1.78547e+43 1.78547e+43 1.78555e+43 1.78555e+43 1.78555e+43 4.19132e+41 0 1.31728e-89 1.45658e+44 4.64348e+42 0 0 1
392.419 1.43582e+43 1.43582e+43 1.43589e+43 1.43589e+43 1.43589e+43 3.36689e+41 0 2.25037e-112 1.26016e+44 4.64348e+42 0 0 1
453.158 1.15508e+43 1.15508e+43 1.15514e+43 1.15514e+43 1.15514e+43 2.70595e+41 0 1.10026e-138 1.09007e+44 4.64348e+42 0 0 1
523.299 9.29508e+42 9.29508e+42 9.29572e+42 9.29572e+42 9.29572e+42 2.17567e+41 0 4.35471e-169 9.42784e+43 4.64348e+42 0 0 1
604.296 7.4814e+42 7.4814e+42 7.48199e+42 7.48199e+42 7.48199e+42 1.74984e+41 0 3.24571e-204 8.15237e+43 4.64348e+42 0 0 1
697.831 6.02206e+42 6.02206e+42 6.02261e+42 6.02261e+42 6.02261e+42 1.4076e+41 0 8.4564e-245 7.04788e+43 4.64348e+42 0 0 1
805.842 4.84707e+42 4.84707e+42 4.84758e+42 4.84758e+42 4.84758e+42 1.13234e+41 0 0 6.09146e+43 4.64348e+42 0 0 1
930.572 3.90053e+42 3.90053e+42 3.901e+42 3.901e+42 3.901e+42 9.108e+40 0 0 5.26325e+43 4.64348e+42 0 0 1
1074.61 3.13775e+42 3.13775e+42 3.13819e+42 3.13819e+42 3.13819e+42 7.32416e+40 0 0 4.54608e+43 4.64348e+42 0 0 1
1240.94 2.52293e+42 2.52293e+42 2.52334e+42 2.52334e+42 2.52334e+42 5.88738e+40 0 0 3.92507e+43 4.64348e+42 0 0 1
1433.01 2.02737e+42 2.02737e+42 2.02775e+42 2.02775e+42 2.02775e+42 4.72999e+40 0 0 3.38733e+43 4.64348e+42 0 0 1
1654.82 1.62799e+42 1.62799e+42 1.62835e+42 1.62835e+42 1.62835e+42 3.79775e+40 0 0 2.92172e+43 4.64348e+42 0 0 1
1910.95 1.30625e+42 1.30625e+42 1.30657e+42 1.30657e+42 1.30657e+42 3.04702e+40 0 0 2.51856e+43 4.64348e+42 0 0 1
2206.73 1.04717e+42 1.04717e+42 1.04747e+42 1.04747e+42 1.04747e+42 2.44271e+40 0 0 2.16949e+43 4.64348e+42 0 0 1
2548.3 8.38675e+41 8.38675e+41 8.38954e+41 8.38954e+41 8.38954e+41 1.95653e+40 0 0 1.86728e+43 4.64348e+42 0 0 1
2942.73 6.71017e+41 6.71017e+41 6.71275e+41 6.71275e+41 6.71275e+41 1.56564e+40 0 0 1.60565e+43 4.64348e+42 0 0 1
3398.21 5.36307e+41 5.36307e+41 5.36546e+41 5.36546e+41 5.36546e+41 1.2516e+40 0 0 1.37917e+43 4.64348e+42 0 0 1
3924.19 4.28169e+41 4.28169e+41 4.28389e+41 4.28389e+41 4.28389e+41 9.99509e+39 0 0 1.18315e+43 4.64348e+42 0 0 1
4531.58 3.41446e+41 3.41446e+41 3.41648e+41 3.41648e+41 3.41648e+41 7.97337e+39 0 0 1.01352e+43 4.64348e+42 0 0 1
5232.99 2.71984e+41 2.71984e+41 2.72162e+41 2.72162e+41 2.72162e+41 6.35376e+39 0 0 8.66796e+42 4.64348e+42 0 0 1
6042.96 2.16383e+41 2.16383e+41 2.16546e+41 2.16546e+41 2.16546e+41 5.05723e+39 0 0 7.39851e+42 4.64348e+42 0 0 1
6978.31 1.71935e+41 1.71935e+41 1.72084e+41 1.72084e+41 1.72084e+41 4.02056e+39 0 0 6.30089e+42 4.64348e+42 0 0 1
8058.42 1.36444e+41 1.36444e+41 1.36579e+41 1.36579e+41 1.36579e+41 3.19256e+39 0 0 5.3523e+42 4.64348e+42 0 0 1
9305.72 1.08138e+41 1.08138e+41 1.0826e+41 1.0826e+41 1.0826e+41 2.53195e+39 0 0 4.53302e+42 4.64348e+42 0 0 1
10746.1 8.5588e+40 8.5588e+40 8.56984e+40 8.56984e+40 8.56984e+40 2.00547e+39 0 0 3.82598e+42 4.64348e+42 0 0 1
12409.4 6.76464e+40 6.76464e+40 6.77459e+40 6.77459e+40 6.77459e+40 1.58639e+39 0 0 3.21645e+42 4.64348e+42 0 0 1
14330.1 5.3389e+40 5.3389e+40 5.34783e+40 5.34783e+40 5.34783e+40 1.25318e+39 0 0 2.69169e+42 4.64348e+42 0 0 1
16548.2 4.20736e+40 4.20736e+40 4.21536e+40 4.21536e+40 4.21536e+40 9.88563e+38 0 0 2.24069e+42 4.64348e+42 0 0 1
19109.5 3.31052e+40 3.31052e+40 3.31765e+40 3.31765e+40 3.31765e+40 7.78687e+38 0 0 1.85392e+42 4.64348e+42 0 0 1
22067.3 2.60066e+40 2.60066e+40 2.60699e+40 2.60699e+40 2.60699e+40 6.12439e+38 0 0 1.52317e+42 4.64348e+42 0 0 1
25483 2.0396e+40 2.0396e+40 2.04519e+40 2.04519e+40 2.04519e+40 4.80925e+38 0 0 1.24132e+42 4.64348e+42 0 0 1
29427.3 1.59681e+40 1.59681e+40 1.60172e+40 1.60172e+40 1.60172e+40 3.77034e+38 0 0 1.0022e+42 4.64348e+42 0 0 1
33982.1 1.24789e+40 1.24789e+40 1.25219e+40 1.25219e+40 1.25219e+40 2.95081e+38 0 0 8.00456e+41 4.64348e+42 0 0 1
39241.9 9.73389e+39 9.73389e+39 9.77125e+39 9.77125e+39 9.77125e+39 2.30532e+38 0 0 6.31405e+41 4.64348e+42 0 0 1
45315.8 7.57802e+39 7.57802e+39 7.61029e+39 7.61029e+39 7.61029e+39 1.79772e+38 0 0 4.90949e+41 4.64348e+42 0 0 1
52329.9 5.88785e+39 5.88785e+39 5.91553e+39 5.91553e+39 5.91553e+39 1.39921e+38 0 0 3.75458e+41 4.64348e+42 0 0 1
60429.6 4.56525e+39 4.56525e+39 4.58883e+39 4.58883e+39 4.58883e+39 1.08689e+38 0 0 2.81692e+41 4.64348e+42 0 0 1
69783.1 3.53229e+39 3.53229e+39 3.55221e+39 3.55221e+39 3.55221e+39 8.42572e+37 0 0 2.06727e+41 4.64348e+42 0 0 1
80584.2 2.72718e+39 2.72718e+39 2.74388e+39 2.74388e+39 2.74388e+39 6.51813e+37 0 0 1.47894e+41 4.64348e+42 0 0 1
93057.2 2.10099e+39 2.10099e+39 2.11487e+39 2.11487e+39 2.11487e+39 5.03168e+37 0 0 1.02738e+41 4.64348e+42 0 0 1
107461 1.61501e+39 1.61501e+39 1.62645e+39 1.62645e+39 1.62645e+39 3.8758e+37 0 0 6.8987e+40 4.64348e+42 0 0 1
124094 1.23869e+39 1.23869e+39 1.24804e+39 1.24804e+39 1.24804e+39 2.9789e+37 0 0 4.45433e+40 4.64348e+42 0 0 1
143301 9.47969e+38 9.47969e+38 9.55538e+38 9.55538e+38 9.55538e+38 2.28452e+37 0 0 2.74883e+40 4.64348e+42 0 0 1
165482 7.23894e+38 7.23894e+38 7.29967e+38 7.29967e+38 7.29967e+38 1.74813e+37 0 0 1.60999e+40 4.64348e+42 0 0 1
191095 5.51596e+38 5.51596e+38 5.56427e+38 5.56427e+38 5.56427e+38 1.33477e+37 0 0 8.87772e+39 4.64348e+42 0 0 1
220673 4.19426e+38 4.19426e+38 4.23236e+38 4.23236e+38 4.23236e+38 1.01695e+37 0 0 4.56588e+39 4.64348e+42 0 0 1
254830 3.18279e+38 3.18279e+38 3.21258e+38 3.21258e+38 3.21258e+38 7.73182e+36 0 0 2.16675e+39 4.64348e+42 0 0 1
294273 2.41053e+38 2.41053e+38 2.43363e+38 2.43363e+38 2.43363e+38 5.86647e+36 0 0 9.37001e+38 4.64348e+42 0 0 1
339821 1.82226e+38 1.82226e+38 1.84004e+38 1.84004e+38 1.84004e+38 4.44245e+36 0 0 3.63974e+38 4.64348e+42 0 0 1
392419 1.37514e+38 1.37514e+38 1.38872e+38 1.38872e+38 1.38872e+38 3.35782e+36 0 0 1.24905e+38 4.64348e+42 0 0 1
453158 1.03602e+38 1.03602e+38 1.04632e+38 1.04632e+38 1.04632e+38 2.53354e+36 0 0 3.71475e+37 4.64348e+42 0 0 1
523299 7.79332e+37 7.79332e+37 7.8709e+37 7.8709e+37 7.8709e+37 1.90846e+36 1.12604e+34 0 9.36466e+36 4.64348e+42 0 0 1
604296 5.85412e+37 5.85412e+37 5.91215e+37 5.91215e+37 5.91215e+37 1.43539e+36 1.1309e+34 0 1.95051e+36 4.64348e+42 0 0 1
697831 4.3917e+37 4.3917e+37 4.43482e+37 4.43482e+37 4.43482e+37 1.07806e+36 1.13577e+34 0 3.2588e+35 4.64348e+42 0 0 1
805842 3.29065e+37 3.29065e+37 3.32248e+37 3.32248e+37 3.32248e+37 8.08622e+35 1.14063e+34 0 4.22077e+34 4.64348e+42 0 0 1
930572 2.46293e+37 2.46293e+37 2.48629e+37 2.48629e+37 2.48629e+37 6.05799e+35 1.14549e+34 0 4.07405e+33 4.64348e+42 0 0 1
1.07461e+06 1.84158e+37 1.84158e+37 1.85861e+37 1.85861e+37 1.85861e+37 4.53355e+35 1.15108e+34 0 2.80019e+32 4.64348e+42 0 0 1
1.24094e+06 1.37573e+37 1.37573e+37 1.38808e+37 1.38808e+37 1.38808e+37 3.38936e+35 1.15261e+34 0 1.30029e+31 4.64348e+42 0 0 1
1.43301e+06 1.02689e+37 1.02689e+37 1.03578e+37 1.03578e+37 1.03578e+37 2.5317e+35 1.15456e+34 0 3.83893e+29 4.64348e+42 0 0 1
1.65482e+06 7.65942e+36 7.65942e+36 7.72319e+36 7.72319e+36 7.72319e+36 1.88956e+35 1.15708e+34 0 6.71817e+27 4.64348e+42 0 0 1
1.91095e+06 5.70939e+36 5.70939e+36 5.75487e+36 5.75487e+36 5.75487e+36 1.40932e+35 1.16058e+34 0 6.42679e+25 4.64348e+42 0 0 1
2.20673e+06 4.25345e+36 4.25345e+36 4.28574e+36 4.28574e+36 4.28574e+36 1.0505e+35 1.16511e+34 0 3.06079e+23 4.64348e+42 0 0 1
2.5483e+06 3.16728e+36 3.16728e+36 3.19011e+36 3.19011e+36 3.19011e+36 7.82641e+34 1.17107e+34 0 6.51446e+20 4.64348e+42 0 0 1
2.94273e+06 2.35756e+36 2.35756e+36 2.37364e+36 2.37364e+36 2.37364e+36 5.82844e+34 1.17889e+34 0 5.46989e+17 4.64348e+42 0 0 1
3.39821e+06 1.7543e+36 1.7543e+36 1.76559e+36 1.76559e+36 1.76559e+36 4.3392e+34 1.1898e+34 0 1.56895e+14 4.64348e+42 0 0 1
3.92419e+06 1.30512e+36 1.30512e+36 1.31302e+36 1.31302e+36 1.31302e+36 3.22982e+34 1.20395e+34 0 1.30184e+10 4.64348e+42 0 0 1
4.53158e+06 9.70809e+35 9.70809e+35 9.76331e+35 9.76331e+35 9.76331e+35 2.40388e+34 1.22221e+34 0 257900 4.64348e+42 0 0 1
5.23299e+06 7.22093e+35 7.22093e+35 7.25942e+35 7.25942e+35 7.25942e+35 1.78926e+34 1.24529e+34 0 0.97724 4.64348e+42 0 0 1
6.04296e+06 5.37111e+35 5.37111e+35 5.39792e+35 5.39792e+35 5.39792e+35 1.33211e+34 1.2759e+34 0 5.48301e-07 4.64348e+42 0 0 1
6.97831e+06 3.99564e+35 3.99564e+35 4.01429e+35 4.01429e+35 4.01429e+35 9.92247e+33 1.31198e+34 0 3.38929e-14 4.64348e+42 0 0 1
8.05842e+06 2.97304e+35 2.97304e+35 2.98602e+35 2.98602e+35 2.98602e+35 7.39723e+33 1.35462e+34 0 1.64059e-22 4.64348e+42 0 0 1
9.30572e+06 2.21291e+35 2.21291e+35 2.22194e+35 2.22194e+35 2.22194e+35 5.52263e+33 1.40292e+34 0 4.19255e-32 4.64348e+42 0 0 1
1.07461e+07 1.64796e+35 1.64796e+35 1.65426e+35 1.65426e+35 1.65426e+35 4.13331e+33 1.46079e+34 0 3.58774e-43 4.64348e+42 0 0 1
1.24094e+07 1.22812e+35 1.22812e+35 1.23252e+35 1.23252e+35 1.23252e+35 3.10517e+33 1.51764e+34 0 6.07725e-56 4.64348e+42 0 0 1
1.43301e+07 9.16172e+34 9.16172e+34 9.19251e+34 9.19251e+34 9.19251e+34 2.34653e+33 1.57319e+34 0 1.11039e-70 4.64348e+42 0 0 1
1.65482e+07 6.84442e+34 6.84442e+34 6.86606e+34 6.86606e+34 6.86606e+34 1.78908e+33 1.62476e+34 0 1.08556e-87 4.64348e+42 0 0 1
1.91095e+07 5.12403e+34 5.12403e+34 5.13931e+34 5.13931e+34 5.13931e+34 1.3828e+33 1.66921e+34 0 2.52723e-107 4.64348e+42 0 0 1
2.20673e+07 3.84675e+34 3.84675e+34 3.85761e+34 3.85761e+34 3.85761e+34 1.08763e+33 1.70756e+34 0 5.50085e-130 4.64348e+42 0 0 1
2.5483e+07 2.89924e+34 2.89924e+34 2.90702e+34 2.90702e+34 2.90702e+34 8.75929e+32 1.73447e+34 0 3.80316e-156 4.64348e+42 0 0 1
2.94273e+07 2.19627e+34 2.19627e+34 2.20189e+34 2.20189e+34 2.20189e+34 7.24734e+32 1.73481e+34 0 2.4008e-186 4.64348e+42 0 0 1
3.39821e+07 1.6749e+34 1.6749e+34 1.67901e+34 1.67901e+34 1.67901e+34 6.17944e+32 1.70382e+34 0 3.27961e-221 4.64348e+42 0 0 1
3.92419e+07 1.28725e+34 1.28725e+34 1.29029e+34 1.29029e+34 1.29029e+34 5.40952e+32 1.64067e+34 0 1.83877e-261 4.64348e+42 0 0 1
4.53158e+07 9.99105e+33 9.99105e+33 1.00139e+34 1.00139e+34 1.00139e+34 4.86086e+32 1.55648e+34 0 0 4.64348e+42 0 0 1
5.23299e+07 7.84241e+33 7.84241e+33 7.8598e+33 7.8598e+33 7.8598e+33 4.45826e+32 1.4594e+34 0 0 4.64348e+42 0 0 1
6.04296e+07 6.22518e+33 6.22518e+33 6.23865e+33 6.23865e+33 6.23865e+33 4.13077e+32 1.33986e+34 0 0 4.64348e+42 0 0 1
6.97831e+07 4.99421e+33 4.99421e+33 5.00481e+33 5.00481e+33 5.00481e+33 3.8364e+32 1.20056e+34 0 0 4.64348e+42 0 0 1
8.05842e+07 4.04629e+33 4.04629e+33 4.05475e+33 4.05475e+33 4.05475e+33 3.55505e+32 1.04378e+34 0 0 4.64348e+42 0 0 1
9.30572e+07 3.30337e+33 3.30337e+33 3.31021e+33 3.31021e+33 3.31021e+33 3.26886e+32 8.75035e+33 0 0 4.64348e+42 0 0 1
1.07461e+08 2.70689e+33 2.70689e+33 2.71245e+33 2.71245e+33 2.71245e+33 2.96345e+32 7.0387e+33 0 0 4.64348e+42 15.0335 0 1
1.24094e+08 2.22774e+33 2.22774e+33 2.23231e+33 2.23231e+33 2.23231e+33 2.66195e+32 5.57141e+33 0 0 4.64348e+42 13.2072 0 1
1.43301e+08 1.83281e+33 1.83281e+33 1.83657e+33 1.83657e+33 1.83657e+33 2.35494e+32 4.33187e+33 0 0 4.64348e+42 11.6027 0 1
1.65482e+08 1.50114e+33 1.50114e+33 1.50423e+33 1.50423e+33 1.50423e+33 2.04418e+32 3.31453e+33 0 0 4.64348e+42 10.1932 0 1
1.91095e+08 1.2132e+33 1.2132e+33 1.21571e+33 1.21571e+33 1.21571e+33 1.72189e+32 2.47119e+33 0 0 4.64348e+42 8.95488 0 1
2.20673e+08 9.75975e+32 9.75975e+32 9.78014e+32 9.78014e+32 9.78014e+32 1.4325e+32 1.85208e+33 0 0 4.64348e+42 7.86701 0 1
2.5483e+08 7.7782e+32 7.7782e+32 7.79463e+32 7.79463e+32 7.79463e+32 1.17002e+32 1.37245e+33 0 0 4.64348e+42 6.9113 0 1
2.94273e+08 6.13332e+32 6.13332e+32 6.14644e+32 6.14644e+32 6.14644e+32 9.37741e+31 1.0058e+33 0 0 4.64348e+42 6.07169 0 1
3.39821e+08 4.75055e+32 4.75055e+32 4.76086e+32 4.76086e+32 4.76086e+32 7.30204e+31 7.24028e+32 0 0 4.64348e+42 5.56941 0 1
3.92419e+08 3.67494e+32 3.67494e+32 3.68304e+32 3.68304e+32 3.68304e+32 5.66812e+31 5.29705e+32 0 0 4.64348e+42 5.33408 0 1
4.53158e+08 2.81841e+32 2.81841e+32 2.82472e+32 2.82472e+32 2.82472e+32 4.33785e+31 3.85758e+32 0 0 4.64348e+42 5.10869 0 1
5.23299e+08 2.14025e+32 2.14025e+32 2.14513e+32 2.14513e+32 2.14513e+32 3.26685e+31 2.7976e+32 0 0 4.64348e+42 4.89282 0 1
6.04296e+08 1.61353e+32 1.61353e+32 1.61727e+32 1.61727e+32 1.61727e+32 2.43012e+31 2.00748e+32 0 0 4.64348e+42 4.68608 0 1
6.97831e+08 1.22704e+32 1.22704e+32 1.22994e+32 1.22994e+32 1.22994e+32 1.82987e+31 1.47025e+32 0 0 4.64348e+42 4.48807 0 1
8.05842e+08 9.30481e+31 9.30481e+31 9.32725e+31 9.32725e+31 9.32725e+31 1.37039e+31 1.075e+32 0 0 4.64348e+42 4.29843 0 1
9.30572e+08 7.03149e+31 7.03149e+31 7.04878e+31 7.04878e+31 7.04878e+31 1.01958e+31 7.84122e+31 0 0 4.64348e+42 4.1168 0 1
1.07461e+09 5.27742e+31 5.27742e+31 5.29066e+31 5.29066e+31 5.29066e+31 7.4937e+30 5.63861e+31 0 0 4.64348e+42 4.13164 0 1
1.24094e+09 4.01401e+31 4.01401e+31 4.02428e+31 4.02428e+31 4.02428e+31 5.62392e+30 4.14865e+31 0 0 4.64348e+42 4.34507 0 1
1.43301e+09 3.05609e+31 3.05609e+31 3.06406e+31 3.06406e+31 3.06406e+31 4.22654e+30 3.04423e+31 0 0 4.64348e+42 4.56954 0 1
1.65482e+09 2.32243e+31 2.32243e+31 2.32861e+31 2.32861e+31 2.32861e+31 3.16679e+30 2.2271e+31 0 0 4.64348e+42 4.80559 0 1
1.91095e+09 1.75269e+31 1.75269e+31 1.75745e+31 1.75745e+31 1.75745e+31 2.34575e+30 1.60261e+31 0 0 4.64348e+42 5.05385 0 1
2.20673e+09 1.33644e+31 1.33644e+31 1.34014e+31 1.34014e+31 1.34014e+31 1.77094e+30 1.18172e+31 0 0 4.64348e+42 5.31492 0 1
2.5483e+09 1.01617e+31 1.01617e+31 1.01904e+31 1.01904e+31 1.01904e+31 1.33298e+30 8.68945e+30 0 0 4.64348e+42 5.58949 0 1
2.94273e+09 7.69499e+30 7.69499e+30 7.71717e+30 7.71717e+30 7.71717e+30 9.98649e+29 6.36921e+30 0 0 4.64348e+42 5.87824 0 1
3.39821e+09 5.76361e+30 5.76361e+30 5.78054e+30 5.78054e+30 5.78054e+30 7.35801e+29 4.592e+30 0 0 4.64348e+42 6.1819 0 1
3.92419e+09 4.35583e+30 4.35583e+30 4.36888e+30 4.36888e+30 4.36888e+30 5.53082e+29 3.38847e+30 0 0 4.64348e+42 6.50125 0 1
4.53158e+09 3.2779e+30 3.2779e+30 3.2879e+30 3.2879e+30 3.2879e+30 4.14289e+29 2.49146e+30 0 0 4.64348e+42 6.8371 0 1
5.23299e+09 2.45583e+30 2.45583e+30 2.46347e+30 2.46347e+30 2.46347e+30 3.09198e+29 1.82447e+30 0 0 4.64348e+42 7.1903 0 1
6.04296e+09 1.81736e+30 1.81736e+30 1.82311e+30 1.82311e+30 1.82311e+30 2.26523e+29 1.31522e+30 0 0 4.64348e+42 7.56175 0 1
6.97831e+09 1.35802e+30 1.35802e+30 1.3624e+30 1.3624e+30 1.3624e+30 1.69662e+29 9.69474e+29 0 0 4.64348e+42 7.95238 0 1
8.05842e+09 1.01119e+30 1.01119e+30 1.01451e+30 1.01451e+30 1.01451e+30 1.26661e+29 7.12664e+29 0 0 4.64348e+42 8.36319 0 1
9.30572e+09 7.49502e+29 7.49502e+29 7.52009e+29 7.52009e+29 7.52009e+29 9.4002e+28 5.22422e+29 0 0 4.64348e+42 8.79523 0 1
1.07461e+10 5.50195e+29 5.50195e+29 5.52067e+29 5.52067e+29 5.52067e+29 6.86548e+28 3.77799e+29 0 0 4.64348e+42 9.86841 0 1
1.24094e+10 4.07337e+29 4.07337e+29 4.08748e+29 4.08748e+29 4.08748e+29 5.10187e+28 2.79417e+29 0 0 4.64348e+42 11.8133 0 1
1.43301e+10 3.00404e+29 3.00404e+29 3.01465e+29 3.01465e+29 3.01465e+29 3.76882e+28 2.0614e+29 0 0 4.64348e+42 14.1416 0 1
1.65482e+10 2.20584e+29 2.20584e+29 2.21392e+29 2.21392e+29 2.21392e+29 2.76905e+28 1.51616e+29 0 0 4.64348e+42 16.9286 0 1
1.91095e+10 1.57961e+29 1.57961e+29 1.58635e+29 1.58635e+29 1.58635e+29 1.97493e+28 1.09661e+29 0 0 4.64348e+42 20.265 0 1
2.20673e+10 1.05911e+29 1.05911e+29 1.06693e+29 1.06693e+29 1.06693e+29 1.39093e+28 8.11605e+28 0 0 4.64348e+42 24.259 34.7254 1
2.5483e+10 5.56879e+28 5.56879e+28 5.68512e+28 5.68512e+28 5.68512e+28 9.56453e+27 5.98696e+28 0 0 4.64348e+42 29.04 22.9578 1
2.94273e+10 1.98433e+28 1.98433e+28 2.12238e+28 2.12238e+28 2.12238e+28 6.72071e+27 4.40114e+28 0 0 4.64348e+42 34.7634 15.5417 1
3.39821e+10 5.20178e+27 5.20178e+27 6.36539e+27 6.36539e+27 6.36539e+27 4.75793e+27 3.17665e+28 0 0 4.64348e+42 41.6147 10.7604 1
3.92419e+10 1.12971e+27 1.12971e+27 1.92063e+27 1.92063e+27 1.92063e+27 3.50025e+27 2.3514e+28 0 0 4.64348e+42 49.8164 7.61059 1
4.53158e+10 1.84549e+26 1.84549e+26 6.27468e+26 6.27468e+26 6.27468e+26 2.58088e+27 1.73626e+28 0 0 4.64348e+42 59.6344 5.49245 1
5.23299e+10 1.84198e+25 1.84198e+25 2.26221e+26 2.26221e+26 2.26221e+26 1.90306e+27 1.27847e+28 0 0 4.64348e+42 71.3875 4.04008 1
6.04296e+10 8.64148e+23 8.64148e+23 8.89991e+25 8.89991e+25 8.89991e+25 1.38098e+27 9.24186e+27 0 0 4.64348e+42 85.4569 3.02568 1
6.97831e+10 1.54388e+22 1.54388e+22 3.86719e+25 3.86719e+25 3.86719e+25 1.02871e+27 6.85804e+27 0 0 4.64348e+42 102.299 2.3047 1
8.05842e+10 8.92938e+19 8.92938e+19 1.81137e+25 1.81137e+25 1.81137e+25 7.64344e+26 5.0772e+27 0 0 4.64348e+42 122.461 1.78376 1
9.30572e+10 1.63487e+17 1.63487e+17 9.05747e+24 9.05747e+24 9.05747e+24 5.66392e+26 3.74802e+27 0 0 4.64348e+42 146.596 1.40144 1
1.07461e+11 1.05691e+14 1.05691e+14 4.75091e+24 4.75091e+24 4.75091e+24 4.118e+26 2.71373e+27 0 0 4.64348e+42 175.488 1.11671 1
1.24094e+11 3.15065e+10 3.15065e+10 2.65374e+24 2.65374e+24 2.65374e+24 3.06721e+26 2.01649e+27 0 0 4.64348e+42 210.074 0.901709 1
1.43301e+11 5.96092e+06 5.96092e+06 1.54488e+24 1.54488e+24 1.54488e+24 2.27667e+26 1.49422e+27 0 0 4.64348e+42 251.476 0.737233 1
1.65482e+11 1044 1044 9.31218e+23 9.31218e+23 9.31218e+23 1.68335e+26 1.10356e+27 0 0 4.64348e+42 301.038 0.609868 1
1.91095e+11 0.244224 0.244224 5.72817e+23 5.72817e+23 5.72817e+23 1.22052e+26 7.98797e+26 0 0 4.64348e+42 360.369 0.510106 1
2.20673e+11 0.000109552 0.000109552 3.67103e+23 3.67103e+23 3.67103e+23 9.07134e+25 5.93425e+26 0 0 4.64348e+42 431.392 0.431129 1
2.5483e+11 1.21673e-07 1.21673e-07 2.40391e+23 2.40391e+23 2.40391e+23 6.72034e+25 4.39553e+26 0 0 4.64348e+42 516.413 0.367983 1
2.94273e+11 4.05885e-10 4.05885e-10 1.60335e+23 1.60335e+23 1.60335e+23 4.9621e+25 3.24471e+26 0 0 4.64348e+42 618.19 0.317029 1
3.39821e+11 4.50644e-12 4.50644e-12 1.07532e+23 1.07532e+23 1.07532e+23 3.59447e+25 2.34678e+26 0 0 4.64348e+42 0 0.275565 1
3.92419e+11 1.78024e-13 1.78024e-13 7.44199e+22 7.44199e+22 7.44199e+22 2.67032e+25 1.74231e+26 0 0 4.64348e+42 0 0.241562 1
4.53158e+11 2.39988e-14 2.39988e-14 5.214e+22 5.214e+22 5.214e+22 1.97753e+25 1.28957e+26 0 0 4.64348e+42 0 0.213483 1
5.23299e+11 1.02549e-14 1.02549e-14 3.69301e+22 3.69301e+22 3.69301e+22 1.45959e+25 9.51112e+25 0 0 4.64348e+42 0 0.190154 1
6.04296e+11 1.23058e-14 1.23058e-14 2.60985e+22 2.60985e+22 2.60985e+22 1.05647e+25 6.87097e+25 0 0 4.64348e+42 0 0.170669 1
6.97831e+11 3.75723e-14 3.75724e-14 1.89947e+22 1.89947e+22 1.89947e+22 7.84376e+24 5.09576e+25 0 0 4.64348e+42 0 0.154323 1
8.05842e+11 2.48185e-13 2.48185e-13 1.3944e+22 1.3944e+22 1.3944e+22 5.8048e+24 3.76711e+25 0 0 4.64348e+42 0 0.140565 1
9.30572e+11 3.07157e-12 3.07157e-12 1.03178e+22 1.03178e+22 1.03178e+22 4.28121e+24 2.77465e+25 0 0 4.64348e+42 0 0.12896 1
1.07461e+12 6.11431e-11 6.11431e-11 7.58421e+21 7.58421e+21 7.58421e+21 3.09514e+24 2.00093e+25 0 0 4.64348e+42 0 0.119166 1
1.24094e+12 1.7874e-09 1.7874e-09 5.74733e+21 5.74733e+21 5.74733e+21 2.2957e+24 1.48158e+25 0 0 4.64348e+42 0 0.110908 1
1.43301e+12 6.67718e-08 6.67718e-08 4.38364e+21 4.38364e+21 4.38364e+21 1.69706e+24 1.09332e+25 0 0 4.64348e+42 0 0.103969 1
1.65482e+12 2.88047e-06 2.88047e-06 3.36236e+21 3.36236e+21 3.36236e+21 1.25007e+24 8.03665e+24 0 0 4.64348e+42 0 0.098177 1
1.91095e+12 0.000129615 0.000129615 2.55168e+21 2.55168e+21 2.55168e+21 9.02218e+23 5.78087e+24 0 0 4.64348e+42 0 0.0933933 1
2.20673e+12 0.00590676 0.00590677 1.99675e+21 1.99675e+21 1.99675e+21 6.6816e+23 4.27037e+24 0 0 4.64348e+42 0 0.0895108 1
2.5483e+12 0.250593 0.250593 1.56814e+21 1.56814e+21 1.56814e+21 4.93089e+23 3.14307e+24 0 0 4.64348e+42 0 0.0864461 1
2.94273e+12 9.45509 9.4551 1.2348e+21 1.2348e+21 1.2348e+21 3.62538e+23 2.30371e+24 0 0 4.64348e+42 0 0.0841374 1
3.39821e+12 301.448 301.448 9.58012e+20 9.58012e+20 9.58012e+20 2.61008e+23 1.65101e+24 0 0 4.64348e+42 0 0.082541 1
3.92419e+12 8288.28 8288.28 7.65705e+20 7.65705e+20 7.65705e+20 1.92864e+23 1.21553e+24 0 0 4.64348e+42 0 0.08163 1
4.53158e+12 187865 187865 6.12446e+20 6.12446e+20 6.12446e+20 1.41978e+23 8.91342e+23 0 0 4.64348e+42 0 0.0813928 1
5.23299e+12 3.47503e+06 3.47504e+06 4.89831e+20 4.89831e+20 4.89831e+20 1.04103e+23 6.50638e+23 0 0 4.64348e+42 0 0.0818329 1
6.04296e+12 5.13146e+07 5.13147e+07 3.8471e+20 3.8471e+20 3.8471e+20 7.46834e+22 4.63878e+23 0 0 4.64348e+42 0 0.0829683 1
6.97831e+12 6.34301e+08 6.34301e+08 3.10997e+20 3.10997e+20 3.10997e+20 5.50076e+22 3.39914e+23 0 0 4.64348e+42 0 0.0848322 1
8.05842e+12 6.39162e+09 6.39163e+09 2.51068e+20 2.51068e+20 2.51068e+20 4.03513e+22 2.47969e+23 0 0 4.64348e+42 0 0.0874729 1
9.30572e+12 5.27989e+10 5.2799e+10 2.02291e+20 2.02291e+20 2.02291e+20 2.94715e+22 1.79976e+23 0 0 4.64348e+42 0 0.0909553 1
1.07461e+13 3.53715e+11 3.53716e+11 1.59641e+20 1.59641e+20 1.59641e+20 2.10365e+22 1.27384e+23 0 0 4.64348e+42 0 0.0953611 1
1.24094e+13 2.0377e+12 2.0377e+12 1.29632e+20 1.29632e+20 1.29632e+20 1.54241e+22 9.27351e+22 0 0 4.64348e+42 0 0.10079 1
1.43301e+13 9.88209e+12 9.8821e+12 1.04972e+20 1.04972e+20 1.04972e+20 1.12583e+22 6.71693e+22 0 0 4.64348e+42 0 0.10736 1
1.65482e+13 4.07487e+13 4.07488e+13 8.47197e+19 8.47197e+19 8.47197e+19 8.17761e+21 4.83698e+22 0 0 4.64348e+42 0 0.115206 1
1.91095e+13 1.4158e+14 1.4158e+14 6.68154e+19 6.68154e+19 6.68154e+19 5.79619e+21 3.38926e+22 0 0 4.64348e+42 0 0.12448 1
2.20673e+13 4.41194e+14 4.41195e+14 5.42311e+19 5.42311e+19 5.42311e+19 4.22297e+21 2.44542e+22 0 0 4.64348e+42 0 0.135345 1
2.5483e+13 1.20593e+15 1.20593e+15 4.38436e+19 4.38436e+19 4.38436e+19 3.06108e+21 1.75405e+22 0 0 4.64348e+42 0 0.147968 1
2.94273e+13 2.91891e+15 2.91892e+15 3.52874e+19 3.52874e+19 3.52874e+19 2.20661e+21 1.24971e+22 0 0 4.64348e+42 0 0.162507 1
3.39821e+13 6.18416e+15 6.1842e+15 2.76799e+19 2.76799e+19 2.76799e+19 1.54876e+21 8.63663e+21 0 0 4.64348e+42 0 0.179093 1
3.92419e+13 1.22307e+16 1.22308e+16 2.23624e+19 2.23624e+19 2.23624e+19 1.1186e+21 6.15665e+21 0 0 4.64348e+42 0 0.197804 1
4.53158e+13 2.20009e+16 2.20011e+16 1.79746e+19 1.79746e+19 1.79746e+19 8.03146e+20 4.35832e+21 0 0 4.64348e+42 0 0.218621 1
5.23299e+13 3.62652e+16 3.62658e+16 1.43657e+19 1.43657e+19 1.43657e+19 5.72949e+20 3.06083e+21 0 0 4.64348e+42 0 0.241387 1
6.04296e+13 5.39135e+16 5.39144e+16 1.11523e+19 1.11523e+19 1.11523e+19 3.9674e+20 2.07591e+21 0 0 4.64348e+42 0 0.265741 1
6.97831e+13 7.72887e+16 7.72904e+16 8.92924e+18 8.92924e+18 8.92924e+18 2.83163e+20 1.45601e+21 0 0 4.64348e+42 0 0.291055 1
8.05842e+13 1.03593e+17 1.03595e+17 7.10351e+18 7.10351e+18 7.10351e+18 2.0069e+20 1.01271e+21 0 0 4.64348e+42 0 0.316368 1
9.30572e+13 1.30492e+17 1.30496e+17 5.61091e+18 5.61091e+18 5.61091e+18 1.41153e+20 6.97662e+20 0 0 4.64348e+42 0 0.340344 1
1.07461e+14 1.5125e+17 1.51256e+17 4.28513e+18 4.28513e+18 4.28513e+18 9.59452e+19 4.61231e+20 0 0 4.64348e+42 0 0 1
1.24094e+14 1.73306e+17 1.73316e+17 3.38282e+18 3.38282e+18 3.38282e+18 6.73852e+19 3.16573e+20 0 0 4.64348e+42 0 0 1
1.43301e+14 1.89227e+17 1.89246e+17 2.64897e+18 2.64897e+18 2.64897e+18 4.69285e+19 2.15075e+20 0 0 4.64348e+42 0 0 1
1.65482e+14 1.97498e+17 1.97539e+17 2.0557e+18 2.0557e+18 2.0557e+18 3.23796e+19 1.44415e+20 0 0 4.64348e+42 0 0 1
1.91095e+14 1.91696e+17 1.91778e+17 1.5325e+18 1.5325e+18 1.5325e+18 2.1457e+19 9.22148e+19 0 0 4.64348e+42 0 0 1
2.20673e+14 1.8744e+17 1.87598e+17 1.18495e+18 1.18495e+18 1.18495e+18 1.47457e+19 6.14944e+19 0 0 4.64348e+42 0 0 1
2.5483e+14 1.76701e+17 1.76971e+17 9.06792e+17 9.06792e+17 9.06792e+17 1.00286e+19 4.04926e+19 0 0 4.64348e+42 0 0 1
2.94273e+14 1.60843e+17 1.61257e+17 6.86004e+17 6.86004e+17 6.86004e+17 6.74291e+18 2.62781e+19 0 0 4.64348e+42 0 0 1
3.39821e+14 1.36396e+17 1.36942e+17 4.93797e+17 4.93797e+17 4.93797e+17 4.31439e+18 1.60007e+19 0 0 4.64348e+42 0 0 1
3.92419e+14 1.1834e+17 1.19032e+17 3.70609e+17 3.70609e+17 3.70609e+17 2.87906e+18 1.02687e+19 0 0 4.64348e+42 0 0 1
4.53158e+14 9.96049e+16 1.00408e+17 2.74426e+17 2.74426e+17 2.74426e+17 1.89628e+18 6.48645e+18 0 0 4.64348e+42 0 0 1
5.23299e+14 8.13622e+16 8.22216e+16 2.00189e+17 2.00189e+17 2.00189e+17 1.23114e+18 4.02297e+18 0 0 4.64348e+42 0 0 1
6.04296e+14 6.15072e+16 6.23218e+16 1.36956e+17 1.36956e+17 1.36956e+17 7.50197e+17 2.29401e+18 0 0 4.64348e+42 0 0 1
6.97831e+14 4.83079e+16 4.90797e+16 9.84913e+16 9.84913e+16 9.84913e+16 4.80998e+17 1.39885e+18 0 0 4.64348e+42 0 0 1
8.05842e+14 3.68824e+16 3.75697e+16 6.95656e+16 6.95656e+16 6.95656e+16 3.03272e+17 8.36111e+17 0 0 4.64348e+42 0 0 1
9.30572e+14 2.73555e+16 2.79327e+16 4.81655e+16 4.81655e+16 4.81655e+16 1.8773e+17 4.88272e+17 0 0 4.64348e+42 0 0 1
1.07461e+15 1.84557e+16 1.88852e+16 3.05754e+16 3.05754e+16 3.05754e+16 1.06747e+17 2.54022e+17 0 0 4.64348e+42 0 0 1
1.24094e+15 1.31679e+16 1.34982e+16 2.06688e+16 2.06688e+16 2.06688e+16 6.47833e+16 1.44685e+17 0 0 4.64348e+42 0 0 1
1.43301e+15 9.11076e+15 9.35218e+15 1.36315e+16 1.36315e+16 1.36315e+16 3.84623e+16 8.03521e+16 0 0 4.64348e+42 0 0 1
1.65482e+15 6.10259e+15 6.27037e+15 8.74996e+15 8.74996e+15 8.74996e+15 2.22963e+16 4.33215e+16 0 0 4.64348e+42 0 0 1
1.91095e+15 3.59637e+15 3.69733e+15 4.96464e+15 4.96464e+15 4.96464e+15 1.14682e+16 1.97863e+16 0 0 4.64348e+42 0 0 1
2.20673e+15 2.29664e+15 2.36155e+15 3.06506e+15 3.06506e+15 3.06506e+15 6.4461e+15 1.02865e+16 0 0 4.64348e+42 0 0 1
2.5483e+15 1.41172e+15 1.45139e+15 1.82809e+15 1.82809e+15 1.82809e+15 3.51776e+15 5.18043e+15 0 0 4.64348e+42 0 0 1
2.94273e+15 8.33688e+14 8.56718e+14 1.05089e+15 1.05089e+15 1.05089e+15 1.8607e+15 2.51263e+15 0 0 4.64348e+42 0 0 1
3.39821e+15 4.08412e+14 4.19394e+14 5.02574e+14 5.02574e+14 5.02574e+14 8.23998e+14 9.50169e+14 0 0 4.64348e+42 0 0 1
3.92419e+15 2.2555e+14 2.31401e+14 2.71646e+14 2.71646e+14 2.71646e+14 4.1524e+14 4.36734e+14 0 0 4.64348e+42 0 0 1
4.53158e+15 1.18375e+14 1.21314e+14 1.39852e+14 1.39852e+14 1.39852e+14 2.00805e+14 1.92965e+14 0 0 4.64348e+42 0 0 1
5.23299e+15 5.90274e+13 6.04201e+13 6.85484e+13 6.85484e+13 6.85484e+13 9.31893e+13 8.13359e+13 0 0 4.64348e+42 0 0 1
6.04296e+15 2.21044e+13 2.25969e+13 2.52784e+13 2.52784e+13 2.52784e+13 3.28141e+13 2.31676e+13 0 0 4.64348e+42 0 0 1
6.97831e+15 1.00013e+13 1.02105e+13 1.12815e+13 1.12815e+13 1.12815e+13 1.41013e+13 8.97747e+12 0 0 4.64348e+42 0 0 1
8.05842e+15 4.2133e+12 4.29562e+12 4.69466e+12 4.69466e+12 4.69466e+12 5.69924e+12 3.31717e+12 0 0 4.64348e+42 0 0 1
9.30572e+15 1.65923e+12 1.68937e+12 1.82866e+12 1.82866e+12 1.82866e+12 2.17446e+12 1.16138e+12 0 0 4.64348e+42 0 0 1
1.07461e+16 4.19189e+11 4.2624e+11 4.57507e+11 4.57507e+11 4.57507e+11 5.37412e+11 2.10777e+11 0 0 4.64348e+42 0 0 1
1.24094e+16 1.43856e+11 1.46088e+11 1.55645e+11 1.55645e+11 1.55645e+11 1.81966e+11 6.34558e+10 0 0 4.64348e+42 0 0 1
1.43301e+16 4.42756e+10 4.49072e+10 4.75338e+10 4.75338e+10 4.75338e+10 5.57142e+10 1.80165e+10 0 0 4.64348e+42 0 0 1
1.65482e+16 1.22025e+10 1.2362e+10 1.30103e+10 1.30103e+10 1.30103e+10 1.53904e+10 4.89972e+09 0 0 4.64348e+42 0 0 1
1.91095e+16 1.7424e+09 1.76323e+09 1.84638e+09 1.84638e+09 1.84638e+09 2.21822e+09 4.35914e+08 0 0 4.64348e+42 0 0 1
2.20673e+16 4.00675e+08 4.0504e+08 4.22273e+08 4.22273e+08 4.22273e+08 5.17664e+08 8.7868e+07 0 0 4.64348e+42 0 0 1
2.5483e+16 7.73044e+07 7.80705e+07 8.10773e+07 8.10773e+07 8.10773e+07 1.01878e+08 1.59997e+07 0 0 4.64348e+42 0 0 1
2.94273e+16 1.18743e+07 1.19811e+07 1.24004e+07 1.24004e+07 1.24004e+07 1.60346e+07 2.85354e+06 0 0 4.64348e+42 0 0 1
3.39821e+16 707751 713518 736290 736290 736290 983376 94795 0 0 4.64348e+42 0 0 1
3.92419e+16 85681.6 86312.9 88835.6 88835.6 88835.6 122765 9868.7 0 0 4.64348e+42 0 0 1
4.53158e+16 7763.24 7814.88 8024.95 8024.95 8024.95 11499 809.253 0 0 4.64348e+42 0 0 1
5.23299e+16 475.358 478.208 490.082 490.082 490.082 729.336 61.7285 0 0 4.64348e+42 0 0 1
6.04296e+16 6.47621 6.51117 6.6612 6.6612 6.6612 10.3234 0.522462 0 0 4.64348e+42 0 0 1
6.97831e+16 0.262751 0.264026 0.269699 0.269699 0.269699 0.434938 0.0171108 0 0 4.64348e+42 0 0 1
8.05842e+16 0.00514479 0.00516721 0.00527119 0.00527119 0.00527119 0.00884817 0.000235515 0 0 4.64348e+42 0 0 1
9.30572e+16 0 0 0 0 0 0 0 0 0 4.64348e+42 0 0 1