
1.07461e-07 0 0 5.7095e+37 2.00557e+51 1.10603e+59 3.4232e+57 0 9.30802e+44 0 4.64348e+42 0 0 1
1.24094e-07 0 0 4.03683e+39 2.16811e+51 9.38705e+58 2.93222e+57 0 1.07487e+45 0 4.64348e+42 0 0 1
1.43301e-07 0 0 1.6313e+41 2.34601e+51 7.972e+58 2.50936e+57 0 1.24124e+45 0 4.64348e+42 0 0 1
1.65482e-07 0 0 4.06811e+42 2.54497e+51 6.78553e+58 2.14803e+57 0 1.43337e+45 0 4.64348e+42 0 0 1
1.91095e-07 0 0 6.69204e+43 2.77224e+51 5.79809e+58 1.84169e+57 0 1.65523e+45 0 4.64348e+42 0 0 1
2.20673e-07 0 0 7.69277e+44 3.03647e+51 4.98057e+58 1.58378e+57 0 1.91142e+45 0 4.64348e+42 0 0 1
2.5483e-07 0 0 6.49428e+45 3.34719e+51 4.305e+58 1.36785e+57 0 2.20728e+45 0 4.64348e+42 0 0 1
2.94273e-07 0 0 4.20096e+46 3.71421e+51 3.74529e+58 1.18756e+57 0 2.54893e+45 0 4.64348e+42 0 0 1
3.39821e-07 0 0 2.15885e+47 4.14696e+51 3.27809e+58 1.03695e+57 0 2.94345e+45 0 4.64348e+42 0 0 1
3.92419e-07 0 0 9.0879e+47 4.65402e+51 2.88349e+58 9.10511e+56 0 3.39905e+45 0 4.64348e+42 0 0 1
4.53158e-07 0 0 3.2167e+48 5.24309e+51 2.54541e+58 8.0341e+56 0 3.92516e+45 0 4.64348e+42 0 0 1
5.23299e-07 0 0 9.79051e+48 5.92156e+51 2.25158e+58 7.11598e+56 0 4.5327e+45 0 4.64348e+42 0 0 1
6.04296e-07 0 0 2.61288e+49 6.69751e+51 1.99318e+58 6.31864e+56 0 5.23428e+45 0 4.64348e+42 0 0 1
6.97831e-07 0 0 6.22009e+49 7.58099e+51 1.7641e+58 5.61798e+56 0 6.04446e+45 0 4.64348e+42 0 0 1
8.05842e-07 0 0 1.34095e+50 8.58522e+51 1.56018e+58 4.99672e+56 0 6.98003e+45 0 4.64348e+42 0 0 1
9.30572e-07 0 0 2.65324e+50 9.72752e+51 1.37846e+58 4.44286e+56 0 8.06041e+45 0 4.64348e+42 0 0 1
1.07461e-06 0 0 4.87541e+50 1.103e+52 1.21669e+58 3.9479e+56 0 9.30802e+45 0 4.64348e+42 0 0 1
1.24094e-06 0 0 8.40618e+50 1.25199e+52 1.07293e+58 3.50551e+56 0 1.07487e+46 0 4.64348e+42 0 0 1
1.43301e-06 0 0 1.37228e+51 1.42306e+52 9.45443e+57 3.11056e+56 0 1.24124e+46 0 4.64348e+42 0 0 1
1.65482e-06 0 0 2.13759e+51 1.62014e+52 8.32613e+57 2.75851e+56 0 1.43337e+46 0 4.64348e+42 0 0 1
1.91095e-06 0 0 3.19857e+51 1.84792e+52 7.32915e+57 2.44523e+56 0 1.65523e+46 0 4.64348e+42 0 0 1
2.20673e-06 0 0 4.62417e+51 2.11185e+52 6.44921e+57 2.16683e+56 0 1.91142e+46 0 4.64348e+42 0 0 1
2.5483e-06 0 0 6.49079e+51 2.41831e+52 5.67309e+57 1.91971e+56 0 2.20728e+46 0 4.64348e+42 0 0 1
2.94273e-06 0 0 8.88346e+51 2.77481e+52 4.98872e+57 1.70049e+56 0 2.54892e+46 0 4.64348e+42 0 0 1
3.39821e-06 0 0 1.1898e+52 3.19025e+52 4.38522e+57 1.50608e+56 0 2.94345e+46 0 4.64348e+42 0 0 1
3.92419e-06 0 0 1.56443e+52 3.6753e+52 3.85293e+57 1.33366e+56 0 3.39904e+46 0 4.64348e+42 0 0 1
4.53158e-06 0 0 2.02509e+52 4.24289e+52 3.3834e+57 1.18071e+56 0 3.92515e+46 0 4.64348e+42 0 0 1
5.23299e-06 0 0 2.587e+52 4.90862e+52 2.96921e+57 1.04499e+56 0 4.5327e+46 0 4.64348e+42 0 0 1
6.04296e-06 0 0 3.26832e+52 5.69119e+52 2.60392e+57 9.2455e+55 0 5.23428e+46 0 4.64348e+42 0 0 1
6.97831e-06 0 0 4.09071e+52 6.61289e+52 2.28183e+57 8.1765e+55 0 6.04445e+46 0 4.64348e+42 0 0 1
8.05842e-06 0 0 5.07999e+52 7.70011e+52 1.99796e+57 7.22775e+55 0 6.98002e+46 0 4.64348e+42 0 0 1
9.30572e-06 0 0 6.26697e+52 8.98422e+52 1.74788e+57 6.38585e+55 0 8.0604e+46 0 4.64348e+42 0 0 1
1.07461e-05 0 0 7.68852e+52 1.05026e+53 1.52766e+57 5.6389e+55 0 9.308e+46 0 4.64348e+42 0 0 1
1.24094e-05 0 0 9.38882e+52 1.23002e+53 1.33384e+57 4.97634e+55 0 1.07487e+47 0 4.64348e+42 0 0 1
1.43301e-05 0 0 1.14208e+53 1.44303e+53 1.16336e+57 4.38878e+55 0 1.24124e+47 0 4.64348e+42 0 0 1
1.65482e-05 0 0 1.38477e+53 1.69567e+53 1.0135e+57 3.86788e+55 0 1.43336e+47 0 4.64348e+42 0 0 1
1.91095e-05 0 0 1.67449e+53 1.99552e+53 8.81883e+56 3.40623e+55 0 1.65522e+47 0 4.64348e+42 0 0 1
2.20673e-05 0 0 2.02024e+53 2.35161e+53 7.66366e+56 2.99726e+55 0 1.91142e+47 0 4.64348e+42 0 0 1
2.5483e-05 0 0 2.43272e+53 2.77469e+53 6.65076e+56 2.63511e+55 0 2.20727e+47 0 4.64348e+42 0 0 1
2.94273e-05 0 0 2.92471e+53 3.27754e+53 5.76345e+56 2.31459e+55 0 2.54891e+47 0 4.64348e+42 0 0 1
3.39821e-05 0 0 3.51139e+53 3.87538e+53 4.98699e+56 2.03107e+55 0 2.94343e+47 0 4.64348e+42 0 0 1
3.92419e-05 0 0 4.21086e+53 4.58632e+53 4.30829e+56 1.78043e+55 0 3.39902e+47 0 4.64348e+42 0 0 1
4.53158e-05 0 0 5.04465e+53 5.43191e+53 3.71577e+56 1.559e+55 0 3.92512e+47 0 4.64348e+42 0 0 1
5.23299e-05 0 0 6.0384e+53 6.43781e+53 3.19916e+56 1.36352e+55 0 4.53265e+47 0 4.64348e+42 0 0 1
6.04296e-05 0 0 7.22263e+53 7.63455e+53 2.74937e+56 1.19109e+55 0 5.23422e+47 0 4.64348e+42 0 0 1
6.97831e-05 0 0 8.63371e+53 9.05851e+53 2.35834e+56 1.03912e+55 0 6.04437e+47 0 4.64348e+42 0 0 1
8.05842e-05 0 0 1.0315e+54 1.07531e+54 2.01893e+56 9.05298e+54 0 6.97991e+47 0 4.64348e+42 0 0 1
9.30572e-05 0 0 1.23181e+54 1.27699e+54 1.72483e+56 7.87579e+54 0 8.06025e+47 0 4.64348e+42 0 0 1
0.000107461 0 0 1.47049e+54 1.51708e+54 1.47043e+56 6.84135e+54 0 9.3078e+47 0 4.64348e+42 0 0 1
0.000124094 0 0 1.75489e+54 1.80294e+54 1.25079e+56 5.93336e+54 0 1.07484e+48 0 4.64348e+42 0 0 1
0.000143301 0 0 2.09384e+54 2.14339e+54 1.06154e+56 5.13735e+54 0 1.24121e+48 0 4.64348e+42 0 0 1
0.000165482 0 0 2.49788e+54 2.54899e+54 8.98808e+55 4.44039e+54 0 1.43332e+48 0 4.64348e+42 0 0 1
0.000191095 0 0 2.97966e+54 3.03239e+54 7.59184e+55 3.83101e+54 0 1.65516e+48 0 4.64348e+42 0 0 1
0.000220673 0 0 3.55435e+54 3.60875e+54 6.39659e+55 3.29898e+54 0 1.91133e+48 0 4.64348e+42 0 0 1
0.00025483 0 0 4.24015e+54 4.29629e+54 5.37581e+55 2.8352e+54 0 2.20716e+48 0 4.64348e+42 0 0 1
0.000294273 0 0 5.05827e+54 5.11622e+54 4.50619e+55 2.43159e+54 0 2.54877e+48 0 4.64348e+42 0 0 1
0.000339821 0 0 6.02484e+54 6.08455e+54 3.76722e+55 2.08094e+54 0 2.94324e+48 0 4.64348e+42 0 0 1
0.000392419 0 0 7.11123e+54 7.17223e+54 3.14094e+55 1.77687e+54 0 3.39876e+48 0 4.64348e+42 0 0 1
0.000453158 0 0 8.18303e+54 8.24378e+54 2.6116e+55 1.51371e+54 0 3.92478e+48 0 4.64348e+42 0 0 1
0.000523299 0 0 9.01353e+54 9.07145e+54 2.16545e+55 1.28641e+54 0 4.53219e+48 0 4.64348e+42 0 0 1
0.000604296 0 0 9.4037e+54 9.45601e+54 1.79048e+55 1.09052e+54 0 5.2336e+48 0 4.64348e+42 0 0 1
0.000697831 0 0 9.28889e+54 9.33361e+54 1.47626e+55 9.22068e+53 0 6.04355e+48 0 4.64348e+42 0 0 1
0.000805842 5.67437e-192 5.67437e-192 8.74223e+54 8.77866e+54 1.21373e+55 7.77561e+53 0 6.97882e+48 3.65818e-196 4.64348e+42 0 0 1
0.000930572 8.36487e-128 8.36487e-128 7.90829e+54 7.93683e+54 9.95038e+54 6.539e+53 0 8.0588e+48 5.16234e-132 4.64348e+42 0 0 1
0.00107461 2.13569e-80 2.13569e-80 6.93571e+54 6.95737e+54 8.13428e+54 5.48352e+53 0 9.30587e+48 1.30142e-84 4.64348e+42 0 0 1
0.00124094 2.22122e-45 2.22122e-45 5.94066e+54 5.95672e+54 6.6307e+54 4.58507e+53 0 1.07459e+49 1.36844e-49 4.64348e+42 0 0 1
0.00143301 1.60344e-19 1.60344e-19 4.99838e+54 5.01008e+54 5.38971e+54 3.82242e+53 0 1.24086e+49 1.0167e-23 4.64348e+42 0 0 1
0.00165482 1.96592 1.96592 4.14926e+54 4.15767e+54 4.36861e+54 3.17693e+53 0 1.43286e+49 0.000130037 4.64348e+42 0 0 1
0.00191095 2.38644e+14 2.38644e+14 3.40916e+54 3.41515e+54 3.53101e+54 2.63224e+53 0 1.65455e+49 1.66369e+10 4.64348e+42 0 0 1
0.00220673 5.79012e+24 5.79012e+24 2.77882e+54 2.78305e+54 2.84606e+54 2.17403e+53 0 1.91052e+49 4.28842e+20 4.64348e+42 0 0 1
0.0025483 2.58842e+32 2.58842e+32 2.2507e+54 2.25367e+54 2.28764e+54 1.7898e+53 0 2.20607e+49 2.04968e+28 4.64348e+42 0 0 1
0.00294273 1.10108e+38 1.10108e+38 1.81351e+54 1.81558e+54 1.83375e+54 1.46866e+53 0 2.54732e+49 9.37063e+33 4.64348e+42 0 0 1
0.00339821 1.49995e+42 1.49995e+42 1.45484e+54 1.45628e+54 1.46593e+54 1.20115e+53 0 2.94131e+49 1.37794e+38 4.64348e+42 0 0 1
0.00392419 1.6046e+45 1.6046e+45 1.16265e+54 1.16364e+54 1.16873e+54 9.79078e+52 0 3.39618e+49 1.5973e+41 4.64348e+42 0 0 1
0.00453158 2.61593e+47 2.61593e+47 9.25951e+53 9.26636e+53 9.29299e+53 7.95369e+52 0 3.92134e+49 2.83144e+43 4.64348e+42 0 0 1
0.00523299 1.06093e+49 1.06093e+49 7.35107e+53 7.35578e+53 7.36965e+53 6.43935e+52 0 4.52761e+49 1.25259e+45 4.64348e+42 0 0 1
0.00604296 1.53769e+50 1.53769e+50 5.81861e+53 5.82183e+53 5.829e+53 5.19552e+52 0 5.2275e+49 1.98618e+46 4.64348e+42 0 0 1
0.00697831 1.04098e+51 1.04098e+51 4.5925e+53 4.5947e+53 4.59839e+53 4.17759e+52 0 6.03541e+49 1.47525e+47 4.64348e+42 0 0 1
0.00805842 4.01202e+51 4.01202e+51 3.61476e+53 3.61626e+53 3.61815e+53 3.34757e+52 0 6.96796e+49 6.25538e+47 4.64348e+42 0 0 1
0.00930572 1.01896e+52 1.01896e+52 2.83751e+53 2.83853e+53 2.83949e+53 2.67326e+52 0 8.04432e+49 1.75262e+48 4.64348e+42 0 0 1
0.0107461 1.9001e+52 1.9001e+52 2.22147e+53 2.22216e+53 2.22265e+53 2.12748e+52 0 9.28656e+49 3.61498e+48 4.64348e+42 0 0 1
0.0124094 2.81796e+52 2.81796e+52 1.73461e+53 1.73508e+53 1.73532e+53 1.68735e+52 0 1.07201e+50 5.9457e+48 4.64348e+42 0 0 1
0.0143301 3.52603e+52 3.52603e+52 1.35093e+53 1.35124e+53 1.35136e+53 1.33373e+52 0 1.23743e+50 8.27227e+48 4.64348e+42 0 0 1
0.0165482 3.88861e+52 3.88861e+52 1.04939e+53 1.0496e+53 1.04966e+53 1.05067e+52 0 1.42828e+50 1.01702e+49 4.64348e+42 0 0 1
0.0191095 3.90373e+52 3.90373e+52 8.1306e+52 8.13203e+52 8.13233e+52 8.24919e+51 0 1.64845e+50 1.14111e+49 4.64348e+42 0 0 1
0.0220673 3.65346e+52 3.65346e+52 6.28346e+52 6.28441e+52 6.28456e+52 6.4553e+51 0 1.90238e+50 1.19667e+49 4.64348e+42 0 0 1
0.025483 3.24441e+52 3.24441e+52 4.84366e+52 4.84429e+52 4.84437e+52 5.03501e+51 0 2.19523e+50 1.1938e+49 4.64348e+42 0 0 1
0.0294273 2.76976e+52 2.76976e+52 3.72442e+52 3.72484e+52 3.72488e+52 3.91456e+51 0 2.53286e+50 1.14777e+49 4.64348e+42 0 0 1
0.0339821 2.29522e+52 2.29522e+52 2.85673e+52 2.85702e+52 2.85703e+52 3.0338e+51 0 2.92203e+50 1.0738e+49 4.64348e+42 0 0 1
0.0392419 1.85948e+52 1.85948e+52 2.18588e+52 2.18607e+52 2.18608e+52 2.34391e+51 0 3.37049e+50 9.84545e+48 4.64348e+42 0 0 1
0.0453158 1.48067e+52 1.48067e+52 1.66862e+52 1.66874e+52 1.66875e+52 1.80541e+51 0 3.8871e+50 8.89349e+48 4.64348e+42 0 0 1
0.0523299 1.16344e+52 1.16344e+52 1.27084e+52 1.27092e+52 1.27093e+52 1.38652e+51 0 4.48198e+50 7.94554e+48 4.64348e+42 0 0 1
0.0604296 9.04763e+51 9.04763e+51 9.65753e+51 9.65807e+51 9.65809e+51 1.06178e+51 0 5.16668e+50 7.04106e+48 4.64348e+42 0 0 1
0.0697831 6.97906e+51 6.97906e+51 7.32365e+51 7.324e+51 7.32401e+51 8.10856e+50 0 5.95436e+50 6.2021e+48 4.64348e+42 0 0 1
0.0805842 5.34889e+51 5.34889e+51 5.54275e+51 5.54298e+51 5.54298e+51 6.17602e+50 0 6.85998e+50 5.43886e+48 4.64348e+42 0 0 1
0.0930572 4.07846e+51 4.07846e+51 4.18713e+51 4.18728e+51 4.18729e+51 4.69228e+50 0 7.90047e+50 4.75388e+48 4.64348e+42 0 0 1
0.107461 3.09691e+51 3.09691e+51 3.15765e+51 3.15775e+51 3.15775e+51 3.55657e+50 0 9.09495e+50 4.14509e+48 4.64348e+42 0 0 1
0.124094 2.34372e+51 2.34372e+51 2.37758e+51 2.37764e+51 2.37764e+51 2.68977e+50 0 1.04649e+51 3.60778e+48 4.64348e+42 0 0 1
0.143301 1.76889e+51 1.76889e+51 1.78772e+51 1.78776e+51 1.78776e+51 2.03006e+50 0 1.20345e+51 3.13595e+48 4.64348e+42 0 0 1
0.165482 1.3321e+51 1.3321e+51 1.34256e+51 1.34258e+51 1.34258e+51 1.52925e+50 0 1.38305e+51 2.72316e+48 4.64348e+42 0 0 1
0.191095 1.00139e+51 1.00139e+51 1.00718e+51 1.0072e+51 1.0072e+51 1.15002e+50 0 1.58825e+51 2.36299e+48 4.64348e+42 0 0 1
0.220673 7.51713e+50 7.51713e+50 7.5492e+50 7.54932e+50 7.54932e+50 8.63492e+49 0 1.82231e+51 2.04937e+48 4.64348e+42 0 0 1
0.25483 5.6367e+50 5.6367e+50 5.65443e+50 5.65451e+50 5.65451e+50 6.47463e+49 0 2.08873e+51 1.77666e+48 4.64348e+42 0 0 1
0.294273 4.22319e+50 4.22319e+50 4.23298e+50 4.23303e+50 4.23303e+50 4.84894e+49 0 2.3913e+51 1.53979e+48 4.64348e+42 0 0 1
0.339821 3.16233e+50 3.16233e+50 3.16774e+50 3.16777e+50 3.16777e+50 3.62767e+49 0 2.73395e+51 1.33422e+48 4.64348e+42 0 0 1
0.392419 2.36713e+50 2.36713e+50 2.37012e+50 2.37014e+50 2.37014e+50 2.7116e+49 0 3.12075e+51 1.1559e+48 4.64348e+42 0 0 1
0.453158 1.77166e+50 1.77166e+50 1.7733e+50 1.77332e+50 1.77332e+50 2.02539e+49 0 3.5557e+51 1.0013e+48 4.64348e+42 0 0 1
0.523299 1.32606e+50 1.32606e+50 1.32697e+50 1.32698e+50 1.32698e+50 1.51197e+49 0 4.04257e+51 8.67302e+47 4.64348e+42 0 0 1
0.604296 9.92783e+49 9.92783e+49 9.93283e+49 9.93288e+49 9.93288e+49 1.12821e+49 0 4.58461e+51 7.51187e+47 4.64348e+42 0 0 1
0.697831 7.43585e+49 7.43585e+49 7.4386e+49 7.43864e+49 7.43864e+49 8.41619e+48 0 5.18414e+51 6.50587e+47 4.64348e+42 0 0 1
0.805842 5.57269e+49 5.57269e+49 5.57421e+49 5.57423e+49 5.57423e+49 6.27735e+48 0 5.84206e+51 5.6344e+47 4.64348e+42 0 0 1
0.930572 4.17953e+49 4.17953e+49 4.18037e+49 4.18038e+49 4.18038e+49 4.68198e+48 0 6.55718e+51 4.87953e+47 4.64348e+42 0 0 1
1.07461 3.13751e+49 3.13751e+49 3.13797e+49 3.13798e+49 3.13798e+49 3.49245e+48 0 7.32535e+51 4.22572e+47 4.64348e+42 0 0 1
1.24094 2.35775e+49 2.35775e+49 2.35801e+49 2.35802e+49 2.35802e+49 2.60574e+48 0 8.13846e+51 3.65945e+47 4.64348e+42 0 0 1
1.43301 1.77389e+49 1.77389e+49 1.77403e+49 1.77404e+49 1.77404e+49 1.94484e+48 0 8.98321e+51 3.16904e+47 4.64348e+42 0 0 1
1.65482 1.33636e+49 1.33636e+49 1.33644e+49 1.33644e+49 1.33644e+49 1.45221e+48 0 9.83978e+51 2.74432e+47 4.64348e+42 0 0 1
1.91095 1.00818e+49 1.00818e+49 1.00823e+49 1.00823e+49 1.00823e+49 1.08497e+48 0 1.06804e+52 2.37652e+47 4.64348e+42 0 0 1
2.20673 7.61753e+48 7.61753e+48 7.61778e+48 7.61779e+48 7.61779e+48 8.11117e+47 0 1.14684e+52 2.05799e+47 4.64348e+42 0 0 1
2.5483 5.76488e+48 5.76488e+48 5.76503e+48 5.76504e+48 5.76504e+48 6.06827e+47 0 1.21572e+52 1.78216e+47 4.64348e+42 0 0 1
2.94273 4.3702e+48 4.3702e+48 4.37029e+48 4.3703e+48 4.3703e+48 4.54353e+47 0 1.26912e+52 1.54328e+47 4.64348e+42 0 0 1
3.39821 3.31878e+48 3.31878e+48 3.31884e+48 3.31884e+48 3.31884e+48 3.40486e+47 0 1.30074e+52 1.33643e+47 4.64348e+42 0 0 1
3.92419 2.52491e+48 2.52491e+48 2.52495e+48 2.52495e+48 2.52495e+48 2.55391e+47 0 1.3041e+52 1.15729e+47 4.64348e+42 0 0 1
4.53158 1.92454e+48 1.92454e+48 1.92456e+48 1.92456e+48 1.92456e+48 1.91751e+47 0 1.27329e+52 1.00217e+47 4.64348e+42 0 0 1
5.23299 1.46972e+48 1.46972e+48 1.46974e+48 1.46974e+48 1.46974e+48 1.44116e+47 0 1.20424e+52 8.67836e+46 4.64348e+42 0 0 1
6.04296 1.12457e+48 1.12457e+48 1.12459e+48 1.12459e+48 1.12459e+48 1.0843e+47 0 1.09613e+52 7.51508e+46 4.64348e+42 0 0 1
6.97831 8.62163e+47 8.62163e+47 8.62174e+47 8.62175e+47 8.62175e+47 8.16703e+46 0 9.52835e+51 6.50772e+46 4.64348e+42 0 0 1
8.05842 6.62284e+47 6.62284e+47 6.62294e+47 6.62294e+47 6.62294e+47 6.15842e+46 0 7.83836e+51 5.63537e+46 4.64348e+42 0 0 1
9.30572 5.09742e+47 5.09742e+47 5.0975e+47 5.0975e+47 5.0975e+47 4.64919e+46 0 6.03742e+51 4.87995e+46 4.64348e+42 0 0 1
10.7461 3.93096e+47 3.93096e+47 3.93103e+47 3.93103e+47 3.93103e+47 3.51396e+46 0 4.30079e+51 4.22579e+46 4.64348e+42 0 0 1
12.4094 3.03722e+47 3.03722e+47 3.03728e+47 3.03728e+47 3.03728e+47 2.65911e+46 0 2.79383e+51 3.6593e+46 4.64348e+42 0 0 1
14.3301 2.35107e+47 2.35107e+47 2.35112e+47 2.35112e+47 2.35112e+47 2.01468e+46 0 1.62883e+51 3.16874e+46 4.64348e+42 0 0 1
16.5482 1.82322e+47 1.82322e+47 1.82327e+47 1.82327e+47 1.82327e+47 1.5283e+46 0 8.37021e+50 2.74394e+46 4.64348e+42 0 0 1
19.1095 1.41634e+47 1.41634e+47 1.41639e+47 1.41639e+47 1.41639e+47 1.16078e+46 0 3.71463e+50 2.37607e+46 4.64348e+42 0 0 1
22.0673 1.10208e+47 1.10208e+47 1.10212e+47 1.10212e+47 1.10212e+47 8.82736e+45 0 1.39099e+50 2.05751e+46 4.64348e+42 0 0 1
25.483 8.58877e+46 8.58877e+46 8.58911e+46 8.58911e+46 8.58911e+46 6.72132e+45 0 4.27988e+49 1.78165e+46 4.64348e+42 0 0 1
29.4273 6.70297e+46 6.70297e+46 6.70328e+46 6.70328e+46 6.70328e+46 5.1241e+45 0 1.0495e+49 1.54277e+46 4.64348e+42 0 0 1
33.9821 5.23798e+46 5.23798e+46 5.23826e+46 5.23826e+46 5.23826e+46 3.91124e+45 0 1.98018e+48 1.3359e+46 4.64348e+42 0 0 1
39.2419 4.09784e+46 4.09784e+46 4.09809e+46 4.09809e+46 4.09809e+46 2.98909e+45 0 2.76042e+47 1.15676e+46 4.64348e+42 0 0 1
45.3158 3.20898e+46 3.20898e+46 3.20921e+46 3.20921e+46 3.20921e+46 2.28706e+45 0 2.71298e+46 1.00163e+46 4.64348e+42 0 0 1
52.3299 2.51491e+46 2.51491e+46 2.51512e+46 2.51512e+46 2.51512e+46 1.75192e+45 0 1.78084e+45 8.67298e+45 4.64348e+42 0 0 1
60.4296 1.97213e+46 1.97213e+46 1.97232e+46 1.97232e+46 1.97232e+46 1.34347e+45 0 7.33454e+43 7.50968e+45 4.64348e+42 0 0 1
69.7831 1.5471e+46 1.5471e+46 1.54727e+46 1.54727e+46 1.54727e+46 1.03133e+45 0 1.76345e+42 6.50231e+45 4.64348e+42 0 0 1
80.5842 1.21389e+46 1.21389e+46 1.21405e+46 1.21405e+46 1.21405e+46 7.92482e+44 0 2.27725e+40 5.62996e+45 4.64348e+42 0 0 1
93.0572 9.52409e+45 9.52409e+45 9.52548e+45 9.52548e+45 9.52548e+45 6.09494e+44 0 1.43462e+38 4.87454e+45 4.64348e+42 0 0 1
107.461 7.47056e+45 7.47056e+45 7.47182e+45 7.47182e+45 7.47182e+45 4.69132e+44 0 3.94537e+35 4.22037e+45 4.64348e+42 0 0 1
124.094 5.857e+45 5.857e+45 5.85814e+45 5.85814e+45 5.85814e+45 3.61344e+44 0 4.16629e+32 3.65388e+45 4.64348e+42 0 0 1
143.301 4.58881e+45 4.58881e+45 4.58984e+45 4.58984e+45 4.58984e+45 2.78479e+44 0 1.45674e+29 3.16333e+45 4.64348e+42 0 0 1
165.482 3.59206e+45 3.59206e+45 3.59299e+45 3.59299e+45 3.59299e+45 2.14711e+44 0 1.42128e+25 2.73852e+45 4.64348e+42 0 0 1
191.095 2.80886e+45 2.80886e+45 2.8097e+45 2.8097e+45 2.8097e+45 1.65592e+44 0 3.17576e+20 2.37066e+45 4.64348e+42 0 0 1
220.673 2.1938e+45 2.1938e+45 2.19456e+45 2.19456e+45 2.19456e+45 1.27726e+44 0 1.29361e+15 2.0521e+45 4.64348e+42 0 0 1
254.83 1.71118e+45 1.71118e+45 1.71187e+45 1.71187e+45 1.71187e+45 9.8515e+43 0 7.38122e+08 1.77624e+45 4.64348e+42 0 0 1
294.273 1.33291e+45 1.33291e+45 1.33353e+45 1.33353e+45 1.33353e+45 7.59681e+43 0 43.5208 1.53736e+45 4.64348e+42 0 0 1
339.821 1.03681e+45 1.03681e+45 1.03736e+45 1.03736e+45 1.03736e+45 5.85581e+43 0 1.86609e-07 1.33049e+45 4.64348e+42 0 0 1
392.419 8.05389e+44 8.05389e+44 8.05885e+44 8.05885e+44 8.05885e+44 4.51115e+43 0 3.8783e-17 1.15135e+45 4.64348e+42 0 0 1
453.158 6.24823e+44 6.24823e+44 6.25268e+44 6.25268e+44 6.25268e+44 3.4726e+43 0 2.44545e-28 9.96229e+44 4.64348e+42 0 0 1
523.299 4.84186e+44 4.84186e+44 4.84584e+44 4.84584e+44 4.84584e+44 2.67061e+43 0 2.72349e-41 8.61896e+44 4.64348e+42 0 0 1
604.296 3.74842e+44 3.74842e+44 3.75198e+44 3.75198e+44 3.75198e+44 2.05156e+43 0 2.86825e-56 7.4557e+44 4.64348e+42 0 0 1
697.831 2.89973e+44 2.89973e+44 2.90291e+44 2.90291e+44 2.90291e+44 1.57403e+43 0 1.38839e-73 6.44837e+44 4.64348e+42 0 0 1
805.842 2.24203e+44 2.24203e+44 2.24487e+44 2.24487e+44 2.24487e+44 1.20599e+43 0 1.34275e-93 5.57606e+44 4.64348e+42 0 0 1
930.572 1.73301e+44 1.73301e+44 1.73555e+44 1.73555e+44 1.73555e+44 9.22657e+42 0 9.91385e-117 4.82069e+44 4.64348e+42 0 0 1
1074.61 1.33948e+44 1.33948e+44 1.34175e+44 1.34175e+44 1.34175e+44 7.04817e+42 0 1.83977e-143 4.16658e+44 4.64348e+42 0 0 1
1240.94 1.03546e+44 1.03546e+44 1.03748e+44 1.03748e+44 1.03748e+44 5.37589e+42 0 2.37895e-174 3.60015e+44 4.64348e+42 0 0 1
1433.01 8.00682e+43 8.00682e+43 8.02486e+43 8.02486e+43 8.02486e+43 4.09427e+42 0 4.87186e-210 3.10967e+44 4.64348e+42 0 0 1
1654.82 6.19395e+43 6.19395e+43 6.21008e+43 6.21008e+43 6.21008e+43 3.1138e+42 0 0 2.68496e+44 4.64348e+42 0 0 1
1910.95 4.7939e+43 4.7939e+43 4.80831e+43 4.80831e+43 4.80831e+43 2.36508e+42 0 0 2.31719e+44 4.64348e+42 0 0 1
2206.73 3.71223e+43 3.71223e+43 3.72512e+43 3.72512e+43 3.72512e+43 1.79437e+42 0 0 1.99875e+44 4.64348e+42 0 0 1
2548.3 2.87608e+43 2.87608e+43 2.88762e+43 2.88762e+43 2.88762e+43 1.36009e+42 0 0 1.72303e+44 4.64348e+42 0 0 1
2942.73 2.22931e+43 2.22931e+43 2.23964e+43 2.23964e+43 2.23964e+43 1.03014e+42 0 0 1.4843e+44 4.64348e+42 0 0 1
3398.21 1.72866e+43 1.72866e+43 1.73792e+43 1.73792e+43 1.73792e+43 7.79808e+41 0 0 1.27761e+44 4.64348e+42 0 0 1
3924.19 1.34086e+43 1.34086e+43 1.34915e+43 1.34915e+43 1.34915e+43 5.90094e+41 0 0 1.09868e+44 4.64348e+42 0 0 1
4531.58 1.04025e+43 1.04025e+43 1.04768e+43 1.04768e+43 1.04768e+43 4.46445e+41 0 0 9.43784e+43 4.64348e+42 0 0 1
5232.99 8.07635e+42 8.07635e+42 8.14024e+42 8.14024e+42 8.14024e+42 3.37884e+41 0 0 8.10272e+43 4.64348e+42 0 0 1
6042.96 6.26701e+42 6.26701e+42 6.32393e+42 6.32393e+42 6.32393e+42 2.55659e+41 0 0 6.94329e+43 4.64348e+42 0 0 1
6978.31 4.86224e+42 4.86224e+42 4.91289e+42 4.91289e+42 4.91289e+42 1.93471e+41 0 0 5.94032e+43 4.64348e+42 0 0 1
8058.42 3.77122e+42 3.77122e+42 3.81624e+42 3.81624e+42 3.81624e+42 1.46437e+41 0 0 5.07298e+43 4.64348e+42 0 0 1
9305.72 2.92371e+42 2.92371e+42 2.96365e+42 2.96365e+42 2.96365e+42 1.1086e+41 0 0 4.32323e+43 4.64348e+42 0 0 1
10746.1 2.26532e+42 2.26532e+42 2.3007e+42 2.3007e+42 2.3007e+42 8.39429e+40 0 0 3.67549e+43 4.64348e+42 0 0 1
12409.4 1.75391e+42 1.75391e+42 1.78517e+42 1.78517e+42 1.78517e+42 6.35715e+40 0 0 3.11625e+43 4.64348e+42 0 0 1
14330.1 1.35676e+42 1.35676e+42 1.38431e+42 1.38431e+42 1.38431e+42 4.81494e+40 0 0 2.63385e+43 4.64348e+42 0 0 1
16548.2 1.04849e+42 1.04849e+42 1.07269e+42 1.07269e+42 1.07269e+42 3.64706e+40 0 0 2.21818e+43 4.64348e+42 0 0 1
19109.5 8.09336e+41 8.09336e+41 8.30537e+41 8.30537e+41 8.30537e+41 2.76241e+40 0 0 1.86051e+43 4.64348e+42 0 0 1
22067.3 6.23952e+41 6.23952e+41 6.4245e+41 6.4245e+41 6.4245e+41 2.09215e+40 0 0 1.55328e+43 4.64348e+42 0 0 1
25483 4.80382e+41 4.80382e+41 4.96455e+41 4.96455e+41 4.96455e+41 1.58423e+40 0 0 1.28994e+43 4.64348e+42 0 0 1
29427.3 3.69315e+41 3.69315e+41 3.83218e+41 3.83218e+41 3.83218e+41 1.1993e+40 0 0 1.06482e+43 4.64348e+42 0 0 1
33982.1 2.83502e+41 2.83502e+41 2.95467e+41 2.95467e+41 2.95467e+41 9.07585e+39 0 0 8.72996e+42 4.64348e+42 0 0 1
39241.9 2.17292e+41 2.17292e+41 2.27534e+41 2.27534e+41 2.27534e+41 6.86535e+39 0 0 7.10188e+42 4.64348e+42 0 0 1
45315.8 1.66285e+41 1.66285e+41 1.75001e+41 1.75001e+41 1.75001e+41 5.19069e+39 0 0 5.72664e+42 4.64348e+42 0 0 1
52329.9 1.27055e+41 1.27055e+41 1.34426e+41 1.34426e+41 1.34426e+41 3.92238e+39 0 0 4.57161e+42 4.64348e+42 0 0 1
60429.6 9.69329e+40 9.69329e+40 1.03125e+41 1.03125e+41 1.03125e+41 2.96223e+39 0 0 3.60815e+42 4.64348e+42 0 0 1
69783.1 7.38454e+40 7.38454e+40 7.90118e+40 7.90118e+40 7.90118e+40 2.23573e+39 0 0 2.81101e+42 4.64348e+42 0 0 1
80584.2 5.61806e+40 5.61806e+40 6.04599e+40 6.04599e+40 6.04599e+40 1.68635e+39 0 0 2.15781e+42 4.64348e+42 0 0 1
93057.2 4.26882e+40 4.26882e+40 4.62064e+40 4.62064e+40 4.62064e+40 1.27116e+39 0 0 1.62863e+42 4.64348e+42 0 0 1
107461 3.23998e+40 3.23998e+40 3.52703e+40 3.52703e+40 3.52703e+40 9.57595e+38 0 0 1.20569e+42 4.64348e+42 0 0 1
124094 2.45666e+40 2.45666e+40 2.68906e+40 2.68906e+40 2.68906e+40 7.20938e+38 0 0 8.73003e+41 4.64348e+42 0 0 1
143301 1.8611e+40 1.8611e+40 2.04782e+40 2.04782e+40 2.04782e+40 5.42445e+38 0 0 6.16205e+41 4.64348e+42 0 0 1
165482 1.40886e+40 1.40886e+40 1.55774e+40 1.55774e+40 1.55774e+40 4.07907e+38 0 0 4.22361e+41 4.64348e+42 0 0 1
191095 1.06582e+40 1.06582e+40 1.18363e+40 1.18363e+40 1.18363e+40 3.06564e+38 0 0 2.79854e+41 4.64348e+42 0 0 1
220673 8.05848e+39 8.05848e+39 8.9839e+39 8.9839e+39 8.9839e+39 2.3027e+38 0 0 1.78314e+41 4.64348e+42 0 0 1
254830 6.08973e+39 6.08973e+39 6.8115e+39 6.8115e+39 6.8115e+39 1.72868e+38 0 0 1.08589e+41 4.64348e+42 0 0 1
294273 4.59979e+39 4.59979e+39 5.15884e+39 5.15884e+39 5.15884e+39 1.29704e+38 0 0 6.27542e+40 4.64348e+42 0 0 1
339821 3.47285e+39 3.47285e+39 3.90298e+39 3.90298e+39 3.90298e+39 9.72651e+37 0 0 3.41333e+40 4.64348e+42 0 0 1
392419 2.62091e+39 2.62091e+39 2.94971e+39 2.94971e+39 2.94971e+39 7.29003e+37 0 0 1.7308e+40 4.64348e+42 0 0 1
453158 1.97718e+39 1.97718e+39 2.22695e+39 2.22695e+39 2.22695e+39 5.46109e+37 0 0 8.0919e+39 4.64348e+42 0 0 1
523299 1.49101e+39 1.49101e+39 1.67958e+39 1.67958e+39 1.67958e+39 4.08902e+37 2.33762e+35 0 3.44387e+39 4.64348e+42 0 0 1
604296 1.124e+39 1.124e+39 1.26552e+39 1.26552e+39 1.26552e+39 3.06031e+37 2.34771e+35 0 1.31471e+39 4.64348e+42 0 0 1
697831 8.47066e+38 8.47066e+38 9.52659e+38 9.52659e+38 9.52659e+38 2.28948e+37 2.3578e+35 0 4.42584e+38 4.64348e+42 0 0 1
805842 6.38193e+38 6.38193e+38 7.16523e+38 7.16523e+38 7.16523e+38 1.71219e+37 2.36789e+35 0 1.28825e+38 4.64348e+42 0 0 1
930572 4.80712e+38 4.80712e+38 5.38486e+38 5.38486e+38 5.38486e+38 1.28005e+37 2.37799e+35 0 3.1693e+37 4.64348e+42 0 0 1
1.07461e+06 3.62015e+38 3.62015e+38 4.04388e+38 4.04388e+38 4.04388e+38 9.56714e+36 2.3896e+35 0 6.4192e+36 4.64348e+42 0 0 1
1.24094e+06 2.72573e+38 2.72573e+38 3.03479e+38 3.03479e+38 3.03479e+38 7.14867e+36 2.39277e+35 0 1.03843e+36 4.64348e+42 0 0 1
1.43301e+06 2.05185e+38 2.05185e+38 2.27607e+38 2.27607e+38 2.27607e+38 5.34026e+36 2.39682e+35 0 1.29548e+35 4.64348e+42 0 0 1
1.65482e+06 1.54418e+38 1.54418e+38 1.70604e+38 1.70604e+38 1.70604e+38 3.98835e+36 2.40205e+35 0 1.19692e+34 4.64348e+42 0 0 1
1.91095e+06 1.16178e+38 1.16178e+38 1.27807e+38 1.27807e+38 1.27807e+38 2.97793e+36 2.40931e+35 0 7.81609e+32 4.64348e+42 0 0 1
2.20673e+06 8.73788e+37 8.73788e+37 9.56963e+37 9.56963e+37 9.56963e+37 2.22293e+36 2.41872e+35 0 3.41809e+31 4.64348e+42 0 0 1
2.5483e+06 6.56941e+37 6.56941e+37 7.16191e+37 7.16191e+37 7.16191e+37 1.6589e+36 2.43109e+35 0 9.4061e+29 4.64348e+42 0 0 1
2.94273e+06 4.93711e+37 4.93711e+37 5.35759e+37 5.35759e+37 5.35759e+37 1.23765e+36 2.44732e+35 0 1.51585e+28 4.64348e+42 0 0 1
3.39821e+06 3.70883e+37 3.70883e+37 4.00622e+37 4.00622e+37 4.00622e+37 9.23126e+35 2.46997e+35 0 1.31673e+26 4.64348e+42 0 0 1
3.92419e+06 2.78492e+37 2.78492e+37 2.99463e+37 2.99463e+37 2.99463e+37 6.88358e+35 2.49935e+35 0 5.6019e+23 4.64348e+42 0 0 1
4.53158e+06 2.09028e+37 2.09028e+37 2.23778e+37 2.23778e+37 2.23778e+37 5.13183e+35 2.53725e+35 0 1.04508e+21 4.64348e+42 0 0 1
5.23299e+06 1.56826e+37 1.56826e+37 1.67178e+37 1.67178e+37 1.67178e+37 3.82526e+35 2.58517e+35 0 7.52499e+17 4.64348e+42 0 0 1
6.04296e+06 1.17617e+37 1.17617e+37 1.24872e+37 1.24872e+37 1.24872e+37 2.85122e+35 2.64871e+35 0 1.80463e+14 4.64348e+42 0 0 1
6.97831e+06 8.81825e+36 8.81825e+36 9.32609e+36 9.32609e+36 9.32609e+36 2.12549e+35 2.72362e+35 0 1.21588e+10 4.64348e+42 0 0 1
8.05842e+06 6.6098e+36 6.6098e+36 6.96513e+36 6.96513e+36 6.96513e+36 1.58517e+35 2.81213e+35 0 189094 4.64348e+42 0 0 1
9.30572e+06 4.95374e+36 4.95374e+36 5.20241e+36 5.20241e+36 5.20241e+36 1.18337e+35 2.9124e+35 0 0.541013 4.64348e+42 0 0 1
1.07461e+07 3.71264e+36 3.71264e+36 3.88682e+36 3.88682e+36 3.88682e+36 8.85141e+34 3.03253e+35 0 2.19128e-07 4.64348e+42 0 0 1
1.24094e+07 2.78304e+36 2.78304e+36 2.90522e+36 2.90522e+36 2.90522e+36 6.64199e+34 3.15056e+35 0 9.28451e-15 4.64348e+42 0 0 1
1.43301e+07 2.08718e+36 2.08718e+36 2.17309e+36 2.17309e+36 2.17309e+36 5.01051e+34 3.26587e+35 0 2.9018e-23 4.64348e+42 0 0 1
1.65482e+07 1.56662e+36 1.56662e+36 1.62722e+36 1.62722e+36 1.62722e+36 3.81134e+34 3.37293e+35 0 4.46911e-33 4.64348e+42 0 0 1
1.91095e+07 1.17755e+36 1.17755e+36 1.22049e+36 1.22049e+36 1.22049e+36 2.93751e+34 3.46521e+35 0 2.12863e-44 4.64348e+42 0 0 1
2.20673e+07 8.86873e+35 8.86873e+35 9.17457e+35 9.17457e+35 9.17457e+35 2.30315e+34 3.54482e+35 0 1.83092e-57 4.64348e+42 0 0 1
2.5483e+07 6.69938e+35 6.69938e+35 6.91871e+35 6.91871e+35 6.91871e+35 1.8488e+34 3.60068e+35 0 1.52805e-72 4.64348e+42 0 0 1
2.94273e+07 5.08075e+35 5.08075e+35 5.23931e+35 5.23931e+35 5.23931e+35 1.52506e+34 3.60138e+35 0 6.03873e-90 4.64348e+42 0 0 1
3.39821e+07 3.87376e+35 3.87376e+35 3.98952e+35 3.98952e+35 3.98952e+35 1.29715e+34 3.53706e+35 0 4.93535e-110 4.64348e+42 0 0 1
3.92419e+07 2.97209e+35 2.97209e+35 3.05752e+35 3.05752e+35 3.05752e+35 1.13359e+34 3.40597e+35 0 3.20469e-133 4.64348e+42 0 0 1
4.53158e+07 2.29884e+35 2.29884e+35 2.36271e+35 2.36271e+35 2.36271e+35 1.01774e+34 3.23118e+35 0 5.47742e-160 4.64348e+42 0 0 1
5.23299e+07 1.79496e+35 1.79496e+35 1.84339e+35 1.84339e+35 1.84339e+35 9.33341e+33 3.02964e+35 0 6.88098e-191 4.64348e+42 0 0 1
6.04296e+07 1.415e+35 1.415e+35 1.45226e+35 1.45226e+35 1.45226e+35 8.6511e+33 2.7815e+35 0 1.45618e-226 4.64348e+42 0 0 1
6.97831e+07 1.12591e+35 1.12591e+35 1.15499e+35 1.15499e+35 1.15499e+35 8.03985e+33 2.4923e+35 0 9.47206e-268 4.64348e+42 0 0 1
8.05842e+07 9.03909e+34 9.03909e+34 9.26904e+34 9.26904e+34 9.26904e+34 7.45597e+33 2.16685e+35 0 0 4.64348e+42 0 0 1
9.30572e+07 7.30948e+34 7.30948e+34 7.49344e+34 7.49344e+34 7.49344e+34 6.86096e+33 1.81653e+35 0 0 4.64348e+42 0 0 1
1.07461e+08 5.93416e+34 5.93416e+34 6.08251e+34 6.08251e+34 6.08251e+34 6.22386e+33 1.4612e+35 0 0 4.64348e+42 59.8494 0 1
1.24094e+08 4.83974e+34 4.83974e+34 4.96037e+34 4.96037e+34 4.96037e+34 5.59382e+33 1.1566e+35 0 0 4.64348e+42 52.5787 0 1
1.43301e+08 3.9486e+34 3.9486e+34 4.04707e+34 4.04707e+34 4.04707e+34 4.95074e+33 8.99278e+34 0 0 4.64348e+42 46.1912 0 1
1.65482e+08 3.21005e+34 3.21005e+34 3.29039e+34 3.29039e+34 3.29039e+34 4.29832e+33 6.88081e+34 0 0 4.64348e+42 40.5798 0 1
1.91095e+08 2.57857e+34 2.57857e+34 2.64351e+34 2.64351e+34 2.64351e+34 3.62005e+33 5.13009e+34 0 0 4.64348e+42 35.65 0 1
2.20673e+08 2.06259e+34 2.06259e+34 2.115e+34 2.115e+34 2.115e+34 3.01074e+33 3.84483e+34 0 0 4.64348e+42 31.3191 0 1
2.5483e+08 1.63535e+34 1.63535e+34 1.67736e+34 1.67736e+34 1.67736e+34 2.45775e+33 2.84914e+34 0 0 4.64348e+42 27.5144 0 1
2.94273e+08 1.28336e+34 1.28336e+34 1.31675e+34 1.31675e+34 1.31675e+34 1.96819e+33 2.088e+34 0 0 4.64348e+42 24.1718 0 1
3.39821e+08 9.89894e+33 9.89894e+33 1.01602e+34 1.01602e+34 1.01602e+34 1.53056e+33 1.50305e+34 0 0 4.64348e+42 22.1722 0 1
3.92419e+08 7.62162e+33 7.62162e+33 7.82597e+33 7.82597e+33 7.82597e+33 1.18635e+33 1.09964e+34 0 0 4.64348e+42 21.2354 0 1
4.53158e+08 5.81641e+33 5.81641e+33 5.975e+33 5.975e+33 5.975e+33 9.06278e+32 8.00815e+33 0 0 4.64348e+42 20.3381 0 1
5.23299e+08 4.3937e+33 4.3937e+33 4.51564e+33 4.51564e+33 4.51564e+33 6.80969e+32 5.80769e+33 0 0 4.64348e+42 19.4787 0 1
6.04296e+08 3.29283e+33 3.29283e+33 3.38592e+33 3.38592e+33 3.38592e+33 5.05165e+32 4.16743e+33 0 0 4.64348e+42 18.6556 0 1
6.97831e+08 2.4855e+33 2.4855e+33 2.55711e+33 2.55711e+33 2.55711e+33 3.7938e+32 3.05217e+33 0 0 4.64348e+42 17.8673 0 1
8.05842e+08 1.86856e+33 1.86856e+33 1.92346e+33 1.92346e+33 1.92346e+33 2.83273e+32 2.23164e+33 0 0 4.64348e+42 17.1123 0 1
9.30572e+08 1.39786e+33 1.39786e+33 1.43975e+33 1.43975e+33 1.43975e+33 2.10044e+32 1.62779e+33 0 0 4.64348e+42 16.3893 0 1
1.07461e+09 1.03682e+33 1.03682e+33 1.06852e+33 1.06852e+33 1.06852e+33 1.53751e+32 1.17054e+33 0 0 4.64348e+42 16.4483 0 1
1.24094e+09 7.77623e+32 7.77623e+32 8.01882e+32 8.01882e+32 8.01882e+32 1.1498e+32 8.61234e+32 0 0 4.64348e+42 17.298 0 1
1.43301e+09 5.82642e+32 5.82642e+32 6.0119e+32 6.0119e+32 6.0119e+32 8.6099e+31 6.31962e+32 0 0 4.64348e+42 18.1916 0 1
1.65482e+09 4.34854e+32 4.34854e+32 4.4898e+32 4.4898e+32 4.4898e+32 6.42633e+31 4.62329e+32 0 0 4.64348e+42 19.1314 0 1
1.91095e+09 3.21587e+32 3.21587e+32 3.32247e+32 3.32247e+32 3.32247e+32 4.7389e+31 3.3269e+32 0 0 4.64348e+42 20.1197 0 1
2.20673e+09 2.4002e+32 2.4002e+32 2.48139e+32 2.48139e+32 2.48139e+32 3.56513e+31 2.45314e+32 0 0 4.64348e+42 21.1591 0 1
2.5483e+09 1.78433e+32 1.78433e+32 1.8459e+32 1.8459e+32 1.8459e+32 2.67396e+31 1.80384e+32 0 0 4.64348e+42 22.2522 0 1
2.94273e+09 1.32011e+32 1.32011e+32 1.36658e+32 1.36658e+32 1.36658e+32 1.99601e+31 1.32217e+32 0 0 4.64348e+42 23.4017 0 1
3.39821e+09 9.64946e+31 9.64946e+31 9.99588e+31 9.99588e+31 9.99588e+31 1.46407e+31 9.53234e+31 0 0 4.64348e+42 24.6106 0 1
3.92419e+09 7.1328e+31 7.1328e+31 7.39391e+31 7.39391e+31 7.39391e+31 1.0973e+31 7.0339e+31 0 0 4.64348e+42 25.882 0 1
4.53158e+09 5.25626e+31 5.25626e+31 5.45242e+31 5.45242e+31 5.45242e+31 8.19638e+30 5.17177e+31 0 0 4.64348e+42 27.219 0 1
5.23299e+09 3.86157e+31 3.86157e+31 4.00846e+31 4.00846e+31 4.00846e+31 6.10064e+30 3.78717e+31 0 0 4.64348e+42 28.6251 0 1
6.04296e+09 2.80015e+31 2.80015e+31 2.90881e+31 2.90881e+31 2.90881e+31 4.45247e+30 2.73003e+31 0 0 4.64348e+42 30.1038 0 1
6.97831e+09 2.0544e+31 2.0544e+31 2.13653e+31 2.13653e+31 2.13653e+31 3.32839e+30 2.0123e+31 0 0 4.64348e+42 31.659 0 1
8.05842e+09 1.48082e+31 1.48082e+31 1.54623e+31 1.54623e+31 1.54623e+31 2.47981e+30 1.4792e+31 0 0 4.64348e+42 33.2945 0 1
9.30572e+09 9.8267e+30 9.8267e+30 1.04665e+31 1.04665e+31 1.04665e+31 1.83596e+30 1.0843e+31 0 0 4.64348e+42 35.0144 0 1
1.07461e+10 4.90152e+30 4.90152e+30 5.69281e+30 5.69281e+30 5.69281e+30 1.33555e+30 7.84089e+30 0 0 4.64348e+42 39.2868 0 1
1.24094e+10 1.3965e+30 1.3965e+30 2.20882e+30 2.20882e+30 2.20882e+30 9.88202e+29 5.79875e+30 0 0 4.64348e+42 47.0297 0 1
1.43301e+10 1.71814e+29 1.71814e+29 6.75026e+29 6.75026e+29 6.75026e+29 7.21915e+29 4.27774e+30 0 0 4.64348e+42 56.2985 0 1
1.65482e+10 5.32717e+27 5.32717e+27 2.0077e+29 2.0077e+29 2.0077e+29 5.17683e+29 3.14602e+30 0 0 4.64348e+42 67.3941 0 1
1.91095e+10 1.3354e+25 1.3354e+25 6.35612e+28 6.35612e+28 6.35612e+28 3.59772e+29 2.27522e+30 0 0 4.64348e+42 80.6765 0 1
2.20673e+10 5.36479e+20 5.36479e+20 2.25467e+28 2.25467e+28 2.25467e+28 2.57633e+29 1.68371e+30 0 0 4.64348e+42 96.5766 34.7254 1
2.5483e+10 5.13583e+13 5.13583e+13 8.79234e+27 8.79234e+27 8.79234e+27 1.86662e+29 1.24186e+30 0 0 4.64348e+42 115.61 22.9578 1
2.94273e+10 2079.96 2079.96 3.73618e+27 3.73618e+27 3.73618e+27 1.36133e+29 9.12769e+29 0 0 4.64348e+42 138.396 15.5417 1
3.39821e+10 1.12978e-11 1.12978e-11 1.69333e+27 1.69333e+27 1.69333e+27 9.78525e+28 6.5868e+29 0 0 4.64348e+42 165.671 10.7604 1
3.92419e+10 6.83318e-30 6.83318e-30 8.37065e+26 8.37065e+26 8.37065e+26 7.23845e+28 4.87457e+29 0 0 4.64348e+42 198.323 7.61059 1
4.53158e+10 1.03646e-51 1.03646e-51 4.38521e+26 4.38521e+26 4.38521e+26 5.34739e+28 3.59842e+29 0 0 4.64348e+42 237.409 5.49245 1
5.23299e+10 2.37457e-76 2.37457e-76 2.41647e+26 2.41647e+26 2.41647e+26 3.94549e+28 2.64884e+29 0 0 4.64348e+42 284.199 4.04008 1
6.04296e+10 9.91954e-103 9.91954e-103 1.37521e+26 1.37521e+26 1.37521e+26 2.86341e+28 1.91405e+29 0 0 4.64348e+42 340.21 3.02568 1
6.97831e+10 1.37051e-129 1.37051e-129 8.29801e+25 8.29801e+25 8.29801e+25 2.13287e+28 1.41977e+29 0 0 4.64348e+42 407.26 2.3047 1
8.05842e+10 1.09369e-155 1.09369e-155 5.17121e+25 5.17121e+25 5.17121e+25 1.58448e+28 1.05061e+29 0 0 4.64348e+42 487.525 1.78376 1
9.30572e+10 6.82458e-180 6.82458e-180 3.31395e+25 3.31395e+25 3.31395e+25 1.17384e+28 7.75143e+28 0 0 4.64348e+42 583.609 1.40144 1
1.07461e+11 2.75693e-201 2.75693e-201 2.14698e+25 2.14698e+25 2.14698e+25 8.53157e+27 5.60838e+28 0 0 4.64348e+42 698.63 1.11671 1
1.24094e+11 3.48962e-219 3.48962e-219 1.4523e+25 1.4523e+25 1.4523e+25 6.35232e+27 4.1645e+28 0 0 4.64348e+42 836.319 0.901709 1
1.43301e+11 3.43879e-233 3.43879e-233 1.00058e+25 1.00058e+25 1.00058e+25 4.71311e+27 3.08339e+28 0 0 4.64348e+42 1001.15 0.737233 1
1.65482e+11 3.79211e-243 3.79211e-243 7.00273e+24 7.00273e+24 7.00273e+24 3.48312e+27 2.27511e+28 0 0 4.64348e+42 1198.46 0.609868 1
1.91095e+11 4.07326e-249 4.07326e-249 4.89958e+24 4.89958e+24 4.89958e+24 2.52382e+27 1.64481e+28 0 0 4.64348e+42 1434.65 0.510106 1
2.20673e+11 2.65896e-251 2.65896e-251 3.55697e+24 3.55697e+24 3.55697e+24 1.87459e+27 1.22049e+28 0 0 4.64348e+42 1717.4 0.431129 1
2.5483e+11 4.67296e-250 4.67296e-250 2.6108e+24 2.6108e+24 2.6108e+24 1.38772e+27 9.02812e+27 0 0 4.64348e+42 2055.88 0.367983 1
2.94273e+11 8.39319e-246 8.39319e-246 1.93447e+24 1.93447e+24 1.93447e+24 1.02377e+27 6.65421e+27 0 0 4.64348e+42 2461.06 0.317029 1
3.39821e+11 5.26077e-239 5.26077e-239 1.42381e+24 1.42381e+24 1.42381e+24 7.40777e+26 4.80324e+27 0 0 4.64348e+42 0 0.275565 1
3.92419e+11 4.07154e-230 4.07155e-230 1.08338e+24 1.08338e+24 1.08338e+24 5.49721e+26 3.55935e+27 0 0 4.64348e+42 0 0.241562 1
4.53158e+11 1.33134e-219 1.33135e-219 8.29352e+23 8.29352e+23 8.29352e+23 4.06591e+26 2.62891e+27 0 0 4.64348e+42 0 0.213483 1
5.23299e+11 6.93955e-208 6.93955e-208 6.37974e+23 6.37974e+23 6.37974e+23 2.99673e+26 1.93435e+27 0 0 4.64348e+42 0 0.190154 1
6.04296e+11 2.35842e-195 2.35842e-195 4.8504e+23 4.8504e+23 4.8504e+23 2.16507e+26 1.39316e+27 0 0 4.64348e+42 0 0.170669 1
6.97831e+11 2.52847e-182 2.52847e-182 3.80256e+23 3.80256e+23 3.80256e+23 1.60463e+26 1.03032e+27 0 0 4.64348e+42 0 0.154323 1
8.05842e+11 4.31708e-169 4.31708e-169 2.98872e+23 2.98872e+23 2.98872e+23 1.18515e+26 7.59313e+26 0 0 4.64348e+42 0 0.140565 1
9.30572e+11 6.8016e-156 6.8016e-156 2.35306e+23 2.35306e+23 2.35306e+23 8.72123e+25 5.57355e+26 0 0 4.64348e+42 0 0.12896 1
1.07461e+12 6.25443e-143 6.25443e-143 1.82451e+23 1.82451e+23 1.82451e+23 6.287e+25 4.00184e+26 0 0 4.64348e+42 0 0.119166 1
1.24094e+12 2.48148e-130 2.48149e-130 1.45644e+23 1.45644e+23 1.45644e+23 4.65064e+25 2.95158e+26 0 0 4.64348e+42 0 0.110908 1
1.43301e+12 3.17469e-118 3.17469e-118 1.16287e+23 1.16287e+23 1.16287e+23 3.42768e+25 2.1689e+26 0 0 4.64348e+42 0 0.103969 1
1.65482e+12 1.08316e-106 1.08316e-106 9.28073e+22 9.28073e+22 9.28073e+22 2.51652e+25 1.58701e+26 0 0 4.64348e+42 0 0.098177 1
1.91095e+12 8.53016e-96 8.53017e-96 7.27576e+22 7.27576e+22 7.27576e+22 1.80865e+25 1.13502e+26 0 0 4.64348e+42 0 0.0933933 1
2.20673e+12 1.5058e-85 1.5058e-85 5.86719e+22 5.86719e+22 5.86719e+22 1.33435e+25 8.34316e+25 0 0 4.64348e+42 0 0.0895108 1
2.5483e+12 5.59427e-76 5.59427e-76 4.72473e+22 4.72473e+22 4.72473e+22 9.80651e+24 6.10891e+25 0 0 4.64348e+42 0 0.0864461 1
2.94273e+12 4.37106e-67 4.37106e-67 3.79749e+22 3.79749e+22 3.79749e+22 7.17771e+24 4.45321e+25 0 0 4.64348e+42 0 0.0841374 1
3.39821e+12 7.23678e-59 7.23679e-59 2.99181e+22 2.99181e+22 2.99181e+22 5.13846e+24 3.1702e+25 0 0 4.64348e+42 0 0.082541 1
3.92419e+12 2.78576e-51 2.78577e-51 2.42374e+22 2.42374e+22 2.42374e+22 3.77826e+24 2.3214e+25 0 0 4.64348e+42 0 0.08163 1
4.53158e+12 2.56556e-44 2.56557e-44 1.95837e+22 1.95837e+22 1.95837e+22 2.7669e+24 1.69301e+25 0 0 4.64348e+42 0 0.0813928 1
5.23299e+12 6.05321e-38 6.05321e-38 1.5774e+22 1.5774e+22 1.5774e+22 2.01764e+24 1.22909e+25 0 0 4.64348e+42 0 0.0818329 1
6.04296e+12 3.87112e-32 3.87112e-32 1.24283e+22 1.24283e+22 1.24283e+22 1.43768e+24 8.70609e+24 0 0 4.64348e+42 0 0.0829683 1
6.97831e+12 7.63201e-27 7.63202e-27 1.00676e+22 1.00676e+22 1.00676e+22 1.05303e+24 6.34903e+24 0 0 4.64348e+42 0 0.0848322 1
8.05842e+12 4.87004e-22 4.87005e-22 8.12311e+21 8.12311e+21 8.12311e+21 7.68082e+23 4.61074e+24 0 0 4.64348e+42 0 0.0874729 1
9.30572e+12 1.08905e-17 1.08905e-17 6.52439e+21 6.52439e+21 6.52439e+21 5.57794e+23 3.33241e+24 0 0 4.64348e+42 0 0.0909553 1
1.07461e+13 9.04952e-14 9.04953e-14 5.11329e+21 5.11329e+21 5.11329e+21 3.95452e+23 2.34741e+24 0 0 4.64348e+42 0 0.0953611 1
1.24094e+13 3.17502e-10 3.17502e-10 4.11763e+21 4.11763e+21 4.11763e+21 2.88472e+23 1.70379e+24 0 0 4.64348e+42 0 0.10079 1
1.43301e+13 4.8939e-07 4.89391e-07 3.29602e+21 3.29602e+21 3.29602e+21 2.09536e+23 1.231e+24 0 0 4.64348e+42 0 0.10736 1
1.65482e+13 0.000354791 0.000354791 2.62001e+21 2.62001e+21 2.62001e+21 1.51509e+23 8.84755e+23 0 0 4.64348e+42 0 0.115206 1
1.91095e+13 0.126415 0.126416 2.02477e+21 2.02477e+21 2.02477e+21 1.0684e+23 6.18815e+23 0 0 4.64348e+42 0 0.12448 1
2.20673e+13 24.8181 24.8182 1.60446e+21 1.60446e+21 1.60446e+21 7.75814e+22 4.46312e+23 0 0 4.64348e+42 0 0.135345 1
2.5483e+13 2744.63 2744.64 1.25912e+21 1.25912e+21 1.25912e+21 5.60754e+22 3.20237e+23 0 0 4.64348e+42 0 0.147968 1
2.94273e+13 179980 179981 9.77193e+20 9.77193e+20 9.77193e+20 4.03297e+22 2.28417e+23 0 0 4.64348e+42 0 0.162507 1
3.39821e+13 7.18247e+06 7.18251e+06 7.33204e+20 7.33204e+20 7.33204e+20 2.82433e+22 1.58191e+23 0 0 4.64348e+42 0 0.179093 1
3.92419e+13 1.92816e+08 1.92818e+08 5.62186e+20 5.62186e+20 5.62186e+20 2.0383e+22 1.13105e+23 0 0 4.64348e+42 0 0.197804 1
4.53158e+13 3.4989e+09 3.49894e+09 4.24845e+20 4.24845e+20 4.24845e+20 1.46337e+22 8.03863e+22 0 0 4.64348e+42 0 0.218621 1
5.23299e+13 4.45e+10 4.45006e+10 3.16023e+20 3.16023e+20 3.16023e+20 1.04469e+22 5.67418e+22 0 0 4.64348e+42 0 0.241387 1
6.04296e+13 4.0081e+11 4.00817e+11 2.25951e+20 2.25951e+20 2.25951e+20 7.24595e+21 3.87651e+22 0 0 4.64348e+42 0 0.265741 1
6.97831e+13 2.79914e+12 2.7992e+12 1.64809e+20 1.64809e+20 1.64809e+20 5.18499e+21 2.73895e+22 0 0 4.64348e+42 0 0.291055 1
8.05842e+13 1.50218e+13 1.50222e+13 1.1816e+20 1.1816e+20 1.1816e+20 3.68792e+21 1.92159e+22 0 0 4.64348e+42 0 0.316368 1
9.30572e+13 6.35353e+13 6.35373e+13 8.3248e+19 8.3248e+19 8.3248e+19 2.60597e+21 1.33728e+22 0 0 4.64348e+42 0 0.340344 1
1.07461e+14 2.11423e+14 2.11431e+14 5.62228e+19 5.62228e+19 5.62228e+19 1.78346e+21 8.96666e+21 0 0 4.64348e+42 0 0 1
1.24094e+14 6.03504e+14 6.03538e+14 3.88671e+19 3.88671e+19 3.88671e+19 1.26133e+21 6.23452e+21 0 0 4.64348e+42 0 0 1
1.43301e+14 1.44827e+15 1.44842e+15 2.64534e+19 2.64534e+19 2.64534e+19 8.85735e+20 4.29825e+21 0 0 4.64348e+42 0 0 1
1.65482e+14 2.97288e+15 2.97349e+15 1.77335e+19 1.77335e+19 1.77335e+19 6.17145e+20 2.93458e+21 0 0 4.64348e+42 0 0 1
1.91095e+14 5.15607e+15 5.15829e+15 1.13921e+19 1.13921e+19 1.13921e+19 4.14616e+20 1.91799e+21 0 0 4.64348e+42 0 0 1
2.20673e+14 8.23801e+15 8.24495e+15 7.54317e+18 7.54317e+18 7.54317e+18 2.88573e+20 1.30511e+21 0 0 4.64348e+42 0 0 1
2.5483e+14 1.17587e+16 1.17767e+16 4.93223e+18 4.93223e+18 4.93223e+18 1.99127e+20 8.78922e+20 0 0 4.64348e+42 0 0 1
2.94273e+14 1.51611e+16 1.52e+16 3.1852e+18 3.1852e+18 3.1852e+18 1.36115e+20 5.84901e+20 0 0 4.64348e+42 0 0 1
3.39821e+14 1.72588e+16 1.73279e+16 1.9664e+18 1.9664e+18 1.9664e+18 8.91334e+19 3.69127e+20 0 0 4.64348e+42 0 0 1
3.92419e+14 1.90102e+16 1.91214e+16 1.26074e+18 1.26074e+18 1.26074e+18 6.06996e+19 2.44029e+20 0 0 4.64348e+42 0 0 1
4.53158e+14 1.9443e+16 1.95997e+16 7.99236e+17 7.99236e+17 7.99236e+17 4.09003e+19 1.59272e+20 0 0 4.64348e+42 0 0 1
5.23299e+14 1.85866e+16 1.8783e+16 5.00741e+17 5.00741e+17 5.00741e+17 2.72403e+19 1.02428e+20 0 0 4.64348e+42 0 0 1
6.04296e+14 1.60525e+16 1.62651e+16 2.97795e+17 2.97795e+17 2.97795e+17 1.72153e+19 6.16073e+19 0 0 4.64348e+42 0 0 1
6.97831e+14 1.3892e+16 1.41139e+16 1.85394e+17 1.85394e+17 1.85394e+17 1.1381e+19 3.9188e+19 0 0 4.64348e+42 0 0 1
8.05842e+14 1.14254e+16 1.16383e+16 1.1401e+17 1.1401e+17 1.1401e+17 7.42435e+18 2.45306e+19 0 0 4.64348e+42 0 0 1
9.30572e+14 8.96119e+15 9.15025e+15 6.91836e+16 6.91836e+16 6.91836e+16 4.77288e+18 1.50729e+19 0 0 4.64348e+42 0 0 1
1.07461e+15 6.38884e+15 6.53752e+15 3.93278e+16 3.93278e+16 3.93278e+16 2.86999e+18 8.48206e+18 0 0 4.64348e+42 0 0 1
1.24094e+15 4.6908e+15 4.80847e+15 2.36428e+16 2.36428e+16 2.36428e+16 1.82201e+18 5.12468e+18 0 0 4.64348e+42 0 0 1
1.43301e+15 3.31342e+15 3.40122e+15 1.39983e+16 1.39983e+16 1.39983e+16 1.13713e+18 3.03426e+18 0 0 4.64348e+42 0 0 1
1.65482e+15 2.2544e+15 2.31638e+15 8.14978e+15 8.14978e+15 8.14978e+15 6.96509e+17 1.7547e+18 0 0 4.64348e+42 0 0 1
1.91095e+15 1.38051e+15 1.41926e+15 4.34896e+15 4.34896e+15 4.34896e+15 3.9025e+17 8.99579e+17 0 0 4.64348e+42 0 0 1
2.20673e+15 8.9324e+14 9.18485e+14 2.49188e+15 2.49188e+15 2.49188e+15 2.34299e+17 5.07367e+17 0 0 4.64348e+42 0 0 1
2.5483e+15 5.58371e+14 5.7406e+14 1.39915e+15 1.39915e+15 1.39915e+15 1.37556e+17 2.78946e+17 0 0 4.64348e+42 0 0 1
2.94273e+15 3.37161e+14 3.46475e+14 7.68434e+14 7.68434e+14 7.68434e+14 7.88272e+16 1.48836e+17 0 0 4.64348e+42 0 0 1
3.39821e+15 1.78036e+14 1.82823e+14 3.7318e+14 3.7318e+14 3.7318e+14 3.98578e+16 6.68354e+16 0 0 4.64348e+42 0 0 1
3.92419e+15 1.02469e+14 1.05127e+14 1.9948e+14 1.9948e+14 1.9948e+14 2.21358e+16 3.4377e+16 0 0 4.64348e+42 0 0 1
4.53158e+15 5.68576e+13 5.82693e+13 1.03695e+14 1.03695e+14 1.03695e+14 1.19297e+16 1.71239e+16 0 0 4.64348e+42 0 0 1
5.23299e+15 3.03997e+13 3.11169e+13 5.23391e+13 5.23391e+13 5.23391e+13 6.22962e+15 8.21185e+15 0 0 4.64348e+42 0 0 1
6.04296e+15 1.34417e+13 1.37411e+13 2.19961e+13 2.19961e+13 2.19961e+13 2.70294e+15 3.0425e+15 0 0 4.64348e+42 0 0 1
6.97831e+15 6.7825e+12 6.92438e+12 1.06127e+13 1.06127e+13 1.06127e+13 1.34362e+15 1.38167e+15 0 0 4.64348e+42 0 0 1
8.05842e+15 3.27143e+12 3.33535e+12 4.92065e+12 4.92065e+12 4.92065e+12 6.40551e+14 6.02992e+14 0 0 4.64348e+42 0 0 1
9.30572e+15 1.50975e+12 1.53718e+12 2.19321e+12 2.19321e+12 2.19321e+12 2.92973e+14 2.50966e+14 0 0 4.64348e+42 0 0 1
1.07461e+16 5.21903e+11 5.30682e+11 7.35295e+11 7.35295e+11 7.35295e+11 1.00595e+14 6.96212e+13 0 0 4.64348e+42 0 0 1
1.24094e+16 2.21854e+11 2.25297e+11 3.04253e+11 3.04253e+11 3.04253e+11 4.25487e+13 2.65907e+13 0 0 4.64348e+42 0 0 1
1.43301e+16 8.84759e+10 8.9738e+10 1.18495e+11 1.18495e+11 1.18495e+11 1.69075e+13 9.68257e+12 0 0 4.64348e+42 0 0 1
1.65482e+16 3.32499e+10 3.36847e+10 4.36137e+10 4.36137e+10 4.36137e+10 6.33785e+12 3.34151e+12 0 0 4.64348e+42 0 0 1
1.91095e+16 7.97493e+09 8.07023e+09 1.02712e+10 1.02712e+10 1.02712e+10 1.51743e+12 5.84587e+11 0 0 4.64348e+42 0 0 1
2.20673e+16 2.65125e+09 2.68014e+09 3.36036e+09 3.36036e+09 3.36036e+09 5.03841e+11 1.72644e+11 0 0 4.64348e+42 0 0 1
2.5483e+16 7.94868e+08 8.02745e+08 9.93417e+08 9.93417e+08 9.93417e+08 1.50917e+11 4.80494e+10 0 0 4.64348e+42 0 0 1
2.94273e+16 2.14376e+08 2.16304e+08 2.64652e+08 2.64652e+08 2.64652e+08 4.06704e+10 1.28248e+10 0 0 4.64348e+42 0 0 1
3.39821e+16 2.96573e+07 2.9899e+07 3.62217e+07 3.62217e+07 3.62217e+07 5.62183e+09 1.08357e+09 0 0 4.64348e+42 0 0 1
3.92419e+16 6.73712e+06 6.78676e+06 8.15159e+06 8.15159e+06 8.15159e+06 1.27586e+09 2.11321e+08 0 0 4.64348e+42 0 0 1
4.53158e+16 1.28355e+06 1.29209e+06 1.54041e+06 1.54041e+06 1.54041e+06 2.42779e+08 3.68159e+07 0 0 4.64348e+42 0 0 1
5.23299e+16 193044 194202 230036 230036 230036 3.64566e+07 6.19974e+06 0 0 4.64348e+42 0 0 1
6.04296e+16 10495.5 10552.2 12429.9 12429.9 12429.9 1.97812e+06 159920 0 0 4.64348e+42 0 0 1
6.97831e+16 1071.28 1076.47 1261.97 1261.97 1261.97 201399 11071.9 0 0 4.64348e+42 0 0 1
8.05842e+16 45.4689 45.667 53.3166 53.3166 53.3166 8522.57 235.521 0 0 4.64348e+42 0 0 1
9.30572e+16 0 0 0 0 0 0 0 0 0 4.64348e+42 0 0 1