
1.07461e-07 4.36434e+24 4.36434e+24 1.26254e+55 1.34265e+55 2.83956e+55 6.64998e+53 0 5.64416e+46 2.72024e+19 4.64348e+42 0 0 1
1.24094e-07 3.97302e+32 3.97302e+32 1.30471e+55 1.3761e+55 2.37046e+55 5.5377e+53 0 6.51777e+46 2.07511e+27 4.64348e+42 0 0 1
1.43301e-07 2.90839e+38 2.90839e+38 1.2803e+55 1.34075e+55 1.97631e+55 4.60523e+53 0 7.52661e+46 1.34052e+33 4.64348e+42 0 0 1
1.65482e-07 5.99242e+42 5.99242e+42 1.20297e+55 1.25201e+55 1.64554e+55 3.82453e+53 0 8.69159e+46 2.54554e+37 4.64348e+42 0 0 1
1.91095e-07 8.79923e+45 8.79923e+45 1.09223e+55 1.13068e+55 1.3683e+55 3.17178e+53 0 1.00369e+47 3.56502e+40 4.64348e+42 0 0 1
2.20673e-07 1.83246e+48 1.83246e+48 9.66137e+54 9.95518e+54 1.13622e+55 2.62676e+53 0 1.15904e+47 7.26823e+42 4.64348e+42 0 0 1
2.5483e-07 9.00586e+49 9.00586e+49 8.38097e+54 8.60124e+54 9.42189e+54 2.1723e+53 0 1.33844e+47 3.56586e+44 4.64348e+42 0 0 1
2.94273e-07 1.52216e+51 1.52216e+51 7.16596e+54 7.32876e+54 7.80186e+54 1.79388e+53 0 1.54561e+47 6.10409e+45 4.64348e+42 0 0 1
3.39821e-07 1.16877e+52 1.16877e+52 6.06173e+54 6.1808e+54 6.45104e+54 1.47924e+53 0 1.78484e+47 4.79805e+46 4.64348e+42 0 0 1
3.92419e-07 5.00785e+52 5.00785e+52 5.08659e+54 5.173e+54 5.32622e+54 1.21798e+53 0 2.0611e+47 2.12157e+47 4.64348e+42 0 0 1
4.53158e-07 1.39388e+53 1.39388e+53 4.24222e+54 4.30456e+54 4.3909e+54 1.00136e+53 0 2.38012e+47 6.13149e+47 4.64348e+42 0 0 1
5.23299e-07 2.81969e+53 2.81969e+53 3.52109e+54 3.56585e+54 3.61425e+54 8.22023e+52 0 2.74852e+47 1.29407e+48 4.64348e+42 0 0 1
6.04296e-07 4.5039e+53 4.5039e+53 2.91126e+54 2.94328e+54 2.97028e+54 6.73759e+52 0 3.17394e+47 2.16492e+48 4.64348e+42 0 0 1
6.97831e-07 6.03926e+53 6.03926e+53 2.39929e+54 2.42213e+54 2.43713e+54 5.51366e+52 0 3.66521e+47 3.05024e+48 4.64348e+42 0 0 1
8.05842e-07 7.11259e+53 7.11259e+53 1.97183e+54 1.98807e+54 1.99637e+54 4.50478e+52 0 4.23252e+47 3.78522e+48 4.64348e+42 0 0 1
9.30572e-07 7.60724e+53 7.60724e+53 1.61647e+54 1.62799e+54 1.63256e+54 3.6744e+52 0 4.88764e+47 4.27655e+48 4.64348e+42 0 0 1
1.07461e-06 7.57338e+53 7.57338e+53 1.32207e+54 1.33022e+54 1.33273e+54 2.99197e+52 0 5.64415e+47 4.50786e+48 4.64348e+42 0 0 1
1.24094e-06 7.14696e+53 7.14696e+53 1.07889e+54 1.08465e+54 1.08602e+54 2.43199e+52 0 6.51777e+47 4.51419e+48 4.64348e+42 0 0 1
1.43301e-06 6.47967e+53 6.47967e+53 8.78533e+53 8.82595e+53 8.83344e+53 1.97319e+52 0 7.5266e+47 4.3524e+48 4.64348e+42 0 0 1
1.65482e-06 5.70011e+53 5.70011e+53 7.1385e+53 7.16707e+53 7.17114e+53 1.59792e+52 0 8.69158e+47 4.08047e+48 4.64348e+42 0 0 1
1.91095e-06 4.90093e+53 4.90093e+53 5.78781e+53 5.80786e+53 5.81006e+53 1.29148e+52 0 1.00369e+48 3.74713e+48 4.64348e+42 0 0 1
2.20673e-06 4.14065e+53 4.14065e+53 4.68235e+53 4.6964e+53 4.69758e+53 1.04169e+52 0 1.15904e+48 3.38874e+48 4.64348e+42 0 0 1
2.5483e-06 3.45115e+53 3.45115e+53 3.77948e+53 3.7893e+53 3.78993e+53 8.38447e+51 0 1.33844e+48 3.03016e+48 4.64348e+42 0 0 1
2.94273e-06 2.84589e+53 2.84589e+53 3.04363e+53 3.05048e+53 3.05082e+53 6.73412e+51 0 1.5456e+48 2.68695e+48 4.64348e+42 0 0 1
3.39821e-06 2.32675e+53 2.32675e+53 2.4452e+53 2.44996e+53 2.45014e+53 5.39673e+51 0 1.78484e+48 2.36793e+48 4.64348e+42 0 0 1
3.92419e-06 1.88899e+53 1.88899e+53 1.95961e+53 1.96291e+53 1.96301e+53 4.31529e+51 0 2.0611e+48 2.07727e+48 4.64348e+42 0 0 1
4.53158e-06 1.52457e+53 1.52457e+53 1.5665e+53 1.56879e+53 1.56884e+53 3.44277e+51 0 2.38012e+48 1.81615e+48 4.64348e+42 0 0 1
5.23299e-06 1.22424e+53 1.22424e+53 1.24904e+53 1.25062e+53 1.25064e+53 2.74042e+51 0 2.74851e+48 1.58389e+48 4.64348e+42 0 0 1
6.04296e-06 9.78691e+52 9.78691e+52 9.93307e+52 9.94394e+52 9.94408e+52 2.17639e+51 0 3.17393e+48 1.37878e+48 4.64348e+42 0 0 1
6.97831e-06 7.79261e+52 7.79261e+52 7.87847e+52 7.88593e+52 7.88601e+52 1.72451e+51 0 3.6652e+48 1.1986e+48 4.64348e+42 0 0 1
8.05842e-06 6.18193e+52 6.18193e+52 6.2322e+52 6.23732e+52 6.23735e+52 1.36334e+51 0 4.2325e+48 1.04092e+48 4.64348e+42 0 0 1
9.30572e-06 4.88739e+52 4.88739e+52 4.91674e+52 4.92023e+52 4.92027e+52 1.07537e+51 0 4.88761e+48 9.03303e+47 4.64348e+42 0 0 1
1.07461e-05 3.8515e+52 3.8515e+52 3.86858e+52 3.87096e+52 3.87098e+52 8.46301e+50 0 5.64412e+48 7.83451e+47 4.64348e+42 0 0 1
1.24094e-05 3.02584e+52 3.02584e+52 3.03575e+52 3.03737e+52 3.03738e+52 6.64517e+50 0 6.51773e+48 6.79224e+47 4.64348e+42 0 0 1
1.43301e-05 2.37014e+52 2.37014e+52 2.37588e+52 2.37698e+52 2.37698e+52 5.20593e+50 0 7.52654e+48 5.88686e+47 4.64348e+42 0 0 1
1.65482e-05 1.85122e+52 1.85122e+52 1.85453e+52 1.85527e+52 1.85527e+52 4.06907e+50 0 8.69151e+48 5.10102e+47 4.64348e+42 0 0 1
1.91095e-05 1.44186e+52 1.44186e+52 1.44377e+52 1.44427e+52 1.44427e+52 3.17315e+50 0 1.00368e+49 4.41936e+47 4.64348e+42 0 0 1
2.20673e-05 1.11995e+52 1.11995e+52 1.12104e+52 1.12138e+52 1.12138e+52 2.46872e+50 0 1.15903e+49 3.82833e+47 4.64348e+42 0 0 1
2.5483e-05 8.67556e+51 8.67556e+51 8.68182e+51 8.68407e+51 8.68408e+51 1.91615e+50 0 1.33842e+49 3.31604e+47 4.64348e+42 0 0 1
2.94273e-05 6.70253e+51 6.70253e+51 6.70611e+51 6.70761e+51 6.70761e+51 1.48372e+50 0 1.54558e+49 2.87212e+47 4.64348e+42 0 0 1
3.39821e-05 5.16457e+51 5.16457e+51 5.16661e+51 5.16761e+51 5.16761e+51 1.14612e+50 0 1.7848e+49 2.4875e+47 4.64348e+42 0 0 1
3.92419e-05 3.96913e+51 3.96913e+51 3.97029e+51 3.97096e+51 3.97096e+51 8.83179e+49 0 2.06105e+49 2.1543e+47 4.64348e+42 0 0 1
4.53158e-05 3.04254e+51 3.04254e+51 3.04319e+51 3.04364e+51 3.04364e+51 6.78902e+49 0 2.38006e+49 1.86569e+47 4.64348e+42 0 0 1
5.23299e-05 2.32633e+51 2.32633e+51 2.3267e+51 2.32699e+51 2.32699e+51 5.20595e+49 0 2.74844e+49 1.61571e+47 4.64348e+42 0 0 1
6.04296e-05 1.77427e+51 1.77427e+51 1.77448e+51 1.77468e+51 1.77468e+51 3.98227e+49 0 3.17383e+49 1.39921e+47 4.64348e+42 0 0 1
6.97831e-05 1.34992e+51 1.34992e+51 1.35004e+51 1.35016e+51 1.35016e+51 3.03884e+49 0 3.66506e+49 1.2117e+47 4.64348e+42 0 0 1
8.05842e-05 1.02462e+51 1.02462e+51 1.02468e+51 1.02477e+51 1.02477e+51 2.31336e+49 0 4.23232e+49 1.04931e+47 4.64348e+42 0 0 1
9.30572e-05 7.75923e+50 7.75923e+50 7.7596e+50 7.76015e+50 7.76016e+50 1.75695e+49 0 4.88738e+49 9.08684e+46 4.64348e+42 0 0 1
0.000107461 5.86299e+50 5.86299e+50 5.8632e+50 5.86356e+50 5.86356e+50 1.33133e+49 0 5.64381e+49 7.86898e+46 4.64348e+42 0 0 1
0.000124094 4.4209e+50 4.4209e+50 4.42102e+50 4.42125e+50 4.42125e+50 1.00659e+49 0 6.5173e+49 6.81432e+46 4.64348e+42 0 0 1
0.000143301 3.32695e+50 3.32695e+50 3.32701e+50 3.32716e+50 3.32716e+50 7.59462e+48 0 7.52598e+49 5.901e+46 4.64348e+42 0 0 1
0.000165482 2.49908e+50 2.49908e+50 2.49912e+50 2.49922e+50 2.49922e+50 5.71862e+48 0 8.69075e+49 5.11008e+46 4.64348e+42 0 0 1
0.000191095 1.87402e+50 1.87402e+50 1.87404e+50 1.8741e+50 1.8741e+50 4.29796e+48 0 1.00358e+50 4.42516e+46 4.64348e+42 0 0 1
0.000220673 1.4031e+50 1.4031e+50 1.40311e+50 1.40315e+50 1.40315e+50 3.2246e+48 0 1.15889e+50 3.83204e+46 4.64348e+42 0 0 1
0.00025483 1.04903e+50 1.04903e+50 1.04904e+50 1.04907e+50 1.04907e+50 2.41542e+48 0 1.33824e+50 3.31842e+46 4.64348e+42 0 0 1
0.000294273 7.83313e+49 7.83313e+49 7.83316e+49 7.83334e+49 7.83334e+49 1.80665e+48 0 1.54534e+50 2.87364e+46 4.64348e+42 0 0 1
0.000339821 5.8424e+49 5.8424e+49 5.84241e+49 5.84253e+49 5.84253e+49 1.34953e+48 0 1.78449e+50 2.48847e+46 4.64348e+42 0 0 1
0.000392419 4.35328e+49 4.35328e+49 4.35329e+49 4.35337e+49 4.35337e+49 1.00688e+48 0 2.06063e+50 2.15493e+46 4.64348e+42 0 0 1
0.000453158 3.24095e+49 3.24095e+49 3.24095e+49 3.241e+49 3.241e+49 7.50459e+47 0 2.3795e+50 1.86609e+46 4.64348e+42 0 0 1
0.000523299 2.4111e+49 2.4111e+49 2.4111e+49 2.41113e+49 2.41113e+49 5.58838e+47 0 2.74769e+50 1.61597e+46 4.64348e+42 0 0 1
0.000604296 1.79268e+49 1.79268e+49 1.79268e+49 1.7927e+49 1.7927e+49 4.1583e+47 0 3.17283e+50 1.39937e+46 4.64348e+42 0 0 1
0.000697831 1.33226e+49 1.33226e+49 1.33226e+49 1.33228e+49 1.33228e+49 3.09223e+47 0 3.66373e+50 1.21181e+46 4.64348e+42 0 0 1
0.000805842 9.89764e+48 9.89764e+48 9.89764e+48 9.89772e+48 9.89772e+48 2.29833e+47 0 4.23054e+50 1.04938e+46 4.64348e+42 0 0 1
0.000930572 7.35157e+48 7.35157e+48 7.35157e+48 7.35162e+48 7.35162e+48 1.70762e+47 0 4.885e+50 9.08727e+45 4.64348e+42 0 0 1
0.00107461 5.45994e+48 5.45994e+48 5.45994e+48 5.45997e+48 5.45997e+48 1.26842e+47 0 5.64064e+50 7.86925e+45 4.64348e+42 0 0 1
0.00124094 4.05513e+48 4.05513e+48 4.05513e+48 4.05515e+48 4.05515e+48 9.42063e+46 0 6.51308e+50 6.81449e+45 4.64348e+42 0 0 1
0.00143301 3.01217e+48 3.01217e+48 3.01218e+48 3.01219e+48 3.01219e+48 6.99671e+46 0 7.52035e+50 5.90111e+45 4.64348e+42 0 0 1
0.00165482 2.23801e+48 2.23801e+48 2.23801e+48 2.23802e+48 2.23802e+48 5.19703e+46 0 8.68325e+50 5.11015e+45 4.64348e+42 0 0 1
0.00191095 1.66339e+48 1.66339e+48 1.66339e+48 1.6634e+48 1.6634e+48 3.86111e+46 0 1.00258e+51 4.42521e+45 4.64348e+42 0 0 1
0.00220673 1.23687e+48 1.23687e+48 1.23687e+48 1.23687e+48 1.23687e+48 2.86954e+46 0 1.15756e+51 3.83207e+45 4.64348e+42 0 0 1
0.0025483 9.2022e+47 9.2022e+47 9.2022e+47 9.20222e+47 9.20222e+47 2.13355e+46 0 1.33646e+51 3.31844e+45 4.64348e+42 0 0 1
0.00294273 6.85075e+47 6.85075e+47 6.85075e+47 6.85076e+47 6.85076e+47 1.58718e+46 0 1.54297e+51 2.87365e+45 4.64348e+42 0 0 1
0.00339821 5.1039e+47 5.1039e+47 5.1039e+47 5.10391e+47 5.10391e+47 1.18147e+46 0 1.78132e+51 2.48848e+45 4.64348e+42 0 0 1
0.00392419 3.80558e+47 3.80558e+47 3.80558e+47 3.80559e+47 3.80559e+47 8.80108e+45 0 2.05641e+51 2.15493e+45 4.64348e+42 0 0 1
0.00453158 2.8401e+47 2.8401e+47 2.8401e+47 2.8401e+47 2.8401e+47 6.56151e+45 0 2.37387e+51 1.86609e+45 4.64348e+42 0 0 1
0.00523299 2.12165e+47 2.12165e+47 2.12165e+47 2.12166e+47 2.12166e+47 4.89627e+45 0 2.74018e+51 1.61597e+45 4.64348e+42 0 0 1
0.00604296 1.58665e+47 1.58665e+47 1.58665e+47 1.58665e+47 1.58665e+47 3.65727e+45 0 3.16283e+51 1.39937e+45 4.64348e+42 0 0 1
0.00697831 1.18793e+47 1.18793e+47 1.18793e+47 1.18793e+47 1.18793e+47 2.73474e+45 0 3.65039e+51 1.21181e+45 4.64348e+42 0 0 1
0.00805842 8.90511e+46 8.90511e+46 8.90511e+46 8.90511e+46 8.90511e+46 2.0473e+45 0 4.21276e+51 1.04938e+45 4.64348e+42 0 0 1
0.00930572 6.68443e+46 6.68443e+46 6.68443e+46 6.68444e+46 6.68444e+46 1.53457e+45 0 4.8613e+51 9.08727e+44 4.64348e+42 0 0 1
0.0107461 5.02463e+46 5.02463e+46 5.02463e+46 5.02463e+46 5.02463e+46 1.1518e+45 0 5.60904e+51 7.86925e+44 4.64348e+42 0 0 1
0.0124094 3.78265e+46 3.78265e+46 3.78265e+46 3.78265e+46 3.78265e+46 8.65732e+44 0 6.47096e+51 6.81449e+44 4.64348e+42 0 0 1
0.0143301 2.85218e+46 2.85218e+46 2.85218e+46 2.85219e+46 2.85219e+46 6.51699e+44 0 7.4642e+51 5.90111e+44 4.64348e+42 0 0 1
0.0165482 2.15421e+46 2.15421e+46 2.15421e+46 2.15421e+46 2.15421e+46 4.91367e+44 0 8.6084e+51 5.11015e+44 4.64348e+42 0 0 1
0.0191095 1.62993e+46 1.62993e+46 1.62993e+46 1.62993e+46 1.62993e+46 3.71108e+44 0 9.92601e+51 4.42521e+44 4.64348e+42 0 0 1
0.0220673 1.23553e+46 1.23553e+46 1.23553e+46 1.23553e+46 1.23553e+46 2.8078e+44 0 1.14426e+52 3.83207e+44 4.64348e+42 0 0 1
0.025483 9.38392e+45 9.38392e+45 9.38392e+45 9.38392e+45 9.38392e+45 2.12836e+44 0 1.31875e+52 3.31844e+44 4.64348e+42 0 0 1
0.0294273 7.14162e+45 7.14162e+45 7.14162e+45 7.14162e+45 7.14162e+45 1.61649e+44 0 1.51937e+52 2.87365e+44 4.64348e+42 0 0 1
0.0339821 5.44661e+45 5.44661e+45 5.44661e+45 5.44661e+45 5.44661e+45 1.23024e+44 0 1.74988e+52 2.48848e+44 4.64348e+42 0 0 1
0.0392419 4.163e+45 4.163e+45 4.163e+45 4.163e+45 4.163e+45 9.38268e+43 0 2.01453e+52 2.15493e+44 4.64348e+42 0 0 1
0.0453158 3.1891e+45 3.1891e+45 3.1891e+45 3.18911e+45 3.18911e+45 7.17168e+43 0 2.31809e+52 1.86609e+44 4.64348e+42 0 0 1
0.0523299 2.44874e+45 2.44874e+45 2.44874e+45 2.44874e+45 2.44874e+45 5.49416e+43 0 2.66591e+52 1.61597e+44 4.64348e+42 0 0 1
0.0604296 1.88474e+45 1.88474e+45 1.88474e+45 1.88474e+45 1.88474e+45 4.21888e+43 0 3.06396e+52 1.39937e+44 4.64348e+42 0 0 1
0.0697831 1.45418e+45 1.45418e+45 1.45418e+45 1.45418e+45 1.45418e+45 3.24738e+43 0 3.51881e+52 1.21181e+44 4.64348e+42 0 0 1
0.0805842 1.12476e+45 1.12476e+45 1.12476e+45 1.12476e+45 1.12476e+45 2.50571e+43 0 4.03771e+52 1.04938e+44 4.64348e+42 0 0 1
0.0930572 8.72148e+44 8.72148e+44 8.72148e+44 8.72148e+44 8.72148e+44 1.93823e+43 0 4.62848e+52 9.08726e+43 4.64348e+42 0 0 1
0.107461 6.77977e+44 6.77977e+44 6.77977e+44 6.77977e+44 6.77977e+44 1.50305e+43 0 5.29955e+52 7.86924e+43 4.64348e+42 0 0 1
0.124094 5.28367e+44 5.28367e+44 5.28367e+44 5.28367e+44 5.28367e+44 1.16853e+43 0 6.05974e+52 6.81448e+43 4.64348e+42 0 0 1
0.143301 4.12809e+44 4.12809e+44 4.12809e+44 4.12809e+44 4.12809e+44 9.10768e+42 0 6.91813e+52 5.9011e+43 4.64348e+42 0 0 1
0.165482 3.23329e+44 3.23329e+44 3.23329e+44 3.23329e+44 3.23329e+44 7.11664e+42 0 7.88375e+52 5.11014e+43 4.64348e+42 0 0 1
0.191095 2.53867e+44 2.53867e+44 2.53867e+44 2.53867e+44 2.53867e+44 5.57487e+42 0 8.96512e+52 4.42519e+43 4.64348e+42 0 0 1
0.220673 1.99808e+44 1.99808e+44 1.99808e+44 1.99808e+44 1.99808e+44 4.378e+42 0 1.01697e+53 3.83206e+43 4.64348e+42 0 0 1
0.25483 1.5763e+44 1.5763e+44 1.5763e+44 1.5763e+44 1.5763e+44 3.44655e+42 0 1.15028e+53 3.31842e+43 4.64348e+42 0 0 1
0.294273 1.24638e+44 1.24638e+44 1.24638e+44 1.24638e+44 1.24638e+44 2.71985e+42 0 1.29669e+53 2.87364e+43 4.64348e+42 0 0 1
0.339821 9.8767e+43 9.8767e+43 9.8767e+43 9.8767e+43 9.8767e+43 2.1515e+42 0 1.45599e+53 2.48846e+43 4.64348e+42 0 0 1
0.392419 7.84311e+43 7.84311e+43 7.84311e+43 7.84311e+43 7.84311e+43 1.70591e+42 0 1.6273e+53 2.15492e+43 4.64348e+42 0 0 1
0.453158 6.24082e+43 6.24082e+43 6.24082e+43 6.24082e+43 6.24082e+43 1.35577e+42 0 1.80891e+53 1.86608e+43 4.64348e+42 0 0 1
0.523299 4.97547e+43 4.97547e+43 4.97547e+43 4.97547e+43 4.97547e+43 1.08001e+42 0 1.99793e+53 1.61596e+43 4.64348e+42 0 0 1
0.604296 3.97408e+43 3.97408e+43 3.97408e+43 3.97408e+43 3.97408e+43 8.62373e+41 0 2.19009e+53 1.39936e+43 4.64348e+42 0 0 1
0.697831 3.17996e+43 3.17996e+43 3.17996e+43 3.17996e+43 3.17996e+43 6.90269e+41 0 2.37931e+53 1.21179e+43 4.64348e+42 0 0 1
0.805842 2.54903e+43 2.54903e+43 2.54903e+43 2.54903e+43 2.54903e+43 5.5392e+41 0 2.55756e+53 1.04937e+43 4.64348e+42 0 0 1
0.930572 2.04688e+43 2.04688e+43 2.04688e+43 2.04688e+43 2.04688e+43 4.4571e+41 0 2.7146e+53 9.08715e+42 4.64348e+42 0 0 1
1.07461 1.64656e+43 1.64656e+43 1.64656e+43 1.64656e+43 1.64656e+43 3.59685e+41 0 2.83809e+53 7.86913e+42 4.64348e+42 0 0 1
1.24094 1.32692e+43 1.32692e+43 1.32692e+43 1.32692e+43 1.32692e+43 2.91176e+41 0 2.91407e+53 6.81437e+42 4.64348e+42 0 0 1
1.43301 1.07128e+43 1.07128e+43 1.07128e+43 1.07128e+43 1.07128e+43 2.36503e+41 0 2.92793e+53 5.90098e+42 4.64348e+42 0 0 1
1.65482 8.66464e+42 8.66464e+42 8.66464e+42 8.66464e+42 8.66464e+42 1.92758e+41 0 2.86624e+53 5.11002e+42 4.64348e+42 0 0 1
1.91095 7.02019e+42 7.02019e+42 7.02019e+42 7.02019e+42 7.02019e+42 1.57635e+41 0 2.71932e+53 4.42508e+42 4.64348e+42 0 0 1
2.20673 5.69643e+42 5.69643e+42 5.69643e+42 5.69643e+42 5.69643e+42 1.29303e+41 0 2.48454e+53 3.83194e+42 4.64348e+42 0 0 1
2.5483 4.62742e+42 4.62742e+42 4.62742e+42 4.62742e+42 4.62742e+42 1.0631e+41 0 2.16955e+53 3.31831e+42 4.64348e+42 0 0 1
2.94273 3.76086e+42 3.76086e+42 3.76086e+42 3.76086e+42 3.76086e+42 8.75116e+40 0 1.79444e+53 2.87352e+42 4.64348e+42 0 0 1
3.39821 3.05556e+42 3.05556e+42 3.05556e+42 3.05556e+42 3.05556e+42 7.20217e+40 0 1.3911e+53 2.48835e+42 4.64348e+42 0 0 1
3.92419 2.47932e+42 2.47932e+42 2.47932e+42 2.47932e+42 2.47932e+42 5.91634e+40 0 9.98553e+52 2.15481e+42 4.64348e+42 0 0 1
4.53158 2.00719e+42 2.00719e+42 2.00719e+42 2.00719e+42 2.00719e+42 4.84315e+40 0 6.54528e+52 1.86597e+42 4.64348e+42 0 0 1
5.23299 1.6199e+42 1.6199e+42 1.6199e+42 1.6199e+42 1.6199e+42 3.94528e+40 0 3.85631e+52 1.61584e+42 4.64348e+42 0 0 1
6.04296 1.30242e+42 1.30242e+42 1.30242e+42 1.30242e+42 1.30242e+42 3.19491e+40 0 2.0061e+52 1.39925e+42 4.64348e+42 0 0 1
6.97831 1.04287e+42 1.04287e+42 1.04287e+42 1.04287e+42 1.04287e+42 2.57047e+40 0 9.03033e+51 1.21168e+42 4.64348e+42 0 0 1
8.05842 8.31547e+41 8.31547e+41 8.31547e+41 8.31547e+41 8.31547e+41 2.05431e+40 0 3.43761e+51 1.04926e+42 4.64348e+42 0 0 1
9.30572 6.60426e+41 6.60426e+41 6.60426e+41 6.60426e+41 6.60426e+41 1.63125e+40 0 1.078e+51 9.08601e+41 4.64348e+42 0 0 1
10.7461 5.2273e+41 5.2273e+41 5.2273e+41 5.2273e+41 5.2273e+41 1.28793e+40 0 2.70212e+50 7.86799e+41 4.64348e+42 0 0 1
12.4094 4.12714e+41 4.12714e+41 4.12714e+41 4.12714e+41 4.12714e+41 1.01241e+40 0 5.22924e+49 6.81323e+41 4.64348e+42 0 0 1
14.3301 3.25462e+41 3.25462e+41 3.25462e+41 3.25462e+41 3.25462e+41 7.93929e+39 0 7.5063e+48 5.89984e+41 4.64348e+42 0 0 1
16.5482 2.56734e+41 2.56734e+41 2.56734e+41 2.56734e+41 2.56734e+41 6.22632e+39 0 7.63102e+47 5.10888e+41 4.64348e+42 0 0 1
19.1095 2.02875e+41 2.02875e+41 2.02875e+41 2.02875e+41 2.02875e+41 4.89548e+39 0 5.20856e+46 4.42394e+41 4.64348e+42 0 0 1
22.0673 1.60769e+41 1.60769e+41 1.60769e+41 1.60769e+41 1.60769e+41 3.86659e+39 0 2.24414e+45 3.83081e+41 4.64348e+42 0 0 1
25.483 1.27823e+41 1.27823e+41 1.27823e+41 1.27823e+41 1.27823e+41 3.07088e+39 0 5.68399e+43 3.31717e+41 4.64348e+42 0 0 1
29.4273 1.01954e+41 1.01954e+41 1.01954e+41 1.01954e+41 1.01954e+41 2.45228e+39 0 7.79499e+41 2.87238e+41 4.64348e+42 0 0 1
33.9821 8.15413e+40 8.15413e+40 8.15413e+40 8.15413e+40 8.15413e+40 1.9674e+39 0 5.26377e+39 2.48721e+41 4.64348e+42 0 0 1
39.2419 6.53558e+40 6.53558e+40 6.53558e+40 6.53558e+40 6.53558e+40 1.584e+39 0 1.56846e+37 2.15367e+41 4.64348e+42 0 0 1
45.3158 5.24711e+40 5.24711e+40 5.24711e+40 5.24711e+40 5.24711e+40 1.27858e+39 0 1.81698e+34 1.86483e+41 4.64348e+42 0 0 1
52.3299 4.21846e+40 4.21846e+40 4.21846e+40 4.21846e+40 4.21846e+40 1.03398e+39 0 7.06999e+30 1.61471e+41 4.64348e+42 0 0 1
60.4296 3.39558e+40 3.39558e+40 3.39558e+40 3.39558e+40 3.39558e+40 8.37369e+38 0 7.80449e+26 1.39811e+41 4.64348e+42 0 0 1
69.7831 2.73628e+40 2.73628e+40 2.73628e+40 2.73628e+40 2.73628e+40 6.78941e+38 0 2.01113e+22 1.21054e+41 4.64348e+42 0 0 1
80.5842 2.20733e+40 2.20733e+40 2.20733e+40 2.20733e+40 2.20733e+40 5.51048e+38 0 9.65841e+16 1.04812e+41 4.64348e+42 0 0 1
93.0572 1.78244e+40 1.78244e+40 1.78244e+40 1.78244e+40 1.78244e+40 4.47651e+38 0 6.66518e+10 9.07462e+40 4.64348e+42 0 0 1
107.461 1.44071e+40 1.44071e+40 1.44071e+40 1.44071e+40 1.44071e+40 3.63949e+38 0 4894.9 7.8566e+40 4.64348e+42 0 0 1
124.094 1.16555e+40 1.16555e+40 1.16555e+40 1.16555e+40 1.16555e+40 2.96109e+38 0 2.7046e-05 6.80184e+40 4.64348e+42 0 0 1
143.301 9.4374e+39 9.4374e+39 9.4374e+39 9.4374e+39 9.4374e+39 2.41064e+38 0 7.5332e-15 5.88846e+40 4.64348e+42 0 0 1
165.482 7.6473e+39 7.6473e+39 7.6473e+39 7.6473e+39 7.6473e+39 1.96356e+38 0 6.66112e-26 5.0975e+40 4.64348e+42 0 0 1
191.095 6.20109e+39 6.20109e+39 6.20109e+39 6.20109e+39 6.20109e+39 1.60009e+38 0 1.09622e-38 4.41256e+40 4.64348e+42 0 0 1
220.673 5.03154e+39 5.03154e+39 5.03154e+39 5.03154e+39 5.03154e+39 1.30435e+38 0 1.81225e-53 3.81943e+40 4.64348e+42 0 0 1
254.83 4.08481e+39 4.08481e+39 4.08481e+39 4.08481e+39 4.08481e+39 1.06353e+38 0 1.47657e-70 3.3058e+40 4.64348e+42 0 0 1
294.273 3.31777e+39 3.31777e+39 3.31777e+39 3.31777e+39 3.31777e+39 8.67308e+37 0 2.60543e-90 2.86101e+40 4.64348e+42 0 0 1
339.821 2.6958e+39 2.6958e+39 2.6958e+39 2.6958e+39 2.6958e+39 7.07333e+37 0 3.85203e-113 2.47585e+40 4.64348e+42 0 0 1
392.419 2.19109e+39 2.19109e+39 2.19109e+39 2.19109e+39 2.19109e+39 5.76848e+37 0 1.59386e-139 2.14231e+40 4.64348e+42 0 0 1
453.158 1.78126e+39 1.78126e+39 1.78126e+39 1.78126e+39 1.78126e+39 4.7038e+37 0 5.20252e-170 1.85347e+40 4.64348e+42 0 0 1
523.299 1.44827e+39 1.44827e+39 1.44827e+39 1.44827e+39 1.44827e+39 3.83485e+37 0 3.10391e-205 1.60336e+40 4.64348e+42 0 0 1
604.296 1.17756e+39 1.17756e+39 1.17757e+39 1.17757e+39 1.17757e+39 3.12555e+37 0 6.25415e-246 1.38677e+40 4.64348e+42 0 0 1
697.831 9.5741e+38 9.5741e+38 9.5741e+38 9.5741e+38 9.5741e+38 2.54653e+37 0 0 1.19921e+40 4.64348e+42 0 0 1
805.842 7.78301e+38 7.78301e+38 7.78301e+38 7.78301e+38 7.78301e+38 2.07388e+37 0 0 1.03679e+40 4.64348e+42 0 0 1
930.572 6.32549e+38 6.32549e+38 6.3255e+38 6.3255e+38 6.3255e+38 1.68812e+37 0 0 8.96151e+39 4.64348e+42 0 0 1
1074.61 5.13925e+38 5.13925e+38 5.13926e+38 5.13926e+38 5.13926e+38 1.37335e+37 0 0 7.74363e+39 4.64348e+42 0 0 1
1240.94 4.17376e+38 4.17376e+38 4.17376e+38 4.17376e+38 4.17376e+38 1.11656e+37 0 0 6.68903e+39 4.64348e+42 0 0 1
1433.01 3.38797e+38 3.38797e+38 3.38797e+38 3.38797e+38 3.38797e+38 9.07145e+36 0 0 5.77582e+39 4.64348e+42 0 0 1
1654.82 2.74854e+38 2.74854e+38 2.74854e+38 2.74854e+38 2.74854e+38 7.36428e+36 0 0 4.98507e+39 4.64348e+42 0 0 1
1910.95 2.22833e+38 2.22833e+38 2.22833e+38 2.22833e+38 2.22833e+38 5.97311e+36 0 0 4.30036e+39 4.64348e+42 0 0 1
2206.73 1.80525e+38 1.80525e+38 1.80525e+38 1.80525e+38 1.80525e+38 4.83996e+36 0 0 3.7075e+39 4.64348e+42 0 0 1
2548.3 1.4613e+38 1.4613e+38 1.4613e+38 1.4613e+38 1.4613e+38 3.91742e+36 0 0 3.19419e+39 4.64348e+42 0 0 1
2942.73 1.1818e+38 1.1818e+38 1.1818e+38 1.1818e+38 1.1818e+38 3.16681e+36 0 0 2.74976e+39 4.64348e+42 0 0 1
3398.21 9.54792e+37 9.54792e+37 9.54794e+37 9.54794e+37 9.54794e+37 2.5565e+36 0 0 2.36501e+39 4.64348e+42 0 0 1
3924.19 7.70515e+37 7.70515e+37 7.70516e+37 7.70516e+37 7.70516e+37 2.06069e+36 0 0 2.03194e+39 4.64348e+42 0 0 1
4531.58 6.21019e+37 6.21019e+37 6.21021e+37 6.21021e+37 6.21021e+37 1.65831e+36 0 0 1.74366e+39 4.64348e+42 0 0 1
5232.99 4.99827e+37 4.99827e+37 4.99828e+37 4.99828e+37 4.99828e+37 1.33215e+36 0 0 1.49417e+39 4.64348e+42 0 0 1
6042.96 4.0166e+37 4.0166e+37 4.01662e+37 4.01662e+37 4.01662e+37 1.06814e+36 0 0 1.2783e+39 4.64348e+42 0 0 1
6978.31 3.22222e+37 3.22222e+37 3.22223e+37 3.22223e+37 3.22223e+37 8.54791e+35 0 0 1.09156e+39 4.64348e+42 0 0 1
8058.42 2.58013e+37 2.58013e+37 2.58014e+37 2.58014e+37 2.58014e+37 6.82679e+35 0 0 9.30088e+38 4.64348e+42 0 0 1
9305.72 2.06184e+37 2.06184e+37 2.06185e+37 2.06185e+37 2.06185e+37 5.441e+35 0 0 7.90518e+38 4.64348e+42 0 0 1
10746.1 1.64413e+37 1.64413e+37 1.64414e+37 1.64414e+37 1.64414e+37 4.32749e+35 0 0 6.69953e+38 4.64348e+42 0 0 1
12409.4 1.30809e+37 1.30809e+37 1.3081e+37 1.3081e+37 1.3081e+37 3.43463e+35 0 0 5.65883e+38 4.64348e+42 0 0 1
14330.1 1.03828e+37 1.03828e+37 1.03829e+37 1.03829e+37 1.03829e+37 2.72023e+35 0 0 4.7614e+38 4.64348e+42 0 0 1
16548.2 8.2212e+36 8.2212e+36 8.22126e+36 8.22126e+36 8.22126e+36 2.14985e+35 0 0 3.9885e+38 4.64348e+42 0 0 1
19109.5 6.49348e+36 6.49348e+36 6.49354e+36 6.49354e+36 6.49354e+36 1.69544e+35 0 0 3.32393e+38 4.64348e+42 0 0 1
22067.3 5.11593e+36 5.11593e+36 5.11598e+36 5.11598e+36 5.11598e+36 1.3342e+35 0 0 2.75369e+38 4.64348e+42 0 0 1
25483 4.02036e+36 4.02036e+36 4.0204e+36 4.0204e+36 4.0204e+36 1.04764e+35 0 0 2.26569e+38 4.64348e+42 0 0 1
29427.3 3.15131e+36 3.15131e+36 3.15135e+36 3.15135e+36 3.15135e+36 8.20797e+34 0 0 1.84948e+38 4.64348e+42 0 0 1
33982.1 2.46375e+36 2.46375e+36 2.46379e+36 2.46379e+36 2.46379e+36 6.41614e+34 0 0 1.49598e+38 4.64348e+42 0 0 1
39241.9 1.92122e+36 1.92122e+36 1.92125e+36 1.92125e+36 1.92125e+36 5.00384e+34 0 0 1.19734e+38 4.64348e+42 0 0 1
45315.8 1.49426e+36 1.49426e+36 1.49428e+36 1.49428e+36 1.49428e+36 3.89312e+34 0 0 9.4671e+37 4.64348e+42 0 0 1
52329.9 1.15913e+36 1.15913e+36 1.15915e+36 1.15915e+36 1.15915e+36 3.02155e+34 0 0 7.38075e+37 4.64348e+42 0 0 1
60429.6 8.96788e+35 8.96788e+35 8.96807e+35 8.96807e+35 8.96807e+35 2.33925e+34 0 0 5.66141e+37 4.64348e+42 0 0 1
69783.1 6.91969e+35 6.91969e+35 6.91985e+35 6.91985e+35 6.91985e+35 1.80639e+34 0 0 4.26182e+37 4.64348e+42 0 0 1
80584.2 5.32494e+35 5.32494e+35 5.32508e+35 5.32508e+35 5.32508e+35 1.39128e+34 0 0 3.13942e+37 4.64348e+42 0 0 1
93057.2 4.08665e+35 4.08665e+35 4.08676e+35 4.08676e+35 4.08676e+35 1.06873e+34 0 0 2.25545e+37 4.64348e+42 0 0 1
107461 3.12781e+35 3.12781e+35 3.1279e+35 3.1279e+35 3.1279e+35 8.1877e+33 0 0 1.5742e+37 4.64348e+42 0 0 1
124094 2.38745e+35 2.38745e+35 2.38753e+35 2.38753e+35 2.38753e+35 6.25592e+33 0 0 1.06265e+37 4.64348e+42 0 0 1
143301 1.81744e+35 1.81744e+35 1.8175e+35 1.8175e+35 1.8175e+35 4.76716e+33 0 0 6.90203e+36 4.64348e+42 0 0 1
165482 1.37985e+35 1.37985e+35 1.3799e+35 1.3799e+35 1.3799e+35 3.62309e+33 0 0 4.28775e+36 4.64348e+42 0 0 1
191095 1.0449e+35 1.0449e+35 1.04494e+35 1.04494e+35 1.04494e+35 2.74643e+33 0 0 2.53021e+36 4.64348e+42 0 0 1
220673 7.89258e+34 7.89258e+34 7.89287e+34 7.89287e+34 7.89287e+34 2.07664e+33 0 0 1.40702e+36 4.64348e+42 0 0 1
254830 5.94712e+34 5.94712e+34 5.94735e+34 5.94735e+34 5.94735e+34 1.56636e+33 0 0 7.30587e+35 4.64348e+42 0 0 1
294273 4.4708e+34 4.4708e+34 4.47098e+34 4.47098e+34 4.47098e+34 1.17872e+33 0 0 3.50479e+35 4.64348e+42 0 0 1
339821 3.35359e+34 3.35359e+34 3.35372e+34 3.35372e+34 3.35372e+34 8.85041e+32 0 0 1.53444e+35 4.64348e+42 0 0 1
392419 2.51037e+34 2.51037e+34 2.51047e+34 2.51047e+34 2.51047e+34 6.63151e+32 0 0 6.04489e+34 4.64348e+42 0 0 1
453158 1.87556e+34 1.87556e+34 1.87564e+34 1.87564e+34 1.87564e+34 4.95925e+32 0 0 2.10806e+34 4.64348e+42 0 0 1
523299 1.3988e+34 1.3988e+34 1.39886e+34 1.39886e+34 1.39886e+34 3.70199e+32 2.48414e+30 0 6.38613e+33 4.64348e+42 0 0 1
604296 1.04153e+34 1.04153e+34 1.04157e+34 1.04157e+34 1.04157e+34 2.75888e+32 2.49487e+30 0 1.64433e+33 4.64348e+42 0 0 1
697831 7.74358e+33 7.74358e+33 7.74389e+33 7.74389e+33 7.74389e+33 2.05291e+32 2.50559e+30 0 3.50923e+32 4.64348e+42 0 0 1
805842 5.74947e+33 5.74947e+33 5.7497e+33 5.7497e+33 5.7497e+33 1.52547e+32 2.51632e+30 0 6.02951e+31 4.64348e+42 0 0 1
930572 4.26374e+33 4.26374e+33 4.2639e+33 4.2639e+33 4.2639e+33 1.13213e+32 2.52704e+30 0 8.06547e+30 4.64348e+42 0 0 1
1.07461e+06 3.15855e+33 3.15855e+33 3.15867e+33 3.15867e+33 3.15867e+33 8.39279e+31 2.53938e+30 0 8.08027e+29 4.64348e+42 0 0 1
1.24094e+06 2.33764e+33 2.33764e+33 2.33773e+33 2.33773e+33 2.33773e+33 6.21569e+31 2.54275e+30 0 5.79745e+28 4.64348e+42 0 0 1
1.43301e+06 1.7287e+33 1.7287e+33 1.72876e+33 1.72876e+33 1.72876e+33 4.59942e+31 2.54706e+30 0 2.82893e+27 4.64348e+42 0 0 1
1.65482e+06 1.27753e+33 1.27753e+33 1.27757e+33 1.27757e+33 1.27757e+33 3.401e+31 2.55262e+30 0 8.84435e+25 4.64348e+42 0 0 1
1.91095e+06 9.436e+32 9.436e+32 9.43631e+32 9.43631e+32 9.43631e+32 2.51336e+31 2.56033e+30 0 1.65365e+24 4.64348e+42 0 0 1
2.20673e+06 6.96669e+32 6.96669e+32 6.96691e+32 6.96691e+32 6.96691e+32 1.85655e+31 2.57033e+30 0 1.70765e+22 4.64348e+42 0 0 1
2.5483e+06 5.14213e+32 5.14213e+32 5.14228e+32 5.14228e+32 5.14228e+32 1.37094e+31 2.58347e+30 0 8.88428e+19 4.64348e+42 0 0 1
2.94273e+06 3.79483e+32 3.79483e+32 3.79493e+32 3.79493e+32 3.79493e+32 1.01216e+31 2.60072e+30 0 2.09427e+17 4.64348e+42 0 0 1
3.39821e+06 2.80045e+32 2.80045e+32 2.80052e+32 2.80052e+32 2.80052e+32 7.47236e+30 2.62479e+30 0 1.97885e+14 4.64348e+42 0 0 1
3.92419e+06 2.06682e+32 2.06682e+32 2.06687e+32 2.06687e+32 2.06687e+32 5.51702e+30 2.65602e+30 0 6.50594e+10 4.64348e+42 0 0 1
4.53158e+06 1.5257e+32 1.5257e+32 1.52573e+32 1.52573e+32 1.52573e+32 4.07435e+30 2.69629e+30 0 6.32061e+06 4.64348e+42 0 0 1
5.23299e+06 1.12661e+32 1.12661e+32 1.12664e+32 1.12664e+32 1.12664e+32 3.01021e+30 2.74721e+30 0 150.249 4.64348e+42 0 0 1
6.04296e+06 8.32285e+31 8.32285e+31 8.32302e+31 8.32302e+31 8.32302e+31 2.2255e+30 2.81473e+30 0 0.000702803 4.64348e+42 0 0 1
6.97831e+06 6.15193e+31 6.15193e+31 6.15205e+31 6.15205e+31 6.15205e+31 1.64697e+30 2.89434e+30 0 5.02973e-10 4.64348e+42 0 0 1
8.05842e+06 4.55041e+31 4.55041e+31 4.55049e+31 4.55049e+31 4.55049e+31 1.22064e+30 2.98839e+30 0 4.1186e-17 4.64348e+42 0 0 1
9.30572e+06 3.3687e+31 3.3687e+31 3.36875e+31 3.36875e+31 3.36875e+31 9.06724e+29 3.09495e+30 0 2.7588e-25 4.64348e+42 0 0 1
1.07461e+07 2.49659e+31 2.49659e+31 2.49663e+31 2.49663e+31 2.49663e+31 6.7603e+29 3.22261e+30 0 1.02606e-34 4.64348e+42 0 0 1
1.24094e+07 1.85281e+31 1.85281e+31 1.85283e+31 1.85283e+31 1.85283e+31 5.0679e+29 3.34805e+30 0 1.35448e-45 4.64348e+42 0 0 1
1.43301e+07 1.3775e+31 1.3775e+31 1.37752e+31 1.37752e+31 1.37752e+31 3.83096e+29 3.47058e+30 0 3.7854e-58 4.64348e+42 0 0 1
1.65482e+07 1.02659e+31 1.02659e+31 1.0266e+31 1.0266e+31 1.0266e+31 2.93201e+29 3.58435e+30 0 1.23323e-72 4.64348e+42 0 0 1
1.91095e+07 7.6764e+30 7.6764e+30 7.67649e+30 7.67649e+30 7.67649e+30 2.2861e+29 3.68242e+30 0 2.35133e-89 4.64348e+42 0 0 1
2.20673e+07 5.76491e+30 5.76491e+30 5.76498e+30 5.76498e+30 5.76498e+30 1.82424e+29 3.76702e+30 0 1.18398e-108 4.64348e+42 0 0 1
2.5483e+07 4.35527e+30 4.35527e+30 4.35532e+30 4.35532e+30 4.35532e+30 1.50025e+29 3.82638e+30 0 6.28157e-131 4.64348e+42 0 0 1
2.94273e+07 3.31527e+30 3.31527e+30 3.31531e+30 3.31531e+30 3.31531e+30 1.27471e+29 3.82713e+30 0 1.21522e-156 4.64348e+42 0 0 1
3.39821e+07 2.54825e+30 2.54825e+30 2.54828e+30 2.54828e+30 2.54828e+30 1.12064e+29 3.75877e+30 0 2.51736e-186 4.64348e+42 0 0 1
3.92419e+07 1.98033e+30 1.98033e+30 1.98035e+30 1.98035e+30 1.98035e+30 1.01225e+29 3.61946e+30 0 1.35645e-220 4.64348e+42 0 0 1
4.53158e+07 1.55995e+30 1.55995e+30 1.55996e+30 1.55996e+30 1.55996e+30 9.37529e+28 3.43371e+30 0 3.71007e-260 4.64348e+42 0 0 1
5.23299e+07 1.24724e+30 1.24724e+30 1.24725e+30 1.24725e+30 1.24725e+30 8.83586e+28 3.21954e+30 0 0 4.64348e+42 0 0 1
6.04296e+07 1.01129e+30 1.01129e+30 1.0113e+30 1.0113e+30 1.0113e+30 8.37524e+28 2.95585e+30 0 0 4.64348e+42 0 0 1
6.97831e+07 8.30223e+29 8.30223e+29 8.3023e+29 8.3023e+29 8.3023e+29 7.9219e+28 2.64852e+30 0 0 4.64348e+42 0 0 1
8.05842e+07 6.88883e+29 6.88883e+29 6.88889e+29 6.88889e+29 6.88889e+29 7.44749e+28 2.30267e+30 0 0 4.64348e+42 0 0 1
9.30572e+07 5.75761e+29 5.75761e+29 5.75766e+29 5.75766e+29 5.75766e+29 6.92475e+28 1.93039e+30 0 0 4.64348e+42 0 0 1
1.07461e+08 4.82205e+29 4.82205e+29 4.82209e+29 4.82209e+29 4.82209e+29 6.33097e+28 1.55279e+30 0 0 4.64348e+42 4.754 0 1
1.24094e+08 4.05005e+29 4.05005e+29 4.05009e+29 4.05009e+29 4.05009e+29 5.72461e+28 1.2291e+30 0 0 4.64348e+42 4.17647 0 1
1.43301e+08 3.39245e+29 3.39245e+29 3.39248e+29 3.39248e+29 3.39248e+29 5.09003e+28 9.55642e+29 0 0 4.64348e+42 3.6691 0 1
1.65482e+08 2.82094e+29 2.82094e+29 2.82097e+29 2.82097e+29 2.82097e+29 4.43505e+28 7.31207e+29 0 0 4.64348e+42 3.22337 0 1
1.91095e+08 2.30579e+29 2.30579e+29 2.30581e+29 2.30581e+29 2.30581e+29 3.74537e+28 5.45161e+29 0 0 4.64348e+42 2.83178 0 1
2.20673e+08 1.87263e+29 1.87263e+29 1.87265e+29 1.87265e+29 1.87265e+29 3.12213e+28 4.0858e+29 0 0 4.64348e+42 2.48777 0 1
2.5483e+08 1.50328e+29 1.50328e+29 1.50329e+29 1.50329e+29 1.50329e+29 2.5537e+28 3.0277e+29 0 0 4.64348e+42 2.18554 0 1
2.94273e+08 1.19146e+29 1.19146e+29 1.19147e+29 1.19147e+29 1.19147e+29 2.04865e+28 2.21885e+29 0 0 4.64348e+42 1.92004 0 1
3.39821e+08 9.24929e+28 9.24929e+28 9.24937e+28 9.24937e+28 9.24937e+28 1.59581e+28 1.59723e+29 0 0 4.64348e+42 1.7612 0 1
3.92419e+08 7.16839e+28 7.16839e+28 7.16846e+28 7.16846e+28 7.16846e+28 1.23908e+28 1.16855e+29 0 0 4.64348e+42 1.68678 0 1
4.53158e+08 5.50056e+28 5.50056e+28 5.50062e+28 5.50062e+28 5.50062e+28 9.4829e+27 8.50989e+28 0 0 4.64348e+42 1.61551 0 1
5.23299e+08 4.17336e+28 4.17336e+28 4.1734e+28 4.1734e+28 4.1734e+28 7.13971e+27 6.17152e+28 0 0 4.64348e+42 1.54725 0 1
6.04296e+08 3.14032e+28 3.14032e+28 3.14035e+28 3.14035e+28 3.14035e+28 5.30851e+27 4.42848e+28 0 0 4.64348e+42 1.48187 0 1
6.97831e+08 2.38654e+28 2.38654e+28 2.38656e+28 2.38656e+28 2.38656e+28 3.99641e+27 3.24333e+28 0 0 4.64348e+42 1.41925 0 1
8.05842e+08 1.80808e+28 1.80808e+28 1.8081e+28 1.8081e+28 1.8081e+28 2.99209e+27 2.37139e+28 0 0 4.64348e+42 1.35928 0 1
9.30572e+08 1.36474e+28 1.36474e+28 1.36475e+28 1.36475e+28 1.36475e+28 2.22539e+27 1.72971e+28 0 0 4.64348e+42 1.30185 0 1
1.07461e+09 1.02249e+28 1.02249e+28 1.0225e+28 1.0225e+28 1.0225e+28 1.63482e+27 1.24381e+28 0 0 4.64348e+42 1.30654 0 1
1.24094e+09 7.78258e+27 7.78258e+27 7.78266e+27 7.78266e+27 7.78266e+27 1.227e+27 9.1513e+27 0 0 4.64348e+42 1.37403 0 1
1.43301e+09 5.9351e+27 5.9351e+27 5.93516e+27 5.93516e+27 5.93516e+27 9.22395e+26 6.715e+27 0 0 4.64348e+42 1.44501 0 1
1.65482e+09 4.52131e+27 4.52131e+27 4.52136e+27 4.52136e+27 4.52136e+27 6.91448e+26 4.91245e+27 0 0 4.64348e+42 1.51966 0 1
1.91095e+09 3.42185e+27 3.42185e+27 3.42189e+27 3.42189e+27 3.42189e+27 5.12474e+26 3.53488e+27 0 0 4.64348e+42 1.59817 0 1
2.20673e+09 2.62452e+27 2.62452e+27 2.62455e+27 2.62455e+27 2.62455e+27 3.87402e+26 2.60644e+27 0 0 4.64348e+42 1.68073 0 1
2.5483e+09 2.01027e+27 2.01027e+27 2.01029e+27 2.01029e+27 2.01029e+27 2.92083e+26 1.91651e+27 0 0 4.64348e+42 1.76755 0 1
2.94273e+09 1.53597e+27 1.53597e+27 1.53599e+27 1.53599e+27 1.53599e+27 2.19273e+26 1.40471e+27 0 0 4.64348e+42 1.85886 0 1
3.39821e+09 1.16214e+27 1.16214e+27 1.16215e+27 1.16215e+27 1.16215e+27 1.6194e+26 1.0127e+27 0 0 4.64348e+42 1.95489 0 1
3.92419e+09 8.90112e+26 8.90112e+26 8.90123e+26 8.90123e+26 8.90123e+26 1.22102e+26 7.47235e+26 0 0 4.64348e+42 2.05588 0 1
4.53158e+09 6.8007e+26 6.8007e+26 6.80079e+26 6.80079e+26 6.80079e+26 9.17781e+25 5.49389e+26 0 0 4.64348e+42 2.16208 0 1
5.23299e+09 5.181e+26 5.181e+26 5.18107e+26 5.18107e+26 5.18107e+26 6.87545e+25 4.02281e+26 0 0 4.64348e+42 2.27377 0 1
6.04296e+09 3.90196e+26 3.90196e+26 3.90201e+26 3.90201e+26 3.90201e+26 5.05708e+25 2.89969e+26 0 0 4.64348e+42 2.39123 0 1
6.97831e+09 2.97036e+26 2.97036e+26 2.9704e+26 2.9704e+26 2.9704e+26 3.80258e+25 2.13721e+26 0 0 4.64348e+42 2.51476 0 1
8.05842e+09 2.25225e+26 2.25225e+26 2.25228e+26 2.25228e+26 2.25228e+26 2.84941e+25 1.57089e+26 0 0 4.64348e+42 2.64467 0 1
9.30572e+09 1.69816e+26 1.69816e+26 1.69818e+26 1.69818e+26 1.69818e+26 2.122e+25 1.1514e+26 0 0 4.64348e+42 2.78129 0 1
1.07461e+10 1.26642e+26 1.26642e+26 1.26644e+26 1.26644e+26 1.26644e+26 1.55492e+25 8.32514e+25 0 0 4.64348e+42 3.12066 0 1
1.24094e+10 9.50468e+25 9.50468e+25 9.50481e+25 9.50481e+25 9.50481e+25 1.15852e+25 6.15617e+25 0 0 4.64348e+42 3.7357 0 1
1.43301e+10 7.09469e+25 7.09469e+25 7.0948e+25 7.0948e+25 7.0948e+25 8.58083e+24 4.54083e+25 0 0 4.64348e+42 4.47195 0 1
1.65482e+10 5.27606e+25 5.27606e+25 5.27614e+25 5.27614e+25 5.27614e+25 6.33536e+24 3.33902e+25 0 0 4.64348e+42 5.35331 0 1
1.91095e+10 3.88275e+25 3.88275e+25 3.88281e+25 3.88281e+25 3.88281e+25 4.59873e+24 2.41435e+25 0 0 4.64348e+42 6.40836 0 1
2.20673e+10 2.8804e+25 2.8804e+25 2.88044e+25 2.88044e+25 2.88044e+25 3.4039e+24 1.78636e+25 0 0 4.64348e+42 7.67135 34.7254 1
2.5483e+10 2.12456e+25 2.12456e+25 2.1246e+25 2.1246e+25 2.1246e+25 2.50904e+24 1.3173e+25 0 0 4.64348e+42 9.18326 22.9578 1
2.94273e+10 1.54499e+25 1.54499e+25 1.54502e+25 1.54502e+25 1.54502e+25 1.83721e+24 9.67998e+24 0 0 4.64348e+42 10.9931 15.5417 1
3.39821e+10 1.07309e+25 1.07309e+25 1.07312e+25 1.07312e+25 1.07312e+25 1.30807e+24 6.98334e+24 0 0 4.64348e+42 13.1597 10.7604 1
3.92419e+10 6.91799e+24 6.91799e+24 6.91833e+24 6.91833e+24 6.91833e+24 9.33609e+23 5.16662e+24 0 0 4.64348e+42 15.7533 7.61059 1
4.53158e+10 3.88446e+24 3.88446e+24 3.88486e+24 3.88486e+24 3.88486e+24 6.53087e+23 3.81286e+24 0 0 4.64348e+42 18.8581 5.49245 1
5.23299e+10 1.9e+24 1.9e+24 1.90041e+24 1.90041e+24 1.90041e+24 4.57169e+23 2.80574e+24 0 0 4.64348e+42 22.5747 4.04008 1
6.04296e+10 8.53989e+23 8.53989e+23 8.5435e+23 8.5435e+23 8.5435e+23 3.20015e+23 2.02656e+24 0 0 4.64348e+42 27.0238 3.02568 1
6.97831e+10 3.84326e+23 3.84326e+23 3.84622e+23 3.84622e+23 3.84622e+23 2.33205e+23 1.50264e+24 0 0 4.64348e+42 32.3498 2.3047 1
8.05842e+10 1.7822e+23 1.7822e+23 1.7845e+23 1.7845e+23 1.7845e+23 1.71137e+23 1.11144e+24 0 0 4.64348e+42 38.7255 1.78376 1
9.30572e+10 8.66317e+22 8.66317e+22 8.68059e+22 8.68059e+22 8.68059e+22 1.25901e+23 8.19632e+23 0 0 4.64348e+42 46.3577 1.40144 1
1.07461e+11 4.39988e+22 4.39988e+22 4.41278e+22 4.41278e+22 4.41278e+22 9.1124e+22 5.92666e+23 0 0 4.64348e+42 55.4941 1.11671 1
1.24094e+11 2.37584e+22 2.37584e+22 2.38542e+22 2.38542e+22 2.38542e+22 6.76609e+22 4.39838e+23 0 0 4.64348e+42 66.4312 0.901709 1
1.43301e+11 1.3414e+22 1.3414e+22 1.34848e+22 1.34848e+22 1.34848e+22 5.01054e+22 3.25454e+23 0 0 4.64348e+42 79.5238 0.737233 1
1.65482e+11 7.87564e+21 7.87564e+21 7.92764e+21 7.92764e+21 7.92764e+21 3.69764e+22 2.39976e+23 0 0 4.64348e+42 95.1967 0.609868 1
1.91095e+11 4.74806e+21 4.74806e+21 4.78581e+21 4.78581e+21 4.78581e+21 2.67603e+22 1.73342e+23 0 0 4.64348e+42 113.959 0.510106 1
2.20673e+11 2.98594e+21 2.98594e+21 3.01358e+21 3.01358e+21 3.01358e+21 1.98564e+22 1.28522e+23 0 0 4.64348e+42 136.418 0.431129 1
2.5483e+11 1.92567e+21 1.92567e+21 1.94582e+21 1.94582e+21 1.94582e+21 1.46856e+22 9.49853e+22 0 0 4.64348e+42 163.304 0.367983 1
2.94273e+11 1.26888e+21 1.26888e+21 1.28351e+21 1.28351e+21 1.28351e+21 1.08243e+22 6.99409e+22 0 0 4.64348e+42 195.489 0.317029 1
3.39821e+11 8.44817e+20 8.44817e+20 8.55303e+20 8.55303e+20 8.55303e+20 7.82452e+21 5.04228e+22 0 0 4.64348e+42 0 0.275565 1
3.92419e+11 5.79219e+20 5.79219e+20 5.86807e+20 5.86807e+20 5.86807e+20 5.80123e+21 3.73218e+22 0 0 4.64348e+42 0 0.241562 1
4.53158e+11 4.02472e+20 4.02472e+20 4.07937e+20 4.07937e+20 4.07937e+20 4.28671e+21 2.75302e+22 0 0 4.64348e+42 0 0.213483 1
5.23299e+11 2.82863e+20 2.82863e+20 2.86783e+20 2.86783e+20 2.86783e+20 3.15628e+21 2.02276e+22 0 0 4.64348e+42 0 0.190154 1
6.04296e+11 1.98898e+20 1.98898e+20 2.01672e+20 2.01672e+20 2.01672e+20 2.27756e+21 1.45413e+22 0 0 4.64348e+42 0 0.170669 1
6.97831e+11 1.43134e+20 1.43134e+20 1.45118e+20 1.45118e+20 1.45118e+20 1.68608e+21 1.07354e+22 0 0 4.64348e+42 0 0.154323 1
8.05842e+11 1.03701e+20 1.03701e+20 1.05114e+20 1.05114e+20 1.05114e+20 1.24376e+21 7.89624e+21 0 0 4.64348e+42 0 0.140565 1
9.30572e+11 7.55551e+19 7.55551e+19 7.65571e+19 7.65571e+19 7.65571e+19 9.13992e+20 5.78315e+21 0 0 4.64348e+42 0 0.12896 1
1.07461e+12 5.47099e+19 5.47099e+19 5.541e+19 5.541e+19 5.541e+19 6.57745e+20 4.1403e+21 0 0 4.64348e+42 0 0.119166 1
1.24094e+12 4.04692e+19 4.04692e+19 4.09649e+19 4.09649e+19 4.09649e+19 4.85755e+20 3.04525e+21 0 0 4.64348e+42 0 0.110908 1
1.43301e+12 3.00332e+19 3.00332e+19 3.03828e+19 3.03828e+19 3.03828e+19 3.57364e+20 2.23064e+21 0 0 4.64348e+42 0 0.103969 1
1.65482e+12 2.23525e+19 2.23525e+19 2.25983e+19 2.25983e+19 2.25983e+19 2.61828e+20 1.62623e+21 0 0 4.64348e+42 0 0.098177 1
1.91095e+12 1.64632e+19 1.64633e+19 1.66333e+19 1.66333e+19 1.66333e+19 1.87681e+20 1.15747e+21 0 0 4.64348e+42 0 0.0933933 1
2.20673e+12 1.24158e+19 1.24158e+19 1.25357e+19 1.25357e+19 1.25357e+19 1.38112e+20 8.46843e+20 0 0 4.64348e+42 0 0.0895108 1
2.5483e+12 9.3892e+18 9.3892e+18 9.47348e+18 9.47348e+18 9.47348e+18 1.01208e+20 6.16715e+20 0 0 4.64348e+42 0 0.0864461 1
2.94273e+12 7.11978e+18 7.11978e+18 7.17899e+18 7.17899e+18 7.17899e+18 7.38316e+19 4.46743e+20 0 0 4.64348e+42 0 0.0841374 1
3.39821e+12 5.32834e+18 5.32834e+18 5.36923e+18 5.36923e+18 5.36923e+18 5.26255e+19 3.1537e+20 0 0 4.64348e+42 0 0.082541 1
3.92419e+12 4.10177e+18 4.10177e+18 4.13073e+18 4.13073e+18 4.13073e+18 3.85312e+19 2.29052e+20 0 0 4.64348e+42 0 0.08163 1
4.53158e+12 3.1655e+18 3.1655e+18 3.18599e+18 3.18599e+18 3.18599e+18 2.80792e+19 1.65476e+20 0 0 4.64348e+42 0 0.0813928 1
5.23299e+12 2.44751e+18 2.44751e+18 2.462e+18 2.462e+18 2.462e+18 2.03592e+19 1.18819e+20 0 0 4.64348e+42 0 0.0818329 1
6.04296e+12 1.8599e+18 1.8599e+18 1.86994e+18 1.86994e+18 1.86994e+18 1.43975e+19 8.29335e+19 0 0 4.64348e+42 0 0.0829683 1
6.97831e+12 1.45728e+18 1.45729e+18 1.46445e+18 1.46445e+18 1.46445e+18 1.04675e+19 5.96346e+19 0 0 4.64348e+42 0 0.0848322 1
8.05842e+12 1.14167e+18 1.14167e+18 1.14677e+18 1.14677e+18 1.14677e+18 7.56954e+18 4.26147e+19 0 0 4.64348e+42 0 0.0874729 1
9.30572e+12 8.93298e+17 8.93299e+17 8.96916e+17 8.96916e+17 8.96916e+17 5.44219e+18 3.02358e+19 0 0 4.64348e+42 0 0.0909553 1
1.07461e+13 6.82973e+17 6.82974e+17 6.85476e+17 6.85476e+17 6.85476e+17 3.80663e+18 2.07792e+19 0 0 4.64348e+42 0 0.0953611 1
1.24094e+13 5.3864e+17 5.3864e+17 5.40424e+17 5.40424e+17 5.40424e+17 2.74094e+18 1.47411e+19 0 0 4.64348e+42 0 0.10079 1
1.43301e+13 4.233e+17 4.23301e+17 4.24566e+17 4.24566e+17 4.24566e+17 1.96127e+18 1.03803e+19 0 0 4.64348e+42 0 0.10736 1
1.65482e+13 3.3112e+17 3.3112e+17 3.32012e+17 3.32012e+17 3.32012e+17 1.39384e+18 7.24748e+18 0 0 4.64348e+42 0 0.115206 1
1.91095e+13 2.51594e+17 2.51595e+17 2.52205e+17 2.52205e+17 2.52205e+17 9.60384e+17 4.87671e+18 0 0 4.64348e+42 0 0.12448 1
2.20673e+13 1.97342e+17 1.97343e+17 1.97773e+17 1.97773e+17 1.97773e+17 6.82471e+17 3.3975e+18 0 0 4.64348e+42 0 0.135345 1
2.5483e+13 1.53789e+17 1.5379e+17 1.54091e+17 1.54091e+17 1.54091e+17 4.81372e+17 2.34577e+18 0 0 4.64348e+42 0 0.147968 1
2.94273e+13 1.18956e+17 1.18957e+17 1.19166e+17 1.19166e+17 1.19166e+17 3.36777e+17 1.60299e+18 0 0 4.64348e+42 0 0.162507 1
3.39821e+13 8.88032e+16 8.88037e+16 8.89437e+16 8.89437e+16 8.89437e+16 2.27298e+17 1.04807e+18 0 0 4.64348e+42 0 0.179093 1
3.92419e+13 6.85672e+16 6.85678e+16 6.86646e+16 6.86646e+16 6.86646e+16 1.58672e+17 7.12717e+17 0 0 4.64348e+42 0 0.197804 1
4.53158e+13 5.24575e+16 5.24581e+16 5.25244e+16 5.25244e+16 5.25244e+16 1.09764e+17 4.79334e+17 0 0 4.64348e+42 0 0.218621 1
5.23299e+13 3.97223e+16 3.97229e+16 3.97679e+16 3.97679e+16 3.97679e+16 7.51811e+16 3.18299e+17 0 0 4.64348e+42 0 0.241387 1
6.04296e+13 2.87928e+16 2.87933e+16 2.88225e+16 2.88225e+16 2.88225e+16 4.93204e+16 2.00107e+17 0 0 4.64348e+42 0 0.265741 1
6.97831e+13 2.16618e+16 2.16623e+16 2.16819e+16 2.16819e+16 2.16819e+16 3.36101e+16 1.31758e+17 0 0 4.64348e+42 0 0.291055 1
8.05842e+13 1.60978e+16 1.60982e+16 1.61113e+16 1.61113e+16 1.61113e+16 2.26475e+16 8.55667e+16 0 0 4.64348e+42 0 0.316368 1
9.30572e+13 1.18014e+16 1.18018e+16 1.18103e+16 1.18103e+16 1.18103e+16 1.50732e+16 5.4692e+16 0 0 4.64348e+42 0 0.340344 1
1.07461e+14 8.18642e+15 8.18674e+15 8.19204e+15 8.19204e+15 8.19204e+15 9.5067e+15 3.25777e+16 0 0 4.64348e+42 0 0 1
1.24094e+14 5.92836e+15 5.9287e+15 5.93213e+15 5.93213e+15 5.93213e+15 6.27013e+15 2.05468e+16 0 0 4.64348e+42 0 0 1
1.43301e+14 4.22397e+15 4.2244e+15 4.22659e+15 4.22659e+15 4.22659e+15 4.07679e+15 1.2736e+16 0 0 4.64348e+42 0 0 1
1.65482e+14 2.95615e+15 2.95676e+15 2.95814e+15 2.95814e+15 2.95814e+15 2.60941e+15 7.73689e+15 0 0 4.64348e+42 0 0 1
1.91095e+14 1.92411e+15 1.92494e+15 1.92574e+15 1.92574e+15 1.92574e+15 1.55727e+15 4.27571e+15 0 0 4.64348e+42 0 0 1
2.20673e+14 1.31977e+15 1.32088e+15 1.32138e+15 1.32138e+15 1.32138e+15 9.82098e+14 2.54596e+15 0 0 4.64348e+42 0 0 1
2.5483e+14 8.85862e+14 8.87218e+14 8.87514e+14 8.87514e+14 8.87514e+14 6.07978e+14 1.48305e+15 0 0 4.64348e+42 0 0 1
2.94273e+14 5.8074e+14 5.82232e+14 5.82406e+14 5.82406e+14 5.82406e+14 3.68839e+14 8.42001e+14 0 0 4.64348e+42 0 0 1
3.39821e+14 3.44679e+14 3.46059e+14 3.46152e+14 3.46152e+14 3.46152e+14 2.0333e+14 4.18665e+14 0 0 4.64348e+42 0 0 1
3.92419e+14 2.191e+14 2.20381e+14 2.20435e+14 2.20435e+14 2.20435e+14 1.20497e+14 2.30827e+14 0 0 4.64348e+42 0 0 1
4.53158e+14 1.35349e+14 1.3644e+14 1.3647e+14 1.3647e+14 1.3647e+14 6.96671e+13 1.23779e+14 0 0 4.64348e+42 0 0 1
5.23299e+14 8.11079e+13 8.19647e+13 8.19808e+13 8.19808e+13 8.19808e+13 3.92266e+13 6.42381e+13 0 0 4.64348e+42 0 0 1
6.04296e+14 4.21683e+13 4.27268e+13 4.27344e+13 4.27344e+13 4.27344e+13 1.9241e+13 2.74527e+13 0 0 4.64348e+42 0 0 1
6.97831e+14 2.41688e+13 2.45549e+13 2.45589e+13 2.45589e+13 2.45589e+13 1.04428e+13 1.36494e+13 0 0 4.64348e+42 0 0 1
8.05842e+14 1.33418e+13 1.35904e+13 1.35924e+13 1.35924e+13 1.35924e+13 5.47936e+12 6.55434e+12 0 0 4.64348e+42 0 0 1
9.30572e+14 7.08617e+12 7.23567e+12 7.23664e+12 7.23664e+12 7.23664e+12 2.77623e+12 3.01968e+12 0 0 4.64348e+42 0 0 1
1.07461e+15 3.04151e+12 3.11229e+12 3.11267e+12 3.11267e+12 3.11267e+12 1.14121e+12 1.03308e+12 0 0 4.64348e+42 0 0 1
1.24094e+15 1.5139e+12 1.55188e+12 1.55205e+12 1.55205e+12 1.55205e+12 5.45637e+11 4.46237e+11 0 0 4.64348e+42 0 0 1
1.43301e+15 7.1559e+11 7.34552e+11 7.34628e+11 7.34628e+11 7.34628e+11 2.48556e+11 1.84673e+11 0 0 4.64348e+42 0 0 1
1.65482e+15 3.2165e+11 3.30493e+11 3.30524e+11 3.30524e+11 3.30524e+11 1.08007e+11 7.26424e+10 0 0 4.64348e+42 0 0 1
1.91095e+15 1.0373e+11 1.06642e+11 1.06651e+11 1.06651e+11 1.06651e+11 3.38048e+10 1.76577e+10 0 0 4.64348e+42 0 0 1
2.20673e+15 4.22976e+10 4.3493e+10 4.34966e+10 4.34966e+10 4.34966e+10 1.34056e+10 6.24746e+09 0 0 4.64348e+42 0 0 1
2.5483e+15 1.59514e+10 1.63996e+10 1.64009e+10 1.64009e+10 1.64009e+10 4.93087e+09 2.10043e+09 0 0 4.64348e+42 0 0 1
2.94273e+15 5.5814e+09 5.73559e+09 5.736e+09 5.736e+09 5.736e+09 1.68751e+09 6.70614e+08 0 0 4.64348e+42 0 0 1
3.39821e+15 1.16941e+09 1.20085e+09 1.20093e+09 1.20093e+09 1.20093e+09 3.47274e+08 9.38705e+07 0 0 4.64348e+42 0 0 1
3.92419e+15 3.55129e+08 3.64342e+08 3.64365e+08 3.64365e+08 3.64365e+08 1.0368e+08 2.4478e+07 0 0 4.64348e+42 0 0 1
4.53158e+15 9.47997e+07 9.71534e+07 9.71593e+07 9.71593e+07 9.71593e+07 2.72846e+07 5.94868e+06 0 0 4.64348e+42 0 0 1
5.23299e+15 2.18119e+07 2.23265e+07 2.23278e+07 2.23278e+07 2.23278e+07 6.20888e+06 1.39956e+06 0 0 4.64348e+42 0 0 1
6.04296e+15 2.37302e+06 2.42589e+06 2.42603e+06 2.42603e+06 2.42603e+06 671457 85658.3 0 0 4.64348e+42 0 0 1
6.97831e+15 451732 461181 461206 461206 461206 127012 13635.4 0 0 4.64348e+42 0 0 1
8.05842e+15 69481 70838.6 70842.3 70842.3 70842.3 19474.2 1877.05 0 0 4.64348e+42 0 0 1
9.30572e+15 7909.43 8053.12 8053.53 8053.53 8053.53 2219.28 252.39 0 0 4.64348e+42 0 0 1
1.07461e+16 292.956 297.884 297.899 297.899 297.899 83.0925 5.07013 0 0 4.64348e+42 0 0 1
1.24094e+16 25.2689 25.661 25.6622 25.6622 25.6622 7.22348 0.355997 0 0 4.64348e+42 0 0 1
1.43301e+16 1.50721 1.52871 1.52878 1.52878 1.52878 0.43692 0.0178789 0 0 4.64348e+42 0 0 1
1.65482e+16 0.0567416 0.0574834 0.0574861 0.0574861 0.0574861 0.0167825 0.000751973 0 0 4.64348e+42 0 0 1
1.91095e+16 0.00034055 0.00034462 0.000344635 0.000344635 0.000344635 0.000105029 3.08684e-06 0 0 4.64348e+42 0 0 1
2.20673e+16 7.45355e-06 7.53476e-06 7.5351e-06 7.5351e-06 7.5351e-06 2.3913e-06 5.57827e-08 0 0 4.64348e+42 0 0 1
2.5483e+16 7.71791e-08 7.79439e-08 7.79474e-08 7.79474e-08 7.79474e-08 2.6303e-08 5.15781e-10 0 0 4.64348e+42 0 0 1
2.94273e+16 3.66132e-10 3.69425e-10 3.69442e-10 3.69442e-10 3.69442e-10 1.35864e-10 2.39394e-12 0 0 4.64348e+42 0 0 1
3.39821e+16 1.33789e-13 1.34879e-13 1.34885e-13 1.34885e-13 1.34885e-13 5.61166e-14 8.19284e-16 0 0 4.64348e+42 0 0 1
3.92419e+16 1.67705e-16 1.68941e-16 1.68948e-16 1.68948e-16 1.68948e-16 8.27394e-17 1.00031e-18 0 0 4.64348e+42 0 0 1
4.53158e+16 5.35055e-20 5.38615e-20 5.38638e-20 5.38638e-20 5.38638e-20 3.2953e-20 3.15821e-22 0 0 4.64348e+42 0 0 1
5.23299e+16 4.30285e-24 4.32866e-24 4.32884e-24 4.32884e-24 4.32884e-24 3.57716e-24 2.52305e-26 0 0 4.64348e+42 0 0 1
6.04296e+16 1.58826e-29 1.59683e-29 1.5969e-29 1.5969e-29 1.5969e-29 2.76731e-28 7.81198e-32 0 0 4.64348e+42 0 0 1
6.97831e+16 1.21781e-31 1.22372e-31 1.22377e-31 1.22377e-31 1.22377e-31 1.26562e-29 4.04055e-37 0 0 4.64348e+42 0 0 1
8.05842e+16 2.67697e-33 2.68863e-33 2.68874e-33 2.68874e-33 2.68874e-33 2.74013e-31 2.23882e-43 0 0 4.64348e+42 0 0 1
9.30572e+16 0 0 0 0 0 0 0 0 0 4.64348e+42 0 0 1