
1.07461e-07 0 0 5.26867e-210 6.73817e+48 1.81141e+59 5.65552e+57 0 7.85825e+41 0 4.64348e+42 0 0 0
1.24094e-07 0 0 2.37839e-175 7.71965e+48 1.63279e+59 5.10395e+57 0 9.07456e+41 0 4.64348e+42 0 0 0
1.43301e-07 0 0 2.4742e-145 8.83608e+48 1.47044e+59 4.60264e+57 0 1.04791e+42 0 4.64348e+42 0 0 0
1.65482e-07 0 0 2.48107e-119 1.01037e+49 1.3229e+59 4.14701e+57 0 1.21011e+42 0 4.64348e+42 0 0 0
1.91095e-07 0 0 8.28072e-97 1.15401e+49 1.18882e+59 3.73291e+57 0 1.39742e+42 0 4.64348e+42 0 0 0
2.20673e-07 0 0 2.68995e-77 1.31642e+49 1.06699e+59 3.35658e+57 0 1.61371e+42 0 4.64348e+42 0 0 0
2.5483e-07 0 0 2.15384e-60 1.49957e+49 9.56299e+58 3.0146e+57 0 1.86348e+42 0 4.64348e+42 0 0 0
2.94273e-07 0 0 9.5043e-46 1.70553e+49 8.55753e+58 2.70386e+57 0 2.15192e+42 0 4.64348e+42 0 0 0
3.39821e-07 0 0 4.63927e-33 1.93642e+49 7.64447e+58 2.42157e+57 0 2.485e+42 0 4.64348e+42 0 0 0
3.92419e-07 0 0 4.57949e-22 2.19433e+49 6.81561e+58 2.16517e+57 0 2.86963e+42 0 4.64348e+42 0 0 0
4.53158e-07 0 0 1.54133e-12 2.48126e+49 6.06355e+58 1.93237e+57 0 3.31379e+42 0 4.64348e+42 0 0 0
5.23299e-07 0 0 0.000278055 2.79908e+49 5.38158e+58 1.72108e+57 0 3.82671e+42 0 4.64348e+42 0 0 0
6.04296e-07 0 0 3977.54 3.14936e+49 4.76367e+58 1.5294e+57 0 4.41902e+42 0 4.64348e+42 0 0 0
6.97831e-07 0 0 6.33311e+09 3.53325e+49 4.20435e+58 1.35565e+57 0 5.103e+42 0 4.64348e+42 0 0 0
8.05842e-07 0 0 1.50538e+15 3.95136e+49 3.69869e+58 1.19828e+57 0 5.89285e+42 0 4.64348e+42 0 0 0
9.30572e-07 0 0 6.88796e+19 4.40355e+49 3.24227e+58 1.0559e+57 0 6.80496e+42 0 4.64348e+42 0 0 0
1.07461e-06 0 0 7.55995e+23 4.88881e+49 2.83108e+58 9.2727e+56 0 7.85825e+42 0 4.64348e+42 0 0 0
1.24094e-06 0 0 2.40806e+27 5.40504e+49 2.46152e+58 8.11251e+56 0 9.07456e+42 0 4.64348e+42 0 0 0
1.43301e-06 0 0 2.62519e+30 5.949e+49 2.13033e+58 7.06831e+56 0 1.04791e+43 0 4.64348e+42 0 0 0
1.65482e-06 0 0 1.12983e+33 6.51625e+49 1.83458e+58 6.13096e+56 0 1.21011e+43 0 4.64348e+42 0 0 0
1.91095e-06 0 0 2.17232e+35 7.1013e+49 1.57158e+58 5.29216e+56 0 1.39742e+43 0 4.64348e+42 0 0 0
2.20673e-06 0 0 2.07686e+37 7.69789e+49 1.33889e+58 4.54443e+56 0 1.61371e+43 0 4.64348e+42 0 0 0
2.5483e-06 0 0 1.08338e+39 8.2996e+49 1.13425e+58 3.88094e+56 0 1.86348e+43 0 4.64348e+42 0 0 0
2.94273e-06 0 0 3.3422e+40 8.90075e+49 9.55513e+57 3.2954e+56 0 2.15192e+43 0 4.64348e+42 0 0 0
3.39821e-06 0 0 6.53972e+41 9.49761e+49 8.00669e+57 2.78198e+56 0 2.485e+43 0 4.64348e+42 0 0 0
3.92419e-06 0 0 8.62666e+42 1.009e+50 6.67746e+57 2.33515e+56 0 2.86963e+43 0 4.64348e+42 0 0 0
4.53158e-06 0 0 8.09131e+43 1.06831e+50 5.54803e+57 1.94963e+56 0 3.31379e+43 0 4.64348e+42 0 0 0
5.23299e-06 0 0 5.65424e+44 1.12892e+50 4.59895e+57 1.62022e+56 0 3.82671e+43 0 4.64348e+42 0 0 0
6.04296e-06 0 0 3.06728e+45 1.19293e+50 3.81063e+57 1.34179e+56 0 4.41902e+43 0 4.64348e+42 0 0 0
6.97831e-06 0 0 1.33928e+46 1.26336e+50 3.16326e+57 1.10915e+56 0 5.103e+43 0 4.64348e+42 0 0 0
8.05842e-06 0 0 4.85866e+46 1.34408e+50 2.63709e+57 9.17076e+55 0 5.89285e+43 0 4.64348e+42 0 0 0
9.30572e-06 0 0 1.50549e+47 1.43962e+50 2.2127e+57 7.60289e+55 0 6.80496e+43 0 4.64348e+42 0 0 0
1.07461e-05 0 0 4.07927e+47 1.55471e+50 1.87161e+57 6.3356e+55 0 7.85825e+43 0 4.64348e+42 0 0 0
1.24094e-05 0 0 9.85717e+47 1.69381e+50 1.59682e+57 5.31803e+55 0 9.07456e+43 0 4.64348e+42 0 0 0
1.43301e-05 0 0 2.15838e+48 1.86061e+50 1.37341e+57 4.50235e+55 0 1.04791e+44 0 4.64348e+42 0 0 0
1.65482e-05 0 0 4.33801e+48 2.05774e+50 1.18899e+57 3.84536e+55 0 1.21011e+44 0 4.64348e+42 0 0 0
1.91095e-05 0 0 8.0868e+48 2.28675e+50 1.03386e+57 3.30995e+55 0 1.39742e+44 0 4.64348e+42 0 0 0
2.20673e-05 0 0 1.41058e+49 2.54856e+50 9.0093e+56 2.86601e+55 0 1.61371e+44 0 4.64348e+42 0 0 0
2.5483e-05 0 0 2.32014e+49 2.84408e+50 7.85315e+56 2.49063e+55 0 1.86348e+44 0 4.64348e+42 0 0 0
2.94273e-05 0 0 3.62404e+49 3.17492e+50 6.83808e+56 2.16746e+55 0 2.15192e+44 0 4.64348e+42 0 0 0
3.39821e-05 0 0 5.4111e+49 3.54398e+50 5.94328e+56 1.88555e+55 0 2.48499e+44 0 4.64348e+42 0 0 0
3.92419e-05 0 0 7.77012e+49 3.95578e+50 5.15449e+56 1.63779e+55 0 2.86962e+44 0 4.64348e+42 0 0 0
4.53158e-05 0 0 1.079e+50 4.41662e+50 4.4608e+56 1.41956e+55 0 3.31379e+44 0 4.64348e+42 0 0 0
5.23299e-05 0 0 1.45621e+50 4.9346e+50 3.85284e+56 1.22755e+55 0 3.82671e+44 0 4.64348e+42 0 0 0
6.04296e-05 0 0 1.91835e+50 5.51969e+50 3.32201e+56 1.05913e+55 0 4.41901e+44 0 4.64348e+42 0 0 0
6.97831e-05 0 0 2.47621e+50 6.18377e+50 2.86012e+56 9.11974e+54 0 5.10299e+44 0 4.64348e+42 0 0 0
8.05842e-05 0 0 3.14204e+50 6.94068e+50 2.45941e+56 7.8389e+54 0 5.89284e+44 0 4.64348e+42 0 0 0
9.30572e-05 0 0 3.92997e+50 7.80633e+50 2.11255e+56 6.72794e+54 0 6.80494e+44 0 4.64348e+42 0 0 0
0.000107461 0 0 4.85649e+50 8.79892e+50 1.81278e+56 5.76711e+54 0 7.85822e+44 0 4.64348e+42 0 0 0
0.000124094 0 0 5.94091e+50 9.93949e+50 1.55395e+56 4.93789e+54 0 9.07453e+44 0 4.64348e+42 0 0 0
0.000143301 0 0 7.20625e+50 1.12528e+51 1.33056e+56 4.22327e+54 0 1.04791e+45 0 4.64348e+42 0 0 0
0.000165482 0 0 8.68035e+50 1.27687e+51 1.13785e+56 3.60791e+54 0 1.21011e+45 0 4.64348e+42 0 0 0
0.000191095 0 0 1.03973e+51 1.45233e+51 9.71683e+55 3.07831e+54 0 1.39741e+45 0 4.64348e+42 0 0 0
0.000220673 0 0 1.23986e+51 1.65601e+51 8.2851e+55 2.62272e+54 0 1.6137e+45 0 4.64348e+42 0 0 0
0.00025483 0 0 1.47346e+51 1.89313e+51 7.05278e+55 2.23107e+54 0 1.86347e+45 0 4.64348e+42 0 0 0
0.000294273 0 0 1.74654e+51 2.16986e+51 5.99345e+55 1.89472e+54 0 2.1519e+45 0 4.64348e+42 0 0 0
0.000339821 0 0 2.06624e+51 2.49345e+51 5.08407e+55 1.60622e+54 0 2.48497e+45 0 4.64348e+42 0 0 0
0.000392419 0 0 2.44108e+51 2.87252e+51 4.30455e+55 1.35912e+54 0 2.8696e+45 0 4.64348e+42 0 0 0
0.000453158 0 0 2.88131e+51 3.31739e+51 3.63736e+55 1.14781e+54 0 3.31376e+45 0 4.64348e+42 0 0 0
0.000523299 0 0 3.39921e+51 3.84044e+51 3.06724e+55 9.67388e+53 0 3.82666e+45 0 4.64348e+42 0 0 0
0.000604296 0 0 4.00957e+51 4.45652e+51 2.58091e+55 8.13606e+53 0 4.41895e+45 0 4.64348e+42 0 0 0
0.000697831 0 0 4.73006e+51 5.18339e+51 2.16684e+55 6.82764e+53 0 5.10291e+45 0 4.64348e+42 0 0 0
0.000805842 0 0 5.58189e+51 6.04227e+51 1.81499e+55 5.71655e+53 0 5.89273e+45 0 4.64348e+42 0 0 0
0.000930572 0 0 6.59045e+51 7.05864e+51 1.51662e+55 4.77496e+53 0 6.80479e+45 0 4.64348e+42 0 0 0
0.00107461 0 0 7.78632e+51 8.2631e+51 1.26417e+55 3.97873e+53 0 7.85802e+45 0 4.64348e+42 0 0 0
0.00124094 0 0 9.20626e+51 9.69246e+51 1.05107e+55 3.30695e+53 0 9.07427e+45 0 4.64348e+42 0 0 0
0.00143301 0 0 1.08946e+52 1.13911e+52 8.71612e+54 2.74151e+53 0 1.04787e+46 0 4.64348e+42 0 0 0
0.00165482 0 0 1.29047e+52 1.34124e+52 7.20874e+54 2.26677e+53 0 1.21006e+46 0 4.64348e+42 0 0 0
0.00191095 0 0 1.53011e+52 1.58212e+52 5.9459e+54 1.86921e+53 0 1.39735e+46 0 4.64348e+42 0 0 0
0.00220673 0 0 1.81622e+52 1.86955e+52 4.8908e+54 1.53717e+53 0 1.61362e+46 0 4.64348e+42 0 0 0
0.0025483 0 0 2.15825e+52 2.21303e+52 4.01174e+54 1.26062e+53 0 1.86336e+46 0 4.64348e+42 0 0 0
0.00294273 0 0 2.56773e+52 2.62407e+52 3.28145e+54 1.03095e+53 0 2.15175e+46 0 4.64348e+42 0 0 0
0.00339821 0 0 3.05867e+52 3.1167e+52 2.67655e+54 8.40759e+52 0 2.48477e+46 0 4.64348e+42 0 0 0
0.00392419 0 0 3.64813e+52 3.70799e+52 2.177e+54 6.83734e+52 0 2.86933e+46 0 4.64348e+42 0 0 0
0.00453158 0 0 4.35698e+52 4.41882e+52 1.76572e+54 5.54481e+52 0 3.3134e+46 0 4.64348e+42 0 0 0
0.00523299 0 0 5.21069e+52 5.27468e+52 1.42816e+54 4.48414e+52 0 3.82619e+46 0 4.64348e+42 0 0 0
0.00604296 0 0 6.2405e+52 6.30681e+52 1.15195e+54 3.61641e+52 0 4.41832e+46 0 4.64348e+42 0 0 0
0.00697831 0 0 7.48467e+52 7.55348e+52 9.2664e+53 2.90871e+52 0 5.10207e+46 0 4.64348e+42 0 0 0
0.00805842 0 0 8.98786e+52 9.05937e+52 7.43424e+53 2.33331e+52 0 5.89161e+46 0 4.64348e+42 0 0 0
0.00930572 0 0 1.07693e+53 1.08435e+53 5.94892e+53 1.86689e+52 0 6.8033e+46 0 4.64348e+42 0 0 0
0.0107461 0 0 1.26823e+53 1.27579e+53 4.74841e+53 1.48995e+52 0 7.85604e+46 0 4.64348e+42 0 0 0
0.0124094 0 0 1.42863e+53 1.436e+53 3.78097e+53 1.18623e+52 0 9.07162e+46 0 4.64348e+42 0 0 0
0.0143301 0 0 1.50637e+53 1.5131e+53 3.00361e+53 9.42208e+51 0 1.04752e+47 0 4.64348e+42 0 0 0
0.0165482 0 0 1.47986e+53 1.48558e+53 2.38073e+53 7.46707e+51 0 1.20959e+47 0 4.64348e+42 0 0 0
0.0191095 0 0 1.36591e+53 1.37048e+53 1.883e+53 5.90503e+51 0 1.39672e+47 0 4.64348e+42 0 0 0
0.0220673 0 0 1.20021e+53 1.20369e+53 1.4863e+53 4.66025e+51 0 1.61278e+47 0 4.64348e+42 0 0 0
0.025483 0 0 1.01691e+53 1.01946e+53 1.17092e+53 3.67078e+51 0 1.86224e+47 0 4.64348e+42 0 0 0
0.0294273 0 0 8.39499e+52 8.41323e+52 9.20791e+52 2.88613e+51 0 2.15026e+47 0 4.64348e+42 0 0 0
0.0339821 0 0 6.80531e+52 6.81811e+52 7.22853e+52 2.26532e+51 0 2.48279e+47 0 4.64348e+42 0 0 0
0.0392419 0 0 5.44719e+52 5.45606e+52 5.66551e+52 1.7752e+51 0 2.86668e+47 0 4.64348e+42 0 0 0
0.0453158 0 0 4.32173e+52 4.32783e+52 4.43375e+52 1.38902e+51 0 3.30987e+47 0 4.64348e+42 0 0 0
0.0523299 0 0 3.40752e+52 3.41168e+52 3.46486e+52 1.08533e+51 0 3.82148e+47 0 4.64348e+42 0 0 0
0.0604296 0 0 2.6747e+52 2.67753e+52 2.70408e+52 8.46922e+50 0 4.41204e+47 0 4.64348e+42 0 0 0
0.0697831 0 0 2.09258e+52 2.0945e+52 2.10769e+52 6.60073e+50 0 5.09369e+47 0 4.64348e+42 0 0 0
0.0805842 1.61367e-271 1.61367e-271 1.63305e+52 1.63435e+52 1.64087e+52 5.13855e+50 0 5.88044e+47 3.65885e-274 4.64348e+42 0 0 0
0.0930572 3.10168e-187 3.10168e-187 1.27191e+52 1.27279e+52 1.276e+52 3.99596e+50 0 6.78842e+47 7.81933e-190 4.64348e+42 0 0 0
0.107461 5.81426e-125 5.81426e-125 9.89026e+51 9.89614e+51 9.91195e+51 3.10427e+50 0 7.83618e+47 1.63236e-127 4.64348e+42 0 0 0
0.124094 5.55359e-79 5.55359e-79 7.67988e+51 7.68383e+51 7.69158e+51 2.40924e+50 0 9.04515e+47 1.73879e-81 4.64348e+42 0 0 0
0.143301 4.83528e-45 4.83528e-45 5.95616e+51 5.95881e+51 5.9626e+51 1.86811e+50 0 1.04399e+48 1.69037e-47 4.64348e+42 0 0 0
0.165482 5.33325e-20 5.33325e-20 4.61412e+51 4.6159e+51 4.61775e+51 1.44724e+50 0 1.20488e+48 2.08416e-22 4.64348e+42 0 0 0
0.191095 0.156709 0.156709 3.5707e+51 3.57189e+51 3.57279e+51 1.12024e+50 0 1.39044e+48 0.000685281 4.64348e+42 0 0 0
0.220673 6.3879e+12 6.3879e+12 2.76043e+51 2.76123e+51 2.76166e+51 8.66408e+49 0 1.60442e+48 3.12902e+10 4.64348e+42 0 0 0
0.25483 6.70485e+22 6.70485e+22 2.13192e+51 2.13245e+51 2.13266e+51 6.69544e+49 0 1.85109e+48 3.68251e+20 4.64348e+42 0 0 0
0.294273 1.56915e+30 1.56915e+30 1.6449e+51 1.64526e+51 1.64536e+51 5.16993e+49 0 2.1354e+48 9.67272e+27 4.64348e+42 0 0 0
0.339821 4.03585e+35 4.03585e+35 1.26791e+51 1.26814e+51 1.26819e+51 3.98878e+49 0 2.46298e+48 2.79494e+33 4.64348e+42 0 0 0
0.392419 3.70755e+39 3.70755e+39 9.76358e+50 9.76516e+50 9.7654e+50 3.07498e+49 0 2.84028e+48 2.88736e+37 4.64348e+42 0 0 0
0.453158 2.90628e+42 2.90628e+42 7.51108e+50 7.51214e+50 7.51225e+50 2.36859e+49 0 3.27468e+48 2.54775e+40 4.64348e+42 0 0 0
0.523299 3.69937e+44 3.69937e+44 5.77248e+50 5.77319e+50 5.77324e+50 1.82297e+49 0 3.77459e+48 3.65414e+42 4.64348e+42 0 0 0
0.604296 1.22998e+46 1.22998e+46 4.43185e+50 4.43232e+50 4.43235e+50 1.40185e+49 0 4.34956e+48 1.37035e+44 4.64348e+42 0 0 0
0.697831 1.51758e+47 1.51758e+47 3.39911e+50 3.39942e+50 3.39944e+50 1.07708e+49 0 5.01045e+48 1.90899e+45 4.64348e+42 0 0 0
0.805842 9.00603e+47 9.00603e+47 2.60436e+50 2.60457e+50 2.60458e+50 8.26839e+48 0 5.76955e+48 1.2804e+46 4.64348e+42 0 0 0
0.930572 3.11344e+48 3.11344e+48 1.99339e+50 1.99353e+50 1.99354e+50 6.34176e+48 0 6.64072e+48 5.00794e+46 4.64348e+42 0 0 0
1.07461 7.22291e+48 7.22291e+48 1.5242e+50 1.52429e+50 1.52429e+50 4.85973e+48 0 7.6395e+48 1.31577e+47 4.64348e+42 0 0 0
1.24094 1.2483e+49 1.2483e+49 1.16426e+50 1.16432e+50 1.16433e+50 3.72073e+48 0 8.78329e+48 2.57794e+47 4.64348e+42 0 0 0
1.43301 1.73603e+49 1.73603e+49 8.88452e+49 8.88492e+49 8.88492e+49 2.84616e+48 0 1.00914e+49 4.06841e+47 4.64348e+42 0 0 0
1.65482 2.05665e+49 2.05665e+49 6.77334e+49 6.7736e+49 6.7736e+49 2.17526e+48 0 1.1585e+49 5.47461e+47 4.64348e+42 0 0 0
1.91095 2.16463e+49 2.16463e+49 5.15914e+49 5.15932e+49 5.15932e+49 1.66109e+48 0 1.32875e+49 6.55086e+47 4.64348e+42 0 0 0
2.20673 2.08791e+49 2.08791e+49 3.9263e+49 3.92642e+49 3.92642e+49 1.26743e+48 0 1.52239e+49 7.18974e+47 4.64348e+42 0 0 0
2.5483 1.88841e+49 1.88841e+49 2.98574e+49 2.98581e+49 2.98581e+49 9.66313e+47 0 1.74207e+49 7.40493e+47 4.64348e+42 0 0 0
2.94273 1.62887e+49 1.62887e+49 2.26891e+49 2.26896e+49 2.26896e+49 7.36215e+47 0 1.99058e+49 7.27842e+47 4.64348e+42 0 0 0
3.39821 1.3568e+49 1.3568e+49 1.72316e+49 1.72319e+49 1.72319e+49 5.6055e+47 0 2.27072e+49 6.91276e+47 4.64348e+42 0 0 0
3.92419 1.10154e+49 1.10154e+49 1.30803e+49 1.30805e+49 1.30805e+49 4.26564e+47 0 2.58523e+49 6.40227e+47 4.64348e+42 0 0 0
4.53158 8.7764e+48 8.7764e+48 9.92535e+48 9.92549e+48 9.92549e+48 3.24455e+47 0 2.93662e+49 5.82112e+47 4.64348e+42 0 0 0
5.23299 6.89704e+48 6.89704e+48 7.52947e+48 7.52956e+48 7.52957e+48 2.46702e+47 0 3.32694e+49 5.2218e+47 4.64348e+42 0 0 0
6.04296 5.36632e+48 5.36632e+48 5.71121e+48 5.71127e+48 5.71127e+48 1.87536e+47 0 3.75746e+49 4.63824e+47 4.64348e+42 0 0 0
6.97831 4.14546e+48 4.14546e+48 4.33204e+48 4.33208e+48 4.33208e+48 1.42543e+47 0 4.22835e+49 4.0904e+47 4.64348e+42 0 0 0
8.05842 3.1861e+48 3.1861e+48 3.28635e+48 3.28638e+48 3.28638e+48 1.08344e+47 0 4.73809e+49 3.58847e+47 4.64348e+42 0 0 0
9.30572 2.44014e+48 2.44014e+48 2.49371e+48 2.49373e+48 2.49373e+48 8.23598e+46 0 5.28288e+49 3.13621e+47 4.64348e+42 0 0 0
10.7461 1.86443e+48 1.86443e+48 1.89296e+48 1.89297e+48 1.89297e+48 6.26228e+46 0 5.85586e+49 2.73345e+47 4.64348e+42 0 0 0
12.4094 1.42245e+48 1.42245e+48 1.43765e+48 1.43765e+48 1.43765e+48 4.76327e+46 0 6.44626e+49 2.37769e+47 4.64348e+42 0 0 0
14.3301 1.08437e+48 1.08437e+48 1.09251e+48 1.09251e+48 1.09251e+48 3.6248e+46 0 7.0384e+49 2.0653e+47 4.64348e+42 0 0 0
16.5482 8.2639e+47 8.2639e+47 8.30815e+47 8.30818e+47 8.30818e+47 2.76005e+46 0 7.61083e+49 1.79212e+47 4.64348e+42 0 0 0
19.1095 6.29845e+47 6.29845e+47 6.32317e+47 6.32319e+47 6.32319e+47 2.10306e+46 0 8.13559e+49 1.55393e+47 4.64348e+42 0 0 0
22.0673 4.80235e+47 4.80235e+47 4.8168e+47 4.81681e+47 4.81681e+47 1.60374e+46 0 8.578e+49 1.34668e+47 4.64348e+42 0 0 0
25.483 3.66396e+47 3.66396e+47 3.67295e+47 3.67296e+47 3.67296e+47 1.22409e+46 0 8.89734e+49 1.16663e+47 4.64348e+42 0 0 0
29.4273 2.79776e+47 2.79776e+47 2.80379e+47 2.8038e+47 2.8038e+47 9.35265e+45 0 9.04902e+49 1.01037e+47 4.64348e+42 0 0 0
33.9821 2.13847e+47 2.13847e+47 2.14284e+47 2.14285e+47 2.14285e+47 7.15403e+45 0 8.98876e+49 8.74853e+46 4.64348e+42 0 0 0
39.2419 1.63639e+47 1.63639e+47 1.63978e+47 1.63978e+47 1.63978e+47 5.47917e+45 0 8.67927e+49 7.57381e+46 4.64348e+42 0 0 0
45.3158 1.25376e+47 1.25376e+47 1.25651e+47 1.25652e+47 1.25652e+47 4.20223e+45 0 8.09937e+49 6.55587e+46 4.64348e+42 0 0 0
52.3299 9.61863e+46 9.61863e+46 9.6419e+46 9.64191e+46 9.64191e+46 3.22775e+45 0 7.25446e+49 5.674e+46 4.64348e+42 0 0 0
60.4296 7.38941e+46 7.38941e+46 7.40948e+46 7.40948e+46 7.40948e+46 2.48324e+45 0 6.1855e+49 4.91012e+46 4.64348e+42 0 0 0
69.7831 5.68466e+46 5.68466e+46 5.70221e+46 5.70222e+46 5.70222e+46 1.91368e+45 0 4.97231e+49 4.24851e+46 4.64348e+42 0 0 0
80.5842 4.37909e+46 4.37909e+46 4.39456e+46 4.39456e+46 4.39456e+46 1.47729e+45 0 3.72617e+49 3.67551e+46 4.64348e+42 0 0 0
93.0572 3.37767e+46 3.37767e+46 3.39138e+46 3.39139e+46 3.39139e+46 1.14234e+45 0 2.56957e+49 3.17929e+46 4.64348e+42 0 0 0
107.461 2.60838e+46 2.60838e+46 2.62058e+46 2.62058e+46 2.62058e+46 8.84776e+44 0 1.60673e+49 2.74956e+46 4.64348e+42 0 0 0
124.094 2.01657e+46 2.01657e+46 2.02745e+46 2.02745e+46 2.02745e+46 6.86344e+44 0 8.9588e+48 2.37743e+46 4.64348e+42 0 0 0
143.301 1.56072e+46 1.56072e+46 1.57044e+46 1.57044e+46 1.57044e+46 5.332e+44 0 4.37103e+48 2.05518e+46 4.64348e+42 0 0 0
165.482 1.20921e+46 1.20921e+46 1.2179e+46 1.2179e+46 1.2179e+46 4.14822e+44 0 1.82662e+48 1.77612e+46 4.64348e+42 0 0 0
191.095 9.37854e+45 9.37854e+45 9.45644e+45 9.45644e+45 9.45644e+45 3.23189e+44 0 6.38037e+47 1.53448e+46 4.64348e+42 0 0 0
220.673 7.28163e+45 7.28163e+45 7.3515e+45 7.3515e+45 7.3515e+45 2.52162e+44 0 1.81151e+47 1.32523e+46 4.64348e+42 0 0 0
254.83 5.65945e+45 5.65945e+45 5.72221e+45 5.72221e+45 5.72221e+45 1.97032e+44 0 4.04825e+46 1.14405e+46 4.64348e+42 0 0 0
294.273 4.40319e+45 4.40319e+45 4.45962e+45 4.45962e+45 4.45962e+45 1.54179e+44 0 6.86155e+45 9.87158e+45 4.64348e+42 0 0 0
339.821 3.42929e+45 3.42929e+45 3.48009e+45 3.48009e+45 3.48009e+45 1.20818e+44 0 8.45116e+44 8.51316e+45 4.64348e+42 0 0 0
392.419 2.6735e+45 2.6735e+45 2.71928e+45 2.71928e+45 2.71928e+45 9.48089e+43 0 7.19925e+43 7.33701e+45 4.64348e+42 0 0 0
453.158 2.08636e+45 2.08636e+45 2.12767e+45 2.12767e+45 2.12767e+45 7.4502e+43 0 4.00638e+42 6.31872e+45 4.64348e+42 0 0 0
523.299 1.62972e+45 1.62972e+45 1.66704e+45 1.66704e+45 1.66704e+45 5.8624e+43 0 1.36361e+41 5.43716e+45 4.64348e+42 0 0 0
604.296 1.27413e+45 1.27413e+45 1.30788e+45 1.30789e+45 1.30789e+45 4.61902e+43 0 2.63056e+39 4.67406e+45 4.64348e+42 0 0 0
697.831 9.96862e+44 9.96862e+44 1.02742e+45 1.02742e+45 1.02742e+45 3.64376e+43 0 2.6343e+37 4.01356e+45 4.64348e+42 0 0 0
805.842 7.80351e+44 7.80351e+44 8.0804e+44 8.0804e+44 8.0804e+44 2.87749e+43 0 1.23727e+35 3.44197e+45 4.64348e+42 0 0 0
930.572 6.11039e+44 6.11039e+44 6.36145e+44 6.36145e+44 6.36145e+44 2.27433e+43 0 2.42412e+32 2.94742e+45 4.64348e+42 0 0 0
1074.61 4.78451e+44 4.78451e+44 5.01223e+44 5.01223e+44 5.01223e+44 1.79871e+43 0 1.73045e+29 2.51964e+45 4.64348e+42 0 0 0
1240.94 3.74487e+44 3.74487e+44 3.95144e+44 3.95144e+44 3.95144e+44 1.42302e+43 0 3.84957e+25 2.14974e+45 4.64348e+42 0 0 0
1433.01 2.92874e+44 2.92874e+44 3.11608e+44 3.11608e+44 3.11608e+44 1.12579e+43 0 2.22811e+21 1.83004e+45 4.64348e+42 0 0 0
1654.82 2.28751e+44 2.28751e+44 2.4573e+44 2.4573e+44 2.4573e+44 8.90318e+42 0 2.72414e+16 1.55388e+45 4.64348e+42 0 0 0
1910.95 1.78339e+44 1.78339e+44 1.93712e+44 1.93712e+44 1.93712e+44 7.03562e+42 0 5.53066e+10 1.31552e+45 4.64348e+42 0 0 0
2206.73 1.38699e+44 1.38699e+44 1.52595e+44 1.52595e+44 1.52595e+44 5.55324e+42 0 14121.7 1.10998e+45 4.64348e+42 0 0 0
2548.3 1.07535e+44 1.07535e+44 1.2007e+44 1.2007e+44 1.2007e+44 4.37607e+42 0 0.000328993 9.32947e+44 4.64348e+42 0 0 0
2942.73 8.30549e+43 8.30549e+43 9.43329e+43 9.43329e+43 9.43329e+43 3.44125e+42 0 4.82765e-13 7.80711e+44 4.64348e+42 0 0 0
3398.21 6.38515e+43 6.38515e+43 7.39653e+43 7.39653e+43 7.39653e+43 2.6992e+42 0 2.90856e-23 6.50048e+44 4.64348e+42 0 0 0
3924.19 4.88194e+43 4.88194e+43 5.7854e+43 5.7854e+43 5.7854e+43 2.11072e+42 0 4.38926e-35 5.38173e+44 4.64348e+42 0 0 0
4531.58 3.7087e+43 3.7087e+43 4.51208e+43 4.51208e+43 4.51208e+43 1.64472e+42 0 9.37637e-49 4.42671e+44 4.64348e+42 0 0 0
5232.99 2.84466e+43 2.84466e+43 3.53413e+43 3.53413e+43 3.53413e+43 1.28807e+42 0 1.46692e-64 3.67677e+44 4.64348e+42 0 0 0
6042.96 2.13805e+43 2.13805e+43 2.74258e+43 2.74258e+43 2.74258e+43 9.97758e+41 0 7.8524e-83 2.99302e+44 4.64348e+42 0 0 0
6978.31 1.59394e+43 1.59394e+43 2.12044e+43 2.12044e+43 2.12044e+43 7.69588e+41 0 5.97265e-104 2.41738e+44 4.64348e+42 0 0 0
8058.42 1.17768e+43 1.17768e+43 1.63288e+43 1.63288e+43 1.63288e+43 5.90906e+41 0 2.33974e-128 1.93571e+44 4.64348e+42 0 0 0
9305.72 8.6165e+42 8.6165e+42 1.25207e+43 1.25207e+43 1.25207e+43 4.51557e+41 0 1.46237e-156 1.53552e+44 4.64348e+42 0 0 0
10746.1 6.23798e+42 6.23798e+42 9.55813e+42 9.55813e+42 9.55813e+42 3.43385e+41 0 3.76802e-189 1.20571e+44 4.64348e+42 0 0 0
12409.4 4.46527e+42 4.46527e+42 7.26323e+42 7.26323e+42 7.26323e+42 2.59835e+41 0 8.3876e-227 9.36418e+43 4.64348e+42 0 0 0
14330.1 3.15833e+42 3.15833e+42 5.49393e+42 5.49393e+42 5.49393e+42 1.95648e+41 0 0 7.18802e+43 4.64348e+42 0 0 0
16548.2 2.20615e+42 2.20615e+42 4.13668e+42 4.13668e+42 4.13668e+42 1.46611e+41 0 0 5.44959e+43 4.64348e+42 0 0 0
19109.5 1.52126e+42 1.52126e+42 3.10097e+42 3.10097e+42 3.10097e+42 1.09362e+41 0 0 4.07825e+43 4.64348e+42 0 0 0
22067.3 1.03528e+42 1.03528e+42 2.31485e+42 2.31485e+42 2.31485e+42 8.12291e+40 0 0 3.01114e+43 4.64348e+42 0 0 0
25483 6.95329e+41 6.95329e+41 1.72134e+42 1.72134e+42 1.72134e+42 6.01009e+40 0 0 2.19279e+43 4.64348e+42 0 0 0
29427.3 4.60997e+41 4.60997e+41 1.2756e+42 1.2756e+42 1.2756e+42 4.43188e+40 0 0 1.57475e+43 4.64348e+42 0 0 0
33982.1 3.01865e+41 3.01865e+41 9.42508e+41 9.42508e+41 9.42508e+41 3.25896e+40 0 0 1.11538e+43 4.64348e+42 0 0 0
39241.9 1.95393e+41 1.95393e+41 6.94745e+41 6.94745e+41 6.94745e+41 2.39128e+40 0 0 7.79452e+42 4.64348e+42 0 0 0
45315.8 1.25179e+41 1.25179e+41 5.11223e+41 5.11223e+41 5.11223e+41 1.752e+40 0 0 5.37774e+42 4.64348e+42 0 0 0
52329.9 7.95034e+40 7.95034e+40 3.75778e+41 3.75778e+41 3.75778e+41 1.28262e+40 0 0 3.66671e+42 4.64348e+42 0 0 0
60429.6 5.01605e+40 5.01605e+40 2.76114e+41 2.76114e+41 2.76114e+41 9.38937e+39 0 0 2.47385e+42 4.64348e+42 0 0 0
69783.1 3.15147e+40 3.15147e+40 2.02947e+41 2.02947e+41 2.02947e+41 6.8779e+39 0 0 1.65411e+42 4.64348e+42 0 0 0
80584.2 1.97715e+40 1.97715e+40 1.49316e+41 1.49316e+41 1.49316e+41 5.0449e+39 0 0 1.09802e+42 4.64348e+42 0 0 0
93057.2 1.24236e+40 1.24236e+40 1.10035e+41 1.10035e+41 1.10035e+41 3.70766e+39 0 0 7.24976e+41 4.64348e+42 0 0 0
107461 7.84357e+39 7.84357e+39 8.12651e+40 8.12651e+40 8.12651e+40 2.73175e+39 0 0 4.76988e+41 4.64348e+42 0 0 0
124094 4.99128e+39 4.99128e+39 6.01777e+40 6.01777e+40 6.01777e+40 2.01876e+39 0 0 3.13244e+41 4.64348e+42 0 0 0
143301 3.21114e+39 3.21114e+39 4.46989e+40 4.46989e+40 4.46989e+40 1.49692e+39 0 0 2.05599e+41 4.64348e+42 0 0 0
165482 2.09438e+39 2.09438e+39 3.33133e+40 3.33133e+40 3.33133e+40 1.11405e+39 0 0 1.34978e+41 4.64348e+42 0 0 0
191095 1.38813e+39 1.38813e+39 2.49163e+40 2.49163e+40 2.49163e+40 8.32308e+38 0 0 8.86445e+40 4.64348e+42 0 0 0
220673 9.36723e+38 9.36723e+38 1.87043e+40 1.87043e+40 1.87043e+40 6.24275e+38 0 0 5.81952e+40 4.64348e+42 0 0 0
254830 6.4449e+38 6.4449e+38 1.40929e+40 1.40929e+40 1.40929e+40 4.70096e+38 0 0 3.81318e+40 4.64348e+42 0 0 0
294273 4.52542e+38 4.52542e+38 1.06572e+40 1.06572e+40 1.06572e+40 3.5538e+38 0 0 2.48755e+40 4.64348e+42 0 0 0
339821 3.24473e+38 3.24473e+38 8.08777e+39 8.08777e+39 8.08777e+39 2.69684e+38 0 0 1.61012e+40 4.64348e+42 0 0 0
392419 2.37611e+38 2.37611e+38 6.159e+39 6.159e+39 6.159e+39 2.05409e+38 0 0 1.02959e+40 4.64348e+42 0 0 0
453158 1.77708e+38 1.77708e+38 4.70573e+39 4.70573e+39 4.70573e+39 1.57009e+38 0 0 6.46982e+39 4.64348e+42 0 0 0
523299 1.35705e+38 1.35705e+38 3.60674e+39 3.60674e+39 3.60674e+39 1.20423e+38 1.39866e+36 0 3.97019e+39 4.64348e+42 0 0 0
604296 1.05767e+38 1.05767e+38 2.77275e+39 2.77275e+39 2.77275e+39 9.26643e+37 1.40448e+36 0 2.36164e+39 4.64348e+42 0 0 0
697831 8.40856e+37 8.40856e+37 2.13767e+39 2.13767e+39 2.13767e+39 7.15263e+37 1.41029e+36 0 1.35006e+39 4.64348e+42 0 0 0
805842 6.81344e+37 6.81344e+37 1.65247e+39 1.65247e+39 1.65247e+39 5.53731e+37 1.4161e+36 0 7.34275e+38 4.64348e+42 0 0 0
930572 5.62147e+37 5.62147e+37 1.28055e+39 1.28055e+39 1.28055e+39 4.29862e+37 1.42191e+36 0 3.75527e+38 4.64348e+42 0 0 0
1.07461e+06 4.71657e+37 4.71657e+37 9.94559e+38 9.94559e+38 9.94559e+38 3.3455e+37 1.42917e+36 0 1.78146e+38 4.64348e+42 0 0 0
1.24094e+06 4.0178e+37 4.0178e+37 7.73946e+38 7.73946e+38 7.73946e+38 2.60961e+37 1.43075e+36 0 7.71524e+37 4.64348e+42 0 0 0
1.43301e+06 3.46707e+37 3.46707e+37 6.03218e+38 6.03218e+38 6.03218e+38 2.03945e+37 1.43276e+36 0 2.99387e+37 4.64348e+42 0 0 0
1.65482e+06 3.0229e+37 3.0229e+37 4.70684e+38 4.70684e+38 4.70684e+38 1.59618e+37 1.43533e+36 0 1.01869e+37 4.64348e+42 0 0 0
1.91095e+06 2.65598e+37 2.65598e+37 3.67507e+38 3.67507e+38 3.67507e+38 1.25047e+37 1.43887e+36 0 2.96526e+36 4.64348e+42 0 0 0
2.20673e+06 2.3455e+37 2.3455e+37 2.86984e+38 2.86984e+38 2.86984e+38 9.80071e+36 1.44342e+36 0 7.17978e+35 4.64348e+42 0 0 0
2.5483e+06 2.0767e+37 2.0767e+37 2.24013e+38 2.24013e+38 2.24013e+38 7.68058e+36 1.44937e+36 0 1.4006e+35 4.64348e+42 0 0 0
2.94273e+06 1.8391e+37 1.8391e+37 1.74688e+38 1.74688e+38 1.74688e+38 6.01489e+36 1.45717e+36 0 2.12248e+34 4.64348e+42 0 0 0
3.39821e+06 1.62542e+37 1.62542e+37 1.36012e+38 1.36012e+38 1.36012e+38 4.70428e+36 1.46813e+36 0 2.3968e+33 4.64348e+42 0 0 0
3.92419e+06 1.43073e+37 1.43073e+37 1.05672e+38 1.05672e+38 1.05672e+38 3.67214e+36 1.48244e+36 0 1.92314e+32 4.64348e+42 0 0 0
4.53158e+06 1.25191e+37 1.25191e+37 8.18765e+37 8.18765e+37 8.18765e+37 2.85913e+36 1.50108e+36 0 1.03828e+31 4.64348e+42 0 0 0
5.23299e+06 1.08717e+37 1.08717e+37 6.32308e+37 6.32308e+37 6.32308e+37 2.2191e+36 1.52507e+36 0 3.5433e+29 4.64348e+42 0 0 0
6.04296e+06 9.35674e+36 9.35674e+36 4.86454e+37 4.86454e+37 4.86454e+37 1.71602e+36 1.55819e+36 0 7.11434e+27 4.64348e+42 0 0 0
6.97831e+06 7.97166e+36 7.97166e+36 3.72648e+37 3.72648e+37 3.72648e+37 1.32157e+36 1.59821e+36 0 7.73899e+25 4.64348e+42 0 0 0
8.05842e+06 6.71733e+36 6.71733e+36 2.84149e+37 2.84149e+37 2.84149e+37 1.0134e+36 1.64722e+36 0 4.14815e+23 4.64348e+42 0 0 0
9.30572e+06 5.59533e+36 5.59533e+36 2.1562e+37 2.1562e+37 2.1562e+37 7.73799e+35 1.70348e+36 0 9.82205e+20 4.64348e+42 0 0 0
1.07461e+07 4.6061e+36 4.6061e+36 1.62822e+37 1.62822e+37 1.62822e+37 5.8865e+35 1.78224e+36 0 9.05843e+17 4.64348e+42 0 0 0
1.24094e+07 3.74751e+36 3.74751e+36 1.22369e+37 1.22369e+37 1.22369e+37 4.46498e+35 1.85599e+36 0 2.8143e+14 4.64348e+42 0 0 0
1.43301e+07 3.01432e+36 3.01432e+36 9.15549e+36 9.15549e+36 9.15549e+36 3.38197e+35 1.92893e+36 0 2.4914e+10 4.64348e+42 0 0 0
1.65482e+07 2.39826e+36 2.39826e+36 6.82197e+36 6.82197e+36 6.82197e+36 2.56405e+35 1.99806e+36 0 518043 4.64348e+42 0 0 0
1.91095e+07 1.88876e+36 1.88876e+36 5.06501e+36 5.06501e+36 5.06501e+36 1.95379e+35 2.05964e+36 0 2.02442 4.64348e+42 0 0 0
2.20673e+07 1.47349e+36 1.47349e+36 3.74886e+36 3.74886e+36 3.74886e+36 1.50144e+35 2.11158e+36 0 1.14935e-06 4.64348e+42 0 0 0
2.5483e+07 1.13983e+36 1.13983e+36 2.76802e+36 2.76802e+36 2.76802e+36 1.17124e+35 2.14726e+36 0 7.04298e-14 4.64348e+42 0 0 0
2.94273e+07 8.75218e+35 8.75218e+35 2.04038e+36 2.04038e+36 2.04038e+36 9.32439e+34 2.14751e+36 0 3.30504e-22 4.64348e+42 0 0 0
3.39821e+07 6.68026e+35 6.68026e+35 1.50311e+36 1.50311e+36 1.50311e+36 7.62849e+34 2.10614e+36 0 7.99131e-32 4.64348e+42 0 0 0
3.92419e+07 5.07421e+35 5.07421e+35 1.10753e+36 1.10753e+36 1.10753e+36 6.40425e+34 2.02234e+36 0 6.30014e-43 4.64348e+42 0 0 0
4.53158e+07 3.84315e+35 3.84315e+35 8.17518e+35 8.17518e+35 8.17518e+35 5.53757e+34 1.91132e+36 0 9.54714e-56 4.64348e+42 0 0 0
5.23299e+07 2.90739e+35 2.90739e+35 6.05367e+35 6.05367e+35 6.05367e+35 4.91412e+34 1.78273e+36 0 1.5106e-70 4.64348e+42 0 0 0
6.04296e+07 2.19968e+35 2.19968e+35 4.50106e+35 4.50106e+35 4.50106e+35 4.43522e+34 1.62331e+36 0 1.23341e-87 4.64348e+42 0 0 0
6.97831e+07 1.66598e+35 1.66598e+35 3.36248e+35 3.36248e+35 3.36248e+35 4.03597e+34 1.44084e+36 0 2.3029e-107 4.64348e+42 0 0 0
8.05842e+07 1.26412e+35 1.26412e+35 2.52506e+35 2.52506e+35 2.52506e+35 3.68198e+34 1.23717e+36 0 3.84101e-130 4.64348e+42 0 0 0
9.30572e+07 9.60888e+34 9.60888e+34 1.9054e+35 1.9054e+35 1.9054e+35 3.34434e+34 1.02003e+36 0 1.93289e-156 4.64348e+42 0 0 0
1.07461e+08 7.30654e+34 7.30654e+34 1.44234e+35 1.44234e+35 1.44234e+35 2.99976e+34 7.97005e+35 0 8.3782e-187 4.64348e+42 377.624 0 0
1.24094e+08 5.56353e+34 5.56353e+34 1.0961e+35 1.0961e+35 1.0961e+35 2.66895e+34 6.16432e+35 0 7.35493e-222 4.64348e+42 331.749 0 0
1.43301e+08 4.2324e+34 4.2324e+34 8.34118e+34 8.34118e+34 8.34118e+34 2.33928e+34 4.67742e+35 0 2.45726e-262 4.64348e+42 291.447 0 0
1.65482e+08 3.20825e+34 3.20825e+34 6.33804e+34 6.33804e+34 6.33804e+34 2.01021e+34 3.49153e+35 0 0 4.64348e+42 256.041 0 0
1.91095e+08 2.40339e+34 2.40339e+34 4.76839e+34 4.76839e+34 4.76839e+34 1.66496e+34 2.5168e+35 0 0 4.64348e+42 224.936 0 0
2.20673e+08 1.79568e+34 1.79568e+34 3.58404e+34 3.58404e+34 3.58404e+34 1.36689e+34 1.85015e+35 0 0 4.64348e+42 197.61 0 0
2.5483e+08 1.33075e+34 1.33075e+34 2.67606e+34 2.67606e+34 2.67606e+34 1.09945e+34 1.34869e+35 0 0 4.64348e+42 173.604 0 0
2.94273e+08 9.77385e+33 9.77385e+33 1.98297e+34 1.98297e+34 1.98297e+34 8.6679e+33 9.74611e+34 0 0 4.64348e+42 152.514 0 0
3.39821e+08 7.05003e+33 7.05003e+33 1.44485e+34 1.44485e+34 1.44485e+34 6.58034e+33 6.91046e+34 0 0 4.64348e+42 139.897 0 0
3.92419e+08 5.08988e+33 5.08988e+33 1.05487e+34 1.05487e+34 1.05487e+34 5.01578e+33 5.01343e+34 0 0 4.64348e+42 133.986 0 0
4.53158e+08 3.65015e+33 3.65015e+33 7.65756e+33 7.65756e+33 7.65756e+33 3.77709e+33 3.62486e+34 0 0 4.64348e+42 128.324 0 0
5.23299e+08 2.59283e+33 2.59283e+33 5.5109e+33 5.5109e+33 5.5109e+33 2.7947e+33 2.61239e+34 0 0 4.64348e+42 122.902 0 0
6.04296e+08 1.83129e+33 1.83129e+33 3.94668e+33 3.94668e+33 3.94668e+33 2.04852e+33 1.86288e+34 0 0 4.64348e+42 117.709 0 0
6.97831e+08 1.30103e+33 1.30103e+33 2.84683e+33 2.84683e+33 2.84683e+33 1.52554e+33 1.35821e+34 0 0 4.64348e+42 112.735 0 0
8.05842e+08 9.11491e+32 9.11491e+32 2.04127e+33 2.04127e+33 2.04127e+33 1.12781e+33 9.88829e+33 0 0 4.64348e+42 107.972 0 0
9.30572e+08 5.83814e+32 5.83814e+32 1.42379e+33 1.42379e+33 1.42379e+33 8.20944e+32 7.18259e+33 0 0 4.64348e+42 103.409 0 0
1.07461e+09 2.24627e+32 2.24627e+32 8.68829e+32 8.68829e+32 8.68829e+32 5.84079e+32 5.14112e+33 0 0 4.64348e+42 103.782 0 0
1.24094e+09 1.06422e+31 1.06422e+31 3.71636e+32 3.71636e+32 3.71636e+32 4.28665e+32 3.76779e+33 0 0 4.64348e+42 109.143 0 0
1.43301e+09 6.14127e+26 6.14127e+26 1.05317e+32 1.05317e+32 1.05317e+32 3.18187e+32 2.75356e+33 0 0 4.64348e+42 114.782 0 0
1.65482e+09 3.35402e+14 3.35402e+14 2.62917e+31 2.62917e+31 2.62917e+31 2.36246e+32 2.00592e+33 0 0 4.64348e+42 120.711 0 0
1.91095e+09 1.42224e-17 1.42224e-17 6.97458e+30 6.97458e+30 6.97458e+30 1.73376e+32 1.43622e+33 0 0 4.64348e+42 126.947 0 0
2.20673e+09 1.32909e-87 1.32909e-87 2.1037e+30 2.1037e+30 2.1037e+30 1.30081e+32 1.05442e+33 0 0 4.64348e+42 133.505 0 0
2.5483e+09 8.31306e-225 8.31306e-225 7.13008e+29 7.13008e+29 7.13008e+29 9.7311e+31 7.71789e+32 0 0 4.64348e+42 140.402 0 0
2.94273e+09 0 0 2.68282e+29 2.68282e+29 2.68282e+29 7.24405e+31 5.62976e+32 0 0 4.64348e+42 147.655 0 0
3.39821e+09 0 0 1.09789e+29 1.09789e+29 1.09789e+29 5.2922e+31 4.03549e+32 0 0 4.64348e+42 155.282 0 0
3.92419e+09 0 0 4.94335e+28 4.94335e+28 4.94335e+28 3.95794e+31 2.96285e+32 0 0 4.64348e+42 163.304 0 0
4.53158e+09 0 0 2.38775e+28 2.38775e+28 2.38775e+28 2.94989e+31 2.16692e+32 0 0 4.64348e+42 171.74 0 0
5.23299e+09 0 0 1.22537e+28 1.22537e+28 1.22537e+28 2.19075e+31 1.57783e+32 0 0 4.64348e+42 180.612 0 0
6.04296e+09 0 0 6.55354e+27 6.55354e+27 6.55354e+27 1.59283e+31 1.12978e+32 0 0 4.64348e+42 189.942 0 0
6.97831e+09 0 0 3.73102e+27 3.73102e+27 3.73102e+27 1.1886e+31 8.27844e+31 0 0 4.64348e+42 199.755 0 0
8.05842e+09 0 0 2.20746e+27 2.20746e+27 2.20746e+27 8.83884e+30 6.04762e+31 0 0 4.64348e+42 210.074 0 0
9.30572e+09 0 0 1.34693e+27 1.34693e+27 1.34693e+27 6.5296e+30 4.40427e+31 0 0 4.64348e+42 220.926 0 0
1.07461e+10 0 0 8.36595e+26 8.36595e+26 8.36595e+26 4.73434e+30 3.16112e+31 0 0 4.64348e+42 247.883 0 0
1.24094e+10 0 0 5.40695e+26 5.40695e+26 5.40695e+26 3.50267e+30 2.32262e+31 0 0 4.64348e+42 296.737 0 0
1.43301e+10 0 0 3.56166e+26 3.56166e+26 3.56166e+26 2.57476e+30 1.70184e+31 0 0 4.64348e+42 355.22 0 0
1.65482e+10 0 0 2.39001e+26 2.39001e+26 2.39001e+26 1.88644e+30 1.24281e+31 0 0 4.64348e+42 425.228 0 0
1.91095e+10 0 0 1.60974e+26 1.60974e+26 1.60974e+26 1.35456e+30 8.91364e+30 0 0 4.64348e+42 509.034 0 0
2.20673e+10 0 0 1.12186e+26 1.12186e+26 1.12186e+26 9.96056e+29 6.54897e+30 0 0 4.64348e+42 609.357 34.7254 0
2.5483e+10 0 0 7.91897e+25 7.91897e+25 7.91897e+25 7.29767e+29 4.79405e+30 0 0 4.64348e+42 729.453 22.9578 0
2.94273e+10 0 0 5.65552e+25 5.65552e+25 5.65552e+25 5.32912e+29 3.49591e+30 0 0 4.64348e+42 873.217 15.5417 0
3.39821e+10 0 0 4.02436e+25 4.02436e+25 4.02436e+25 3.81268e+29 2.499e+30 0 0 4.64348e+42 1045.31 10.7604 0
3.92419e+10 0 0 2.9641e+25 2.9641e+25 2.9641e+25 2.80563e+29 1.83466e+30 0 0 4.64348e+42 1251.33 7.61059 0
4.53158e+10 0 0 2.20318e+25 2.20318e+25 2.20318e+25 2.05942e+29 1.34321e+30 0 0 4.64348e+42 1497.95 5.49245 0
5.23299e+10 0 0 1.65183e+25 1.65183e+25 1.65183e+25 1.50883e+29 9.80342e+29 0 0 4.64348e+42 1793.17 4.04008 0
6.04296e+10 0 0 1.23042e+25 1.23042e+25 1.23042e+25 1.08557e+29 7.01203e+29 0 0 4.64348e+42 2146.58 3.02568 0
6.97831e+10 0 0 9.46432e+24 9.46432e+24 9.46432e+24 8.02783e+28 5.15763e+29 0 0 4.64348e+42 2569.64 2.3047 0
8.05842e+10 0 0 7.31746e+24 7.31746e+24 7.31746e+24 5.91894e+28 3.78374e+29 0 0 4.64348e+42 3076.08 1.78376 0
9.30572e+10 0 0 5.68166e+24 5.68166e+24 5.68166e+24 4.35081e+28 2.76699e+29 0 0 4.64348e+42 3682.32 1.40144 0
1.07461e+11 0 0 4.35583e+24 4.35583e+24 4.35583e+24 3.13238e+28 1.9807e+29 0 0 4.64348e+42 4408.06 1.11671 0
1.24094e+11 0 0 3.4366e+24 3.4366e+24 3.4366e+24 2.31381e+28 1.45792e+29 0 0 4.64348e+42 5276.82 0.901709 0
1.43301e+11 0 0 2.71529e+24 2.71529e+24 2.71529e+24 1.7026e+28 1.06977e+29 0 0 4.64348e+42 6316.8 0.737233 0
1.65482e+11 0 0 2.14625e+24 2.14625e+24 2.14625e+24 1.24746e+28 7.82051e+28 0 0 4.64348e+42 7561.75 0.609868 0
1.91095e+11 0 0 1.66917e+24 1.66917e+24 1.66917e+24 8.94506e+27 5.59053e+28 0 0 4.64348e+42 9052.05 0.510106 0
2.20673e+11 0 0 1.33506e+24 1.33506e+24 1.33506e+24 6.58644e+27 4.11027e+28 0 0 4.64348e+42 10836.1 0.431129 0
2.5483e+11 0 0 1.06747e+24 1.06747e+24 1.06747e+24 4.8321e+27 3.01181e+28 0 0 4.64348e+42 12971.7 0.367983 0
2.94273e+11 0 0 8.52834e+23 8.52834e+23 8.52834e+23 3.5318e+27 2.19835e+28 0 0 4.64348e+42 15528.2 0.317029 0
3.39821e+11 0 0 6.69419e+23 6.69419e+23 6.69419e+23 2.52725e+27 1.56814e+28 0 0 4.64348e+42 0 0.275565 0
3.92419e+11 0 0 5.40254e+23 5.40254e+23 5.40254e+23 1.85827e+27 1.15087e+28 0 0 4.64348e+42 0 0.241562 0
4.53158e+11 0 0 4.35345e+23 4.35345e+23 4.35345e+23 1.36147e+27 8.41635e+27 0 0 4.64348e+42 0 0.213483 0
5.23299e+11 0 0 3.50107e+23 3.50107e+23 3.50107e+23 9.93706e+26 6.12966e+27 0 0 4.64348e+42 0 0.190154 0
6.04296e+11 0 0 2.76098e+23 2.76098e+23 2.76098e+23 7.09571e+26 4.35984e+27 0 0 4.64348e+42 0 0.170669 0
6.97831e+11 0 0 2.23794e+23 2.23794e+23 2.23794e+23 5.20844e+26 3.19161e+27 0 0 4.64348e+42 0 0.154323 0
8.05842e+11 0 0 1.8091e+23 1.8091e+23 1.8091e+23 3.80881e+26 2.3275e+27 0 0 4.64348e+42 0 0.140565 0
9.30572e+11 0 0 1.45777e+23 1.45777e+23 1.45777e+23 2.77426e+26 1.68989e+27 0 0 4.64348e+42 0 0.12896 0
1.07461e+12 0 0 1.14961e+23 1.14961e+23 1.14961e+23 1.97538e+26 1.19716e+27 0 0 4.64348e+42 0 0.119166 0
1.24094e+12 0 0 9.31351e+22 9.31351e+22 9.31351e+22 1.44645e+26 8.73257e+26 0 0 4.64348e+42 0 0.110908 0
1.43301e+12 0 0 7.51366e+22 7.51366e+22 7.51366e+22 1.05493e+26 6.34338e+26 0 0 4.64348e+42 0 0.103969 0
1.65482e+12 0 0 6.03194e+22 6.03194e+22 6.03194e+22 7.66129e+25 4.58567e+26 0 0 4.64348e+42 0 0.098177 0
1.91095e+12 0 0 4.72639e+22 4.72639e+22 4.72639e+22 5.43401e+25 3.23056e+26 0 0 4.64348e+42 0 0.0933933 0
2.20673e+12 0 0 3.79983e+22 3.79983e+22 3.79983e+22 3.96529e+25 2.3448e+26 0 0 4.64348e+42 0 0.0895108 0
2.5483e+12 0 0 3.0344e+22 3.0344e+22 3.0344e+22 2.88107e+25 1.69398e+26 0 0 4.64348e+42 0 0.0864461 0
2.94273e+12 0 0 2.40431e+22 2.40431e+22 2.40431e+22 2.0837e+25 1.21724e+26 0 0 4.64348e+42 0 0.0841374 0
3.39821e+12 0 0 1.85139e+22 1.85139e+22 1.85139e+22 1.46992e+25 8.50899e+25 0 0 4.64348e+42 0 0.082541 0
3.92419e+12 0 0 1.45902e+22 1.45902e+22 1.45902e+22 1.06747e+25 6.13361e+25 0 0 4.64348e+42 0 0.08163 0
4.53158e+12 0 0 1.1373e+22 1.1373e+22 1.1373e+22 7.715e+24 4.39786e+25 0 0 4.64348e+42 0 0.0813928 0
5.23299e+12 0 0 8.75568e+21 8.75568e+21 8.75568e+21 5.54746e+24 3.13407e+25 0 0 4.64348e+42 0 0.0818329 0
6.04296e+12 0 0 6.5103e+21 6.5103e+21 6.5103e+21 3.88389e+24 2.16742e+25 0 0 4.64348e+42 0 0.0829683 0
6.97831e+12 0 0 4.93705e+21 4.93705e+21 4.93705e+21 2.80164e+24 1.54766e+25 0 0 4.64348e+42 0 0.0848322 0
8.05842e+12 0 0 3.68474e+21 3.68474e+21 3.68474e+21 2.01002e+24 1.09829e+25 0 0 4.64348e+42 0 0.0874729 0
9.30572e+12 1.03965e-289 1.03965e-289 2.70335e+21 2.70335e+21 2.70335e+21 1.43368e+24 7.73875e+24 0 0 4.64348e+42 0 0.0909553 0
1.07461e+13 8.86637e-255 8.86638e-255 1.90433e+21 1.90433e+21 1.90433e+21 9.93239e+23 5.27322e+24 0 0 4.64348e+42 0 0.0953611 0
1.24094e+13 1.06759e-223 1.0676e-223 1.36676e+21 1.36676e+21 1.36676e+21 7.09861e+23 3.71733e+24 0 0 4.64348e+42 0 0.10079 0
1.43301e+13 4.45537e-196 4.45538e-196 9.63355e+20 9.63355e+20 9.63355e+20 5.04149e+23 2.60133e+24 0 0 4.64348e+42 0 0.10736 0
1.65482e+13 1.49719e-171 1.49719e-171 6.66825e+20 6.66825e+20 6.66825e+20 3.5561e+23 1.80503e+24 0 0 4.64348e+42 0 0.115206 0
1.91095e+13 8.44426e-150 8.44428e-150 4.42235e+20 4.42235e+20 4.42235e+20 2.42806e+23 1.20528e+24 0 0 4.64348e+42 0 0.12448 0
2.20673e+13 1.68989e-130 1.68989e-130 3.00141e+20 3.00141e+20 3.00141e+20 1.71338e+23 8.35046e+23 0 0 4.64348e+42 0 0.135345 0
2.5483e+13 2.13113e-113 2.13114e-113 2.00514e+20 2.00514e+20 2.00514e+20 1.20005e+23 5.73425e+23 0 0 4.64348e+42 0 0.147968 0
2.94273e+13 2.93774e-98 2.93775e-98 1.31934e+20 1.31934e+20 1.31934e+20 8.33704e+22 3.89766e+23 0 0 4.64348e+42 0 0.162507 0
3.39821e+13 7.04855e-85 7.04859e-85 8.3145e+19 8.3145e+19 8.3145e+19 5.57903e+22 2.53138e+23 0 0 4.64348e+42 0 0.179093 0
3.92419e+13 4.92813e-73 4.92817e-73 5.40327e+19 5.40327e+19 5.40327e+19 3.8692e+22 1.71343e+23 0 0 4.64348e+42 0 0.197804 0
4.53158e+13 1.42695e-62 1.42697e-62 3.46704e+19 3.46704e+19 3.46704e+19 2.65912e+22 1.1472e+23 0 0 4.64348e+42 0 0.218621 0
5.23299e+13 2.43566e-53 2.43569e-53 2.19687e+19 2.19687e+19 2.19687e+19 1.80948e+22 7.58499e+22 0 0 4.64348e+42 0 0.241387 0
6.04296e+13 3.24755e-45 3.2476e-45 1.32918e+19 1.32918e+19 1.32918e+19 1.17765e+22 4.74236e+22 0 0 4.64348e+42 0 0.265741 0
6.97831e+13 4.87709e-38 4.87719e-38 8.35844e+18 8.35844e+18 8.35844e+18 7.97668e+21 3.11137e+22 0 0 4.64348e+42 0 0.291055 0
8.05842e+13 1.00797e-31 1.00799e-31 5.19498e+18 5.19498e+18 5.19498e+18 5.3424e+21 2.01381e+22 0 0 4.64348e+42 0 0.316368 0
9.30572e+13 3.58231e-26 3.58242e-26 3.18958e+18 3.18958e+18 3.18958e+18 3.53431e+21 1.28314e+22 0 0 4.64348e+42 0 0.340344 0
1.07461e+14 2.56052e-21 2.56062e-21 1.85462e+18 1.85462e+18 1.85462e+18 2.21286e+21 7.61272e+21 0 0 4.64348e+42 0 0 0
1.24094e+14 4.86213e-17 4.86241e-17 1.13041e+18 1.13041e+18 1.13041e+18 1.45135e+21 4.79029e+21 0 0 4.64348e+42 0 0 0
1.43301e+14 2.70278e-13 2.70306e-13 6.80062e+17 6.80062e+17 6.80062e+17 9.38419e+20 2.96335e+21 0 0 4.64348e+42 0 0 0
1.65482e+14 5.05193e-10 5.05298e-10 4.03374e+17 4.03374e+17 4.03374e+17 5.97368e+20 1.79717e+21 0 0 4.64348e+42 0 0 0
1.91095e+14 3.40184e-07 3.40331e-07 2.23258e+17 2.23258e+17 2.23258e+17 3.54199e+20 9.91221e+20 0 0 4.64348e+42 0 0 0
2.20673e+14 0.000104648 0.000104736 1.30981e+17 1.30981e+17 1.30981e+17 2.22261e+20 5.89803e+20 0 0 4.64348e+42 0 0 0
2.5483e+14 0.0150456 0.0150686 7.55856e+16 7.55856e+16 7.55856e+16 1.3692e+20 3.43466e+20 0 0 4.64348e+42 0 0 0
2.94273e+14 1.10071 1.10354 4.28397e+16 4.28397e+16 4.28397e+16 8.26724e+19 1.95033e+20 0 0 4.64348e+42 0 0 0
3.39821e+14 41.0086 41.1728 2.21044e+16 2.21044e+16 2.21044e+16 4.53403e+19 9.70558e+19 0 0 4.64348e+42 0 0 0
3.92419e+14 986.289 992.056 1.22975e+16 1.22975e+16 1.22975e+16 2.67602e+19 5.35822e+19 0 0 4.64348e+42 0 0 0
4.53158e+14 14751.7 14870.6 6.69113e+15 6.69113e+15 6.69113e+15 1.54129e+19 2.87867e+19 0 0 4.64348e+42 0 0 0
5.23299e+14 144499 146025 3.55503e+15 3.55503e+15 3.55503e+15 8.64838e+18 1.49765e+19 0 0 4.64348e+42 0 0 0
6.04296e+14 869489 881005 1.65023e+15 1.65023e+15 1.65023e+15 4.23058e+18 6.4323e+18 0 0 4.64348e+42 0 0 0
6.97831e+14 4.25383e+06 4.3218e+06 8.49578e+14 8.49578e+14 8.49578e+14 2.29069e+18 3.21094e+18 0 0 4.64348e+42 0 0 0
8.05842e+14 1.53456e+07 1.56315e+07 4.23993e+14 4.23993e+14 4.23993e+14 1.19976e+18 1.5491e+18 0 0 4.64348e+42 0 0 0
9.30572e+14 4.21281e+07 4.30169e+07 2.04899e+14 2.04899e+14 2.04899e+14 6.0717e+17 7.17592e+17 0 0 4.64348e+42 0 0 0
1.07461e+15 7.6373e+07 7.81503e+07 8.08417e+13 8.08417e+13 8.08417e+13 2.50049e+17 2.48338e+17 0 0 4.64348e+42 0 0 0
1.24094e+15 1.33471e+08 1.36819e+08 3.70603e+13 3.70603e+13 3.70603e+13 1.19644e+17 1.081e+17 0 0 4.64348e+42 0 0 0
1.43301e+15 1.8932e+08 1.94337e+08 1.62524e+13 1.62524e+13 1.62524e+13 5.46036e+16 4.5119e+16 0 0 4.64348e+42 0 0 0
1.65482e+15 2.22378e+08 2.28491e+08 6.82031e+12 6.82031e+12 6.82031e+12 2.37971e+16 1.79145e+16 0 0 4.64348e+42 0 0 0
1.91095e+15 1.67194e+08 1.71888e+08 2.0805e+12 2.0805e+12 2.0805e+12 7.52187e+15 4.45541e+15 0 0 4.64348e+42 0 0 0
2.20673e+15 1.42224e+08 1.46243e+08 8.03052e+11 8.03052e+11 8.03052e+11 3.00102e+15 1.59807e+15 0 0 4.64348e+42 0 0 0
2.5483e+15 1.01976e+08 1.04842e+08 2.8829e+11 2.8829e+11 2.8829e+11 1.11306e+15 5.4519e+14 0 0 4.64348e+42 0 0 0
2.94273e+15 6.27388e+07 6.44719e+07 9.68286e+10 9.68286e+10 9.68286e+10 3.85069e+14 1.76607e+14 0 0 4.64348e+42 0 0 0
3.39821e+15 2.17772e+07 2.23628e+07 1.97993e+10 1.97993e+10 1.97993e+10 8.1023e+13 2.5801e+13 0 0 4.64348e+42 0 0 0
3.92419e+15 1.02024e+07 1.0467e+07 5.84225e+09 5.84225e+09 5.84225e+09 2.45498e+13 6.89435e+12 0 0 4.64348e+42 0 0 0
4.53158e+15 3.99554e+06 4.09474e+06 1.52836e+09 1.52836e+09 1.52836e+09 6.58399e+12 1.72172e+12 0 0 4.64348e+42 0 0 0
5.23299e+15 1.29587e+06 1.32645e+06 3.48682e+08 3.48682e+08 3.48682e+08 1.53747e+12 4.15743e+11 0 0 4.64348e+42 0 0 0
6.04296e+15 194203 198529 3.84652e+07 3.84652e+07 3.84652e+07 1.7333e+11 2.71703e+10 0 0 4.64348e+42 0 0 0
6.97831e+15 48427.9 49440.9 7.34838e+06 7.34838e+06 7.34838e+06 3.37901e+10 4.51697e+09 0 0 4.64348e+42 0 0 0
8.05842e+15 9527.01 9713.16 1.14701e+06 1.14701e+06 1.14701e+06 5.3743e+09 6.55434e+08 0 0 4.64348e+42 0 0 0
9.30572e+15 1366.91 1391.74 134663 134663 134663 6.41996e+08 9.3122e+07 0 0 4.64348e+42 0 0 0
1.07461e+16 64.6898 65.778 5357.95 5357.95 5357.95 2.59527e+07 2.05635e+06 0 0 4.64348e+42 0 0 0
1.24094e+16 6.80116 6.90669 484.979 484.979 484.979 2.3833e+06 155845 0 0 4.64348e+42 0 0 0
1.43301e+16 0.493903 0.500949 30.9616 30.9616 30.9616 154143 8611.2 0 0 4.64348e+42 0 0 0
1.65482e+16 0.0225912 0.0228866 1.26801 1.26801 1.26801 6386.21 408.428 0 0 4.64348e+42 0 0 0
1.91095e+16 0.000173288 0.000175359 0.0088499 0.0088499 0.0088499 45.0297 1.9362 0 0 4.64348e+42 0 0 0
2.20673e+16 4.65545e-06 4.70617e-06 0.000219408 0.000219408 0.000219408 1.12643 0.0399246 0 0 4.64348e+42 0 0 0
2.5483e+16 6.11138e-08 6.17194e-08 2.6911e-06 2.6911e-06 2.6911e-06 0.0139257 0.000438142 0 0 4.64348e+42 0 0 0
2.94273e+16 3.78175e-10 3.81577e-10 1.57292e-08 1.57292e-08 1.57292e-08 8.19768e-05 2.54072e-06 0 0 4.64348e+42 0 0 0
3.39821e+16 1.87953e-13 1.89484e-13 7.45465e-12 7.45465e-12 7.45465e-12 3.91138e-08 1.12389e-09 0 0 4.64348e+42 0 0 0
3.92419e+16 3.29631e-16 3.3206e-16 1.2572e-14 1.2572e-14 1.2572e-14 6.64097e-11 1.85511e-12 0 0 4.64348e+42 0 0 0
4.53158e+16 1.5423e-19 1.55256e-19 5.69806e-18 5.69806e-18 5.69806e-18 3.03171e-14 8.40392e-16 0 0 4.64348e+42 0 0 0
5.23299e+16 1.91496e-23 1.92644e-23 6.89756e-22 6.89756e-22 6.89756e-22 3.69998e-18 1.024e-19 0 0 4.64348e+42 0 0 0
6.04296e+16 9.78714e-29 9.83997e-29 3.45636e-27 3.45636e-27 3.45636e-27 1.87181e-23 5.17467e-25 0 0 4.64348e+42 0 0 0
6.97831e+16 8.96454e-34 9.00804e-34 3.11935e-32 3.11935e-32 3.11935e-32 1.70841e-28 4.72232e-30 0 0 4.64348e+42 0 0 0
8.05842e+16 9.56144e-40 9.6031e-40 3.29242e-38 3.29242e-38 3.29242e-38 1.82714e-34 5.05012e-36 0 0 4.64348e+42 0 0 0
9.30572e+16 0 0 0 0 0 0 0 0 0 4.64348e+42 0 0 0