
1.07461e-07 1.96831e+54 1.96831e+54 1.05879e+55 1.08058e+55 1.09302e+55 2.29079e+53 0 4.01307e+45 4.84415e+48 4.64348e+42 0 0 1
1.24094e-07 2.60996e+54 2.60996e+54 9.05242e+54 9.21353e+54 9.2872e+54 1.9421e+53 0 4.63422e+45 6.50583e+48 4.64348e+42 0 0 1
1.43301e-07 3.07953e+54 3.07953e+54 7.72216e+54 7.84103e+54 7.88455e+54 1.64507e+53 0 5.35152e+45 7.79256e+48 4.64348e+42 0 0 1
1.65482e-07 3.33234e+54 3.33234e+54 6.57459e+54 6.66214e+54 6.68781e+54 1.39219e+53 0 6.17983e+45 8.57657e+48 4.64348e+42 0 0 1
1.91095e-07 3.38144e+54 3.38144e+54 5.5879e+54 5.65228e+54 5.66738e+54 1.17705e+53 0 7.13636e+45 8.86721e+48 4.64348e+42 0 0 1
2.20673e-07 3.27105e+54 3.27105e+54 4.74173e+54 4.789e+54 4.79788e+54 9.94147e+52 0 8.24094e+45 8.75354e+48 4.64348e+42 0 0 1
2.5483e-07 3.05336e+54 3.05336e+54 4.01764e+54 4.0523e+54 4.0575e+54 8.38766e+52 0 9.51649e+45 8.35105e+48 4.64348e+42 0 0 1
2.94273e-07 2.77501e+54 2.77501e+54 3.39914e+54 3.42451e+54 3.42756e+54 7.06872e+52 0 1.09895e+46 7.76835e+48 4.64348e+42 0 0 1
3.39821e-07 2.47179e+54 2.47179e+54 2.87168e+54 2.89024e+54 2.89202e+54 5.95011e+52 0 1.26904e+46 7.09265e+48 4.64348e+42 0 0 1
3.92419e-07 2.16836e+54 2.16836e+54 2.42254e+54 2.43609e+54 2.43713e+54 5.00225e+52 0 1.46547e+46 6.38696e+48 4.64348e+42 0 0 1
4.53158e-07 1.8801e+54 1.8801e+54 2.04063e+54 2.05051e+54 2.05111e+54 4.19985e+52 0 1.6923e+46 5.69312e+48 4.64348e+42 0 0 1
5.23299e-07 1.61545e+54 1.61545e+54 1.71631e+54 1.72351e+54 1.72386e+54 3.52129e+52 0 1.95424e+46 5.03652e+48 4.64348e+42 0 0 1
6.04296e-07 1.37818e+54 1.37818e+54 1.44128e+54 1.44652e+54 1.44672e+54 2.94806e+52 0 2.25672e+46 4.43089e+48 4.64348e+42 0 0 1
6.97831e-07 1.16904e+54 1.16904e+54 1.20837e+54 1.21217e+54 1.21229e+54 2.46439e+52 0 2.60601e+46 3.88206e+48 4.64348e+42 0 0 1
8.05842e-07 9.86962e+53 9.86962e+53 1.0114e+54 1.01415e+54 1.01422e+54 2.05677e+52 0 3.00938e+46 3.39087e+48 4.64348e+42 0 0 1
9.30572e-07 8.2992e+53 8.2992e+53 8.45062e+53 8.47052e+53 8.47091e+53 1.71369e+52 0 3.47517e+46 2.95516e+48 4.64348e+42 0 0 1
1.07461e-06 6.95443e+53 6.95443e+53 7.048e+53 7.06237e+53 7.0626e+53 1.42533e+52 0 4.01307e+46 2.57116e+48 4.64348e+42 0 0 1
1.24094e-06 5.80943e+53 5.80943e+53 5.86711e+53 5.87747e+53 5.87759e+53 1.18331e+52 0 4.63422e+46 2.23431e+48 4.64348e+42 0 0 1
1.43301e-06 4.83903e+53 4.83903e+53 4.8745e+53 4.88195e+53 4.88202e+53 9.80493e+51 0 5.35151e+46 1.93982e+48 4.64348e+42 0 0 1
1.65482e-06 4.0198e+53 4.0198e+53 4.04156e+53 4.04691e+53 4.04695e+53 8.10807e+51 0 6.17983e+46 1.68302e+48 4.64348e+42 0 0 1
1.91095e-06 3.33054e+53 3.33054e+53 3.34386e+53 3.34769e+53 3.34771e+53 6.69081e+51 0 7.13635e+46 1.45949e+48 4.64348e+42 0 0 1
2.20673e-06 2.75237e+53 2.75237e+53 2.7605e+53 2.76324e+53 2.76327e+53 5.50923e+51 0 8.24093e+46 1.26518e+48 4.64348e+42 0 0 1
2.5483e-06 2.26879e+53 2.26879e+53 2.27374e+53 2.2757e+53 2.27571e+53 4.52601e+51 0 9.51648e+46 1.09644e+48 4.64348e+42 0 0 1
2.94273e-06 1.86539e+53 1.86539e+53 1.86839e+53 1.86979e+53 1.86979e+53 3.70949e+51 0 1.09895e+47 9.50022e+47 4.64348e+42 0 0 1
3.39821e-06 1.52975e+53 1.52975e+53 1.53157e+53 1.53256e+53 1.53256e+53 3.03283e+51 0 1.26904e+47 8.23031e+47 4.64348e+42 0 0 1
3.92419e-06 1.25122e+53 1.25122e+53 1.25232e+53 1.25302e+53 1.25302e+53 2.47333e+51 0 1.46547e+47 7.12937e+47 4.64348e+42 0 0 1
4.53158e-06 1.02067e+53 1.02067e+53 1.02134e+53 1.02183e+53 1.02183e+53 2.01178e+51 0 1.69229e+47 6.1752e+47 4.64348e+42 0 0 1
5.23299e-06 8.30357e+52 8.30357e+52 8.30757e+52 8.31104e+52 8.31105e+52 1.63195e+51 0 1.95423e+47 5.34841e+47 4.64348e+42 0 0 1
6.04296e-06 6.73669e+52 6.73669e+52 6.73909e+52 6.74153e+52 6.74154e+52 1.32016e+51 0 2.25671e+47 4.63211e+47 4.64348e+42 0 0 1
6.97831e-06 5.45024e+52 5.45024e+52 5.45167e+52 5.45338e+52 5.45338e+52 1.06491e+51 0 2.606e+47 4.01162e+47 4.64348e+42 0 0 1
8.05842e-06 4.397e+52 4.397e+52 4.39785e+52 4.39905e+52 4.39905e+52 8.56526e+50 0 3.00936e+47 3.47416e+47 4.64348e+42 0 0 1
9.30572e-06 3.53719e+52 3.53719e+52 3.53769e+52 3.53853e+52 3.53853e+52 6.8688e+50 0 3.47516e+47 3.00865e+47 4.64348e+42 0 0 1
1.07461e-05 2.83736e+52 2.83736e+52 2.83766e+52 2.83824e+52 2.83824e+52 5.49182e+50 0 4.01305e+47 2.60548e+47 4.64348e+42 0 0 1
1.24094e-05 2.26948e+52 2.26948e+52 2.26966e+52 2.27006e+52 2.27006e+52 4.37756e+50 0 4.63419e+47 2.25631e+47 4.64348e+42 0 0 1
1.43301e-05 1.81008e+52 1.81008e+52 1.81018e+52 1.81046e+52 1.81046e+52 3.47871e+50 0 5.35147e+47 1.95393e+47 4.64348e+42 0 0 1
1.65482e-05 1.43959e+52 1.43959e+52 1.43965e+52 1.43984e+52 1.43984e+52 2.75596e+50 0 6.17977e+47 1.69206e+47 4.64348e+42 0 0 1
1.91095e-05 1.14175e+52 1.14175e+52 1.14178e+52 1.14191e+52 1.14191e+52 2.17671e+50 0 7.13628e+47 1.46528e+47 4.64348e+42 0 0 1
2.20673e-05 9.03051e+51 9.03051e+51 9.03073e+51 9.03162e+51 9.03162e+51 1.714e+50 0 8.24084e+47 1.26889e+47 4.64348e+42 0 0 1
2.5483e-05 7.12358e+51 7.12358e+51 7.12371e+51 7.12432e+51 7.12432e+51 1.34562e+50 0 9.51635e+47 1.09882e+47 4.64348e+42 0 0 1
2.94273e-05 5.60483e+51 5.60483e+51 5.6049e+51 5.60532e+51 5.60532e+51 1.05333e+50 0 1.09893e+48 9.51542e+46 4.64348e+42 0 0 1
3.39821e-05 4.39891e+51 4.39891e+51 4.39895e+51 4.39923e+51 4.39923e+51 8.22182e+49 0 1.26902e+48 8.24004e+46 4.64348e+42 0 0 1
3.92419e-05 3.4442e+51 3.4442e+51 3.44423e+51 3.44442e+51 3.44442e+51 6.39988e+49 0 1.46544e+48 7.1356e+46 4.64348e+42 0 0 1
4.53158e-05 2.69054e+51 2.69054e+51 2.69055e+51 2.69068e+51 2.69068e+51 4.96846e+49 0 1.69225e+48 6.17919e+46 4.64348e+42 0 0 1
5.23299e-05 2.09723e+51 2.09723e+51 2.09724e+51 2.09732e+51 2.09732e+51 3.84737e+49 0 1.95418e+48 5.35096e+46 4.64348e+42 0 0 1
6.04296e-05 1.63138e+51 1.63138e+51 1.63138e+51 1.63144e+51 1.63144e+51 2.972e+49 0 2.25664e+48 4.63375e+46 4.64348e+42 0 0 1
6.97831e-05 1.26653e+51 1.26653e+51 1.26653e+51 1.26657e+51 1.26657e+51 2.29047e+49 0 2.60591e+48 4.01266e+46 4.64348e+42 0 0 1
8.05842e-05 9.81468e+50 9.81468e+50 9.8147e+50 9.81496e+50 9.81496e+50 1.76133e+49 0 3.00924e+48 3.47482e+46 4.64348e+42 0 0 1
9.30572e-05 7.59248e+50 7.59248e+50 7.59249e+50 7.59267e+50 7.59267e+50 1.35158e+49 0 3.47499e+48 3.00908e+46 4.64348e+42 0 0 1
0.000107461 5.86388e+50 5.86388e+50 5.86389e+50 5.86401e+50 5.86401e+50 1.03507e+49 0 4.01282e+48 2.60575e+46 4.64348e+42 0 0 1
0.000124094 4.52196e+50 4.52196e+50 4.52196e+50 4.52204e+50 4.52204e+50 7.91151e+48 0 4.63389e+48 2.25649e+46 4.64348e+42 0 0 1
0.000143301 3.4822e+50 3.4822e+50 3.4822e+50 3.48225e+50 3.48225e+50 6.03596e+48 0 5.35107e+48 1.95404e+46 4.64348e+42 0 0 1
0.000165482 2.678e+50 2.678e+50 2.678e+50 2.67804e+50 2.67804e+50 4.59684e+48 0 6.17924e+48 1.69213e+46 4.64348e+42 0 0 1
0.000191095 2.05703e+50 2.05703e+50 2.05703e+50 2.05705e+50 2.05705e+50 3.49483e+48 0 7.13557e+48 1.46532e+46 4.64348e+42 0 0 1
0.000220673 1.57828e+50 1.57828e+50 1.57828e+50 1.5783e+50 1.5783e+50 2.65261e+48 0 8.23989e+48 1.26892e+46 4.64348e+42 0 0 1
0.00025483 1.20971e+50 1.20971e+50 1.20971e+50 1.20972e+50 1.20972e+50 2.01013e+48 0 9.51508e+48 1.09884e+46 4.64348e+42 0 0 1
0.000294273 9.26324e+49 9.26324e+49 9.26324e+49 9.26331e+49 9.26331e+49 1.52092e+48 0 1.09876e+49 9.51554e+45 4.64348e+42 0 0 1
0.000339821 7.08697e+49 7.08697e+49 7.08697e+49 7.08702e+49 7.08702e+49 1.14908e+48 0 1.26879e+49 8.24012e+45 4.64348e+42 0 0 1
0.000392419 5.41749e+49 5.41749e+49 5.41749e+49 5.41752e+49 5.41752e+49 8.66933e+47 0 1.46514e+49 7.13565e+45 4.64348e+42 0 0 1
0.000453158 4.13803e+49 4.13803e+49 4.13803e+49 4.13805e+49 4.13805e+49 6.53206e+47 0 1.69185e+49 6.17922e+45 4.64348e+42 0 0 1
0.000523299 3.15835e+49 3.15835e+49 3.15835e+49 3.15836e+49 3.15836e+49 4.91569e+47 0 1.95364e+49 5.35098e+45 4.64348e+42 0 0 1
0.000604296 2.40882e+49 2.40882e+49 2.40882e+49 2.40882e+49 2.40882e+49 3.69517e+47 0 2.25592e+49 4.63376e+45 4.64348e+42 0 0 1
0.000697831 1.8358e+49 1.8358e+49 1.8358e+49 1.83581e+49 1.83581e+49 2.77492e+47 0 2.60496e+49 4.01267e+45 4.64348e+42 0 0 1
0.000805842 1.39805e+49 1.39805e+49 1.39805e+49 1.39806e+49 1.39806e+49 2.08205e+47 0 3.00797e+49 3.47483e+45 4.64348e+42 0 0 1
0.000930572 1.06388e+49 1.06388e+49 1.06388e+49 1.06388e+49 1.06388e+49 1.56103e+47 0 3.4733e+49 3.00908e+45 4.64348e+42 0 0 1
0.00107461 8.08962e+48 8.08962e+48 8.08962e+48 8.08963e+48 8.08963e+48 1.1697e+47 0 4.01057e+49 2.60576e+45 4.64348e+42 0 0 1
0.00124094 6.14644e+48 6.14644e+48 6.14644e+48 6.14645e+48 6.14645e+48 8.76081e+46 0 4.63089e+49 2.25649e+45 4.64348e+42 0 0 1
0.00143301 4.66637e+48 4.66637e+48 4.66637e+48 4.66638e+48 4.66638e+48 6.5597e+46 0 5.34707e+49 1.95404e+45 4.64348e+42 0 0 1
0.00165482 3.53996e+48 3.53996e+48 3.53996e+48 3.53996e+48 3.53996e+48 4.91085e+46 0 6.1739e+49 1.69213e+45 4.64348e+42 0 0 1
0.00191095 2.68343e+48 2.68343e+48 2.68343e+48 2.68343e+48 2.68343e+48 3.67642e+46 0 7.12845e+49 1.46532e+45 4.64348e+42 0 0 1
0.00220673 2.03268e+48 2.03268e+48 2.03268e+48 2.03268e+48 2.03268e+48 2.75262e+46 0 8.23039e+49 1.26892e+45 4.64348e+42 0 0 1
0.0025483 1.53873e+48 1.53873e+48 1.53873e+48 1.53873e+48 1.53873e+48 2.06147e+46 0 9.50243e+49 1.09884e+45 4.64348e+42 0 0 1
0.00294273 1.16412e+48 1.16412e+48 1.16412e+48 1.16412e+48 1.16412e+48 1.54444e+46 0 1.09707e+50 9.51554e+44 4.64348e+42 0 0 1
0.00339821 8.80271e+47 8.80271e+47 8.80271e+47 8.80272e+47 8.80272e+47 1.15765e+46 0 1.26654e+50 8.24012e+44 4.64348e+42 0 0 1
0.00392419 6.65374e+47 6.65374e+47 6.65374e+47 6.65374e+47 6.65374e+47 8.6824e+45 0 1.46214e+50 7.13565e+44 4.64348e+42 0 0 1
0.00453158 5.02803e+47 5.02803e+47 5.02803e+47 5.02804e+47 5.02804e+47 6.51636e+45 0 1.68785e+50 6.17922e+44 4.64348e+42 0 0 1
0.00523299 3.79902e+47 3.79902e+47 3.79902e+47 3.79903e+47 3.79903e+47 4.89455e+45 0 1.94831e+50 5.35098e+44 4.64348e+42 0 0 1
0.00604296 2.87045e+47 2.87045e+47 2.87045e+47 2.87045e+47 2.87045e+47 3.67964e+45 0 2.24881e+50 4.63376e+44 4.64348e+42 0 0 1
0.00697831 2.16917e+47 2.16917e+47 2.16917e+47 2.16917e+47 2.16917e+47 2.76898e+45 0 2.59548e+50 4.01267e+44 4.64348e+42 0 0 1
0.00805842 1.63972e+47 1.63972e+47 1.63972e+47 1.63972e+47 1.63972e+47 2.08591e+45 0 2.99533e+50 3.47483e+44 4.64348e+42 0 0 1
0.00930572 1.24005e+47 1.24005e+47 1.24005e+47 1.24005e+47 1.24005e+47 1.57315e+45 0 3.45645e+50 3.00908e+44 4.64348e+42 0 0 1
0.0107461 9.38356e+46 9.38356e+46 9.38356e+46 9.38356e+46 9.38356e+46 1.1879e+45 0 3.9881e+50 2.60575e+44 4.64348e+42 0 0 1
0.0124094 7.10577e+46 7.10577e+46 7.10577e+46 7.10577e+46 7.10577e+46 8.98183e+44 0 4.60093e+50 2.25649e+44 4.64348e+42 0 0 1
0.0143301 5.38552e+46 5.38552e+46 5.38552e+46 5.38552e+46 5.38552e+46 6.80078e+44 0 5.30714e+50 1.95404e+44 4.64348e+42 0 0 1
0.0165482 4.08573e+46 4.08573e+46 4.08573e+46 4.08573e+46 4.08573e+46 5.15704e+44 0 6.12069e+50 1.69213e+44 4.64348e+42 0 0 1
0.0191095 3.10305e+46 3.10305e+46 3.10305e+46 3.10305e+46 3.10305e+46 3.91674e+44 0 7.05753e+50 1.46532e+44 4.64348e+42 0 0 1
0.0220673 2.35956e+46 2.35956e+46 2.35956e+46 2.35956e+46 2.35956e+46 2.97968e+44 0 8.13587e+50 1.26892e+44 4.64348e+42 0 0 1
0.025483 1.79655e+46 1.79655e+46 1.79655e+46 1.79655e+46 1.79655e+46 2.27076e+44 0 9.37647e+50 1.09884e+44 4.64348e+42 0 0 1
0.0294273 1.3698e+46 1.3698e+46 1.3698e+46 1.3698e+46 1.3698e+46 1.73366e+44 0 1.08029e+51 9.51554e+43 4.64348e+42 0 0 1
0.0339821 1.04598e+46 1.04598e+46 1.04598e+46 1.04598e+46 1.04598e+46 1.32612e+44 0 1.24419e+51 8.24012e+43 4.64348e+42 0 0 1
0.0392419 7.99962e+45 7.99962e+45 7.99962e+45 7.99962e+45 7.99962e+45 1.01638e+44 0 1.43236e+51 7.13565e+43 4.64348e+42 0 0 1
0.0453158 6.12822e+45 6.12822e+45 6.12822e+45 6.12823e+45 6.12823e+45 7.80578e+43 0 1.64819e+51 6.17921e+43 4.64348e+42 0 0 1
0.0523299 4.70272e+45 4.70272e+45 4.70272e+45 4.70272e+45 4.70272e+45 6.00748e+43 0 1.8955e+51 5.35098e+43 4.64348e+42 0 0 1
0.0604296 3.61529e+45 3.61529e+45 3.61529e+45 3.61529e+45 3.61529e+45 4.6335e+43 0 2.17851e+51 4.63376e+43 4.64348e+42 0 0 1
0.0697831 2.78447e+45 2.78447e+45 2.78447e+45 2.78447e+45 2.78447e+45 3.5817e+43 0 2.50192e+51 4.01267e+43 4.64348e+42 0 0 1
0.0805842 2.14867e+45 2.14867e+45 2.14867e+45 2.14867e+45 2.14867e+45 2.77491e+43 0 2.87086e+51 3.47482e+43 4.64348e+42 0 0 1
0.0930572 1.66129e+45 1.66129e+45 1.66129e+45 1.66129e+45 1.66129e+45 2.15478e+43 0 3.29091e+51 3.00907e+43 4.64348e+42 0 0 1
0.107461 1.28702e+45 1.28702e+45 1.28702e+45 1.28702e+45 1.28702e+45 1.6771e+43 0 3.76805e+51 2.60575e+43 4.64348e+42 0 0 1
0.124094 9.99076e+44 9.99076e+44 9.99076e+44 9.99076e+44 9.99076e+44 1.30833e+43 0 4.30855e+51 2.25649e+43 4.64348e+42 0 0 1
0.143301 7.77125e+44 7.77125e+44 7.77125e+44 7.77125e+44 7.77125e+44 1.023e+43 0 4.91888e+51 1.95404e+43 4.64348e+42 0 0 1
0.165482 6.05709e+44 6.05709e+44 6.05709e+44 6.05709e+44 6.05709e+44 8.01725e+42 0 5.60545e+51 1.69212e+43 4.64348e+42 0 0 1
0.191095 4.73055e+44 4.73055e+44 4.73055e+44 4.73055e+44 4.73055e+44 6.29716e+42 0 6.37431e+51 1.46532e+43 4.64348e+42 0 0 1
0.220673 3.70188e+44 3.70188e+44 3.70188e+44 3.70188e+44 3.70188e+44 4.95691e+42 0 7.23076e+51 1.26891e+43 4.64348e+42 0 0 1
0.25483 2.90255e+44 2.90255e+44 2.90255e+44 2.90255e+44 2.90255e+44 3.91014e+42 0 8.17865e+51 1.09883e+43 4.64348e+42 0 0 1
0.294273 2.28012e+44 2.28012e+44 2.28012e+44 2.28012e+44 2.28012e+44 3.09064e+42 0 9.21967e+51 9.51549e+42 4.64348e+42 0 0 1
0.339821 1.79442e+44 1.79442e+44 1.79442e+44 1.79442e+44 1.79442e+44 2.44757e+42 0 1.03523e+52 8.24007e+42 4.64348e+42 0 0 1
0.392419 1.41464e+44 1.41464e+44 1.41464e+44 1.41464e+44 1.41464e+44 1.94177e+42 0 1.15703e+52 7.1356e+42 4.64348e+42 0 0 1
0.453158 1.11707e+44 1.11707e+44 1.11707e+44 1.11707e+44 1.11707e+44 1.54304e+42 0 1.28616e+52 6.17916e+42 4.64348e+42 0 0 1
0.523299 8.8343e+43 8.8343e+43 8.8343e+43 8.8343e+43 8.8343e+43 1.22803e+42 0 1.42056e+52 5.35093e+42 4.64348e+42 0 0 1
0.604296 6.99638e+43 6.99638e+43 6.99638e+43 6.99638e+43 6.99638e+43 9.78636e+41 0 1.55718e+52 4.63371e+42 4.64348e+42 0 0 1
0.697831 5.54783e+43 5.54783e+43 5.54783e+43 5.54783e+43 5.54783e+43 7.80806e+41 0 1.69172e+52 4.01262e+42 4.64348e+42 0 0 1
0.805842 4.40411e+43 4.40411e+43 4.40411e+43 4.40411e+43 4.40411e+43 6.23587e+41 0 1.81846e+52 3.47478e+42 4.64348e+42 0 0 1
0.930572 3.49954e+43 3.49954e+43 3.49954e+43 3.49954e+43 3.49954e+43 4.98427e+41 0 1.93011e+52 3.00902e+42 4.64348e+42 0 0 1
1.07461 2.78299e+43 2.78299e+43 2.78299e+43 2.78299e+43 2.78299e+43 3.98635e+41 0 2.01792e+52 2.6057e+42 4.64348e+42 0 0 1
1.24094 2.21457e+43 2.21457e+43 2.21457e+43 2.21457e+43 2.21457e+43 3.1896e+41 0 2.07194e+52 2.25644e+42 4.64348e+42 0 0 1
1.43301 1.76306e+43 1.76306e+43 1.76306e+43 1.76306e+43 1.76306e+43 2.55272e+41 0 2.0818e+52 1.95399e+42 4.64348e+42 0 0 1
1.65482 1.40403e+43 1.40403e+43 1.40403e+43 1.40403e+43 1.40403e+43 2.04313e+41 0 2.03793e+52 1.69207e+42 4.64348e+42 0 0 1
1.91095 1.11825e+43 1.11825e+43 1.11825e+43 1.11825e+43 1.11825e+43 1.63507e+41 0 1.93347e+52 1.46527e+42 4.64348e+42 0 0 1
2.20673 8.90599e+42 8.90599e+42 8.90599e+42 8.90599e+42 8.90599e+42 1.30812e+41 0 1.76654e+52 1.26886e+42 4.64348e+42 0 0 1
2.5483 7.09152e+42 7.09152e+42 7.09152e+42 7.09152e+42 7.09152e+42 1.04607e+41 0 1.54258e+52 1.09878e+42 4.64348e+42 0 0 1
2.94273 5.6447e+42 5.6447e+42 5.6447e+42 5.6447e+42 5.6447e+42 8.3601e+40 0 1.27587e+52 9.51499e+41 4.64348e+42 0 0 1
3.39821 4.49081e+42 4.49081e+42 4.49081e+42 4.49081e+42 4.49081e+42 6.67631e+40 0 9.89088e+51 8.23957e+41 4.64348e+42 0 0 1
3.92419 3.57051e+42 3.57051e+42 3.57051e+42 3.57051e+42 3.57051e+42 5.32702e+40 0 7.09984e+51 7.1351e+41 4.64348e+42 0 0 1
4.53158 2.83665e+42 2.83665e+42 2.83665e+42 2.83665e+42 2.83665e+42 4.24628e+40 0 4.65378e+51 6.17867e+41 4.64348e+42 0 0 1
5.23299 2.25167e+42 2.25167e+42 2.25167e+42 2.25167e+42 2.25167e+42 3.38123e+40 0 2.74189e+51 5.35043e+41 4.64348e+42 0 0 1
6.04296 1.7856e+42 1.7856e+42 1.7856e+42 1.7856e+42 1.7856e+42 2.6894e+40 0 1.42637e+51 4.63321e+41 4.64348e+42 0 0 1
6.97831 1.41453e+42 1.41453e+42 1.41453e+42 1.41453e+42 1.41453e+42 2.13667e+40 0 6.42069e+50 4.01212e+41 4.64348e+42 0 0 1
8.05842 1.11934e+42 1.11934e+42 1.11934e+42 1.11934e+42 1.11934e+42 1.69555e+40 0 2.44418e+50 3.47428e+41 4.64348e+42 0 0 1
9.30572 8.84736e+41 8.84736e+41 8.84736e+41 8.84736e+41 8.84736e+41 1.34395e+40 0 7.66471e+49 3.00853e+41 4.64348e+42 0 0 1
10.7461 6.98475e+41 6.98475e+41 6.98475e+41 6.98475e+41 6.98475e+41 1.06405e+40 0 1.92124e+49 2.6052e+41 4.64348e+42 0 0 1
12.4094 5.50764e+41 5.50764e+41 5.50764e+41 5.50764e+41 5.50764e+41 8.41533e+39 0 3.71806e+48 2.25594e+41 4.64348e+42 0 0 1
14.3301 4.33764e+41 4.33764e+41 4.33764e+41 4.33764e+41 4.33764e+41 6.64863e+39 0 5.33708e+47 1.95349e+41 4.64348e+42 0 0 1
16.5482 3.41204e+41 3.41204e+41 3.41204e+41 3.41204e+41 3.41204e+41 5.24775e+39 0 5.42576e+46 1.69158e+41 4.64348e+42 0 0 1
19.1095 2.68071e+41 2.68071e+41 2.68071e+41 2.68071e+41 2.68071e+41 4.13831e+39 0 3.70335e+45 1.46477e+41 4.64348e+42 0 0 1
22.0673 2.1036e+41 2.1036e+41 2.1036e+41 2.1036e+41 2.1036e+41 3.26068e+39 0 1.59561e+44 1.26837e+41 4.64348e+42 0 0 1
25.483 1.64875e+41 1.64875e+41 1.64875e+41 1.64875e+41 1.64875e+41 2.56715e+39 0 4.04139e+42 1.09829e+41 4.64348e+42 0 0 1
29.4273 1.29072e+41 1.29072e+41 1.29072e+41 1.29072e+41 1.29072e+41 2.01963e+39 0 5.54234e+40 9.51002e+40 4.64348e+42 0 0 1
33.9821 1.00924e+41 1.00924e+41 1.00924e+41 1.00924e+41 1.00924e+41 1.58775e+39 0 3.74261e+38 8.2346e+40 4.64348e+42 0 0 1
39.2419 7.88202e+40 7.88202e+40 7.88202e+40 7.88202e+40 7.88202e+40 1.24737e+39 0 1.11519e+36 7.13013e+40 4.64348e+42 0 0 1
45.3158 6.14847e+40 6.14847e+40 6.14847e+40 6.14847e+40 6.14847e+40 9.79302e+38 0 1.29189e+33 6.17369e+40 4.64348e+42 0 0 1
52.3299 4.79047e+40 4.79047e+40 4.79047e+40 4.79047e+40 4.79047e+40 7.68341e+38 0 5.02685e+29 5.34546e+40 4.64348e+42 0 0 1
60.4296 3.72792e+40 3.72792e+40 3.72792e+40 3.72792e+40 3.72792e+40 6.02433e+38 0 5.5491e+25 4.62824e+40 4.64348e+42 0 0 1
69.7831 2.89752e+40 2.89752e+40 2.89752e+40 2.89752e+40 2.89752e+40 4.72042e+38 0 1.42994e+21 4.00715e+40 4.64348e+42 0 0 1
80.5842 2.24931e+40 2.24931e+40 2.24931e+40 2.24931e+40 2.24931e+40 3.69628e+38 0 6.86726e+15 3.46931e+40 4.64348e+42 0 0 1
93.0572 1.74392e+40 1.74392e+40 1.74392e+40 1.74392e+40 1.74392e+40 2.89238e+38 0 4.73903e+09 3.00356e+40 4.64348e+42 0 0 1
107.461 1.35035e+40 1.35035e+40 1.35035e+40 1.35035e+40 1.35035e+40 2.26173e+38 0 348.034 2.60023e+40 4.64348e+42 0 0 1
124.094 1.04422e+40 1.04422e+40 1.04422e+40 1.04422e+40 1.04422e+40 1.76731e+38 0 1.923e-06 2.25097e+40 4.64348e+42 0 0 1
143.301 8.06411e+39 8.06411e+39 8.06411e+39 8.06411e+39 8.06411e+39 1.37992e+38 0 5.3562e-16 1.94852e+40 4.64348e+42 0 0 1
165.482 6.219e+39 6.219e+39 6.219e+39 6.219e+39 6.219e+39 1.07659e+38 0 4.73615e-27 1.68661e+40 4.64348e+42 0 0 1
191.095 4.78928e+39 4.78928e+39 4.78928e+39 4.78928e+39 4.78928e+39 8.39243e+37 0 7.79424e-40 1.45981e+40 4.64348e+42 0 0 1
220.673 3.6829e+39 3.6829e+39 3.6829e+39 3.6829e+39 3.6829e+39 6.5365e+37 0 1.28853e-54 1.2634e+40 4.64348e+42 0 0 1
254.83 2.8279e+39 2.8279e+39 2.8279e+39 2.8279e+39 2.8279e+39 5.08635e+37 0 1.04986e-71 1.09332e+40 4.64348e+42 0 0 1
294.273 2.16808e+39 2.16808e+39 2.16808e+39 2.16808e+39 2.16808e+39 3.95413e+37 0 1.85249e-91 9.46043e+39 4.64348e+42 0 0 1
339.821 1.65964e+39 1.65964e+39 1.65964e+39 1.65964e+39 1.65964e+39 3.07086e+37 0 2.73884e-114 8.18503e+39 4.64348e+42 0 0 1
392.419 1.26842e+39 1.26842e+39 1.26842e+39 1.26842e+39 1.26842e+39 2.38241e+37 0 1.13326e-140 7.08059e+39 4.64348e+42 0 0 1
453.158 9.67857e+38 9.67857e+38 9.67857e+38 9.67857e+38 9.67857e+38 1.84629e+37 0 3.69906e-171 6.12419e+39 4.64348e+42 0 0 1
523.299 7.37312e+38 7.37312e+38 7.37312e+38 7.37312e+38 7.37312e+38 1.42921e+37 0 2.20692e-206 5.29599e+39 4.64348e+42 0 0 1
604.296 5.60756e+38 5.60756e+38 5.60756e+38 5.60756e+38 5.60756e+38 1.10507e+37 0 4.44678e-247 4.57881e+39 4.64348e+42 0 0 1
697.831 4.25771e+38 4.25771e+38 4.25771e+38 4.25771e+38 4.25771e+38 8.53425e+36 0 0 3.95777e+39 4.64348e+42 0 0 1
805.842 3.22741e+38 3.22741e+38 3.22742e+38 3.22742e+38 3.22742e+38 6.58285e+36 0 0 3.41999e+39 4.64348e+42 0 0 1
930.572 2.44238e+38 2.44238e+38 2.44238e+38 2.44238e+38 2.44238e+38 5.07138e+36 0 0 2.95431e+39 4.64348e+42 0 0 1
1074.61 1.84525e+38 1.84525e+38 1.84525e+38 1.84525e+38 1.84525e+38 3.9021e+36 0 0 2.55106e+39 4.64348e+42 0 0 1
1240.94 1.39185e+38 1.39185e+38 1.39185e+38 1.39185e+38 1.39185e+38 2.99868e+36 0 0 2.20189e+39 4.64348e+42 0 0 1
1433.01 1.04819e+38 1.04819e+38 1.04819e+38 1.04819e+38 1.04819e+38 2.30157e+36 0 0 1.89954e+39 4.64348e+42 0 0 1
1654.82 7.8817e+37 7.8817e+37 7.8817e+37 7.8817e+37 7.8817e+37 1.76438e+36 0 0 1.63775e+39 4.64348e+42 0 0 1
1910.95 5.91773e+37 5.91773e+37 5.91773e+37 5.91773e+37 5.91773e+37 1.35097e+36 0 0 1.41108e+39 4.64348e+42 0 0 1
2206.73 4.43688e+37 4.43688e+37 4.43689e+37 4.43689e+37 4.43689e+37 1.03325e+36 0 0 1.21483e+39 4.64348e+42 0 0 1
2548.3 3.32221e+37 3.32221e+37 3.32221e+37 3.32221e+37 3.32221e+37 7.89404e+35 0 0 1.04493e+39 4.64348e+42 0 0 1
2942.73 2.48454e+37 2.48454e+37 2.48455e+37 2.48455e+37 2.48455e+37 6.02506e+35 0 0 8.97853e+38 4.64348e+42 0 0 1
3398.21 1.85604e+37 1.85604e+37 1.85605e+37 1.85605e+37 1.85605e+37 4.59442e+35 0 0 7.70549e+38 4.64348e+42 0 0 1
3924.19 1.3852e+37 1.3852e+37 1.3852e+37 1.3852e+37 1.3852e+37 3.50071e+35 0 0 6.60376e+38 4.64348e+42 0 0 1
4531.58 1.03296e+37 1.03296e+37 1.03296e+37 1.03296e+37 1.03296e+37 2.66558e+35 0 0 5.65046e+38 4.64348e+42 0 0 1
5232.99 7.69795e+36 7.69795e+36 7.69795e+36 7.69795e+36 7.69795e+36 2.02861e+35 0 0 4.82581e+38 4.64348e+42 0 0 1
6042.96 5.73418e+36 5.73418e+36 5.73418e+36 5.73418e+36 5.73418e+36 1.54328e+35 0 0 4.1127e+38 4.64348e+42 0 0 1
6978.31 4.27031e+36 4.27031e+36 4.27031e+36 4.27031e+36 4.27031e+36 1.17382e+35 0 0 3.49629e+38 4.64348e+42 0 0 1
8058.42 3.18005e+36 3.18005e+36 3.18005e+36 3.18005e+36 3.18005e+36 8.92779e+34 0 0 2.96379e+38 4.64348e+42 0 0 1
9305.72 2.36861e+36 2.36861e+36 2.36861e+36 2.36861e+36 2.36861e+36 6.79131e+34 0 0 2.50412e+38 4.64348e+42 0 0 1
10746.1 1.765e+36 1.765e+36 1.765e+36 1.765e+36 1.765e+36 5.16783e+34 0 0 2.10769e+38 4.64348e+42 0 0 1
12409.4 1.31611e+36 1.31611e+36 1.31611e+36 1.31611e+36 1.31611e+36 3.93445e+34 0 0 1.76623e+38 4.64348e+42 0 0 1
14330.1 9.823e+35 9.823e+35 9.82302e+35 9.82302e+35 9.82302e+35 2.99746e+34 0 0 1.47258e+38 4.64348e+42 0 0 1
16548.2 7.34018e+35 7.34018e+35 7.3402e+35 7.3402e+35 7.3402e+35 2.28552e+34 0 0 1.22057e+38 4.64348e+42 0 0 1
19109.5 5.49262e+35 5.49262e+35 5.49264e+35 5.49264e+35 5.49264e+35 1.74434e+34 0 0 1.00486e+38 4.64348e+42 0 0 1
22067.3 4.11676e+35 4.11676e+35 4.11677e+35 4.11677e+35 4.11677e+35 1.33273e+34 0 0 8.2082e+37 4.64348e+42 0 0 1
25483 3.09111e+35 3.09111e+35 3.09112e+35 3.09112e+35 3.09112e+35 1.01939e+34 0 0 6.64455e+37 4.64348e+42 0 0 1
29427.3 2.32553e+35 2.32553e+35 2.32554e+35 2.32554e+35 2.32554e+35 7.80637e+33 0 0 5.32293e+37 4.64348e+42 0 0 1
33982.1 1.75318e+35 1.75318e+35 1.75318e+35 1.75318e+35 1.75318e+35 5.98491e+33 0 0 4.2131e+37 4.64348e+42 0 0 1
39241.9 1.32451e+35 1.32451e+35 1.32451e+35 1.32451e+35 1.32451e+35 4.59354e+33 0 0 3.28859e+37 4.64348e+42 0 0 1
45315.8 1.0028e+35 1.0028e+35 1.0028e+35 1.0028e+35 1.0028e+35 3.52921e+33 0 0 2.52602e+37 4.64348e+42 0 0 1
52329.9 7.60832e+34 7.60832e+34 7.60837e+34 7.60837e+34 7.60837e+34 2.71389e+33 0 0 1.9046e+37 4.64348e+42 0 0 1
60429.6 5.78418e+34 5.78418e+34 5.78422e+34 5.78422e+34 5.78422e+34 2.08844e+33 0 0 1.40561e+37 4.64348e+42 0 0 1
69783.1 4.40569e+34 4.40569e+34 4.40572e+34 4.40572e+34 4.40572e+34 1.60798e+33 0 0 1.01199e+37 4.64348e+42 0 0 1
80584.2 3.36148e+34 3.36148e+34 3.3615e+34 3.3615e+34 3.3615e+34 1.23845e+33 0 0 7.08075e+36 4.64348e+42 0 0 1
93057.2 2.56861e+34 2.56861e+34 2.56863e+34 2.56863e+34 2.56863e+34 9.53918e+32 0 0 4.79345e+36 4.64348e+42 0 0 1
107461 1.96526e+34 1.96526e+34 1.96528e+34 1.96528e+34 1.96528e+34 7.3465e+32 0 0 3.12368e+36 4.64348e+42 0 0 1
124094 1.50519e+34 1.50519e+34 1.5052e+34 1.5052e+34 1.5052e+34 5.65572e+32 0 0 1.94792e+36 4.64348e+42 0 0 1
143301 1.15373e+34 1.15373e+34 1.15374e+34 1.15374e+34 1.15374e+34 4.3515e+32 0 0 1.15453e+36 4.64348e+42 0 0 1
165482 8.84824e+33 8.84824e+33 8.84833e+33 8.84833e+33 8.84833e+33 3.34545e+32 0 0 6.45285e+35 4.64348e+42 0 0 1
191095 6.78825e+33 6.78825e+33 6.78832e+33 6.78832e+33 6.78832e+33 2.56958e+32 0 0 3.37028e+35 4.64348e+42 0 0 1
220673 5.20859e+33 5.20859e+33 5.20864e+33 5.20864e+33 5.20864e+33 1.97155e+32 0 0 1.62777e+35 4.64348e+42 0 0 1
254830 3.9964e+33 3.9964e+33 3.99645e+33 3.99645e+33 3.99645e+33 1.51096e+32 0 0 7.18243e+34 4.64348e+42 0 0 1
294273 3.0658e+33 3.0658e+33 3.06583e+33 3.06583e+33 3.06583e+33 1.15657e+32 0 0 2.85513e+34 4.64348e+42 0 0 1
339821 2.35121e+33 2.35121e+33 2.35123e+33 2.35123e+33 2.35123e+33 8.84203e+31 0 0 1.0061e+34 4.64348e+42 0 0 1
392419 1.80248e+33 1.80248e+33 1.8025e+33 1.8025e+33 1.8025e+33 6.75134e+31 0 0 3.08474e+33 4.64348e+42 0 0 1
453158 1.38118e+33 1.38118e+33 1.3812e+33 1.3812e+33 1.3812e+33 5.14863e+31 0 0 8.05379e+32 4.64348e+42 0 0 1
523299 1.0578e+33 1.0578e+33 1.05782e+33 1.05782e+33 1.05782e+33 3.92163e+31 5.46038e+29 0 1.74656e+32 4.64348e+42 0 0 1
604296 8.09689e+32 8.09689e+32 8.09699e+32 8.09699e+32 8.09699e+32 2.98348e+31 5.48395e+29 0 3.057e+31 4.64348e+42 0 0 1
697831 6.19407e+32 6.19407e+32 6.19414e+32 6.19414e+32 6.19414e+32 2.2671e+31 5.50753e+29 0 4.17761e+30 4.64348e+42 0 0 1
805842 4.73556e+32 4.73556e+32 4.73561e+32 4.73561e+32 4.73561e+32 1.72074e+31 5.5311e+29 0 4.28988e+29 4.64348e+42 0 0 1
930572 3.61829e+32 3.61829e+32 3.61833e+32 3.61833e+32 3.61833e+32 1.30455e+31 5.55468e+29 0 3.16692e+28 4.64348e+42 0 0 1
1.07461e+06 2.76298e+32 2.76298e+32 2.76301e+32 2.76301e+32 2.76301e+32 9.87868e+30 5.5818e+29 0 1.59706e+27 4.64348e+42 0 0 1
1.24094e+06 2.10866e+32 2.10866e+32 2.10868e+32 2.10868e+32 2.10868e+32 7.47191e+30 5.58921e+29 0 5.18651e+25 4.64348e+42 0 0 1
1.43301e+06 1.60844e+32 1.60844e+32 1.60845e+32 1.60845e+32 1.60845e+32 5.64484e+30 5.59868e+29 0 1.01326e+24 4.64348e+42 0 0 1
1.65482e+06 1.22629e+32 1.22629e+32 1.22631e+32 1.22631e+32 1.22631e+32 4.25945e+30 5.61089e+29 0 1.10076e+22 4.64348e+42 0 0 1
1.91095e+06 9.34545e+31 9.34545e+31 9.34554e+31 9.34554e+31 9.34554e+31 3.21021e+30 5.62784e+29 0 6.07213e+19 4.64348e+42 0 0 1
2.20673e+06 7.11944e+31 7.11944e+31 7.11951e+31 7.11951e+31 7.11951e+31 2.41653e+30 5.64984e+29 0 1.53148e+17 4.64348e+42 0 0 1
2.5483e+06 5.42194e+31 5.42194e+31 5.42199e+31 5.42199e+31 5.42199e+31 1.81692e+30 5.67872e+29 0 1.56458e+14 4.64348e+42 0 0 1
2.94273e+06 4.12807e+31 4.12807e+31 4.1281e+31 4.1281e+31 4.1281e+31 1.36451e+30 5.71663e+29 0 5.62925e+10 4.64348e+42 0 0 1
3.39821e+06 3.14221e+31 3.14221e+31 3.14223e+31 3.14223e+31 3.14223e+31 1.02364e+30 5.76953e+29 0 6.06897e+06 4.64348e+42 0 0 1
3.92419e+06 2.39126e+31 2.39126e+31 2.39128e+31 2.39128e+31 2.39128e+31 7.6716e+29 5.83818e+29 0 162.697 4.64348e+42 0 0 1
4.53158e+06 1.81937e+31 1.81937e+31 1.81939e+31 1.81939e+31 1.81939e+31 5.74451e+29 5.92669e+29 0 0.000874376 4.64348e+42 0 0 1
5.23299e+06 1.38391e+31 1.38391e+31 1.38392e+31 1.38392e+31 1.38392e+31 4.29868e+29 6.03863e+29 0 7.34578e-10 4.64348e+42 0 0 1
6.04296e+06 1.05239e+31 1.05239e+31 1.05239e+31 1.05239e+31 1.05239e+31 3.21569e+29 6.18705e+29 0 7.23849e-17 4.64348e+42 0 0 1
6.97831e+06 8.00021e+30 8.00021e+30 8.00025e+30 8.00025e+30 8.00025e+30 2.40576e+29 6.36203e+29 0 6.0044e-25 4.64348e+42 0 0 1
8.05842e+06 6.07966e+30 6.07966e+30 6.07969e+30 6.07969e+30 6.07969e+30 1.80126e+29 6.56877e+29 0 2.85854e-34 4.64348e+42 0 0 1
9.30572e+06 4.61869e+30 4.61869e+30 4.61871e+30 4.61871e+30 4.61871e+30 1.35126e+29 6.803e+29 0 5.01839e-45 4.64348e+42 0 0 1
1.07461e+07 3.50812e+30 3.50812e+30 3.50813e+30 3.50813e+30 3.50813e+30 1.01766e+29 7.0836e+29 0 1.94934e-57 4.64348e+42 0 0 1
1.24094e+07 2.66458e+30 2.66458e+30 2.66459e+30 2.66459e+30 2.66459e+30 7.71295e+28 7.35932e+29 0 9.28831e-72 4.64348e+42 0 0 1
1.43301e+07 2.02467e+30 2.02467e+30 2.02468e+30 2.02468e+30 2.02468e+30 5.90578e+28 7.62867e+29 0 2.74713e-88 4.64348e+42 0 0 1
1.65482e+07 1.54004e+30 1.54004e+30 1.54005e+30 1.54005e+30 1.54005e+30 4.59269e+28 7.87873e+29 0 2.29665e-107 4.64348e+42 0 0 1
1.91095e+07 1.17399e+30 1.17399e+30 1.17399e+30 1.17399e+30 1.17399e+30 3.65578e+28 8.0943e+29 0 2.1882e-129 4.64348e+42 0 0 1
2.20673e+07 8.97901e+29 8.97901e+29 8.97904e+29 8.97904e+29 8.97904e+29 2.99305e+28 8.28027e+29 0 8.32336e-155 4.64348e+42 0 0 1
2.5483e+07 6.90426e+29 6.90426e+29 6.90428e+29 6.90428e+29 6.90428e+29 2.53864e+28 8.41074e+29 0 3.76407e-184 4.64348e+42 0 0 1
2.94273e+07 5.34764e+29 5.34764e+29 5.34766e+29 5.34766e+29 5.34766e+29 2.23183e+28 8.41238e+29 0 4.99654e-218 4.64348e+42 0 0 1
3.39821e+07 4.18316e+29 4.18316e+29 4.18317e+29 4.18317e+29 4.18317e+29 2.03197e+28 8.26212e+29 0 3.87086e-257 4.64348e+42 0 0 1
3.92419e+07 3.30929e+29 3.30929e+29 3.3093e+29 3.3093e+29 3.3093e+29 1.8961e+28 7.95591e+29 0 0 4.64348e+42 0 0 1
4.53158e+07 2.65552e+29 2.65552e+29 2.65553e+29 2.65553e+29 2.65553e+29 1.80757e+28 7.54762e+29 0 0 4.64348e+42 0 0 1
5.23299e+07 2.16437e+29 2.16437e+29 2.16438e+29 2.16438e+29 2.16438e+29 1.74526e+28 7.07686e+29 0 0 4.64348e+42 0 0 1
6.04296e+07 1.78908e+29 1.78908e+29 1.78909e+29 1.78909e+29 1.78909e+29 1.68619e+28 6.49723e+29 0 0 4.64348e+42 0 0 1
6.97831e+07 1.49653e+29 1.49653e+29 1.49654e+29 1.49654e+29 1.49654e+29 1.61848e+28 5.8217e+29 0 0 4.64348e+42 0 0 1
8.05842e+07 1.26397e+29 1.26397e+29 1.26398e+29 1.26398e+29 1.26398e+29 1.53865e+28 5.06148e+29 0 0 4.64348e+42 0 0 1
9.30572e+07 1.07361e+29 1.07361e+29 1.07361e+29 1.07361e+29 1.07361e+29 1.44272e+28 4.24319e+29 0 0 4.64348e+42 0 0 1
1.07461e+08 9.11761e+28 9.11761e+28 9.11763e+28 9.11763e+28 9.11763e+28 1.32722e+28 3.41318e+29 0 0 4.64348e+42 2.38265 0 1
1.24094e+08 7.75217e+28 7.75217e+28 7.75218e+28 7.75218e+28 7.75218e+28 1.20585e+28 2.70166e+29 0 0 4.64348e+42 2.09319 0 1
1.43301e+08 6.55923e+28 6.55923e+28 6.55925e+28 6.55925e+28 6.55925e+28 1.07602e+28 2.10059e+29 0 0 4.64348e+42 1.83891 0 1
1.65482e+08 5.49663e+28 5.49663e+28 5.49664e+28 5.49664e+28 5.49664e+28 9.39986e+27 1.60726e+29 0 0 4.64348e+42 1.61551 0 1
1.91095e+08 4.51365e+28 4.51365e+28 4.51366e+28 4.51366e+28 4.51366e+28 7.95092e+27 1.19831e+29 0 0 4.64348e+42 1.41925 0 1
2.20673e+08 3.67739e+28 3.67739e+28 3.6774e+28 3.6774e+28 3.6774e+28 6.63567e+27 8.98093e+28 0 0 4.64348e+42 1.24684 0 1
2.5483e+08 2.95584e+28 2.95584e+28 2.95585e+28 2.95585e+28 2.95585e+28 5.43135e+27 6.65513e+28 0 0 4.64348e+42 1.09537 0 1
2.94273e+08 2.3412e+28 2.3412e+28 2.34121e+28 2.34121e+28 2.34121e+28 4.35835e+27 4.87721e+28 0 0 4.64348e+42 0.962298 0 1
3.39821e+08 1.81104e+28 1.81104e+28 1.81104e+28 1.81104e+28 1.81104e+28 3.39384e+27 3.51085e+28 0 0 4.64348e+42 0.882693 0 1
3.92419e+08 1.39765e+28 1.39765e+28 1.39766e+28 1.39766e+28 1.39766e+28 2.63396e+27 2.56855e+28 0 0 4.64348e+42 0.845395 0 1
4.53158e+08 1.06598e+28 1.06598e+28 1.06599e+28 1.06599e+28 1.06599e+28 2.01421e+27 1.87053e+28 0 0 4.64348e+42 0.809673 0 1
5.23299e+08 8.0209e+27 8.0209e+27 8.02092e+27 8.02092e+27 8.02092e+27 1.51465e+27 1.35654e+28 0 0 4.64348e+42 0.77546 0 1
6.04296e+08 5.97284e+27 5.97284e+27 5.97286e+27 5.97286e+27 5.97286e+27 1.12434e+27 9.73405e+27 0 0 4.64348e+42 0.742693 0 1
6.97831e+08 4.49465e+27 4.49465e+27 4.49466e+27 4.49466e+27 4.49466e+27 8.45185e+26 7.12899e+27 0 0 4.64348e+42 0.711311 0 1
8.05842e+08 3.36699e+27 3.36699e+27 3.367e+27 3.367e+27 3.367e+27 6.31678e+26 5.2124e+27 0 0 4.64348e+42 0.681255 0 1
9.30572e+08 2.50856e+27 2.50856e+27 2.50857e+27 2.50857e+27 2.50857e+27 4.68837e+26 3.80195e+27 0 0 4.64348e+42 0.652468 0 1
1.07461e+09 1.85012e+27 1.85012e+27 1.85013e+27 1.85013e+27 1.85013e+27 3.4351e+26 2.73392e+27 0 0 4.64348e+42 0.65482 0 1
1.24094e+09 1.38929e+27 1.38929e+27 1.38929e+27 1.38929e+27 1.38929e+27 2.5726e+26 2.01146e+27 0 0 4.64348e+42 0.688648 0 1
1.43301e+09 1.04483e+27 1.04483e+27 1.04483e+27 1.04483e+27 1.04483e+27 1.9296e+26 1.47595e+27 0 0 4.64348e+42 0.724223 0 1
1.65482e+09 7.84092e+26 7.84092e+26 7.84094e+26 7.84094e+26 7.84094e+26 1.4429e+26 1.07974e+27 0 0 4.64348e+42 0.761635 0 1
1.91095e+09 5.83062e+26 5.83062e+26 5.83064e+26 5.83064e+26 5.83064e+26 1.06615e+26 7.76945e+26 0 0 4.64348e+42 0.800981 0 1
2.20673e+09 4.40835e+26 4.40835e+26 4.40837e+26 4.40837e+26 4.40837e+26 8.04064e+25 5.72873e+26 0 0 4.64348e+42 0.842359 0 1
2.5483e+09 3.32672e+26 3.32672e+26 3.32673e+26 3.32673e+26 3.32673e+26 6.04723e+25 4.21225e+26 0 0 4.64348e+42 0.885874 0 1
2.94273e+09 2.50241e+26 2.50241e+26 2.50242e+26 2.50242e+26 2.50242e+26 4.52768e+25 3.08733e+26 0 0 4.64348e+42 0.931638 0 1
3.39821e+09 1.85792e+26 1.85792e+26 1.85793e+26 1.85793e+26 1.85793e+26 3.33222e+25 2.22571e+26 0 0 4.64348e+42 0.979765 0 1
3.92419e+09 1.40371e+26 1.40371e+26 1.40371e+26 1.40371e+26 1.40371e+26 2.5067e+25 1.64224e+26 0 0 4.64348e+42 1.03038 0 1
4.53158e+09 1.05832e+26 1.05832e+26 1.05832e+26 1.05832e+26 1.05832e+26 1.87991e+25 1.20739e+26 0 0 4.64348e+42 1.08361 0 1
5.23299e+09 7.96134e+25 7.96134e+25 7.96137e+25 7.96137e+25 7.96137e+25 1.40526e+25 8.84068e+25 0 0 4.64348e+42 1.13959 0 1
6.04296e+09 5.90421e+25 5.90421e+25 5.90423e+25 5.90423e+25 5.90423e+25 1.03057e+25 6.37223e+25 0 0 4.64348e+42 1.19846 0 1
6.97831e+09 4.45984e+25 4.45984e+25 4.45985e+25 4.45985e+25 4.45985e+25 7.74045e+24 4.69644e+25 0 0 4.64348e+42 1.26037 0 1
8.05842e+09 3.36106e+25 3.36106e+25 3.36107e+25 3.36107e+25 3.36107e+25 5.79545e+24 3.45183e+25 0 0 4.64348e+42 1.32548 0 1
9.30572e+09 2.5216e+25 2.5216e+25 2.52161e+25 2.52161e+25 2.52161e+25 4.31311e+24 2.52991e+25 0 0 4.64348e+42 1.39395 0 1
1.07461e+10 1.86855e+25 1.86855e+25 1.86856e+25 1.86856e+25 1.86856e+25 3.15677e+24 1.82913e+25 0 0 4.64348e+42 1.56404 0 1
1.24094e+10 1.4031e+25 1.4031e+25 1.40311e+25 1.40311e+25 1.40311e+25 2.35303e+24 1.35249e+25 0 0 4.64348e+42 1.87229 0 1
1.43301e+10 1.04865e+25 1.04865e+25 1.04866e+25 1.04866e+25 1.04866e+25 1.74361e+24 9.97533e+24 0 0 4.64348e+42 2.24128 0 1
1.65482e+10 7.81554e+24 7.81554e+24 7.81557e+24 7.81557e+24 7.81557e+24 1.28801e+24 7.33455e+24 0 0 4.64348e+42 2.68301 0 1
1.91095e+10 5.74714e+24 5.74714e+24 5.74717e+24 5.74717e+24 5.74717e+24 9.34557e+23 5.30282e+24 0 0 4.64348e+42 3.21179 0 1
2.20673e+10 4.28554e+24 4.28554e+24 4.28556e+24 4.28556e+24 4.28556e+24 6.92496e+23 3.92308e+24 0 0 4.64348e+42 3.84478 34.7254 1
2.5483e+10 3.18376e+24 3.18376e+24 3.18377e+24 3.18377e+24 3.18377e+24 5.11331e+23 2.8926e+24 0 0 4.64348e+42 4.60253 22.9578 1
2.94273e+10 2.35629e+24 2.35629e+24 2.3563e+24 2.3563e+24 2.3563e+24 3.76348e+23 2.12528e+24 0 0 4.64348e+42 5.50962 15.5417 1
3.39821e+10 1.71848e+24 1.71848e+24 1.71849e+24 1.71849e+24 1.71849e+24 2.71977e+23 1.53293e+24 0 0 4.64348e+42 6.59549 10.7604 1
3.92419e+10 1.2698e+24 1.2698e+24 1.2698e+24 1.2698e+24 1.2698e+24 2.01243e+23 1.13393e+24 0 0 4.64348e+42 7.89536 7.61059 1
4.53158e+10 9.30585e+23 9.30585e+23 9.3059e+23 9.3059e+23 9.3059e+23 1.48263e+23 8.36644e+23 0 0 4.64348e+42 9.45142 5.49245 1
5.23299e+10 6.73879e+23 6.73879e+23 6.73883e+23 6.73883e+23 6.73883e+23 1.08671e+23 6.15508e+23 0 0 4.64348e+42 11.3142 4.04008 1
6.04296e+10 4.75222e+23 4.75222e+23 4.75225e+23 4.75225e+23 4.75225e+23 7.80462e+22 4.44441e+23 0 0 4.64348e+42 13.544 3.02568 1
6.97831e+10 3.33962e+23 3.33962e+23 3.33965e+23 3.33965e+23 3.33965e+23 5.71663e+22 3.29445e+23 0 0 4.64348e+42 16.2133 2.3047 1
8.05842e+10 2.29233e+23 2.29233e+23 2.29236e+23 2.29236e+23 2.29236e+23 4.16497e+22 2.43597e+23 0 0 4.64348e+42 19.4087 1.78376 1
9.30572e+10 1.53918e+23 1.53918e+23 1.5392e+23 1.5392e+23 1.5392e+23 3.02542e+22 1.79574e+23 0 0 4.64348e+42 23.2339 1.40144 1
1.07461e+11 1.00473e+23 1.00473e+23 1.00475e+23 1.00475e+23 1.00475e+23 2.16096e+22 1.29786e+23 0 0 4.64348e+42 27.8129 1.11671 1
1.24094e+11 6.60524e+22 6.60524e+22 6.60543e+22 6.60543e+22 6.60543e+22 1.58419e+22 9.62751e+22 0 0 4.64348e+42 33.2945 0.901709 1
1.43301e+11 4.32251e+22 4.32251e+22 4.32267e+22 4.32267e+22 4.32267e+22 1.16077e+22 7.12018e+22 0 0 4.64348e+42 39.8563 0.737233 1
1.65482e+11 2.82979e+22 2.82979e+22 2.82991e+22 2.82991e+22 2.82991e+22 8.49378e+21 5.24711e+22 0 0 4.64348e+42 47.7114 0.609868 1
1.91095e+11 1.83932e+22 1.83932e+22 1.83942e+22 1.83942e+22 1.83942e+22 6.10715e+21 3.78737e+22 0 0 4.64348e+42 57.1146 0.510106 1
2.20673e+11 1.22767e+22 1.22767e+22 1.22775e+22 1.22775e+22 1.22775e+22 4.50673e+21 2.80614e+22 0 0 4.64348e+42 68.371 0.431129 1
2.5483e+11 8.26194e+21 8.26194e+21 8.26249e+21 8.26249e+21 8.26249e+21 3.31859e+21 2.07231e+22 0 0 4.64348e+42 81.8459 0.367983 1
2.94273e+11 5.60818e+21 5.60818e+21 5.6086e+21 5.6086e+21 5.6086e+21 2.43739e+21 1.52459e+22 0 0 4.64348e+42 97.9765 0.317029 1
3.39821e+11 3.79203e+21 3.79203e+21 3.79233e+21 3.79233e+21 3.79233e+21 1.75686e+21 1.09791e+22 0 0 4.64348e+42 0 0.275565 1
3.92419e+11 2.64227e+21 2.64227e+21 2.64249e+21 2.64249e+21 2.64249e+21 1.29925e+21 8.11807e+21 0 0 4.64348e+42 0 0.241562 1
4.53158e+11 1.85616e+21 1.85616e+21 1.85632e+21 1.85632e+21 1.85632e+21 9.57966e+20 5.98138e+21 0 0 4.64348e+42 0 0.213483 1
5.23299e+11 1.31375e+21 1.31375e+21 1.31386e+21 1.31386e+21 1.31386e+21 7.03997e+20 4.38913e+21 0 0 4.64348e+42 0 0.190154 1
6.04296e+11 9.23039e+20 9.2304e+20 9.23121e+20 9.23121e+20 9.23121e+20 5.07113e+20 3.1501e+21 0 0 4.64348e+42 0 0.170669 1
6.97831e+11 6.68758e+20 6.68758e+20 6.68816e+20 6.68816e+20 6.68816e+20 3.74817e+20 2.32212e+21 0 0 4.64348e+42 0 0.154323 1
8.05842e+11 4.8739e+20 4.87391e+20 4.87432e+20 4.87432e+20 4.87432e+20 2.76082e+20 1.70513e+21 0 0 4.64348e+42 0 0.140565 1
9.30572e+11 3.56988e+20 3.56988e+20 3.57018e+20 3.57018e+20 3.57018e+20 2.02602e+20 1.24651e+21 0 0 4.64348e+42 0 0.12896 1
1.07461e+12 2.584e+20 2.584e+20 2.58421e+20 2.58421e+20 2.58421e+20 1.45585e+20 8.90285e+20 0 0 4.64348e+42 0 0.119166 1
1.24094e+12 1.92842e+20 1.92842e+20 1.92857e+20 1.92857e+20 1.92857e+20 1.0738e+20 6.53403e+20 0 0 4.64348e+42 0 0.110908 1
1.43301e+12 1.44291e+20 1.44291e+20 1.44302e+20 1.44302e+20 1.44302e+20 7.88996e+19 4.77477e+20 0 0 4.64348e+42 0 0.103969 1
1.65482e+12 1.08115e+20 1.08115e+20 1.08123e+20 1.08123e+20 1.08123e+20 5.77351e+19 3.47185e+20 0 0 4.64348e+42 0 0.098177 1
1.91095e+12 7.96439e+19 7.96439e+19 7.96493e+19 7.96493e+19 7.96493e+19 4.13216e+19 2.46272e+20 0 0 4.64348e+42 0 0.0933933 1
2.20673e+12 6.04046e+19 6.04046e+19 6.04084e+19 6.04084e+19 6.04084e+19 3.03709e+19 1.79634e+20 0 0 4.64348e+42 0 0.0895108 1
2.5483e+12 4.57554e+19 4.57555e+19 4.57582e+19 4.57582e+19 4.57582e+19 2.22274e+19 1.30383e+20 0 0 4.64348e+42 0 0.0864461 1
2.94273e+12 3.45774e+19 3.45774e+19 3.45793e+19 3.45793e+19 3.45793e+19 1.61931e+19 9.41025e+19 0 0 4.64348e+42 0 0.0841374 1
3.39821e+12 2.55612e+19 2.55613e+19 2.55626e+19 2.55626e+19 2.55626e+19 1.15202e+19 6.61157e+19 0 0 4.64348e+42 0 0.082541 1
3.92419e+12 1.94272e+19 1.94273e+19 1.94282e+19 1.94282e+19 1.94282e+19 8.42259e+18 4.78182e+19 0 0 4.64348e+42 0 0.08163 1
4.53158e+12 1.4699e+19 1.4699e+19 1.46997e+19 1.46997e+19 1.46997e+19 6.12803e+18 3.43873e+19 0 0 4.64348e+42 0 0.0813928 1
5.23299e+12 1.10619e+19 1.1062e+19 1.10624e+19 1.10624e+19 1.10624e+19 4.43524e+18 2.45674e+19 0 0 4.64348e+42 0 0.0818329 1
6.04296e+12 8.10838e+18 8.10839e+18 8.1087e+18 8.1087e+18 8.1087e+18 3.12808e+18 1.70356e+19 0 0 4.64348e+42 0 0.0829683 1
6.97831e+12 6.10764e+18 6.10764e+18 6.10786e+18 6.10786e+18 6.10786e+18 2.26949e+18 1.21797e+19 0 0 4.64348e+42 0 0.0848322 1
8.05842e+12 4.56926e+18 4.56926e+18 4.56942e+18 4.56942e+18 4.56942e+18 1.63726e+18 8.64932e+18 0 0 4.64348e+42 0 0.0874729 1
9.30572e+12 3.39265e+18 3.39265e+18 3.39276e+18 3.39276e+18 3.39276e+18 1.17391e+18 6.09499e+18 0 0 4.64348e+42 0 0.0909553 1
1.07461e+13 2.44355e+18 2.44355e+18 2.44363e+18 2.44363e+18 2.44363e+18 8.17747e+17 4.15122e+18 0 0 4.64348e+42 0 0.0953611 1
1.24094e+13 1.81e+18 1.81e+18 1.81005e+18 1.81005e+18 1.81005e+18 5.86867e+17 2.92223e+18 0 0 4.64348e+42 0 0.10079 1
1.43301e+13 1.32929e+18 1.32929e+18 1.32932e+18 1.32932e+18 1.32932e+18 4.18335e+17 2.04048e+18 0 0 4.64348e+42 0 0.10736 1
1.65482e+13 9.67247e+17 9.67248e+17 9.67271e+17 9.67271e+17 9.67271e+17 2.96003e+17 1.41159e+18 0 0 4.64348e+42 0 0.115206 1
1.91095e+13 6.79667e+17 6.79668e+17 6.79683e+17 6.79683e+17 6.79683e+17 2.0264e+17 9.38239e+17 0 0 4.64348e+42 0 0.12448 1
2.20673e+13 4.92179e+17 4.9218e+17 4.9219e+17 4.9219e+17 4.9219e+17 1.43231e+17 6.46887e+17 0 0 4.64348e+42 0 0.135345 1
2.5483e+13 3.52834e+17 3.52835e+17 3.52842e+17 3.52842e+17 3.52842e+17 1.00409e+17 4.41617e+17 0 0 4.64348e+42 0 0.147968 1
2.94273e+13 2.50222e+17 2.50223e+17 2.50227e+17 2.50227e+17 2.50227e+17 6.97575e+16 2.98076e+17 0 0 4.64348e+42 0 0.162507 1
3.39821e+13 1.7036e+17 1.70361e+17 1.70364e+17 1.70364e+17 1.70364e+17 4.66082e+16 1.91638e+17 0 0 4.64348e+42 0 0.179093 1
3.92419e+13 1.19962e+17 1.19963e+17 1.19965e+17 1.19965e+17 1.19965e+17 3.22606e+16 1.28517e+17 0 0 4.64348e+42 0 0.197804 1
4.53158e+13 8.34845e+16 8.34854e+16 8.34867e+16 8.34867e+16 8.34867e+16 2.21029e+16 8.51357e+16 0 0 4.64348e+42 0 0.218621 1
5.23299e+13 5.73691e+16 5.73699e+16 5.73707e+16 5.73707e+16 5.73707e+16 1.49754e+16 5.56075e+16 0 0 4.64348e+42 0 0.241387 1
6.04296e+13 3.75321e+16 3.75328e+16 3.75333e+16 3.75333e+16 3.75333e+16 9.67335e+15 3.41587e+16 0 0 4.64348e+42 0 0.265741 1
6.97831e+13 2.55374e+16 2.55379e+16 2.55383e+16 2.55383e+16 2.55383e+16 6.50667e+15 2.20756e+16 0 0 4.64348e+42 0 0.291055 1
8.05842e+13 1.71341e+16 1.71345e+16 1.71347e+16 1.71347e+16 1.71347e+16 4.32084e+15 1.40492e+16 0 0 4.64348e+42 0 0.316368 1
9.30572e+13 1.13232e+16 1.13235e+16 1.13237e+16 1.13237e+16 1.13237e+16 2.82928e+15 8.78362e+15 0 0 4.64348e+42 0 0.340344 1
1.07461e+14 7.03442e+15 7.03469e+15 7.03478e+15 7.03478e+15 7.03478e+15 1.74344e+15 5.06624e+15 0 0 4.64348e+42 0 0 1
1.24094e+14 4.584e+15 4.58426e+15 4.58431e+15 4.58431e+15 4.58431e+15 1.12788e+15 3.1163e+15 0 0 4.64348e+42 0 0 1
1.43301e+14 2.93595e+15 2.93625e+15 2.93628e+15 2.93628e+15 2.93628e+15 7.17764e+14 1.88004e+15 0 0 4.64348e+42 0 0 1
1.65482e+14 1.84538e+15 1.84576e+15 1.84579e+15 1.84579e+15 1.84579e+15 4.48637e+14 1.10885e+15 0 0 4.64348e+42 0 0 1
1.91095e+14 1.06888e+15 1.06934e+15 1.06935e+15 1.06935e+15 1.06935e+15 2.58661e+14 5.85622e+14 0 0 4.64348e+42 0 0 1
2.20673e+14 6.58081e+14 6.58636e+14 6.58643e+14 6.58643e+14 6.58643e+14 1.58623e+14 3.37182e+14 0 0 4.64348e+42 0 0 1
2.5483e+14 3.96206e+14 3.96813e+14 3.96817e+14 3.96817e+14 3.96817e+14 9.52067e+13 1.89426e+14 0 0 4.64348e+42 0 0 1
2.94273e+14 2.32854e+14 2.33452e+14 2.33455e+14 2.33455e+14 2.33455e+14 5.58306e+13 1.03392e+14 0 0 4.64348e+42 0 0 1
3.39821e+14 1.2208e+14 1.22569e+14 1.2257e+14 1.2257e+14 1.2257e+14 2.92397e+13 4.81789e+13 0 0 4.64348e+42 0 0 1
3.92419e+14 6.95382e+13 6.99448e+13 6.99456e+13 6.99456e+13 6.99456e+13 1.66473e+13 2.53883e+13 0 0 4.64348e+42 0 0 1
4.53158e+14 3.84538e+13 3.87637e+13 3.87641e+13 3.87641e+13 3.87641e+13 9.20859e+12 1.29706e+13 0 0 4.64348e+42 0 0 1
5.23299e+14 2.06133e+13 2.0831e+13 2.08312e+13 2.08312e+13 2.08312e+13 4.94112e+12 6.38783e+12 0 0 4.64348e+42 0 0 1
6.04296e+14 9.34252e+12 9.46626e+12 9.46636e+12 9.46636e+12 9.46636e+12 2.24391e+12 2.48294e+12 0 0 4.64348e+42 0 0 1
6.97831e+14 4.77866e+12 4.85502e+12 4.85507e+12 4.85507e+12 4.85507e+12 1.14993e+12 1.16101e+12 0 0 4.64348e+42 0 0 1
8.05842e+14 2.34773e+12 2.39148e+12 2.3915e+12 2.3915e+12 2.3915e+12 5.66182e+11 5.2235e+11 0 0 4.64348e+42 0 0 1
9.30572e+14 1.10775e+12 1.13112e+12 1.13113e+12 1.13113e+12 1.13113e+12 2.67758e+11 2.24444e+11 0 0 4.64348e+42 0 0 1
1.07461e+15 4.03499e+11 4.12889e+11 4.12893e+11 4.12893e+11 4.12893e+11 9.78425e+10 6.65074e+10 0 0 4.64348e+42 0 0 1
1.24094e+15 1.77111e+11 1.81554e+11 1.81555e+11 1.81555e+11 1.81555e+11 4.30457e+10 2.63646e+10 0 0 4.64348e+42 0 0 1
1.43301e+15 7.32737e+10 7.52153e+10 7.52161e+10 7.52161e+10 7.52161e+10 1.78498e+10 9.97499e+09 0 0 4.64348e+42 0 0 1
1.65482e+15 2.86515e+10 2.94392e+10 2.94395e+10 2.94395e+10 2.94395e+10 6.99544e+09 3.57812e+09 0 0 4.64348e+42 0 0 1
1.91095e+15 7.45856e+09 7.66794e+09 7.66802e+09 7.66802e+09 7.66802e+09 1.82779e+09 6.9029e+08 0 0 4.64348e+42 0 0 1
2.20673e+15 2.60824e+09 2.68196e+09 2.68198e+09 2.68198e+09 2.68198e+09 6.40599e+08 2.14733e+08 0 0 4.64348e+42 0 0 1
2.5483e+15 8.28275e+08 8.51548e+08 8.51557e+08 8.51557e+08 8.51557e+08 2.03944e+08 6.309e+07 0 0 4.64348e+42 0 0 1
2.94273e+15 2.38228e+08 2.44808e+08 2.44811e+08 2.44811e+08 2.44811e+08 5.88404e+07 1.77324e+07 0 0 4.64348e+42 0 0 1
3.39821e+15 3.70738e+07 3.80706e+07 3.8071e+07 3.8071e+07 3.8071e+07 9.2073e+06 1.72772e+06 0 0 4.64348e+42 0 0 1
3.92419e+15 9.09853e+06 9.33455e+06 9.33465e+06 9.33465e+06 9.33465e+06 2.26774e+06 366549 0 0 4.64348e+42 0 0 1
4.53158e+15 1.89769e+06 1.94481e+06 1.94483e+06 1.94483e+06 1.94483e+06 475156 70666.8 0 0 4.64348e+42 0 0 1
5.23299e+15 319712 327255 327259 327259 327259 80584.3 13325.5 0 0 4.64348e+42 0 0 1
6.04296e+15 22038.8 22529.8 22530.1 22530.1 22530.1 5618.9 499.378 0 0 4.64348e+42 0 0 1
6.97831e+15 2988.81 3051.33 3051.36 3051.36 3051.36 768.624 56.5419 0 0 4.64348e+42 0 0 1
8.05842e+15 308.702 314.733 314.737 314.737 314.737 80.2892 5.13319 0 0 4.64348e+42 0 0 1
9.30572e+15 21.8352 22.2319 22.2321 22.2321 22.2321 5.76227 0.43869 0 0 4.64348e+42 0 0 1
1.07461e+16 0.37296 0.379234 0.379238 0.379238 0.379238 0.101214 0.00443903 0 0 4.64348e+42 0 0 1
1.24094e+16 0.0183368 0.0186214 0.0186216 0.0186216 0.0186216 0.00508767 0.00017674 0 0 4.64348e+42 0 0 1
1.43301e+16 0.000542847 0.000550591 0.000550597 0.000550597 0.000550597 0.000155431 4.41818e-06 0 0 4.64348e+42 0 0 1
1.65482e+16 9.0668e-06 9.18535e-06 9.18545e-06 9.18545e-06 9.18545e-06 2.70686e-06 7.5366e-08 0 0 4.64348e+42 0 0 1
1.91095e+16 1.65094e-08 1.67067e-08 1.67069e-08 1.67069e-08 1.67069e-08 5.26925e-09 1.11947e-10 0 0 4.64348e+42 0 0 1
2.20673e+16 1.19022e-10 1.20319e-10 1.2032e-10 1.2032e-10 1.2032e-10 4.10522e-11 7.32252e-13 0 0 4.64348e+42 0 0 1
2.5483e+16 3.052e-13 3.08224e-13 3.08228e-13 3.08228e-13 3.08228e-13 1.17615e-13 1.80752e-15 0 0 4.64348e+42 0 0 1
2.94273e+16 2.7745e-16 2.79945e-16 2.79949e-16 2.79949e-16 2.79949e-16 1.24565e-16 1.62843e-18 0 0 4.64348e+42 0 0 1
3.39821e+16 1.43765e-20 1.44936e-20 1.44938e-20 1.44938e-20 1.44938e-20 7.95403e-21 8.34109e-23 0 0 4.64348e+42 0 0 1
3.92419e+16 1.92202e-24 1.93618e-24 1.9362e-24 1.9362e-24 1.9362e-24 1.40573e-24 1.1106e-26 0 0 4.64348e+42 0 0 1
4.53158e+16 4.5634e-29 4.59375e-29 4.59381e-29 4.59381e-29 4.59381e-29 4.81861e-29 2.63055e-31 0 0 4.64348e+42 0 0 1
5.23299e+16 1.82285e-34 1.83378e-34 1.83381e-34 1.83381e-34 1.83381e-34 3.07995e-34 1.04736e-36 0 0 4.64348e+42 0 0 1
6.04296e+16 1.77591e-41 1.78549e-41 1.78551e-41 1.78551e-41 1.78551e-41 5.38407e-41 1.0145e-43 0 0 4.64348e+42 0 0 1
6.97831e+16 1.70087e-48 1.70912e-48 1.70914e-48 1.70914e-48 1.70914e-48 1.04655e-47 9.59507e-51 0 0 4.64348e+42 0 0 1
8.05842e+16 1.40253e-56 1.40864e-56 1.40866e-56 1.40866e-56 1.40866e-56 1.3106e-54 5.23199e-59 0 0 4.64348e+42 0 0 1
9.30572e+16 0 0 0 0 0 0 0 0 0 4.64348e+42 0 0 1