
1.07461e-07 0 0 2.25148e+45 6.85202e+51 5.95212e+58 1.5492e+57 0 5.40517e+45 0 4.64348e+42 0 0 1
1.24094e-07 0 0 1.84378e+46 7.58682e+51 5.16575e+58 1.33274e+57 0 6.2418e+45 0 4.64348e+42 0 0 1
1.43301e-07 0 0 1.16209e+47 8.45411e+51 4.5113e+58 1.15435e+57 0 7.20791e+45 0 4.64348e+42 0 0 1
1.65482e-07 0 0 5.83614e+47 9.46879e+51 3.9591e+58 1.00638e+57 0 8.32357e+45 0 4.64348e+42 0 0 1
1.91095e-07 0 0 2.40565e+48 1.06436e+52 3.48579e+58 8.82251e+56 0 9.61191e+45 0 4.64348e+42 0 0 1
2.20673e-07 0 0 8.34947e+48 1.19906e+52 3.0741e+58 7.76603e+56 0 1.10997e+46 0 4.64348e+42 0 0 1
2.5483e-07 0 0 2.49509e+49 1.35236e+52 2.71187e+58 6.85307e+56 0 1.28177e+46 0 4.64348e+42 0 0 1
2.94273e-07 0 0 6.54677e+49 1.52609e+52 2.39091e+58 6.05367e+56 0 1.48016e+46 0 4.64348e+42 0 0 1
3.39821e-07 0 0 1.53462e+50 1.72272e+52 2.10566e+58 5.34712e+56 0 1.70927e+46 0 4.64348e+42 0 0 1
3.92419e-07 0 0 3.26311e+50 1.94556e+52 1.85213e+58 4.71943e+56 0 1.97383e+46 0 4.64348e+42 0 0 1
4.53158e-07 0 0 6.37889e+50 2.19882e+52 1.62714e+58 4.16087e+56 0 2.27934e+46 0 4.64348e+42 0 0 1
5.23299e-07 0 0 1.15991e+51 2.4877e+52 1.42795e+58 3.66417e+56 0 2.63214e+46 0 4.64348e+42 0 0 1
6.04296e-07 0 0 1.98196e+51 2.81848e+52 1.25203e+58 3.22331e+56 0 3.03955e+46 0 4.64348e+42 0 0 1
6.97831e-07 0 0 3.2105e+51 3.19861e+52 1.09699e+58 2.83291e+56 0 3.51002e+46 0 4.64348e+42 0 0 1
8.05842e-07 0 0 4.96768e+51 3.63683e+52 9.60594e+57 2.48794e+56 0 4.05331e+46 0 4.64348e+42 0 0 1
9.30572e-07 0 0 7.39025e+51 4.14328e+52 8.40743e+57 2.18371e+56 0 4.68069e+46 0 4.64348e+42 0 0 1
1.07461e-06 0 0 1.06294e+52 4.72982e+52 7.35502e+57 1.91576e+56 0 5.40517e+46 0 4.64348e+42 0 0 1
1.24094e-06 0 0 1.4852e+52 5.4103e+52 6.43115e+57 1.68e+56 0 6.2418e+46 0 4.64348e+42 0 0 1
1.43301e-06 0 0 2.0244e+52 6.20124e+52 5.6201e+57 1.47264e+56 0 7.20791e+46 0 4.64348e+42 0 0 1
1.65482e-06 0 0 2.70155e+52 7.12247e+52 4.90804e+57 1.29027e+56 0 8.32357e+46 0 4.64348e+42 0 0 1
1.91095e-06 0 0 3.54097e+52 8.19799e+52 4.2829e+57 1.12986e+56 0 9.61191e+46 0 4.64348e+42 0 0 1
2.20673e-06 0 0 4.57111e+52 9.4567e+52 3.73418e+57 9.88765e+55 0 1.10997e+47 0 4.64348e+42 0 0 1
2.5483e-06 0 0 5.82561e+52 1.09331e+53 3.25273e+57 8.64652e+55 0 1.28177e+47 0 4.64348e+42 0 0 1
2.94273e-06 0 0 7.34431e+52 1.2668e+53 2.83052e+57 7.55506e+55 0 1.48016e+47 0 4.64348e+42 0 0 1
3.39821e-06 0 0 9.17451e+52 1.47097e+53 2.46049e+57 6.59557e+55 0 1.70926e+47 0 4.64348e+42 0 0 1
3.92419e-06 0 0 1.13725e+53 1.71158e+53 2.1364e+57 5.75251e+55 0 1.97383e+47 0 4.64348e+42 0 0 1
4.53158e-06 0 0 1.40057e+53 1.99549e+53 1.85275e+57 5.01216e+55 0 2.27934e+47 0 4.64348e+42 0 0 1
5.23299e-06 0 0 1.71547e+53 2.33089e+53 1.60469e+57 4.36238e+55 0 2.63214e+47 0 4.64348e+42 0 0 1
6.04296e-06 0 0 2.09163e+53 2.72758e+53 1.38794e+57 3.79247e+55 0 3.03955e+47 0 4.64348e+42 0 0 1
6.97831e-06 0 0 2.54059e+53 3.19723e+53 1.19874e+57 3.29297e+55 0 3.51001e+47 0 4.64348e+42 0 0 1
8.05842e-06 0 0 3.07612e+53 3.7537e+53 1.03375e+57 2.85553e+55 0 4.0533e+47 0 4.64348e+42 0 0 1
9.30572e-06 0 0 3.71467e+53 4.41355e+53 8.90043e+56 2.4728e+55 0 4.68068e+47 0 4.64348e+42 0 0 1
1.07461e-05 0 0 4.47589e+53 5.19652e+53 7.65029e+56 2.13825e+55 0 5.40516e+47 0 4.64348e+42 0 0 1
1.24094e-05 0 0 5.38324e+53 6.12614e+53 6.56419e+56 1.84614e+55 0 6.24178e+47 0 4.64348e+42 0 0 1
1.43301e-05 0 0 6.46474e+53 7.23052e+53 5.62197e+56 1.59136e+55 0 7.20789e+47 0 4.64348e+42 0 0 1
1.65482e-05 0 0 7.75388e+53 8.5432e+53 4.80579e+56 1.36943e+55 0 8.32353e+47 0 4.64348e+42 0 0 1
1.91095e-05 0 0 9.29067e+53 1.01043e+54 4.09996e+56 1.17638e+55 0 9.61186e+47 0 4.64348e+42 0 0 1
2.20673e-05 0 0 1.1123e+54 1.19617e+54 3.4906e+56 1.00867e+55 0 1.10996e+48 0 4.64348e+42 0 0 1
2.5483e-05 0 0 1.33083e+54 1.4173e+54 2.96549e+56 8.63216e+54 0 1.28176e+48 0 4.64348e+42 0 0 1
2.94273e-05 0 0 1.59153e+54 1.6807e+54 2.51384e+56 7.37262e+54 0 1.48015e+48 0 4.64348e+42 0 0 1
3.39821e-05 0 0 1.90265e+54 1.99463e+54 2.12616e+56 6.28382e+54 0 1.70925e+48 0 4.64348e+42 0 0 1
3.92419e-05 0 0 2.27413e+54 2.36902e+54 1.7941e+56 5.34434e+54 0 1.97381e+48 0 4.64348e+42 0 0 1
4.53158e-05 0 0 2.71789e+54 2.81583e+54 1.5103e+56 4.53526e+54 0 2.27932e+48 0 4.64348e+42 0 0 1
5.23299e-05 0 0 3.24834e+54 3.34947e+54 1.26831e+56 3.83989e+54 0 2.63211e+48 0 4.64348e+42 0 0 1
6.04296e-05 0 0 3.88284e+54 3.9873e+54 1.06246e+56 3.24351e+54 0 3.0395e+48 0 4.64348e+42 0 0 1
6.97831e-05 0 0 4.64237e+54 4.75033e+54 8.87777e+55 2.73317e+54 0 3.50996e+48 0 4.64348e+42 0 0 1
8.05842e-05 0 0 5.55232e+54 5.66396e+54 7.39929e+55 2.29746e+54 0 4.05322e+48 0 4.64348e+42 0 0 1
9.30572e-05 0 0 6.64275e+54 6.75826e+54 6.15116e+55 1.92636e+54 0 4.68057e+48 0 4.64348e+42 0 0 1
0.000107461 0 0 7.93883e+54 8.05824e+54 5.10031e+55 1.61107e+54 0 5.40502e+48 0 4.64348e+42 0 0 1
0.000124094 0 0 9.40629e+54 9.52868e+54 4.21796e+55 1.34388e+54 0 6.2416e+48 0 4.64348e+42 0 0 1
0.000143301 0 0 1.0858e+55 1.09802e+55 3.47916e+55 1.11806e+54 0 7.20765e+48 0 4.64348e+42 0 0 1
0.000165482 0 0 1.19684e+55 1.2085e+55 2.86227e+55 9.27717e+53 0 8.32321e+48 0 4.64348e+42 0 0 1
0.000191095 0 0 1.24548e+55 1.25598e+55 2.34864e+55 7.67719e+53 0 9.61143e+48 0 4.64348e+42 0 0 1
0.000220673 1.78574e-256 1.78574e-256 1.22368e+55 1.23261e+55 1.9222e+55 6.33607e+53 0 1.1099e+49 1.43753e-260 4.64348e+42 0 0 1
0.00025483 1.97295e-175 1.97295e-175 1.14339e+55 1.15062e+55 1.56915e+55 5.21516e+53 0 1.28168e+49 1.47194e-179 4.64348e+42 0 0 1
0.000294273 1.49742e-115 1.49742e-115 1.026e+55 1.03161e+55 1.27769e+55 4.28099e+53 0 1.48005e+49 1.07812e-119 4.64348e+42 0 0 1
0.000339821 2.58076e-71 2.58076e-71 8.92453e+54 8.96676e+54 1.03776e+55 3.50472e+53 0 1.70912e+49 1.84983e-75 4.64348e+42 0 0 1
0.000392419 1.21457e-38 1.21457e-38 7.58393e+54 7.615e+54 8.40791e+54 2.86156e+53 0 1.97363e+49 8.87155e-43 4.64348e+42 0 0 1
0.000453158 1.61964e-14 1.61964e-14 6.33432e+54 6.35679e+54 6.79546e+54 2.33023e+53 0 2.27907e+49 1.22656e-18 4.64348e+42 0 0 1
0.000523299 10378.6 10378.6 5.22335e+54 5.23939e+54 5.47902e+54 1.89257e+53 0 2.63179e+49 0.825388 4.64348e+42 0 0 1
0.000604296 1.42061e+17 1.42061e+17 4.26625e+54 4.27759e+54 4.40713e+54 1.53312e+53 0 3.03908e+49 1.19784e+13 4.64348e+42 0 0 1
0.000697831 6.86245e+26 6.86245e+26 3.45929e+54 3.46725e+54 3.53666e+54 1.23874e+53 0 3.50939e+49 6.17963e+22 4.64348e+42 0 0 1
0.000805842 9.29961e+33 9.29961e+33 2.78911e+54 2.79467e+54 2.83158e+54 9.98347e+52 0 4.05246e+49 8.99432e+29 4.64348e+42 0 0 1
0.000930572 1.63642e+39 1.63642e+39 2.23855e+54 2.24242e+54 2.26191e+54 8.02588e+52 0 4.67956e+49 1.70764e+35 4.64348e+42 0 0 1
0.00107461 1.16048e+43 1.16048e+43 1.78987e+54 1.79255e+54 1.80278e+54 6.43616e+52 0 5.40367e+49 1.31155e+39 4.64348e+42 0 0 1
0.00124094 7.66056e+45 7.66056e+45 1.42646e+54 1.4283e+54 1.43364e+54 5.14869e+52 0 6.23979e+49 9.40745e+41 4.64348e+42 0 0 1
0.00143301 8.73942e+47 8.73942e+47 1.13352e+54 1.13479e+54 1.13756e+54 4.1088e+52 0 7.20524e+49 1.16956e+44 4.64348e+42 0 0 1
0.00165482 2.72226e+49 2.72226e+49 8.98332e+53 8.99203e+53 9.00634e+53 3.27108e+52 0 8.32e+49 3.98073e+45 4.64348e+42 0 0 1
0.00191095 3.24648e+50 3.24648e+50 7.10152e+53 7.10749e+53 7.11483e+53 2.59797e+52 0 9.60715e+49 5.20033e+46 4.64348e+42 0 0 1
0.00220673 1.90302e+51 1.90302e+51 5.60036e+53 5.60443e+53 5.60818e+53 2.0585e+52 0 1.10933e+50 3.34732e+47 4.64348e+42 0 0 1
0.0025483 6.59517e+51 6.59517e+51 4.40612e+53 4.40889e+53 4.4108e+53 1.62721e+52 0 1.28092e+50 1.27685e+48 4.64348e+42 0 0 1
0.00294273 1.54896e+52 1.54896e+52 3.4585e+53 3.46039e+53 3.46135e+53 1.28327e+52 0 1.47904e+50 3.30844e+48 4.64348e+42 0 0 1
0.00339821 2.72711e+52 2.72711e+52 2.70842e+53 2.7097e+53 2.71019e+53 1.00965e+52 0 1.70776e+50 6.44104e+48 4.64348e+42 0 0 1
0.00392419 3.87787e+52 3.87787e+52 2.11613e+53 2.117e+53 2.11724e+53 7.92503e+51 0 1.97182e+50 1.01513e+49 4.64348e+42 0 0 1
0.00453158 4.70592e+52 4.70592e+52 1.64954e+53 1.65013e+53 1.65025e+53 6.20592e+51 0 2.27667e+50 1.36852e+49 4.64348e+42 0 0 1
0.00523299 5.07627e+52 5.07627e+52 1.28284e+53 1.28324e+53 1.2833e+53 4.84821e+51 0 2.62858e+50 1.64377e+49 4.64348e+42 0 0 1
0.00604296 5.01607e+52 5.01607e+52 9.95324e+52 9.95589e+52 9.95619e+52 3.77852e+51 0 3.0348e+50 1.81288e+49 4.64348e+42 0 0 1
0.00697831 4.64262e+52 4.64262e+52 7.70428e+52 7.70605e+52 7.7062e+52 2.93779e+51 0 3.50368e+50 1.87716e+49 4.64348e+42 0 0 1
0.00805842 4.09151e+52 4.09151e+52 5.94935e+52 5.95054e+52 5.95061e+52 2.27862e+51 0 4.04485e+50 1.85517e+49 4.64348e+42 0 0 1
0.00930572 3.47539e+52 3.47539e+52 4.58327e+52 4.58406e+52 4.58409e+52 1.76308e+51 0 4.66942e+50 1.77132e+49 4.64348e+42 0 0 1
0.0107461 2.87094e+52 2.87094e+52 3.52246e+52 3.52298e+52 3.52302e+52 1.36088e+51 0 5.39014e+50 1.64873e+49 4.64348e+42 0 0 1
0.0124094 2.3219e+52 2.3219e+52 2.70079e+52 2.70114e+52 2.70116e+52 1.04788e+51 0 6.22176e+50 1.50599e+49 4.64348e+42 0 0 1
0.0143301 1.84755e+52 1.84755e+52 2.06594e+52 2.06617e+52 2.06618e+52 8.04927e+50 0 7.1812e+50 1.35659e+49 4.64348e+42 0 0 1
0.0165482 1.45171e+52 1.45171e+52 1.57667e+52 1.57682e+52 1.57682e+52 6.1682e+50 0 8.28795e+50 1.20951e+49 4.64348e+42 0 0 1
0.0191095 1.12947e+52 1.12947e+52 1.20055e+52 1.20065e+52 1.20065e+52 4.71554e+50 0 9.56442e+50 1.0702e+49 4.64348e+42 0 0 1
0.0220673 8.7192e+51 8.7192e+51 9.12145e+51 9.12212e+51 9.12213e+51 3.59663e+50 0 1.10363e+51 9.41634e+48 4.64348e+42 0 0 1
0.025483 6.68888e+51 6.68888e+51 6.91559e+51 6.91603e+51 6.91603e+51 2.737e+50 0 1.27333e+51 8.25076e+48 4.64348e+42 0 0 1
0.0294273 5.10529e+51 5.10529e+51 5.23261e+51 5.2329e+51 5.2329e+51 2.07827e+50 0 1.46891e+51 7.20729e+48 4.64348e+42 0 0 1
0.0339821 3.88038e+51 3.88038e+51 3.95167e+51 3.95185e+51 3.95185e+51 1.57476e+50 0 1.69427e+51 6.28151e+48 4.64348e+42 0 0 1
0.0392419 2.9392e+51 2.9392e+51 2.979e+51 2.97913e+51 2.97913e+51 1.19087e+50 0 1.95384e+51 5.46547e+48 4.64348e+42 0 0 1
0.0453158 2.21991e+51 2.21991e+51 2.24209e+51 2.24217e+51 2.24217e+51 8.9887e+49 0 2.2527e+51 4.74955e+48 4.64348e+42 0 0 1
0.0523299 1.67264e+51 1.67264e+51 1.68497e+51 1.68502e+51 1.68502e+51 6.77292e+49 0 2.59663e+51 4.12363e+48 4.64348e+42 0 0 1
0.0604296 1.25777e+51 1.25777e+51 1.26461e+51 1.26465e+51 1.26465e+51 5.09524e+49 0 2.99223e+51 3.57777e+48 4.64348e+42 0 0 1
0.0697831 9.44244e+50 9.44244e+50 9.48036e+50 9.48058e+50 9.48058e+50 3.82764e+49 0 3.44697e+51 3.10262e+48 4.64348e+42 0 0 1
0.0805842 7.07914e+50 7.07914e+50 7.10013e+50 7.10027e+50 7.10027e+50 2.87176e+49 0 3.9693e+51 2.68957e+48 4.64348e+42 0 0 1
0.0930572 5.3016e+50 5.3016e+50 5.31321e+50 5.3133e+50 5.3133e+50 2.15222e+49 0 4.56879e+51 2.33088e+48 4.64348e+42 0 0 1
0.107461 3.96708e+50 3.96708e+50 3.9735e+50 3.97356e+50 3.97356e+50 1.61148e+49 0 5.25614e+51 2.01961e+48 4.64348e+42 0 0 1
0.124094 2.96668e+50 2.96668e+50 2.97022e+50 2.97026e+50 2.97026e+50 1.20568e+49 0 6.04334e+51 1.74965e+48 4.64348e+42 0 0 1
0.143301 2.21766e+50 2.21766e+50 2.21962e+50 2.21964e+50 2.21964e+50 9.01553e+48 0 6.94371e+51 1.51561e+48 4.64348e+42 0 0 1
0.165482 1.65743e+50 1.65743e+50 1.6585e+50 1.65852e+50 1.65852e+50 6.73863e+48 0 7.97194e+51 1.31276e+48 4.64348e+42 0 0 1
0.191095 1.23871e+50 1.23871e+50 1.2393e+50 1.23932e+50 1.23932e+50 5.03556e+48 0 9.14405e+51 1.137e+48 4.64348e+42 0 0 1
0.220673 9.25939e+49 9.25939e+49 9.26267e+49 9.26274e+49 9.26274e+49 3.76266e+48 0 1.04774e+52 9.84724e+47 4.64348e+42 0 0 1
0.25483 6.9239e+49 6.9239e+49 6.92571e+49 6.92575e+49 6.92575e+49 2.81181e+48 0 1.19904e+52 8.52815e+47 4.64348e+42 0 0 1
0.294273 5.18025e+49 5.18025e+49 5.18125e+49 5.18128e+49 5.18128e+49 2.10181e+48 0 1.37022e+52 7.38558e+47 4.64348e+42 0 0 1
0.339821 3.87844e+49 3.87844e+49 3.87899e+49 3.87901e+49 3.87901e+49 1.57177e+48 0 1.56325e+52 6.39597e+47 4.64348e+42 0 0 1
0.392419 2.9063e+49 2.9063e+49 2.90661e+49 2.90662e+49 2.90662e+49 1.17611e+48 0 1.78002e+52 5.53888e+47 4.64348e+42 0 0 1
0.453158 2.18008e+49 2.18008e+49 2.18025e+49 2.18026e+49 2.18026e+49 8.80714e+47 0 2.02229e+52 4.7966e+47 4.64348e+42 0 0 1
0.523299 1.63726e+49 1.63726e+49 1.63735e+49 1.63736e+49 1.63736e+49 6.60117e+47 0 2.29151e+52 4.15377e+47 4.64348e+42 0 0 1
0.604296 1.23123e+49 1.23123e+49 1.23128e+49 1.23129e+49 1.23129e+49 4.95302e+47 0 2.58862e+52 3.59706e+47 4.64348e+42 0 0 1
0.697831 9.27249e+48 9.27249e+48 9.27278e+48 9.2728e+48 9.2728e+48 3.72089e+47 0 2.91379e+52 3.11496e+47 4.64348e+42 0 0 1
0.805842 6.99431e+48 6.99431e+48 6.99447e+48 6.99448e+48 6.99448e+48 2.79904e+47 0 3.26605e+52 2.69746e+47 4.64348e+42 0 0 1
0.930572 5.28487e+48 5.28487e+48 5.28496e+48 5.28497e+48 5.28497e+48 2.1087e+47 0 3.64289e+52 2.33592e+47 4.64348e+42 0 0 1
1.07461 4.00047e+48 4.00047e+48 4.00052e+48 4.00053e+48 4.00053e+48 1.59115e+47 0 4.0397e+52 2.02282e+47 4.64348e+42 0 0 1
1.24094 3.034e+48 3.034e+48 3.03403e+48 3.03404e+48 3.03404e+48 1.20268e+47 0 4.4492e+52 1.7517e+47 4.64348e+42 0 0 1
1.43301 2.30562e+48 2.30562e+48 2.30563e+48 2.30564e+48 2.30564e+48 9.10688e+46 0 4.86077e+52 1.51691e+47 4.64348e+42 0 0 1
1.65482 1.75573e+48 1.75573e+48 1.75574e+48 1.75574e+48 1.75574e+48 6.90894e+46 0 5.25977e+52 1.31358e+47 4.64348e+42 0 0 1
1.91095 1.33984e+48 1.33984e+48 1.33985e+48 1.33985e+48 1.33985e+48 5.25179e+46 0 5.62711e+52 1.13751e+47 4.64348e+42 0 0 1
2.20673 1.02471e+48 1.02471e+48 1.02472e+48 1.02472e+48 1.02472e+48 4.00027e+46 0 5.939e+52 9.85044e+46 4.64348e+42 0 0 1
2.5483 7.85456e+47 7.85456e+47 7.85459e+47 7.85459e+47 7.85459e+47 3.05338e+46 0 6.16743e+52 8.5301e+46 4.64348e+42 0 0 1
2.94273 6.03433e+47 6.03433e+47 6.03435e+47 6.03435e+47 6.03435e+47 2.33564e+46 0 6.28152e+52 7.38672e+46 4.64348e+42 0 0 1
3.39821 4.64659e+47 4.64659e+47 4.64661e+47 4.64661e+47 4.64661e+47 1.79052e+46 0 6.25038e+52 6.3966e+46 4.64348e+42 0 0 1
3.92419 3.58628e+47 3.58628e+47 3.58629e+47 3.58629e+47 3.58629e+47 1.37567e+46 0 6.04762e+52 5.53919e+46 4.64348e+42 0 0 1
4.53158 2.77433e+47 2.77433e+47 2.77434e+47 2.77434e+47 2.77434e+47 1.0593e+46 0 5.65755e+52 4.7967e+46 4.64348e+42 0 0 1
5.23299 2.15114e+47 2.15114e+47 2.15115e+47 2.15115e+47 2.15115e+47 8.17512e+45 0 5.08248e+52 4.15374e+46 4.64348e+42 0 0 1
6.04296 1.67173e+47 1.67173e+47 1.67174e+47 1.67174e+47 1.67174e+47 6.32319e+45 0 4.34906e+52 3.59695e+46 4.64348e+42 0 0 1
6.97831 1.30205e+47 1.30205e+47 1.30205e+47 1.30205e+47 1.30205e+47 4.90157e+45 0 3.511e+52 3.11479e+46 4.64348e+42 0 0 1
8.05842 1.01629e+47 1.01629e+47 1.0163e+47 1.0163e+47 1.0163e+47 3.80778e+45 0 2.64445e+52 2.69726e+46 4.64348e+42 0 0 1
9.30572 7.94887e+46 7.94887e+46 7.94892e+46 7.94893e+46 7.94893e+46 2.96429e+45 0 1.83457e+52 2.33569e+46 4.64348e+42 0 0 1
10.7461 6.2293e+46 6.2293e+46 6.22935e+46 6.22935e+46 6.22935e+46 2.31232e+45 0 1.15523e+52 2.02258e+46 4.64348e+42 0 0 1
12.4094 4.89066e+46 4.89066e+46 4.8907e+46 4.89071e+46 4.89071e+46 1.80724e+45 0 6.49443e+51 1.75145e+46 4.64348e+42 0 0 1
14.3301 3.84619e+46 3.84619e+46 3.84623e+46 3.84623e+46 3.84623e+46 1.41506e+45 0 3.19904e+51 1.51665e+46 4.64348e+42 0 0 1
16.5482 3.02946e+46 3.02946e+46 3.0295e+46 3.0295e+46 3.0295e+46 1.10988e+45 0 1.35172e+51 1.31333e+46 4.64348e+42 0 0 1
19.1095 2.38947e+46 2.38947e+46 2.3895e+46 2.3895e+46 2.3895e+46 8.71875e+44 0 4.78234e+50 1.13725e+46 4.64348e+42 0 0 1
22.0673 1.88695e+46 1.88695e+46 1.88698e+46 1.88698e+46 1.88698e+46 6.85878e+44 0 1.37802e+50 9.84782e+45 4.64348e+42 0 0 1
25.483 1.49164e+46 1.49164e+46 1.49166e+46 1.49166e+46 1.49166e+46 5.4023e+44 0 3.13253e+49 8.52746e+45 4.64348e+42 0 0 1
29.4273 1.1801e+46 1.1801e+46 1.18013e+46 1.18013e+46 1.18013e+46 4.25963e+44 0 5.41515e+48 7.38409e+45 4.64348e+42 0 0 1
33.9821 9.34205e+45 9.34205e+45 9.34227e+45 9.34227e+45 9.34227e+45 3.36155e+44 0 6.82325e+47 6.39396e+45 4.64348e+42 0 0 1
39.2419 7.3984e+45 7.3984e+45 7.3986e+45 7.3986e+45 7.3986e+45 2.65457e+44 0 5.96732e+46 5.53655e+45 4.64348e+42 0 0 1
45.3158 5.86022e+45 5.86022e+45 5.8604e+45 5.8604e+45 5.8604e+45 2.09722e+44 0 3.42316e+45 4.79406e+45 4.64348e+42 0 0 1
52.3299 4.64172e+45 4.64172e+45 4.64189e+45 4.64189e+45 4.64189e+45 1.65728e+44 0 1.20667e+44 4.15109e+45 4.64348e+42 0 0 1
60.4296 3.67574e+45 3.67574e+45 3.67589e+45 3.67589e+45 3.67589e+45 1.30964e+44 0 2.42399e+42 3.5943e+45 4.64348e+42 0 0 1
69.7831 2.90954e+45 2.90954e+45 2.90968e+45 2.90968e+45 2.90968e+45 1.03472e+44 0 2.5436e+40 3.11214e+45 4.64348e+42 0 0 1
80.5842 2.30166e+45 2.30166e+45 2.30179e+45 2.30179e+45 2.30179e+45 8.17167e+43 0 1.26094e+38 2.69461e+45 4.64348e+42 0 0 1
93.0572 1.81938e+45 1.81938e+45 1.8195e+45 1.8195e+45 1.8195e+45 6.44964e+43 0 2.6294e+35 2.33304e+45 4.64348e+42 0 0 1
107.461 1.43687e+45 1.43687e+45 1.43698e+45 1.43698e+45 1.43698e+45 5.08648e+43 0 2.0171e+32 2.01994e+45 4.64348e+42 0 0 1
124.094 1.13366e+45 1.13366e+45 1.13375e+45 1.13375e+45 1.13375e+45 4.00765e+43 0 4.87622e+28 1.7488e+45 4.64348e+42 0 0 1
143.301 8.9349e+44 8.9349e+44 8.93578e+44 8.93578e+44 8.93578e+44 3.15427e+43 0 3.1067e+24 1.514e+45 4.64348e+42 0 0 1
165.482 7.03464e+44 7.03464e+44 7.03544e+44 7.03544e+44 7.03544e+44 2.47975e+43 0 4.24363e+19 1.31068e+45 4.64348e+42 0 0 1
191.095 5.53296e+44 5.53296e+44 5.53368e+44 5.53368e+44 5.53368e+44 1.94715e+43 0 9.7922e+13 1.13461e+45 4.64348e+42 0 0 1
220.673 4.34789e+44 4.34789e+44 4.34855e+44 4.34855e+44 4.34855e+44 1.52714e+43 0 2.89862e+07 9.82137e+44 4.64348e+42 0 0 1
254.83 3.41406e+44 3.41406e+44 3.41465e+44 3.41465e+44 3.41465e+44 1.19639e+43 0 0.800999 8.50102e+44 4.64348e+42 0 0 1
294.273 2.67927e+44 2.67927e+44 2.67981e+44 2.67981e+44 2.67981e+44 9.36347e+42 0 1.43152e-09 7.35765e+44 4.64348e+42 0 0 1
339.821 2.10191e+44 2.10191e+44 2.1024e+44 2.1024e+44 2.1024e+44 7.32214e+42 0 1.08294e-19 6.36753e+44 4.64348e+42 0 0 1
392.419 1.64881e+44 1.64881e+44 1.64925e+44 1.64925e+44 1.64925e+44 5.72228e+42 0 2.12563e-31 5.51013e+44 4.64348e+42 0 0 1
453.158 1.29358e+44 1.29358e+44 1.29398e+44 1.29398e+44 1.29398e+44 4.47027e+42 0 6.15136e-45 4.76765e+44 4.64348e+42 0 0 1
523.299 1.01526e+44 1.01526e+44 1.01563e+44 1.01563e+44 1.01563e+44 3.49172e+42 0 1.36644e-60 4.1247e+44 4.64348e+42 0 0 1
604.296 7.97295e+43 7.97295e+43 7.97625e+43 7.97625e+43 7.97625e+43 2.7277e+42 0 1.09647e-78 3.56792e+44 4.64348e+42 0 0 1
697.831 6.26584e+43 6.26584e+43 6.26883e+43 6.26883e+43 6.26883e+43 2.13158e+42 0 1.33103e-99 3.08578e+44 4.64348e+42 0 0 1
805.842 4.92838e+43 4.92838e+43 4.9311e+43 4.9311e+43 4.9311e+43 1.66663e+42 0 8.94619e-124 2.66827e+44 4.64348e+42 0 0 1
930.572 3.87985e+43 3.87985e+43 3.88233e+43 3.88233e+43 3.88233e+43 1.30398e+42 0 1.04296e-151 2.30673e+44 4.64348e+42 0 0 1
1074.61 3.05712e+43 3.05712e+43 3.05937e+43 3.05937e+43 3.05937e+43 1.02104e+42 0 5.52031e-184 1.99365e+44 4.64348e+42 0 0 1
1240.94 2.41088e+43 2.41088e+43 2.41293e+43 2.41293e+43 2.41293e+43 8.0015e+41 0 2.82178e-221 1.72255e+44 4.64348e+42 0 0 1
1433.01 1.90269e+43 1.90269e+43 1.90456e+43 1.90456e+43 1.90456e+43 6.2756e+41 0 0 1.48779e+44 4.64348e+42 0 0 1
1654.82 1.50261e+43 1.50261e+43 1.50431e+43 1.50431e+43 1.50431e+43 4.9258e+41 0 0 1.28451e+44 4.64348e+42 0 0 1
1910.95 1.18727e+43 1.18727e+43 1.18883e+43 1.18883e+43 1.18883e+43 3.86904e+41 0 0 1.10849e+44 4.64348e+42 0 0 1
2206.73 9.38468e+42 9.38468e+42 9.39889e+42 9.39889e+42 9.39889e+42 3.04083e+41 0 0 9.56073e+43 4.64348e+42 0 0 1
2548.3 7.41978e+42 7.41978e+42 7.43276e+42 7.43276e+42 7.43276e+42 2.39106e+41 0 0 8.24104e+43 4.64348e+42 0 0 1
2942.73 5.86676e+42 5.86676e+42 5.87861e+42 5.87861e+42 5.87861e+42 1.88081e+41 0 0 7.09843e+43 4.64348e+42 0 0 1
3398.21 4.63849e+42 4.63849e+42 4.64931e+42 4.64931e+42 4.64931e+42 1.47977e+41 0 0 6.10919e+43 4.64348e+42 0 0 1
3924.19 3.66658e+42 3.66658e+42 3.67646e+42 3.67646e+42 3.67646e+42 1.16434e+41 0 0 5.25279e+43 4.64348e+42 0 0 1
4531.58 2.89728e+42 2.89728e+42 2.9063e+42 2.9063e+42 2.9063e+42 9.16087e+40 0 0 4.51147e+43 4.64348e+42 0 0 1
5232.99 2.28894e+42 2.28894e+42 2.29683e+42 2.29683e+42 2.29683e+42 7.20754e+40 0 0 3.871e+43 4.64348e+42 0 0 1
6042.96 1.80684e+42 1.80684e+42 1.81398e+42 1.81398e+42 1.81398e+42 5.66811e+40 0 0 3.3159e+43 4.64348e+42 0 0 1
6978.31 1.42525e+42 1.42525e+42 1.43172e+42 1.43172e+42 1.43172e+42 4.45549e+40 0 0 2.83568e+43 4.64348e+42 0 0 1
8058.42 1.12332e+42 1.12332e+42 1.12916e+42 1.12916e+42 1.12916e+42 3.50031e+40 0 0 2.42036e+43 4.64348e+42 0 0 1
9305.72 8.84528e+41 8.84528e+41 8.89782e+41 8.89782e+41 8.89782e+41 2.74804e+40 0 0 2.0613e+43 4.64348e+42 0 0 1
10746.1 6.95781e+41 6.95781e+41 7.00502e+41 7.00502e+41 7.00502e+41 2.15575e+40 0 0 1.75106e+43 4.64348e+42 0 0 1
12409.4 5.46698e+41 5.46698e+41 5.5093e+41 5.5093e+41 5.5093e+41 1.68962e+40 0 0 1.48316e+43 4.64348e+42 0 0 1
14330.1 4.29043e+41 4.29043e+41 4.32824e+41 4.32824e+41 4.32824e+41 1.32299e+40 0 0 1.25203e+43 4.64348e+42 0 0 1
16548.2 3.36278e+41 3.36278e+41 3.39645e+41 3.39645e+41 3.39645e+41 1.03482e+40 0 0 1.05284e+43 4.64348e+42 0 0 1
19109.5 2.63213e+41 2.63213e+41 2.662e+41 2.662e+41 2.662e+41 8.08496e+39 0 0 8.81411e+42 4.64348e+42 0 0 1
22067.3 2.0573e+41 2.0573e+41 2.0837e+41 2.0837e+41 2.0837e+41 6.30909e+39 0 0 7.34137e+42 4.64348e+42 0 0 1
25483 1.60561e+41 1.60561e+41 1.62885e+41 1.62885e+41 1.62885e+41 4.91702e+39 0 0 6.07897e+42 4.64348e+42 0 0 1
29427.3 1.25116e+41 1.25116e+41 1.27151e+41 1.27151e+41 1.27151e+41 3.82698e+39 0 0 4.99987e+42 4.64348e+42 0 0 1
33982.1 9.73398e+40 9.73398e+40 9.91122e+40 9.91122e+40 9.91122e+40 2.97445e+39 0 0 4.08069e+42 4.64348e+42 0 0 1
39241.9 7.56056e+40 7.56056e+40 7.7141e+40 7.7141e+40 7.7141e+40 2.30852e+39 0 0 3.30109e+42 4.64348e+42 0 0 1
45315.8 5.86258e+40 5.86258e+40 5.99478e+40 5.99478e+40 5.99478e+40 1.78902e+39 0 0 2.6434e+42 4.64348e+42 0 0 1
52329.9 4.5382e+40 4.5382e+40 4.6513e+40 4.6513e+40 4.6513e+40 1.38433e+39 0 0 2.09217e+42 4.64348e+42 0 0 1
60429.6 3.50697e+40 3.50697e+40 3.60306e+40 3.60306e+40 3.60306e+40 1.06952e+39 0 0 1.63384e+42 4.64348e+42 0 0 1
69783.1 2.7054e+40 2.7054e+40 2.78645e+40 2.78645e+40 2.78645e+40 8.25015e+38 0 0 1.25642e+42 4.64348e+42 0 0 1
80584.2 2.08348e+40 2.08348e+40 2.15132e+40 2.15132e+40 2.15132e+40 6.35396e+38 0 0 9.49246e+41 4.64348e+42 0 0 1
93057.2 1.6018e+40 1.6018e+40 1.65814e+40 1.65814e+40 1.65814e+40 4.8858e+38 0 0 7.02727e+41 4.64348e+42 0 0 1
107461 1.22942e+40 1.22942e+40 1.27583e+40 1.27583e+40 1.27583e+40 3.75087e+38 0 0 5.0819e+41 4.64348e+42 0 0 1
124094 9.42067e+39 9.42067e+39 9.79982e+39 9.79982e+39 9.79982e+39 2.87497e+38 0 0 3.57729e+41 4.64348e+42 0 0 1
143301 7.20717e+39 7.20717e+39 7.51433e+39 7.51433e+39 7.51433e+39 2.20009e+38 0 0 2.44108e+41 4.64348e+42 0 0 1
165482 5.50509e+39 5.50509e+39 5.75186e+39 5.75186e+39 5.75186e+39 1.68094e+38 0 0 1.60707e+41 4.64348e+42 0 0 1
191095 4.19852e+39 4.19852e+39 4.39513e+39 4.39513e+39 4.39513e+39 1.28226e+38 0 0 1.0151e+41 4.64348e+42 0 0 1
220673 3.19723e+39 3.19723e+39 3.35261e+39 3.35261e+39 3.35261e+39 9.76585e+37 0 0 6.11257e+40 4.64348e+42 0 0 1
254830 2.43115e+39 2.43115e+39 2.55297e+39 2.55297e+39 2.55297e+39 7.4261e+37 0 0 3.48296e+40 4.64348e+42 0 0 1
294273 1.84596e+39 1.84596e+39 1.94074e+39 1.94074e+39 1.94074e+39 5.63813e+37 0 0 1.86188e+40 4.64348e+42 0 0 1
339821 1.39966e+39 1.39966e+39 1.47285e+39 1.47285e+39 1.47285e+39 4.27409e+37 0 0 9.2452e+39 4.64348e+42 0 0 1
392419 1.05983e+39 1.05983e+39 1.11594e+39 1.11594e+39 1.11594e+39 3.23521e+37 0 0 4.21552e+39 4.64348e+42 0 0 1
453158 8.01458e+38 8.01458e+38 8.44175e+38 8.44175e+38 8.44175e+38 2.44529e+37 0 0 1.74177e+39 4.64348e+42 0 0 1
523299 6.05326e+38 6.05326e+38 6.37627e+38 6.37627e+38 6.37627e+38 1.84567e+37 8.50481e+34 0 6.42199e+38 4.64348e+42 0 0 1
604296 4.56661e+38 4.56661e+38 4.80924e+38 4.80924e+38 4.80924e+38 1.39126e+37 8.54153e+34 0 2.07584e+38 4.64348e+42 0 0 1
697831 3.44136e+38 3.44136e+38 3.62244e+38 3.62244e+38 3.62244e+38 1.04743e+37 8.57825e+34 0 5.76334e+37 4.64348e+42 0 0 1
805842 2.59083e+38 2.59083e+38 2.72512e+38 2.72512e+38 2.72512e+38 7.8767e+36 8.61497e+34 0 1.34229e+37 4.64348e+42 0 0 1
930572 1.94876e+38 1.94876e+38 2.04773e+38 2.04773e+38 2.04773e+38 5.91711e+36 8.65169e+34 0 2.55184e+36 4.64348e+42 0 0 1
1.07461e+06 1.46462e+38 1.46462e+38 1.53713e+38 1.53713e+38 1.53713e+38 4.4408e+36 8.69394e+34 0 3.83711e+35 4.64348e+42 0 0 1
1.24094e+06 1.09996e+38 1.09996e+38 1.15276e+38 1.15276e+38 1.15276e+38 3.32997e+36 8.70547e+34 0 4.40032e+34 4.64348e+42 0 0 1
1.43301e+06 8.25542e+37 8.25542e+37 8.63773e+37 8.63773e+37 8.63773e+37 2.49507e+36 8.72022e+34 0 3.69004e+33 4.64348e+42 0 0 1
1.65482e+06 6.19207e+37 6.19207e+37 6.46745e+37 6.46745e+37 6.46745e+37 1.8682e+36 8.73924e+34 0 2.15554e+32 4.64348e+42 0 0 1
1.91095e+06 4.64183e+37 4.64183e+37 4.8392e+37 4.8392e+37 4.8392e+37 1.39795e+36 8.76564e+34 0 8.29291e+30 4.64348e+42 0 0 1
2.20673e+06 3.47793e+37 3.47793e+37 3.61875e+37 3.61875e+37 3.61875e+37 1.0455e+36 8.7999e+34 0 1.96956e+29 4.64348e+42 0 0 1
2.5483e+06 2.60466e+37 2.60466e+37 2.70472e+37 2.70472e+37 2.70472e+37 7.8153e+35 8.84489e+34 0 2.67964e+27 4.64348e+42 0 0 1
2.94273e+06 1.94987e+37 1.94987e+37 2.02069e+37 2.02069e+37 2.02069e+37 5.83973e+35 8.90395e+34 0 1.9158e+25 4.64348e+42 0 0 1
3.39821e+06 1.45916e+37 1.45916e+37 1.50913e+37 1.50913e+37 1.50913e+37 4.36213e+35 8.98634e+34 0 6.51495e+22 4.64348e+42 0 0 1
3.92419e+06 1.09163e+37 1.09163e+37 1.12678e+37 1.12678e+37 1.12678e+37 3.25761e+35 9.09326e+34 0 9.3926e+19 4.64348e+42 0 0 1
4.53158e+06 8.1648e+36 8.1648e+36 8.41147e+36 8.41147e+36 8.41147e+36 2.4324e+35 9.23113e+34 0 5.02659e+16 4.64348e+42 0 0 1
5.23299e+06 6.10588e+36 6.10588e+36 6.27866e+36 6.27866e+36 6.27866e+36 1.81617e+35 9.40547e+34 0 8.56539e+12 4.64348e+42 0 0 1
6.04296e+06 4.56581e+36 4.56581e+36 4.68667e+36 4.68667e+36 4.68667e+36 1.35623e+35 9.63664e+34 0 3.89289e+08 4.64348e+42 0 0 1
6.97831e+06 3.41423e+36 3.41423e+36 3.4987e+36 3.4987e+36 3.4987e+36 1.01309e+35 9.90919e+34 0 3846.02 4.64348e+42 0 0 1
8.05842e+06 2.55339e+36 2.55339e+36 2.61243e+36 2.61243e+36 2.61243e+36 7.57235e+34 1.02312e+35 0 0.00652199 4.64348e+42 0 0 1
9.30572e+06 1.91007e+36 1.91007e+36 1.95135e+36 1.95135e+36 1.95135e+36 5.66607e+34 1.0596e+35 0 1.44517e-09 4.64348e+42 0 0 1
1.07461e+07 1.42942e+36 1.42942e+36 1.45831e+36 1.45831e+36 1.45831e+36 4.24761e+34 1.10331e+35 0 3.05378e-17 4.64348e+42 0 0 1
1.24094e+07 1.07036e+36 1.07036e+36 1.09063e+36 1.09063e+36 1.09063e+36 3.19333e+34 1.14625e+35 0 4.27734e-26 4.64348e+42 0 0 1
1.43301e+07 8.02197e+35 8.02197e+35 8.16447e+35 8.16447e+35 8.16447e+35 2.41142e+34 1.1882e+35 0 2.60926e-36 4.64348e+42 0 0 1
1.65482e+07 6.01962e+35 6.01962e+35 6.12019e+35 6.12019e+35 6.12019e+35 1.83327e+34 1.22715e+35 0 4.26803e-48 4.64348e+42 0 0 1
1.91095e+07 4.52524e+35 4.52524e+35 4.59655e+35 4.59655e+35 4.59655e+35 1.4083e+34 1.26073e+35 0 1.0692e-61 4.64348e+42 0 0 1
2.20673e+07 3.40992e+35 3.40992e+35 3.46076e+35 3.46076e+35 3.46076e+35 1.09657e+34 1.28969e+35 0 2.14841e-77 4.64348e+42 0 0 1
2.5483e+07 2.57805e+35 2.57805e+35 2.61456e+35 2.61456e+35 2.61456e+35 8.69934e+33 1.31001e+35 0 1.64072e-95 4.64348e+42 0 0 1
2.94273e+07 1.95747e+35 1.95747e+35 1.9839e+35 1.9839e+35 1.9839e+35 7.05577e+33 1.31027e+35 0 2.01015e-116 4.64348e+42 0 0 1
3.39821e+07 1.4946e+35 1.4946e+35 1.51393e+35 1.51393e+35 1.51393e+35 5.87216e+33 1.28687e+35 0 1.4593e-140 4.64348e+42 0 0 1
3.92419e+07 1.14858e+35 1.14858e+35 1.16288e+35 1.16288e+35 1.16288e+35 5.00686e+33 1.23917e+35 0 1.98736e-168 4.64348e+42 0 0 1
4.53158e+07 8.89948e+34 8.89948e+34 9.00658e+34 9.00658e+34 9.00658e+34 4.37883e+33 1.17558e+35 0 1.34523e-200 4.64348e+42 0 0 1
5.23299e+07 6.96087e+34 6.96087e+34 7.04225e+34 7.04225e+34 7.04225e+34 3.91366e+33 1.10226e+35 0 9.76335e-238 4.64348e+42 0 0 1
6.04296e+07 5.49645e+34 5.49645e+34 5.55918e+34 5.55918e+34 5.55918e+34 3.54432e+33 1.01198e+35 0 1.29261e-280 4.64348e+42 0 0 1
6.97831e+07 4.38002e+34 4.38002e+34 4.42904e+34 4.42904e+34 4.42904e+34 3.22917e+33 9.06759e+34 0 0 4.64348e+42 0 0 1
8.05842e+07 3.52081e+34 3.52081e+34 3.55963e+34 3.55963e+34 3.55963e+34 2.94568e+33 7.88353e+34 0 0 4.64348e+42 0 0 1
9.30572e+07 2.85001e+34 2.85001e+34 2.8811e+34 2.8811e+34 2.8811e+34 2.67484e+33 6.60899e+34 0 0 4.64348e+42 0 0 1
1.07461e+08 2.31578e+34 2.31578e+34 2.34087e+34 2.34087e+34 2.34087e+34 2.40157e+33 5.31621e+34 0 0 4.64348e+42 37.7624 0 1
1.24094e+08 1.89002e+34 1.89002e+34 1.91045e+34 1.91045e+34 1.91045e+34 2.14063e+33 4.208e+34 0 0 4.64348e+42 33.1749 0 1
1.43301e+08 1.54313e+34 1.54313e+34 1.55981e+34 1.55981e+34 1.55981e+34 1.88249e+33 3.27179e+34 0 0 4.64348e+42 29.1447 0 1
1.65482e+08 1.25566e+34 1.25566e+34 1.26928e+34 1.26928e+34 1.26928e+34 1.62674e+33 2.50341e+34 0 0 4.64348e+42 25.6041 0 1
1.91095e+08 1.01011e+34 1.01011e+34 1.02114e+34 1.02114e+34 1.02114e+34 1.36607e+33 1.86645e+34 0 0 4.64348e+42 22.4936 0 1
2.20673e+08 8.0941e+33 8.0941e+33 8.18324e+33 8.18324e+33 8.18324e+33 1.13372e+33 1.39884e+34 0 0 4.64348e+42 19.761 0 1
2.5483e+08 6.43191e+33 6.43191e+33 6.50352e+33 6.50352e+33 6.50352e+33 9.24337e+32 1.03659e+34 0 0 4.64348e+42 17.3604 0 1
2.94273e+08 5.06175e+33 5.06175e+33 5.11882e+33 5.11882e+33 5.11882e+33 7.39906e+32 7.59666e+33 0 0 4.64348e+42 15.2514 0 1
3.39821e+08 3.91882e+33 3.91882e+33 3.96364e+33 3.96364e+33 3.96364e+33 5.75827e+32 5.46847e+33 0 0 4.64348e+42 13.9897 0 1
3.92419e+08 3.02939e+33 3.02939e+33 3.06459e+33 3.06459e+33 3.06459e+33 4.46737e+32 4.00078e+33 0 0 4.64348e+42 13.3986 0 1
4.53158e+08 2.32265e+33 2.32265e+33 2.35009e+33 2.35009e+33 2.35009e+33 3.41796e+32 2.91357e+33 0 0 4.64348e+42 12.8324 0 1
5.23299e+08 1.76413e+33 1.76413e+33 1.78534e+33 1.78534e+33 1.78534e+33 2.57409e+32 2.11299e+33 0 0 4.64348e+42 12.2902 0 1
6.04296e+08 1.33043e+33 1.33043e+33 1.34672e+33 1.34672e+33 1.34672e+33 1.91515e+32 1.51622e+33 0 0 4.64348e+42 11.7709 0 1
6.97831e+08 1.01049e+33 1.01049e+33 1.0231e+33 1.0231e+33 1.0231e+33 1.44179e+32 1.11046e+33 0 0 4.64348e+42 11.2735 0 1
8.05842e+08 7.64859e+32 7.64859e+32 7.74588e+32 7.74588e+32 7.74588e+32 1.07948e+32 8.11932e+32 0 0 4.64348e+42 10.7972 0 1
9.30572e+08 5.76492e+32 5.76492e+32 5.8397e+32 5.8397e+32 5.8397e+32 8.02885e+31 5.92238e+32 0 0 4.64348e+42 10.3409 0 1
1.07461e+09 4.31246e+32 4.31246e+32 4.36953e+32 4.36953e+32 4.36953e+32 5.89919e+31 4.25878e+32 0 0 4.64348e+42 10.3782 0 1
1.24094e+09 3.25976e+32 3.25976e+32 3.30376e+32 3.30376e+32 3.30376e+32 4.42242e+31 3.13344e+32 0 0 4.64348e+42 10.9143 0 1
1.43301e+09 2.46185e+32 2.46185e+32 2.49576e+32 2.49576e+32 2.49576e+32 3.31869e+31 2.29929e+32 0 0 4.64348e+42 11.4782 0 1
1.65482e+09 1.85254e+32 1.85254e+32 1.87857e+32 1.87857e+32 1.87857e+32 2.48215e+31 1.68212e+32 0 0 4.64348e+42 12.0711 0 1
1.91095e+09 1.38232e+32 1.38232e+32 1.40213e+32 1.40213e+32 1.40213e+32 1.83499e+31 1.21045e+32 0 0 4.64348e+42 12.6947 0 1
2.20673e+09 1.03953e+32 1.03953e+32 1.05474e+32 1.05474e+32 1.05474e+32 1.38171e+31 8.92553e+31 0 0 4.64348e+42 13.3505 0 1
2.5483e+09 7.78528e+31 7.78528e+31 7.90143e+31 7.90143e+31 7.90143e+31 1.03706e+31 6.56317e+31 0 0 4.64348e+42 14.0402 0 1
2.94273e+09 5.80193e+31 5.80193e+31 5.89021e+31 5.89021e+31 5.89021e+31 7.74662e+30 4.8107e+31 0 0 4.64348e+42 14.7655 0 1
3.39821e+09 4.27563e+31 4.27563e+31 4.34196e+31 4.34196e+31 4.34196e+31 5.69115e+30 3.46839e+31 0 0 4.64348e+42 15.5282 0 1
3.92419e+09 3.17992e+31 3.17992e+31 3.23022e+31 3.23022e+31 3.23022e+31 4.26535e+30 2.55936e+31 0 0 4.64348e+42 16.3304 0 1
4.53158e+09 2.35757e+31 2.35757e+31 2.39558e+31 2.39558e+31 2.39558e+31 3.18641e+30 1.88185e+31 0 0 4.64348e+42 17.174 0 1
5.23299e+09 1.7428e+31 1.7428e+31 1.77144e+31 1.77144e+31 1.77144e+31 2.37241e+30 1.37807e+31 0 0 4.64348e+42 18.0612 0 1
6.04296e+09 1.27408e+31 1.27408e+31 1.29541e+31 1.29541e+31 1.29541e+31 1.73421e+30 9.93433e+30 0 0 4.64348e+42 18.9942 0 1
6.97831e+09 9.42379e+30 9.42379e+30 9.58459e+30 9.58459e+30 9.58459e+30 1.29638e+30 7.32286e+30 0 0 4.64348e+42 19.9755 0 1
8.05842e+09 6.94478e+30 6.94478e+30 7.06663e+30 7.06663e+30 7.06663e+30 9.65781e+29 5.38312e+30 0 0 4.64348e+42 21.0074 0 1
9.30572e+09 5.04409e+30 5.04409e+30 5.14136e+30 5.14136e+30 5.14136e+30 7.13592e+29 3.94619e+30 0 0 4.64348e+42 22.0926 0 1
1.07461e+10 3.41372e+30 3.41372e+30 3.51134e+30 3.51134e+30 3.51134e+30 5.12563e+29 2.85381e+30 0 0 4.64348e+42 24.7883 0 1
1.24094e+10 1.85158e+30 1.85158e+30 1.98763e+30 1.98763e+30 1.98763e+30 3.62589e+29 2.1107e+30 0 0 4.64348e+42 29.6737 0 1
1.43301e+10 6.13019e+29 6.13019e+29 7.74272e+29 7.74272e+29 7.74272e+29 2.49334e+29 1.5572e+30 0 0 4.64348e+42 35.522 0 1
1.65482e+10 1.09517e+29 1.09517e+29 2.29713e+29 2.29713e+29 2.29713e+29 1.75167e+29 1.14535e+30 0 0 4.64348e+42 42.5228 0 1
1.91095e+10 8.2376e+27 8.2376e+27 6.49929e+28 6.49929e+28 6.49929e+28 1.24169e+29 8.28438e+29 0 0 4.64348e+42 50.9034 0 1
2.20673e+10 1.31872e+26 1.31872e+26 2.01011e+28 2.01011e+28 2.01011e+28 9.11757e+28 6.13152e+29 0 0 4.64348e+42 60.9357 34.7254 1
2.5483e+10 1.4009e+23 1.4009e+23 6.88238e+27 6.88238e+27 6.88238e+27 6.70392e+28 4.52321e+29 0 0 4.64348e+42 72.9453 22.9578 1
2.94273e+10 2.40384e+18 2.40384e+18 2.60302e+27 2.60302e+27 2.60302e+27 4.92335e+28 3.32526e+29 0 0 4.64348e+42 87.3217 15.5417 1
3.39821e+10 1.64332e+11 1.64332e+11 1.06721e+27 1.06721e+27 1.06721e+27 3.55045e+28 2.40025e+29 0 0 4.64348e+42 104.531 10.7604 1
3.92419e+10 16.296 16.296 4.81616e+26 4.81616e+26 4.81616e+26 2.63067e+28 1.7768e+29 0 0 4.64348e+42 125.133 7.61059 1
4.53158e+10 1.54709e-12 1.54709e-12 2.33008e+26 2.33008e+26 2.33008e+26 1.94519e+28 1.31206e+29 0 0 4.64348e+42 149.795 5.49245 1
5.23299e+10 2.07105e-28 2.07105e-28 1.19775e+26 1.19775e+26 1.19775e+26 1.43609e+28 9.66195e+28 0 0 4.64348e+42 179.317 4.04008 1
6.04296e+10 1.2301e-46 1.2301e-46 6.42755e+25 6.42755e+25 6.42755e+25 1.04273e+28 6.98518e+28 0 0 4.64348e+42 214.658 3.02568 1
6.97831e+10 1.93941e-66 1.93941e-66 3.66925e+25 3.66925e+25 3.66925e+25 7.77002e+27 5.18395e+28 0 0 4.64348e+42 256.964 2.3047 1
8.05842e+10 6.65872e-87 6.65872e-87 2.17627e+25 2.17627e+25 2.17627e+25 5.77444e+27 3.83825e+28 0 0 4.64348e+42 307.608 1.78376 1
9.30572e+10 4.54447e-107 4.54447e-107 1.33362e+25 1.33362e+25 1.33362e+25 4.27962e+27 2.83378e+28 0 0 4.64348e+42 368.232 1.40144 1
1.07461e+11 4.79757e-126 4.79757e-126 8.31145e+24 8.31145e+24 8.31145e+24 3.11196e+27 2.05212e+28 0 0 4.64348e+42 440.806 1.11671 1
1.24094e+11 4.58896e-143 4.58896e-143 5.40257e+24 5.40257e+24 5.40257e+24 2.31816e+27 1.52511e+28 0 0 4.64348e+42 527.682 0.901709 1
1.43301e+11 1.44917e-157 1.44917e-157 3.58551e+24 3.58551e+24 3.58551e+24 1.72089e+27 1.13031e+28 0 0 4.64348e+42 631.68 0.737233 1
1.65482e+11 3.52624e-169 3.52624e-169 2.4226e+24 2.4226e+24 2.4226e+24 1.27258e+27 8.34961e+27 0 0 4.64348e+42 756.175 0.609868 1
1.91095e+11 9.76376e-178 9.76376e-178 1.6429e+24 1.6429e+24 1.6429e+24 9.22833e+26 6.04539e+27 0 0 4.64348e+42 905.205 0.510106 1
2.20673e+11 3.21287e-183 3.21287e-183 1.15416e+24 1.15416e+24 1.15416e+24 6.85989e+26 4.49226e+27 0 0 4.64348e+42 1083.61 0.431129 1
2.5483e+11 9.04814e-186 9.04815e-186 8.21583e+23 8.21583e+23 8.21583e+23 5.08291e+26 3.32841e+27 0 0 4.64348e+42 1297.17 0.367983 1
2.94273e+11 1.26521e-185 1.26521e-185 5.91794e+23 5.91794e+23 5.91794e+23 3.75381e+26 2.45779e+27 0 0 4.64348e+42 1552.82 0.317029 1
3.39821e+11 4.2928e-183 4.29281e-183 4.25066e+23 4.25066e+23 4.25066e+23 2.71988e+26 1.77839e+27 0 0 4.64348e+42 0 0.275565 1
3.92419e+11 1.66323e-178 1.66323e-178 3.15623e+23 3.15623e+23 3.15623e+23 2.02108e+26 1.32085e+27 0 0 4.64348e+42 0 0.241562 1
4.53158e+11 3.16175e-172 3.16175e-172 2.36435e+23 2.36435e+23 2.36435e+23 1.49714e+26 9.78076e+26 0 0 4.64348e+42 0 0.213483 1
5.23299e+11 1.3156e-164 1.3156e-164 1.78472e+23 1.78472e+23 1.78472e+23 1.10537e+26 7.21746e+26 0 0 4.64348e+42 0 0.190154 1
6.04296e+11 5.52086e-156 5.52087e-156 1.33618e+23 1.33618e+23 1.33618e+23 8.00395e+25 5.21747e+26 0 0 4.64348e+42 0 0.170669 1
6.97831e+11 1.21878e-146 1.21878e-146 1.0325e+23 1.0325e+23 1.0325e+23 5.9448e+25 3.8719e+26 0 0 4.64348e+42 0 0.154323 1
8.05842e+11 7.48929e-137 7.48929e-137 8.01876e+22 8.01876e+22 8.01876e+22 4.40137e+25 2.86438e+26 0 0 4.64348e+42 0 0.140565 1
9.30572e+11 7.57499e-127 7.575e-127 6.2527e+22 6.2527e+22 6.2527e+22 3.24773e+25 2.11143e+26 0 0 4.64348e+42 0 0.12896 1
1.07461e+12 7.9938e-117 7.99381e-117 4.81485e+22 4.81485e+22 4.81485e+22 2.34944e+25 1.5242e+26 0 0 4.64348e+42 0 0.119166 1
1.24094e+12 6.41597e-107 6.41597e-107 3.82045e+22 3.82045e+22 3.82045e+22 1.74364e+25 1.12967e+26 0 0 4.64348e+42 0 0.110908 1
1.43301e+12 2.86571e-97 2.86571e-97 3.03758e+22 3.03758e+22 3.03758e+22 1.28982e+25 8.34522e+25 0 0 4.64348e+42 0 0.103969 1
1.65482e+12 5.72305e-88 5.72305e-88 2.4181e+22 2.4181e+22 2.4181e+22 9.5081e+24 6.14163e+25 0 0 4.64348e+42 0 0.098177 1
1.91095e+12 4.28241e-79 4.28241e-79 1.89506e+22 1.89506e+22 1.89506e+22 6.86897e+24 4.42456e+25 0 0 4.64348e+42 0 0.0933933 1
2.20673e+12 1.12423e-70 1.12423e-70 1.52835e+22 1.52835e+22 1.52835e+22 5.0916e+24 3.2731e+25 0 0 4.64348e+42 0 0.0895108 1
2.5483e+12 9.39582e-63 9.39583e-63 1.23255e+22 1.23255e+22 1.23255e+22 3.76133e+24 2.41287e+25 0 0 4.64348e+42 0 0.0864461 1
2.94273e+12 2.41409e-55 2.41409e-55 9.93389e+21 9.93389e+21 9.93389e+21 2.76862e+24 1.77163e+25 0 0 4.64348e+42 0 0.0841374 1
3.39821e+12 1.86087e-48 1.86087e-48 7.86485e+21 7.86485e+21 7.86485e+21 1.99617e+24 1.27256e+25 0 0 4.64348e+42 0 0.082541 1
3.92419e+12 4.56869e-42 4.56869e-42 6.40314e+21 6.40314e+21 6.40314e+21 1.47702e+24 9.38844e+24 0 0 4.64348e+42 0 0.08163 1
4.53158e+12 3.57552e-36 3.57552e-36 5.20584e+21 5.20584e+21 5.20584e+21 1.08897e+24 6.90032e+24 0 0 4.64348e+42 0 0.0813928 1
5.23299e+12 9.29868e-31 9.29868e-31 4.22468e+21 4.22468e+21 4.22468e+21 7.99817e+23 5.04974e+24 0 0 4.64348e+42 0 0.0818329 1
6.04296e+12 8.30385e-26 8.30386e-26 3.36233e+21 3.36233e+21 3.36233e+21 5.75027e+23 3.61204e+24 0 0 4.64348e+42 0 0.0829683 1
6.97831e+12 2.82282e-21 2.82283e-21 2.75089e+21 2.75089e+21 2.75089e+21 4.24379e+23 2.65463e+24 0 0 4.64348e+42 0 0.0848322 1
8.05842e+12 3.76186e-17 3.76186e-17 2.24533e+21 2.24533e+21 2.24533e+21 3.11996e+23 1.94289e+24 0 0 4.64348e+42 0 0.0874729 1
9.30572e+12 2.08792e-13 2.08792e-13 1.82763e+21 1.82763e+21 1.82763e+21 2.28434e+23 1.41524e+24 0 0 4.64348e+42 0 0.0909553 1
1.07461e+13 5.03754e-10 5.03755e-10 1.45671e+21 1.45671e+21 1.45671e+21 1.63567e+23 1.00634e+24 0 0 4.64348e+42 0 0.0953611 1
1.24094e+13 5.89032e-07 5.89033e-07 1.1935e+21 1.1935e+21 1.1935e+21 1.20273e+23 7.35661e+23 0 0 4.64348e+42 0 0.10079 1
1.43301e+13 0.000343164 0.000343165 9.747e+20 9.747e+20 9.747e+20 8.80679e+22 5.35282e+23 0 0 4.64348e+42 0 0.10736 1
1.65482e+13 0.105318 0.105318 7.93088e+20 7.93088e+20 7.93088e+20 6.41937e+22 3.87404e+23 0 0 4.64348e+42 0 0.115206 1
1.91095e+13 17.6231 17.6231 6.30809e+20 6.30809e+20 6.30809e+20 4.57045e+22 2.73218e+23 0 0 4.64348e+42 0 0.12448 1
2.20673e+13 1778.54 1778.54 5.15807e+20 5.15807e+20 5.15807e+20 3.34345e+22 1.98266e+23 0 0 4.64348e+42 0 0.135345 1
2.5483e+13 109945 109945 4.19997e+20 4.19997e+20 4.19997e+20 2.43438e+22 1.43107e+23 0 0 4.64348e+42 0 0.147968 1
2.94273e+13 4.34892e+06 4.34893e+06 3.40362e+20 3.40362e+20 3.40362e+20 1.76349e+22 1.02663e+23 0 0 4.64348e+42 0 0.162507 1
3.39821e+13 1.12371e+08 1.12372e+08 2.68989e+20 2.68989e+20 2.68989e+20 1.24559e+22 7.1587e+22 0 0 4.64348e+42 0 0.179093 1
3.92419e+13 2.07724e+09 2.07725e+09 2.18598e+20 2.18598e+20 2.18598e+20 9.04727e+21 5.14314e+22 0 0 4.64348e+42 0 0.197804 1
4.53158e+13 2.75088e+10 2.75091e+10 1.76651e+20 1.76651e+20 1.76651e+20 6.53617e+21 3.672e+22 0 0 4.64348e+42 0 0.218621 1
5.23299e+13 2.69281e+11 2.69285e+11 1.41851e+20 1.41851e+20 1.41851e+20 4.69453e+21 2.60299e+22 0 0 4.64348e+42 0 0.241387 1
6.04296e+13 1.96227e+12 1.96231e+12 1.10698e+20 1.10698e+20 1.10698e+20 3.27944e+21 1.78717e+22 0 0 4.64348e+42 0 0.265741 1
6.97831e+13 1.15697e+13 1.15699e+13 8.8843e+19 8.8843e+19 8.8843e+19 2.35882e+21 1.26678e+22 0 0 4.64348e+42 0 0.291055 1
8.05842e+13 5.4558e+13 5.45594e+13 7.07432e+19 7.07432e+19 7.07432e+19 1.68601e+21 8.91256e+21 0 0 4.64348e+42 0 0.316368 1
9.30572e+13 2.10135e+14 2.10141e+14 5.5829e+19 5.5829e+19 5.5829e+19 1.19687e+21 6.21742e+21 0 0 4.64348e+42 0 0.340344 1
1.07461e+14 6.57765e+14 6.57791e+14 4.25881e+19 4.25881e+19 4.25881e+19 8.23463e+20 4.17979e+21 0 0 4.64348e+42 0 0 1
1.24094e+14 1.81236e+15 1.81246e+15 3.34022e+19 3.34022e+19 3.34022e+19 5.84457e+20 2.90972e+21 0 0 4.64348e+42 0 0 1
1.43301e+14 4.29559e+15 4.29602e+15 2.5896e+19 2.5896e+19 2.5896e+19 4.11722e+20 2.00743e+21 0 0 4.64348e+42 0 0 1
1.65482e+14 8.8737e+15 8.87554e+15 1.98139e+19 1.98139e+19 1.98139e+19 2.87656e+20 1.37072e+21 0 0 4.64348e+42 0 0 1
1.91095e+14 1.57284e+16 1.57351e+16 1.45358e+19 1.45358e+19 1.45358e+19 1.93819e+20 8.95528e+20 0 0 4.64348e+42 0 0 1
2.20673e+14 2.59403e+16 2.59622e+16 1.09572e+19 1.09572e+19 1.09572e+19 1.35098e+20 6.08593e+20 0 0 4.64348e+42 0 0 1
2.5483e+14 3.8503e+16 3.8562e+16 8.12178e+18 8.12178e+18 8.12178e+18 9.33098e+19 4.09052e+20 0 0 4.64348e+42 0 0 1
2.94273e+14 5.1833e+16 5.19661e+16 5.90893e+18 5.90893e+18 5.90893e+18 6.3803e+19 2.71473e+20 0 0 4.64348e+42 0 0 1
3.39821e+14 6.16834e+16 6.19303e+16 4.07762e+18 4.07762e+18 4.07762e+18 4.177e+19 1.70583e+20 0 0 4.64348e+42 0 0 1
3.92419e+14 7.09168e+16 7.13315e+16 2.89446e+18 2.89446e+18 2.89446e+18 2.84112e+19 1.12276e+20 0 0 4.64348e+42 0 0 1
4.53158e+14 7.54501e+16 7.60582e+16 2.01041e+18 2.01041e+18 2.01041e+18 1.91068e+19 7.28913e+19 0 0 4.64348e+42 0 0 1
5.23299e+14 7.46548e+16 7.54433e+16 1.36458e+18 1.36458e+18 1.36458e+18 1.269e+19 4.65796e+19 0 0 4.64348e+42 0 0 1
6.04296e+14 6.62731e+16 6.71509e+16 8.68296e+17 8.68296e+17 8.68296e+17 7.98398e+18 2.77467e+19 0 0 4.64348e+42 0 0 1
6.97831e+14 5.85971e+16 5.95334e+16 5.72107e+17 5.72107e+17 5.72107e+17 5.25375e+18 1.75013e+19 0 0 4.64348e+42 0 0 1
8.05842e+14 4.8886e+16 4.9797e+16 3.68113e+17 3.68113e+17 3.68113e+17 3.40795e+18 1.08502e+19 0 0 4.64348e+42 0 0 1
9.30572e+14 3.86135e+16 3.94282e+16 2.31159e+17 2.31159e+17 2.31159e+17 2.17605e+18 6.59389e+18 0 0 4.64348e+42 0 0 1
1.07461e+15 2.74653e+16 2.81044e+16 1.34265e+17 1.34265e+17 1.34265e+17 1.29502e+18 3.64765e+18 0 0 4.64348e+42 0 0 1
1.24094e+15 2.00342e+16 2.05367e+16 8.18874e+16 8.18874e+16 8.18874e+16 8.14616e+17 2.17386e+18 0 0 4.64348e+42 0 0 1
1.43301e+15 1.3972e+16 1.43423e+16 4.87555e+16 4.87555e+16 4.87555e+16 5.03038e+17 1.26763e+18 0 0 4.64348e+42 0 0 1
1.65482e+15 9.33192e+15 9.58848e+15 2.83162e+16 2.83162e+16 2.83162e+16 3.04393e+17 7.20654e+17 0 0 4.64348e+42 0 0 1
1.91095e+15 5.55172e+15 5.70757e+15 1.4888e+16 1.4888e+16 1.4888e+16 1.67351e+17 3.59305e+17 0 0 4.64348e+42 0 0 1
2.20673e+15 3.49112e+15 3.58979e+15 8.39339e+15 8.39339e+15 8.39339e+15 9.89275e+16 1.9851e+17 0 0 4.64348e+42 0 0 1
2.5483e+15 2.11127e+15 2.17059e+15 4.60866e+15 4.60866e+15 4.60866e+15 5.70688e+16 1.06699e+17 0 0 4.64348e+42 0 0 1
2.94273e+15 1.2282e+15 1.26213e+15 2.46158e+15 2.46158e+15 2.46158e+15 3.20662e+16 5.55277e+16 0 0 4.64348e+42 0 0 1
3.39821e+15 6.16026e+14 6.32591e+14 1.14485e+15 1.14485e+15 1.14485e+15 1.57e+16 2.38645e+16 0 0 4.64348e+42 0 0 1
3.92419e+15 3.38883e+14 3.47674e+14 5.89117e+14 5.89117e+14 5.89117e+14 8.50675e+15 1.19121e+16 0 0 4.64348e+42 0 0 1
4.53158e+15 1.78999e+14 1.83443e+14 2.93336e+14 2.93336e+14 2.93336e+14 4.45908e+15 5.74452e+15 0 0 4.64348e+42 0 0 1
5.23299e+15 9.07769e+13 9.29187e+13 1.41199e+14 1.41199e+14 1.41199e+14 2.25831e+15 2.65922e+15 0 0 4.64348e+42 0 0 1
6.04296e+15 3.7191e+13 3.80196e+13 5.52424e+13 5.52424e+13 5.52424e+13 9.28799e+14 9.19565e+14 0 0 4.64348e+42 0 0 1
6.97831e+15 1.76452e+13 1.80143e+13 2.51635e+13 2.51635e+13 2.51635e+13 4.44262e+14 3.99901e+14 0 0 4.64348e+42 0 0 1
8.05842e+15 7.96068e+12 8.11622e+12 1.09515e+13 1.09515e+13 1.09515e+13 2.02766e+14 1.66677e+14 0 0 4.64348e+42 0 0 1
9.30572e+15 3.42186e+12 3.48402e+12 4.56031e+12 4.56031e+12 4.56031e+12 8.84173e+13 6.60497e+13 0 0 4.64348e+42 0 0 1
1.07461e+16 1.05856e+12 1.07637e+12 1.37177e+12 1.37177e+12 1.37177e+12 2.78074e+13 1.63785e+13 0 0 4.64348e+42 0 0 1
1.24094e+16 4.14031e+11 4.20456e+11 5.23435e+11 5.23435e+11 5.23435e+11 1.10751e+13 5.86322e+12 0 0 4.64348e+42 0 0 1
1.43301e+16 1.50479e+11 1.52626e+11 1.86142e+11 1.86142e+11 1.86142e+11 4.10363e+12 1.99555e+12 0 0 4.64348e+42 0 0 1
1.65482e+16 5.10632e+10 5.17308e+10 6.19639e+10 6.19639e+10 6.19639e+10 1.42075e+12 6.44201e+11 0 0 4.64348e+42 0 0 1
1.91095e+16 1.04155e+10 1.05399e+10 1.24271e+10 1.24271e+10 1.24271e+10 2.95804e+11 9.33792e+10 0 0 4.64348e+42 0 0 1
2.20673e+16 3.07887e+09 3.11241e+09 3.61926e+09 3.61926e+09 3.61926e+09 8.92671e+10 2.4858e+10 0 0 4.64348e+42 0 0 1
2.5483e+16 8.05881e+08 8.13868e+08 9.35014e+08 9.35014e+08 9.35014e+08 2.38511e+10 6.18463e+09 0 0 4.64348e+42 0 0 1
2.94273e+16 1.84364e+08 1.86023e+08 2.11461e+08 2.11461e+08 2.11461e+08 5.56828e+09 1.48634e+09 0 0 4.64348e+42 0 0 1
3.39821e+16 2.00343e+07 2.01975e+07 2.27479e+07 2.27479e+07 2.27479e+07 6.17197e+08 9.54522e+07 0 0 4.64348e+42 0 0 1
3.92419e+16 3.79982e+06 3.82781e+06 4.27643e+06 4.27643e+06 4.27643e+06 1.19327e+08 1.57186e+07 0 0 4.64348e+42 0 0 1
4.53158e+16 587349 591256 655905 655905 655905 1.87878e+07 2.25237e+06 0 0 4.64348e+42 0 0 1
5.23299e+16 68253.6 68662.9 75703.4 75703.4 75703.4 2.22201e+06 313888 0 0 4.64348e+42 0 0 1
6.04296e+16 2574.45 2588.35 2838.5 2838.5 2838.5 85222.2 6119.45 0 0 4.64348e+42 0 0 1
6.97831e+16 208.034 209.044 228.181 228.181 228.181 6995.19 358.748 0 0 4.64348e+42 0 0 1
8.05842e+16 7.5221 7.55487 8.21316 8.21316 8.21316 256.649 7.08484 0 0 4.64348e+42 0 0 1
9.30572e+16 0 0 0 0 0 0 0 0 0 4.64348e+42 0 0 1