
1.07461e-07 0 0 2.04239e-166 9.86412e+48 2.02303e+59 6.29619e+57 0 1.22207e+42 0 4.64348e+42 0 0 0
1.24094e-07 0 0 1.39278e-137 1.12849e+49 1.82096e+59 5.67532e+57 0 1.41122e+42 0 4.64348e+42 0 0 0
1.43301e-07 0 0 1.31899e-112 1.28965e+49 1.63731e+59 5.11104e+57 0 1.62966e+42 0 4.64348e+42 0 0 0
1.65482e-07 0 0 5.70337e-91 1.47206e+49 1.47044e+59 4.59821e+57 0 1.8819e+42 0 4.64348e+42 0 0 0
1.91095e-07 0 0 3.15618e-72 1.67804e+49 1.31881e+59 4.13217e+57 0 2.17318e+42 0 4.64348e+42 0 0 0
2.20673e-07 0 0 5.45678e-56 1.91e+49 1.18107e+59 3.7087e+57 0 2.50955e+42 0 4.64348e+42 0 0 0
2.5483e-07 0 0 6.38398e-42 2.17045e+49 1.05597e+59 3.32396e+57 0 2.89798e+42 0 4.64348e+42 0 0 0
2.94273e-07 0 0 9.86865e-30 2.4619e+49 9.42389e+58 2.97447e+57 0 3.34654e+42 0 4.64348e+42 0 0 0
3.39821e-07 0 0 3.59827e-19 2.78682e+49 8.3931e+58 2.6571e+57 0 3.86452e+42 0 4.64348e+42 0 0 0
3.92419e-07 0 0 5.111e-10 3.14754e+49 7.45813e+58 2.36901e+57 0 4.46268e+42 0 4.64348e+42 0 0 0
4.53158e-07 0 0 0.0436691 3.54613e+49 6.61067e+58 2.1076e+57 0 5.15343e+42 0 4.64348e+42 0 0 0
5.23299e-07 0 0 326939 3.98425e+49 5.84322e+58 1.87056e+57 0 5.95108e+42 0 4.64348e+42 0 0 0
6.04296e-07 0 0 2.97048e+11 4.463e+49 5.14901e+58 1.65578e+57 0 6.8722e+42 0 4.64348e+42 0 0 0
6.97831e-07 0 0 4.34231e+16 4.98272e+49 4.52195e+58 1.46137e+57 0 7.9359e+42 0 4.64348e+42 0 0 0
8.05842e-07 0 0 1.30368e+21 5.54282e+49 3.95653e+58 1.28561e+57 0 9.16423e+42 0 4.64348e+42 0 0 0
9.30572e-07 0 0 9.93036e+24 6.14154e+49 3.44779e+58 1.12697e+57 0 1.05827e+43 0 4.64348e+42 0 0 0
1.07461e-06 0 0 2.30447e+28 6.77584e+49 2.99128e+58 9.84042e+56 0 1.22207e+43 0 4.64348e+42 0 0 0
1.24094e-06 0 0 1.90893e+31 7.44133e+49 2.58294e+58 8.55588e+56 0 1.41122e+43 0 4.64348e+42 0 0 0
1.43301e-06 0 0 6.47428e+33 8.13232e+49 2.21912e+58 7.40472e+56 0 1.62966e+43 0 4.64348e+42 0 0 0
1.65482e-06 0 0 1.01246e+36 8.8421e+49 1.89647e+58 6.37673e+56 0 1.8819e+43 0 4.64348e+42 0 0 0
1.91095e-06 0 0 8.09197e+37 9.56353e+49 1.61192e+58 5.46259e+56 0 2.17318e+43 0 4.64348e+42 0 0 0
2.20673e-06 0 0 3.6141e+39 1.02899e+50 1.36258e+58 4.6538e+56 0 2.50955e+43 0 4.64348e+42 0 0 0
2.5483e-06 0 0 9.7473e+40 1.10162e+50 1.14574e+58 3.94247e+56 0 2.89798e+43 0 4.64348e+42 0 0 0
2.94273e-06 0 0 1.69823e+42 1.17408e+50 9.5879e+57 3.32122e+56 0 3.34654e+43 0 4.64348e+42 0 0 0
3.39821e-06 0 0 2.02717e+43 1.24678e+50 7.9916e+57 2.78301e+56 0 3.86452e+43 0 4.64348e+42 0 0 0
3.92419e-06 0 0 1.74548e+44 1.32087e+50 6.64294e+57 2.32099e+56 0 4.46268e+43 0 4.64348e+42 0 0 0
4.53158e-06 0 0 1.13421e+45 1.39847e+50 5.51626e+57 1.92841e+56 0 5.15343e+43 0 4.64348e+42 0 0 0
5.23299e-06 0 0 5.78737e+45 1.48276e+50 4.5856e+57 1.59853e+56 0 5.95108e+43 0 4.64348e+42 0 0 0
6.04296e-06 0 0 2.4012e+46 1.57801e+50 3.82495e+57 1.32452e+56 0 6.8722e+43 0 4.64348e+42 0 0 0
6.97831e-06 0 0 8.3512e+46 1.68936e+50 3.20856e+57 1.0995e+56 0 7.9359e+43 0 4.64348e+42 0 0 0
8.05842e-06 0 0 2.49921e+47 1.82246e+50 2.71158e+57 9.16612e+55 0 9.16423e+43 0 4.64348e+42 0 0 0
9.30572e-06 0 0 6.57903e+47 1.98287e+50 2.31081e+57 7.69103e+55 0 1.05827e+44 0 4.64348e+42 0 0 0
1.07461e-05 0 0 1.55138e+48 2.17549e+50 1.9855e+57 6.50545e+55 0 1.22207e+44 0 4.64348e+42 0 0 0
1.24094e-05 0 0 3.32559e+48 2.40411e+50 1.71799e+57 5.55031e+55 0 1.41122e+44 0 4.64348e+42 0 0 0
1.43301e-05 0 0 6.55868e+48 2.67128e+50 1.49414e+57 4.77376e+55 0 1.62966e+44 0 4.64348e+42 0 0 0
1.65482e-05 0 0 1.20196e+49 2.97856e+50 1.30328e+57 4.13274e+55 0 1.8819e+44 0 4.64348e+42 0 0 0
1.91095e-05 0 0 2.06458e+49 3.32727e+50 1.13789e+57 3.59354e+55 0 2.17318e+44 0 4.64348e+42 0 0 0
2.20673e-05 0 0 3.34978e+49 3.71927e+50 9.92946e+56 3.1315e+55 0 2.50955e+44 0 4.64348e+42 0 0 0
2.5483e-05 0 0 5.17065e+49 4.15777e+50 8.65165e+56 2.72964e+55 0 2.89798e+44 0 4.64348e+42 0 0 0
2.94273e-05 0 0 7.64331e+49 4.64784e+50 7.52363e+56 2.37682e+55 0 3.34654e+44 0 4.64348e+42 0 0 0
3.39821e-05 0 0 1.08852e+50 5.1967e+50 6.52935e+56 2.0658e+55 0 3.86452e+44 0 4.64348e+42 0 0 0
3.92419e-05 0 0 1.50163e+50 5.81375e+50 5.65559e+56 1.79163e+55 0 4.46268e+44 0 4.64348e+42 0 0 0
4.53158e-05 0 0 2.01621e+50 6.51075e+50 4.89045e+56 1.55051e+55 0 5.15342e+44 0 4.64348e+42 0 0 0
5.23299e-05 0 0 2.64589e+50 7.30181e+50 4.22271e+56 1.33919e+55 0 5.95107e+44 0 4.64348e+42 0 0 0
6.04296e-05 0 0 3.4059e+50 8.20351e+50 3.64173e+56 1.15468e+55 0 6.87219e+44 0 4.64348e+42 0 0 0
6.97831e-05 0 0 4.31361e+50 9.23502e+50 3.13743e+56 9.94136e+54 0 7.93588e+44 0 4.64348e+42 0 0 0
8.05842e-05 0 0 5.38906e+50 1.04183e+51 2.70043e+56 8.54854e+54 0 9.16421e+44 0 4.64348e+42 0 0 0
9.30572e-05 0 0 6.65562e+50 1.17788e+51 2.32215e+56 7.34293e+54 0 1.05827e+45 0 4.64348e+42 0 0 0
0.000107461 0 0 8.14088e+50 1.33461e+51 1.99487e+56 6.30097e+54 0 1.22207e+45 0 4.64348e+42 0 0 0
0.000124094 0 0 9.87795e+50 1.51557e+51 1.7118e+56 5.40129e+54 0 1.41122e+45 0 4.64348e+42 0 0 0
0.000143301 0 0 1.19071e+51 1.72503e+51 1.46706e+56 4.62484e+54 0 1.62965e+45 0 4.64348e+42 0 0 0
0.000165482 0 0 1.42776e+51 1.96819e+51 1.25558e+56 3.95501e+54 0 1.88189e+45 0 4.64348e+42 0 0 0
0.000191095 0 0 1.70491e+51 2.25127e+51 1.07298e+56 3.37743e+54 0 2.17317e+45 0 4.64348e+42 0 0 0
0.000220673 0 0 2.02934e+51 2.58166e+51 9.15493e+55 2.87978e+54 0 2.50953e+45 0 4.64348e+42 0 0 0
0.00025483 0 0 2.40957e+51 2.96805e+51 7.7983e+55 2.45144e+54 0 2.89796e+45 0 4.64348e+42 0 0 0
0.000294273 0 0 2.85578e+51 3.42075e+51 6.63118e+55 2.08323e+54 0 3.34651e+45 0 4.64348e+42 0 0 0
0.000339821 0 0 3.38012e+51 3.95204e+51 5.62845e+55 1.76715e+54 0 3.86448e+45 0 4.64348e+42 0 0 0
0.000392419 0 0 3.99722e+51 4.57664e+51 4.76822e+55 1.4962e+54 0 4.46263e+45 0 4.64348e+42 0 0 0
0.000453158 0 0 4.72461e+51 5.31221e+51 4.03137e+55 1.26429e+54 0 5.15335e+45 0 4.64348e+42 0 0 0
0.000523299 0 0 5.58331e+51 6.17984e+51 3.40126e+55 1.06613e+54 0 5.95099e+45 0 4.64348e+42 0 0 0
0.000604296 0 0 6.59844e+51 7.20474e+51 2.8634e+55 8.97088e+53 0 6.87207e+45 0 4.64348e+42 0 0 0
0.000697831 0 0 7.80008e+51 8.41703e+51 2.40516e+55 7.53163e+53 0 7.93572e+45 0 4.64348e+42 0 0 0
0.000805842 0 0 9.22431e+51 9.85286e+51 2.01553e+55 6.30862e+53 0 9.164e+45 0 4.64348e+42 0 0 0
0.000930572 0 0 1.09144e+52 1.15556e+52 1.68494e+55 5.27155e+53 0 1.05824e+46 0 4.64348e+42 0 0 0
0.00107461 0 0 1.29225e+52 1.35774e+52 1.40507e+55 4.39407e+53 0 1.22203e+46 0 4.64348e+42 0 0 0
0.00124094 0 0 1.53112e+52 1.59808e+52 1.1687e+55 3.65335e+53 0 1.41117e+46 0 4.64348e+42 0 0 0
0.00143301 0 0 1.81558e+52 1.88415e+52 9.69557e+54 3.02959e+53 0 1.62958e+46 0 4.64348e+42 0 0 0
0.00165482 0 0 2.15476e+52 2.22505e+52 8.02201e+54 2.50565e+53 0 1.8818e+46 0 4.64348e+42 0 0 0
0.00191095 0 0 2.55964e+52 2.63179e+52 6.61931e+54 2.06671e+53 0 2.17305e+46 0 4.64348e+42 0 0 0
0.00220673 0 0 3.04356e+52 3.11772e+52 5.44685e+54 1.69997e+53 0 2.50938e+46 0 4.64348e+42 0 0 0
0.0025483 0 0 3.62268e+52 3.69899e+52 4.4696e+54 1.39442e+53 0 2.89776e+46 0 4.64348e+42 0 0 0
0.00294273 0 0 4.31663e+52 4.39526e+52 3.6574e+54 1.14058e+53 0 3.34623e+46 0 4.64348e+42 0 0 0
0.00339821 0 0 5.1493e+52 5.23043e+52 2.98438e+54 9.30328e+52 0 3.86412e+46 0 4.64348e+42 0 0 0
0.00392419 0 0 6.14984e+52 6.23366e+52 2.42836e+54 7.56694e+52 0 4.46214e+46 0 4.64348e+42 0 0 0
0.00453158 0 0 7.35382e+52 7.44053e+52 1.9704e+54 6.1374e+52 0 5.1527e+46 0 4.64348e+42 0 0 0
0.00523299 0 0 8.80475e+52 8.89458e+52 1.59437e+54 4.96406e+52 0 5.95012e+46 0 4.64348e+42 0 0 0
0.00604296 0 0 1.05559e+53 1.06491e+53 1.28656e+54 4.00399e+52 0 6.87092e+46 0 4.64348e+42 0 0 0
0.00697831 0 0 1.26689e+53 1.27657e+53 1.03538e+54 3.22086e+52 0 7.93418e+46 0 4.64348e+42 0 0 0
0.00805842 0 0 1.51679e+53 1.52682e+53 8.31041e+53 2.58403e+52 0 9.16194e+46 0 4.64348e+42 0 0 0
0.00930572 0 0 1.78448e+53 1.7947e+53 6.65311e+53 2.06776e+52 0 1.05796e+47 0 4.64348e+42 0 0 0
0.0107461 0 0 2.00907e+53 2.01903e+53 5.31301e+53 1.65048e+52 0 1.22166e+47 0 4.64348e+42 0 0 0
0.0124094 0 0 2.11946e+53 2.12855e+53 4.23259e+53 1.31421e+52 0 1.41068e+47 0 4.64348e+42 0 0 0
0.0143301 0 0 2.08551e+53 2.09325e+53 3.36404e+53 1.04401e+52 0 1.62893e+47 0 4.64348e+42 0 0 0
0.0165482 0 0 1.92951e+53 1.93572e+53 2.66777e+53 8.27507e+51 0 1.88093e+47 0 4.64348e+42 0 0 0
0.0191095 0 0 1.70016e+53 1.70489e+53 2.1111e+53 6.54502e+51 0 2.17189e+47 0 4.64348e+42 0 0 0
0.0220673 0 0 1.44466e+53 1.44814e+53 1.6672e+53 5.16617e+51 0 2.50783e+47 0 4.64348e+42 0 0 0
0.025483 0 0 1.19598e+53 1.19847e+53 1.31411e+53 4.06996e+51 0 2.8957e+47 0 4.64348e+42 0 0 0
0.0294273 0 0 9.72083e+52 9.73839e+52 1.03391e+53 3.20053e+51 0 3.34349e+47 0 4.64348e+42 0 0 0
0.0339821 0 0 7.80002e+52 7.81223e+52 8.12047e+52 2.51253e+51 0 3.86045e+47 0 4.64348e+42 0 0 0
0.0392419 0 0 6.20245e+52 6.21086e+52 6.36756e+52 1.96925e+51 0 4.45726e+47 0 4.64348e+42 0 0 0
0.0453158 0 0 4.90052e+52 4.90627e+52 4.98534e+52 1.54111e+51 0 5.14619e+47 0 4.64348e+42 0 0 0
0.0523299 0 0 3.85389e+52 3.85781e+52 3.89746e+52 1.20434e+51 0 5.94143e+47 0 4.64348e+42 0 0 0
0.0604296 3.97084e-266 3.97084e-266 3.02031e+52 3.02297e+52 3.04276e+52 9.39899e+50 0 6.85934e+47 6.34397e-269 4.64348e+42 0 0 0
0.0697831 3.38128e-183 3.38128e-183 2.36072e+52 2.36252e+52 2.37235e+52 7.32601e+50 0 7.91874e+47 5.98502e-186 4.64348e+42 0 0 0
0.0805842 6.05105e-122 6.05105e-122 1.84124e+52 1.84245e+52 1.84732e+52 5.70343e+50 0 9.14136e+47 1.18919e-124 4.64348e+42 0 0 0
0.0930572 1.03207e-76 1.03207e-76 1.43352e+52 1.43434e+52 1.43674e+52 4.4352e+50 0 1.05522e+48 2.25599e-79 4.64348e+42 0 0 0
0.107461 2.54408e-43 2.54408e-43 1.11437e+52 1.11492e+52 1.1161e+52 3.44525e+50 0 1.218e+48 6.19487e-46 4.64348e+42 0 0 0
0.124094 1.1151e-18 1.1151e-18 8.65073e+51 8.65444e+51 8.66022e+51 2.67348e+50 0 1.4058e+48 3.02894e-21 4.64348e+42 0 0 0
0.143301 1.6705 1.6705 6.70694e+51 6.70942e+51 6.71225e+51 2.07251e+50 0 1.62243e+48 0.00506815 4.64348e+42 0 0 0
0.165482 4.16863e+13 4.16863e+13 5.19363e+51 5.1953e+51 5.19668e+51 1.60506e+50 0 1.87226e+48 1.41433e+11 4.64348e+42 0 0 0
0.191095 3.06325e+23 3.06325e+23 4.01708e+51 4.0182e+51 4.01887e+51 1.24185e+50 0 2.16033e+48 1.16359e+21 4.64348e+42 0 0 0
0.220673 5.53729e+30 5.53729e+30 3.10352e+51 3.10426e+51 3.10459e+51 9.59914e+49 0 2.49242e+48 2.3576e+28 4.64348e+42 0 0 0
0.25483 1.182e+36 1.182e+36 2.395e+51 2.3955e+51 2.39565e+51 7.41283e+49 0 2.87515e+48 5.64729e+33 4.64348e+42 0 0 0
0.294273 9.49726e+39 9.49726e+39 1.84614e+51 1.84647e+51 1.84655e+51 5.71904e+49 0 3.3161e+48 5.09754e+37 4.64348e+42 0 0 0
0.339821 6.76493e+42 6.76493e+42 1.42144e+51 1.42166e+51 1.4217e+51 4.40805e+49 0 3.82396e+48 4.08376e+40 4.64348e+42 0 0 0
0.392419 8.0447e+44 8.0447e+44 1.09319e+51 1.09334e+51 1.09336e+51 3.39431e+49 0 4.40861e+48 5.46813e+42 4.64348e+42 0 0 0
0.453158 2.54948e+46 2.54948e+46 8.3977e+50 8.39869e+50 8.39877e+50 2.61115e+49 0 5.08137e+48 1.9535e+44 4.64348e+42 0 0 0
0.523299 3.04196e+47 3.04196e+47 6.44347e+50 6.44413e+50 6.44417e+50 2.00669e+49 0 5.85506e+48 2.6306e+45 4.64348e+42 0 0 0
0.604296 1.76393e+48 1.76393e+48 4.93821e+50 4.93864e+50 4.93868e+50 1.54062e+49 0 6.74427e+48 1.72358e+46 4.64348e+42 0 0 0
0.697831 6.00257e+48 6.00257e+48 3.78018e+50 3.78047e+50 3.78049e+50 1.1816e+49 0 7.76546e+48 6.63505e+46 4.64348e+42 0 0 0
0.805842 1.3779e+49 1.3779e+49 2.89033e+50 2.89052e+50 2.89053e+50 9.05314e+48 0 8.9372e+48 1.72499e+47 4.64348e+42 0 0 0
0.930572 2.36487e+49 2.36487e+49 2.2074e+50 2.20753e+50 2.20753e+50 6.92924e+48 0 1.02803e+49 3.35692e+47 4.64348e+42 0 0 0
1.07461 3.27424e+49 3.27424e+49 1.68392e+50 1.68401e+50 1.68401e+50 5.29821e+48 0 1.18181e+49 5.27594e+47 4.64348e+42 0 0 0
1.24094 3.86813e+49 3.86813e+49 1.28317e+50 1.28323e+50 1.28323e+50 4.04702e+48 0 1.35763e+49 7.08314e+47 4.64348e+42 0 0 0
1.43301 4.06428e+49 4.06428e+49 9.76759e+49 9.76795e+49 9.76795e+49 3.08827e+48 0 1.55833e+49 8.46646e+47 4.64348e+42 0 0 0
1.65482 3.91612e+49 3.91612e+49 7.42771e+49 7.42795e+49 7.42795e+49 2.3544e+48 0 1.78701e+49 9.28972e+47 4.64348e+42 0 0 0
1.91095 3.53951e+49 3.53951e+49 5.64311e+49 5.64326e+49 5.64327e+49 1.7933e+48 0 2.04698e+49 9.57025e+47 4.64348e+42 0 0 0
2.20673 3.05147e+49 3.05147e+49 4.28364e+49 4.28375e+49 4.28375e+49 1.36476e+48 0 2.34179e+49 9.41214e+47 4.64348e+42 0 0 0
2.5483 2.54052e+49 2.54052e+49 3.24924e+49 3.24931e+49 3.24931e+49 1.03782e+48 0 2.67507e+49 8.94597e+47 4.64348e+42 0 0 0
2.94273 2.06138e+49 2.06138e+49 2.46303e+49 2.46308e+49 2.46308e+49 7.88658e+47 0 3.05052e+49 8.29217e+47 4.64348e+42 0 0 0
3.39821 1.64121e+49 1.64121e+49 1.86608e+49 1.86611e+49 1.86611e+49 5.98955e+47 0 3.47169e+49 7.5458e+47 4.64348e+42 0 0 0
3.92419 1.28862e+49 1.28862e+49 1.41324e+49 1.41326e+49 1.41326e+49 4.54658e+47 0 3.94178e+49 6.77441e+47 4.64348e+42 0 0 0
4.53158 1.00154e+49 1.00154e+49 1.07001e+49 1.07002e+49 1.07002e+49 3.44995e+47 0 4.46332e+49 6.02192e+47 4.64348e+42 0 0 0
5.23299 7.727e+48 7.727e+48 8.10028e+48 8.10036e+48 8.10036e+48 2.61717e+47 0 5.03777e+49 5.31436e+47 4.64348e+42 0 0 0
6.04296 5.93e+48 5.93e+48 6.13216e+48 6.13222e+48 6.13222e+48 1.98515e+47 0 5.665e+49 4.66516e+47 4.64348e+42 0 0 0
6.97831 4.53402e+48 4.53402e+48 4.64288e+48 4.64291e+48 4.64291e+48 1.50577e+47 0 6.34252e+49 4.07948e+47 4.64348e+42 0 0 0
8.05842 3.45788e+48 3.45788e+48 3.51622e+48 3.51625e+48 3.51625e+48 1.1423e+47 0 7.0647e+49 3.55732e+47 4.64348e+42 0 0 0
9.30572 2.63283e+48 2.63283e+48 2.66401e+48 2.66402e+48 2.66402e+48 8.66783e+46 0 7.82171e+49 3.09567e+47 4.64348e+42 0 0 0
10.7461 2.00271e+48 2.00271e+48 2.01937e+48 2.01938e+48 2.01938e+48 6.5797e+46 0 8.59832e+49 2.68996e+47 4.64348e+42 0 0 0
12.4094 1.52272e+48 1.52272e+48 1.53167e+48 1.53167e+48 1.53167e+48 4.99708e+46 0 9.37267e+49 2.33492e+47 4.64348e+42 0 0 0
14.3301 1.15773e+48 1.15773e+48 1.16259e+48 1.16259e+48 1.16259e+48 3.79741e+46 0 1.01151e+50 2.02517e+47 4.64348e+42 0 0 0
16.5482 8.80465e+47 8.80465e+47 8.83168e+47 8.83171e+47 8.83171e+47 2.8878e+46 0 1.07874e+50 1.75554e+47 4.64348e+42 0 0 0
19.1095 6.69948e+47 6.69948e+47 6.71512e+47 6.71514e+47 6.71514e+47 2.19785e+46 0 1.13424e+50 1.52119e+47 4.64348e+42 0 0 0
22.0673 5.10128e+47 5.10128e+47 5.11086e+47 5.11087e+47 5.11087e+47 1.67425e+46 0 1.17255e+50 1.31774e+47 4.64348e+42 0 0 0
25.483 3.8877e+47 3.8877e+47 3.894e+47 3.89401e+47 3.89401e+47 1.27667e+46 0 1.18779e+50 1.14125e+47 4.64348e+42 0 0 0
29.4273 2.96577e+47 2.96577e+47 2.97025e+47 2.97025e+47 2.97025e+47 9.74559e+45 0 1.17423e+50 9.8824e+46 4.64348e+42 0 0 0
33.9821 2.26494e+47 2.26494e+47 2.26835e+47 2.26835e+47 2.26835e+47 7.44821e+45 0 1.12727e+50 8.55628e+46 4.64348e+42 0 0 0
39.2419 1.73175e+47 1.73175e+47 1.73449e+47 1.73449e+47 1.73449e+47 5.69964e+45 0 1.04467e+50 7.40731e+46 4.64348e+42 0 0 0
45.3158 1.3257e+47 1.3257e+47 1.32798e+47 1.32798e+47 1.32798e+47 4.36746e+45 0 9.2792e+49 6.41198e+46 4.64348e+42 0 0 0
52.3299 1.01612e+47 1.01612e+47 1.01807e+47 1.01807e+47 1.01807e+47 3.35139e+45 0 7.83317e+49 5.54986e+46 4.64348e+42 0 0 0
60.4296 7.7979e+46 7.7979e+46 7.8149e+46 7.81491e+46 7.81491e+46 2.57543e+45 0 6.22209e+49 4.80319e+46 4.64348e+42 0 0 0
69.7831 5.99141e+46 5.99141e+46 6.00633e+46 6.00633e+46 6.00633e+46 1.98201e+45 0 4.5971e+49 4.15654e+46 4.64348e+42 0 0 0
80.5842 4.60858e+46 4.60858e+46 4.62176e+46 4.62177e+46 4.62177e+46 1.52749e+45 0 3.11755e+49 3.59653e+46 4.64348e+42 0 0 0
93.0572 3.54863e+46 3.54863e+46 3.56032e+46 3.56032e+46 3.56032e+46 1.1788e+45 0 1.91146e+49 3.11157e+46 4.64348e+42 0 0 0
107.461 2.73514e+46 2.73514e+46 2.74552e+46 2.74552e+46 2.74552e+46 9.10874e+44 0 1.04164e+49 2.6916e+46 4.64348e+42 0 0 0
124.094 2.11009e+46 2.11009e+46 2.11933e+46 2.11934e+46 2.11934e+46 7.04711e+44 0 4.94866e+48 2.32792e+46 4.64348e+42 0 0 0
143.301 1.62934e+46 1.62934e+46 1.63758e+46 1.63758e+46 1.63758e+46 5.45862e+44 0 2.00518e+48 2.01299e+46 4.64348e+42 0 0 0
165.482 1.25923e+46 1.25923e+46 1.26658e+46 1.26658e+46 1.26658e+46 4.23325e+44 0 6.75861e+47 1.74027e+46 4.64348e+42 0 0 0
191.095 9.74021e+45 9.74021e+45 9.80591e+45 9.80591e+45 9.80591e+45 3.28692e+44 0 1.84141e+47 1.50412e+46 4.64348e+42 0 0 0
220.673 7.54052e+45 7.54052e+45 7.59928e+45 7.59928e+45 7.59928e+45 2.55527e+44 0 3.92376e+46 1.29962e+46 4.64348e+42 0 0 0
254.83 5.84255e+45 5.84255e+45 5.89515e+45 5.89515e+45 5.89515e+45 1.98896e+44 0 6.29478e+45 1.12254e+46 4.64348e+42 0 0 0
294.273 4.53082e+45 4.53082e+45 4.57796e+45 4.57796e+45 4.57796e+45 1.5501e+44 0 7.27616e+44 9.69206e+45 4.64348e+42 0 0 0
339.821 3.5167e+45 3.5167e+45 3.55898e+45 3.55898e+45 3.55898e+45 1.20963e+44 0 5.76015e+43 8.36434e+45 4.64348e+42 0 0 0
392.419 2.73206e+45 2.73206e+45 2.77002e+45 2.77002e+45 2.77002e+45 9.45183e+43 0 2.94531e+42 7.21472e+45 4.64348e+42 0 0 0
453.158 2.12446e+45 2.12446e+45 2.15859e+45 2.15859e+45 2.15859e+45 7.39547e+43 0 9.09093e+40 6.21933e+45 4.64348e+42 0 0 0
523.299 1.65351e+45 1.65351e+45 1.68422e+45 1.68422e+45 1.68422e+45 5.79438e+43 0 1.56652e+39 5.35753e+45 4.64348e+42 0 0 0
604.296 1.28809e+45 1.28809e+45 1.31576e+45 1.31576e+45 1.31576e+45 4.54602e+43 0 1.377e+37 4.61143e+45 4.64348e+42 0 0 0
697.831 1.00422e+45 1.00422e+45 1.02917e+45 1.02917e+45 1.02917e+45 3.57116e+43 0 5.56352e+34 3.96556e+45 4.64348e+42 0 0 0
805.842 7.83423e+44 7.83423e+44 8.05944e+44 8.05944e+44 8.05944e+44 2.80863e+43 0 9.16082e+31 3.40651e+45 4.64348e+42 0 0 0
930.572 6.1146e+44 6.1146e+44 6.31803e+44 6.31803e+44 6.31803e+44 2.21115e+43 0 5.34994e+28 2.92268e+45 4.64348e+42 0 0 0
1074.61 4.77357e+44 4.77357e+44 4.95744e+44 4.95744e+44 4.95744e+44 1.74218e+43 0 9.43877e+24 2.50402e+45 4.64348e+42 0 0 0
1240.94 3.72649e+44 3.72649e+44 3.89273e+44 3.89273e+44 3.89273e+44 1.37346e+43 0 4.17994e+20 2.14185e+45 4.64348e+42 0 0 0
1433.01 2.90796e+44 2.90796e+44 3.05828e+44 3.05828e+44 3.05828e+44 1.0831e+43 0 3.75141e+15 1.82865e+45 4.64348e+42 0 0 0
1654.82 2.26747e+44 2.26747e+44 2.40335e+44 2.40335e+44 2.40335e+44 8.54122e+42 0 5.32957e+09 1.5579e+45 4.64348e+42 0 0 0
1910.95 1.76589e+44 1.76589e+44 1.88866e+44 1.88866e+44 1.88866e+44 6.73314e+42 0 901.058 1.32398e+45 4.64348e+42 0 0 0
2206.73 1.3729e+44 1.3729e+44 1.48369e+44 1.48369e+44 1.48369e+44 5.30397e+42 0 1.30404e-05 1.12202e+45 4.64348e+42 0 0 0
2548.3 1.06492e+44 1.06492e+44 1.16477e+44 1.16477e+44 1.16477e+44 4.17347e+42 0 1.10427e-14 9.47798e+44 4.64348e+42 0 0 0
2942.73 8.23631e+43 8.23631e+43 9.13441e+43 9.13441e+43 9.13441e+43 3.27887e+42 0 3.52611e-25 7.97678e+44 4.64348e+42 0 0 0
3398.21 6.34727e+43 6.34727e+43 7.15306e+43 7.15306e+43 7.15306e+43 2.57093e+42 0 2.5563e-37 6.6851e+44 4.64348e+42 0 0 0
3924.19 4.87029e+43 4.87029e+43 5.59105e+43 5.59105e+43 5.59105e+43 2.01092e+42 0 2.34193e-51 5.57567e+44 4.64348e+42 0 0 0
4531.58 3.71775e+43 3.71775e+43 4.3601e+43 4.3601e+43 4.3601e+43 1.56833e+42 0 1.37833e-67 4.62492e+44 4.64348e+42 0 0 0
5232.99 2.86088e+43 2.86088e+43 3.4128e+43 3.4128e+43 3.4128e+43 1.22841e+42 0 2.38584e-86 3.86662e+44 4.64348e+42 0 0 0
6042.96 2.16505e+43 2.16505e+43 2.65074e+43 2.65074e+43 2.65074e+43 9.5328e+41 0 4.92725e-108 3.17883e+44 4.64348e+42 0 0 0
6978.31 1.62748e+43 1.62748e+43 2.05244e+43 2.05244e+43 2.05244e+43 7.37034e+41 0 4.28319e-133 2.59591e+44 4.64348e+42 0 0 0
8058.42 1.21428e+43 1.21428e+43 1.58374e+43 1.58374e+43 1.58374e+43 5.67563e+41 0 4.70561e-162 2.10428e+44 4.64348e+42 0 0 0
9305.72 8.98594e+42 8.98594e+42 1.21754e+43 1.21754e+43 1.21754e+43 4.35202e+41 0 1.62841e-195 1.69202e+44 4.64348e+42 0 0 0
10746.1 6.59076e+42 6.59076e+42 9.32346e+42 9.32346e+42 9.32346e+42 3.32227e+41 0 3.56799e-234 1.34861e+44 4.64348e+42 0 0 0
12409.4 4.78794e+42 4.78794e+42 7.11027e+42 7.11027e+42 7.11027e+42 2.52459e+41 0 0 1.06473e+44 4.64348e+42 0 0 0
14330.1 3.44305e+42 3.44305e+42 5.39969e+42 5.39969e+42 5.39969e+42 1.90961e+41 0 0 8.32079e+43 4.64348e+42 0 0 0
16548.2 2.44963e+42 2.44963e+42 4.08335e+42 4.08335e+42 4.08335e+42 1.43785e+41 0 0 6.43265e+43 4.64348e+42 0 0 0
19109.5 1.72366e+42 1.72366e+42 3.07508e+42 3.07508e+42 3.07508e+42 1.07785e+41 0 0 4.91665e+43 4.64348e+42 0 0 0
22067.3 1.19923e+42 1.19923e+42 2.30651e+42 2.30651e+42 2.30651e+42 8.04606e+40 0 0 3.71363e+43 4.64348e+42 0 0 0
25483 8.24954e+41 8.24954e+41 1.72354e+42 1.72354e+42 1.72354e+42 5.98313e+40 0 0 2.77097e+43 4.64348e+42 0 0 0
29427.3 5.61201e+41 5.61201e+41 1.28352e+42 1.28352e+42 1.28352e+42 4.43381e+40 0 0 2.04218e+43 4.64348e+42 0 0 0
33982.1 3.77714e+41 3.77714e+41 9.52983e+41 9.52983e+41 9.52983e+41 3.27602e+40 0 0 1.48659e+43 4.64348e+42 0 0 0
39241.9 2.51701e+41 2.51701e+41 7.05807e+41 7.05807e+41 7.05807e+41 2.41483e+40 0 0 1.06912e+43 4.64348e+42 0 0 0
45315.8 1.66245e+41 1.66245e+41 5.21738e+41 5.21738e+41 5.21738e+41 1.77693e+40 0 0 7.59982e+42 4.64348e+42 0 0 0
52329.9 1.08984e+41 1.08984e+41 3.85172e+41 3.85172e+41 3.85172e+41 1.30615e+40 0 0 5.34366e+42 4.64348e+42 0 0 0
60429.6 7.1038e+40 7.1038e+40 2.84168e+41 2.84168e+41 2.84168e+41 9.59731e+39 0 0 3.72005e+42 4.64348e+42 0 0 0
69783.1 4.61346e+40 4.61346e+40 2.09653e+41 2.09653e+41 2.09653e+41 7.05414e+39 0 0 2.56706e+42 4.64348e+42 0 0 0
80584.2 2.99221e+40 2.99221e+40 1.54779e+41 1.54779e+41 1.54779e+41 5.19001e+39 0 0 1.75821e+42 4.64348e+42 0 0 0
93057.2 1.94311e+40 1.94311e+40 1.14414e+41 1.14414e+41 1.14414e+41 3.82466e+39 0 0 1.19687e+42 4.64348e+42 0 0 0
107461 1.26678e+40 1.26678e+40 8.47305e+40 8.47305e+40 8.47305e+40 2.82466e+39 0 0 8.10827e+41 4.64348e+42 0 0 0
124094 8.31299e+39 8.31299e+39 6.2894e+40 6.2894e+40 6.2894e+40 2.09169e+39 0 0 5.47263e+41 4.64348e+42 0 0 0
143301 5.50524e+39 5.50524e+39 4.68122e+40 4.68122e+40 4.68122e+40 1.55367e+39 0 0 3.68278e+41 4.64348e+42 0 0 0
165482 3.68771e+39 3.68771e+39 3.4948e+40 3.4948e+40 3.4948e+40 1.15792e+39 0 0 2.47159e+41 4.64348e+42 0 0 0
191095 2.50355e+39 2.50355e+39 2.61751e+40 2.61751e+40 2.61751e+40 8.66054e+38 0 0 1.65359e+41 4.64348e+42 0 0 0
220673 1.72528e+39 1.72528e+39 1.96702e+40 1.96702e+40 1.96702e+40 6.50133e+38 0 0 1.10164e+41 4.64348e+42 0 0 0
254830 1.20831e+39 1.20831e+39 1.48318e+40 1.48318e+40 1.48318e+40 4.89847e+38 0 0 7.29397e+40 4.64348e+42 0 0 0
294273 8.60691e+38 8.60691e+38 1.12211e+40 1.12211e+40 1.12211e+40 3.70427e+38 0 0 4.78604e+40 4.64348e+42 0 0 0
339821 6.23816e+38 6.23816e+38 8.5172e+39 8.5172e+39 8.5172e+39 2.81119e+38 0 0 3.10078e+40 4.64348e+42 0 0 0
392419 4.60124e+38 4.60124e+38 6.48525e+39 6.48525e+39 6.48525e+39 2.14078e+38 0 0 1.97445e+40 4.64348e+42 0 0 0
453158 3.45364e+38 3.45364e+38 4.95301e+39 4.95301e+39 4.95301e+39 1.63564e+38 0 0 1.22885e+40 4.64348e+42 0 0 0
523299 2.63735e+38 2.63735e+38 3.79368e+39 3.79368e+39 3.79368e+39 1.25365e+38 1.3024e+36 0 7.42641e+39 4.64348e+42 0 0 0
604296 2.04826e+38 2.04826e+38 2.91362e+39 2.91362e+39 2.91362e+39 9.63766e+37 1.30781e+36 0 4.32475e+39 4.64348e+42 0 0 0
697831 1.61699e+38 1.61699e+38 2.24343e+39 2.24343e+39 2.24343e+39 7.43024e+37 1.31322e+36 0 2.40528e+39 4.64348e+42 0 0 0
805842 1.29671e+38 1.29671e+38 1.7315e+39 1.7315e+39 1.7315e+39 5.74373e+37 1.31864e+36 0 1.26439e+39 4.64348e+42 0 0 0
930572 1.05539e+38 1.05539e+38 1.33927e+39 1.33927e+39 1.33927e+39 4.451e+37 1.32405e+36 0 6.20658e+38 4.64348e+42 0 0 0
1.07461e+06 8.70874e+37 8.70874e+37 1.03788e+39 1.03788e+39 1.03788e+39 3.45694e+37 1.3308e+36 0 2.80534e+38 4.64348e+42 0 0 0
1.24094e+06 7.27557e+37 7.27557e+37 8.05616e+38 8.05616e+38 8.05616e+38 2.69013e+37 1.33228e+36 0 1.14862e+38 4.64348e+42 0 0 0
1.43301e+06 6.1422e+37 6.1422e+37 6.2611e+38 6.2611e+38 6.2611e+38 2.0967e+37 1.33415e+36 0 4.1793e+37 4.64348e+42 0 0 0
1.65482e+06 5.22854e+37 5.22854e+37 4.86993e+38 4.86993e+38 4.86993e+38 1.63604e+37 1.33654e+36 0 1.32176e+37 4.64348e+42 0 0 0
1.91095e+06 4.47783e+37 4.47783e+37 3.78914e+38 3.78914e+38 3.78914e+38 1.27741e+37 1.33984e+36 0 3.54272e+36 4.64348e+42 0 0 0
2.20673e+06 3.84974e+37 3.84974e+37 2.94771e+38 2.94771e+38 2.94771e+38 9.97529e+36 1.34408e+36 0 7.81815e+35 4.64348e+42 0 0 0
2.5483e+06 3.31559e+37 3.31559e+37 2.29157e+38 2.29157e+38 2.29157e+38 7.78654e+36 1.34962e+36 0 1.37446e+35 4.64348e+42 0 0 0
2.94273e+06 2.85486e+37 2.85486e+37 1.77932e+38 1.77932e+38 1.77932e+38 6.07214e+36 1.35688e+36 0 1.85369e+34 4.64348e+42 0 0 0
3.39821e+06 2.45296e+37 2.45296e+37 1.37917e+38 1.37917e+38 1.37917e+38 4.72791e+36 1.36709e+36 0 1.83684e+33 4.64348e+42 0 0 0
3.92419e+06 2.09956e+37 2.09956e+37 1.06658e+38 1.06658e+38 1.06658e+38 3.67346e+36 1.38041e+36 0 1.27278e+32 4.64348e+42 0 0 0
4.53158e+06 1.7874e+37 1.7874e+37 8.22538e+37 8.22538e+37 8.22538e+37 2.84652e+36 1.39777e+36 0 5.8269e+30 4.64348e+42 0 0 0
5.23299e+06 1.51141e+37 1.51141e+37 6.32262e+37 6.32262e+37 6.32262e+37 2.19863e+36 1.42011e+36 0 1.65132e+29 4.64348e+42 0 0 0
6.04296e+06 1.26796e+37 1.26796e+37 4.842e+37 4.842e+37 4.842e+37 1.69197e+36 1.45095e+36 0 2.68787e+27 4.64348e+42 0 0 0
6.97831e+06 1.05433e+37 1.05433e+37 3.69293e+37 3.69293e+37 3.69293e+37 1.29679e+36 1.48821e+36 0 2.30546e+25 4.64348e+42 0 0 0
8.05842e+06 8.68344e+36 8.68344e+36 2.80419e+37 2.80419e+37 2.80419e+37 9.89699e+35 1.53385e+36 0 9.43628e+22 4.64348e+42 0 0 0
9.30572e+06 7.08024e+36 7.08024e+36 2.11961e+37 2.11961e+37 2.11961e+37 7.52199e+35 1.58624e+36 0 1.64402e+20 4.64348e+42 0 0 0
1.07461e+07 5.71436e+36 5.71436e+36 1.59481e+37 1.59481e+37 1.59481e+37 5.69639e+35 1.65958e+36 0 1.06872e+17 4.64348e+42 0 0 0
1.24094e+07 4.56554e+36 4.56554e+36 1.19462e+37 1.19462e+37 1.19462e+37 4.30221e+35 1.72826e+36 0 2.22684e+13 4.64348e+42 0 0 0
1.43301e+07 3.61227e+36 3.61227e+36 8.91179e+36 8.91179e+36 8.91179e+36 3.24574e+35 1.79617e+36 0 1.24811e+09 4.64348e+42 0 0 0
1.65482e+07 2.832e+36 2.832e+36 6.62412e+36 6.62412e+36 6.62412e+36 2.45216e+35 1.86055e+36 0 15371.3 4.64348e+42 0 0 0
1.91095e+07 2.20184e+36 2.20184e+36 4.90914e+36 4.90914e+36 4.90914e+36 1.86311e+35 1.91789e+36 0 0.0329345 4.64348e+42 0 0 0
2.20673e+07 1.69911e+36 1.69911e+36 3.62966e+36 3.62966e+36 3.62966e+36 1.42858e+35 1.96625e+36 0 9.3758e-09 4.64348e+42 0 0 0
2.5483e+07 1.30275e+36 1.30275e+36 2.67959e+36 2.67959e+36 2.67959e+36 1.11263e+35 1.99947e+36 0 2.59786e-16 4.64348e+42 0 0 0
2.94273e+07 9.93493e+35 9.93493e+35 1.97677e+36 1.97677e+36 1.97677e+36 8.84802e+34 1.99971e+36 0 4.89105e-25 4.64348e+42 0 0 0
3.39821e+07 7.54612e+35 7.54612e+35 1.45882e+36 1.45882e+36 1.45882e+36 7.23237e+34 1.96118e+36 0 4.13182e-35 4.64348e+42 0 0 0
3.92419e+07 5.71429e+35 5.71429e+35 1.07771e+36 1.07771e+36 1.07771e+36 6.06671e+34 1.88315e+36 0 9.69873e-47 4.64348e+42 0 0 0
4.53158e+07 4.32178e+35 4.32178e+35 7.98209e+35 7.98209e+35 7.98209e+35 5.24084e+34 1.77977e+36 0 3.63732e-60 4.64348e+42 0 0 0
5.23299e+07 3.26975e+35 3.26975e+35 5.9349e+35 5.9349e+35 5.9349e+35 4.64594e+34 1.66004e+36 0 1.15024e-75 4.64348e+42 0 0 0
6.04296e+07 2.47744e+35 2.47744e+35 4.4336e+35 4.4336e+35 4.4336e+35 4.18871e+34 1.51159e+36 0 1.46627e-93 4.64348e+42 0 0 0
6.97831e+07 1.88143e+35 1.88143e+35 3.32962e+35 3.32962e+35 3.32962e+35 3.80779e+34 1.34168e+36 0 3.21287e-114 4.64348e+42 0 0 0
8.05842e+07 1.43313e+35 1.43313e+35 2.51495e+35 2.51495e+35 2.51495e+35 3.47058e+34 1.15203e+36 0 4.52232e-138 4.64348e+42 0 0 0
9.30572e+07 1.09467e+35 1.09467e+35 1.90963e+35 1.90963e+35 1.90963e+35 3.14974e+34 9.49829e+35 0 1.31207e-165 4.64348e+42 0 0 0
1.07461e+08 8.37083e+34 8.37083e+34 1.45493e+35 1.45493e+35 1.45493e+35 2.82326e+34 7.42152e+35 0 2.11147e-197 4.64348e+42 336.558 0 0
1.24094e+08 6.41408e+34 6.41408e+34 1.11304e+35 1.11304e+35 1.11304e+35 2.51038e+34 5.74007e+35 0 4.13897e-234 4.64348e+42 295.672 0 0
1.43301e+08 4.91206e+34 4.91206e+34 8.52623e+34 8.52623e+34 8.52623e+34 2.19915e+34 4.3555e+35 0 1.7163e-276 4.64348e+42 259.752 0 0
1.65482e+08 3.74888e+34 3.74888e+34 6.51995e+34 6.51995e+34 6.51995e+34 1.889e+34 3.25123e+35 0 0 4.64348e+42 228.197 0 0
1.91095e+08 2.82687e+34 2.82687e+34 4.93357e+34 4.93357e+34 4.93357e+34 1.56413e+34 2.34358e+35 0 0 4.64348e+42 200.475 0 0
2.20673e+08 2.12607e+34 2.12607e+34 3.72857e+34 3.72857e+34 3.72857e+34 1.28378e+34 1.72282e+35 0 0 4.64348e+42 176.12 0 0
2.5483e+08 1.58567e+34 1.58567e+34 2.79786e+34 2.79786e+34 2.79786e+34 1.03238e+34 1.25587e+35 0 0 4.64348e+42 154.725 0 0
2.94273e+08 1.17174e+34 1.17174e+34 2.08244e+34 2.08244e+34 2.08244e+34 8.13779e+33 9.07536e+34 0 0 4.64348e+42 135.928 0 0
3.39821e+08 8.49879e+33 8.49879e+33 1.52287e+34 1.52287e+34 1.52287e+34 6.17752e+33 6.43487e+34 0 0 4.64348e+42 124.684 0 0
3.92419e+08 6.16981e+33 6.16981e+33 1.11565e+34 1.11565e+34 1.11565e+34 4.70827e+33 4.6684e+34 0 0 4.64348e+42 119.415 0 0
4.53158e+08 4.44805e+33 4.44805e+33 8.1231e+33 8.1231e+33 8.1231e+33 3.54523e+33 3.37539e+34 0 0 4.64348e+42 114.369 0 0
5.23299e+08 3.17538e+33 3.17538e+33 5.86079e+33 5.86079e+33 5.86079e+33 2.62304e+33 2.4326e+34 0 0 4.64348e+42 109.537 0 0
6.04296e+08 2.25364e+33 2.25364e+33 4.20659e+33 4.20659e+33 4.20659e+33 1.92269e+33 1.73468e+34 0 0 4.64348e+42 104.908 0 0
6.97831e+08 1.61052e+33 1.61052e+33 3.04193e+33 3.04193e+33 3.04193e+33 1.43217e+33 1.26474e+34 0 0 4.64348e+42 100.475 0 0
8.05842e+08 1.14616e+33 1.14616e+33 2.19235e+33 2.19235e+33 2.19235e+33 1.0612e+33 9.20781e+33 0 0 4.64348e+42 96.2298 0 0
9.30572e+08 8.07655e+32 8.07655e+32 1.57071e+33 1.57071e+33 1.57071e+33 7.79877e+32 6.68831e+33 0 0 4.64348e+42 92.1636 0 0
1.07461e+09 5.39385e+32 5.39385e+32 1.10085e+33 1.10085e+33 1.10085e+33 5.61614e+32 4.78734e+33 0 0 4.64348e+42 92.4958 0 0
1.24094e+09 2.73737e+32 2.73737e+32 7.17441e+32 7.17441e+32 7.17441e+32 4.08845e+32 3.50853e+33 0 0 4.64348e+42 97.2741 0 0
1.43301e+09 3.90536e+31 3.90536e+31 3.50023e+32 3.50023e+32 3.50023e+32 2.99151e+32 2.56409e+33 0 0 4.64348e+42 102.299 0 0
1.65482e+09 8.89601e+28 8.89601e+28 1.10488e+32 1.10488e+32 1.10488e+32 2.20686e+32 1.8679e+33 0 0 4.64348e+42 107.584 0 0
1.91095e+09 2.23649e+21 2.23649e+21 2.8155e+31 2.8155e+31 2.8155e+31 1.61622e+32 1.33741e+33 0 0 4.64348e+42 113.142 0 0
2.20673e+09 48.7285 48.7285 7.47405e+30 7.47405e+30 7.47405e+30 1.2118e+32 9.81872e+32 0 0 4.64348e+42 118.986 0 0
2.5483e+09 7.83701e-44 7.83701e-44 2.20705e+30 2.20705e+30 2.20705e+30 9.06313e+31 7.18693e+32 0 0 4.64348e+42 125.133 0 0
2.94273e+09 1.76916e-133 1.76916e-133 7.31064e+29 7.31064e+29 7.31064e+29 6.74619e+31 5.24248e+32 0 0 4.64348e+42 131.597 0 0
3.39821e+09 9.89825e-293 9.89825e-293 2.67124e+29 2.67124e+29 2.67124e+29 4.9283e+31 3.75791e+32 0 0 4.64348e+42 138.396 0 0
3.92419e+09 0 0 1.08936e+29 1.08936e+29 1.08936e+29 3.68573e+31 2.75907e+32 0 0 4.64348e+42 145.545 0 0
4.53158e+09 0 0 4.82638e+28 4.82638e+28 4.82638e+28 2.74699e+31 2.0179e+32 0 0 4.64348e+42 153.064 0 0
5.23299e+09 0 0 2.29767e+28 2.29767e+28 2.29767e+28 2.04007e+31 1.46933e+32 0 0 4.64348e+42 160.971 0 0
6.04296e+09 0 0 1.15125e+28 1.15125e+28 1.15125e+28 1.48328e+31 1.0521e+32 0 0 4.64348e+42 169.286 0 0
6.97831e+09 0 0 6.19753e+27 6.19753e+27 6.19753e+27 1.10685e+31 7.70939e+31 0 0 4.64348e+42 178.032 0 0
8.05842e+09 0 0 3.4944e+27 3.4944e+27 3.4944e+27 8.23102e+30 5.63199e+31 0 0 4.64348e+42 187.229 0 0
9.30572e+09 0 0 2.04555e+27 2.04555e+27 2.04555e+27 6.08063e+30 4.10165e+31 0 0 4.64348e+42 196.901 0 0
1.07461e+10 0 0 1.22571e+27 1.22571e+27 1.22571e+27 4.40886e+30 2.94398e+31 0 0 4.64348e+42 220.926 0 0
1.24094e+10 0 0 7.6812e+26 7.6812e+26 7.6812e+26 3.2619e+30 2.16312e+31 0 0 4.64348e+42 264.467 0 0
1.43301e+10 0 0 4.92572e+26 4.92572e+26 4.92572e+26 2.39781e+30 1.58501e+31 0 0 4.64348e+42 316.59 0 0
1.65482e+10 0 0 3.22857e+26 3.22857e+26 3.22857e+26 1.75682e+30 1.15753e+31 0 0 4.64348e+42 378.985 0 0
1.91095e+10 0 0 2.12989e+26 2.12989e+26 2.12989e+26 1.26151e+30 8.30226e+30 0 0 4.64348e+42 453.677 0 0
2.20673e+10 0 0 1.45754e+26 1.45754e+26 1.45754e+26 9.27651e+29 6.10001e+30 0 0 4.64348e+42 543.09 34.7254 0
2.5483e+10 0 0 1.01229e+26 1.01229e+26 1.01229e+26 6.79665e+29 4.46558e+30 0 0 4.64348e+42 650.125 22.9578 0
2.94273e+10 0 0 7.12533e+25 7.12533e+25 7.12533e+25 4.96339e+29 3.25654e+30 0 0 4.64348e+42 778.255 15.5417 0
3.39821e+10 0 0 5.00457e+25 5.00457e+25 5.00457e+25 3.55114e+29 2.32804e+30 0 0 4.64348e+42 931.638 10.7604 0
3.92419e+10 0 0 3.64317e+25 3.64317e+25 3.64317e+25 2.61327e+29 1.70925e+30 0 0 4.64348e+42 1115.25 7.61059 0
4.53158e+10 0 0 2.67946e+25 2.67946e+25 2.67946e+25 1.91829e+29 1.25149e+30 0 0 4.64348e+42 1335.05 5.49245 0
5.23299e+10 0 0 1.98982e+25 1.98982e+25 1.98982e+25 1.4055e+29 9.13468e+29 0 0 4.64348e+42 1598.17 4.04008 0
6.04296e+10 0 0 1.46945e+25 1.46945e+25 1.46945e+25 1.01128e+29 6.53438e+29 0 0 4.64348e+42 1913.14 3.02568 0
6.97831e+10 0 0 1.12149e+25 1.12149e+25 1.12149e+25 7.47889e+28 4.80677e+29 0 0 4.64348e+42 2290.19 2.3047 0
8.05842e+10 0 0 8.60987e+24 8.60987e+24 8.60987e+24 5.51456e+28 3.52675e+29 0 0 4.64348e+42 2741.56 1.78376 0
9.30572e+10 0 0 6.64259e+24 6.64259e+24 6.64259e+24 4.05386e+28 2.57938e+29 0 0 4.64348e+42 3281.87 1.40144 0
1.07461e+11 0 0 5.06331e+24 5.06331e+24 5.06331e+24 2.91885e+28 1.84672e+29 0 0 4.64348e+42 3928.68 1.11671 0
1.24094e+11 0 0 3.97403e+24 3.97403e+24 3.97403e+24 2.15628e+28 1.35952e+29 0 0 4.64348e+42 4702.97 0.901709 0
1.43301e+11 0 0 3.12521e+24 3.12521e+24 3.12521e+24 1.58685e+28 9.97743e+28 0 0 4.64348e+42 5629.85 0.737233 0
1.65482e+11 0 0 2.45985e+24 2.45985e+24 2.45985e+24 1.16279e+28 7.29542e+28 0 0 4.64348e+42 6739.41 0.609868 0
1.91095e+11 0 0 1.90582e+24 1.90582e+24 1.90582e+24 8.33921e+27 5.21655e+28 0 0 4.64348e+42 8067.65 0.510106 0
2.20673e+11 0 0 1.51911e+24 1.51911e+24 1.51911e+24 6.14125e+27 3.83627e+28 0 0 4.64348e+42 9657.66 0.431129 0
2.5483e+11 0 0 1.21088e+24 1.21088e+24 1.21088e+24 4.50624e+27 2.81182e+28 0 0 4.64348e+42 11561 0.367983 0
2.94273e+11 0 0 9.64711e+23 9.64711e+23 9.64711e+23 3.29426e+27 2.05302e+28 0 0 4.64348e+42 13839.6 0.317029 0
3.39821e+11 0 0 7.55346e+23 7.55346e+23 7.55346e+23 2.35785e+27 1.46507e+28 0 0 4.64348e+42 0 0.275565 0
3.92419e+11 0 0 6.08208e+23 6.08208e+23 6.08208e+23 1.73412e+27 1.07564e+28 0 0 4.64348e+42 0 0.241562 0
4.53158e+11 0 0 4.89087e+23 4.89087e+23 4.89087e+23 1.27085e+27 7.86955e+27 0 0 4.64348e+42 0 0.213483 0
5.23299e+11 0 0 3.92585e+23 3.92585e+23 3.92585e+23 9.27841e+26 5.73418e+27 0 0 4.64348e+42 0 0.190154 0
6.04296e+11 0 0 3.09079e+23 3.09079e+23 3.09079e+23 6.62794e+26 4.08109e+27 0 0 4.64348e+42 0 0.170669 0
6.97831e+11 0 0 2.50133e+23 2.50133e+23 2.50133e+23 4.86685e+26 2.98927e+27 0 0 4.64348e+42 0 0.154323 0
8.05842e+11 0 0 2.01908e+23 2.01908e+23 2.01908e+23 3.56047e+26 2.18134e+27 0 0 4.64348e+42 0 0.140565 0
9.30572e+11 0 0 1.62479e+23 1.62479e+23 1.62479e+23 2.59456e+26 1.5849e+27 0 0 4.64348e+42 0 0.12896 0
1.07461e+12 0 0 1.2798e+23 1.2798e+23 1.2798e+23 1.84852e+26 1.12383e+27 0 0 4.64348e+42 0 0.119166 0
1.24094e+12 0 0 1.03557e+23 1.03557e+23 1.03557e+23 1.3543e+26 8.20461e+26 0 0 4.64348e+42 0 0.110908 0
1.43301e+12 0 0 8.34473e+22 8.34473e+22 8.34473e+22 9.88332e+25 5.96545e+26 0 0 4.64348e+42 0 0.103969 0
1.65482e+12 0 0 6.69142e+22 6.69142e+22 6.69142e+22 7.18253e+25 4.31697e+26 0 0 4.64348e+42 0 0.098177 0
1.91095e+12 0 0 5.23764e+22 5.23764e+22 5.23764e+22 5.09894e+25 3.04539e+26 0 0 4.64348e+42 0 0.0933933 0
2.20673e+12 0 0 4.20565e+22 4.20565e+22 4.20565e+22 3.72381e+25 2.2131e+26 0 0 4.64348e+42 0 0.0895108 0
2.5483e+12 0 0 3.35408e+22 3.35408e+22 3.35408e+22 2.70807e+25 1.60099e+26 0 0 4.64348e+42 0 0.0864461 0
2.94273e+12 0 0 2.65386e+22 2.65386e+22 2.65386e+22 1.96055e+25 1.15214e+26 0 0 4.64348e+42 0 0.0841374 0
3.39821e+12 0 0 2.04075e+22 2.04075e+22 2.04075e+22 1.38484e+25 8.06954e+25 0 0 4.64348e+42 0 0.082541 0
3.92419e+12 0 0 1.60545e+22 1.60545e+22 1.60545e+22 1.00687e+25 5.82689e+25 0 0 4.64348e+42 0 0.08163 0
4.53158e+12 0 0 1.24903e+22 1.24903e+22 1.24903e+22 7.2866e+24 4.18587e+25 0 0 4.64348e+42 0 0.0813928 0
5.23299e+12 0 0 9.59595e+21 9.59595e+21 9.59595e+21 5.24701e+24 2.98925e+25 0 0 4.64348e+42 0 0.0818329 0
6.04296e+12 0 0 7.12119e+21 7.12119e+21 7.12119e+21 3.68043e+24 2.07293e+25 0 0 4.64348e+42 0 0.0829683 0
6.97831e+12 0 0 5.38746e+21 5.38746e+21 5.38746e+21 2.65935e+24 1.48375e+25 0 0 4.64348e+42 0 0.0848322 0
8.05842e+12 1.5441e-273 1.5441e-273 4.01126e+21 4.01126e+21 4.01126e+21 1.91148e+24 1.05571e+25 0 0 4.64348e+42 0 0.0874729 0
9.30572e+12 1.10634e-240 1.10634e-240 2.9361e+21 2.9361e+21 2.9361e+21 1.36619e+24 7.46022e+24 0 0 4.64348e+42 0 0.0909553 0
1.07461e+13 1.99124e-211 1.99124e-211 2.06475e+21 2.06475e+21 2.06475e+21 9.49005e+23 5.10284e+24 0 0 4.64348e+42 0 0.0953611 0
1.24094e+13 2.23681e-185 2.23681e-185 1.47908e+21 1.47908e+21 1.47908e+21 6.7985e+23 3.6091e+24 0 0 4.64348e+42 0 0.10079 0
1.43301e+13 3.26897e-162 3.26897e-162 1.04101e+21 1.04101e+21 1.04101e+21 4.84089e+23 2.53468e+24 0 0 4.64348e+42 0 0.10736 0
1.65482e+13 1.24705e-141 1.24706e-141 7.19925e+20 7.19925e+20 7.19925e+20 3.42435e+23 1.76573e+24 0 0 4.64348e+42 0 0.115206 0
1.91095e+13 2.27198e-123 2.27198e-123 4.77614e+20 4.77614e+20 4.77614e+20 2.34687e+23 1.18526e+24 0 0 4.64348e+42 0 0.12448 0
2.20673e+13 3.71292e-107 3.71292e-107 3.24247e+20 3.24247e+20 3.24247e+20 1.66151e+23 8.24863e+23 0 0 4.64348e+42 0 0.135345 0
2.5483e+13 8.71537e-93 8.71539e-93 2.16841e+20 2.16841e+20 2.16841e+20 1.1679e+23 5.692e+23 0 0 4.64348e+42 0 0.147968 0
2.94273e+13 4.64446e-80 4.64448e-80 1.42931e+20 1.42931e+20 1.42931e+20 8.14567e+22 3.88966e+23 0 0 4.64348e+42 0 0.162507 0
3.39821e+13 8.24368e-69 8.24372e-69 9.03867e+19 9.03867e+19 9.03867e+19 5.4795e+22 2.54456e+23 0 0 4.64348e+42 0 0.179093 0
3.92419e+13 7.56425e-59 7.56431e-59 5.89206e+19 5.89206e+19 5.89206e+19 3.8173e+22 1.73279e+23 0 0 4.64348e+42 0 0.197804 0
4.53158e+13 4.78102e-50 4.78108e-50 3.79516e+19 3.79516e+19 3.79516e+19 2.6364e+22 1.16781e+23 0 0 4.64348e+42 0 0.218621 0
5.23299e+13 2.7952e-42 2.79524e-42 2.41578e+19 2.41578e+19 2.41578e+19 1.80371e+22 7.77694e+22 0 0 4.64348e+42 0 0.241387 0
6.04296e+13 1.90461e-35 1.90464e-35 1.4714e+19 1.4714e+19 1.4714e+19 1.18248e+22 4.91125e+22 0 0 4.64348e+42 0 0.265741 0
6.97831e+13 2.07663e-29 2.07668e-29 9.30614e+18 9.30614e+18 9.30614e+18 8.05891e+21 3.24848e+22 0 0 4.64348e+42 0 0.291055 0
8.05842e+13 4.25691e-24 4.25703e-24 5.82163e+18 5.82163e+18 5.82163e+18 5.434e+21 2.1212e+22 0 0 4.64348e+42 0 0.316368 0
9.30572e+13 1.97727e-19 1.97733e-19 3.60032e+18 3.60032e+18 3.60032e+18 3.62155e+21 1.36467e+22 0 0 4.64348e+42 0 0.340344 0
1.07461e+14 2.36211e-15 2.3622e-15 2.11485e+18 2.11485e+18 2.11485e+18 2.29078e+21 8.20965e+21 0 0 4.64348e+42 0 0 0
1.24094e+14 9.27602e-12 9.27655e-12 1.30004e+18 1.30004e+18 1.30004e+18 1.51522e+21 5.22269e+21 0 0 4.64348e+42 0 0 0
1.43301e+14 1.28995e-08 1.29008e-08 7.89479e+17 7.89479e+17 7.89479e+17 9.88842e+20 3.26932e+21 0 0 4.64348e+42 0 0 0
1.65482e+14 7.13615e-06 7.13763e-06 4.7312e+17 4.7312e+17 4.7312e+17 6.35881e+20 2.00854e+21 0 0 4.64348e+42 0 0 0
1.91095e+14 0.00165554 0.00165625 2.65738e+17 2.65738e+17 2.65738e+17 3.82552e+20 1.12959e+21 0 0 4.64348e+42 0 0 0
2.20673e+14 0.199281 0.199449 1.57774e+17 1.57774e+17 1.57774e+17 2.42878e+20 6.8209e+20 0 0 4.64348e+42 0 0 0
2.5483e+14 12.5884 12.6077 9.22468e+16 9.22468e+16 9.22468e+16 1.51554e+20 4.03563e+20 0 0 4.64348e+42 0 0 0
2.94273e+14 448.211 449.362 5.30355e+16 5.30355e+16 5.30355e+16 9.28012e+19 2.33154e+20 0 0 4.64348e+42 0 0 0
3.39821e+14 8946.33 8982.15 2.7954e+16 2.7954e+16 2.7954e+16 5.19778e+19 1.19284e+20 0 0 4.64348e+42 0 0 0
3.92419e+14 124108 124834 1.58134e+16 1.58134e+16 1.58134e+16 3.11837e+19 6.71692e+19 0 0 4.64348e+42 0 0 0
4.53158e+14 1.14918e+06 1.15844e+06 8.76334e+15 8.76334e+15 8.76334e+15 1.8287e+19 3.68608e+19 0 0 4.64348e+42 0 0 0
5.23299e+14 7.41728e+06 7.49563e+06 4.74956e+15 4.74956e+15 4.74956e+15 1.04645e+19 1.96241e+19 0 0 4.64348e+42 0 0 0
6.04296e+14 3.13939e+07 3.18097e+07 2.2757e+15 2.2757e+15 2.2757e+15 5.28144e+18 8.77281e+18 0 0 4.64348e+42 0 0 0
6.97831e+14 1.12342e+08 1.14137e+08 1.19967e+15 1.19967e+15 1.19967e+15 2.92693e+18 4.4979e+18 0 0 4.64348e+42 0 0 0
8.05842e+14 3.09747e+08 3.1552e+08 6.14607e+14 6.14607e+14 6.14607e+14 1.57295e+18 2.23265e+18 0 0 4.64348e+42 0 0 0
9.30572e+14 6.75524e+08 6.89776e+08 3.05576e+14 3.05576e+14 3.05576e+14 8.18589e+17 1.06643e+18 0 0 4.64348e+42 0 0 0
1.07461e+15 1.02415e+09 1.04798e+09 1.2646e+14 1.2646e+14 1.2646e+14 3.53555e+17 3.91707e+17 0 0 4.64348e+42 0 0 0
1.24094e+15 1.51924e+09 1.55735e+09 6.00065e+13 6.00065e+13 6.00065e+13 1.74972e+17 1.7689e+17 0 0 4.64348e+42 0 0 0
1.43301e+15 1.88218e+09 1.93206e+09 2.73425e+13 2.73425e+13 2.73425e+13 8.29351e+16 7.67426e+16 0 0 4.64348e+42 0 0 0
1.65482e+15 1.98012e+09 2.03456e+09 1.19626e+13 1.19626e+13 1.19626e+13 3.76662e+16 3.17383e+16 0 0 4.64348e+42 0 0 0
1.91095e+15 1.40395e+09 1.44336e+09 3.92995e+12 3.92995e+12 3.92995e+12 1.28162e+16 8.66448e+15 0 0 4.64348e+42 0 0 0
2.20673e+15 1.11869e+09 1.15031e+09 1.5957e+12 1.5957e+12 1.5957e+12 5.37637e+15 3.27765e+15 0 0 4.64348e+42 0 0 0
2.5483e+15 7.68493e+08 7.90087e+08 6.07328e+11 6.07328e+11 6.07328e+11 2.11326e+15 1.18169e+15 0 0 4.64348e+42 0 0 0
2.94273e+15 4.62675e+08 4.75456e+08 2.18053e+11 2.18053e+11 2.18053e+11 7.81097e+14 4.04034e+14 0 0 4.64348e+42 0 0 0
3.39821e+15 1.66554e+08 1.71033e+08 4.99411e+10 4.99411e+10 4.99411e+10 1.84004e+14 6.86597e+13 0 0 4.64348e+42 0 0 0
3.92419e+15 7.88638e+07 8.09096e+07 1.59264e+10 1.59264e+10 1.59264e+10 6.0224e+13 1.994e+13 0 0 4.64348e+42 0 0 0
4.53158e+15 3.19535e+07 3.27468e+07 4.56917e+09 4.56917e+09 4.56917e+09 1.77028e+13 5.44873e+12 0 0 4.64348e+42 0 0 0
5.23299e+15 1.10657e+07 1.13268e+07 1.17083e+09 1.17083e+09 1.17083e+09 4.64042e+12 1.43126e+12 0 0 4.64348e+42 0 0 0
6.04296e+15 1.89264e+06 1.93481e+06 1.54022e+08 1.54022e+08 1.54022e+08 6.23459e+11 1.16167e+11 0 0 4.64348e+42 0 0 0
6.97831e+15 516348 527148 3.34375e+07 3.34375e+07 3.34375e+07 1.38033e+11 2.21276e+10 0 0 4.64348e+42 0 0 0
8.05842e+15 114336 116570 6.07066e+06 6.07066e+06 6.07066e+06 2.55202e+10 3.77055e+09 0 0 4.64348e+42 0 0 0
9.30572e+15 19326.7 19677.8 863737 863737 863737 3.69253e+09 6.30132e+08 0 0 4.64348e+42 0 0 0
1.07461e+16 1204.32 1224.58 46362.2 46362.2 46362.2 2.01278e+08 1.86173e+07 0 0 4.64348e+42 0 0 0
1.24094e+16 154.41 156.806 5225.24 5225.24 5225.24 2.30059e+07 1.76967e+06 0 0 4.64348e+42 0 0 0
1.43301e+16 14.3606 14.5654 434.861 434.861 434.861 1.93906e+06 129546 0 0 4.64348e+42 0 0 0
1.65482e+16 0.875686 0.887136 24.1029 24.1029 24.1029 108696 8641.85 0 0 4.64348e+42 0 0 0
1.91095e+16 0.0109033 0.0110336 0.276561 0.276561 0.276561 1259.72 62.5763 0 0 4.64348e+42 0 0 0
2.20673e+16 0.000427644 0.000432303 0.0101173 0.0101173 0.0101173 46.4835 1.87544 0 0 4.64348e+42 0 0 0
2.5483e+16 9.22787e-06 9.31931e-06 0.000205794 0.000205794 0.000205794 0.952526 0.0330386 0 0 4.64348e+42 0 0 0
2.94273e+16 1.04067e-07 1.05003e-07 2.20817e-06 2.20817e-06 2.20817e-06 0.010285 0.000356026 0 0 4.64348e+42 0 0 0
3.39821e+16 1.10346e-10 1.11245e-10 2.24598e-09 2.24598e-09 2.24598e-09 1.05175e-05 3.17305e-07 0 0 4.64348e+42 0 0 0
3.92419e+16 4.47547e-13 4.50845e-13 8.80084e-12 8.80084e-12 8.80084e-12 4.14103e-08 1.17759e-09 0 0 4.64348e+42 0 0 0
4.53158e+16 5.66605e-16 5.70374e-16 1.08325e-14 1.08325e-14 1.08325e-14 5.12023e-11 1.42815e-12 0 0 4.64348e+42 0 0 0
5.23299e+16 2.24018e-19 2.25362e-19 4.18686e-18 4.18686e-18 4.18686e-18 1.98842e-14 5.52359e-16 0 0 4.64348e+42 0 0 0
6.04296e+16 4.38262e-24 4.40628e-24 8.04622e-23 8.04622e-23 8.04622e-23 3.84195e-19 1.06295e-20 0 0 4.64348e+42 0 0 0
6.97831e+16 1.89298e-28 1.90217e-28 3.42843e-27 3.42843e-27 3.42843e-27 1.64766e-23 4.55495e-25 0 0 4.64348e+42 0 0 0
8.05842e+16 1.2117e-33 1.21698e-33 2.17294e-32 2.17294e-32 2.17294e-32 1.05262e-28 2.90939e-30 0 0 4.64348e+42 0 0 0
9.30572e+16 0 0 0 0 0 0 0 0 0 4.64348e+42 0 0 0