
1.07461e-07 6.30316e-143 6.30316e-143 2.98127e+54 3.31765e+54 4.4161e+55 1.11717e+54 0 8.79741e+46 2.89128e-147 4.64348e+42 0 0 1
1.24094e-07 1.5133e-91 1.5133e-91 3.61381e+54 3.96434e+54 3.66491e+55 9.24611e+53 0 1.01591e+47 4.95898e-96 4.64348e+42 0 0 1
1.43301e-07 1.51493e-53 1.51493e-53 4.37403e+54 4.73913e+54 3.03718e+55 7.64712e+53 0 1.17315e+47 3.55177e-58 4.64348e+42 0 0 1
1.65482e-07 1.93816e-25 1.93816e-25 5.24802e+54 5.6253e+54 2.51337e+55 6.31835e+53 0 1.35474e+47 3.27965e-30 4.64348e+42 0 0 1
1.91095e-07 0.000118236 0.000118236 6.1336e+54 6.51365e+54 2.0769e+55 5.21427e+53 0 1.56442e+47 1.48241e-09 4.64348e+42 0 0 1
2.20673e-07 2.71825e+11 2.71825e+11 6.8422e+54 7.20784e+54 1.71375e+55 4.29748e+53 0 1.80657e+47 2.64561e+06 4.64348e+42 0 0 1
2.5483e-07 5.97542e+22 5.97542e+22 7.20171e+54 7.53381e+54 1.41205e+55 3.53698e+53 0 2.08619e+47 4.78483e+17 4.64348e+42 0 0 1
2.94273e-07 1.38315e+31 1.38315e+31 7.15385e+54 7.43866e+54 1.16178e+55 2.9069e+53 0 2.4091e+47 9.65521e+25 4.64348e+42 0 0 1
3.39821e-07 2.00057e+37 2.00057e+37 6.758e+54 6.99037e+54 9.54466e+54 2.38558e+53 0 2.78198e+47 1.28018e+32 4.64348e+42 0 0 1
3.92419e-07 6.77331e+41 6.77331e+41 6.13243e+54 6.31461e+54 7.82994e+54 1.95484e+53 0 3.21259e+47 4.13621e+36 4.64348e+42 0 0 1
4.53158e-07 1.42792e+45 1.42792e+45 5.39671e+54 5.53527e+54 6.41372e+54 1.59945e+53 0 3.70984e+47 8.5804e+39 4.64348e+42 0 0 1
5.23299e-07 3.86634e+47 3.86634e+47 4.64235e+54 4.74539e+54 5.24572e+54 1.30667e+53 0 4.28405e+47 2.33881e+42 4.64348e+42 0 0 1
6.04296e-07 2.29678e+49 2.29678e+49 3.92732e+54 4.00269e+54 4.28382e+54 1.06581e+53 0 4.94715e+47 1.42219e+44 4.64348e+42 0 0 1
6.97831e-07 4.44663e+50 4.44663e+50 3.28202e+54 3.3365e+54 3.49281e+54 8.67979e+52 0 5.71287e+47 2.85314e+45 4.64348e+42 0 0 1
8.05842e-07 3.75866e+51 3.75866e+51 2.71807e+54 2.7571e+54 2.84328e+54 7.05728e+52 0 6.59712e+47 2.52177e+46 4.64348e+42 0 0 1
9.30572e-07 1.72165e+52 1.72165e+52 2.23577e+54 2.26354e+54 2.31074e+54 5.72874e+52 0 7.61824e+47 1.21605e+47 4.64348e+42 0 0 1
1.07461e-06 5.0127e+52 5.0127e+52 1.82943e+54 1.84909e+54 1.87478e+54 4.64267e+52 0 8.7974e+47 3.74705e+47 4.64348e+42 0 0 1
1.24094e-06 1.04378e+53 1.04378e+53 1.49069e+54 1.50455e+54 1.51846e+54 3.7563e+52 0 1.01591e+48 8.29192e+47 4.64348e+42 0 0 1
1.43301e-06 1.69579e+53 1.69579e+53 1.21049e+54 1.22023e+54 1.22772e+54 3.03416e+52 0 1.17315e+48 1.43663e+48 4.64348e+42 0 0 1
1.65482e-06 2.29244e+53 2.29244e+53 9.80062e+53 9.86889e+53 9.90907e+53 2.44686e+52 0 1.35473e+48 2.0772e+48 4.64348e+42 0 0 1
1.91095e-06 2.70413e+53 2.70413e+53 7.91437e+53 7.96209e+53 7.98354e+53 1.97004e+52 0 1.56442e+48 2.62751e+48 4.64348e+42 0 0 1
2.20673e-06 2.88277e+53 2.88277e+53 6.37611e+53 6.40939e+53 6.42078e+53 1.58363e+52 0 1.80657e+48 3.01084e+48 4.64348e+42 0 0 1
2.5483e-06 2.85048e+53 2.85048e+53 5.12563e+53 5.14879e+53 5.15482e+53 1.27101e+52 0 2.08619e+48 3.20704e+48 4.64348e+42 0 0 1
2.94273e-06 2.66492e+53 2.66492e+53 4.11196e+53 4.12804e+53 4.13122e+53 1.01855e+52 0 2.40909e+48 3.23645e+48 4.64348e+42 0 0 1
3.39821e-06 2.38928e+53 2.38928e+53 3.29233e+53 3.30348e+53 3.30514e+53 8.14997e+51 0 2.78198e+48 3.13833e+48 4.64348e+42 0 0 1
3.92419e-06 2.07598e+53 2.07598e+53 2.63113e+53 2.63884e+53 2.63972e+53 6.51156e+51 0 3.21258e+48 2.9547e+48 4.64348e+42 0 0 1
4.53158e-06 1.76164e+53 1.76164e+53 2.0989e+53 2.10423e+53 2.10469e+53 5.19488e+51 0 3.70983e+48 2.72181e+48 4.64348e+42 0 0 1
5.23299e-06 1.46838e+53 1.46838e+53 1.67137e+53 1.67504e+53 1.67528e+53 4.13837e+51 0 4.28404e+48 2.46717e+48 4.64348e+42 0 0 1
6.04296e-06 1.20733e+53 1.20733e+53 1.32859e+53 1.33112e+53 1.33124e+53 3.29189e+51 0 4.94713e+48 2.20987e+48 4.64348e+42 0 0 1
6.97831e-06 9.82276e+52 9.82276e+52 1.05429e+53 1.05602e+53 1.05609e+53 2.61469e+51 0 5.71285e+48 1.96204e+48 4.64348e+42 0 0 1
8.05842e-06 7.92615e+52 7.92615e+52 8.35168e+52 8.3636e+52 8.36392e+52 2.07368e+51 0 6.59709e+48 1.7307e+48 4.64348e+42 0 0 1
9.30572e-06 6.35395e+52 6.35395e+52 6.60437e+52 6.61253e+52 6.61269e+52 1.64211e+51 0 7.6182e+48 1.51931e+48 4.64348e+42 0 0 1
1.07461e-05 5.06656e+52 5.06656e+52 5.21342e+52 5.21899e+52 5.21908e+52 1.29832e+51 0 8.79735e+48 1.329e+48 4.64348e+42 0 0 1
1.24094e-05 4.02217e+52 4.02217e+52 4.10803e+52 4.11183e+52 4.11187e+52 1.02485e+51 0 1.0159e+49 1.15947e+48 4.64348e+42 0 0 1
1.43301e-05 3.18102e+52 3.18102e+52 3.23107e+52 3.23366e+52 3.23368e+52 8.07644e+50 0 1.17314e+49 1.00961e+48 4.64348e+42 0 0 1
1.65482e-05 2.50743e+52 2.50743e+52 2.53654e+52 2.5383e+52 2.53832e+52 6.35384e+50 0 1.35472e+49 8.77853e+47 4.64348e+42 0 0 1
1.91095e-05 1.97058e+52 1.97058e+52 1.98746e+52 1.98866e+52 1.98867e+52 4.9898e+50 0 1.56441e+49 7.62481e+47 4.64348e+42 0 0 1
2.20673e-05 1.54438e+52 1.54438e+52 1.55415e+52 1.55496e+52 1.55497e+52 3.91143e+50 0 1.80655e+49 6.61752e+47 4.64348e+42 0 0 1
2.5483e-05 1.2072e+52 1.2072e+52 1.21284e+52 1.21338e+52 1.21338e+52 3.06031e+50 0 2.08616e+49 5.73997e+47 4.64348e+42 0 0 1
2.94273e-05 9.41243e+51 9.41243e+51 9.44492e+51 9.4486e+51 9.44862e+51 2.38972e+50 0 2.40906e+49 4.97665e+47 4.64348e+42 0 0 1
3.39821e-05 7.32071e+51 7.32071e+51 7.33937e+51 7.34185e+51 7.34186e+51 1.86231e+50 0 2.78193e+49 4.31348e+47 4.64348e+42 0 0 1
3.92419e-05 5.67994e+51 5.67994e+51 5.69065e+51 5.69231e+51 5.69231e+51 1.44829e+50 0 3.21251e+49 3.7378e+47 4.64348e+42 0 0 1
4.53158e-05 4.39623e+51 4.39623e+51 4.40235e+51 4.40347e+51 4.40347e+51 1.1239e+50 0 3.70974e+49 3.23839e+47 4.64348e+42 0 0 1
5.23299e-05 3.3944e+51 3.3944e+51 3.39789e+51 3.39864e+51 3.39864e+51 8.70267e+49 0 4.28392e+49 2.80535e+47 4.64348e+42 0 0 1
6.04296e-05 2.61451e+51 2.61451e+51 2.6165e+51 2.617e+51 2.617e+51 6.7236e+49 0 4.94697e+49 2.42998e+47 4.64348e+42 0 0 1
6.97831e-05 2.00893e+51 2.00893e+51 2.01005e+51 2.01039e+51 2.01039e+51 5.18274e+49 0 5.71264e+49 2.1047e+47 4.64348e+42 0 0 1
8.05842e-05 1.53986e+51 1.53986e+51 1.5405e+51 1.54072e+51 1.54072e+51 3.98575e+49 0 6.59682e+49 1.82286e+47 4.64348e+42 0 0 1
9.30572e-05 1.17747e+51 1.17747e+51 1.17784e+51 1.17798e+51 1.17798e+51 3.05805e+49 0 7.61783e+49 1.5787e+47 4.64348e+42 0 0 1
0.000107461 8.98212e+50 8.98212e+50 8.98416e+50 8.98512e+50 8.98512e+50 2.34075e+49 0 8.79686e+49 1.36721e+47 4.64348e+42 0 0 1
0.000124094 6.83566e+50 6.83566e+50 6.83681e+50 6.83744e+50 6.83744e+50 1.78749e+49 0 1.01584e+50 1.18402e+47 4.64348e+42 0 0 1
0.000143301 5.1901e+50 5.1901e+50 5.19075e+50 5.19116e+50 5.19116e+50 1.36181e+49 0 1.17306e+50 1.02537e+47 4.64348e+42 0 0 1
0.000165482 3.93181e+50 3.93181e+50 3.93217e+50 3.93245e+50 3.93245e+50 1.03511e+49 0 1.35461e+50 8.87961e+46 4.64348e+42 0 0 1
0.000191095 2.97211e+50 2.97211e+50 2.97231e+50 2.97249e+50 2.97249e+50 7.85015e+48 0 1.56425e+50 7.68961e+46 4.64348e+42 0 0 1
0.000220673 2.24199e+50 2.24199e+50 2.2421e+50 2.24222e+50 2.24222e+50 5.94038e+48 0 1.80634e+50 6.65904e+46 4.64348e+42 0 0 1
0.00025483 1.68789e+50 1.68789e+50 1.68795e+50 1.68803e+50 1.68803e+50 4.48572e+48 0 2.08589e+50 5.76657e+46 4.64348e+42 0 0 1
0.000294273 1.26838e+50 1.26838e+50 1.26841e+50 1.26846e+50 1.26846e+50 3.38045e+48 0 2.40869e+50 4.99369e+46 4.64348e+42 0 0 1
0.000339821 9.51493e+49 9.51493e+49 9.51513e+49 9.51545e+49 9.51545e+49 2.54266e+48 0 2.78144e+50 4.32439e+46 4.64348e+42 0 0 1
0.000392419 7.12645e+49 7.12645e+49 7.12655e+49 7.12676e+49 7.12676e+49 1.9091e+48 0 3.21185e+50 3.74479e+46 4.64348e+42 0 0 1
0.000453158 5.32982e+49 5.32982e+49 5.32988e+49 5.33002e+49 5.33002e+49 1.43103e+48 0 3.70886e+50 3.24286e+46 4.64348e+42 0 0 1
0.000523299 3.98096e+49 3.98096e+49 3.98099e+49 3.98108e+49 3.98108e+49 1.07107e+48 0 4.28275e+50 2.80821e+46 4.64348e+42 0 0 1
0.000604296 2.97003e+49 2.97003e+49 2.97005e+49 2.9701e+49 2.9701e+49 8.00548e+47 0 4.94541e+50 2.43182e+46 4.64348e+42 0 0 1
0.000697831 2.21357e+49 2.21357e+49 2.21358e+49 2.21362e+49 2.21362e+49 5.97622e+47 0 5.71056e+50 2.10587e+46 4.64348e+42 0 0 1
0.000805842 1.64834e+49 1.64834e+49 1.64834e+49 1.64837e+49 1.64837e+49 4.45652e+47 0 6.59404e+50 1.82361e+46 4.64348e+42 0 0 1
0.000930572 1.22653e+49 1.22653e+49 1.22654e+49 1.22655e+49 1.22655e+49 3.32015e+47 0 7.61413e+50 1.57918e+46 4.64348e+42 0 0 1
0.00107461 9.12115e+48 9.12115e+48 9.12117e+48 9.12127e+48 9.12127e+48 2.47156e+47 0 8.79192e+50 1.36752e+46 4.64348e+42 0 0 1
0.00124094 6.77977e+48 6.77977e+48 6.77978e+48 6.77984e+48 6.77984e+48 1.83864e+47 0 1.01518e+51 1.18422e+46 4.64348e+42 0 0 1
0.00143301 5.03769e+48 5.03769e+48 5.03769e+48 5.03773e+48 5.03773e+48 1.36707e+47 0 1.17218e+51 1.02549e+46 4.64348e+42 0 0 1
0.00165482 3.74242e+48 3.74242e+48 3.74242e+48 3.74245e+48 3.74245e+48 1.01604e+47 0 1.35344e+51 8.88042e+45 4.64348e+42 0 0 1
0.00191095 2.77992e+48 2.77992e+48 2.77992e+48 2.77994e+48 2.77994e+48 7.54938e+46 0 1.56269e+51 7.69012e+45 4.64348e+42 0 0 1
0.00220673 2.06502e+48 2.06502e+48 2.06502e+48 2.06503e+48 2.06503e+48 5.60852e+46 0 1.80426e+51 6.65937e+45 4.64348e+42 0 0 1
0.0025483 1.53419e+48 1.53419e+48 1.53419e+48 1.5342e+48 1.5342e+48 4.16652e+46 0 2.08311e+51 5.76678e+45 4.64348e+42 0 0 1
0.00294273 1.14011e+48 1.14011e+48 1.14011e+48 1.14011e+48 1.14011e+48 3.09558e+46 0 2.40499e+51 4.99383e+45 4.64348e+42 0 0 1
0.00339821 8.47567e+47 8.47567e+47 8.47568e+47 8.4757e+47 8.4757e+47 2.30039e+46 0 2.7765e+51 4.32448e+45 4.64348e+42 0 0 1
0.00392419 6.30392e+47 6.30392e+47 6.30392e+47 6.30394e+47 6.30394e+47 1.71003e+46 0 3.20528e+51 3.74484e+45 4.64348e+42 0 0 1
0.00453158 4.69138e+47 4.69138e+47 4.69138e+47 4.69139e+47 4.69139e+47 1.27174e+46 0 3.70009e+51 3.2429e+45 4.64348e+42 0 0 1
0.00523299 3.49372e+47 3.49372e+47 3.49372e+47 3.49373e+47 3.49373e+47 9.46304e+45 0 4.27106e+51 2.80824e+45 4.64348e+42 0 0 1
0.00604296 2.60384e+47 2.60384e+47 2.60384e+47 2.60385e+47 2.60385e+47 7.04604e+45 0 4.92982e+51 2.43183e+45 4.64348e+42 0 0 1
0.00697831 1.94232e+47 1.94232e+47 1.94232e+47 1.94232e+47 1.94232e+47 5.25033e+45 0 5.68977e+51 2.10588e+45 4.64348e+42 0 0 1
0.00805842 1.45026e+47 1.45026e+47 1.45026e+47 1.45026e+47 1.45026e+47 3.91558e+45 0 6.56633e+51 1.82362e+45 4.64348e+42 0 0 1
0.00930572 1.084e+47 1.084e+47 1.084e+47 1.084e+47 1.084e+47 2.9229e+45 0 7.57718e+51 1.57919e+45 4.64348e+42 0 0 1
0.0107461 8.1117e+46 8.1117e+46 8.1117e+46 8.11171e+46 8.11171e+46 2.18415e+45 0 8.74267e+51 1.36752e+45 4.64348e+42 0 0 1
0.0124094 6.07755e+46 6.07755e+46 6.07755e+46 6.07755e+46 6.07755e+46 1.63395e+45 0 1.00861e+52 1.18422e+45 4.64348e+42 0 0 1
0.0143301 4.55953e+46 4.55953e+46 4.55953e+46 4.55953e+46 4.55953e+46 1.22383e+45 0 1.16343e+52 1.02549e+45 4.64348e+42 0 0 1
0.0165482 3.4255e+46 3.4255e+46 3.4255e+46 3.4255e+46 3.4255e+46 9.17847e+44 0 1.34177e+52 8.88042e+44 4.64348e+42 0 0 1
0.0191095 2.57739e+46 2.57739e+46 2.57739e+46 2.57739e+46 2.57739e+46 6.89327e+44 0 1.54714e+52 7.69013e+44 4.64348e+42 0 0 1
0.0220673 1.94235e+46 1.94235e+46 1.94235e+46 1.94235e+46 1.94235e+46 5.18473e+44 0 1.78354e+52 6.65938e+44 4.64348e+42 0 0 1
0.025483 1.46624e+46 1.46624e+46 1.46624e+46 1.46624e+46 1.46624e+46 3.90581e+44 0 2.0555e+52 5.76678e+44 4.64348e+42 0 0 1
0.0294273 1.1088e+46 1.1088e+46 1.1088e+46 1.1088e+46 1.1088e+46 2.94727e+44 0 2.3682e+52 4.99383e+44 4.64348e+42 0 0 1
0.0339821 8.40057e+45 8.40057e+45 8.40057e+45 8.40057e+45 8.40057e+45 2.22788e+44 0 2.72749e+52 4.32448e+44 4.64348e+42 0 0 1
0.0392419 6.37692e+45 6.37692e+45 6.37692e+45 6.37692e+45 6.37692e+45 1.6872e+44 0 3.13999e+52 3.74484e+44 4.64348e+42 0 0 1
0.0453158 4.85062e+45 4.85062e+45 4.85062e+45 4.85062e+45 4.85062e+45 1.28022e+44 0 3.61315e+52 3.2429e+44 4.64348e+42 0 0 1
0.0523299 3.69747e+45 3.69747e+45 3.69747e+45 3.69747e+45 3.69747e+45 9.73386e+43 0 4.15529e+52 2.80823e+44 4.64348e+42 0 0 1
0.0604296 2.82467e+45 2.82467e+45 2.82467e+45 2.82467e+45 2.82467e+45 7.4166e+43 0 4.77571e+52 2.43183e+44 4.64348e+42 0 0 1
0.0697831 2.16282e+45 2.16282e+45 2.16282e+45 2.16282e+45 2.16282e+45 5.66348e+43 0 5.48468e+52 2.10588e+44 4.64348e+42 0 0 1
0.0805842 1.65994e+45 1.65994e+45 1.65994e+45 1.65994e+45 1.65994e+45 4.33468e+43 0 6.29347e+52 1.82361e+44 4.64348e+42 0 0 1
0.0930572 1.27706e+45 1.27706e+45 1.27706e+45 1.27706e+45 1.27706e+45 3.32555e+43 0 7.2143e+52 1.57919e+44 4.64348e+42 0 0 1
0.107461 9.84926e+44 9.84926e+44 9.84926e+44 9.84926e+44 9.84926e+44 2.55765e+43 0 8.26027e+52 1.36752e+44 4.64348e+42 0 0 1
0.124094 7.61546e+44 7.61546e+44 7.61546e+44 7.61547e+44 7.61547e+44 1.97209e+43 0 9.44516e+52 1.18422e+44 4.64348e+42 0 0 1
0.143301 5.90354e+44 5.90354e+44 5.90354e+44 5.90354e+44 5.90354e+44 1.52465e+43 0 1.07831e+53 1.02549e+44 4.64348e+42 0 0 1
0.165482 4.58854e+44 4.58854e+44 4.58854e+44 4.58854e+44 4.58854e+44 1.182e+43 0 1.22882e+53 8.8804e+43 4.64348e+42 0 0 1
0.191095 3.5761e+44 3.5761e+44 3.5761e+44 3.5761e+44 3.5761e+44 9.19033e+42 0 1.39737e+53 7.69011e+43 4.64348e+42 0 0 1
0.220673 2.79477e+44 2.79477e+44 2.79477e+44 2.79477e+44 2.79477e+44 7.16791e+42 0 1.58512e+53 6.65936e+43 4.64348e+42 0 0 1
0.25483 2.1904e+44 2.1904e+44 2.1904e+44 2.1904e+44 2.1904e+44 5.60926e+42 0 1.79291e+53 5.76676e+43 4.64348e+42 0 0 1
0.294273 1.72184e+44 1.72184e+44 1.72184e+44 1.72184e+44 1.72184e+44 4.40567e+42 0 2.02113e+53 4.99381e+43 4.64348e+42 0 0 1
0.339821 1.35777e+44 1.35777e+44 1.35777e+44 1.35777e+44 1.35777e+44 3.47458e+42 0 2.26941e+53 4.32446e+43 4.64348e+42 0 0 1
0.392419 1.0743e+44 1.0743e+44 1.0743e+44 1.0743e+44 1.0743e+44 2.75317e+42 0 2.53643e+53 3.74482e+43 4.64348e+42 0 0 1
0.453158 8.53147e+43 8.53147e+43 8.53147e+43 8.53148e+43 8.53148e+43 2.19353e+42 0 2.8195e+53 3.24288e+43 4.64348e+42 0 0 1
0.523299 6.80317e+43 6.80317e+43 6.80317e+43 6.80317e+43 6.80317e+43 1.75901e+42 0 3.11413e+53 2.80822e+43 4.64348e+42 0 0 1
0.604296 5.45044e+43 5.45044e+43 5.45044e+43 5.45044e+43 5.45044e+43 1.42151e+42 0 3.41363e+53 2.43181e+43 4.64348e+42 0 0 1
0.697831 4.39027e+43 4.39027e+43 4.39027e+43 4.39027e+43 4.39027e+43 1.15938e+42 0 3.70858e+53 2.10586e+43 4.64348e+42 0 0 1
0.805842 3.55847e+43 3.55847e+43 3.55847e+43 3.55847e+43 3.55847e+43 9.55882e+41 0 3.9864e+53 1.8236e+43 4.64348e+42 0 0 1
0.930572 2.90511e+43 2.90511e+43 2.90511e+43 2.90511e+43 2.90511e+43 7.97977e+41 0 4.23117e+53 1.57917e+43 4.64348e+42 0 0 1
1.07461 2.39121e+43 2.39121e+43 2.39121e+43 2.39121e+43 2.39121e+43 6.75431e+41 0 4.42366e+53 1.3675e+43 4.64348e+42 0 0 1
1.24094 1.98611e+43 1.98611e+43 1.98611e+43 1.98611e+43 1.98611e+43 5.80131e+41 0 4.54209e+53 1.1842e+43 4.64348e+42 0 0 1
1.43301 1.66553e+43 1.66553e+43 1.66553e+43 1.66553e+43 1.66553e+43 5.05571e+41 0 4.56369e+53 1.02548e+43 4.64348e+42 0 0 1
1.65482 1.41013e+43 1.41013e+43 1.41013e+43 1.41013e+43 1.41013e+43 4.46483e+41 0 4.46753e+53 8.88023e+42 4.64348e+42 0 0 1
1.91095 1.20441e+43 1.20441e+43 1.20441e+43 1.20441e+43 1.20441e+43 3.9857e+41 0 4.23854e+53 7.68994e+42 4.64348e+42 0 0 1
2.20673 1.036e+43 1.036e+43 1.036e+43 1.036e+43 1.036e+43 3.58352e+41 0 3.87258e+53 6.65919e+42 4.64348e+42 0 0 1
2.5483 8.95108e+42 8.95108e+42 8.95108e+42 8.95108e+42 8.95108e+42 3.23078e+41 0 3.38162e+53 5.76659e+42 4.64348e+42 0 0 1
2.94273 7.74262e+42 7.74262e+42 7.74262e+42 7.74262e+42 7.74262e+42 2.90699e+41 0 2.79695e+53 4.99364e+42 4.64348e+42 0 0 1
3.39821 6.68041e+42 6.68041e+42 6.68041e+42 6.68041e+42 6.68041e+42 2.59861e+41 0 2.16827e+53 4.32429e+42 4.64348e+42 0 0 1
3.92419 5.72878e+42 5.72878e+42 5.72878e+42 5.72878e+42 5.72878e+42 2.29872e+41 0 1.55642e+53 3.74465e+42 4.64348e+42 0 0 1
4.53158 4.86758e+42 4.86758e+42 4.86758e+42 4.86758e+42 4.86758e+42 2.00613e+41 0 1.0202e+53 3.24271e+42 4.64348e+42 0 0 1
5.23299 4.08813e+42 4.08813e+42 4.08813e+42 4.08813e+42 4.08813e+42 1.72374e+41 0 6.01073e+52 2.80804e+42 4.64348e+42 0 0 1
6.04296 3.38851e+42 3.38851e+42 3.38851e+42 3.38851e+42 3.38851e+42 1.45651e+41 0 3.12686e+52 2.43164e+42 4.64348e+42 0 0 1
6.97831 2.76917e+42 2.76917e+42 2.76917e+42 2.76917e+42 2.76917e+42 1.20945e+41 0 1.40754e+52 2.10569e+42 4.64348e+42 0 0 1
8.05842 2.23005e+42 2.23005e+42 2.23005e+42 2.23005e+42 2.23005e+42 9.86427e+40 0 5.35811e+51 1.82343e+42 4.64348e+42 0 0 1
9.30572 1.76927e+42 1.76927e+42 1.76927e+42 1.76927e+42 1.76927e+42 7.89696e+40 0 1.68025e+51 1.579e+42 4.64348e+42 0 0 1
10.7461 1.38315e+42 1.38315e+42 1.38315e+42 1.38315e+42 1.38315e+42 6.20105e+40 0 4.21172e+50 1.36733e+42 4.64348e+42 0 0 1
12.4094 1.06652e+42 1.06652e+42 1.06652e+42 1.06652e+42 1.06652e+42 4.77429e+40 0 8.15068e+49 1.18403e+42 4.64348e+42 0 0 1
14.3301 8.13001e+41 8.13001e+41 8.13001e+41 8.13001e+41 8.13001e+41 3.60571e+40 0 1.16999e+49 1.0253e+42 4.64348e+42 0 0 1
16.5482 6.15071e+41 6.15071e+41 6.15071e+41 6.15071e+41 6.15071e+41 2.67628e+40 0 1.18943e+48 8.87851e+41 4.64348e+42 0 0 1
19.1095 4.64305e+41 4.64305e+41 4.64305e+41 4.64305e+41 4.64305e+41 1.95961e+40 0 8.11845e+46 7.68821e+41 4.64348e+42 0 0 1
22.0673 3.51858e+41 3.51858e+41 3.51858e+41 3.51858e+41 3.51858e+41 1.42372e+40 0 3.49788e+45 6.65746e+41 4.64348e+42 0 0 1
25.483 2.69157e+41 2.69157e+41 2.69157e+41 2.69157e+41 2.69157e+41 1.03399e+40 0 8.85949e+43 5.76487e+41 4.64348e+42 0 0 1
29.4273 2.08578e+41 2.08578e+41 2.08578e+41 2.08578e+41 2.08578e+41 7.56658e+39 0 1.21499e+42 4.99191e+41 4.64348e+42 0 0 1
33.9821 1.63893e+41 1.63893e+41 1.63893e+41 1.63893e+41 1.63893e+41 5.61745e+39 0 8.2045e+39 4.32256e+41 4.64348e+42 0 0 1
39.2419 1.30406e+41 1.30406e+41 1.30406e+41 1.30406e+41 1.30406e+41 4.24875e+39 0 2.44472e+37 3.74293e+41 4.64348e+42 0 0 1
45.3158 1.04792e+41 1.04792e+41 1.04792e+41 1.04792e+41 1.04792e+41 3.2769e+39 0 2.83207e+34 3.24098e+41 4.64348e+42 0 0 1
52.3299 8.4804e+40 8.4804e+40 8.4804e+40 8.4804e+40 8.4804e+40 2.5724e+39 0 1.10198e+31 2.80632e+41 4.64348e+42 0 0 1
60.4296 6.89474e+40 6.89474e+40 6.89474e+40 6.89474e+40 6.89474e+40 2.04834e+39 0 1.21647e+27 2.42992e+41 4.64348e+42 0 0 1
69.7831 5.6218e+40 5.6218e+40 5.6218e+40 5.6218e+40 5.6218e+40 1.64825e+39 0 3.13469e+22 2.10396e+41 4.64348e+42 0 0 1
80.5842 4.59185e+40 4.59185e+40 4.59185e+40 4.59185e+40 4.59185e+40 1.33583e+39 0 1.50543e+17 1.8217e+41 4.64348e+42 0 0 1
93.0572 3.75437e+40 3.75437e+40 3.75437e+40 3.75437e+40 3.75437e+40 1.08757e+39 0 1.03888e+11 1.57727e+41 4.64348e+42 0 0 1
107.461 3.07132e+40 3.07132e+40 3.07132e+40 3.07132e+40 3.07132e+40 8.87833e+38 0 7629.55 1.3656e+41 4.64348e+42 0 0 1
124.094 2.51319e+40 2.51319e+40 2.51319e+40 2.51319e+40 2.51319e+40 7.25828e+38 0 4.21558e-05 1.18231e+41 4.64348e+42 0 0 1
143.301 2.05662e+40 2.05662e+40 2.05662e+40 2.05662e+40 2.05662e+40 5.93766e+38 0 1.17418e-14 1.02358e+41 4.64348e+42 0 0 1
165.482 1.68286e+40 1.68286e+40 1.68286e+40 1.68286e+40 1.68286e+40 4.85804e+38 0 1.03825e-25 8.86127e+40 4.64348e+42 0 0 1
191.095 1.37677e+40 1.37677e+40 1.37677e+40 1.37677e+40 1.37677e+40 3.97411e+38 0 1.70864e-38 7.67098e+40 4.64348e+42 0 0 1
220.673 1.12605e+40 1.12605e+40 1.12605e+40 1.12605e+40 1.12605e+40 3.2499e+38 0 2.82471e-53 6.64024e+40 4.64348e+42 0 0 1
254.83 9.20668e+39 9.20668e+39 9.20668e+39 9.20668e+39 9.20668e+39 2.65642e+38 0 2.30149e-70 5.74765e+40 4.64348e+42 0 0 1
294.273 7.52443e+39 7.52443e+39 7.52444e+39 7.52444e+39 7.52444e+39 2.1701e+38 0 4.06102e-90 4.9747e+40 4.64348e+42 0 0 1
339.821 6.14674e+39 6.14674e+39 6.14674e+39 6.14674e+39 6.14674e+39 1.77168e+38 0 6.00406e-113 4.30535e+40 4.64348e+42 0 0 1
392.419 5.01871e+39 5.01871e+39 5.01871e+39 5.01871e+39 5.01871e+39 1.44537e+38 0 2.48431e-139 3.72572e+40 4.64348e+42 0 0 1
453.158 4.09535e+39 4.09535e+39 4.09535e+39 4.09535e+39 4.09535e+39 1.17821e+38 0 8.10904e-170 3.22379e+40 4.64348e+42 0 0 1
523.299 3.33975e+39 3.33975e+39 3.33975e+39 3.33975e+39 3.33975e+39 9.59564e+37 0 4.83798e-205 2.78913e+40 4.64348e+42 0 0 1
604.296 2.72164e+39 2.72164e+39 2.72164e+39 2.72164e+39 2.72164e+39 7.80722e+37 0 9.74819e-246 2.41274e+40 4.64348e+42 0 0 1
697.831 2.21618e+39 2.21618e+39 2.21618e+39 2.21618e+39 2.21618e+39 6.34523e+37 0 0 2.0868e+40 4.64348e+42 0 0 1
805.842 1.803e+39 1.803e+39 1.803e+39 1.803e+39 1.803e+39 5.15099e+37 0 0 1.80455e+40 4.64348e+42 0 0 1
930.572 1.46541e+39 1.46541e+39 1.46541e+39 1.46541e+39 1.46541e+39 4.1763e+37 0 0 1.56013e+40 4.64348e+42 0 0 1
1074.61 1.18974e+39 1.18974e+39 1.18974e+39 1.18974e+39 1.18974e+39 3.38164e+37 0 0 1.34848e+40 4.64348e+42 0 0 1
1240.94 9.6478e+38 9.6478e+38 9.64781e+38 9.64781e+38 9.64781e+38 2.7345e+37 0 0 1.16521e+40 4.64348e+42 0 0 1
1433.01 7.8135e+38 7.8135e+38 7.81351e+38 7.81351e+38 7.81351e+38 2.20818e+37 0 0 1.0065e+40 4.64348e+42 0 0 1
1654.82 6.3193e+38 6.3193e+38 6.31931e+38 6.31931e+38 6.31931e+38 1.78073e+37 0 0 8.69079e+39 4.64348e+42 0 0 1
1910.95 5.10352e+38 5.10352e+38 5.10353e+38 5.10353e+38 5.10353e+38 1.43408e+37 0 0 7.50081e+39 4.64348e+42 0 0 1
2206.73 4.11555e+38 4.11555e+38 4.11556e+38 4.11556e+38 4.11556e+38 1.15338e+37 0 0 6.47042e+39 4.64348e+42 0 0 1
2548.3 3.31385e+38 3.31385e+38 3.31386e+38 3.31386e+38 3.31386e+38 9.26425e+36 0 0 5.57824e+39 4.64348e+42 0 0 1
2942.73 2.66428e+38 2.66428e+38 2.66429e+38 2.66429e+38 2.66429e+38 7.43186e+36 0 0 4.80577e+39 4.64348e+42 0 0 1
3398.21 2.13881e+38 2.13881e+38 2.13882e+38 2.13882e+38 2.13882e+38 5.95454e+36 0 0 4.13697e+39 4.64348e+42 0 0 1
3924.19 1.71442e+38 1.71442e+38 1.71443e+38 1.71443e+38 1.71443e+38 4.76508e+36 0 0 3.55798e+39 4.64348e+42 0 0 1
4531.58 1.37222e+38 1.37222e+38 1.37223e+38 1.37223e+38 1.37223e+38 3.80864e+36 0 0 3.05677e+39 4.64348e+42 0 0 1
5232.99 1.09673e+38 1.09673e+38 1.09673e+38 1.09673e+38 1.09673e+38 3.0405e+36 0 0 2.62294e+39 4.64348e+42 0 0 1
6042.96 8.75285e+37 8.75285e+37 8.7529e+37 8.7529e+37 8.7529e+37 2.42433e+36 0 0 2.2475e+39 4.64348e+42 0 0 1
6978.31 6.97551e+37 6.97551e+37 6.97556e+37 6.97556e+37 6.97556e+37 1.93062e+36 0 0 1.92266e+39 4.64348e+42 0 0 1
8058.42 5.55106e+37 5.55106e+37 5.5511e+37 5.5511e+37 5.5511e+37 1.53549e+36 0 0 1.64166e+39 4.64348e+42 0 0 1
9305.72 4.41103e+37 4.41103e+37 4.41106e+37 4.41106e+37 4.41106e+37 1.21961e+36 0 0 1.39868e+39 4.64348e+42 0 0 1
10746.1 3.49988e+37 3.49988e+37 3.49992e+37 3.49992e+37 3.49992e+37 9.67374e+35 0 0 1.18866e+39 4.64348e+42 0 0 1
12409.4 2.77267e+37 2.77267e+37 2.77271e+37 2.77271e+37 2.77271e+37 7.66201e+35 0 0 1.00725e+39 4.64348e+42 0 0 1
14330.1 2.19307e+37 2.19307e+37 2.19309e+37 2.19309e+37 2.19309e+37 6.0595e+35 0 0 8.50658e+38 4.64348e+42 0 0 1
16548.2 1.73175e+37 1.73175e+37 1.73178e+37 1.73178e+37 1.73178e+37 4.78458e+35 0 0 7.15633e+38 4.64348e+42 0 0 1
19109.5 1.36511e+37 1.36511e+37 1.36514e+37 1.36514e+37 1.36514e+37 3.77164e+35 0 0 5.9935e+38 4.64348e+42 0 0 1
22067.3 1.07416e+37 1.07416e+37 1.07418e+37 1.07418e+37 1.07418e+37 2.96799e+35 0 0 4.99373e+38 4.64348e+42 0 0 1
25483 8.4363e+36 8.4363e+36 8.43647e+36 8.43647e+36 8.43647e+36 2.33132e+35 0 0 4.13596e+38 4.64348e+42 0 0 1
29427.3 6.61273e+36 6.61273e+36 6.61289e+36 6.61289e+36 6.61289e+36 1.82773e+35 0 0 3.40199e+38 4.64348e+42 0 0 1
33982.1 5.17272e+36 5.17272e+36 5.17286e+36 5.17286e+36 5.17286e+36 1.43007e+35 0 0 2.77608e+38 4.64348e+42 0 0 1
39241.9 4.03766e+36 4.03766e+36 4.03778e+36 4.03778e+36 4.03778e+36 1.1166e+35 0 0 2.24459e+38 4.64348e+42 0 0 1
45315.8 3.14469e+36 3.14469e+36 3.14479e+36 3.14479e+36 3.14479e+36 8.69957e+34 0 0 1.79569e+38 4.64348e+42 0 0 1
52329.9 2.44358e+36 2.44358e+36 2.44367e+36 2.44367e+36 2.44367e+36 6.76273e+34 0 0 1.41906e+38 4.64348e+42 0 0 1
60429.6 1.89428e+36 1.89428e+36 1.89435e+36 1.89435e+36 1.89435e+36 5.24489e+34 0 0 1.10565e+38 4.64348e+42 0 0 1
69783.1 1.46487e+36 1.46487e+36 1.46494e+36 1.46494e+36 1.46494e+36 4.05801e+34 0 0 8.47494e+37 4.64348e+42 0 0 1
80584.2 1.12998e+36 1.12998e+36 1.13003e+36 1.13003e+36 1.13003e+36 3.13202e+34 0 0 6.37462e+37 4.64348e+42 0 0 1
93057.2 8.69425e+35 8.69425e+35 8.69469e+35 8.69469e+35 8.69469e+35 2.41129e+34 0 0 4.6914e+37 4.64348e+42 0 0 1
107461 6.67226e+35 6.67226e+35 6.67262e+35 6.67262e+35 6.67262e+35 1.85171e+34 0 0 3.36679e+37 4.64348e+42 0 0 1
124094 5.10721e+35 5.10721e+35 5.1075e+35 5.1075e+35 5.1075e+35 1.41837e+34 0 0 2.34694e+37 4.64348e+42 0 0 1
143301 3.89911e+35 3.89911e+35 3.89935e+35 3.89935e+35 3.89935e+35 1.08367e+34 0 0 1.582e+37 4.64348e+42 0 0 1
165482 2.96911e+35 2.96911e+35 2.9693e+35 2.9693e+35 2.9693e+35 8.25856e+33 0 0 1.02582e+37 4.64348e+42 0 0 1
191095 2.25519e+35 2.25519e+35 2.25534e+35 2.25534e+35 2.25534e+35 6.27809e+33 0 0 6.36047e+36 4.64348e+42 0 0 1
220673 1.7087e+35 1.7087e+35 1.70881e+35 1.70881e+35 1.70881e+35 4.76094e+33 0 0 3.74501e+36 4.64348e+42 0 0 1
254830 1.29153e+35 1.29153e+35 1.29162e+35 1.29162e+35 1.29162e+35 3.60191e+33 0 0 2.07724e+36 4.64348e+42 0 0 1
294273 9.73959e+34 9.73959e+34 9.7403e+34 9.7403e+34 9.7403e+34 2.71887e+33 0 0 1.07541e+36 4.64348e+42 0 0 1
339821 7.32868e+34 7.32868e+34 7.32923e+34 7.32923e+34 7.32923e+34 2.04789e+33 0 0 5.14142e+35 4.64348e+42 0 0 1
392419 5.50315e+34 5.50315e+34 5.50357e+34 5.50357e+34 5.50357e+34 1.53935e+33 0 0 2.24213e+35 4.64348e+42 0 0 1
453158 4.12433e+34 4.12433e+34 4.12464e+34 4.12464e+34 4.12464e+34 1.15487e+33 0 0 8.79275e+34 4.64348e+42 0 0 1
523299 3.08536e+34 3.08536e+34 3.0856e+34 3.0856e+34 3.0856e+34 8.64873e+32 5.29905e+30 0 3.05027e+34 4.64348e+42 0 0 1
604296 2.30425e+34 2.30425e+34 2.30442e+34 2.30442e+34 2.30442e+34 6.46614e+32 5.32193e+30 0 9.18461e+33 4.64348e+42 0 0 1
697831 1.71821e+34 1.71821e+34 1.71834e+34 1.71834e+34 1.71834e+34 4.82687e+32 5.34481e+30 0 2.3484e+33 4.64348e+42 0 0 1
805842 1.27939e+34 1.27939e+34 1.27949e+34 1.27949e+34 1.27949e+34 3.59805e+32 5.36769e+30 0 4.97145e+32 4.64348e+42 0 0 1
930572 9.51406e+33 9.51406e+33 9.51475e+33 9.51475e+33 9.51475e+33 2.67855e+32 5.39057e+30 0 8.46251e+31 4.64348e+42 0 0 1
1.07461e+06 7.0667e+33 7.0667e+33 7.0672e+33 7.0672e+33 7.0672e+33 1.99167e+32 5.41689e+30 0 1.11986e+31 4.64348e+42 0 0 1
1.24094e+06 5.24337e+33 5.24337e+33 5.24373e+33 5.24373e+33 5.24373e+33 1.47934e+32 5.42408e+30 0 1.10804e+30 4.64348e+42 0 0 1
1.43301e+06 3.88688e+33 3.88688e+33 3.88714e+33 3.88714e+33 3.88714e+33 1.09776e+32 5.43327e+30 0 7.83649e+28 4.64348e+42 0 0 1
1.65482e+06 2.87902e+33 2.87902e+33 2.8792e+33 2.8792e+33 2.8792e+33 8.13925e+31 5.44512e+30 0 3.76094e+27 4.64348e+42 0 0 1
1.91095e+06 2.13105e+33 2.13105e+33 2.13118e+33 2.13118e+33 2.13118e+33 6.0305e+31 5.46157e+30 0 1.15349e+26 4.64348e+42 0 0 1
2.20673e+06 1.57653e+33 1.57653e+33 1.57662e+33 1.57662e+33 1.57662e+33 4.46548e+31 5.48291e+30 0 2.10949e+24 4.64348e+42 0 0 1
2.5483e+06 1.1658e+33 1.1658e+33 1.16587e+33 1.16587e+33 1.16587e+33 3.30507e+31 5.51094e+30 0 2.12338e+22 4.64348e+42 0 0 1
2.94273e+06 8.61821e+32 8.61821e+32 8.61866e+32 8.61866e+32 8.61866e+32 2.44538e+31 5.54774e+30 0 1.07258e+20 4.64348e+42 0 0 1
3.39821e+06 6.36989e+32 6.36989e+32 6.37021e+32 6.37021e+32 6.37021e+32 1.80894e+31 5.59907e+30 0 2.44362e+17 4.64348e+42 0 0 1
3.92419e+06 4.70786e+32 4.70786e+32 4.70808e+32 4.70808e+32 4.70808e+32 1.33805e+31 5.66569e+30 0 2.2198e+14 4.64348e+42 0 0 1
4.53158e+06 3.47972e+32 3.47972e+32 3.47987e+32 3.47987e+32 3.47987e+32 9.89817e+30 5.75159e+30 0 6.97373e+10 4.64348e+42 0 0 1
5.23299e+06 2.57244e+32 2.57244e+32 2.57255e+32 2.57255e+32 2.57255e+32 7.32403e+30 5.86022e+30 0 6.42853e+06 4.64348e+42 0 0 1
6.04296e+06 1.90231e+32 1.90231e+32 1.90238e+32 1.90238e+32 1.90238e+32 5.422e+30 6.00426e+30 0 143.824 4.64348e+42 0 0 1
6.97831e+06 1.40735e+32 1.40735e+32 1.4074e+32 1.4074e+32 1.4074e+32 4.01704e+30 6.17407e+30 0 0.000627256 4.64348e+42 0 0 1
8.05842e+06 1.04177e+32 1.04177e+32 1.04181e+32 1.04181e+32 1.04181e+32 2.97981e+30 6.3747e+30 0 4.14039e-10 4.64348e+42 0 0 1
9.30572e+06 7.71731e+31 7.71731e+31 7.71755e+31 7.71755e+31 7.71755e+31 2.21472e+30 6.60201e+30 0 3.08812e-17 4.64348e+42 0 0 1
1.07461e+07 5.72248e+31 5.72248e+31 5.72264e+31 5.72264e+31 5.72264e+31 1.65137e+30 6.87432e+30 0 1.85711e-25 4.64348e+42 0 0 1
1.24094e+07 4.24864e+31 4.24864e+31 4.24876e+31 4.24876e+31 4.24876e+31 1.23724e+30 7.14189e+30 0 6.09836e-35 4.64348e+42 0 0 1
1.43301e+07 3.15968e+31 3.15968e+31 3.15976e+31 3.15976e+31 3.15976e+31 9.33815e+29 7.40328e+30 0 6.97217e-46 4.64348e+42 0 0 1
1.65482e+07 2.35514e+31 2.35514e+31 2.3552e+31 2.3552e+31 2.3552e+31 7.12599e+29 7.64596e+30 0 1.65042e-58 4.64348e+42 0 0 1
1.91095e+07 1.76103e+31 1.76103e+31 1.76107e+31 1.76107e+31 1.76107e+31 5.5291e+29 7.85516e+30 0 4.43869e-73 4.64348e+42 0 0 1
2.20673e+07 1.32218e+31 1.32218e+31 1.32221e+31 1.32221e+31 1.32221e+31 4.38097e+29 8.03563e+30 0 6.78205e-90 4.64348e+42 0 0 1
2.5483e+07 9.98306e+30 9.98306e+30 9.98327e+30 9.98327e+30 9.98327e+30 3.5688e+29 8.16225e+30 0 2.6445e-109 4.64348e+42 0 0 1
2.94273e+07 7.59183e+30 7.59183e+30 7.59198e+30 7.59198e+30 7.59198e+30 2.99774e+29 8.16384e+30 0 1.04432e-131 4.64348e+42 0 0 1
3.39821e+07 5.82682e+30 5.82682e+30 5.82693e+30 5.82693e+30 5.82693e+30 2.60224e+29 8.01802e+30 0 1.43661e-157 4.64348e+42 0 0 1
3.92419e+07 4.51918e+30 4.51918e+30 4.51926e+30 4.51926e+30 4.51926e+30 2.32125e+29 7.72085e+30 0 2.00734e-187 4.64348e+42 0 0 1
4.53158e+07 3.55052e+30 3.55052e+30 3.55058e+30 3.55058e+30 3.55058e+30 2.12478e+29 7.32463e+30 0 6.86446e-222 4.64348e+42 0 0 1
5.23299e+07 2.82962e+30 2.82962e+30 2.82967e+30 2.82967e+30 2.82967e+30 1.98202e+29 6.86778e+30 0 1.11057e-261 4.64348e+42 0 0 1
6.04296e+07 2.2859e+30 2.2859e+30 2.28594e+30 2.28594e+30 2.28594e+30 1.86293e+29 6.30527e+30 0 0 4.64348e+42 0 0 1
6.97831e+07 1.86926e+30 1.86926e+30 1.86929e+30 1.86929e+30 1.86929e+30 1.75041e+29 5.6497e+30 0 0 4.64348e+42 0 0 1
8.05842e+07 1.54483e+30 1.54483e+30 1.54486e+30 1.54486e+30 1.54486e+30 1.6371e+29 4.91195e+30 0 0 4.64348e+42 0 0 1
9.30572e+07 1.28617e+30 1.28617e+30 1.28619e+30 1.28619e+30 1.28619e+30 1.51619e+29 4.11783e+30 0 0 4.64348e+42 0 0 1
1.07461e+08 1.07343e+30 1.07343e+30 1.07345e+30 1.07345e+30 1.07345e+30 1.38209e+29 3.31234e+30 0 0 4.64348e+42 6.71521 0 1
1.24094e+08 8.98712e+29 8.98712e+29 8.98726e+29 8.98726e+29 8.98726e+29 1.24685e+29 2.62185e+30 0 0 4.64348e+42 5.89942 0 1
1.43301e+08 7.50753e+29 7.50753e+29 7.50765e+29 7.50765e+29 7.50765e+29 1.10672e+29 2.03853e+30 0 0 4.64348e+42 5.18274 0 1
1.65482e+08 6.22938e+29 6.22938e+29 6.22948e+29 6.22948e+29 6.22948e+29 9.63076e+28 1.55978e+30 0 0 4.64348e+42 4.55312 0 1
1.91095e+08 5.08495e+29 5.08495e+29 5.08503e+29 5.08503e+29 5.08503e+29 8.12641e+28 1.16291e+30 0 0 4.64348e+42 4 0 1
2.20673e+08 4.12566e+29 4.12566e+29 4.12572e+29 4.12572e+29 4.12572e+29 6.76993e+28 8.71564e+29 0 0 4.64348e+42 3.51406 0 1
2.5483e+08 3.3103e+29 3.3103e+29 3.31036e+29 3.31036e+29 3.31036e+29 5.53513e+28 6.45855e+29 0 0 4.64348e+42 3.08716 0 1
2.94273e+08 2.62369e+29 2.62369e+29 2.62374e+29 2.62374e+29 2.62374e+29 4.43951e+28 4.73315e+29 0 0 4.64348e+42 2.71212 0 1
3.39821e+08 2.03832e+29 2.03832e+29 2.03836e+29 2.03836e+29 2.03836e+29 3.45834e+28 3.40716e+29 0 0 4.64348e+42 2.48777 0 1
3.92419e+08 1.58119e+29 1.58119e+29 1.58121e+29 1.58121e+29 1.58121e+29 2.68549e+28 2.49269e+29 0 0 4.64348e+42 2.38265 0 1
4.53158e+08 1.21494e+29 1.21494e+29 1.21496e+29 1.21496e+29 1.21496e+29 2.05573e+28 1.8153e+29 0 0 4.64348e+42 2.28197 0 1
5.23299e+08 9.23519e+28 9.23519e+28 9.23535e+28 9.23535e+28 9.23535e+28 1.54838e+28 1.31649e+29 0 0 4.64348e+42 2.18554 0 1
6.04296e+08 6.96537e+28 6.96537e+28 6.9655e+28 6.9655e+28 6.9655e+28 1.15188e+28 9.44669e+28 0 0 4.64348e+42 2.09319 0 1
6.97831e+08 5.30452e+28 5.30452e+28 5.30462e+28 5.30462e+28 5.30462e+28 8.67576e+27 6.91857e+28 0 0 4.64348e+42 2.00475 0 1
8.05842e+08 4.02816e+28 4.02816e+28 4.02823e+28 4.02823e+28 4.02823e+28 6.49912e+27 5.05858e+28 0 0 4.64348e+42 1.92004 0 1
9.30572e+08 3.04835e+28 3.04835e+28 3.04841e+28 3.04841e+28 3.04841e+28 4.83696e+27 3.68978e+28 0 0 4.64348e+42 1.83891 0 1
1.07461e+09 2.29082e+28 2.29082e+28 2.29086e+28 2.29086e+28 2.29086e+28 3.55634e+27 2.65328e+28 0 0 4.64348e+42 1.84553 0 1
1.24094e+09 1.7477e+28 1.7477e+28 1.74774e+28 1.74774e+28 1.74774e+28 2.67087e+27 1.95215e+28 0 0 4.64348e+42 1.94087 0 1
1.43301e+09 1.33574e+28 1.33574e+28 1.33577e+28 1.33577e+28 1.33577e+28 2.00907e+27 1.43244e+28 0 0 4.64348e+42 2.04114 0 1
1.65482e+09 1.01975e+28 1.01975e+28 1.01977e+28 1.01977e+28 1.01977e+28 1.50704e+27 1.04792e+28 0 0 4.64348e+42 2.14658 0 1
1.91095e+09 7.73588e+27 7.73588e+27 7.73604e+27 7.73604e+27 7.73604e+27 1.11787e+27 7.54066e+27 0 0 4.64348e+42 2.25747 0 1
2.20673e+09 5.94134e+27 5.94134e+27 5.94147e+27 5.94147e+27 5.94147e+27 8.45473e+26 5.56012e+27 0 0 4.64348e+42 2.37409 0 1
2.5483e+09 4.55566e+27 4.55566e+27 4.55576e+27 4.55576e+27 4.55576e+27 6.37754e+26 4.08836e+27 0 0 4.64348e+42 2.49673 0 1
2.94273e+09 3.48343e+27 3.48343e+27 3.48351e+27 3.48351e+27 3.48351e+27 4.79e+26 2.99659e+27 0 0 4.64348e+42 2.62571 0 1
3.39821e+09 2.63768e+27 2.63768e+27 2.63774e+27 2.63774e+27 2.63774e+27 3.53978e+26 2.16036e+27 0 0 4.64348e+42 2.76135 0 1
3.92419e+09 2.01903e+27 2.01903e+27 2.01908e+27 2.01908e+27 2.01908e+27 2.6694e+26 1.59407e+27 0 0 4.64348e+42 2.904 0 1
4.53158e+09 1.54072e+27 1.54072e+27 1.54076e+27 1.54076e+27 1.54076e+27 2.00656e+26 1.17202e+27 0 0 4.64348e+42 3.05402 0 1
5.23299e+09 1.1716e+27 1.1716e+27 1.17163e+27 1.17163e+27 1.17163e+27 1.50307e+26 8.58201e+26 0 0 4.64348e+42 3.21179 0 1
6.04296e+09 8.80559e+26 8.80559e+26 8.8058e+26 8.8058e+26 8.8058e+26 1.10559e+26 6.18611e+26 0 0 4.64348e+42 3.37771 0 1
6.97831e+09 6.68023e+26 6.68023e+26 6.6804e+26 6.6804e+26 6.6804e+26 8.3091e+25 4.55952e+26 0 0 4.64348e+42 3.5522 0 1
8.05842e+09 5.04568e+26 5.04568e+26 5.04581e+26 5.04581e+26 5.04581e+26 6.22259e+25 3.3514e+26 0 0 4.64348e+42 3.7357 0 1
9.30572e+09 3.78911e+26 3.78911e+26 3.78921e+26 3.78921e+26 3.78921e+26 4.63129e+25 2.45649e+26 0 0 4.64348e+42 3.92868 0 1
1.07461e+10 2.81533e+26 2.81533e+26 2.8154e+26 2.8154e+26 2.8154e+26 3.39229e+25 1.77621e+26 0 0 4.64348e+42 4.40806 0 1
1.24094e+10 2.10495e+26 2.10495e+26 2.10501e+26 2.10501e+26 2.10501e+26 2.52594e+25 1.31348e+26 0 0 4.64348e+42 5.27682 0 1
1.43301e+10 1.56634e+26 1.56634e+26 1.56638e+26 1.56638e+26 1.56638e+26 1.87008e+25 9.68863e+25 0 0 4.64348e+42 6.3168 0 1
1.65482e+10 1.16207e+26 1.16207e+26 1.1621e+26 1.1621e+26 1.1621e+26 1.38032e+25 7.12463e+25 0 0 4.64348e+42 7.56175 0 1
1.91095e+10 8.53856e+25 8.53856e+25 8.5388e+25 8.5388e+25 8.5388e+25 1.00196e+25 5.15185e+25 0 0 4.64348e+42 9.05205 0 1
2.20673e+10 6.31983e+25 6.31983e+25 6.32001e+25 6.32001e+25 6.32001e+25 7.41269e+24 3.81199e+25 0 0 4.64348e+42 10.8361 34.7254 1
2.5483e+10 4.62803e+25 4.62803e+25 4.62817e+25 4.62817e+25 4.62817e+25 5.45249e+24 2.8112e+25 0 0 4.64348e+42 12.9717 22.9578 1
2.94273e+10 3.2718e+25 3.2718e+25 3.27195e+25 3.27195e+25 3.27195e+25 3.95913e+24 2.06589e+25 0 0 4.64348e+42 15.5282 15.5417 1
3.39821e+10 2.08334e+25 2.08334e+25 2.08352e+25 2.08352e+25 2.08352e+25 2.75678e+24 1.4905e+25 0 0 4.64348e+42 18.5886 10.7604 1
3.92419e+10 1.11879e+25 1.11879e+25 1.11902e+25 1.11902e+25 1.11902e+25 1.91012e+24 1.10283e+25 0 0 4.64348e+42 22.2522 7.61059 1
4.53158e+10 4.94049e+24 4.94049e+24 4.94291e+24 4.94291e+24 4.94291e+24 1.32198e+24 8.13936e+24 0 0 4.64348e+42 26.6377 5.49245 1
5.23299e+10 1.96732e+24 1.96732e+24 1.96948e+24 1.96948e+24 1.96948e+24 9.35251e+23 5.99005e+24 0 0 4.64348e+42 31.8876 4.04008 1
6.04296e+10 7.74686e+23 7.74686e+23 7.76413e+23 7.76413e+23 7.76413e+23 6.64119e+23 4.32711e+24 0 0 4.64348e+42 38.1722 3.02568 1
6.97831e+10 3.23316e+23 3.23316e+23 3.24644e+23 3.24644e+23 3.24644e+23 4.89177e+23 3.20883e+24 0 0 4.64348e+42 45.6954 2.3047 1
8.05842e+10 1.43717e+23 1.43717e+23 1.44714e+23 1.44714e+23 1.44714e+23 3.61318e+23 2.37378e+24 0 0 4.64348e+42 54.7012 1.78376 1
9.30572e+10 6.8131e+22 6.8131e+22 6.88705e+22 6.88705e+22 6.88705e+22 2.66831e+23 1.75082e+24 0 0 4.64348e+42 65.482 1.40144 1
1.07461e+11 3.40523e+22 3.40523e+22 3.45931e+22 3.45931e+22 3.45931e+22 1.93567e+23 1.26625e+24 0 0 4.64348e+42 78.3875 1.11671 1
1.24094e+11 1.81701e+22 1.81701e+22 1.85685e+22 1.85685e+22 1.85685e+22 1.43942e+23 9.39912e+23 0 0 4.64348e+42 93.8365 0.901709 1
1.43301e+11 1.01628e+22 1.01628e+22 1.04553e+22 1.04553e+22 1.04553e+22 1.06702e+23 6.95631e+23 0 0 4.64348e+42 112.33 0.737233 1
1.65482e+11 5.92009e+21 5.92009e+21 6.134e+21 6.134e+21 6.134e+21 7.87998e+22 5.13054e+23 0 0 4.64348e+42 134.469 0.609868 1
1.91095e+11 3.54628e+21 3.54628e+21 3.70109e+21 3.70109e+21 3.70109e+21 5.70606e+22 3.70713e+23 0 0 4.64348e+42 160.971 0.510106 1
2.20673e+11 2.21713e+21 2.21713e+21 2.33017e+21 2.33017e+21 2.33017e+21 4.23591e+22 2.74941e+23 0 0 4.64348e+42 192.696 0.431129 1
2.5483e+11 1.42299e+21 1.42299e+21 1.50524e+21 1.50524e+21 1.50524e+21 3.13412e+22 2.03266e+23 0 0 4.64348e+42 230.673 0.367983 1
2.94273e+11 9.34185e+20 9.34185e+20 9.93813e+20 9.93813e+20 9.93813e+20 2.31094e+22 1.49727e+23 0 0 4.64348e+42 276.135 0.317029 1
3.39821e+11 6.20632e+20 6.20632e+20 6.63373e+20 6.63373e+20 6.63373e+20 1.67115e+22 1.07996e+23 0 0 4.64348e+42 0 0.275565 1
3.92419e+11 4.24844e+20 4.24844e+20 4.55768e+20 4.55768e+20 4.55768e+20 1.23947e+22 7.99717e+22 0 0 4.64348e+42 0 0.241562 1
4.53158e+11 2.95087e+20 2.95087e+20 3.17378e+20 3.17378e+20 3.17378e+20 9.16232e+21 5.90202e+22 0 0 4.64348e+42 0 0.213483 1
5.23299e+11 2.07547e+20 2.07547e+20 2.23557e+20 2.23557e+20 2.23557e+20 6.74885e+21 4.33888e+22 0 0 4.64348e+42 0 0.190154 1
6.04296e+11 1.46275e+20 1.46275e+20 1.57633e+20 1.57633e+20 1.57633e+20 4.87229e+21 3.1214e+22 0 0 4.64348e+42 0 0.170669 1
6.97831e+11 1.05526e+20 1.05527e+20 1.13668e+20 1.13668e+20 1.13668e+20 3.60858e+21 2.30597e+22 0 0 4.64348e+42 0 0.154323 1
8.05842e+11 7.67065e+19 7.67065e+19 8.25209e+19 8.25209e+19 8.25209e+19 2.66322e+21 1.69735e+22 0 0 4.64348e+42 0 0.140565 1
9.30572e+11 5.611e+19 5.61101e+19 6.02463e+19 6.02463e+19 6.02463e+19 1.95816e+21 1.24414e+22 0 0 4.64348e+42 0 0.12896 1
1.07461e+12 4.08383e+19 4.08383e+19 4.37397e+19 4.37397e+19 4.37397e+19 1.41012e+21 8.91644e+21 0 0 4.64348e+42 0 0.119166 1
1.24094e+12 3.03393e+19 3.03393e+19 3.24e+19 3.24e+19 3.24e+19 1.04205e+21 6.56444e+21 0 0 4.64348e+42 0 0.110908 1
1.43301e+12 2.26137e+19 2.26138e+19 2.40716e+19 2.40716e+19 2.40716e+19 7.67159e+20 4.81351e+21 0 0 4.64348e+42 0 0.103969 1
1.65482e+12 1.69009e+19 1.69009e+19 1.79285e+19 1.79285e+19 1.79285e+19 5.62501e+20 3.51334e+21 0 0 4.64348e+42 0 0.098177 1
1.91095e+12 1.25056e+19 1.25056e+19 1.32186e+19 1.32186e+19 1.32186e+19 4.036e+20 2.50436e+21 0 0 4.64348e+42 0 0.0933933 1
2.20673e+12 9.45601e+18 9.45602e+18 9.95897e+18 9.95897e+18 9.95897e+18 2.9727e+20 1.83475e+21 0 0 4.64348e+42 0 0.0895108 1
2.5483e+12 7.16474e+18 7.16474e+18 7.51864e+18 7.51864e+18 7.51864e+18 2.18053e+20 1.33814e+21 0 0 4.64348e+42 0 0.0864461 1
2.94273e+12 5.43999e+18 5.44e+18 5.68851e+18 5.68851e+18 5.68851e+18 1.59243e+20 9.70925e+20 0 0 4.64348e+42 0 0.0841374 1
3.39821e+12 4.07783e+18 4.07784e+18 4.24949e+18 4.24949e+18 4.24949e+18 1.13662e+20 6.86853e+20 0 0 4.64348e+42 0 0.082541 1
3.92419e+12 3.13833e+18 3.13834e+18 3.25966e+18 3.25966e+18 3.25966e+18 8.3325e+19 4.99796e+20 0 0 4.64348e+42 0 0.08163 1
4.53158e+12 2.42116e+18 2.42117e+18 2.50687e+18 2.50687e+18 2.50687e+18 6.08056e+19 3.61813e+20 0 0 4.64348e+42 0 0.0813928 1
5.23299e+12 1.87182e+18 1.87182e+18 1.93233e+18 1.93233e+18 1.93233e+18 4.41544e+19 2.60384e+20 0 0 4.64348e+42 0 0.0818329 1
6.04296e+12 1.42401e+18 1.42401e+18 1.46594e+18 1.46594e+18 1.46594e+18 3.12854e+19 1.82276e+20 0 0 4.64348e+42 0 0.0829683 1
6.97831e+12 1.11632e+18 1.11632e+18 1.1462e+18 1.1462e+18 1.1462e+18 2.27849e+19 1.31405e+20 0 0 4.64348e+42 0 0.0848322 1
8.05842e+12 8.75735e+17 8.75736e+17 8.96997e+17 8.96997e+17 8.96997e+17 1.65078e+19 9.41654e+19 0 0 4.64348e+42 0 0.0874729 1
9.30572e+12 6.86791e+17 6.86792e+17 7.01889e+17 7.01889e+17 7.01889e+17 1.1893e+19 6.70176e+19 0 0 4.64348e+42 0 0.0909553 1
1.07461e+13 5.27138e+17 5.27139e+17 5.37613e+17 5.37613e+17 5.37613e+17 8.34107e+18 4.62425e+19 0 0 4.64348e+42 0 0.0953611 1
1.24094e+13 4.17345e+17 4.17345e+17 4.24829e+17 4.24829e+17 4.24829e+17 6.02001e+18 3.29197e+19 0 0 4.64348e+42 0 0.10079 1
1.43301e+13 3.29565e+17 3.29566e+17 3.34891e+17 3.34891e+17 3.34891e+17 4.31864e+18 2.32691e+19 0 0 4.64348e+42 0 0.10736 1
1.65482e+13 2.59292e+17 2.59292e+17 2.63063e+17 2.63063e+17 2.63063e+17 3.07776e+18 1.6314e+19 0 0 4.64348e+42 0 0.115206 1
1.91095e+13 1.98487e+17 1.98487e+17 2.01082e+17 2.01082e+17 2.01082e+17 2.12846e+18 1.10379e+19 0 0 4.64348e+42 0 0.12448 1
2.20673e+13 1.5684e+17 1.5684e+17 1.58681e+17 1.58681e+17 1.58681e+17 1.51732e+18 7.72597e+18 0 0 4.64348e+42 0 0.135345 1
2.5483e+13 1.23248e+17 1.23248e+17 1.24546e+17 1.24546e+17 1.24546e+17 1.07392e+18 5.36155e+18 0 0 4.64348e+42 0 0.147968 1
2.94273e+13 9.62243e+16 9.62247e+16 9.71325e+16 9.71325e+16 9.71325e+16 7.54167e+17 3.68428e+18 0 0 4.64348e+42 0 0.162507 1
3.39821e+13 7.26498e+16 7.26502e+16 7.32638e+16 7.32638e+16 7.32638e+16 5.11576e+17 2.42703e+18 0 0 4.64348e+42 0 0.179093 1
3.92419e+13 5.67239e+16 5.67244e+16 5.71529e+16 5.71529e+16 5.71529e+16 3.58641e+17 1.66084e+18 0 0 4.64348e+42 0 0.197804 1
4.53158e+13 4.39339e+16 4.39344e+16 4.42311e+16 4.42311e+16 4.42311e+16 2.49248e+17 1.12463e+18 0 0 4.64348e+42 0 0.218621 1
5.23299e+13 3.37217e+16 3.37222e+16 3.39256e+16 3.39256e+16 3.39256e+16 1.71584e+17 7.52388e+17 0 0 4.64348e+42 0 0.241387 1
6.04296e+13 2.48451e+16 2.48456e+16 2.49794e+16 2.49794e+16 2.49794e+16 1.13346e+17 4.77912e+17 0 0 4.64348e+42 0 0.265741 1
6.97831e+13 1.89937e+16 1.89941e+16 1.90854e+16 1.90854e+16 1.90854e+16 7.76847e+16 3.17332e+17 0 0 4.64348e+42 0 0.291055 1
8.05842e+13 1.43653e+16 1.43656e+16 1.44272e+16 1.44272e+16 1.44272e+16 5.26746e+16 2.0797e+17 0 0 4.64348e+42 0 0.316368 1
9.30572e+13 1.07361e+16 1.07364e+16 1.07774e+16 1.07774e+16 1.07774e+16 3.52986e+16 1.34259e+17 0 0 4.64348e+42 0 0.340344 1
1.07461e+14 7.6228e+15 7.62309e+15 7.64903e+15 7.64903e+15 7.64903e+15 2.2479e+16 8.11234e+16 0 0 4.64348e+42 0 0 1
1.24094e+14 5.6467e+15 5.64702e+15 5.66413e+15 5.66413e+15 5.66413e+15 1.4942e+16 5.17441e+16 0 0 4.64348e+42 0 0 1
1.43301e+14 4.12408e+15 4.1245e+15 4.13563e+15 4.13563e+15 4.13563e+15 9.79856e+15 3.24672e+16 0 0 4.64348e+42 0 0 1
1.65482e+14 2.96515e+15 2.96577e+15 2.97289e+15 2.97289e+15 2.97289e+15 6.33076e+15 1.99875e+16 0 0 4.64348e+42 0 0 1
1.91095e+14 1.99443e+15 1.99529e+15 1.99956e+15 1.99956e+15 1.99956e+15 3.83053e+15 1.12692e+16 0 0 4.64348e+42 0 0 1
2.20673e+14 1.41165e+15 1.41284e+15 1.41553e+15 1.41553e+15 1.41553e+15 2.44204e+15 6.81241e+15 0 0 4.64348e+42 0 0 1
2.5483e+14 9.80346e+14 9.81846e+14 9.83509e+14 9.83509e+14 9.83509e+14 1.52993e+15 4.03357e+15 0 0 4.64348e+42 0 0 1
2.94273e+14 6.66749e+14 6.68461e+14 6.69469e+14 6.69469e+14 6.69469e+14 9.40405e+14 2.33109e+15 0 0 4.64348e+42 0 0 1
3.39821e+14 4.14135e+14 4.15793e+14 4.16351e+14 4.16351e+14 4.16351e+14 5.29024e+14 1.19254e+15 0 0 4.64348e+42 0 0 1
3.92419e+14 2.74573e+14 2.76178e+14 2.76509e+14 2.76509e+14 2.76509e+14 3.18392e+14 6.70983e+14 0 0 4.64348e+42 0 0 1
4.53158e+14 1.77461e+14 1.78892e+14 1.79082e+14 1.79082e+14 1.79082e+14 1.87266e+14 3.67738e+14 0 0 4.64348e+42 0 0 1
5.23299e+14 1.11594e+14 1.12773e+14 1.1288e+14 1.1288e+14 1.1288e+14 1.07447e+14 1.95412e+14 0 0 4.64348e+42 0 0 1
6.04296e+14 6.16921e+13 6.25092e+13 6.25621e+13 6.25621e+13 6.25621e+13 5.43516e+13 8.70237e+13 0 0 4.64348e+42 0 0 1
6.97831e+14 3.73282e+13 3.79247e+13 3.79533e+13 3.79533e+13 3.79533e+13 3.01756e+13 4.44712e+13 0 0 4.64348e+42 0 0 1
8.05842e+14 2.18291e+13 2.22359e+13 2.22509e+13 2.22509e+13 2.22509e+13 1.62395e+13 2.19877e+13 0 0 4.64348e+42 0 0 1
9.30572e+14 1.23187e+13 1.25786e+13 1.25862e+13 1.25862e+13 1.25862e+13 8.45951e+12 1.04536e+13 0 0 4.64348e+42 0 0 1
1.07461e+15 5.73646e+12 5.86996e+12 5.87313e+12 5.87313e+12 5.87313e+12 3.64873e+12 3.80286e+12 0 0 4.64348e+42 0 0 1
1.24094e+15 3.05429e+12 3.13091e+12 3.13242e+12 3.13242e+12 3.13242e+12 1.80495e+12 1.70587e+12 0 0 4.64348e+42 0 0 1
1.43301e+15 1.55099e+12 1.59209e+12 1.59278e+12 1.59278e+12 1.59278e+12 8.54496e+11 7.34573e+11 0 0 4.64348e+42 0 0 1
1.65482e+15 7.51439e+11 7.72098e+11 7.72401e+11 7.72401e+11 7.72401e+11 3.87326e+11 3.01276e+11 0 0 4.64348e+42 0 0 1
1.91095e+15 2.70019e+11 2.77599e+11 2.77697e+11 2.77697e+11 2.77697e+11 1.30764e+11 8.06605e+10 0 0 4.64348e+42 0 0 1
2.20673e+15 1.19643e+11 1.23025e+11 1.23064e+11 1.23064e+11 1.23064e+11 5.46161e+10 3.0151e+10 0 0 4.64348e+42 0 0 1
2.5483e+15 4.93935e+10 5.07814e+10 5.07962e+10 5.07962e+10 5.07962e+10 2.13375e+10 1.07323e+10 0 0 4.64348e+42 0 0 1
2.94273e+15 1.90653e+10 1.95919e+10 1.95971e+10 1.95971e+10 1.95971e+10 7.82506e+09 3.62202e+09 0 0 4.64348e+42 0 0 1
3.39821e+15 4.61734e+09 4.74149e+09 4.74264e+09 4.74264e+09 4.74264e+09 1.80982e+09 5.92959e+08 0 0 4.64348e+42 0 0 1
3.92419e+15 1.5601e+09 1.60057e+09 1.60093e+09 1.60093e+09 1.60093e+09 5.85679e+08 1.68584e+08 0 0 4.64348e+42 0 0 1
4.53158e+15 4.69763e+08 4.81426e+08 4.81524e+08 4.81524e+08 4.81524e+08 1.69621e+08 4.50062e+07 0 0 4.64348e+42 0 0 1
5.23299e+15 1.24883e+08 1.27829e+08 1.27853e+08 1.27853e+08 1.27853e+08 4.35665e+07 1.15633e+07 0 0 4.64348e+42 0 0 1
6.04296e+15 1.66703e+07 1.70417e+07 1.70446e+07 1.70446e+07 1.70446e+07 5.65244e+06 883630 0 0 4.64348e+42 0 0 1
6.97831e+15 3.69962e+06 3.77701e+06 3.77761e+06 3.77761e+06 3.77761e+06 1.22158e+06 162062 0 0 4.64348e+42 0 0 1
8.05842e+15 678668 691928 692032 692032 692032 219195 26399.9 0 0 4.64348e+42 0 0 1
9.30572e+15 95903.6 97645.9 97659.7 97659.7 97659.7 30462.6 4215.62 0 0 4.64348e+42 0 0 1
1.07461e+16 4935 5018.01 5018.68 5018.68 5018.68 1555.57 114.288 0 0 4.64348e+42 0 0 1
1.24094e+16 542.715 551.137 551.206 551.206 551.206 169.721 10.1619 0 0 4.64348e+42 0 0 1
1.43301e+16 43.2955 43.9131 43.9184 43.9184 43.9184 13.5163 0.684035 0 0 4.64348e+42 0 0 1
1.65482e+16 2.26398 2.29358 2.29384 2.29384 2.29384 0.710034 0.0412439 0 0 4.64348e+42 0 0 1
1.91095e+16 0.0229681 0.0232426 0.0232452 0.0232452 0.0232452 0.00737986 0.000262147 0 0 4.64348e+42 0 0 1
2.20673e+16 0.000766782 0.000775136 0.000775218 0.000775218 0.000775218 0.0002516 7.00697e-06 0 0 4.64348e+42 0 0 1
2.5483e+16 1.36879e-05 1.38235e-05 1.38249e-05 1.38249e-05 1.38249e-05 4.66316e-06 1.06847e-07 0 0 4.64348e+42 0 0 1
2.94273e+16 1.24511e-07 1.25631e-07 1.25644e-07 1.25644e-07 1.25644e-07 4.4894e-08 9.50799e-10 0 0 4.64348e+42 0 0 1
3.39821e+16 1.01557e-10 1.02385e-10 1.02395e-10 1.02395e-10 1.02395e-10 4.08375e-11 6.82697e-13 0 0 4.64348e+42 0 0 1
3.92419e+16 3.12948e-13 3.15254e-13 3.15284e-13 3.15284e-13 3.15284e-13 2.88891e-13 1.97498e-15 0 0 4.64348e+42 0 0 1
4.53158e+16 4.84329e-16 4.87551e-16 4.87596e-16 4.87596e-16 4.87596e-16 1.90895e-14 1.76028e-18 0 0 4.64348e+42 0 0 1
5.23299e+16 1.64619e-17 1.65606e-17 1.65621e-17 1.65621e-17 1.65621e-17 1.46058e-15 4.72764e-22 0 0 4.64348e+42 0 0 1
6.04296e+16 2.46618e-19 2.4795e-19 2.47972e-19 2.47972e-19 2.47972e-19 2.08199e-17 5.95275e-27 0 0 4.64348e+42 0 0 1
6.97831e+16 1.12926e-20 1.13474e-20 1.13484e-20 1.13484e-20 1.13484e-20 9.08884e-19 1.55855e-31 0 0 4.64348e+42 0 0 1
8.05842e+16 2.3205e-22 2.33061e-22 2.33081e-22 2.33081e-22 2.33081e-22 1.791e-20 5.62301e-37 0 0 4.64348e+42 0 0 1
9.30572e+16 0 0 0 0 0 0 0 0 0 4.64348e+42 0 0 1