
1.07461e-07 0 0 7.31768e+53 8.54051e+53 6.8584e+55 7.45985e+54 0 1.03719e+47 0 4.64348e+42 0 0 1
1.24094e-07 0 0 9.57523e+53 1.09462e+54 5.43667e+55 5.16863e+54 0 1.19773e+47 0 4.64348e+42 0 0 1
1.43301e-07 0 0 1.24399e+54 1.39682e+54 4.35683e+55 3.56851e+54 0 1.38312e+47 0 4.64348e+42 0 0 1
1.65482e-07 6.04911e-222 6.04911e-222 1.59885e+54 1.76762e+54 3.52057e+55 2.46381e+54 0 1.5972e+47 4.85643e-226 4.64348e+42 0 0 1
1.91095e-07 5.26057e-150 5.26057e-150 2.02981e+54 2.21408e+54 2.86157e+55 1.70843e+54 0 1.84442e+47 2.88079e-154 4.64348e+42 0 0 1
2.20673e-07 8.29651e-97 8.29651e-97 2.54586e+54 2.74483e+54 2.33475e+55 1.1954e+54 0 2.1299e+47 3.13685e-101 4.64348e+42 0 0 1
2.5483e-07 1.82616e-57 1.82616e-57 3.1508e+54 3.36295e+54 1.90897e+55 8.47972e+53 0 2.45957e+47 4.83116e-62 4.64348e+42 0 0 1
2.94273e-07 2.2727e-28 2.2727e-28 3.80698e+54 4.02798e+54 1.56222e+55 6.12178e+53 0 2.84027e+47 4.30918e-33 4.64348e+42 0 0 1
3.39821e-07 7.32852e-07 7.32852e-07 4.39898e+54 4.61928e+54 1.27846e+55 4.50843e+53 0 3.27989e+47 1.04135e-11 4.64348e+42 0 0 1
3.92419e-07 5.66775e+09 5.66775e+09 4.78101e+54 4.98767e+54 1.04561e+55 3.38854e+53 0 3.78756e+47 64168.9 4.64348e+42 0 0 1
4.53158e-07 3.01379e+21 3.01379e+21 4.87056e+54 5.05234e+54 8.54307e+54 2.59546e+53 0 4.37381e+47 2.90047e+16 4.64348e+42 0 0 1
5.23299e-07 1.32882e+30 1.32882e+30 4.68262e+54 4.8336e+54 6.97131e+54 2.02027e+53 0 5.05079e+47 1.15189e+25 4.64348e+42 0 0 1
6.04296e-07 3.07852e+36 3.07852e+36 4.29537e+54 4.41504e+54 5.68071e+54 1.59257e+53 0 5.83256e+47 2.51927e+31 4.64348e+42 0 0 1
6.97831e-07 1.47135e+41 1.47135e+41 3.80083e+54 3.89236e+54 4.6221e+54 1.26699e+53 0 6.73534e+47 1.17834e+36 4.64348e+42 0 0 1
8.05842e-07 3.9917e+44 3.9917e+44 3.27458e+54 3.34275e+54 3.75495e+54 1.01419e+53 0 7.77785e+47 3.21319e+39 4.64348e+42 0 0 1
9.30572e-07 1.2994e+47 1.2994e+47 2.76673e+54 2.81655e+54 3.04571e+54 8.14876e+52 0 8.98172e+47 1.07203e+42 4.64348e+42 0 0 1
1.07461e-06 8.82604e+48 8.82604e+48 2.30484e+54 2.34073e+54 2.46657e+54 6.56021e+52 0 1.03719e+48 7.56936e+43 4.64348e+42 0 0 1
1.24094e-06 1.88282e+50 1.88282e+50 1.90043e+54 1.92604e+54 1.99446e+54 5.28529e+52 0 1.19773e+48 1.69586e+45 4.64348e+42 0 0 1
1.43301e-06 1.70641e+51 1.70641e+51 1.55522e+54 1.57335e+54 1.61026e+54 4.25792e+52 0 1.38312e+48 1.6264e+46 4.64348e+42 0 0 1
1.65482e-06 8.21362e+51 8.21362e+51 1.26558e+54 1.27834e+54 1.29812e+54 3.4284e+52 0 1.5972e+48 8.33064e+46 4.64348e+42 0 0 1
1.91095e-06 2.47619e+52 2.47619e+52 1.02548e+54 1.03443e+54 1.04497e+54 2.75819e+52 0 1.84442e+48 2.68404e+47 4.64348e+42 0 0 1
2.20673e-06 5.28138e+52 5.28138e+52 8.28147e+53 8.34403e+53 8.39989e+53 2.21681e+52 0 2.1299e+48 6.13866e+47 4.64348e+42 0 0 1
2.5483e-06 8.72014e+52 8.72014e+52 6.66974e+53 6.71335e+53 6.74283e+53 1.77979e+52 0 2.45957e+48 1.0898e+48 4.64348e+42 0 0 1
2.94273e-06 1.19123e+53 1.19123e+53 5.35951e+53 5.38984e+53 5.40534e+53 1.42735e+52 0 2.84026e+48 1.60437e+48 4.64348e+42 0 0 1
3.39821e-06 1.4142e+53 1.4142e+53 4.29822e+53 4.31928e+53 4.3274e+53 1.1434e+52 0 3.27989e+48 2.05662e+48 4.64348e+42 0 0 1
3.92419e-06 1.51297e+53 1.51297e+53 3.44105e+53 3.45564e+53 3.45988e+53 9.14905e+51 0 3.78755e+48 2.37998e+48 4.64348e+42 0 0 1
4.53158e-06 1.49833e+53 1.49833e+53 2.75037e+53 2.76046e+53 2.76267e+53 7.31229e+51 0 4.37379e+48 2.55358e+48 4.64348e+42 0 0 1
5.23299e-06 1.40102e+53 1.40102e+53 2.19496e+53 2.20194e+53 2.20309e+53 5.83749e+51 0 5.05078e+48 2.59089e+48 4.64348e+42 0 0 1
6.04296e-06 1.25515e+53 1.25515e+53 1.74914e+53 1.75395e+53 1.75454e+53 4.65463e+51 0 5.83254e+48 2.52235e+48 4.64348e+42 0 0 1
6.97831e-06 1.08906e+53 1.08906e+53 1.39184e+53 1.39516e+53 1.39546e+53 3.70699e+51 0 6.73531e+48 2.38175e+48 4.64348e+42 0 0 1
8.05842e-06 9.22521e+52 9.22521e+52 1.10593e+53 1.10821e+53 1.10836e+53 2.94863e+51 0 7.77781e+48 2.19879e+48 4.64348e+42 0 0 1
9.30572e-06 7.67394e+52 7.67394e+52 8.77463e+52 8.7903e+52 8.79111e+52 2.34244e+51 0 8.98167e+48 1.99629e+48 4.64348e+42 0 0 1
1.07461e-05 6.29592e+52 6.29592e+52 6.95163e+52 6.96238e+52 6.96279e+52 1.85843e+51 0 1.03719e+49 1.79022e+48 4.64348e+42 0 0 1
1.24094e-05 5.11069e+52 5.11069e+52 5.49902e+52 5.50638e+52 5.50659e+52 1.47244e+51 0 1.19772e+49 1.59085e+48 4.64348e+42 0 0 1
1.43301e-05 4.1143e+52 4.1143e+52 4.34316e+52 4.3482e+52 4.3483e+52 1.16498e+51 0 1.38311e+49 1.40418e+48 4.64348e+42 0 0 1
1.65482e-05 3.29041e+52 3.29041e+52 3.42474e+52 3.42818e+52 3.42824e+52 9.20376e+50 0 1.59719e+49 1.23326e+48 4.64348e+42 0 0 1
1.91095e-05 2.61748e+52 2.61748e+52 2.69606e+52 2.6984e+52 2.69843e+52 7.26034e+50 0 1.8444e+49 1.07917e+48 4.64348e+42 0 0 1
2.20673e-05 2.07295e+52 2.07295e+52 2.11877e+52 2.12037e+52 2.12038e+52 5.71829e+50 0 2.12987e+49 9.41756e+47 4.64348e+42 0 0 1
2.5483e-05 1.63549e+52 1.63549e+52 1.66213e+52 1.66322e+52 1.66323e+52 4.49641e+50 0 2.45954e+49 8.20191e+47 4.64348e+42 0 0 1
2.94273e-05 1.28607e+52 1.28607e+52 1.30152e+52 1.30226e+52 1.30227e+52 3.52963e+50 0 2.84022e+49 7.13256e+47 4.64348e+42 0 0 1
3.39821e-05 1.00827e+52 1.00827e+52 1.01721e+52 1.01771e+52 1.01771e+52 2.76584e+50 0 3.27983e+49 6.19582e+47 4.64348e+42 0 0 1
3.92419e-05 7.88285e+51 7.88285e+51 7.93447e+51 7.93783e+51 7.93785e+51 2.16338e+50 0 3.78747e+49 5.37773e+47 4.64348e+42 0 0 1
4.53158e-05 6.14679e+51 6.14679e+51 6.17652e+51 6.17878e+51 6.17879e+51 1.68894e+50 0 4.37369e+49 4.66486e+47 4.64348e+42 0 0 1
5.23299e-05 4.78095e+51 4.78095e+51 4.79803e+51 4.79955e+51 4.79956e+51 1.31597e+50 0 5.05064e+49 4.04469e+47 4.64348e+42 0 0 1
6.04296e-05 3.70942e+51 3.70942e+51 3.71921e+51 3.72023e+51 3.72023e+51 1.02329e+50 0 5.83236e+49 3.50581e+47 4.64348e+42 0 0 1
6.97831e-05 2.87103e+51 2.87103e+51 2.87663e+51 2.87731e+51 2.87731e+51 7.94041e+49 0 6.73507e+49 3.038e+47 4.64348e+42 0 0 1
8.05842e-05 2.21675e+51 2.21675e+51 2.21994e+51 2.2204e+51 2.2204e+51 6.14834e+49 0 7.77749e+49 2.63213e+47 4.64348e+42 0 0 1
9.30572e-05 1.70744e+51 1.70744e+51 1.70925e+51 1.70956e+51 1.70956e+51 4.75027e+49 0 8.98124e+49 2.28019e+47 4.64348e+42 0 0 1
0.000107461 1.31197e+51 1.31197e+51 1.313e+51 1.31321e+51 1.31321e+51 3.66189e+49 0 1.03713e+50 1.97511e+47 4.64348e+42 0 0 1
0.000124094 1.00568e+51 1.00568e+51 1.00626e+51 1.0064e+51 1.0064e+51 2.81646e+49 0 1.19765e+50 1.71073e+47 4.64348e+42 0 0 1
0.000143301 7.69045e+50 7.69045e+50 7.69375e+50 7.69465e+50 7.69465e+50 2.16122e+49 0 1.383e+50 1.48165e+47 4.64348e+42 0 0 1
0.000165482 5.86695e+50 5.86695e+50 5.86881e+50 5.8694e+50 5.8694e+50 1.65456e+49 0 1.59705e+50 1.2832e+47 4.64348e+42 0 0 1
0.000191095 4.46534e+50 4.46534e+50 4.46639e+50 4.46677e+50 4.46677e+50 1.26374e+49 0 1.84421e+50 1.1113e+47 4.64348e+42 0 0 1
0.000220673 3.39076e+50 3.39076e+50 3.39135e+50 3.39161e+50 3.39161e+50 9.63006e+48 0 2.12963e+50 9.62406e+46 4.64348e+42 0 0 1
0.00025483 2.56902e+50 2.56902e+50 2.56935e+50 2.56952e+50 2.56952e+50 7.32158e+48 0 2.45921e+50 8.33447e+46 4.64348e+42 0 0 1
0.000294273 1.94221e+50 1.94221e+50 1.9424e+50 1.94251e+50 1.94251e+50 5.554e+48 0 2.83978e+50 7.21759e+46 4.64348e+42 0 0 1
0.000339821 1.4653e+50 1.4653e+50 1.4654e+50 1.46547e+50 1.46547e+50 4.20395e+48 0 3.27925e+50 6.25033e+46 4.64348e+42 0 0 1
0.000392419 1.10332e+50 1.10332e+50 1.10337e+50 1.10342e+50 1.10342e+50 3.17538e+48 0 3.7867e+50 5.41266e+46 4.64348e+42 0 0 1
0.000453158 8.2922e+49 8.2922e+49 8.29252e+49 8.29282e+49 8.29282e+49 2.39364e+48 0 4.37266e+50 4.68724e+46 4.64348e+42 0 0 1
0.000523299 6.22144e+49 6.22144e+49 6.22162e+49 6.22182e+49 6.22182e+49 1.80092e+48 0 5.04926e+50 4.05902e+46 4.64348e+42 0 0 1
0.000604296 4.6604e+49 4.6604e+49 4.6605e+49 4.66063e+49 4.66063e+49 1.35255e+48 0 5.83052e+50 3.51499e+46 4.64348e+42 0 0 1
0.000697831 3.48601e+49 3.48601e+49 3.48606e+49 3.48615e+49 3.48615e+49 1.01414e+48 0 6.73261e+50 3.04388e+46 4.64348e+42 0 0 1
0.000805842 2.60417e+49 2.60417e+49 2.6042e+49 2.60425e+49 2.60425e+49 7.59242e+47 0 7.77421e+50 2.6359e+46 4.64348e+42 0 0 1
0.000930572 1.94316e+49 1.94316e+49 1.94317e+49 1.94321e+49 1.94321e+49 5.67632e+47 0 8.97687e+50 2.2826e+46 4.64348e+42 0 0 1
0.00107461 1.44846e+49 1.44846e+49 1.44847e+49 1.44849e+49 1.44849e+49 4.23857e+47 0 1.03655e+51 1.97666e+46 4.64348e+42 0 0 1
0.00124094 1.07877e+49 1.07877e+49 1.07878e+49 1.07879e+49 1.07879e+49 3.16155e+47 0 1.19687e+51 1.71172e+46 4.64348e+42 0 0 1
0.00143301 8.02846e+48 8.02846e+48 8.02849e+48 8.02858e+48 8.02858e+48 2.35598e+47 0 1.38197e+51 1.48229e+46 4.64348e+42 0 0 1
0.00165482 5.97141e+48 5.97141e+48 5.97142e+48 5.97148e+48 5.97148e+48 1.75426e+47 0 1.59567e+51 1.28361e+46 4.64348e+42 0 0 1
0.00191095 4.43935e+48 4.43935e+48 4.43936e+48 4.43939e+48 4.43939e+48 1.30535e+47 0 1.84237e+51 1.11156e+46 4.64348e+42 0 0 1
0.00220673 3.29926e+48 3.29926e+48 3.29927e+48 3.29929e+48 3.29929e+48 9.70795e+46 0 2.12718e+51 9.62571e+45 4.64348e+42 0 0 1
0.0025483 2.45146e+48 2.45146e+48 2.45146e+48 2.45148e+48 2.45148e+48 7.21696e+46 0 2.45594e+51 8.33553e+45 4.64348e+42 0 0 1
0.00294273 1.82137e+48 1.82137e+48 1.82137e+48 1.82138e+48 1.82138e+48 5.36369e+46 0 2.83542e+51 7.21827e+45 4.64348e+42 0 0 1
0.00339821 1.35328e+48 1.35328e+48 1.35328e+48 1.35329e+48 1.35329e+48 3.98575e+46 0 3.27343e+51 6.25077e+45 4.64348e+42 0 0 1
0.00392419 1.00566e+48 1.00566e+48 1.00566e+48 1.00566e+48 1.00566e+48 2.96174e+46 0 3.77894e+51 5.41294e+45 4.64348e+42 0 0 1
0.00453158 7.47539e+47 7.47539e+47 7.47539e+47 7.47542e+47 7.47542e+47 2.20105e+46 0 4.36232e+51 4.68742e+45 4.64348e+42 0 0 1
0.00523299 5.55889e+47 5.55889e+47 5.5589e+47 5.55891e+47 5.55891e+47 1.6361e+46 0 5.03547e+51 4.05913e+45 4.64348e+42 0 0 1
0.00604296 4.13583e+47 4.13583e+47 4.13583e+47 4.13584e+47 4.13584e+47 1.21657e+46 0 5.81214e+51 3.51507e+45 4.64348e+42 0 0 1
0.00697831 3.07895e+47 3.07895e+47 3.07895e+47 3.07896e+47 3.07896e+47 9.05026e+45 0 6.70811e+51 3.04392e+45 4.64348e+42 0 0 1
0.00805842 2.29379e+47 2.29379e+47 2.29379e+47 2.2938e+47 2.2938e+47 6.73644e+45 0 7.74154e+51 2.63593e+45 4.64348e+42 0 0 1
0.00930572 1.71025e+47 1.71025e+47 1.71025e+47 1.71025e+47 1.71025e+47 5.01754e+45 0 8.93331e+51 2.28262e+45 4.64348e+42 0 0 1
0.0107461 1.27633e+47 1.27633e+47 1.27633e+47 1.27633e+47 1.27633e+47 3.74015e+45 0 1.03074e+52 1.97667e+45 4.64348e+42 0 0 1
0.0124094 9.53455e+46 9.53455e+46 9.53455e+46 9.53457e+46 9.53457e+46 2.79039e+45 0 1.18913e+52 1.71172e+45 4.64348e+42 0 0 1
0.0143301 7.13044e+46 7.13044e+46 7.13044e+46 7.13045e+46 7.13045e+46 2.08384e+45 0 1.37165e+52 1.48229e+45 4.64348e+42 0 0 1
0.0165482 5.33887e+46 5.33887e+46 5.33887e+46 5.33888e+46 5.33888e+46 1.55785e+45 0 1.58191e+52 1.28361e+45 4.64348e+42 0 0 1
0.0191095 4.00257e+46 4.00257e+46 4.00257e+46 4.00258e+46 4.00258e+46 1.16598e+45 0 1.82404e+52 1.11156e+45 4.64348e+42 0 0 1
0.0220673 3.00487e+46 3.00487e+46 3.00487e+46 3.00487e+46 3.00487e+46 8.73778e+44 0 2.10275e+52 9.62573e+44 4.64348e+42 0 0 1
0.025483 2.25917e+46 2.25917e+46 2.25917e+46 2.25917e+46 2.25917e+46 6.55686e+44 0 2.42338e+52 8.33553e+44 4.64348e+42 0 0 1
0.0294273 1.70117e+46 1.70117e+46 1.70117e+46 1.70117e+46 1.70117e+46 4.9274e+44 0 2.79205e+52 7.21828e+44 4.64348e+42 0 0 1
0.0339821 1.28311e+46 1.28311e+46 1.28311e+46 1.28312e+46 1.28312e+46 3.70859e+44 0 3.21565e+52 6.25077e+44 4.64348e+42 0 0 1
0.0392419 9.69484e+45 9.69484e+45 9.69484e+45 9.69485e+45 9.69485e+45 2.79584e+44 0 3.70198e+52 5.41294e+44 4.64348e+42 0 0 1
0.0453158 7.33864e+45 7.33864e+45 7.33864e+45 7.33865e+45 7.33865e+45 2.11141e+44 0 4.25981e+52 4.68741e+44 4.64348e+42 0 0 1
0.0523299 5.56587e+45 5.56587e+45 5.56587e+45 5.56587e+45 5.56587e+45 1.59748e+44 0 4.89899e+52 4.05913e+44 4.64348e+42 0 0 1
0.0604296 4.22996e+45 4.22996e+45 4.22996e+45 4.22996e+45 4.22996e+45 1.21103e+44 0 5.63045e+52 3.51506e+44 4.64348e+42 0 0 1
0.0697831 3.22159e+45 3.22159e+45 3.22159e+45 3.22159e+45 3.22159e+45 9.20001e+43 0 6.46631e+52 3.04392e+44 4.64348e+42 0 0 1
0.0805842 2.45915e+45 2.45915e+45 2.45915e+45 2.45915e+45 2.45915e+45 7.0048e+43 0 7.41985e+52 2.63593e+44 4.64348e+42 0 0 1
0.0930572 1.88161e+45 1.88161e+45 1.88161e+45 1.88161e+45 1.88161e+45 5.34632e+43 0 8.50549e+52 2.28262e+44 4.64348e+42 0 0 1
0.107461 1.44332e+45 1.44332e+45 1.44332e+45 1.44332e+45 1.44332e+45 4.09126e+43 0 9.73866e+52 1.97666e+44 4.64348e+42 0 0 1
0.124094 1.11008e+45 1.11008e+45 1.11008e+45 1.11008e+45 1.11008e+45 3.13992e+43 0 1.11356e+53 1.71172e+44 4.64348e+42 0 0 1
0.143301 8.56222e+44 8.56222e+44 8.56222e+44 8.56222e+44 8.56222e+44 2.41765e+43 0 1.2713e+53 1.48229e+44 4.64348e+42 0 0 1
0.165482 6.62469e+44 6.62469e+44 6.62469e+44 6.62469e+44 6.62469e+44 1.86846e+43 0 1.44875e+53 1.28361e+44 4.64348e+42 0 0 1
0.191095 5.14317e+44 5.14317e+44 5.14317e+44 5.14317e+44 5.14317e+44 1.45032e+43 0 1.64747e+53 1.11156e+44 4.64348e+42 0 0 1
0.220673 4.00838e+44 4.00838e+44 4.00838e+44 4.00838e+44 4.00838e+44 1.13164e+43 0 1.86882e+53 9.6257e+43 4.64348e+42 0 0 1
0.25483 3.13782e+44 3.13782e+44 3.13782e+44 3.13782e+44 3.13782e+44 8.8863e+42 0 2.1138e+53 8.33551e+43 4.64348e+42 0 0 1
0.294273 2.46915e+44 2.46915e+44 2.46915e+44 2.46915e+44 2.46915e+44 7.03343e+42 0 2.38286e+53 7.21825e+43 4.64348e+42 0 0 1
0.339821 1.95512e+44 1.95512e+44 1.95512e+44 1.95512e+44 1.95512e+44 5.62227e+42 0 2.67558e+53 6.25075e+43 4.64348e+42 0 0 1
0.392419 1.55988e+44 1.55988e+44 1.55988e+44 1.55988e+44 1.55988e+44 4.55022e+42 0 2.99039e+53 5.41292e+43 4.64348e+42 0 0 1
0.453158 1.25615e+44 1.25615e+44 1.25615e+44 1.25615e+44 1.25615e+44 3.73934e+42 0 3.32412e+53 4.68739e+43 4.64348e+42 0 0 1
0.523299 1.0231e+44 1.0231e+44 1.0231e+44 1.0231e+44 1.0231e+44 3.13028e+42 0 3.67148e+53 4.05911e+43 4.64348e+42 0 0 1
0.604296 8.44774e+43 8.44774e+43 8.44774e+43 8.44774e+43 8.44774e+43 2.67754e+42 0 4.02459e+53 3.51504e+43 4.64348e+42 0 0 1
0.697831 7.08888e+43 7.08888e+43 7.08888e+43 7.08888e+43 7.08888e+43 2.346e+42 0 4.37232e+53 3.0439e+43 4.64348e+42 0 0 1
0.805842 6.05897e+43 6.05897e+43 6.05897e+43 6.05897e+43 6.05897e+43 2.1082e+42 0 4.69987e+53 2.6359e+43 4.64348e+42 0 0 1
0.930572 5.28317e+43 5.28317e+43 5.28317e+43 5.28317e+43 5.28317e+43 1.94227e+42 0 4.98845e+53 2.28259e+43 4.64348e+42 0 0 1
1.07461 4.70194e+43 4.70194e+43 4.70194e+43 4.70194e+43 4.70194e+43 1.83044e+42 0 5.21539e+53 1.97664e+43 4.64348e+42 0 0 1
1.24094 4.26706e+43 4.26706e+43 4.26706e+43 4.26706e+43 4.26706e+43 1.75779e+42 0 5.35501e+53 1.7117e+43 4.64348e+42 0 0 1
1.43301 3.93876e+43 3.93876e+43 3.93876e+43 3.93876e+43 3.93876e+43 1.71149e+42 0 5.38048e+53 1.48227e+43 4.64348e+42 0 0 1
1.65482 3.68362e+43 3.68362e+43 3.68362e+43 3.68362e+43 3.68362e+43 1.68019e+42 0 5.26711e+53 1.28359e+43 4.64348e+42 0 0 1
1.91095 3.47343e+43 3.47343e+43 3.47343e+43 3.47343e+43 3.47343e+43 1.65386e+42 0 4.99713e+53 1.11154e+43 4.64348e+42 0 0 1
2.20673 3.28465e+43 3.28465e+43 3.28465e+43 3.28465e+43 3.28465e+43 1.62381e+42 0 4.56568e+53 9.62548e+42 4.64348e+42 0 0 1
2.5483 3.09854e+43 3.09854e+43 3.09854e+43 3.09854e+43 3.09854e+43 1.58299e+42 0 3.98685e+53 8.33528e+42 4.64348e+42 0 0 1
2.94273 2.90167e+43 2.90167e+43 2.90167e+43 2.90167e+43 2.90167e+43 1.5265e+42 0 3.29754e+53 7.21803e+42 4.64348e+42 0 0 1
3.39821 2.68648e+43 2.68648e+43 2.68648e+43 2.68648e+43 2.68648e+43 1.452e+42 0 2.55633e+53 6.25052e+42 4.64348e+42 0 0 1
3.92419 2.45146e+43 2.45146e+43 2.45146e+43 2.45146e+43 2.45146e+43 1.35995e+42 0 1.83498e+53 5.41269e+42 4.64348e+42 0 0 1
4.53158 2.20045e+43 2.20045e+43 2.20045e+43 2.20045e+43 2.20045e+43 1.25331e+42 0 1.20279e+53 4.68716e+42 4.64348e+42 0 0 1
5.23299 1.94101e+43 1.94101e+43 1.94101e+43 1.94101e+43 1.94101e+43 1.13678e+42 0 7.08651e+52 4.05888e+42 4.64348e+42 0 0 1
6.04296 1.68224e+43 1.68224e+43 1.68224e+43 1.68224e+43 1.68224e+43 1.01568e+42 0 3.6865e+52 3.51481e+42 4.64348e+42 0 0 1
6.97831 1.43265e+43 1.43265e+43 1.43265e+43 1.43265e+43 1.43265e+43 8.9484e+41 0 1.65945e+52 3.04367e+42 4.64348e+42 0 0 1
8.05842 1.19886e+43 1.19886e+43 1.19886e+43 1.19886e+43 1.19886e+43 7.77966e+41 0 6.31708e+51 2.63568e+42 4.64348e+42 0 0 1
9.30572 9.85272e+42 9.85272e+42 9.85272e+42 9.85272e+42 9.85272e+42 6.67549e+41 0 1.98097e+51 2.28237e+42 4.64348e+42 0 0 1
10.7461 7.94479e+42 7.94479e+42 7.94479e+42 7.94479e+42 7.94479e+42 5.65126e+41 0 4.96551e+50 1.97641e+42 4.64348e+42 0 0 1
12.4094 6.27818e+42 6.27818e+42 6.27818e+42 6.27818e+42 6.27818e+42 4.71646e+41 0 9.60945e+49 1.71147e+42 4.64348e+42 0 0 1
14.3301 4.85687e+42 4.85687e+42 4.85687e+42 4.85687e+42 4.85687e+42 3.87711e+41 0 1.37939e+49 1.48204e+42 4.64348e+42 0 0 1
16.5482 3.67633e+42 3.67633e+42 3.67633e+42 3.67633e+42 3.67633e+42 3.1365e+41 0 1.40231e+48 1.28336e+42 4.64348e+42 0 0 1
19.1095 2.72343e+42 2.72343e+42 2.72343e+42 2.72343e+42 2.72343e+42 2.49523e+41 0 9.57145e+46 1.11131e+42 4.64348e+42 0 0 1
22.0673 1.9771e+42 1.9771e+42 1.9771e+42 1.9771e+42 1.9771e+42 1.95096e+41 0 4.12392e+45 9.6232e+41 4.64348e+42 0 0 1
25.483 1.41013e+42 1.41013e+42 1.41013e+42 1.41013e+42 1.41013e+42 1.49854e+41 0 1.04451e+44 8.33301e+41 4.64348e+42 0 0 1
29.4273 9.91978e+41 9.91978e+41 9.91978e+41 9.91978e+41 9.91978e+41 1.13044e+41 0 1.43244e+42 7.21575e+41 4.64348e+42 0 0 1
33.9821 6.91916e+41 6.91916e+41 6.91916e+41 6.91916e+41 6.91916e+41 8.37406e+40 0 9.67291e+39 6.24824e+41 4.64348e+42 0 0 1
39.2419 4.81635e+41 4.81635e+41 4.81635e+41 4.81635e+41 4.81635e+41 6.09212e+40 0 2.88226e+37 5.41042e+41 4.64348e+42 0 0 1
45.3158 3.36992e+41 3.36992e+41 3.36992e+41 3.36992e+41 3.36992e+41 4.35414e+40 0 3.33895e+34 4.68489e+41 4.64348e+42 0 0 1
52.3299 2.38702e+41 2.38702e+41 2.38702e+41 2.38702e+41 2.38702e+41 3.05962e+40 0 1.29921e+31 4.05661e+41 4.64348e+42 0 0 1
60.4296 1.72205e+41 1.72205e+41 1.72205e+41 1.72205e+41 1.72205e+41 2.11655e+40 0 1.43418e+27 3.51254e+41 4.64348e+42 0 0 1
69.7831 1.27018e+41 1.27018e+41 1.27018e+41 1.27018e+41 1.27018e+41 1.4444e+40 0 3.69572e+22 3.0414e+41 4.64348e+42 0 0 1
80.5842 9.58911e+40 9.58911e+40 9.58911e+40 9.58911e+40 9.58911e+40 9.75377e+39 0 1.77487e+17 2.6334e+41 4.64348e+42 0 0 1
93.0572 7.39765e+40 7.39765e+40 7.39765e+40 7.39765e+40 7.39765e+40 6.54559e+39 0 1.22482e+11 2.28009e+41 4.64348e+42 0 0 1
107.461 5.81186e+40 5.81186e+40 5.81186e+40 5.81186e+40 5.81186e+40 4.39003e+39 0 8995.06 1.97414e+41 4.64348e+42 0 0 1
124.094 4.63032e+40 4.63032e+40 4.63032e+40 4.63032e+40 4.63032e+40 2.9628e+39 0 4.97007e-05 1.7092e+41 4.64348e+42 0 0 1
143.301 3.72568e+40 3.72568e+40 3.72568e+40 3.72568e+40 3.72568e+40 2.02715e+39 0 1.38433e-14 1.47977e+41 4.64348e+42 0 0 1
165.482 3.01724e+40 3.01724e+40 3.01724e+40 3.01724e+40 3.01724e+40 1.41583e+39 0 1.22407e-25 1.28109e+41 4.64348e+42 0 0 1
191.095 2.45299e+40 2.45299e+40 2.45299e+40 2.45299e+40 2.45299e+40 1.01441e+39 0 2.01445e-38 1.10904e+41 4.64348e+42 0 0 1
220.673 1.99833e+40 1.99833e+40 1.99833e+40 1.99833e+40 1.99833e+40 7.46927e+38 0 3.33026e-53 9.60049e+40 4.64348e+42 0 0 1
254.83 1.62927e+40 1.62927e+40 1.62927e+40 1.62927e+40 1.62927e+40 5.6436e+38 0 2.7134e-70 8.3103e+40 4.64348e+42 0 0 1
294.273 1.32841e+40 1.32841e+40 1.32841e+40 1.32841e+40 1.32841e+40 4.35835e+38 0 4.78784e-90 7.19305e+40 4.64348e+42 0 0 1
339.821 1.08261e+40 1.08261e+40 1.08261e+40 1.08261e+40 1.08261e+40 3.42257e+38 0 7.07865e-113 6.22555e+40 4.64348e+42 0 0 1
392.419 8.81611e+39 8.81611e+39 8.81611e+39 8.81611e+39 8.81611e+39 2.71934e+38 0 2.92894e-139 5.38773e+40 4.64348e+42 0 0 1
453.158 7.17226e+39 7.17226e+39 7.17226e+39 7.17226e+39 7.17226e+39 2.17686e+38 0 9.56036e-170 4.66221e+40 4.64348e+42 0 0 1
523.299 5.82845e+39 5.82845e+39 5.82845e+39 5.82845e+39 5.82845e+39 1.75019e+38 0 5.70387e-205 4.03394e+40 4.64348e+42 0 0 1
604.296 4.73074e+39 4.73074e+39 4.73075e+39 4.73075e+39 4.73075e+39 1.41024e+38 0 1.14929e-245 3.48989e+40 4.64348e+42 0 0 1
697.831 3.83497e+39 3.83497e+39 3.83497e+39 3.83497e+39 3.83497e+39 1.13725e+38 0 0 3.01876e+40 4.64348e+42 0 0 1
805.842 3.10483e+39 3.10483e+39 3.10483e+39 3.10483e+39 3.10483e+39 9.17097e+37 0 0 2.61078e+40 4.64348e+42 0 0 1
930.572 2.51047e+39 2.51047e+39 2.51048e+39 2.51048e+39 2.51048e+39 7.39216e+37 0 0 2.25749e+40 4.64348e+42 0 0 1
1074.61 2.02731e+39 2.02731e+39 2.02732e+39 2.02732e+39 2.02732e+39 5.95414e+37 0 0 1.95156e+40 4.64348e+42 0 0 1
1240.94 1.63511e+39 1.63511e+39 1.63511e+39 1.63511e+39 1.63511e+39 4.79191e+37 0 0 1.68664e+40 4.64348e+42 0 0 1
1433.01 1.31719e+39 1.31719e+39 1.31719e+39 1.31719e+39 1.31719e+39 3.85319e+37 0 0 1.45723e+40 4.64348e+42 0 0 1
1654.82 1.05985e+39 1.05985e+39 1.05986e+39 1.05986e+39 1.05986e+39 3.09563e+37 0 0 1.25859e+40 4.64348e+42 0 0 1
1910.95 8.51836e+38 8.51836e+38 8.51839e+38 8.51839e+38 8.51839e+38 2.48481e+37 0 0 1.08657e+40 4.64348e+42 0 0 1
2206.73 6.83903e+38 6.83903e+38 6.83906e+38 6.83906e+38 6.83906e+38 1.99276e+37 0 0 9.3763e+39 4.64348e+42 0 0 1
2548.3 5.48497e+38 5.48497e+38 5.48499e+38 5.48499e+38 5.48499e+38 1.59672e+37 0 0 8.08661e+39 4.64348e+42 0 0 1
2942.73 4.39443e+38 4.39443e+38 4.39445e+38 4.39445e+38 4.39445e+38 1.27824e+37 0 0 6.96993e+39 4.64348e+42 0 0 1
3398.21 3.51708e+38 3.51708e+38 3.5171e+38 3.5171e+38 3.5171e+38 1.02235e+37 0 0 6.00309e+39 4.64348e+42 0 0 1
3924.19 2.81198e+38 2.81198e+38 2.812e+38 2.812e+38 2.812e+38 8.1691e+36 0 0 5.16603e+39 4.64348e+42 0 0 1
4531.58 2.24587e+38 2.24587e+38 2.24589e+38 2.24589e+38 2.24589e+38 6.5212e+36 0 0 4.44139e+39 4.64348e+42 0 0 1
5232.99 1.7918e+38 1.7918e+38 1.79181e+38 1.79181e+38 1.79181e+38 5.20047e+36 0 0 3.81412e+39 4.64348e+42 0 0 1
6042.96 1.42794e+38 1.42794e+38 1.42795e+38 1.42795e+38 1.42795e+38 4.14284e+36 0 0 3.27122e+39 4.64348e+42 0 0 1
6978.31 1.13666e+38 1.13666e+38 1.13667e+38 1.13667e+38 1.13667e+38 3.29667e+36 0 0 2.80141e+39 4.64348e+42 0 0 1
8058.42 9.03708e+37 9.03708e+37 9.03719e+37 9.03719e+37 9.03719e+37 2.6203e+36 0 0 2.39495e+39 4.64348e+42 0 0 1
9305.72 7.17594e+37 7.17594e+37 7.17604e+37 7.17604e+37 7.17604e+37 2.08016e+36 0 0 2.04339e+39 4.64348e+42 0 0 1
10746.1 5.69058e+37 5.69058e+37 5.69066e+37 5.69066e+37 5.69066e+37 1.64925e+36 0 0 1.73944e+39 4.64348e+42 0 0 1
12409.4 4.50641e+37 4.50641e+37 4.50649e+37 4.50649e+37 4.50649e+37 1.30584e+36 0 0 1.47678e+39 4.64348e+42 0 0 1
14330.1 3.56347e+37 3.56347e+37 3.56354e+37 3.56354e+37 3.56354e+37 1.03247e+36 0 0 1.24995e+39 4.64348e+42 0 0 1
16548.2 2.81351e+37 2.81351e+37 2.81357e+37 2.81357e+37 2.81357e+37 8.15107e+35 0 0 1.05422e+39 4.64348e+42 0 0 1
19109.5 2.21781e+37 2.21781e+37 2.21787e+37 2.21787e+37 2.21787e+37 6.42491e+35 0 0 8.85517e+38 4.64348e+42 0 0 1
22067.3 1.74528e+37 1.74528e+37 1.74533e+37 1.74533e+37 1.74533e+37 5.05591e+35 0 0 7.40312e+38 4.64348e+42 0 0 1
25483 1.37098e+37 1.37098e+37 1.37103e+37 1.37103e+37 1.37103e+37 3.97167e+35 0 0 6.15556e+38 4.64348e+42 0 0 1
29427.3 1.07495e+37 1.07495e+37 1.07499e+37 1.07499e+37 1.07499e+37 3.11425e+35 0 0 5.08615e+38 4.64348e+42 0 0 1
33982.1 8.412e+36 8.412e+36 8.41234e+36 8.41234e+36 8.41234e+36 2.43726e+35 0 0 4.17212e+38 4.64348e+42 0 0 1
39241.9 6.56938e+36 6.56938e+36 6.56967e+36 6.56967e+36 6.56967e+36 1.90362e+35 0 0 3.39376e+38 4.64348e+42 0 0 1
45315.8 5.1195e+36 5.1195e+36 5.11975e+36 5.11975e+36 5.11975e+36 1.48373e+35 0 0 2.73402e+38 4.64348e+42 0 0 1
52329.9 3.98083e+36 3.98083e+36 3.98105e+36 3.98105e+36 3.98105e+36 1.15395e+35 0 0 2.17803e+38 4.64348e+42 0 0 1
60429.6 3.08838e+36 3.08838e+36 3.08856e+36 3.08856e+36 3.08856e+36 8.95463e+34 0 0 1.71284e+38 4.64348e+42 0 0 1
69783.1 2.39039e+36 2.39039e+36 2.39054e+36 2.39054e+36 2.39054e+36 6.93276e+34 0 0 1.32708e+38 4.64348e+42 0 0 1
80584.2 1.8457e+36 1.8457e+36 1.84583e+36 1.84583e+36 1.84583e+36 5.35473e+34 0 0 1.01064e+38 4.64348e+42 0 0 1
93057.2 1.42164e+36 1.42164e+36 1.42175e+36 1.42175e+36 1.42175e+36 4.12594e+34 0 0 7.54498e+37 4.64348e+42 0 0 1
107461 1.09229e+36 1.09229e+36 1.09238e+36 1.09238e+36 1.09238e+36 3.17137e+34 0 0 5.50488e+37 4.64348e+42 0 0 1
124094 8.37136e+35 8.37136e+35 8.3721e+35 8.3721e+35 8.3721e+35 2.43166e+34 0 0 3.91131e+37 4.64348e+42 0 0 1
143301 6.39983e+35 6.39983e+35 6.40043e+35 6.40043e+35 6.40043e+35 1.85991e+34 0 0 2.69523e+37 4.64348e+42 0 0 1
165482 4.88048e+35 4.88048e+35 4.88095e+35 4.88095e+35 4.88095e+35 1.41914e+34 0 0 1.79273e+37 4.64348e+42 0 0 1
191095 3.71273e+35 3.71273e+35 3.71311e+35 3.71311e+35 3.71311e+35 1.08023e+34 0 0 1.14471e+37 4.64348e+42 0 0 1
220673 2.81765e+35 2.81765e+35 2.81795e+35 2.81795e+35 2.81795e+35 8.20333e+33 0 0 6.9727e+36 4.64348e+42 0 0 1
254830 2.13343e+35 2.13343e+35 2.13366e+35 2.13366e+35 2.13366e+35 6.21561e+33 0 0 4.02213e+36 4.64348e+42 0 0 1
294273 1.61178e+35 1.61178e+35 1.61195e+35 1.61195e+35 1.61195e+35 4.69932e+33 0 0 2.17872e+36 4.64348e+42 0 0 1
339821 1.2151e+35 1.2151e+35 1.21524e+35 1.21524e+35 1.21524e+35 3.54561e+33 0 0 1.09751e+36 4.64348e+42 0 0 1
392419 9.14223e+34 9.14223e+34 9.14327e+34 9.14327e+34 9.14327e+34 2.66991e+33 0 0 5.08394e+35 4.64348e+42 0 0 1
453158 6.86553e+34 6.86553e+34 6.86632e+34 6.86632e+34 6.86632e+34 2.00681e+33 0 0 2.13765e+35 4.64348e+42 0 0 1
523299 5.14672e+34 5.14672e+34 5.14731e+34 5.14731e+34 5.14731e+34 1.5058e+33 8.78137e+30 0 8.03725e+34 4.64348e+42 0 0 1
604296 3.85189e+34 3.85189e+34 3.85234e+34 3.85234e+34 3.85234e+34 1.12807e+33 8.81928e+30 0 2.65581e+34 4.64348e+42 0 0 1
697831 2.87843e+34 2.87843e+34 2.87876e+34 2.87876e+34 2.87876e+34 8.43824e+32 8.85719e+30 0 7.56005e+33 4.64348e+42 0 0 1
805842 2.14795e+34 2.14795e+34 2.14819e+34 2.14819e+34 2.14819e+34 6.30331e+32 8.89511e+30 0 1.81162e+33 4.64348e+42 0 0 1
930572 1.60077e+34 1.60077e+34 1.60095e+34 1.60095e+34 1.60095e+34 4.70252e+32 8.93302e+30 0 3.55833e+32 4.64348e+42 0 0 1
1.07461e+06 1.19157e+34 1.19157e+34 1.19169e+34 1.19169e+34 1.19169e+34 3.50416e+32 8.97664e+30 0 5.55518e+31 4.64348e+42 0 0 1
1.24094e+06 8.86014e+33 8.86014e+33 8.86106e+33 8.86106e+33 8.86106e+33 2.60839e+32 8.98855e+30 0 6.65248e+30 4.64348e+42 0 0 1
1.43301e+06 6.58179e+33 6.58179e+33 6.58245e+33 6.58245e+33 6.58245e+33 1.93974e+32 9.00378e+30 0 5.86514e+29 4.64348e+42 0 0 1
1.65482e+06 4.88516e+33 4.88516e+33 4.88563e+33 4.88563e+33 4.88563e+33 1.44127e+32 9.02342e+30 0 3.63076e+28 4.64348e+42 0 0 1
1.91095e+06 3.62321e+33 3.62321e+33 3.62355e+33 3.62355e+33 3.62355e+33 1.07009e+32 9.05068e+30 0 1.49407e+27 4.64348e+42 0 0 1
2.20673e+06 2.68559e+33 2.68559e+33 2.68582e+33 2.68582e+33 2.68582e+33 7.93997e+31 9.08605e+30 0 3.8366e+25 4.64348e+42 0 0 1
2.5483e+06 1.9896e+33 1.9896e+33 1.98976e+33 1.98976e+33 1.98976e+33 5.8883e+31 9.1325e+30 0 5.71514e+23 4.64348e+42 0 0 1
2.94273e+06 1.47341e+33 1.47341e+33 1.47352e+33 1.47352e+33 1.47352e+33 4.36499e+31 9.19348e+30 0 4.53948e+21 4.64348e+42 0 0 1
3.39821e+06 1.09085e+33 1.09085e+33 1.09093e+33 1.09093e+33 1.09093e+33 3.23483e+31 9.27855e+30 0 1.74427e+19 4.64348e+42 0 0 1
3.92419e+06 8.07492e+32 8.07492e+32 8.07548e+32 8.07548e+32 8.07548e+32 2.39691e+31 9.38894e+30 0 2.89758e+16 4.64348e+42 0 0 1
4.53158e+06 5.97719e+32 5.97719e+32 5.97759e+32 5.97759e+32 5.97759e+32 1.776e+31 9.5313e+30 0 1.82769e+13 4.64348e+42 0 0 1
5.23299e+06 4.42478e+32 4.42478e+32 4.42506e+32 4.42506e+32 4.42506e+32 1.31613e+31 9.71131e+30 0 3.76806e+09 4.64348e+42 0 0 1
6.04296e+06 3.27623e+32 3.27623e+32 3.27642e+32 3.27642e+32 3.27642e+32 9.75698e+30 9.95e+30 0 213557 4.64348e+42 0 0 1
6.97831e+06 2.42659e+32 2.42659e+32 2.42673e+32 2.42673e+32 2.42673e+32 7.23784e+30 1.02314e+31 0 2.72449 4.64348e+42 0 0 1
8.05842e+06 1.79813e+32 1.79813e+32 1.79822e+32 1.79822e+32 1.79822e+32 5.37481e+30 1.05639e+31 0 6.21143e-06 4.64348e+42 0 0 1
9.30572e+06 1.33328e+32 1.33328e+32 1.33335e+32 1.33335e+32 1.33335e+32 3.99826e+30 1.09406e+31 0 1.93855e-12 4.64348e+42 0 0 1
1.07461e+07 9.89465e+31 9.89465e+31 9.89509e+31 9.89509e+31 9.89509e+31 2.98292e+30 1.13918e+31 0 6.08791e-20 4.64348e+42 0 0 1
1.24094e+07 7.35153e+31 7.35153e+31 7.35184e+31 7.35184e+31 7.35184e+31 2.23517e+30 1.18352e+31 0 1.34835e-28 4.64348e+42 0 0 1
1.43301e+07 5.47054e+31 5.47054e+31 5.47075e+31 5.47075e+31 5.47075e+31 1.68622e+30 1.22684e+31 0 1.39708e-38 4.64348e+42 0 0 1
1.65482e+07 4.07945e+31 4.07945e+31 4.0796e+31 4.0796e+31 4.0796e+31 1.28505e+30 1.26706e+31 0 4.21582e-50 4.64348e+42 0 0 1
1.91095e+07 3.05125e+31 3.05125e+31 3.05136e+31 3.05136e+31 3.05136e+31 9.94537e+29 1.30172e+31 0 2.14326e-63 4.64348e+42 0 0 1
2.20673e+07 2.2911e+31 2.2911e+31 2.29118e+31 2.29118e+31 2.29118e+31 7.84917e+29 1.33163e+31 0 9.75661e-79 4.64348e+42 0 0 1
2.5483e+07 1.72963e+31 1.72963e+31 1.72969e+31 1.72969e+31 1.72969e+31 6.35869e+29 1.35261e+31 0 1.91675e-96 4.64348e+42 0 0 1
2.94273e+07 1.31475e+31 1.31475e+31 1.31479e+31 1.31479e+31 1.31479e+31 5.30441e+29 1.35288e+31 0 6.99558e-117 4.64348e+42 0 0 1
3.39821e+07 1.00827e+31 1.00827e+31 1.0083e+31 1.0083e+31 1.0083e+31 4.56847e+29 1.32871e+31 0 1.79209e-140 4.64348e+42 0 0 1
3.92419e+07 7.81073e+30 7.81073e+30 7.81094e+30 7.81094e+30 7.81094e+30 4.04263e+29 1.27947e+31 0 1.04722e-167 4.64348e+42 0 0 1
4.53158e+07 6.12665e+30 6.12665e+30 6.12681e+30 6.12681e+30 6.12681e+30 3.67211e+29 1.21381e+31 0 3.81205e-199 4.64348e+42 0 0 1
5.23299e+07 4.87277e+30 4.87277e+30 4.8729e+30 4.8729e+30 4.8729e+30 3.40187e+29 1.1381e+31 0 1.931e-235 4.64348e+42 0 0 1
6.04296e+07 3.92722e+30 3.92722e+30 3.92732e+30 3.92732e+30 3.92732e+30 3.17916e+29 1.04488e+31 0 2.41103e-277 4.64348e+42 0 0 1
6.97831e+07 3.20329e+30 3.20329e+30 3.20337e+30 3.20337e+30 3.20337e+30 2.97345e+29 9.36244e+30 0 0 4.64348e+42 0 0 1
8.05842e+07 2.64044e+30 2.64044e+30 2.64051e+30 2.64051e+30 2.64051e+30 2.77095e+29 8.13987e+30 0 0 4.64348e+42 0 0 1
9.30572e+07 2.19278e+30 2.19278e+30 2.19283e+30 2.19283e+30 2.19283e+30 2.55915e+29 6.82389e+30 0 0 4.64348e+42 0 0 1
1.07461e+08 1.82584e+30 1.82584e+30 1.82588e+30 1.82588e+30 1.82588e+30 2.32792e+29 5.48907e+30 0 0 4.64348e+42 8.45395 0 1
1.24094e+08 1.5254e+30 1.5254e+30 1.52544e+30 1.52544e+30 1.52544e+30 2.09669e+29 4.34482e+30 0 0 4.64348e+42 7.42693 0 1
1.43301e+08 1.27193e+30 1.27193e+30 1.27196e+30 1.27196e+30 1.27196e+30 1.85873e+29 3.37817e+30 0 0 4.64348e+42 6.52468 0 1
1.65482e+08 1.05381e+30 1.05381e+30 1.05383e+30 1.05383e+30 1.05383e+30 1.61599e+29 2.5848e+30 0 0 4.64348e+42 5.73204 0 1
1.91095e+08 8.59335e+29 8.59335e+29 8.59356e+29 8.59356e+29 8.59356e+29 1.36274e+29 1.92713e+30 0 0 4.64348e+42 5.0357 0 1
2.20673e+08 6.96667e+29 6.96667e+29 6.96684e+29 6.96684e+29 6.96684e+29 1.13474e+29 1.44432e+30 0 0 4.64348e+42 4.42394 0 1
2.5483e+08 5.58704e+29 5.58704e+29 5.58718e+29 5.58718e+29 5.58718e+29 9.27482e+28 1.07028e+30 0 0 4.64348e+42 3.88651 0 1
2.94273e+08 4.42725e+29 4.42725e+29 4.42736e+29 4.42736e+29 4.42736e+29 7.43761e+28 7.84359e+29 0 0 4.64348e+42 3.41436 0 1
3.39821e+08 3.44017e+29 3.44017e+29 3.44025e+29 3.44025e+29 3.44025e+29 5.79379e+28 5.6462e+29 0 0 4.64348e+42 3.13191 0 1
3.92419e+08 2.66938e+29 2.66938e+29 2.66945e+29 2.66945e+29 2.66945e+29 4.49912e+28 4.1308e+29 0 0 4.64348e+42 2.99957 0 1
4.53158e+08 2.05212e+29 2.05212e+29 2.05217e+29 2.05217e+29 2.05217e+29 3.44445e+28 3.00824e+29 0 0 4.64348e+42 2.87283 0 1
5.23299e+08 1.56108e+29 1.56108e+29 1.56112e+29 1.56112e+29 1.56112e+29 2.59493e+28 2.18163e+29 0 0 4.64348e+42 2.75144 0 1
6.04296e+08 1.17855e+29 1.17855e+29 1.17858e+29 1.17858e+29 1.17858e+29 1.93103e+28 1.56547e+29 0 0 4.64348e+42 2.63518 0 1
6.97831e+08 8.98286e+28 8.98286e+28 8.98311e+28 8.98311e+28 8.98311e+28 1.4548e+28 1.14652e+29 0 0 4.64348e+42 2.52383 0 1
8.05842e+08 6.8278e+28 6.8278e+28 6.82799e+28 6.82799e+28 6.82799e+28 1.09014e+28 8.38292e+28 0 0 4.64348e+42 2.41718 0 1
9.30572e+08 5.17236e+28 5.17236e+28 5.17251e+28 5.17251e+28 5.17251e+28 8.1164e+27 6.11459e+28 0 0 4.64348e+42 2.31505 0 1
1.07461e+09 3.89173e+28 3.89173e+28 3.89185e+28 3.89185e+28 3.89185e+28 5.97037e+27 4.39694e+28 0 0 4.64348e+42 2.32339 0 1
1.24094e+09 2.97153e+28 2.97153e+28 2.97161e+28 2.97161e+28 2.97161e+28 4.48534e+27 3.23505e+28 0 0 4.64348e+42 2.44341 0 1
1.43301e+09 2.27273e+28 2.27273e+28 2.2728e+28 2.2728e+28 2.2728e+28 3.37504e+27 2.37381e+28 0 0 4.64348e+42 2.56964 0 1
1.65482e+09 1.7362e+28 1.7362e+28 1.73626e+28 1.73626e+28 1.73626e+28 2.53254e+27 1.7366e+28 0 0 4.64348e+42 2.70238 0 1
1.91095e+09 1.318e+28 1.318e+28 1.31804e+28 1.31804e+28 1.31804e+28 1.87932e+27 1.24963e+28 0 0 4.64348e+42 2.84199 0 1
2.20673e+09 1.01242e+28 1.01242e+28 1.01245e+28 1.01245e+28 1.01245e+28 1.42169e+27 9.21419e+27 0 0 4.64348e+42 2.9888 0 1
2.5483e+09 7.76269e+27 7.76269e+27 7.76295e+27 7.76295e+27 7.76295e+27 1.07261e+27 6.77522e+27 0 0 4.64348e+42 3.1432 0 1
2.94273e+09 5.93419e+27 5.93419e+27 5.93438e+27 5.93438e+27 5.93438e+27 8.0575e+26 4.96596e+27 0 0 4.64348e+42 3.30558 0 1
3.39821e+09 4.49194e+27 4.49194e+27 4.4921e+27 4.4921e+27 4.4921e+27 5.95592e+26 3.58017e+27 0 0 4.64348e+42 3.47634 0 1
3.92419e+09 3.43496e+27 3.43496e+27 3.43508e+27 3.43508e+27 3.43508e+27 4.4913e+26 2.64172e+27 0 0 4.64348e+42 3.65592 0 1
4.53158e+09 2.61777e+27 2.61777e+27 2.61786e+27 2.61786e+27 2.61786e+27 3.37571e+26 1.9423e+27 0 0 4.64348e+42 3.84478 0 1
5.23299e+09 1.98737e+27 1.98737e+27 1.98745e+27 1.98745e+27 1.98745e+27 2.52824e+26 1.42225e+27 0 0 4.64348e+42 4.0434 0 1
6.04296e+09 1.49109e+27 1.49109e+27 1.49114e+27 1.49114e+27 1.49114e+27 1.85946e+26 1.0252e+27 0 0 4.64348e+42 4.25228 0 1
6.97831e+09 1.12867e+27 1.12867e+27 1.12871e+27 1.12871e+27 1.12871e+27 1.39694e+26 7.55638e+26 0 0 4.64348e+42 4.47195 0 1
8.05842e+09 8.50556e+26 8.50556e+26 8.50588e+26 8.50588e+26 8.50588e+26 1.04573e+26 5.55425e+26 0 0 4.64348e+42 4.70297 0 1
9.30572e+09 6.37349e+26 6.37349e+26 6.37374e+26 6.37374e+26 6.37374e+26 7.78025e+25 4.07118e+26 0 0 4.64348e+42 4.94592 0 1
1.07461e+10 4.72682e+26 4.72682e+26 4.727e+26 4.727e+26 4.727e+26 5.69763e+25 2.94378e+26 0 0 4.64348e+42 5.54941 0 1
1.24094e+10 3.52842e+26 3.52842e+26 3.52856e+26 3.52856e+26 3.52856e+26 4.24133e+25 2.17693e+26 0 0 4.64348e+42 6.64312 0 1
1.43301e+10 2.62249e+26 2.62249e+26 2.62259e+26 2.62259e+26 2.62259e+26 3.13954e+25 1.60579e+26 0 0 4.64348e+42 7.95238 0 1
1.65482e+10 1.94406e+26 1.94406e+26 1.94414e+26 1.94414e+26 1.94414e+26 2.31712e+25 1.18086e+26 0 0 4.64348e+42 9.51967 0 1
1.91095e+10 1.42758e+26 1.42758e+26 1.42764e+26 1.42764e+26 1.42764e+26 1.682e+25 8.53911e+25 0 0 4.64348e+42 11.3959 0 1
2.20673e+10 1.05483e+26 1.05483e+26 1.05488e+26 1.05488e+26 1.05488e+26 1.24377e+25 6.31848e+25 0 0 4.64348e+42 13.6418 34.7254 1
2.5483e+10 7.66314e+25 7.66314e+25 7.66354e+25 7.66354e+25 7.66354e+25 9.12577e+24 4.65979e+25 0 0 4.64348e+42 16.3304 22.9578 1
2.94273e+10 5.2465e+25 5.2465e+25 5.24694e+25 5.24694e+25 5.24694e+25 6.5645e+24 3.42452e+25 0 0 4.64348e+42 19.5489 15.5417 1
3.39821e+10 3.05805e+25 3.05805e+25 3.05865e+25 3.05865e+25 3.05865e+25 4.48352e+24 2.47083e+25 0 0 4.64348e+42 23.4017 10.7604 1
3.92419e+10 1.42132e+25 1.42132e+25 1.42204e+25 1.42204e+25 1.42204e+25 3.06719e+24 1.82827e+25 0 0 4.64348e+42 28.0138 7.61059 1
4.53158e+10 5.48849e+24 5.48849e+24 5.49557e+24 5.49557e+24 5.49557e+24 2.13422e+24 1.34942e+25 0 0 4.64348e+42 33.5349 5.49245 1
5.23299e+10 2.01135e+24 2.01135e+24 2.01725e+24 2.01725e+24 2.01725e+24 1.52543e+24 9.93146e+24 0 0 4.64348e+42 40.1441 4.04008 1
6.04296e+10 7.58279e+23 7.58279e+23 7.62825e+23 7.62825e+23 7.62825e+23 1.09078e+24 7.17488e+24 0 0 4.64348e+42 48.0559 3.02568 1
6.97831e+10 3.09088e+23 3.09088e+23 3.12517e+23 3.12517e+23 3.12517e+23 8.06649e+23 5.32104e+24 0 0 4.64348e+42 57.527 2.3047 1
8.05842e+10 1.35343e+23 1.35343e+23 1.37889e+23 1.37889e+23 1.37889e+23 5.97084e+23 3.93664e+24 0 0 4.64348e+42 68.8648 1.78376 1
9.30572e+10 6.33993e+22 6.33993e+22 6.52725e+22 6.52725e+22 6.52725e+22 4.41469e+23 2.90382e+24 0 0 4.64348e+42 82.437 1.40144 1
1.07461e+11 3.13332e+22 3.13332e+22 3.26941e+22 3.26941e+22 3.26941e+22 3.20482e+23 2.1004e+24 0 0 4.64348e+42 98.6841 1.11671 1
1.24094e+11 1.65249e+22 1.65249e+22 1.75212e+22 1.75212e+22 1.75212e+22 2.38432e+23 1.55927e+24 0 0 4.64348e+42 118.133 0.901709 1
1.43301e+11 9.13055e+21 9.13055e+21 9.85725e+21 9.85725e+21 9.85725e+21 1.76803e+23 1.15417e+24 0 0 4.64348e+42 141.416 0.737233 1
1.65482e+11 5.2527e+21 5.2527e+21 5.78097e+21 5.78097e+21 5.78097e+21 1.30603e+23 8.51373e+23 0 0 4.64348e+42 169.286 0.609868 1
1.91095e+11 3.10808e+21 3.10808e+21 3.48814e+21 3.48814e+21 3.48814e+21 9.45931e+22 6.15288e+23 0 0 4.64348e+42 202.65 0.510106 1
2.20673e+11 1.92032e+21 1.92032e+21 2.19628e+21 2.19628e+21 2.19628e+21 7.02348e+22 4.56414e+23 0 0 4.64348e+42 242.59 0.431129 1
2.5483e+11 1.21931e+21 1.21931e+21 1.41908e+21 1.41908e+21 1.41908e+21 5.19757e+22 3.37499e+23 0 0 4.64348e+42 290.4 0.367983 1
2.94273e+11 7.93054e+20 7.93055e+20 9.37263e+20 9.37263e+20 9.37263e+20 3.83312e+22 2.48663e+23 0 0 4.64348e+42 347.634 0.317029 1
3.39821e+11 5.22952e+20 5.22952e+20 6.25981e+20 6.25981e+20 6.25981e+20 2.77249e+22 1.79409e+23 0 0 4.64348e+42 0 0.275565 1
3.92419e+11 3.55926e+20 3.55926e+20 4.30284e+20 4.30284e+20 4.30284e+20 2.05672e+22 1.32891e+23 0 0 4.64348e+42 0 0.241562 1
4.53158e+11 2.46279e+20 2.46279e+20 2.99799e+20 2.99799e+20 2.99799e+20 1.52067e+22 9.81054e+22 0 0 4.64348e+42 0 0.213483 1
5.23299e+11 1.72891e+20 1.72891e+20 2.11308e+20 2.11308e+20 2.11308e+20 1.12037e+22 7.21472e+22 0 0 4.64348e+42 0 0.190154 1
6.04296e+11 1.21858e+20 1.21858e+20 1.49123e+20 1.49123e+20 1.49123e+20 8.09071e+21 5.19259e+22 0 0 4.64348e+42 0 0.170669 1
6.97831e+11 8.80394e+19 8.80395e+19 1.07606e+20 1.07606e+20 1.07606e+20 5.99386e+21 3.83764e+22 0 0 4.64348e+42 0 0.154323 1
8.05842e+11 6.41805e+19 6.41805e+19 7.81782e+19 7.81782e+19 7.81782e+19 4.42493e+21 2.82605e+22 0 0 4.64348e+42 0 0.140565 1
9.30572e+11 4.71404e+19 4.71404e+19 5.71218e+19 5.71218e+19 5.71218e+19 3.25456e+21 2.07252e+22 0 0 4.64348e+42 0 0.12896 1
1.07461e+12 3.44917e+19 3.44917e+19 4.15145e+19 4.15145e+19 4.15145e+19 2.34467e+21 1.48629e+22 0 0 4.64348e+42 0 0.119166 1
1.24094e+12 2.57713e+19 2.57714e+19 3.07748e+19 3.07748e+19 3.07748e+19 1.73334e+21 1.09488e+22 0 0 4.64348e+42 0 0.110908 1
1.43301e+12 1.93293e+19 1.93293e+19 2.28811e+19 2.28811e+19 2.28811e+19 1.27663e+21 8.03367e+21 0 0 4.64348e+42 0 0.103969 1
1.65482e+12 1.45415e+19 1.45415e+19 1.70537e+19 1.70537e+19 1.70537e+19 9.3651e+20 5.86796e+21 0 0 4.64348e+42 0 0.098177 1
1.91095e+12 1.08349e+19 1.0835e+19 1.25847e+19 1.25847e+19 1.25847e+19 6.72365e+20 4.18667e+21 0 0 4.64348e+42 0 0.0933933 1
2.20673e+12 8.24631e+18 8.24632e+18 9.48472e+18 9.48472e+18 9.48472e+18 4.95506e+20 3.06983e+21 0 0 4.64348e+42 0 0.0895108 1
2.5483e+12 6.28793e+18 6.28793e+18 7.16207e+18 7.16207e+18 7.16207e+18 3.63689e+20 2.241e+21 0 0 4.64348e+42 0 0.0864461 1
2.94273e+12 4.80346e+18 4.80346e+18 5.41911e+18 5.41911e+18 5.41911e+18 2.65783e+20 1.62768e+21 0 0 4.64348e+42 0 0.0841374 1
3.39821e+12 3.62276e+18 3.62276e+18 4.0493e+18 4.0493e+18 4.0493e+18 1.89874e+20 1.15297e+21 0 0 4.64348e+42 0 0.082541 1
3.92419e+12 2.80294e+18 2.80294e+18 3.10514e+18 3.10514e+18 3.10514e+18 1.39307e+20 8.39955e+20 0 0 4.64348e+42 0 0.08163 1
4.53158e+12 2.17333e+18 2.17334e+18 2.38729e+18 2.38729e+18 2.38729e+18 1.01747e+20 6.08843e+20 0 0 4.64348e+42 0 0.0813928 1
5.23299e+12 1.68837e+18 1.68837e+18 1.83975e+18 1.83975e+18 1.83975e+18 7.39559e+19 4.38783e+20 0 0 4.64348e+42 0 0.0818329 1
6.04296e+12 1.2909e+18 1.29091e+18 1.39608e+18 1.39608e+18 1.39608e+18 5.24663e+19 3.07722e+20 0 0 4.64348e+42 0 0.0829683 1
6.97831e+12 1.01648e+18 1.01648e+18 1.09158e+18 1.09158e+18 1.09158e+18 3.82533e+19 2.22199e+20 0 0 4.64348e+42 0 0.0848322 1
8.05842e+12 8.00964e+17 8.00965e+17 8.54528e+17 8.54528e+17 8.54528e+17 2.77487e+19 1.59509e+20 0 0 4.64348e+42 0 0.0874729 1
9.30572e+12 6.30978e+17 6.30978e+17 6.69105e+17 6.69105e+17 6.69105e+17 2.00182e+19 1.13742e+20 0 0 4.64348e+42 0 0.0909553 1
1.07461e+13 4.86677e+17 4.86677e+17 5.13208e+17 5.13208e+17 5.13208e+17 1.4064e+19 7.86803e+19 0 0 4.64348e+42 0 0.0953611 1
1.24094e+13 3.87053e+17 3.87054e+17 4.06062e+17 4.06062e+17 4.06062e+17 1.0166e+19 5.61346e+19 0 0 4.64348e+42 0 0.10079 1
1.43301e+13 3.07065e+17 3.07066e+17 3.20633e+17 3.20633e+17 3.20633e+17 7.30511e+18 3.97731e+19 0 0 4.64348e+42 0 0.10736 1
1.65482e+13 2.42747e+17 2.42748e+17 2.52386e+17 2.52386e+17 2.52386e+17 5.21568e+18 2.79577e+19 0 0 4.64348e+42 0 0.115206 1
1.91095e+13 1.8682e+17 1.8682e+17 1.93478e+17 1.93478e+17 1.93478e+17 3.61561e+18 1.89813e+19 0 0 4.64348e+42 0 0.12448 1
2.20673e+13 1.48358e+17 1.48358e+17 1.53099e+17 1.53099e+17 1.53099e+17 2.58284e+18 1.33251e+19 0 0 4.64348e+42 0 0.135345 1
2.5483e+13 1.17188e+17 1.17188e+17 1.20543e+17 1.20543e+17 1.20543e+17 1.83223e+18 9.27684e+18 0 0 4.64348e+42 0 0.147968 1
2.94273e+13 9.19894e+16 9.19898e+16 9.43468e+16 9.43468e+16 9.43468e+16 1.2899e+18 6.39711e+18 0 0 4.64348e+42 0 0.162507 1
3.39821e+13 6.98891e+16 6.98895e+16 7.14908e+16 7.14908e+16 7.14908e+16 8.77865e+17 4.234e+18 0 0 4.64348e+42 0 0.179093 1
3.92419e+13 5.48874e+16 5.48878e+16 5.60116e+16 5.60116e+16 5.60116e+16 6.17163e+17 2.90884e+18 0 0 4.64348e+42 0 0.197804 1
4.53158e+13 4.27748e+16 4.27752e+16 4.35572e+16 4.35572e+16 4.35572e+16 4.30236e+17 1.97818e+18 0 0 4.64348e+42 0 0.218621 1
5.23299e+13 3.30484e+16 3.30489e+16 3.3588e+16 3.3588e+16 3.3588e+16 2.97174e+17 1.32964e+18 0 0 4.64348e+42 0 0.241387 1
6.04296e+13 2.45421e+16 2.45425e+16 2.48995e+16 2.48995e+16 2.48995e+16 1.972e+17 8.50048e+17 0 0 4.64348e+42 0 0.265741 1
6.97831e+13 1.89002e+16 1.89006e+16 1.91457e+16 1.91457e+16 1.91457e+16 1.35671e+17 5.67422e+17 0 0 4.64348e+42 0 0.291055 1
8.05842e+13 1.44081e+16 1.44085e+16 1.45748e+16 1.45748e+16 1.45748e+16 9.2375e+16 3.74012e+17 0 0 4.64348e+42 0 0.316368 1
9.30572e+13 1.08605e+16 1.08609e+16 1.09725e+16 1.09725e+16 1.09725e+16 6.21839e+16 2.42969e+17 0 0 4.64348e+42 0 0.340344 1
1.07461e+14 7.79338e+15 7.79369e+15 7.86499e+15 7.86499e+15 7.86499e+15 3.98498e+16 1.48125e+17 0 0 4.64348e+42 0 0 1
1.24094e+14 5.83005e+15 5.83038e+15 5.87782e+15 5.87782e+15 5.87782e+15 2.66253e+16 9.5152e+16 0 0 4.64348e+42 0 0 1
1.43301e+14 4.30379e+15 4.30423e+15 4.33538e+15 4.33538e+15 4.33538e+15 1.75588e+16 6.01637e+16 0 0 4.64348e+42 0 0 1
1.65482e+14 3.13068e+15 3.13133e+15 3.15147e+15 3.15147e+15 3.15147e+15 1.14146e+16 3.73496e+16 0 0 4.64348e+42 0 0 1
1.91095e+14 2.13732e+15 2.13824e+15 2.15046e+15 2.15046e+15 2.15046e+15 6.96795e+15 2.13224e+16 0 0 4.64348e+42 0 0 1
2.20673e+14 1.53353e+15 1.53483e+15 1.54262e+15 1.54262e+15 1.54262e+15 4.47364e+15 1.30127e+16 0 0 4.64348e+42 0 0 1
2.5483e+14 1.08099e+15 1.08265e+15 1.08753e+15 1.08753e+15 1.08753e+15 2.82446e+15 7.7842e+15 0 0 4.64348e+42 0 0 1
2.94273e+14 7.47276e+14 7.49195e+14 7.52197e+14 7.52197e+14 7.52197e+14 1.75085e+15 4.54925e+15 0 0 4.64348e+42 0 0 1
3.39821e+14 4.74156e+14 4.76055e+14 4.77749e+14 4.77749e+14 4.77749e+14 9.9758e+14 2.36877e+15 0 0 4.64348e+42 0 0 1
3.92419e+14 3.20442e+14 3.22316e+14 3.23335e+14 3.23335e+14 3.23335e+14 6.06314e+14 1.34991e+15 0 0 4.64348e+42 0 0 1
4.53158e+14 2.1149e+14 2.13195e+14 2.13793e+14 2.13793e+14 2.13793e+14 3.60487e+14 7.50048e+14 0 0 4.64348e+42 0 0 1
5.23299e+14 1.36057e+14 1.37494e+14 1.37837e+14 1.37837e+14 1.37837e+14 2.09291e+14 4.04545e+14 0 0 4.64348e+42 0 0 1
6.04296e+14 7.7571e+13 7.85984e+13 7.87725e+13 7.87725e+13 7.87725e+13 1.07894e+14 1.84805e+14 0 0 4.64348e+42 0 0 1
6.97831e+14 4.82079e+13 4.89782e+13 4.90746e+13 4.90746e+13 4.90746e+13 6.07457e+13 9.60781e+13 0 0 4.64348e+42 0 0 1
8.05842e+14 2.90254e+13 2.95663e+13 2.96181e+13 2.96181e+13 2.96181e+13 3.32026e+13 4.83836e+13 0 0 4.64348e+42 0 0 1
9.30572e+14 1.69027e+13 1.72593e+13 1.72862e+13 1.72862e+13 1.72862e+13 1.75909e+13 2.34627e+13 0 0 4.64348e+42 0 0 1
1.07461e+15 8.22943e+12 8.42094e+12 8.43261e+12 8.43261e+12 8.43261e+12 7.81103e+12 8.86308e+12 0 0 4.64348e+42 0 0 1
1.24094e+15 4.54546e+12 4.65949e+12 4.66524e+12 4.66524e+12 4.66524e+12 3.94409e+12 4.07049e+12 0 0 4.64348e+42 0 0 1
1.43301e+15 2.40242e+12 2.46608e+12 2.4688e+12 2.4688e+12 2.4688e+12 1.91081e+12 1.79691e+12 0 0 4.64348e+42 0 0 1
1.65482e+15 1.21479e+12 1.24819e+12 1.24942e+12 1.24942e+12 1.24942e+12 8.88235e+11 7.56649e+11 0 0 4.64348e+42 0 0 1
1.91095e+15 4.65283e+11 4.78344e+11 4.78765e+11 4.78765e+11 4.78765e+11 3.13849e+11 2.14778e+11 0 0 4.64348e+42 0 0 1
2.20673e+15 2.16633e+11 2.22755e+11 2.22931e+11 2.22931e+11 2.22931e+11 1.35214e+11 8.30405e+10 0 0 4.64348e+42 0 0 1
2.5483e+15 9.44619e+10 9.71162e+10 9.71848e+10 9.71848e+10 9.71848e+10 5.47552e+10 3.06126e+10 0 0 4.64348e+42 0 0 1
2.94273e+15 3.86978e+10 3.97668e+10 3.9792e+10 3.9792e+10 3.9792e+10 2.09117e+10 1.06965e+10 0 0 4.64348e+42 0 0 1
3.39821e+15 1.02543e+10 1.053e+10 1.0536e+10 1.0536e+10 1.0536e+10 5.19105e+09 1.92626e+09 0 0 4.64348e+42 0 0 1
3.92419e+15 3.70452e+09 3.80061e+09 3.80257e+09 3.80257e+09 3.80257e+09 1.76279e+09 5.77105e+08 0 0 4.64348e+42 0 0 1
4.53158e+15 1.20334e+09 1.23322e+09 1.23379e+09 1.23379e+09 1.23379e+09 5.40656e+08 1.62954e+08 0 0 4.64348e+42 0 0 1
5.23299e+15 3.49871e+08 3.58125e+08 3.58277e+08 3.58277e+08 3.58277e+08 1.49135e+08 4.41174e+07 0 0 4.64348e+42 0 0 1
6.04296e+15 5.30605e+07 5.42426e+07 5.42635e+07 5.42635e+07 5.42635e+07 2.15898e+07 3.87734e+06 0 0 4.64348e+42 0 0 1
6.97831e+15 1.29629e+07 1.3234e+07 1.32387e+07 1.32387e+07 1.32387e+07 5.05011e+06 774477 0 0 4.64348e+42 0 0 1
8.05842e+15 2.6544e+06 2.70626e+06 2.70714e+06 2.70714e+06 2.70714e+06 995161 139378 0 0 4.64348e+42 0 0 1
9.30572e+15 429845 437654 437784 437784 437784 156011 24571.6 0 0 4.64348e+42 0 0 1
1.07461e+16 27027.5 27482.2 27489.7 27489.7 27489.7 9579.49 802.812 0 0 4.64348e+42 0 0 1
1.24094e+16 3454.63 3508.23 3509.13 3509.13 3509.13 1197.64 82.271 0 0 4.64348e+42 0 0 1
1.43301e+16 329.021 333.715 333.794 333.794 333.794 112.368 6.60626 0 0 4.64348e+42 0 0 1
1.65482e+16 21.0279 21.3028 21.3076 21.3076 21.3076 7.16734 0.490812 0 0 4.64348e+42 0 0 1
1.91095e+16 0.29551 0.299041 0.299104 0.299104 0.299104 0.115001 0.00408687 0 0 4.64348e+42 0 0 1
2.20673e+16 0.0126634 0.0128013 0.0128039 0.0128039 0.0128039 0.0098285 0.000138049 0 0 4.64348e+42 0 0 1
2.5483e+16 0.000318941 0.000322102 0.000322162 0.000322162 0.000322162 0.00172936 2.81892e-06 0 0 4.64348e+42 0 0 1
2.94273e+16 6.39054e-06 6.44802e-06 6.44918e-06 6.44918e-06 6.44918e-06 0.000346972 3.68664e-08 0 0 4.64348e+42 0 0 1
3.39821e+16 1.98909e-07 2.0053e-07 2.00564e-07 2.00564e-07 2.00564e-07 2.51695e-05 4.07114e-11 0 0 4.64348e+42 0 0 1
3.92419e+16 3.25509e-08 3.27908e-08 3.27962e-08 3.27962e-08 3.27962e-08 3.69254e-06 1.92244e-13 0 0 4.64348e+42 0 0 1
4.53158e+16 3.72495e-09 3.74973e-09 3.75033e-09 3.75033e-09 3.75033e-09 3.75226e-07 3.14239e-16 0 0 4.64348e+42 0 0 1
5.23299e+16 2.65114e-10 2.66704e-10 2.66745e-10 2.66745e-10 2.66745e-10 2.40419e-08 1.72865e-19 0 0 4.64348e+42 0 0 1
6.04296e+16 3.52264e-12 3.54165e-12 3.54218e-12 3.54218e-12 3.54218e-12 2.91287e-10 4.99613e-24 0 0 4.64348e+42 0 0 1
6.97831e+16 1.44581e-13 1.45282e-13 1.45303e-13 1.45303e-13 1.45303e-13 1.1025e-11 3.42369e-28 0 0 4.64348e+42 0 0 1
8.05842e+16 2.69901e-15 2.71077e-15 2.71116e-15 2.71116e-15 2.71116e-15 1.9169e-13 3.75739e-33 0 0 4.64348e+42 0 0 1
9.30572e+16 0 0 0 0 0 0 0 0 0 4.64348e+42 0 0 1