
1.07461e-07 2.70077e+46 2.70077e+46 1.64676e+55 1.71836e+55 2.10989e+55 4.73634e+53 0 3.35505e+46 8.92876e+40 4.64348e+42 0 0 1
1.24094e-07 4.74569e+48 4.74569e+48 1.47944e+55 1.53499e+55 1.77219e+55 3.96545e+53 0 3.87435e+46 1.51229e+43 4.64348e+42 0 0 1
1.43301e-07 2.06473e+50 2.06473e+50 1.30301e+55 1.34527e+55 1.48687e+55 3.31602e+53 0 4.47403e+46 6.46919e+44 4.64348e+42 0 0 1
1.65482e-07 3.20076e+51 3.20076e+51 1.13078e+55 1.16247e+55 1.24605e+55 2.7695e+53 0 5.16652e+46 1.00071e+46 4.64348e+42 0 0 1
1.91095e-07 2.31381e+52 2.31381e+52 9.70574e+54 9.94083e+54 1.04299e+55 2.31012e+53 0 5.96621e+46 7.29848e+46 4.64348e+42 0 0 1
2.20673e-07 9.51587e+52 9.51587e+52 8.2622e+54 8.43522e+54 8.71936e+54 1.92441e+53 0 6.88967e+46 3.05342e+47 4.64348e+42 0 0 1
2.5483e-07 2.57885e+53 2.57885e+53 6.98933e+54 7.1159e+54 7.28005e+54 1.60095e+53 0 7.95607e+46 8.47081e+47 4.64348e+42 0 0 1
2.94273e-07 5.13338e+53 5.13338e+53 5.88375e+54 5.97591e+54 6.07028e+54 1.33002e+53 0 9.18752e+46 1.73453e+48 4.64348e+42 0 0 1
3.39821e-07 8.13202e+53 8.13202e+53 4.93372e+54 5.00057e+54 5.05461e+54 1.10337e+53 0 1.06096e+47 2.83764e+48 4.64348e+42 0 0 1
3.92419e-07 1.08775e+54 1.08775e+54 4.12374e+54 4.17208e+54 4.2029e+54 9.14013e+52 0 1.22518e+47 3.93254e+48 4.64348e+42 0 0 1
4.53158e-07 1.2835e+54 1.2835e+54 3.43718e+54 3.47205e+54 3.48957e+54 7.56012e+52 0 1.41481e+47 4.82087e+48 4.64348e+42 0 0 1
5.23299e-07 1.3798e+54 1.3798e+54 2.85788e+54 2.88297e+54 2.89289e+54 6.24358e+52 0 1.6338e+47 5.39767e+48 4.64348e+42 0 0 1
6.04296e-07 1.38405e+54 1.38405e+54 2.37083e+54 2.38885e+54 2.39445e+54 5.14809e+52 0 1.88668e+47 5.65178e+48 4.64348e+42 0 0 1
6.97831e-07 1.3184e+54 1.3184e+54 1.96259e+54 1.97549e+54 1.97865e+54 4.23787e+52 0 2.17871e+47 5.63186e+48 4.64348e+42 0 0 1
8.05842e-07 1.20821e+54 1.20821e+54 1.62128e+54 1.63051e+54 1.63228e+54 3.48269e+52 0 2.51593e+47 5.41024e+48 4.64348e+42 0 0 1
9.30572e-07 1.07546e+54 1.07546e+54 1.3366e+54 1.34318e+54 1.34417e+54 2.85712e+52 0 2.90535e+47 5.05857e+48 4.64348e+42 0 0 1
1.07461e-06 9.36435e+53 9.36435e+53 1.09967e+54 1.10436e+54 1.10491e+54 2.33973e+52 0 3.35504e+47 4.63608e+48 4.64348e+42 0 0 1
1.24094e-06 8.01765e+53 8.01765e+53 9.02878e+53 9.06212e+53 9.06518e+53 1.9125e+52 0 3.87434e+47 4.1865e+48 4.64348e+42 0 0 1
1.43301e-06 6.77587e+53 6.77587e+53 7.39765e+53 7.42129e+53 7.42299e+53 1.56031e+52 0 4.47402e+47 3.73943e+48 4.64348e+42 0 0 1
1.65482e-06 5.66829e+53 5.66829e+53 6.04834e+53 6.06508e+53 6.06601e+53 1.27049e+52 0 5.16652e+47 3.31322e+48 4.64348e+42 0 0 1
1.91095e-06 4.70329e+53 4.70329e+53 4.93441e+53 4.94623e+53 4.94674e+53 1.0324e+52 0 5.9662e+47 2.9181e+48 4.64348e+42 0 0 1
2.20673e-06 3.87674e+53 3.87674e+53 4.01667e+53 4.025e+53 4.02528e+53 8.37171e+51 0 6.88966e+47 2.55879e+48 4.64348e+42 0 0 1
2.5483e-06 3.17775e+53 3.17775e+53 3.26214e+53 3.268e+53 3.26815e+53 6.7738e+51 0 7.95606e+47 2.23641e+48 4.64348e+42 0 0 1
2.94273e-06 2.59239e+53 2.59239e+53 2.64311e+53 2.64722e+53 2.6473e+53 5.46848e+51 0 9.18751e+47 1.94993e+48 4.64348e+42 0 0 1
3.39821e-06 2.10597e+53 2.10597e+53 2.13634e+53 2.13922e+53 2.13926e+53 4.40428e+51 0 1.06096e+48 1.69713e+48 4.64348e+42 0 0 1
3.92419e-06 1.70427e+53 1.70427e+53 1.72241e+53 1.72441e+53 1.72444e+53 3.53848e+51 0 1.22517e+48 1.47515e+48 4.64348e+42 0 0 1
4.53158e-06 1.37427e+53 1.37427e+53 1.38507e+53 1.38647e+53 1.38648e+53 2.83562e+51 0 1.41481e+48 1.28096e+48 4.64348e+42 0 0 1
5.23299e-06 1.1044e+53 1.1044e+53 1.11081e+53 1.11178e+53 1.11179e+53 2.26634e+51 0 1.63379e+48 1.11153e+48 4.64348e+42 0 0 1
6.04296e-06 8.84579e+52 8.84579e+52 8.88369e+52 8.89042e+52 8.89049e+52 1.80637e+51 0 1.88667e+48 9.64e+47 4.64348e+42 0 0 1
6.97831e-06 7.06193e+52 7.06193e+52 7.08428e+52 7.08893e+52 7.08897e+52 1.43568e+51 0 2.1787e+48 8.35721e+47 4.64348e+42 0 0 1
8.05842e-06 5.61934e+52 5.61934e+52 5.63248e+52 5.63568e+52 5.6357e+52 1.13774e+51 0 2.51592e+48 7.24301e+47 4.64348e+42 0 0 1
9.30572e-06 4.4567e+52 4.4567e+52 4.4644e+52 4.4666e+52 4.46661e+52 8.98944e+50 0 2.90533e+48 6.27601e+47 4.64348e+42 0 0 1
1.07461e-05 3.52283e+52 3.52283e+52 3.52733e+52 3.52883e+52 3.52883e+52 7.08124e+50 0 3.35503e+48 5.43725e+47 4.64348e+42 0 0 1
1.24094e-05 2.77525e+52 2.77525e+52 2.77787e+52 2.7789e+52 2.7789e+52 5.56107e+50 0 3.87432e+48 4.71003e+47 4.64348e+42 0 0 1
1.43301e-05 2.17887e+52 2.17887e+52 2.18039e+52 2.18109e+52 2.18109e+52 4.35386e+50 0 4.47399e+48 4.07972e+47 4.64348e+42 0 0 1
1.65482e-05 1.70477e+52 1.70477e+52 1.70565e+52 1.70612e+52 1.70612e+52 3.39827e+50 0 5.16648e+48 3.53354e+47 4.64348e+42 0 0 1
1.91095e-05 1.32924e+52 1.32924e+52 1.32975e+52 1.33007e+52 1.33007e+52 2.64433e+50 0 5.96614e+48 3.06033e+47 4.64348e+42 0 0 1
2.20673e-05 1.03287e+52 1.03287e+52 1.03316e+52 1.03338e+52 1.03338e+52 2.05145e+50 0 6.88958e+48 2.6504e+47 4.64348e+42 0 0 1
2.5483e-05 7.99849e+51 7.99849e+51 8.00015e+51 8.00159e+51 8.00159e+51 1.58677e+50 0 7.95595e+48 2.29532e+47 4.64348e+42 0 0 1
2.94273e-05 6.1732e+51 6.1732e+51 6.17415e+51 6.17511e+51 6.17511e+51 1.22375e+50 0 9.18737e+48 1.98777e+47 4.64348e+42 0 0 1
3.39821e-05 4.74883e+51 4.74883e+51 4.74937e+51 4.75001e+51 4.75001e+51 9.41079e+49 0 1.06094e+49 1.72141e+47 4.64348e+42 0 0 1
3.92419e-05 3.64149e+51 3.64149e+51 3.64179e+51 3.64222e+51 3.64222e+51 7.21675e+49 0 1.22515e+49 1.49072e+47 4.64348e+42 0 0 1
4.53158e-05 2.78379e+51 2.78379e+51 2.78397e+51 2.78425e+51 2.78425e+51 5.51914e+49 0 1.41477e+49 1.29094e+47 4.64348e+42 0 0 1
5.23299e-05 2.12188e+51 2.12188e+51 2.12197e+51 2.12216e+51 2.12216e+51 4.2097e+49 0 1.63375e+49 1.11793e+47 4.64348e+42 0 0 1
6.04296e-05 1.61284e+51 1.61284e+51 1.6129e+51 1.61302e+51 1.61302e+51 3.20273e+49 0 1.88662e+49 9.68097e+46 4.64348e+42 0 0 1
6.97831e-05 1.22271e+51 1.22271e+51 1.22274e+51 1.22282e+51 1.22282e+51 2.43064e+49 0 2.17862e+49 8.38345e+46 4.64348e+42 0 0 1
8.05842e-05 9.24667e+50 9.24667e+50 9.24684e+50 9.24736e+50 9.24736e+50 1.84035e+49 0 2.51581e+49 7.25981e+46 4.64348e+42 0 0 1
9.30572e-05 6.97678e+50 6.97678e+50 6.97688e+50 6.97722e+50 6.97722e+50 1.39031e+49 0 2.90519e+49 6.28677e+46 4.64348e+42 0 0 1
0.000107461 5.25302e+50 5.25302e+50 5.25308e+50 5.2533e+50 5.2533e+50 1.04811e+49 0 3.35484e+49 5.44414e+46 4.64348e+42 0 0 1
0.000124094 3.94751e+50 3.94751e+50 3.94754e+50 3.94769e+50 3.94769e+50 7.88584e+48 0 3.87407e+49 4.71444e+46 4.64348e+42 0 0 1
0.000143301 2.96124e+50 2.96124e+50 2.96126e+50 2.96135e+50 2.96135e+50 5.92233e+48 0 4.47365e+49 4.08255e+46 4.64348e+42 0 0 1
0.000165482 2.21786e+50 2.21786e+50 2.21787e+50 2.21793e+50 2.21793e+50 4.44024e+48 0 5.16603e+49 3.53535e+46 4.64348e+42 0 0 1
0.000191095 1.65872e+50 1.65872e+50 1.65872e+50 1.65876e+50 1.65876e+50 3.32393e+48 0 5.96555e+49 3.06149e+46 4.64348e+42 0 0 1
0.000220673 1.23897e+50 1.23897e+50 1.23897e+50 1.23899e+50 1.23899e+50 2.48481e+48 0 6.88879e+49 2.65114e+46 4.64348e+42 0 0 1
0.00025483 9.24399e+49 9.24399e+49 9.24401e+49 9.24418e+49 9.24418e+49 1.85522e+48 0 7.95489e+49 2.29579e+46 4.64348e+42 0 0 1
0.000294273 6.89026e+49 6.89026e+49 6.89027e+49 6.89037e+49 6.89037e+49 1.38362e+48 0 9.18596e+49 1.98808e+46 4.64348e+42 0 0 1
0.000339821 5.13153e+49 5.13153e+49 5.13154e+49 5.13161e+49 5.13161e+49 1.03091e+48 0 1.06075e+50 1.7216e+46 4.64348e+42 0 0 1
0.000392419 3.81903e+49 3.81903e+49 3.81903e+49 3.81908e+49 3.81908e+49 7.67479e+47 0 1.2249e+50 1.49085e+46 4.64348e+42 0 0 1
0.000453158 2.8406e+49 2.8406e+49 2.8406e+49 2.84063e+49 2.84063e+49 5.70966e+47 0 1.41444e+50 1.29102e+46 4.64348e+42 0 0 1
0.000523299 2.11189e+49 2.11189e+49 2.1119e+49 2.11191e+49 2.11191e+49 4.24529e+47 0 1.6333e+50 1.11798e+46 4.64348e+42 0 0 1
0.000604296 1.56962e+49 1.56962e+49 1.56962e+49 1.56963e+49 1.56963e+49 3.15511e+47 0 1.88602e+50 9.6813e+45 4.64348e+42 0 0 1
0.000697831 1.16634e+49 1.16634e+49 1.16634e+49 1.16635e+49 1.16635e+49 2.34414e+47 0 2.17782e+50 8.38366e+45 4.64348e+42 0 0 1
0.000805842 8.66599e+48 8.66599e+48 8.66599e+48 8.66604e+48 8.66604e+48 1.74127e+47 0 2.51475e+50 7.25995e+45 4.64348e+42 0 0 1
0.000930572 6.43903e+48 6.43903e+48 6.43903e+48 6.43906e+48 6.43906e+48 1.29335e+47 0 2.90378e+50 6.28686e+45 4.64348e+42 0 0 1
0.00107461 4.78497e+48 4.78497e+48 4.78497e+48 4.78499e+48 4.78499e+48 9.60686e+46 0 3.35295e+50 5.44419e+45 4.64348e+42 0 0 1
0.00124094 3.55663e+48 3.55663e+48 3.55663e+48 3.55664e+48 3.55664e+48 7.13689e+46 0 3.87156e+50 4.71448e+45 4.64348e+42 0 0 1
0.00143301 2.64449e+48 2.64449e+48 2.64449e+48 2.6445e+48 2.6445e+48 5.30329e+46 0 4.47031e+50 4.08257e+45 4.64348e+42 0 0 1
0.00165482 1.96712e+48 1.96712e+48 1.96712e+48 1.96712e+48 1.96712e+48 3.94217e+46 0 5.16157e+50 3.53536e+45 4.64348e+42 0 0 1
0.00191095 1.46401e+48 1.46401e+48 1.46401e+48 1.46401e+48 1.46401e+48 2.93171e+46 0 5.9596e+50 3.0615e+45 4.64348e+42 0 0 1
0.00220673 1.09023e+48 1.09023e+48 1.09023e+48 1.09023e+48 1.09023e+48 2.18144e+46 0 6.88085e+50 2.65115e+45 4.64348e+42 0 0 1
0.0025483 8.12433e+47 8.12433e+47 8.12433e+47 8.12435e+47 8.12435e+47 1.6242e+46 0 7.94431e+50 2.2958e+45 4.64348e+42 0 0 1
0.00294273 6.05886e+47 6.05886e+47 6.05886e+47 6.05887e+47 6.05887e+47 1.21018e+46 0 9.17185e+50 1.98808e+45 4.64348e+42 0 0 1
0.00339821 4.52233e+47 4.52233e+47 4.52233e+47 4.52233e+47 4.52233e+47 9.02424e+45 0 1.05887e+51 1.72161e+45 4.64348e+42 0 0 1
0.00392419 3.37858e+47 3.37858e+47 3.37858e+47 3.37859e+47 3.37859e+47 6.73527e+45 0 1.22239e+51 1.49085e+45 4.64348e+42 0 0 1
0.00453158 2.52665e+47 2.52665e+47 2.52665e+47 2.52665e+47 2.52665e+47 5.03177e+45 0 1.41109e+51 1.29102e+45 4.64348e+42 0 0 1
0.00523299 1.89159e+47 1.89159e+47 1.89159e+47 1.89159e+47 1.89159e+47 3.76307e+45 0 1.62884e+51 1.11798e+45 4.64348e+42 0 0 1
0.00604296 1.4178e+47 1.4178e+47 1.4178e+47 1.4178e+47 1.4178e+47 2.81745e+45 0 1.88007e+51 9.6813e+44 4.64348e+42 0 0 1
0.00697831 1.06401e+47 1.06401e+47 1.06401e+47 1.06401e+47 1.06401e+47 2.11203e+45 0 2.1699e+51 8.38366e+44 4.64348e+42 0 0 1
0.00805842 7.99572e+46 7.99572e+46 7.99572e+46 7.99573e+46 7.99573e+46 1.58529e+45 0 2.50418e+51 7.25995e+44 4.64348e+42 0 0 1
0.00930572 6.01707e+46 6.01707e+46 6.01707e+46 6.01708e+46 6.01708e+46 1.19157e+45 0 2.88969e+51 6.28686e+44 4.64348e+42 0 0 1
0.0107461 4.53489e+46 4.53489e+46 4.53489e+46 4.53489e+46 4.53489e+46 8.9695e+44 0 3.33417e+51 5.44419e+44 4.64348e+42 0 0 1
0.0124094 3.42327e+46 3.42327e+46 3.42327e+46 3.42327e+46 3.42327e+46 6.76233e+44 0 3.84652e+51 4.71448e+44 4.64348e+42 0 0 1
0.0143301 2.58848e+46 2.58848e+46 2.58848e+46 2.58848e+46 2.58848e+46 5.1067e+44 0 4.43693e+51 4.08257e+44 4.64348e+42 0 0 1
0.0165482 1.96074e+46 1.96074e+46 1.96074e+46 1.96074e+46 1.96074e+46 3.86314e+44 0 5.11708e+51 3.53536e+44 4.64348e+42 0 0 1
0.0191095 1.48799e+46 1.48799e+46 1.48799e+46 1.48799e+46 1.48799e+46 2.92775e+44 0 5.9003e+51 3.06149e+44 4.64348e+42 0 0 1
0.0220673 1.13143e+46 1.13143e+46 1.13143e+46 1.13143e+46 1.13143e+46 2.2231e+44 0 6.80183e+51 2.65114e+44 4.64348e+42 0 0 1
0.025483 8.62052e+45 8.62052e+45 8.62052e+45 8.62053e+45 8.62053e+45 1.69143e+44 0 7.83901e+51 2.2958e+44 4.64348e+42 0 0 1
0.0294273 6.58198e+45 6.58198e+45 6.58198e+45 6.58198e+45 6.58198e+45 1.28959e+44 0 9.03155e+51 1.98808e+44 4.64348e+42 0 0 1
0.0339821 5.0365e+45 5.0365e+45 5.0365e+45 5.0365e+45 5.0365e+45 9.85348e+43 0 1.04018e+52 1.7216e+44 4.64348e+42 0 0 1
0.0392419 3.86261e+45 3.86261e+45 3.86261e+45 3.86261e+45 3.86261e+45 7.54568e+43 0 1.19749e+52 1.49085e+44 4.64348e+42 0 0 1
0.0453158 2.96921e+45 2.96921e+45 2.96921e+45 2.96921e+45 2.96921e+45 5.79172e+43 0 1.37794e+52 1.29102e+44 4.64348e+42 0 0 1
0.0523299 2.28789e+45 2.28789e+45 2.28789e+45 2.28789e+45 2.28789e+45 4.45599e+43 0 1.58469e+52 1.11798e+44 4.64348e+42 0 0 1
0.0604296 1.7672e+45 1.7672e+45 1.7672e+45 1.7672e+45 1.7672e+45 3.43661e+43 0 1.8213e+52 9.68129e+43 4.64348e+42 0 0 1
0.0697831 1.36838e+45 1.36838e+45 1.36838e+45 1.36838e+45 1.36838e+45 2.65696e+43 0 2.09168e+52 8.38365e+43 4.64348e+42 0 0 1
0.0805842 1.0622e+45 1.0622e+45 1.0622e+45 1.0622e+45 1.0622e+45 2.05931e+43 0 2.40013e+52 7.25994e+43 4.64348e+42 0 0 1
0.0930572 8.26609e+44 8.26609e+44 8.26609e+44 8.26609e+44 8.26609e+44 1.60011e+43 0 2.7513e+52 6.28685e+43 4.64348e+42 0 0 1
0.107461 6.44884e+44 6.44884e+44 6.44884e+44 6.44884e+44 6.44884e+44 1.24645e+43 0 3.1502e+52 5.44418e+43 4.64348e+42 0 0 1
0.124094 5.04367e+44 5.04367e+44 5.04367e+44 5.04367e+44 5.04367e+44 9.7339e+42 0 3.60208e+52 4.71447e+43 4.64348e+42 0 0 1
0.143301 3.95442e+44 3.95442e+44 3.95442e+44 3.95442e+44 3.95442e+44 7.62048e+42 0 4.11233e+52 4.08256e+43 4.64348e+42 0 0 1
0.165482 3.10793e+44 3.10793e+44 3.10793e+44 3.10793e+44 3.10793e+44 5.98059e+42 0 4.68632e+52 3.53535e+43 4.64348e+42 0 0 1
0.191095 2.44841e+44 2.44841e+44 2.44841e+44 2.44841e+44 2.44841e+44 4.70489e+42 0 5.32912e+52 3.06149e+43 4.64348e+42 0 0 1
0.220673 1.93326e+44 1.93326e+44 1.93326e+44 1.93326e+44 1.93326e+44 3.70996e+42 0 6.04513e+52 2.65114e+43 4.64348e+42 0 0 1
0.25483 1.52984e+44 1.52984e+44 1.52984e+44 1.52984e+44 1.52984e+44 2.93204e+42 0 6.83759e+52 2.29579e+43 4.64348e+42 0 0 1
0.294273 1.21312e+44 1.21312e+44 1.21312e+44 1.21312e+44 1.21312e+44 2.32224e+42 0 7.70792e+52 1.98807e+43 4.64348e+42 0 0 1
0.339821 9.6385e+43 9.6385e+43 9.6385e+43 9.6385e+43 9.6385e+43 1.84304e+42 0 8.6548e+52 1.7216e+43 4.64348e+42 0 0 1
0.392419 7.67194e+43 7.67194e+43 7.67194e+43 7.67194e+43 7.67194e+43 1.46555e+42 0 9.67314e+52 1.49084e+43 4.64348e+42 0 0 1
0.453158 6.11683e+43 6.11683e+43 6.11683e+43 6.11683e+43 6.11683e+43 1.16749e+42 0 1.07526e+53 1.29101e+43 4.64348e+42 0 0 1
0.523299 4.88433e+43 4.88433e+43 4.88433e+43 4.88433e+43 4.88433e+43 9.316e+41 0 1.18763e+53 1.11797e+43 4.64348e+42 0 0 1
0.604296 3.90543e+43 3.90543e+43 3.90543e+43 3.90543e+43 3.90543e+43 7.44523e+41 0 1.30185e+53 9.6812e+42 4.64348e+42 0 0 1
0.697831 3.12642e+43 3.12642e+43 3.12642e+43 3.12642e+43 3.12642e+43 5.95856e+41 0 1.41433e+53 8.38356e+42 4.64348e+42 0 0 1
0.805842 2.50533e+43 2.50533e+43 2.50533e+43 2.50533e+43 2.50533e+43 4.77492e+41 0 1.52029e+53 7.25985e+42 4.64348e+42 0 0 1
0.930572 2.00934e+43 2.00934e+43 2.00934e+43 2.00934e+43 2.00934e+43 3.83093e+41 0 1.61363e+53 6.28676e+42 4.64348e+42 0 0 1
1.07461 1.61266e+43 1.61266e+43 1.61266e+43 1.61266e+43 1.61266e+43 3.07689e+41 0 1.68704e+53 5.4441e+42 4.64348e+42 0 0 1
1.24094 1.29498e+43 1.29498e+43 1.29498e+43 1.29498e+43 1.29498e+43 2.47372e+41 0 1.7322e+53 4.71438e+42 4.64348e+42 0 0 1
1.43301 1.04028e+43 1.04028e+43 1.04028e+43 1.04028e+43 1.04028e+43 1.99059e+41 0 1.74044e+53 4.08247e+42 4.64348e+42 0 0 1
1.65482 8.35878e+42 8.35878e+42 8.35878e+42 8.35878e+42 8.35878e+42 1.60312e+41 0 1.70377e+53 3.53526e+42 4.64348e+42 0 0 1
1.91095 6.71689e+42 6.71689e+42 6.71689e+42 6.71689e+42 6.71689e+42 1.29195e+41 0 1.61644e+53 3.0614e+42 4.64348e+42 0 0 1
2.20673 5.39701e+42 5.39701e+42 5.39701e+42 5.39701e+42 5.39701e+42 1.0417e+41 0 1.47688e+53 2.65105e+42 4.64348e+42 0 0 1
2.5483 4.3352e+42 4.3352e+42 4.3352e+42 4.3352e+42 4.3352e+42 8.40121e+40 0 1.28964e+53 2.2957e+42 4.64348e+42 0 0 1
2.94273 3.48043e+42 3.48043e+42 3.48043e+42 3.48043e+42 3.48043e+42 6.77462e+40 0 1.06667e+53 1.98798e+42 4.64348e+42 0 0 1
3.39821 2.79195e+42 2.79195e+42 2.79195e+42 2.79195e+42 2.79195e+42 5.45973e+40 0 8.26907e+52 1.72151e+42 4.64348e+42 0 0 1
3.92419 2.23721e+42 2.23721e+42 2.23721e+42 2.23721e+42 2.23721e+42 4.3951e+40 0 5.93568e+52 1.49075e+42 4.64348e+42 0 0 1
4.53158 1.79023e+42 1.79023e+42 1.79023e+42 1.79023e+42 1.79023e+42 3.5322e+40 0 3.8907e+52 1.29093e+42 4.64348e+42 0 0 1
5.23299 1.43025e+42 1.43025e+42 1.43025e+42 1.43025e+42 1.43025e+42 2.83266e+40 0 2.2923e+52 1.11788e+42 4.64348e+42 0 0 1
6.04296 1.14063e+42 1.14063e+42 1.14063e+42 1.14063e+42 1.14063e+42 2.26605e+40 0 1.19248e+52 9.68034e+41 4.64348e+42 0 0 1
6.97831 9.0799e+41 9.0799e+41 9.0799e+41 9.0799e+41 9.0799e+41 1.80799e+40 0 5.36788e+51 8.3827e+41 4.64348e+42 0 0 1
8.05842 7.21495e+41 7.21495e+41 7.21495e+41 7.21495e+41 7.21495e+41 1.43869e+40 0 2.04341e+51 7.25899e+41 4.64348e+42 0 0 1
9.30572 5.72346e+41 5.72346e+41 5.72346e+41 5.72346e+41 5.72346e+41 1.142e+40 0 6.40792e+50 6.2859e+41 4.64348e+42 0 0 1
10.7461 4.53376e+41 4.53376e+41 4.53376e+41 4.53376e+41 4.53376e+41 9.04576e+39 0 1.60621e+50 5.44323e+41 4.64348e+42 0 0 1
12.4094 3.5874e+41 3.5874e+41 3.5874e+41 3.5874e+41 3.5874e+41 7.15414e+39 0 3.10841e+49 4.71352e+41 4.64348e+42 0 0 1
14.3301 2.83666e+41 2.83666e+41 2.83666e+41 2.83666e+41 2.83666e+41 5.6537e+39 0 4.46195e+48 4.08161e+41 4.64348e+42 0 0 1
16.5482 2.24256e+41 2.24256e+41 2.24256e+41 2.24256e+41 2.24256e+41 4.46834e+39 0 4.53609e+47 3.5344e+41 4.64348e+42 0 0 1
19.1095 1.77331e+41 1.77331e+41 1.77331e+41 1.77331e+41 1.77331e+41 3.53466e+39 0 3.09611e+46 3.06053e+41 4.64348e+42 0 0 1
22.0673 1.40304e+41 1.40304e+41 1.40304e+41 1.40304e+41 1.40304e+41 2.80025e+39 0 1.33398e+45 2.65019e+41 4.64348e+42 0 0 1
25.483 1.11091e+41 1.11091e+41 1.11091e+41 1.11091e+41 1.11091e+41 2.22233e+39 0 3.37872e+43 2.29484e+41 4.64348e+42 0 0 1
29.4273 8.80296e+40 8.80296e+40 8.80296e+40 8.80296e+40 8.80296e+40 1.76675e+39 0 4.63356e+41 1.98712e+41 4.64348e+42 0 0 1
33.9821 6.98062e+40 6.98062e+40 6.98062e+40 6.98062e+40 6.98062e+40 1.40671e+39 0 3.12893e+39 1.72064e+41 4.64348e+42 0 0 1
39.2419 5.53918e+40 5.53918e+40 5.53918e+40 5.53918e+40 5.53918e+40 1.12149e+39 0 9.32336e+36 1.48989e+41 4.64348e+42 0 0 1
45.3158 4.39807e+40 4.39807e+40 4.39807e+40 4.39807e+40 4.39807e+40 8.95079e+38 0 1.08006e+34 1.29006e+41 4.64348e+42 0 0 1
52.3299 3.49412e+40 3.49412e+40 3.49412e+40 3.49412e+40 3.49412e+40 7.1509e+38 0 4.2026e+30 1.11702e+41 4.64348e+42 0 0 1
60.4296 2.77762e+40 2.77762e+40 2.77762e+40 2.77762e+40 2.77762e+40 5.71839e+38 0 4.63921e+26 9.6717e+40 4.64348e+42 0 0 1
69.7831 2.20941e+40 2.20941e+40 2.20941e+40 2.20941e+40 2.20941e+40 4.57713e+38 0 1.19547e+22 8.37406e+40 4.64348e+42 0 0 1
80.5842 1.75853e+40 1.75853e+40 1.75853e+40 1.75853e+40 1.75853e+40 3.66704e+38 0 5.74123e+16 7.25035e+40 4.64348e+42 0 0 1
93.0572 1.40055e+40 1.40055e+40 1.40055e+40 1.40055e+40 1.40055e+40 2.94061e+38 0 3.96197e+10 6.27726e+40 4.64348e+42 0 0 1
107.461 1.11615e+40 1.11615e+40 1.11615e+40 1.11615e+40 1.11615e+40 2.36022e+38 0 2909.66 5.4346e+40 4.64348e+42 0 0 1
124.094 8.90066e+39 8.90066e+39 8.90066e+39 8.90066e+39 8.90066e+39 1.89604e+38 0 1.60769e-05 4.70488e+40 4.64348e+42 0 0 1
143.301 7.10219e+39 7.10219e+39 7.10219e+39 7.10219e+39 7.10219e+39 1.52445e+38 0 4.47794e-15 4.07297e+40 4.64348e+42 0 0 1
165.482 5.6706e+39 5.6706e+39 5.6706e+39 5.6706e+39 5.6706e+39 1.22669e+38 0 3.95956e-26 3.52577e+40 4.64348e+42 0 0 1
191.095 4.53028e+39 4.53028e+39 4.53028e+39 4.53028e+39 4.53028e+39 9.87863e+37 0 6.51621e-39 3.0519e+40 4.64348e+42 0 0 1
220.673 3.62136e+39 3.62136e+39 3.62136e+39 3.62136e+39 3.62136e+39 7.96117e+37 0 1.07725e-53 2.64156e+40 4.64348e+42 0 0 1
254.83 2.89642e+39 2.89642e+39 2.89642e+39 2.89642e+39 2.89642e+39 6.4203e+37 0 8.77715e-71 2.28621e+40 4.64348e+42 0 0 1
294.273 2.31783e+39 2.31783e+39 2.31783e+39 2.31783e+39 2.31783e+39 5.18095e+37 0 1.54874e-90 1.9785e+40 4.64348e+42 0 0 1
339.821 1.85575e+39 1.85575e+39 1.85575e+39 1.85575e+39 1.85575e+39 4.18325e+37 0 2.28976e-113 1.71203e+40 4.64348e+42 0 0 1
392.419 1.48648e+39 1.48648e+39 1.48648e+39 1.48648e+39 1.48648e+39 3.37941e+37 0 9.47436e-140 1.48127e+40 4.64348e+42 0 0 1
453.158 1.19121e+39 1.19121e+39 1.19121e+39 1.19121e+39 1.19121e+39 2.73127e+37 0 3.09252e-170 1.28145e+40 4.64348e+42 0 0 1
523.299 9.54967e+38 9.54967e+38 9.54967e+38 9.54967e+38 9.54967e+38 2.20828e+37 0 1.84505e-205 1.10841e+40 4.64348e+42 0 0 1
604.296 7.65842e+38 7.65842e+38 7.65842e+38 7.65842e+38 7.65842e+38 1.78598e+37 0 3.71764e-246 9.58571e+39 4.64348e+42 0 0 1
697.831 6.14356e+38 6.14356e+38 6.14356e+38 6.14356e+38 6.14356e+38 1.44477e+37 0 0 8.28815e+39 4.64348e+42 0 0 1
805.842 4.92957e+38 4.92957e+38 4.92957e+38 4.92957e+38 4.92957e+38 1.16893e+37 0 0 7.16452e+39 4.64348e+42 0 0 1
930.572 3.95623e+38 3.95623e+38 3.95623e+38 3.95623e+38 3.95623e+38 9.45817e+36 0 0 6.19153e+39 4.64348e+42 0 0 1
1074.61 3.1755e+38 3.1755e+38 3.1755e+38 3.1755e+38 3.1755e+38 7.65275e+36 0 0 5.34897e+39 4.64348e+42 0 0 1
1240.94 2.54903e+38 2.54903e+38 2.54903e+38 2.54903e+38 2.54903e+38 6.19128e+36 0 0 4.61939e+39 4.64348e+42 0 0 1
1433.01 2.04616e+38 2.04616e+38 2.04616e+38 2.04616e+38 2.04616e+38 5.0079e+36 0 0 3.98763e+39 4.64348e+42 0 0 1
1654.82 1.64239e+38 1.64239e+38 1.6424e+38 1.6424e+38 1.6424e+38 4.0495e+36 0 0 3.44059e+39 4.64348e+42 0 0 1
1910.95 1.31812e+38 1.31812e+38 1.31812e+38 1.31812e+38 1.31812e+38 3.27324e+36 0 0 2.96693e+39 4.64348e+42 0 0 1
2206.73 1.05764e+38 1.05764e+38 1.05765e+38 1.05765e+38 1.05765e+38 2.64449e+36 0 0 2.5568e+39 4.64348e+42 0 0 1
2548.3 8.4839e+37 8.4839e+37 8.48391e+37 8.48391e+37 8.48391e+37 2.13526e+36 0 0 2.20172e+39 4.64348e+42 0 0 1
2942.73 6.80277e+37 6.80277e+37 6.80278e+37 6.80278e+37 6.80278e+37 1.72293e+36 0 0 1.8943e+39 4.64348e+42 0 0 1
3398.21 5.45221e+37 5.45221e+37 5.45222e+37 5.45222e+37 5.45222e+37 1.38915e+36 0 0 1.62817e+39 4.64348e+42 0 0 1
3924.19 4.36733e+37 4.36733e+37 4.36734e+37 4.36734e+37 4.36734e+37 1.11906e+36 0 0 1.39782e+39 4.64348e+42 0 0 1
4531.58 3.49603e+37 3.49603e+37 3.49604e+37 3.49604e+37 3.49604e+37 9.00625e+35 0 0 1.19845e+39 4.64348e+42 0 0 1
5232.99 2.79648e+37 2.79648e+37 2.79648e+37 2.79648e+37 2.79648e+37 7.24063e+35 0 0 1.02593e+39 4.64348e+42 0 0 1
6042.96 2.23502e+37 2.23502e+37 2.23502e+37 2.23502e+37 2.23502e+37 5.81439e+35 0 0 8.7668e+38 4.64348e+42 0 0 1
6978.31 1.78462e+37 1.78462e+37 1.78462e+37 1.78462e+37 1.78462e+37 4.66313e+35 0 0 7.47604e+38 4.64348e+42 0 0 1
8058.42 1.42352e+37 1.42352e+37 1.42352e+37 1.42352e+37 1.42352e+37 3.73457e+35 0 0 6.36017e+38 4.64348e+42 0 0 1
9305.72 1.1342e+37 1.1342e+37 1.13421e+37 1.13421e+37 1.13421e+37 2.9863e+35 0 0 5.39603e+38 4.64348e+42 0 0 1
10746.1 9.02588e+36 9.02588e+36 9.02591e+36 9.02591e+36 9.02591e+36 2.38389e+35 0 0 4.56356e+38 4.64348e+42 0 0 1
12409.4 7.17319e+36 7.17319e+36 7.17322e+36 7.17322e+36 7.17322e+36 1.89946e+35 0 0 3.84541e+38 4.64348e+42 0 0 1
14330.1 5.69261e+36 5.69261e+36 5.69264e+36 5.69264e+36 5.69264e+36 1.5104e+35 0 0 3.2266e+38 4.64348e+42 0 0 1
16548.2 4.51059e+36 4.51059e+36 4.51061e+36 4.51061e+36 4.51061e+36 1.19839e+35 0 0 2.69419e+38 4.64348e+42 0 0 1
19109.5 3.56796e+36 3.56796e+36 3.56798e+36 3.56798e+36 3.56798e+36 9.48588e+34 0 0 2.23699e+38 4.64348e+42 0 0 1
22067.3 2.81712e+36 2.81712e+36 2.81714e+36 2.81714e+36 2.81714e+36 7.48977e+34 0 0 1.84532e+38 4.64348e+42 0 0 1
25483 2.21984e+36 2.21984e+36 2.21986e+36 2.21986e+36 2.21986e+36 5.89812e+34 0 0 1.51083e+38 4.64348e+42 0 0 1
29427.3 1.74541e+36 1.74541e+36 1.74543e+36 1.74543e+36 1.74543e+36 4.63196e+34 0 0 1.22628e+38 4.64348e+42 0 0 1
33982.1 1.36917e+36 1.36917e+36 1.36919e+36 1.36919e+36 1.36919e+36 3.62732e+34 0 0 9.85393e+37 4.64348e+42 0 0 1
39241.9 1.07134e+36 1.07134e+36 1.07136e+36 1.07136e+36 1.07136e+36 2.83236e+34 0 0 7.82712e+37 4.64348e+42 0 0 1
45315.8 8.3607e+35 8.3607e+35 8.3608e+35 8.3608e+35 8.3608e+35 2.20514e+34 0 0 6.13465e+37 4.64348e+42 0 0 1
52329.9 6.50632e+35 6.50632e+35 6.50641e+35 6.50641e+35 6.50641e+35 1.71175e+34 0 0 4.73449e+37 4.64348e+42 0 0 1
60429.6 5.04842e+35 5.04842e+35 5.04849e+35 5.04849e+35 5.04849e+35 1.32483e+34 0 0 3.58935e+37 4.64348e+42 0 0 1
69783.1 3.90535e+35 3.90535e+35 3.90541e+35 3.90541e+35 3.90541e+35 1.02235e+34 0 0 2.66574e+37 4.64348e+42 0 0 1
80584.2 3.01176e+35 3.01176e+35 3.01181e+35 3.01181e+35 3.01181e+35 7.86617e+33 0 0 1.93329e+37 4.64348e+42 0 0 1
93057.2 2.31538e+35 2.31538e+35 2.31543e+35 2.31543e+35 2.31543e+35 6.03488e+33 0 0 1.36413e+37 4.64348e+42 0 0 1
107461 1.77446e+35 1.77446e+35 1.7745e+35 1.7745e+35 1.7745e+35 4.61668e+33 0 0 9.32494e+36 4.64348e+42 0 0 1
124094 1.35571e+35 1.35571e+35 1.35573e+35 1.35573e+35 1.35573e+35 3.52182e+33 0 0 6.14525e+36 4.64348e+42 0 0 1
143301 1.03263e+35 1.03263e+35 1.03265e+35 1.03265e+35 1.03265e+35 2.67918e+33 0 0 3.88218e+36 4.64348e+42 0 0 1
165482 7.84225e+34 7.84225e+34 7.84243e+34 7.84243e+34 7.84243e+34 2.03266e+33 0 0 2.33568e+36 4.64348e+42 0 0 1
191095 5.93887e+34 5.93887e+34 5.93901e+34 5.93901e+34 5.93901e+34 1.53811e+33 0 0 1.32822e+36 4.64348e+42 0 0 1
220673 4.48526e+34 4.48526e+34 4.48537e+34 4.48537e+34 4.48537e+34 1.16095e+33 0 0 7.0771e+35 4.64348e+42 0 0 1
254830 3.37876e+34 3.37876e+34 3.37884e+34 3.37884e+34 3.37884e+34 8.74149e+32 0 0 3.49781e+35 4.64348e+42 0 0 1
294273 2.5391e+34 2.5391e+34 2.53916e+34 2.53916e+34 2.53916e+34 6.56686e+32 0 0 1.58504e+35 4.64348e+42 0 0 1
339821 1.90382e+34 1.90382e+34 1.90387e+34 1.90387e+34 1.90387e+34 4.92251e+32 0 0 6.49754e+34 4.64348e+42 0 0 1
392419 1.42452e+34 1.42452e+34 1.42456e+34 1.42456e+34 1.42456e+34 3.68241e+32 0 0 2.37239e+34 4.64348e+42 0 0 1
453158 1.06385e+34 1.06385e+34 1.06388e+34 1.06388e+34 1.06388e+34 2.74954e+32 0 0 7.5783e+33 4.64348e+42 0 0 1
523299 7.93116e+33 7.93116e+33 7.93138e+33 7.93138e+33 7.93138e+33 2.04943e+32 1.49915e+30 0 2.07453e+33 4.64348e+42 0 0 1
604296 5.9034e+33 5.9034e+33 5.90356e+33 5.90356e+33 5.90356e+33 1.52516e+32 1.50562e+30 0 4.75173e+32 4.64348e+42 0 0 1
697831 4.38777e+33 4.38777e+33 4.38789e+33 4.38789e+33 4.38789e+33 1.13337e+32 1.51209e+30 0 8.85905e+31 4.64348e+42 0 0 1
805842 3.25706e+33 3.25706e+33 3.25715e+33 3.25715e+33 3.25715e+33 8.41122e+31 1.51857e+30 0 1.30223e+31 4.64348e+42 0 0 1
930572 2.41496e+33 2.41496e+33 2.41502e+33 2.41502e+33 2.41502e+33 6.23507e+31 1.52504e+30 0 1.45471e+30 4.64348e+42 0 0 1
1.07461e+06 1.78878e+33 1.78878e+33 1.78882e+33 1.78882e+33 1.78882e+33 4.61718e+31 1.53249e+30 0 1.18359e+29 4.64348e+42 0 0 1
1.24094e+06 1.3238e+33 1.3238e+33 1.32383e+33 1.32383e+33 1.32383e+33 3.41604e+31 1.53452e+30 0 6.67809e+27 4.64348e+42 0 0 1
1.43301e+06 9.78965e+32 9.78965e+32 9.78988e+32 9.78988e+32 9.78988e+32 2.52545e+31 1.53712e+30 0 2.46902e+26 4.64348e+42 0 0 1
1.65482e+06 7.23515e+32 7.23515e+32 7.23531e+32 7.23531e+32 7.23531e+32 1.86588e+31 1.54047e+30 0 5.60277e+24 4.64348e+42 0 0 1
1.91095e+06 5.34465e+32 5.34465e+32 5.34476e+32 5.34476e+32 5.34476e+32 1.37788e+31 1.54513e+30 0 7.2356e+22 4.64348e+42 0 0 1
2.20673e+06 3.94673e+32 3.94673e+32 3.94681e+32 3.94681e+32 3.94681e+32 1.01714e+31 1.55117e+30 0 4.87358e+20 4.64348e+42 0 0 1
2.5483e+06 2.91378e+32 2.91378e+32 2.91383e+32 2.91383e+32 2.91383e+32 7.50661e+30 1.5591e+30 0 1.54798e+18 4.64348e+42 0 0 1
2.94273e+06 2.15094e+32 2.15094e+32 2.15098e+32 2.15098e+32 2.15098e+32 5.53941e+30 1.56951e+30 0 2.06396e+15 4.64348e+42 0 0 1
3.39821e+06 1.58785e+32 1.58785e+32 1.58787e+32 1.58787e+32 1.58787e+32 4.08786e+30 1.58403e+30 0 1.00995e+12 4.64348e+42 0 0 1
3.92419e+06 1.17232e+32 1.17232e+32 1.17234e+32 1.17234e+32 1.17234e+32 3.01718e+30 1.60287e+30 0 1.55304e+08 4.64348e+42 0 0 1
4.53158e+06 8.65741e+31 8.65741e+31 8.65754e+31 8.65754e+31 8.65754e+31 2.22766e+30 1.62718e+30 0 6273.91 4.64348e+42 0 0 1
5.23299e+06 6.39563e+31 6.39563e+31 6.39573e+31 6.39573e+31 6.39573e+31 1.64556e+30 1.65791e+30 0 0.054139 4.64348e+42 0 0 1
6.04296e+06 4.72693e+31 4.72693e+31 4.727e+31 4.727e+31 4.727e+31 1.2165e+30 1.69866e+30 0 7.85841e-08 4.64348e+42 0 0 1
6.97831e+06 3.49561e+31 3.49561e+31 3.49565e+31 3.49565e+31 3.49565e+31 9.00285e+29 1.7467e+30 0 1.45609e-14 4.64348e+42 0 0 1
8.05842e+06 2.58682e+31 2.58682e+31 2.58685e+31 2.58685e+31 2.58685e+31 6.67339e+29 1.80346e+30 0 2.50439e-22 4.64348e+42 0 0 1
9.30572e+06 1.91593e+31 1.91593e+31 1.91595e+31 1.91595e+31 1.91595e+31 4.95888e+29 1.86777e+30 0 2.76749e-31 4.64348e+42 0 0 1
1.07461e+07 1.42058e+31 1.42058e+31 1.42059e+31 1.42059e+31 1.42059e+31 3.6996e+29 1.94481e+30 0 1.28476e-41 4.64348e+42 0 0 1
1.24094e+07 1.05473e+31 1.05473e+31 1.05474e+31 1.05474e+31 1.05474e+31 2.77646e+29 2.0205e+30 0 1.534e-53 4.64348e+42 0 0 1
1.43301e+07 7.84505e+30 7.84505e+30 7.84512e+30 7.84512e+30 7.84512e+30 2.10254e+29 2.09445e+30 0 2.67326e-67 4.64348e+42 0 0 1
1.65482e+07 5.84917e+30 5.84917e+30 5.84922e+30 5.84922e+30 5.84922e+30 1.61362e+29 2.16311e+30 0 3.53441e-83 4.64348e+42 0 0 1
1.91095e+07 4.37591e+30 4.37591e+30 4.37595e+30 4.37595e+30 4.37595e+30 1.26341e+29 2.22229e+30 0 1.66543e-101 4.64348e+42 0 0 1
2.20673e+07 3.28813e+30 3.28813e+30 3.28815e+30 3.28815e+30 3.28815e+30 1.01394e+29 2.27335e+30 0 1.16883e-122 4.64348e+42 0 0 1
2.5483e+07 2.48587e+30 2.48587e+30 2.48588e+30 2.48588e+30 2.48588e+30 8.40041e+28 2.30917e+30 0 4.46096e-147 4.64348e+42 0 0 1
2.94273e+07 1.89399e+30 1.89399e+30 1.894e+30 1.894e+30 1.894e+30 7.19928e+28 2.30962e+30 0 2.89243e-175 4.64348e+42 0 0 1
3.39821e+07 1.45756e+30 1.45756e+30 1.45757e+30 1.45757e+30 1.45757e+30 6.38793e+28 2.26837e+30 0 8.31285e-208 4.64348e+42 0 0 1
3.92419e+07 1.13446e+30 1.13446e+30 1.13447e+30 1.13447e+30 1.13447e+30 5.8217e+28 2.1843e+30 0 2.24425e-245 4.64348e+42 0 0 1
4.53158e+07 8.95381e+29 8.95381e+29 8.95387e+29 8.95387e+29 8.95387e+29 5.43613e+28 2.0722e+30 0 0 4.64348e+42 0 0 1
5.23299e+07 7.17592e+29 7.17592e+29 7.17597e+29 7.17597e+29 7.17597e+29 5.15935e+28 1.94296e+30 0 0 4.64348e+42 0 0 1
6.04296e+07 5.83398e+29 5.83398e+29 5.83402e+29 5.83402e+29 5.83402e+29 4.91805e+28 1.78382e+30 0 0 4.64348e+42 0 0 1
6.97831e+07 4.80306e+29 4.80306e+29 4.80309e+29 4.80309e+29 4.80309e+29 4.67233e+28 1.59835e+30 0 0 4.64348e+42 0 0 1
8.05842e+07 3.99689e+29 3.99689e+29 3.99692e+29 3.99692e+29 3.99692e+29 4.40741e+28 1.38963e+30 0 0 4.64348e+42 0 0 1
9.30572e+07 3.34983e+29 3.34983e+29 3.34985e+29 3.34985e+29 3.34985e+29 4.10858e+28 1.16497e+30 0 0 4.64348e+42 0 0 1
1.07461e+08 2.81248e+29 2.81248e+29 2.81249e+29 2.81249e+29 2.81249e+29 3.76345e+28 9.3709e+29 0 0 4.64348e+42 3.77624 0 1
1.24094e+08 2.36754e+29 2.36754e+29 2.36756e+29 2.36756e+29 2.36756e+29 3.40803e+28 7.41744e+29 0 0 4.64348e+42 3.31749 0 1
1.43301e+08 1.98689e+29 1.98689e+29 1.9869e+29 1.9869e+29 1.9869e+29 3.0336e+28 5.76718e+29 0 0 4.64348e+42 2.91447 0 1
1.65482e+08 1.65457e+29 1.65457e+29 1.65458e+29 1.65458e+29 1.65458e+29 2.64538e+28 4.41274e+29 0 0 4.64348e+42 2.56041 0 1
1.91095e+08 1.35352e+29 1.35352e+29 1.35352e+29 1.35352e+29 1.35352e+29 2.23514e+28 3.28998e+29 0 0 4.64348e+42 2.24936 0 1
2.20673e+08 1.09982e+29 1.09982e+29 1.09983e+29 1.09983e+29 1.09983e+29 1.86391e+28 2.46573e+29 0 0 4.64348e+42 1.9761 0 1
2.5483e+08 8.82991e+28 8.82991e+28 8.82996e+28 8.82996e+28 8.82996e+28 1.52491e+28 1.82718e+29 0 0 4.64348e+42 1.73604 0 1
2.94273e+08 6.99617e+28 6.99617e+28 6.99621e+28 6.99621e+28 6.99621e+28 1.22345e+28 1.33904e+29 0 0 4.64348e+42 1.52514 0 1
3.39821e+08 5.42584e+28 5.42584e+28 5.42588e+28 5.42588e+28 5.42588e+28 9.52946e+27 9.63909e+28 0 0 4.64348e+42 1.39897 0 1
3.92419e+08 4.20044e+28 4.20044e+28 4.20047e+28 4.20047e+28 4.20047e+28 7.39835e+27 7.05201e+28 0 0 4.64348e+42 1.33986 0 1
4.53158e+08 3.21823e+28 3.21823e+28 3.21825e+28 3.21825e+28 3.21825e+28 5.66091e+27 5.1356e+28 0 0 4.64348e+42 1.28324 0 1
5.23299e+08 2.43677e+28 2.43677e+28 2.43679e+28 2.43679e+28 2.43679e+28 4.2607e+27 3.72442e+28 0 0 4.64348e+42 1.22902 0 1
6.04296e+08 1.82903e+28 1.82903e+28 1.82904e+28 1.82904e+28 1.82904e+28 3.16649e+27 2.67252e+28 0 0 4.64348e+42 1.17709 0 1
6.97831e+08 1.38679e+28 1.38679e+28 1.3868e+28 1.3868e+28 1.3868e+28 2.38289e+27 1.9573e+28 0 0 4.64348e+42 1.12735 0 1
8.05842e+08 1.04794e+28 1.04794e+28 1.04794e+28 1.04794e+28 1.04794e+28 1.78321e+27 1.43109e+28 0 0 4.64348e+42 1.07972 0 1
9.30572e+08 7.88682e+27 7.88682e+27 7.88687e+27 7.88687e+27 7.88687e+27 1.32554e+27 1.04385e+28 0 0 4.64348e+42 1.03409 0 1
1.07461e+09 5.88871e+27 5.88871e+27 5.88875e+27 5.88875e+27 5.88875e+27 9.73085e+26 7.50618e+27 0 0 4.64348e+42 1.03782 0 1
1.24094e+09 4.4695e+27 4.4695e+27 4.46953e+27 4.46953e+27 4.46953e+27 7.29934e+26 5.52263e+27 0 0 4.64348e+42 1.09143 0 1
1.43301e+09 3.399e+27 3.399e+27 3.39903e+27 3.39903e+27 3.39903e+27 5.48417e+26 4.05236e+27 0 0 4.64348e+42 1.14782 0 1
1.65482e+09 2.58192e+27 2.58192e+27 2.58194e+27 2.58194e+27 2.58194e+27 4.10856e+26 2.96455e+27 0 0 4.64348e+42 1.20711 0 1
1.91095e+09 1.94776e+27 1.94776e+27 1.94778e+27 1.94778e+27 1.94778e+27 3.04284e+26 2.13321e+27 0 0 4.64348e+42 1.26947 0 1
2.20673e+09 1.49043e+27 1.49043e+27 1.49044e+27 1.49044e+27 1.49044e+27 2.29902e+26 1.57292e+27 0 0 4.64348e+42 1.33505 0 1
2.5483e+09 1.13908e+27 1.13908e+27 1.13908e+27 1.13908e+27 1.13908e+27 1.73244e+26 1.15655e+27 0 0 4.64348e+42 1.40402 0 1
2.94273e+09 8.68509e+26 8.68509e+26 8.68516e+26 8.68516e+26 8.68516e+26 1.29988e+26 8.47694e+26 0 0 4.64348e+42 1.47655 0 1
3.39821e+09 6.55564e+26 6.55564e+26 6.5557e+26 6.5557e+26 6.5557e+26 9.59327e+25 6.11125e+26 0 0 4.64348e+42 1.55282 0 1
3.92419e+09 5.01594e+26 5.01594e+26 5.01598e+26 5.01598e+26 5.01598e+26 7.23079e+25 4.50926e+26 0 0 4.64348e+42 1.63304 0 1
4.53158e+09 3.83006e+26 3.83006e+26 3.83009e+26 3.83009e+26 3.83009e+26 5.43351e+25 3.31531e+26 0 0 4.64348e+42 1.7174 0 1
5.23299e+09 2.91767e+26 2.91767e+26 2.91769e+26 2.91769e+26 2.91769e+26 4.06964e+25 2.42756e+26 0 0 4.64348e+42 1.80612 0 1
6.04296e+09 2.19722e+26 2.19722e+26 2.19724e+26 2.19724e+26 2.19724e+26 2.99239e+25 1.7498e+26 0 0 4.64348e+42 1.89942 0 1
6.97831e+09 1.67529e+26 1.67529e+26 1.6753e+26 1.6753e+26 1.6753e+26 2.25045e+25 1.28967e+26 0 0 4.64348e+42 1.99755 0 1
8.05842e+09 1.27306e+26 1.27306e+26 1.27307e+26 1.27307e+26 1.27307e+26 1.68682e+25 9.47917e+25 0 0 4.64348e+42 2.10074 0 1
9.30572e+09 9.62401e+25 9.62401e+25 9.6241e+25 9.6241e+25 9.6241e+25 1.25663e+25 6.94772e+25 0 0 4.64348e+42 2.20926 0 1
1.07461e+10 7.19609e+25 7.19609e+25 7.19616e+25 7.19616e+25 7.19616e+25 9.21025e+24 5.02344e+25 0 0 4.64348e+42 2.47883 0 1
1.24094e+10 5.41965e+25 5.41965e+25 5.4197e+25 5.4197e+25 5.4197e+25 6.86584e+24 3.71459e+25 0 0 4.64348e+42 2.96737 0 1
1.43301e+10 4.05886e+25 4.05886e+25 4.0589e+25 4.0589e+25 4.0589e+25 5.08761e+24 2.73984e+25 0 0 4.64348e+42 3.5522 0 1
1.65482e+10 3.02736e+25 3.02736e+25 3.02739e+25 3.02739e+25 3.02739e+25 3.75762e+24 2.01464e+25 0 0 4.64348e+42 4.25228 0 1
1.91095e+10 2.23257e+25 2.23257e+25 2.23259e+25 2.23259e+25 2.23259e+25 2.72783e+24 1.45668e+25 0 0 4.64348e+42 5.09034 0 1
2.20673e+10 1.66012e+25 1.66012e+25 1.66014e+25 1.66014e+25 1.66014e+25 2.01979e+24 1.07775e+25 0 0 4.64348e+42 6.09357 34.7254 1
2.5483e+10 1.22871e+25 1.22871e+25 1.22872e+25 1.22872e+25 1.22872e+25 1.48997e+24 7.94726e+24 0 0 4.64348e+42 7.29453 22.9578 1
2.94273e+10 9.02447e+24 9.02447e+24 9.02457e+24 9.02457e+24 9.02457e+24 1.09416e+24 5.83966e+24 0 0 4.64348e+42 8.73217 15.5417 1
3.39821e+10 6.46466e+24 6.46466e+24 6.46474e+24 6.46474e+24 6.46474e+24 7.85981e+23 4.21261e+24 0 0 4.64348e+42 10.4531 10.7604 1
3.92419e+10 4.50884e+24 4.50884e+24 4.50892e+24 4.50892e+24 4.50892e+24 5.71481e+23 3.11652e+24 0 0 4.64348e+42 12.5133 7.61059 1
4.53158e+10 2.91941e+24 2.91941e+24 2.91951e+24 2.91951e+24 2.91951e+24 4.07926e+23 2.29978e+24 0 0 4.64348e+42 14.9795 5.49245 1
5.23299e+10 1.70727e+24 1.70727e+24 1.70738e+24 1.70738e+24 1.70738e+24 2.8758e+23 1.6922e+24 0 0 4.64348e+42 17.9317 4.04008 1
6.04296e+10 9.01036e+23 9.01036e+23 9.01141e+23 9.01141e+23 9.01141e+23 2.00131e+23 1.22214e+24 0 0 4.64348e+42 21.4658 3.02568 1
6.97831e+10 4.55134e+23 4.55134e+23 4.55228e+23 4.55228e+23 4.55228e+23 1.44393e+23 9.06104e+23 0 0 4.64348e+42 25.6964 2.3047 1
8.05842e+10 2.27124e+23 2.27124e+23 2.27201e+23 2.27201e+23 2.27201e+23 1.05101e+23 6.7014e+23 0 0 4.64348e+42 30.7608 1.78376 1
9.30572e+10 1.15448e+23 1.15448e+23 1.15509e+23 1.15509e+23 1.15509e+23 7.68898e+22 4.94138e+23 0 0 4.64348e+42 36.8232 1.40144 1
1.07461e+11 6.02262e+22 6.02262e+22 6.02724e+22 6.02724e+22 6.02724e+22 5.54533e+22 3.57252e+23 0 0 4.64348e+42 44.0806 1.11671 1
1.24094e+11 3.30784e+22 3.30784e+22 3.31132e+22 3.31132e+22 3.31132e+22 4.10752e+22 2.65092e+23 0 0 4.64348e+42 52.7682 0.901709 1
1.43301e+11 1.88774e+22 1.88774e+22 1.89034e+22 1.89034e+22 1.89034e+22 3.03685e+22 1.96122e+23 0 0 4.64348e+42 63.168 0.737233 1
1.65482e+11 1.11587e+22 1.11587e+22 1.11779e+22 1.11779e+22 1.11779e+22 2.23858e+22 1.44586e+23 0 0 4.64348e+42 75.6175 0.609868 1
1.91095e+11 6.75262e+21 6.75262e+21 6.76656e+21 6.76656e+21 6.76656e+21 1.61878e+22 1.04415e+23 0 0 4.64348e+42 90.5205 0.510106 1
2.20673e+11 4.25796e+21 4.25796e+21 4.26819e+21 4.26819e+21 4.26819e+21 1.20037e+22 7.74001e+22 0 0 4.64348e+42 108.361 0.431129 1
2.5483e+11 2.74973e+21 2.74973e+21 2.75719e+21 2.75719e+21 2.75719e+21 8.87323e+21 5.71896e+22 0 0 4.64348e+42 129.717 0.367983 1
2.94273e+11 1.81243e+21 1.81243e+21 1.81784e+21 1.81784e+21 1.81784e+21 6.53734e+21 4.20992e+22 0 0 4.64348e+42 155.282 0.317029 1
3.39821e+11 1.20537e+21 1.20537e+21 1.20925e+21 1.20925e+21 1.20925e+21 4.72373e+21 3.03402e+22 0 0 4.64348e+42 0 0.275565 1
3.92419e+11 8.25651e+20 8.25651e+20 8.28451e+20 8.28451e+20 8.28451e+20 3.50098e+21 2.24499e+22 0 0 4.64348e+42 0 0.241562 1
4.53158e+11 5.72811e+20 5.72811e+20 5.74824e+20 5.74824e+20 5.74824e+20 2.58609e+21 1.65541e+22 0 0 4.64348e+42 0 0.213483 1
5.23299e+11 4.01726e+20 4.01726e+20 4.03166e+20 4.03166e+20 4.03166e+20 1.90347e+21 1.21581e+22 0 0 4.64348e+42 0 0.190154 1
6.04296e+11 2.81543e+20 2.81543e+20 2.82559e+20 2.82559e+20 2.82559e+20 1.37302e+21 8.73576e+21 0 0 4.64348e+42 0 0.170669 1
6.97831e+11 2.02107e+20 2.02107e+20 2.02832e+20 2.02832e+20 2.02832e+20 1.01608e+21 6.4463e+21 0 0 4.64348e+42 0 0.154323 1
8.05842e+11 1.46033e+20 1.46033e+20 1.46548e+20 1.46548e+20 1.46548e+20 7.49242e+20 4.73895e+21 0 0 4.64348e+42 0 0.140565 1
9.30572e+11 1.06104e+20 1.06104e+20 1.06468e+20 1.06468e+20 1.06468e+20 5.50371e+20 3.46875e+21 0 0 4.64348e+42 0 0.12896 1
1.07461e+12 7.65547e+19 7.65548e+19 7.68084e+19 7.68084e+19 7.68084e+19 3.95877e+20 2.4815e+21 0 0 4.64348e+42 0 0.119166 1
1.24094e+12 5.65336e+19 5.65336e+19 5.6713e+19 5.6713e+19 5.6713e+19 2.92229e+20 1.82394e+21 0 0 4.64348e+42 0 0.110908 1
1.43301e+12 4.19098e+19 4.19099e+19 4.20363e+19 4.20363e+19 4.20363e+19 2.14883e+20 1.33503e+21 0 0 4.64348e+42 0 0.103969 1
1.65482e+12 3.11805e+19 3.11805e+19 3.12694e+19 3.12694e+19 3.12694e+19 1.57353e+20 9.72482e+20 0 0 4.64348e+42 0 0.098177 1
1.91095e+12 2.29508e+19 2.29508e+19 2.30123e+19 2.30123e+19 2.30123e+19 1.12717e+20 6.91423e+20 0 0 4.64348e+42 0 0.0933933 1
2.20673e+12 1.73453e+19 1.73453e+19 1.73888e+19 1.73888e+19 1.73888e+19 8.28961e+19 5.05383e+20 0 0 4.64348e+42 0 0.0895108 1
2.5483e+12 1.31546e+19 1.31546e+19 1.31853e+19 1.31853e+19 1.31853e+19 6.07058e+19 3.67658e+20 0 0 4.64348e+42 0 0.0864461 1
2.94273e+12 1.00079e+19 1.00079e+19 1.00295e+19 1.00295e+19 1.00295e+19 4.4253e+19 2.66019e+20 0 0 4.64348e+42 0 0.0841374 1
3.39821e+12 7.50792e+18 7.50793e+18 7.52291e+18 7.52291e+18 7.52291e+18 3.15133e+19 1.8751e+20 0 0 4.64348e+42 0 0.082541 1
3.92419e+12 5.80255e+18 5.80255e+18 5.81321e+18 5.81321e+18 5.81321e+18 2.30545e+19 1.36007e+20 0 0 4.64348e+42 0 0.08163 1
4.53158e+12 4.49295e+18 4.49296e+18 4.50053e+18 4.50053e+18 4.50053e+18 1.67858e+19 9.81132e+19 0 0 4.64348e+42 0 0.0813928 1
5.23299e+12 3.48203e+18 3.48203e+18 3.48741e+18 3.48741e+18 3.48741e+18 1.2159e+19 7.03371e+19 0 0 4.64348e+42 0 0.0818329 1
6.04296e+12 2.64733e+18 2.64734e+18 2.65107e+18 2.65107e+18 2.65107e+18 8.5876e+18 4.89922e+19 0 0 4.64348e+42 0 0.0829683 1
6.97831e+12 2.07515e+18 2.07515e+18 2.07781e+18 2.07781e+18 2.07781e+18 6.23672e+18 3.51645e+19 0 0 4.64348e+42 0 0.0848322 1
8.05842e+12 1.62411e+18 1.62411e+18 1.626e+18 1.626e+18 1.626e+18 4.50469e+18 2.50786e+19 0 0 4.64348e+42 0 0.0874729 1
9.30572e+12 1.26769e+18 1.26769e+18 1.26903e+18 1.26903e+18 1.26903e+18 3.23449e+18 1.77551e+19 0 0 4.64348e+42 0 0.0909553 1
1.07461e+13 9.65013e+17 9.65014e+17 9.65941e+17 9.65941e+17 9.65941e+17 2.25852e+18 1.21672e+19 0 0 4.64348e+42 0 0.0953611 1
1.24094e+13 7.57384e+17 7.57384e+17 7.58042e+17 7.58042e+17 7.58042e+17 1.62387e+18 8.61042e+18 0 0 4.64348e+42 0 0.10079 1
1.43301e+13 5.91523e+17 5.91523e+17 5.91988e+17 5.91988e+17 5.91988e+17 1.16011e+18 6.04697e+18 0 0 4.64348e+42 0 0.10736 1
1.65482e+13 4.59243e+17 4.59244e+17 4.59569e+17 4.59569e+17 4.59569e+17 8.23041e+17 4.20963e+18 0 0 4.64348e+42 0 0.115206 1
1.91095e+13 3.45705e+17 3.45706e+17 3.45927e+17 3.45927e+17 3.45927e+17 5.65766e+17 2.82158e+18 0 0 4.64348e+42 0 0.12448 1
2.20673e+13 2.68495e+17 2.68495e+17 2.6865e+17 2.6865e+17 2.6865e+17 4.01265e+17 1.95924e+18 0 0 4.64348e+42 0 0.135345 1
2.5483e+13 2.06912e+17 2.06913e+17 2.0702e+17 2.0702e+17 2.0702e+17 2.82427e+17 1.34788e+18 0 0 4.64348e+42 0 0.147968 1
2.94273e+13 1.58056e+17 1.58056e+17 1.5813e+17 1.5813e+17 1.5813e+17 1.97132e+17 9.17469e+17 0 0 4.64348e+42 0 0.162507 1
3.39821e+13 1.16283e+17 1.16283e+17 1.16332e+17 1.16332e+17 1.16332e+17 1.32622e+17 5.96672e+17 0 0 4.64348e+42 0 0.179093 1
3.92419e+13 8.84369e+16 8.84376e+16 8.8471e+16 8.8471e+16 8.8471e+16 9.2338e+16 4.0396e+17 0 0 4.64348e+42 0 0.197804 1
4.53158e+13 6.65446e+16 6.65453e+16 6.65679e+16 6.65679e+16 6.65679e+16 6.36929e+16 2.70377e+17 0 0 4.64348e+42 0 0.218621 1
5.23299e+13 4.94831e+16 4.94838e+16 4.94989e+16 4.94989e+16 4.94989e+16 4.34877e+16 1.78601e+17 0 0 4.64348e+42 0 0.241387 1
6.04296e+13 3.513e+16 3.51307e+16 3.51403e+16 3.51403e+16 3.51403e+16 2.84009e+16 1.11462e+17 0 0 4.64348e+42 0 0.265741 1
6.97831e+13 2.58752e+16 2.58757e+16 2.58821e+16 2.58821e+16 2.58821e+16 1.92844e+16 7.29567e+16 0 0 4.64348e+42 0 0.291055 1
8.05842e+13 1.87935e+16 1.8794e+16 1.87982e+16 1.87982e+16 1.87982e+16 1.29426e+16 4.70758e+16 0 0 4.64348e+42 0 0.316368 1
9.30572e+13 1.34421e+16 1.34425e+16 1.34452e+16 1.34452e+16 1.34452e+16 8.57604e+15 2.98788e+16 0 0 4.64348e+42 0 0.340344 1
1.07461e+14 9.06676e+15 9.06711e+15 9.06874e+15 9.06874e+15 9.06874e+15 5.37399e+15 1.76175e+16 0 0 4.64348e+42 0 0 1
1.24094e+14 6.38483e+15 6.38519e+15 6.38623e+15 6.38623e+15 6.38623e+15 3.52616e+15 1.10233e+16 0 0 4.64348e+42 0 0 1
1.43301e+14 4.41588e+15 4.41632e+15 4.41697e+15 4.41697e+15 4.41697e+15 2.27955e+15 6.77422e+15 0 0 4.64348e+42 0 0 1
1.65482e+14 2.99462e+15 2.99524e+15 2.99563e+15 2.99563e+15 2.99563e+15 1.44976e+15 4.07674e+15 0 0 4.64348e+42 0 0 1
1.91095e+14 1.88059e+15 1.8814e+15 1.88163e+15 1.88163e+15 1.88163e+15 8.56879e+14 2.221e+15 0 0 4.64348e+42 0 0 1
2.20673e+14 1.24608e+15 1.24713e+15 1.24727e+15 1.24727e+15 1.24727e+15 5.36292e+14 1.30844e+15 0 0 4.64348e+42 0 0 1
2.5483e+14 8.06681e+14 8.07916e+14 8.07996e+14 8.07996e+14 8.07996e+14 3.2918e+14 7.53453e+14 0 0 4.64348e+42 0 0 1
2.94273e+14 5.09295e+14 5.10603e+14 5.10649e+14 5.10649e+14 5.10649e+14 1.97817e+14 4.22442e+14 0 0 4.64348e+42 0 0 1
3.39821e+14 2.89448e+14 2.90607e+14 2.90631e+14 2.90631e+14 2.90631e+14 1.07445e+14 2.05811e+14 0 0 4.64348e+42 0 0 1
3.92419e+14 1.76773e+14 1.77807e+14 1.7782e+14 1.7782e+14 1.7782e+14 6.29479e+13 1.11854e+14 0 0 4.64348e+42 0 0 1
4.53158e+14 1.04786e+14 1.05631e+14 1.05638e+14 1.05638e+14 1.05638e+14 3.59306e+13 5.9064e+13 0 0 4.64348e+42 0 0 1
5.23299e+14 6.01935e+13 6.08293e+13 6.08333e+13 6.08333e+13 6.08333e+13 1.99464e+13 3.01458e+13 0 0 4.64348e+42 0 0 1
6.04296e+14 2.97455e+13 3.01394e+13 3.01412e+13 3.01412e+13 3.01412e+13 9.5605e+12 1.25067e+13 0 0 4.64348e+42 0 0 1
6.97831e+14 1.63135e+13 1.65742e+13 1.65751e+13 1.65751e+13 1.65751e+13 5.10019e+12 6.09856e+12 0 0 4.64348e+42 0 0 1
8.05842e+14 8.60736e+12 8.76775e+12 8.76821e+12 8.76821e+12 8.76821e+12 2.62499e+12 2.86857e+12 0 0 4.64348e+42 0 0 1
9.30572e+14 4.36629e+12 4.45841e+12 4.45863e+12 4.45863e+12 4.45863e+12 1.30228e+12 1.29259e+12 0 0 4.64348e+42 0 0 1
1.07461e+15 1.76495e+12 1.80602e+12 1.8061e+12 1.8061e+12 1.8061e+12 5.16327e+11 4.2294e+11 0 0 4.64348e+42 0 0 1
1.24094e+15 8.3718e+11 8.58182e+11 8.58219e+11 8.58219e+11 8.58219e+11 2.40592e+11 1.77825e+11 0 0 4.64348e+42 0 0 1
1.43301e+15 3.76349e+11 3.86322e+11 3.86338e+11 3.86338e+11 3.86338e+11 1.06455e+11 7.15409e+10 0 0 4.64348e+42 0 0 1
1.65482e+15 1.60657e+11 1.65073e+11 1.6508e+11 1.6508e+11 1.6508e+11 4.48072e+10 2.73255e+10 0 0 4.64348e+42 0 0 1
1.91095e+15 4.80812e+10 4.94309e+10 4.94328e+10 4.94328e+10 4.94328e+10 1.32587e+10 6.18688e+09 0 0 4.64348e+42 0 0 1
2.20673e+15 1.85474e+10 1.90716e+10 1.90722e+10 1.90722e+10 1.90722e+10 5.05892e+09 2.10337e+09 0 0 4.64348e+42 0 0 1
2.5483e+15 6.58397e+09 6.76897e+09 6.7692e+09 6.7692e+09 6.7692e+09 1.7791e+09 6.78393e+08 0 0 4.64348e+42 0 0 1
2.94273e+15 2.15541e+09 2.21495e+09 2.21502e+09 2.21502e+09 2.21502e+09 5.77929e+08 2.08167e+08 0 0 4.64348e+42 0 0 1
3.39821e+15 4.0913e+08 4.20131e+08 4.20144e+08 4.20144e+08 4.20144e+08 1.09202e+08 2.60097e+07 0 0 4.64348e+42 0 0 1
3.92419e+15 1.15679e+08 1.1868e+08 1.18684e+08 1.18684e+08 1.18684e+08 3.07187e+07 6.3654e+06 0 0 4.64348e+42 0 0 1
4.53158e+15 2.84653e+07 2.9172e+07 2.91729e+07 2.91729e+07 2.91729e+07 7.53347e+06 1.44215e+06 0 0 4.64348e+42 0 0 1
5.23299e+15 5.9238e+06 6.06356e+06 6.06375e+06 6.06375e+06 6.06375e+06 1.56631e+06 317545 0 0 4.64348e+42 0 0 1
6.04296e+15 558055 570488 570505 570505 570505 148088 16623.3 0 0 4.64348e+42 0 0 1
6.97831e+15 95411.5 97407.2 97410.1 97410.1 97410.1 25369.8 2383.73 0 0 4.64348e+42 0 0 1
8.05842e+15 12954.6 13207.7 13208.1 13208.1 13208.1 3460.6 289.231 0 0 4.64348e+42 0 0 1
9.30572e+15 1267.67 1290.7 1290.74 1290.74 1290.74 341.449 34.0447 0 0 4.64348e+42 0 0 1
1.07461e+16 36.9589 37.5806 37.5816 37.5816 37.5816 10.1449 0.55168 0 0 4.64348e+42 0 0 1
1.24094e+16 2.67778 2.71933 2.71941 2.71941 2.71941 0.745764 0.0325405 0 0 4.64348e+42 0 0 1
1.43301e+16 0.12907 0.130911 0.130915 0.130915 0.130915 0.0367151 0.00131802 0 0 4.64348e+42 0 0 1
1.65482e+16 0.00380984 0.00385965 0.00385976 0.00385976 0.00385976 0.00111448 4.21874e-05 0 0 4.64348e+42 0 0 1
1.91095e+16 1.57215e-05 1.59093e-05 1.59098e-05 1.59098e-05 1.59098e-05 4.8389e-06 1.26387e-07 0 0 4.64348e+42 0 0 1
2.20673e+16 2.48637e-07 2.51346e-07 2.51353e-07 2.51353e-07 2.51353e-07 8.05522e-08 1.69777e-09 0 0 4.64348e+42 0 0 1
2.5483e+16 1.69853e-09 1.71536e-09 1.71541e-09 1.71541e-09 1.71541e-09 5.93594e-10 1.06639e-11 0 0 4.64348e+42 0 0 1
2.94273e+16 4.90871e-12 4.95286e-12 4.953e-12 4.953e-12 4.953e-12 1.90584e-12 3.02736e-14 0 0 4.64348e+42 0 0 1
3.39821e+16 9.90206e-16 9.98275e-16 9.98302e-16 9.98302e-16 9.98302e-16 4.45487e-16 5.87491e-18 0 0 4.64348e+42 0 0 1
3.92419e+16 6.31452e-19 6.36105e-19 6.36122e-19 6.36122e-19 6.36122e-19 3.45798e-19 3.69336e-21 0 0 4.64348e+42 0 0 1
4.53158e+16 9.16602e-23 9.22699e-23 9.22725e-23 9.22725e-23 9.22725e-23 6.54119e-23 5.33051e-25 0 0 4.64348e+42 0 0 1
5.23299e+16 2.96518e-27 2.98296e-27 2.98304e-27 2.98304e-27 2.98304e-27 2.99742e-27 1.71667e-29 0 0 4.64348e+42 0 0 1
6.04296e+16 3.23231e-33 3.24975e-33 3.24984e-33 3.24984e-33 3.24984e-33 5.11353e-33 1.85995e-35 0 0 4.64348e+42 0 0 1
6.97831e+16 7.98228e-39 8.02101e-39 8.02123e-39 8.02123e-39 8.02123e-39 4.13327e-37 2.86011e-41 0 0 4.64348e+42 0 0 1
8.05842e+16 6.61874e-41 6.64757e-41 6.64776e-41 6.64776e-41 6.64776e-41 8.87112e-39 3.9045e-48 0 0 4.64348e+42 0 0 1
9.30572e+16 0 0 0 0 0 0 0 0 0 4.64348e+42 0 0 1