
1.07461e-07 3.01699e+50 3.01699e+50 1.57571e+55 1.63249e+55 1.80705e+55 3.98402e+53 0 2.3297e+46 8.67027e+44 4.64348e+42 0 0 1
1.24094e-07 4.47964e+51 4.47964e+51 1.376e+55 1.41884e+55 1.52287e+55 3.34636e+53 0 2.6903e+46 1.27661e+46 4.64348e+42 0 0 1
1.43301e-07 3.14227e+52 3.14227e+52 1.18862e+55 1.22059e+55 1.28208e+55 2.80761e+53 0 3.10671e+46 8.9771e+46 4.64348e+42 0 0 1
1.65482e-07 1.26612e+53 1.26612e+53 1.01843e+55 1.04211e+55 1.07821e+55 2.35288e+53 0 3.58757e+46 3.65576e+47 4.64348e+42 0 0 1
1.91095e-07 3.3858e+53 3.3858e+53 8.67233e+54 8.8467e+54 9.05751e+54 1.96944e+53 0 4.14286e+46 9.94168e+47 4.64348e+42 0 0 1
2.20673e-07 6.68576e+53 6.68576e+53 7.34964e+54 7.47743e+54 7.6e+54 1.64645e+53 0 4.7841e+46 2.00594e+48 4.64348e+42 0 0 1
2.5483e-07 1.05481e+54 1.05481e+54 6.20505e+54 6.29837e+54 6.36937e+54 1.37467e+53 0 5.52459e+46 3.2461e+48 4.64348e+42 0 0 1
2.94273e-07 1.40934e+54 1.40934e+54 5.22238e+54 5.29033e+54 5.33132e+54 1.14623e+53 0 6.3797e+46 4.46254e+48 4.64348e+42 0 0 1
3.39821e-07 1.66477e+54 1.66477e+54 4.38367e+54 4.43302e+54 4.45661e+54 9.54444e+52 0 7.36716e+46 5.43814e+48 4.64348e+42 0 0 1
3.92419e-07 1.79464e+54 1.79464e+54 3.67105e+54 3.70681e+54 3.72034e+54 7.93619e+52 0 8.50747e+46 6.06207e+48 4.64348e+42 0 0 1
4.53158e-07 1.80745e+54 1.80745e+54 3.0677e+54 3.09356e+54 3.1013e+54 6.58923e+52 0 9.82427e+46 6.32684e+48 4.64348e+42 0 0 1
5.23299e-07 1.73036e+54 1.73036e+54 2.55835e+54 2.57702e+54 2.58144e+54 5.46254e+52 0 1.13449e+47 6.28941e+48 4.64348e+42 0 0 1
6.04296e-07 1.59491e+54 1.59491e+54 2.12944e+54 2.14289e+54 2.1454e+54 4.52136e+52 0 1.31009e+47 6.03119e+48 4.64348e+42 0 0 1
6.97831e-07 1.42874e+54 1.42874e+54 1.76906e+54 1.77873e+54 1.78016e+54 3.73621e+52 0 1.51287e+47 5.63176e+48 4.64348e+42 0 0 1
8.05842e-07 1.25258e+54 1.25258e+54 1.46687e+54 1.47381e+54 1.47462e+54 3.08217e+52 0 1.74703e+47 5.15639e+48 4.64348e+42 0 0 1
9.30572e-07 1.08021e+54 1.08021e+54 1.21397e+54 1.21894e+54 1.21939e+54 2.53816e+52 0 2.01744e+47 4.65302e+48 4.64348e+42 0 0 1
1.07461e-06 9.19805e+53 9.19805e+53 1.0027e+54 1.00626e+54 1.00651e+54 2.08636e+52 0 2.3297e+47 4.15392e+48 4.64348e+42 0 0 1
1.24094e-06 7.75471e+53 7.75471e+53 8.26546e+53 8.29083e+53 8.29226e+53 1.71175e+52 0 2.6903e+47 3.67902e+48 4.64348e+42 0 0 1
1.43301e-06 6.48623e+53 6.48623e+53 6.79937e+53 6.81745e+53 6.81825e+53 1.40166e+52 0 3.1067e+47 3.23935e+48 4.64348e+42 0 0 1
1.65482e-06 5.39033e+53 5.39033e+53 5.5815e+53 5.59434e+53 5.59479e+53 1.14542e+52 0 3.58757e+47 2.83987e+48 4.64348e+42 0 0 1
1.91095e-06 4.45549e+53 4.45549e+53 4.57176e+53 4.58087e+53 4.58112e+53 9.34076e+51 0 4.14286e+47 2.48168e+48 4.64348e+42 0 0 1
2.20673e-06 3.66577e+53 3.66577e+53 3.73625e+53 3.74269e+53 3.74283e+53 7.6008e+51 0 4.78409e+47 2.16353e+48 4.64348e+42 0 0 1
2.5483e-06 3.00373e+53 3.00373e+53 3.04631e+53 3.05086e+53 3.05094e+53 6.17114e+51 0 5.52459e+47 1.88287e+48 4.64348e+42 0 0 1
2.94273e-06 2.45216e+53 2.45216e+53 2.47781e+53 2.48101e+53 2.48105e+53 4.99881e+51 0 6.37969e+47 1.6365e+48 4.64348e+42 0 0 1
3.39821e-06 1.99499e+53 1.99499e+53 2.01039e+53 2.01264e+53 2.01266e+53 4.0395e+51 0 7.36715e+47 1.421e+48 4.64348e+42 0 0 1
3.92419e-06 1.61774e+53 1.61774e+53 1.62696e+53 1.62854e+53 1.62855e+53 3.2562e+51 0 8.50745e+47 1.233e+48 4.64348e+42 0 0 1
4.53158e-06 1.30768e+53 1.30768e+53 1.31318e+53 1.31429e+53 1.3143e+53 2.61804e+51 0 9.82424e+47 1.06932e+48 4.64348e+42 0 0 1
5.23299e-06 1.05376e+53 1.05376e+53 1.05704e+53 1.05781e+53 1.05782e+53 2.09935e+51 0 1.13449e+48 9.2701e+47 4.64348e+42 0 0 1
6.04296e-06 8.46531e+52 8.46531e+52 8.48476e+52 8.49011e+52 8.49014e+52 1.67876e+51 0 1.31008e+48 8.03409e+47 4.64348e+42 0 0 1
6.97831e-06 6.7795e+52 6.7795e+52 6.79102e+52 6.79472e+52 6.79474e+52 1.33858e+51 0 1.51286e+48 6.9614e+47 4.64348e+42 0 0 1
8.05842e-06 5.41249e+52 5.41249e+52 5.41928e+52 5.42184e+52 5.42185e+52 1.06417e+51 0 1.74702e+48 6.03099e+47 4.64348e+42 0 0 1
9.30572e-06 4.30748e+52 4.30748e+52 4.31147e+52 4.31324e+52 4.31324e+52 8.43414e+50 0 2.01743e+48 5.22433e+47 4.64348e+42 0 0 1
1.07461e-05 3.41708e+52 3.41708e+52 3.41942e+52 3.42063e+52 3.42063e+52 6.66337e+50 0 2.32969e+48 4.52518e+47 4.64348e+42 0 0 1
1.24094e-05 2.70189e+52 2.70189e+52 2.70326e+52 2.70409e+52 2.70409e+52 5.2473e+50 0 2.69028e+48 3.91935e+47 4.64348e+42 0 0 1
1.43301e-05 2.12931e+52 2.12931e+52 2.13011e+52 2.13068e+52 2.13068e+52 4.11847e+50 0 3.10668e+48 3.39446e+47 4.64348e+42 0 0 1
1.65482e-05 1.67242e+52 1.67242e+52 1.67288e+52 1.67326e+52 1.67326e+52 3.22162e+50 0 3.58753e+48 2.93977e+47 4.64348e+42 0 0 1
1.91095e-05 1.30907e+52 1.30907e+52 1.30934e+52 1.3096e+52 1.3096e+52 2.51152e+50 0 4.14281e+48 2.54592e+47 4.64348e+42 0 0 1
2.20673e-05 1.02113e+52 1.02113e+52 1.02128e+52 1.02146e+52 1.02146e+52 1.95129e+50 0 4.78404e+48 2.20479e+47 4.64348e+42 0 0 1
2.5483e-05 7.93755e+51 7.93755e+51 7.93844e+51 7.93962e+51 7.93962e+51 1.51091e+50 0 5.52451e+48 1.90935e+47 4.64348e+42 0 0 1
2.94273e-05 6.1487e+51 6.1487e+51 6.14921e+51 6.15001e+51 6.15001e+51 1.16602e+50 0 6.37959e+48 1.65348e+47 4.64348e+42 0 0 1
3.39821e-05 4.74658e+51 4.74658e+51 4.74687e+51 4.7474e+51 4.7474e+51 8.96928e+49 0 7.36702e+48 1.43188e+47 4.64348e+42 0 0 1
3.92419e-05 3.65175e+51 3.65175e+51 3.65191e+51 3.65227e+51 3.65227e+51 6.87747e+49 0 8.50727e+48 1.23998e+47 4.64348e+42 0 0 1
4.53158e-05 2.80012e+51 2.80012e+51 2.80021e+51 2.80045e+51 2.80045e+51 5.2574e+49 0 9.82401e+48 1.07379e+47 4.64348e+42 0 0 1
5.23299e-05 2.14019e+51 2.14019e+51 2.14025e+51 2.1404e+51 2.1404e+51 4.0072e+49 0 1.13445e+49 9.29871e+46 4.64348e+42 0 0 1
6.04296e-05 1.63075e+51 1.63075e+51 1.63078e+51 1.63089e+51 1.63089e+51 3.04581e+49 0 1.31004e+49 8.05241e+46 4.64348e+42 0 0 1
6.97831e-05 1.23894e+51 1.23894e+51 1.23895e+51 1.23902e+51 1.23902e+51 2.30901e+49 0 1.5128e+49 6.97313e+46 4.64348e+42 0 0 1
8.05842e-05 9.38671e+50 9.38671e+50 9.3868e+50 9.38724e+50 9.38724e+50 1.74615e+49 0 1.74695e+49 6.0385e+46 4.64348e+42 0 0 1
9.30572e-05 7.09355e+50 7.09355e+50 7.0936e+50 7.09389e+50 7.09389e+50 1.31748e+49 0 2.01733e+49 5.22914e+46 4.64348e+42 0 0 1
0.000107461 5.34796e+50 5.34796e+50 5.34799e+50 5.34818e+50 5.34818e+50 9.91962e+48 0 2.32956e+49 4.52826e+46 4.64348e+42 0 0 1
0.000124094 4.02327e+50 4.02327e+50 4.02329e+50 4.02341e+50 4.02341e+50 7.45429e+48 0 2.6901e+49 3.92132e+46 4.64348e+42 0 0 1
0.000143301 3.02083e+50 3.02083e+50 3.02084e+50 3.02092e+50 3.02092e+50 5.59182e+48 0 3.10645e+49 3.39572e+46 4.64348e+42 0 0 1
0.000165482 2.26423e+50 2.26423e+50 2.26424e+50 2.26429e+50 2.26429e+50 4.18803e+48 0 3.58722e+49 2.94058e+46 4.64348e+42 0 0 1
0.000191095 1.69453e+50 1.69453e+50 1.69453e+50 1.69456e+50 1.69456e+50 3.13218e+48 0 4.1424e+49 2.54644e+46 4.64348e+42 0 0 1
0.000220673 1.26646e+50 1.26646e+50 1.26646e+50 1.26649e+50 1.26649e+50 2.33955e+48 0 4.78349e+49 2.20512e+46 4.64348e+42 0 0 1
0.00025483 9.45433e+49 9.45433e+49 9.45434e+49 9.45448e+49 9.45448e+49 1.74555e+48 0 5.52378e+49 1.90956e+46 4.64348e+42 0 0 1
0.000294273 7.0508e+49 7.0508e+49 7.05081e+49 7.0509e+49 7.0509e+49 1.30109e+48 0 6.37861e+49 1.65361e+46 4.64348e+42 0 0 1
0.000339821 5.25394e+49 5.25394e+49 5.25394e+49 5.254e+49 5.254e+49 9.68984e+47 0 7.36571e+49 1.43197e+46 4.64348e+42 0 0 1
0.000392419 3.91233e+49 3.91233e+49 3.91233e+49 3.91237e+49 3.91237e+49 7.21143e+47 0 8.50553e+49 1.24003e+46 4.64348e+42 0 0 1
0.000453158 2.91174e+49 2.91174e+49 2.91174e+49 2.91176e+49 2.91176e+49 5.36386e+47 0 9.82169e+49 1.07382e+46 4.64348e+42 0 0 1
0.000523299 2.16618e+49 2.16618e+49 2.16618e+49 2.16619e+49 2.16619e+49 3.98785e+47 0 1.13414e+50 9.29894e+45 4.64348e+42 0 0 1
0.000604296 1.61107e+49 1.61107e+49 1.61107e+49 1.61108e+49 1.61108e+49 2.96387e+47 0 1.30963e+50 8.05255e+45 4.64348e+42 0 0 1
0.000697831 1.19803e+49 1.19803e+49 1.19803e+49 1.19804e+49 1.19804e+49 2.20238e+47 0 1.51225e+50 6.97322e+45 4.64348e+42 0 0 1
0.000805842 8.90851e+48 8.90851e+48 8.90851e+48 8.90855e+48 8.90855e+48 1.63638e+47 0 1.74621e+50 6.03856e+45 4.64348e+42 0 0 1
0.000930572 6.62475e+48 6.62475e+48 6.62476e+48 6.62478e+48 6.62478e+48 1.21587e+47 0 2.01635e+50 5.22918e+45 4.64348e+42 0 0 1
0.00107461 4.9273e+48 4.9273e+48 4.9273e+48 4.92731e+48 4.92731e+48 9.03533e+46 0 2.32825e+50 4.52828e+45 4.64348e+42 0 0 1
0.00124094 3.66576e+48 3.66576e+48 3.66576e+48 3.66577e+48 3.66577e+48 6.71588e+46 0 2.68836e+50 3.92133e+45 4.64348e+42 0 0 1
0.00143301 2.72819e+48 2.72819e+48 2.72819e+48 2.7282e+48 2.7282e+48 4.99352e+46 0 3.10412e+50 3.39573e+45 4.64348e+42 0 0 1
0.00165482 2.03132e+48 2.03132e+48 2.03132e+48 2.03133e+48 2.03133e+48 3.71445e+46 0 3.58413e+50 2.94058e+45 4.64348e+42 0 0 1
0.00191095 1.51326e+48 1.51326e+48 1.51326e+48 1.51327e+48 1.51327e+48 2.76444e+46 0 4.13827e+50 2.54644e+45 4.64348e+42 0 0 1
0.00220673 1.12801e+48 1.12801e+48 1.12801e+48 1.12802e+48 1.12802e+48 2.05864e+46 0 4.77798e+50 2.20513e+45 4.64348e+42 0 0 1
0.0025483 8.41423e+47 8.41423e+47 8.41423e+47 8.41424e+47 8.41424e+47 1.53409e+46 0 5.51643e+50 1.90956e+45 4.64348e+42 0 0 1
0.00294273 6.28127e+47 6.28127e+47 6.28127e+47 6.28127e+47 6.28127e+47 1.14408e+46 0 6.36881e+50 1.65361e+45 4.64348e+42 0 0 1
0.00339821 4.69296e+47 4.69296e+47 4.69296e+47 4.69297e+47 4.69297e+47 8.53936e+45 0 7.35265e+50 1.43197e+45 4.64348e+42 0 0 1
0.00392419 3.50952e+47 3.50952e+47 3.50952e+47 3.50953e+47 3.50953e+47 6.37967e+45 0 8.48811e+50 1.24003e+45 4.64348e+42 0 0 1
0.00453158 2.62714e+47 2.62714e+47 2.62714e+47 2.62715e+47 2.62715e+47 4.77098e+45 0 9.79846e+50 1.07383e+45 4.64348e+42 0 0 1
0.00523299 1.96874e+47 1.96874e+47 1.96874e+47 1.96875e+47 1.96875e+47 3.57182e+45 0 1.13105e+51 9.29894e+44 4.64348e+42 0 0 1
0.00604296 1.47706e+47 1.47706e+47 1.47706e+47 1.47706e+47 1.47706e+47 2.67718e+45 0 1.3055e+51 8.05255e+44 4.64348e+42 0 0 1
0.00697831 1.10955e+47 1.10955e+47 1.10955e+47 1.10955e+47 1.10955e+47 2.00914e+45 0 1.50675e+51 6.97322e+44 4.64348e+42 0 0 1
0.00805842 8.3459e+46 8.3459e+46 8.3459e+46 8.3459e+46 8.3459e+46 1.50981e+45 0 1.73887e+51 6.03856e+44 4.64348e+42 0 0 1
0.00930572 6.28653e+46 6.28653e+46 6.28653e+46 6.28654e+46 6.28654e+46 1.13618e+45 0 2.00657e+51 5.22918e+44 4.64348e+42 0 0 1
0.0107461 4.74242e+46 4.74242e+46 4.74242e+46 4.74242e+46 4.74242e+46 8.56308e+44 0 2.31521e+51 4.52828e+44 4.64348e+42 0 0 1
0.0124094 3.58326e+46 3.58326e+46 3.58326e+46 3.58326e+46 3.58326e+46 6.46404e+44 0 2.67097e+51 3.92133e+44 4.64348e+42 0 0 1
0.0143301 2.71196e+46 2.71196e+46 2.71196e+46 2.71196e+46 2.71196e+46 4.88774e+44 0 3.08095e+51 3.39573e+44 4.64348e+42 0 0 1
0.0165482 2.05614e+46 2.05614e+46 2.05614e+46 2.05614e+46 2.05614e+46 3.70239e+44 0 3.55323e+51 2.94058e+44 4.64348e+42 0 0 1
0.0191095 1.56179e+46 1.56179e+46 1.56179e+46 1.56179e+46 1.56179e+46 2.80972e+44 0 4.0971e+51 2.54644e+44 4.64348e+42 0 0 1
0.0220673 1.1886e+46 1.1886e+46 1.1886e+46 1.1886e+46 1.1886e+46 2.13644e+44 0 4.72311e+51 2.20513e+44 4.64348e+42 0 0 1
0.025483 9.064e+45 9.064e+45 9.064e+45 9.064e+45 9.064e+45 1.62778e+44 0 5.44331e+51 1.90956e+44 4.64348e+42 0 0 1
0.0294273 6.92652e+45 6.92652e+45 6.92652e+45 6.92652e+45 6.92652e+45 1.24285e+44 0 6.27139e+51 1.65361e+44 4.64348e+42 0 0 1
0.0339821 5.3046e+45 5.3046e+45 5.3046e+45 5.3046e+45 5.3046e+45 9.51024e+43 0 7.22286e+51 1.43197e+44 4.64348e+42 0 0 1
0.0392419 4.07159e+45 4.07159e+45 4.07159e+45 4.07159e+45 4.07159e+45 7.29363e+43 0 8.31523e+51 1.24003e+44 4.64348e+42 0 0 1
0.0453158 3.1324e+45 3.1324e+45 3.1324e+45 3.1324e+45 3.1324e+45 5.60666e+43 0 9.56822e+51 1.07382e+44 4.64348e+42 0 0 1
0.0523299 2.41554e+45 2.41554e+45 2.41554e+45 2.41554e+45 2.41554e+45 4.32015e+43 0 1.10039e+52 9.29893e+43 4.64348e+42 0 0 1
0.0604296 1.86724e+45 1.86724e+45 1.86724e+45 1.86724e+45 1.86724e+45 3.33694e+43 0 1.26469e+52 8.05254e+43 4.64348e+42 0 0 1
0.0697831 1.44692e+45 1.44692e+45 1.44692e+45 1.44692e+45 1.44692e+45 2.58386e+43 0 1.45244e+52 6.97322e+43 4.64348e+42 0 0 1
0.0805842 1.124e+45 1.124e+45 1.124e+45 1.124e+45 1.124e+45 2.00572e+43 0 1.66662e+52 6.03855e+43 4.64348e+42 0 0 1
0.0930572 8.75318e+44 8.75318e+44 8.75318e+44 8.75318e+44 8.75318e+44 1.56086e+43 0 1.91047e+52 5.22917e+43 4.64348e+42 0 0 1
0.107461 6.83354e+44 6.83354e+44 6.83354e+44 6.83354e+44 6.83354e+44 1.21771e+43 0 2.18746e+52 4.52828e+43 4.64348e+42 0 0 1
0.124094 5.34809e+44 5.34809e+44 5.34809e+44 5.34809e+44 5.34809e+44 9.52379e+42 0 2.50124e+52 3.92132e+43 4.64348e+42 0 0 1
0.143301 4.19577e+44 4.19577e+44 4.19577e+44 4.19577e+44 4.19577e+44 7.467e+42 0 2.85555e+52 3.39573e+43 4.64348e+42 0 0 1
0.165482 3.29962e+44 3.29962e+44 3.29962e+44 3.29962e+44 3.29962e+44 5.8686e+42 0 3.25412e+52 2.94058e+43 4.64348e+42 0 0 1
0.191095 2.60092e+44 2.60092e+44 2.60092e+44 2.60092e+44 2.60092e+44 4.62326e+42 0 3.70047e+52 2.54643e+43 4.64348e+42 0 0 1
0.220673 2.05479e+44 2.05479e+44 2.05479e+44 2.05479e+44 2.05479e+44 3.6505e+42 0 4.19766e+52 2.20512e+43 4.64348e+42 0 0 1
0.25483 1.62682e+44 1.62682e+44 1.62682e+44 1.62682e+44 1.62682e+44 2.88874e+42 0 4.74794e+52 1.90955e+43 4.64348e+42 0 0 1
0.294273 1.29061e+44 1.29061e+44 1.29061e+44 1.29061e+44 1.29061e+44 2.29069e+42 0 5.35228e+52 1.6536e+43 4.64348e+42 0 0 1
0.339821 1.02583e+44 1.02583e+44 1.02583e+44 1.02583e+44 1.02583e+44 1.82e+42 0 6.00979e+52 1.43196e+43 4.64348e+42 0 0 1
0.392419 8.16811e+43 8.16811e+43 8.16811e+43 8.16811e+43 8.16811e+43 1.44867e+42 0 6.71691e+52 1.24003e+43 4.64348e+42 0 0 1
0.453158 6.51424e+43 6.51424e+43 6.51424e+43 6.51424e+43 6.51424e+43 1.15502e+42 0 7.4665e+52 1.07382e+43 4.64348e+42 0 0 1
0.523299 5.2027e+43 5.2027e+43 5.2027e+43 5.2027e+43 5.2027e+43 9.2229e+41 0 8.24674e+52 9.29886e+42 4.64348e+42 0 0 1
0.604296 4.16045e+43 4.16045e+43 4.16045e+43 4.16045e+43 4.16045e+43 7.37449e+41 0 9.03987e+52 8.05247e+42 4.64348e+42 0 0 1
0.697831 3.33057e+43 3.33057e+43 3.33057e+43 3.33057e+43 3.33057e+43 5.9035e+41 0 9.82093e+52 6.97314e+42 4.64348e+42 0 0 1
0.805842 2.66859e+43 2.66859e+43 2.66859e+43 2.66859e+43 2.66859e+43 4.73074e+41 0 1.05567e+53 6.03848e+42 4.64348e+42 0 0 1
0.930572 2.13967e+43 2.13967e+43 2.13967e+43 2.13967e+43 2.13967e+43 3.79417e+41 0 1.12049e+53 5.2291e+42 4.64348e+42 0 0 1
1.07461 1.71647e+43 1.71647e+43 1.71647e+43 1.71647e+43 1.71647e+43 3.04513e+41 0 1.17146e+53 4.5282e+42 4.64348e+42 0 0 1
1.24094 1.37742e+43 1.37742e+43 1.37742e+43 1.37742e+43 1.37742e+43 2.44527e+41 0 1.20282e+53 3.92125e+42 4.64348e+42 0 0 1
1.43301 1.1055e+43 1.1055e+43 1.1055e+43 1.1055e+43 1.1055e+43 1.96433e+41 0 1.20854e+53 3.39565e+42 4.64348e+42 0 0 1
1.65482 8.87234e+42 8.87234e+42 8.87234e+42 8.87234e+42 8.87234e+42 1.57836e+41 0 1.18308e+53 2.9405e+42 4.64348e+42 0 0 1
1.91095 7.11917e+42 7.11917e+42 7.11917e+42 7.11917e+42 7.11917e+42 1.26833e+41 0 1.12244e+53 2.54636e+42 4.64348e+42 0 0 1
2.20673 5.71028e+42 5.71028e+42 5.71028e+42 5.71028e+42 5.71028e+42 1.0191e+41 0 1.02553e+53 2.20504e+42 4.64348e+42 0 0 1
2.5483 4.5777e+42 4.5777e+42 4.5777e+42 4.5777e+42 4.5777e+42 8.186e+40 0 8.9551e+52 1.90948e+42 4.64348e+42 0 0 1
2.94273 3.66709e+42 3.66709e+42 3.66709e+42 3.66709e+42 3.66709e+42 6.57197e+40 0 7.40679e+52 1.65353e+42 4.64348e+42 0 0 1
3.39821 2.93497e+42 2.93497e+42 2.93497e+42 2.93497e+42 2.93497e+42 5.27194e+40 0 5.74194e+52 1.43189e+42 4.64348e+42 0 0 1
3.92419 2.34649e+42 2.34649e+42 2.34649e+42 2.34649e+42 2.34649e+42 4.22445e+40 0 4.12166e+52 1.23995e+42 4.64348e+42 0 0 1
4.53158 1.87371e+42 1.87371e+42 1.87371e+42 1.87371e+42 1.87371e+42 3.38044e+40 0 2.70165e+52 1.07374e+42 4.64348e+42 0 0 1
5.23299 1.49417e+42 1.49417e+42 1.49417e+42 1.49417e+42 1.49417e+42 2.70069e+40 0 1.59174e+52 9.29811e+41 4.64348e+42 0 0 1
6.04296 1.18982e+42 1.18982e+42 1.18982e+42 1.18982e+42 1.18982e+42 2.15382e+40 0 8.28046e+51 8.05172e+41 4.64348e+42 0 0 1
6.97831 9.46112e+41 9.46112e+41 9.46112e+41 9.46112e+41 9.46112e+41 1.71453e+40 0 3.72739e+51 6.97239e+41 4.64348e+42 0 0 1
8.05842 7.51273e+41 7.51273e+41 7.51273e+41 7.51273e+41 7.51273e+41 1.36237e+40 0 1.41892e+51 6.03773e+41 4.64348e+42 0 0 1
9.30572 5.95784e+41 5.95784e+41 5.95784e+41 5.95784e+41 5.95784e+41 1.08074e+40 0 4.44958e+50 5.22834e+41 4.64348e+42 0 0 1
10.7461 4.71932e+41 4.71932e+41 4.71932e+41 4.71932e+41 4.71932e+41 8.56094e+39 0 1.11533e+50 4.52745e+41 4.64348e+42 0 0 1
12.4094 3.73467e+41 3.73467e+41 3.73467e+41 3.73467e+41 3.73467e+41 6.77395e+39 0 2.15844e+49 3.9205e+41 4.64348e+42 0 0 1
14.3301 2.95333e+41 2.95333e+41 2.95333e+41 2.95333e+41 2.95333e+41 5.35636e+39 0 3.09832e+48 3.3949e+41 4.64348e+42 0 0 1
16.5482 2.33436e+41 2.33436e+41 2.33436e+41 2.33436e+41 2.33436e+41 4.23456e+39 0 3.14981e+47 2.93975e+41 4.64348e+42 0 0 1
19.1095 1.8447e+41 1.8447e+41 1.8447e+41 1.8447e+41 1.8447e+41 3.34848e+39 0 2.1499e+46 2.5456e+41 4.64348e+42 0 0 1
22.0673 1.45769e+41 1.45769e+41 1.45769e+41 1.45769e+41 1.45769e+41 2.64932e+39 0 9.26298e+44 2.20429e+41 4.64348e+42 0 0 1
25.483 1.15198e+41 1.15198e+41 1.15198e+41 1.15198e+41 1.15198e+41 2.0977e+39 0 2.34614e+43 1.90872e+41 4.64348e+42 0 0 1
29.4273 9.10511e+40 9.10511e+40 9.10511e+40 9.10511e+40 9.10511e+40 1.66223e+39 0 3.21749e+41 1.65278e+41 4.64348e+42 0 0 1
33.9821 7.1978e+40 7.1978e+40 7.1978e+40 7.1978e+40 7.1978e+40 1.31813e+39 0 2.17269e+39 1.43113e+41 4.64348e+42 0 0 1
39.2419 5.691e+40 5.691e+40 5.691e+40 5.691e+40 5.691e+40 1.04594e+39 0 6.47402e+36 1.2392e+41 4.64348e+42 0 0 1
45.3158 4.50045e+40 4.50045e+40 4.50045e+40 4.50045e+40 4.50045e+40 8.30473e+38 0 7.49981e+33 1.07299e+41 4.64348e+42 0 0 1
52.3299 3.55966e+40 3.55966e+40 3.55966e+40 3.55966e+40 3.55966e+40 6.59782e+38 0 2.91823e+30 9.29058e+40 4.64348e+42 0 0 1
60.4296 2.81613e+40 2.81613e+40 2.81613e+40 2.81613e+40 2.81613e+40 5.24489e+38 0 3.22141e+26 8.04419e+40 4.64348e+42 0 0 1
69.7831 2.22841e+40 2.22841e+40 2.22841e+40 2.22841e+40 2.22841e+40 4.17195e+38 0 8.30119e+21 6.96486e+40 4.64348e+42 0 0 1
80.5842 1.76377e+40 1.76377e+40 1.76377e+40 1.76377e+40 1.76377e+40 3.32057e+38 0 3.98664e+16 6.0302e+40 4.64348e+42 0 0 1
93.0572 1.39635e+40 1.39635e+40 1.39635e+40 1.39635e+40 1.39635e+40 2.64461e+38 0 2.75114e+10 5.22082e+40 4.64348e+42 0 0 1
107.461 1.10574e+40 1.10574e+40 1.10574e+40 1.10574e+40 1.10574e+40 2.10759e+38 0 2020.43 4.51992e+40 4.64348e+42 0 0 1
124.094 8.75828e+39 8.75828e+39 8.75828e+39 8.75828e+39 8.75828e+39 1.68068e+38 0 1.11636e-05 3.91297e+40 4.64348e+42 0 0 1
143.301 6.93879e+39 6.93879e+39 6.93879e+39 6.93879e+39 6.93879e+39 1.34108e+38 0 3.10943e-15 3.38738e+40 4.64348e+42 0 0 1
165.482 5.49852e+39 5.49852e+39 5.49852e+39 5.49852e+39 5.49852e+39 1.07076e+38 0 2.74947e-26 2.93223e+40 4.64348e+42 0 0 1
191.095 4.35812e+39 4.35812e+39 4.35812e+39 4.35812e+39 4.35812e+39 8.55437e+37 0 4.52478e-39 2.53809e+40 4.64348e+42 0 0 1
220.673 3.45492e+39 3.45492e+39 3.45492e+39 3.45492e+39 3.45492e+39 6.8381e+37 0 7.4803e-54 2.19678e+40 4.64348e+42 0 0 1
254.83 2.73939e+39 2.73939e+39 2.73939e+39 2.73939e+39 2.73939e+39 5.46921e+37 0 6.09474e-71 1.90121e+40 4.64348e+42 0 0 1
294.273 2.17239e+39 2.17239e+39 2.17239e+39 2.17239e+39 2.17239e+39 4.37667e+37 0 1.07543e-90 1.64527e+40 4.64348e+42 0 0 1
339.821 1.723e+39 1.723e+39 1.723e+39 1.723e+39 1.723e+39 3.50414e+37 0 1.58998e-113 1.42363e+40 4.64348e+42 0 0 1
392.419 1.36673e+39 1.36673e+39 1.36673e+39 1.36673e+39 1.36673e+39 2.80687e+37 0 6.57888e-140 1.2317e+40 4.64348e+42 0 0 1
453.158 1.08423e+39 1.08423e+39 1.08423e+39 1.08423e+39 1.08423e+39 2.24932e+37 0 2.14741e-170 1.06549e+40 4.64348e+42 0 0 1
523.299 8.60189e+38 8.60189e+38 8.60189e+38 8.60189e+38 8.60189e+38 1.80323e+37 0 1.28118e-205 9.21565e+39 4.64348e+42 0 0 1
604.296 6.82474e+38 6.82474e+38 6.82474e+38 6.82474e+38 6.82474e+38 1.44611e+37 0 2.58148e-246 7.96932e+39 4.64348e+42 0 0 1
697.831 5.41488e+38 5.41488e+38 5.41488e+38 5.41488e+38 5.41488e+38 1.16007e+37 0 0 6.89006e+39 4.64348e+42 0 0 1
805.842 4.29625e+38 4.29625e+38 4.29625e+38 4.29625e+38 4.29625e+38 9.30833e+36 0 0 5.95547e+39 4.64348e+42 0 0 1
930.572 3.40861e+38 3.40861e+38 3.40861e+38 3.40861e+38 3.40861e+38 7.47041e+36 0 0 5.14618e+39 4.64348e+42 0 0 1
1074.61 2.70421e+38 2.70421e+38 2.70421e+38 2.70421e+38 2.70421e+38 5.9962e+36 0 0 4.44539e+39 4.64348e+42 0 0 1
1240.94 2.1452e+38 2.1452e+38 2.1452e+38 2.1452e+38 2.1452e+38 4.81325e+36 0 0 3.83855e+39 4.64348e+42 0 0 1
1433.01 1.70155e+38 1.70155e+38 1.70155e+38 1.70155e+38 1.70155e+38 3.8637e+36 0 0 3.31309e+39 4.64348e+42 0 0 1
1654.82 1.34946e+38 1.34946e+38 1.34946e+38 1.34946e+38 1.34946e+38 3.10128e+36 0 0 2.8581e+39 4.64348e+42 0 0 1
1910.95 1.07004e+38 1.07004e+38 1.07004e+38 1.07004e+38 1.07004e+38 2.48896e+36 0 0 2.46413e+39 4.64348e+42 0 0 1
2206.73 8.48307e+37 8.48307e+37 8.48308e+37 8.48308e+37 8.48308e+37 1.99711e+36 0 0 2.12303e+39 4.64348e+42 0 0 1
2548.3 6.72365e+37 6.72365e+37 6.72366e+37 6.72366e+37 6.72366e+37 1.60199e+36 0 0 1.8277e+39 4.64348e+42 0 0 1
2942.73 5.32774e+37 5.32774e+37 5.32775e+37 5.32775e+37 5.32775e+37 1.28455e+36 0 0 1.57203e+39 4.64348e+42 0 0 1
3398.21 4.22039e+37 4.22039e+37 4.2204e+37 4.2204e+37 4.2204e+37 1.02952e+36 0 0 1.3507e+39 4.64348e+42 0 0 1
3924.19 3.3421e+37 3.3421e+37 3.3421e+37 3.3421e+37 3.3421e+37 8.24669e+35 0 0 1.15913e+39 4.64348e+42 0 0 1
4531.58 2.64562e+37 2.64562e+37 2.64562e+37 2.64562e+37 2.64562e+37 6.60145e+35 0 0 9.93336e+38 4.64348e+42 0 0 1
5232.99 2.09344e+37 2.09344e+37 2.09344e+37 2.09344e+37 2.09344e+37 5.2805e+35 0 0 8.49882e+38 4.64348e+42 0 0 1
6042.96 1.65576e+37 1.65576e+37 1.65577e+37 1.65577e+37 1.65577e+37 4.22032e+35 0 0 7.2579e+38 4.64348e+42 0 0 1
6978.31 1.30895e+37 1.30895e+37 1.30895e+37 1.30895e+37 1.30895e+37 3.36984e+35 0 0 6.18481e+38 4.64348e+42 0 0 1
8058.42 1.03421e+37 1.03421e+37 1.03421e+37 1.03421e+37 1.03421e+37 2.68798e+35 0 0 5.25728e+38 4.64348e+42 0 0 1
9305.72 8.16643e+36 8.16643e+36 8.16646e+36 8.16646e+36 8.16646e+36 2.14168e+35 0 0 4.45603e+38 4.64348e+42 0 0 1
10746.1 6.44417e+36 6.44417e+36 6.44419e+36 6.44419e+36 6.44419e+36 1.70433e+35 0 0 3.76437e+38 4.64348e+42 0 0 1
12409.4 5.08138e+36 5.08138e+36 5.0814e+36 5.0814e+36 5.0814e+36 1.35449e+35 0 0 3.16791e+38 4.64348e+42 0 0 1
14330.1 4.00354e+36 4.00354e+36 4.00355e+36 4.00355e+36 4.00355e+36 1.07492e+35 0 0 2.65418e+38 4.64348e+42 0 0 1
16548.2 3.15151e+36 3.15151e+36 3.15153e+36 3.15153e+36 3.15153e+36 8.51724e+34 0 0 2.21243e+38 4.64348e+42 0 0 1
19109.5 2.47839e+36 2.47839e+36 2.4784e+36 2.4784e+36 2.4784e+36 6.73729e+34 0 0 1.83334e+38 4.64348e+42 0 0 1
22067.3 1.94696e+36 1.94696e+36 1.94697e+36 1.94697e+36 1.94697e+36 5.31951e+34 0 0 1.50889e+38 4.64348e+42 0 0 1
25483 1.52769e+36 1.52769e+36 1.5277e+36 1.5277e+36 1.5277e+36 4.19169e+34 0 0 1.23212e+38 4.64348e+42 0 0 1
29427.3 1.19719e+36 1.19719e+36 1.1972e+36 1.1972e+36 1.1972e+36 3.29583e+34 0 0 9.97014e+37 4.64348e+42 0 0 1
33982.1 9.36884e+35 9.36884e+35 9.36891e+35 9.36891e+35 9.36891e+35 2.58538e+34 0 0 7.98345e+37 4.64348e+42 0 0 1
39241.9 7.32063e+35 7.32063e+35 7.32069e+35 7.32069e+35 7.32069e+35 2.023e+34 0 0 6.31562e+37 4.64348e+42 0 0 1
45315.8 5.71072e+35 5.71072e+35 5.71077e+35 5.71077e+35 5.71077e+35 1.57874e+34 0 0 4.92678e+37 4.64348e+42 0 0 1
52329.9 4.44678e+35 4.44678e+35 4.44683e+35 4.44683e+35 4.44683e+35 1.22858e+34 0 0 3.78172e+37 4.64348e+42 0 0 1
60429.6 3.45577e+35 3.45577e+35 3.45581e+35 3.45581e+35 3.45581e+35 9.53288e+33 0 0 2.84911e+37 4.64348e+42 0 0 1
69783.1 2.67988e+35 2.67988e+35 2.67991e+35 2.67991e+35 2.67991e+35 7.37445e+33 0 0 2.10072e+37 4.64348e+42 0 0 1
80584.2 2.07341e+35 2.07341e+35 2.07344e+35 2.07344e+35 2.07344e+35 5.6871e+33 0 0 1.51084e+37 4.64348e+42 0 0 1
93057.2 1.60024e+35 1.60024e+35 1.60026e+35 1.60026e+35 1.60026e+35 4.37214e+33 0 0 1.05581e+37 4.64348e+42 0 0 1
107461 1.23183e+35 1.23183e+35 1.23185e+35 1.23185e+35 1.23185e+35 3.35072e+33 0 0 7.13733e+36 4.64348e+42 0 0 1
124094 9.45649e+34 9.45649e+34 9.45665e+34 9.45665e+34 9.45665e+34 2.55998e+33 0 0 4.64344e+36 4.64348e+42 0 0 1
143301 7.239e+34 7.239e+34 7.23913e+34 7.23913e+34 7.23913e+34 1.94992e+33 0 0 2.89016e+36 4.64348e+42 0 0 1
165482 5.52549e+34 5.52549e+34 5.5256e+34 5.5256e+34 5.5256e+34 1.48086e+33 0 0 1.70925e+36 4.64348e+42 0 0 1
191095 4.2053e+34 4.2053e+34 4.20538e+34 4.20538e+34 4.20538e+34 1.12144e+33 0 0 9.52913e+35 4.64348e+42 0 0 1
220673 3.19127e+34 3.19127e+34 3.19133e+34 3.19133e+34 3.19133e+34 8.46957e+32 0 0 4.96249e+35 4.64348e+42 0 0 1
254830 2.41489e+34 2.41489e+34 2.41494e+34 2.41494e+34 2.41494e+34 6.38015e+32 0 0 2.38871e+35 4.64348e+42 0 0 1
294273 1.82239e+34 1.82239e+34 1.82243e+34 1.82243e+34 1.82243e+34 4.79461e+32 0 0 1.04991e+35 4.64348e+42 0 0 1
339821 1.37168e+34 1.37168e+34 1.37171e+34 1.37171e+34 1.37171e+34 3.59501e+32 0 0 4.15483e+34 4.64348e+42 0 0 1
392419 1.02991e+34 1.02991e+34 1.02993e+34 1.02993e+34 1.02993e+34 2.68994e+32 0 0 1.45651e+34 4.64348e+42 0 0 1
453158 7.71543e+33 7.71543e+33 7.7156e+33 7.7156e+33 7.7156e+33 2.00889e+32 0 0 4.43903e+33 4.64348e+42 0 0 1
523299 5.76791e+33 5.76791e+33 5.76804e+33 5.76804e+33 5.76804e+33 1.49765e+32 1.16462e+30 0 1.15097e+33 4.64348e+42 0 0 1
604296 4.30387e+33 4.30387e+33 4.30396e+33 4.30396e+33 4.30396e+33 1.11475e+32 1.16965e+30 0 2.47615e+32 4.64348e+42 0 0 1
697831 3.20602e+33 3.20602e+33 3.20609e+33 3.20609e+33 3.20609e+33 8.2855e+31 1.17468e+30 0 4.29416e+31 4.64348e+42 0 0 1
805842 2.38463e+33 2.38463e+33 2.38468e+33 2.38468e+33 2.38468e+33 6.15036e+31 1.1797e+30 0 5.80606e+30 4.64348e+42 0 0 1
930572 1.77134e+33 1.77134e+33 1.77138e+33 1.77138e+33 1.77138e+33 4.56021e+31 1.18473e+30 0 5.88917e+29 4.64348e+42 0 0 1
1.07461e+06 1.31428e+33 1.31428e+33 1.3143e+33 1.3143e+33 1.3143e+33 3.37777e+31 1.19052e+30 0 4.28621e+28 4.64348e+42 0 0 1
1.24094e+06 9.74191e+32 9.74191e+32 9.74211e+32 9.74211e+32 9.74211e+32 2.49975e+31 1.1921e+30 0 2.12631e+27 4.64348e+42 0 0 1
1.43301e+06 7.21512e+32 7.21512e+32 7.21526e+32 7.21526e+32 7.21526e+32 1.8486e+31 1.19412e+30 0 6.77565e+25 4.64348e+42 0 0 1
1.65482e+06 5.3401e+32 5.3401e+32 5.3402e+32 5.3402e+32 5.3402e+32 1.36623e+31 1.19672e+30 0 1.29506e+24 4.64348e+42 0 0 1
1.91095e+06 3.95023e+32 3.95023e+32 3.9503e+32 3.9503e+32 3.9503e+32 1.00925e+31 1.20034e+30 0 1.37178e+22 4.64348e+42 0 0 1
2.20673e+06 2.92094e+32 2.92094e+32 2.92098e+32 2.92098e+32 2.92098e+32 7.45279e+30 1.20503e+30 0 7.34949e+19 4.64348e+42 0 0 1
2.5483e+06 2.15926e+32 2.15926e+32 2.15929e+32 2.15929e+32 2.15929e+32 5.50231e+30 1.21119e+30 0 1.79221e+17 4.64348e+42 0 0 1
2.94273e+06 1.59597e+32 1.59597e+32 1.59599e+32 1.59599e+32 1.59599e+32 4.06193e+30 1.21928e+30 0 1.76105e+14 4.64348e+42 0 0 1
3.39821e+06 1.17959e+32 1.17959e+32 1.17961e+32 1.17961e+32 1.17961e+32 2.99873e+30 1.23056e+30 0 6.05763e+10 4.64348e+42 0 0 1
3.92419e+06 8.71929e+31 8.71929e+31 8.71941e+31 8.71941e+31 8.71941e+31 2.21423e+30 1.2452e+30 0 6.20046e+06 4.64348e+42 0 0 1
4.53158e+06 6.4464e+31 6.4464e+31 6.44648e+31 6.44648e+31 6.44648e+31 1.63551e+30 1.26408e+30 0 156.552 4.64348e+42 0 0 1
5.23299e+06 4.76745e+31 4.76745e+31 4.76751e+31 4.76751e+31 4.76751e+31 1.20867e+30 1.28795e+30 0 0.000785082 4.64348e+42 0 0 1
6.04296e+06 3.52722e+31 3.52722e+31 3.52726e+31 3.52726e+31 3.52726e+31 8.9392e+29 1.31961e+30 0 6.08892e-10 4.64348e+42 0 0 1
6.97831e+06 2.61097e+31 2.61097e+31 2.611e+31 2.611e+31 2.611e+31 6.61867e+29 1.35693e+30 0 5.47096e-17 4.64348e+42 0 0 1
8.05842e+06 1.93396e+31 1.93396e+31 1.93397e+31 1.93397e+31 1.93397e+31 4.90859e+29 1.40102e+30 0 4.07937e-25 4.64348e+42 0 0 1
9.30572e+06 1.43361e+31 1.43361e+31 1.43363e+31 1.43363e+31 1.43363e+31 3.6496e+29 1.45098e+30 0 1.71716e-34 4.64348e+42 0 0 1
1.07461e+07 1.0638e+31 1.0638e+31 1.06381e+31 1.06381e+31 1.06381e+31 2.72475e+29 1.51083e+30 0 2.61516e-45 4.64348e+42 0 0 1
1.24094e+07 7.90405e+30 7.90405e+30 7.90411e+30 7.90411e+30 7.90411e+30 2.04677e+29 1.56964e+30 0 8.62057e-58 4.64348e+42 0 0 1
1.43301e+07 5.88286e+30 5.88286e+30 5.8829e+30 5.8829e+30 5.8829e+30 1.55195e+29 1.62708e+30 0 3.39832e-72 4.64348e+42 0 0 1
1.65482e+07 4.38882e+30 4.38882e+30 4.38885e+30 4.38885e+30 4.38885e+30 1.19321e+29 1.68042e+30 0 8.07503e-89 4.64348e+42 0 0 1
1.91095e+07 3.28525e+30 3.28525e+30 3.28527e+30 3.28527e+30 3.28527e+30 9.36622e+28 1.7264e+30 0 5.24305e-108 4.64348e+42 0 0 1
2.20673e+07 2.46995e+30 2.46995e+30 2.46997e+30 2.46997e+30 2.46997e+30 7.54198e+28 1.76606e+30 0 3.73086e-130 4.64348e+42 0 0 1
2.5483e+07 1.86841e+30 1.86841e+30 1.86842e+30 1.86842e+30 1.86842e+30 6.27472e+28 1.79389e+30 0 1.01305e-155 4.64348e+42 0 0 1
2.94273e+07 1.42449e+30 1.42449e+30 1.42449e+30 1.42449e+30 1.42449e+30 5.4033e+28 1.79424e+30 0 3.10415e-185 4.64348e+42 0 0 1
3.39821e+07 1.09711e+30 1.09711e+30 1.09711e+30 1.09711e+30 1.09711e+30 4.81852e+28 1.76219e+30 0 2.6287e-219 4.64348e+42 0 0 1
3.92419e+07 8.54719e+29 8.54719e+29 8.54723e+29 8.54723e+29 8.54723e+29 4.41236e+28 1.69688e+30 0 1.21185e-258 4.64348e+42 0 0 1
4.53158e+07 6.75376e+29 6.75376e+29 6.75379e+29 6.75379e+29 6.75379e+29 4.13786e+28 1.6098e+30 0 0 4.64348e+42 0 0 1
5.23299e+07 5.42021e+29 5.42021e+29 5.42023e+29 5.42023e+29 5.42023e+29 3.9415e+28 1.50939e+30 0 0 4.64348e+42 0 0 1
6.04296e+07 4.41341e+29 4.41341e+29 4.41343e+29 4.41343e+29 4.41343e+29 3.76809e+28 1.38577e+30 0 0 4.64348e+42 0 0 1
6.97831e+07 3.63945e+29 3.63945e+29 3.63947e+29 3.63947e+29 3.63947e+29 3.58787e+28 1.24168e+30 0 0 4.64348e+42 0 0 1
8.05842e+07 3.0336e+29 3.0336e+29 3.03361e+29 3.03361e+29 3.03361e+29 3.39026e+28 1.07954e+30 0 0 4.64348e+42 0 0 1
9.30572e+07 2.54651e+29 2.54651e+29 2.54653e+29 2.54653e+29 2.54653e+29 3.1645e+28 9.05011e+29 0 0 4.64348e+42 0 0 1
1.07461e+08 2.14104e+29 2.14104e+29 2.14105e+29 2.14105e+29 2.14105e+29 2.90146e+28 7.27982e+29 0 0 4.64348e+42 3.36558 0 1
1.24094e+08 1.80464e+29 1.80464e+29 1.80464e+29 1.80464e+29 1.80464e+29 2.6294e+28 5.76226e+29 0 0 4.64348e+42 2.95672 0 1
1.43301e+08 1.5161e+29 1.5161e+29 1.51611e+29 1.51611e+29 1.51611e+29 2.34182e+28 4.48026e+29 0 0 4.64348e+42 2.59752 0 1
1.65482e+08 1.26355e+29 1.26355e+29 1.26356e+29 1.26356e+29 1.26356e+29 2.04295e+28 3.42805e+29 0 0 4.64348e+42 2.28197 0 1
1.91095e+08 1.03408e+29 1.03408e+29 1.03408e+29 1.03408e+29 1.03408e+29 1.72657e+28 2.55583e+29 0 0 4.64348e+42 2.00475 0 1
2.20673e+08 8.40467e+28 8.40467e+28 8.40471e+28 8.40471e+28 8.40471e+28 1.44007e+28 1.91551e+29 0 0 4.64348e+42 1.7612 0 1
2.5483e+08 6.74773e+28 6.74773e+28 6.74776e+28 6.74776e+28 6.74776e+28 1.17828e+28 1.41945e+29 0 0 4.64348e+42 1.54725 0 1
2.94273e+08 5.34503e+28 5.34503e+28 5.34505e+28 5.34505e+28 5.34505e+28 9.45386e+27 1.04024e+29 0 0 4.64348e+42 1.35928 0 1
3.39821e+08 4.14254e+28 4.14254e+28 4.14256e+28 4.14256e+28 4.14256e+28 7.36318e+27 7.48816e+28 0 0 4.64348e+42 1.24684 0 1
3.92419e+08 3.20453e+28 3.20453e+28 3.20455e+28 3.20455e+28 3.20455e+28 5.7161e+27 5.47837e+28 0 0 4.64348e+42 1.19415 0 1
4.53158e+08 2.45268e+28 2.45268e+28 2.45269e+28 2.45269e+28 2.45269e+28 4.37316e+27 3.9896e+28 0 0 4.64348e+42 1.14369 0 1
5.23299e+08 1.85461e+28 1.85461e+28 1.85462e+28 1.85462e+28 1.85462e+28 3.29082e+27 2.89333e+28 0 0 4.64348e+42 1.09537 0 1
6.04296e+08 1.38975e+28 1.38975e+28 1.38976e+28 1.38976e+28 1.38976e+28 2.44506e+27 2.07615e+28 0 0 4.64348e+42 1.04908 0 1
6.97831e+08 1.05207e+28 1.05207e+28 1.05208e+28 1.05208e+28 1.05208e+28 1.83955e+27 1.52053e+28 0 0 4.64348e+42 1.00475 0 1
8.05842e+08 7.93602e+27 7.93602e+27 7.93606e+27 7.93606e+27 7.93606e+27 1.37623e+27 1.11174e+28 0 0 4.64348e+42 0.962298 0 1
9.30572e+08 5.96073e+27 5.96073e+27 5.96076e+27 5.96076e+27 5.96076e+27 1.02268e+27 8.10915e+27 0 0 4.64348e+42 0.921636 0 1
1.07461e+09 4.43998e+27 4.43998e+27 4.44001e+27 4.44001e+27 4.44001e+27 7.50441e+26 5.83117e+27 0 0 4.64348e+42 0.924958 0 1
1.24094e+09 3.3631e+27 3.3631e+27 3.36312e+27 3.36312e+27 3.36312e+27 5.62733e+26 4.29024e+27 0 0 4.64348e+42 0.972741 0 1
1.43301e+09 2.55235e+27 2.55235e+27 2.55237e+27 2.55237e+27 2.55237e+27 4.22649e+26 3.14806e+27 0 0 4.64348e+42 1.02299 0 1
1.65482e+09 1.93461e+27 1.93461e+27 1.93462e+27 1.93462e+27 1.93462e+27 3.16515e+26 2.303e+27 0 0 4.64348e+42 1.07584 0 1
1.91095e+09 1.45582e+27 1.45582e+27 1.45582e+27 1.45582e+27 1.45582e+27 2.34305e+26 1.65717e+27 0 0 4.64348e+42 1.13142 0 1
2.20673e+09 1.11182e+27 1.11182e+27 1.11183e+27 1.11183e+27 1.11183e+27 1.76968e+26 1.22191e+27 0 0 4.64348e+42 1.18986 0 1
2.5483e+09 8.48064e+26 8.48064e+26 8.4807e+26 8.4807e+26 8.4807e+26 1.33307e+26 8.98459e+26 0 0 4.64348e+42 1.25133 0 1
2.94273e+09 6.45351e+26 6.45351e+26 6.45356e+26 6.45356e+26 6.45356e+26 9.9985e+25 6.58522e+26 0 0 4.64348e+42 1.31597 0 1
3.39821e+09 4.85999e+26 4.85999e+26 4.86002e+26 4.86002e+26 4.86002e+26 7.3754e+25 4.74745e+26 0 0 4.64348e+42 1.38396 0 1
3.92419e+09 3.7131e+26 3.7131e+26 3.71313e+26 3.71313e+26 3.71313e+26 5.55745e+25 3.50295e+26 0 0 4.64348e+42 1.45545 0 1
4.53158e+09 2.83163e+26 2.83163e+26 2.83165e+26 2.83165e+26 2.83165e+26 4.17496e+25 2.57544e+26 0 0 4.64348e+42 1.53064 0 1
5.23299e+09 2.15487e+26 2.15487e+26 2.15488e+26 2.15488e+26 2.15488e+26 3.12625e+25 1.8858e+26 0 0 4.64348e+42 1.60971 0 1
6.04296e+09 1.62084e+26 1.62084e+26 1.62085e+26 1.62085e+26 1.62085e+26 2.29795e+25 1.35928e+26 0 0 4.64348e+42 1.69286 0 1
6.97831e+09 1.23578e+26 1.23578e+26 1.23579e+26 1.23579e+26 1.23579e+26 1.72812e+25 1.00184e+26 0 0 4.64348e+42 1.78032 0 1
8.05842e+09 9.39415e+25 9.39415e+25 9.39421e+25 9.39421e+25 9.39421e+25 1.29534e+25 7.36353e+25 0 0 4.64348e+42 1.87229 0 1
9.30572e+09 7.1066e+25 7.1066e+25 7.10665e+25 7.10665e+25 7.10665e+25 9.65057e+24 5.39703e+25 0 0 4.64348e+42 1.96901 0 1
1.07461e+10 5.31755e+25 5.31755e+25 5.31759e+25 5.31759e+25 5.31759e+25 7.07335e+24 3.90219e+25 0 0 4.64348e+42 2.20926 0 1
1.24094e+10 4.01131e+25 4.01131e+25 4.01134e+25 4.01134e+25 4.01134e+25 5.27417e+24 2.88546e+25 0 0 4.64348e+42 2.64467 0 1
1.43301e+10 3.00936e+25 3.00936e+25 3.00938e+25 3.00938e+25 3.00938e+25 3.90912e+24 2.12825e+25 0 0 4.64348e+42 3.1659 0 1
1.65482e+10 2.24858e+25 2.24858e+25 2.2486e+25 2.2486e+25 2.2486e+25 2.88786e+24 1.56491e+25 0 0 4.64348e+42 3.78985 0 1
1.91095e+10 1.66049e+25 1.66049e+25 1.6605e+25 1.6605e+25 1.6605e+25 2.09658e+24 1.13148e+25 0 0 4.64348e+42 4.53677 0 1
2.20673e+10 1.23687e+25 1.23687e+25 1.23688e+25 1.23688e+25 1.23688e+25 1.55275e+24 8.37132e+24 0 0 4.64348e+42 5.4309 34.7254 1
2.5483e+10 9.17136e+24 9.17136e+24 9.17143e+24 9.17143e+24 9.17143e+24 1.1458e+24 6.17283e+24 0 0 4.64348e+42 6.50125 22.9578 1
2.94273e+10 6.75946e+24 6.75946e+24 6.75952e+24 6.75952e+24 6.75952e+24 8.42188e+23 4.5357e+24 0 0 4.64348e+42 7.78255 15.5417 1
3.39821e+10 4.88689e+24 4.88689e+24 4.88694e+24 4.88694e+24 4.88694e+24 6.06644e+23 3.27186e+24 0 0 4.64348e+42 9.31638 10.7604 1
3.92419e+10 3.49471e+24 3.49471e+24 3.49475e+24 3.49475e+24 3.49475e+24 4.44166e+23 2.42048e+24 0 0 4.64348e+42 11.1525 7.61059 1
4.53158e+10 2.38359e+24 2.38359e+24 2.38364e+24 2.38364e+24 2.38364e+24 3.20539e+23 1.78609e+24 0 0 4.64348e+42 13.3505 5.49245 1
5.23299e+10 1.51263e+24 1.51263e+24 1.51268e+24 1.51268e+24 1.51268e+24 2.28115e+23 1.31417e+24 0 0 4.64348e+42 15.9817 4.04008 1
6.04296e+10 8.77876e+23 8.77876e+23 8.77926e+23 8.77926e+23 8.77926e+23 1.59164e+23 9.49073e+23 0 0 4.64348e+42 19.1314 3.02568 1
6.97831e+10 4.83271e+23 4.83271e+23 4.83319e+23 4.83319e+23 4.83319e+23 1.14462e+23 7.03614e+23 0 0 4.64348e+42 22.9019 2.3047 1
8.05842e+10 2.57305e+23 2.57305e+23 2.57347e+23 2.57347e+23 2.57347e+23 8.29174e+22 5.20354e+23 0 0 4.64348e+42 27.4156 1.78376 1
9.30572e+10 1.36695e+23 1.36695e+23 1.36729e+23 1.36729e+23 1.36729e+23 6.04117e+22 3.83667e+23 0 0 4.64348e+42 32.8187 1.40144 1
1.07461e+11 7.33708e+22 7.33708e+22 7.33969e+22 7.33969e+22 7.33969e+22 4.34408e+22 2.77363e+23 0 0 4.64348e+42 39.2868 1.11671 1
1.24094e+11 4.10612e+22 4.10612e+22 4.10812e+22 4.10812e+22 4.10812e+22 3.21082e+22 2.05796e+23 0 0 4.64348e+42 47.0297 0.901709 1
1.43301e+11 2.37185e+22 2.37185e+22 2.37336e+22 2.37336e+22 2.37336e+22 2.37036e+22 1.52241e+23 0 0 4.64348e+42 56.2985 0.737233 1
1.65482e+11 1.41295e+22 1.41295e+22 1.41407e+22 1.41407e+22 1.41407e+22 1.74546e+22 1.12225e+23 0 0 4.64348e+42 67.3941 0.609868 1
1.91095e+11 8.58863e+21 8.58863e+21 8.59679e+21 8.59679e+21 8.59679e+21 1.26126e+22 8.10355e+22 0 0 4.64348e+42 80.6765 0.510106 1
2.20673e+11 5.43266e+21 5.43266e+21 5.43866e+21 5.43866e+21 5.43866e+21 9.34712e+21 6.00626e+22 0 0 4.64348e+42 96.5766 0.431129 1
2.5483e+11 3.51436e+21 3.51436e+21 3.51875e+21 3.51875e+21 3.51875e+21 6.90635e+21 4.43736e+22 0 0 4.64348e+42 115.61 0.367983 1
2.94273e+11 2.31795e+21 2.31795e+21 2.32114e+21 2.32114e+21 2.32114e+21 5.08639e+21 3.26603e+22 0 0 4.64348e+42 138.396 0.317029 1
3.39821e+11 1.54063e+21 1.54063e+21 1.5429e+21 1.5429e+21 1.5429e+21 3.6742e+21 2.35335e+22 0 0 4.64348e+42 0 0.275565 1
3.92419e+11 1.05483e+21 1.05483e+21 1.05648e+21 1.05648e+21 1.05648e+21 2.72238e+21 1.74104e+22 0 0 4.64348e+42 0 0.241562 1
4.53158e+11 7.31139e+20 7.31139e+20 7.3232e+20 7.3232e+20 7.3232e+20 2.01047e+21 1.28356e+22 0 0 4.64348e+42 0 0.213483 1
5.23299e+11 5.12101e+20 5.12102e+20 5.12946e+20 5.12946e+20 5.12946e+20 1.47945e+21 9.42508e+21 0 0 4.64348e+42 0 0.190154 1
6.04296e+11 3.58119e+20 3.58119e+20 3.58713e+20 3.58713e+20 3.58713e+20 1.06693e+21 6.77025e+21 0 0 4.64348e+42 0 0.170669 1
6.97831e+11 2.56752e+20 2.56752e+20 2.57176e+20 2.57176e+20 2.57176e+20 7.89391e+20 4.99467e+21 0 0 4.64348e+42 0 0.154323 1
8.05842e+11 1.85289e+20 1.85289e+20 1.85589e+20 1.85589e+20 1.85589e+20 5.81958e+20 3.67079e+21 0 0 4.64348e+42 0 0.140565 1
9.30572e+11 1.34481e+20 1.34481e+20 1.34693e+20 1.34693e+20 1.34693e+20 4.27395e+20 2.68607e+21 0 0 4.64348e+42 0 0.12896 1
1.07461e+12 9.68792e+19 9.68792e+19 9.70269e+19 9.70269e+19 9.70269e+19 3.07342e+20 1.92083e+21 0 0 4.64348e+42 0 0.119166 1
1.24094e+12 7.1559e+19 7.1559e+19 7.16635e+19 7.16635e+19 7.16635e+19 2.26821e+20 1.41134e+21 0 0 4.64348e+42 0 0.110908 1
1.43301e+12 5.30907e+19 5.30907e+19 5.31644e+19 5.31644e+19 5.31644e+19 1.66745e+20 1.03262e+21 0 0 4.64348e+42 0 0.103969 1
1.65482e+12 3.95516e+19 3.95516e+19 3.96035e+19 3.96035e+19 3.96035e+19 1.22071e+20 7.51872e+20 0 0 4.64348e+42 0 0.098177 1
1.91095e+12 2.91427e+19 2.91427e+19 2.91786e+19 2.91786e+19 2.91786e+19 8.74143e+19 5.34274e+20 0 0 4.64348e+42 0 0.0933933 1
2.20673e+12 2.20866e+19 2.20866e+19 2.21121e+19 2.21121e+19 2.21121e+19 6.42694e+19 3.90323e+20 0 0 4.64348e+42 0 0.0895108 1
2.5483e+12 1.67992e+19 1.67992e+19 1.68173e+19 1.68173e+19 1.68173e+19 4.70507e+19 2.83798e+20 0 0 4.64348e+42 0 0.0864461 1
2.94273e+12 1.28156e+19 1.28156e+19 1.28284e+19 1.28284e+19 1.28284e+19 3.42875e+19 2.05218e+20 0 0 4.64348e+42 0 0.0841374 1
3.39821e+12 9.63066e+18 9.63067e+18 9.63953e+18 9.63953e+18 9.63953e+18 2.44064e+19 1.4454e+20 0 0 4.64348e+42 0 0.082541 1
3.92419e+12 7.45918e+18 7.45919e+18 7.46551e+18 7.46551e+18 7.46551e+18 1.78488e+19 1.04767e+20 0 0 4.64348e+42 0 0.08163 1
4.53158e+12 5.78301e+18 5.78301e+18 5.78752e+18 5.78752e+18 5.78752e+18 1.29906e+19 7.55203e+19 0 0 4.64348e+42 0 0.0813928 1
5.23299e+12 4.48287e+18 4.48288e+18 4.48607e+18 4.48607e+18 4.48607e+18 9.40592e+18 5.40954e+19 0 0 4.64348e+42 0 0.0818329 1
6.04296e+12 3.40412e+18 3.40413e+18 3.40634e+18 3.40634e+18 3.40634e+18 6.63948e+18 3.76387e+19 0 0 4.64348e+42 0 0.0829683 1
6.97831e+12 2.66403e+18 2.66403e+18 2.66561e+18 2.66561e+18 2.66561e+18 4.81969e+18 2.699e+19 0 0 4.64348e+42 0 0.0848322 1
8.05842e+12 2.07927e+18 2.07927e+18 2.08039e+18 2.08039e+18 2.08039e+18 3.47945e+18 1.92289e+19 0 0 4.64348e+42 0 0.0874729 1
9.30572e+12 1.61674e+18 1.61674e+18 1.61753e+18 1.61753e+18 1.61753e+18 2.49698e+18 1.35983e+19 0 0 4.64348e+42 0 0.0909553 1
1.07461e+13 1.22439e+18 1.22439e+18 1.22494e+18 1.22494e+18 1.22494e+18 1.74224e+18 9.30489e+18 0 0 4.64348e+42 0 0.0953611 1
1.24094e+13 9.55455e+17 9.55456e+17 9.55842e+17 9.55842e+17 9.55842e+17 1.25191e+18 6.57644e+18 0 0 4.64348e+42 0 0.10079 1
1.43301e+13 7.41205e+17 7.41206e+17 7.41478e+17 7.41478e+17 7.41478e+17 8.93786e+17 4.61214e+18 0 0 4.64348e+42 0 0.10736 1
1.65482e+13 5.71026e+17 5.71027e+17 5.71216e+17 5.71216e+17 5.71216e+17 6.33633e+17 3.2059e+18 0 0 4.64348e+42 0 0.115206 1
1.91095e+13 4.26017e+17 4.26018e+17 4.26146e+17 4.26146e+17 4.26146e+17 4.35113e+17 2.14447e+18 0 0 4.64348e+42 0 0.12448 1
2.20673e+13 3.27728e+17 3.27729e+17 3.27817e+17 3.27817e+17 3.27817e+17 3.08347e+17 1.48652e+18 0 0 4.64348e+42 0 0.135345 1
2.5483e+13 2.4992e+17 2.49921e+17 2.49982e+17 2.49982e+17 2.49982e+17 2.1683e+17 1.02077e+18 0 0 4.64348e+42 0 0.147968 1
2.94273e+13 1.88731e+17 1.88732e+17 1.88774e+17 1.88774e+17 1.88774e+17 1.51193e+17 6.934e+17 0 0 4.64348e+42 0 0.162507 1
3.39821e+13 1.37084e+17 1.37085e+17 1.37112e+17 1.37112e+17 1.37112e+17 1.01566e+17 4.49705e+17 0 0 4.64348e+42 0 0.179093 1
3.92419e+13 1.02879e+17 1.0288e+17 1.02898e+17 1.02898e+17 1.02898e+17 7.06327e+16 3.03762e+17 0 0 4.64348e+42 0 0.197804 1
4.53158e+13 7.6315e+16 7.63158e+16 7.63282e+16 7.63282e+16 7.63282e+16 4.86571e+16 2.02807e+17 0 0 4.64348e+42 0 0.218621 1
5.23299e+13 5.58917e+16 5.58925e+16 5.59007e+16 5.59007e+16 5.59007e+16 3.31727e+16 1.33603e+17 0 0 4.64348e+42 0 0.241387 1
6.04296e+13 3.90235e+16 3.90242e+16 3.90294e+16 3.90294e+16 3.90294e+16 2.1617e+16 8.30629e+16 0 0 4.64348e+42 0 0.265741 1
6.97831e+13 2.82609e+16 2.82616e+16 2.8265e+16 2.8265e+16 2.8265e+16 1.46522e+16 5.42014e+16 0 0 4.64348e+42 0 0.291055 1
8.05842e+13 2.01652e+16 2.01658e+16 2.01679e+16 2.01679e+16 2.01679e+16 9.81412e+15 3.48575e+16 0 0 4.64348e+42 0 0.316368 1
9.30572e+13 1.41584e+16 1.41588e+16 1.41602e+16 1.41602e+16 1.41602e+16 6.48841e+15 2.20436e+16 0 0 4.64348e+42 0 0.340344 1
1.07461e+14 9.35994e+15 9.36031e+15 9.36115e+15 9.36115e+15 9.36115e+15 4.05209e+15 1.2929e+16 0 0 4.64348e+42 0 0 1
1.24094e+14 6.4624e+15 6.46276e+15 6.46329e+15 6.46329e+15 6.46329e+15 2.6515e+15 8.05646e+15 0 0 4.64348e+42 0 0 1
1.43301e+14 4.37971e+15 4.38015e+15 4.38048e+15 4.38048e+15 4.38048e+15 1.70878e+15 4.92896e+15 0 0 4.64348e+42 0 0 1
1.65482e+14 2.90907e+15 2.90968e+15 2.90988e+15 2.90988e+15 2.90988e+15 1.08296e+15 2.95187e+15 0 0 4.64348e+42 0 0 1
1.91095e+14 1.78624e+15 1.78701e+15 1.78712e+15 1.78712e+15 1.78712e+15 6.36695e+14 1.59625e+15 0 0 4.64348e+42 0 0 1
2.20673e+14 1.15868e+15 1.15966e+15 1.15972e+15 1.15972e+15 1.15972e+15 3.96784e+14 9.35195e+14 0 0 4.64348e+42 0 0 1
2.5483e+14 7.34181e+14 7.35305e+14 7.35344e+14 7.35344e+14 7.35344e+14 2.4238e+14 5.35321e+14 0 0 4.64348e+42 0 0 1
2.94273e+14 4.53638e+14 4.54803e+14 4.54825e+14 4.54825e+14 4.54825e+14 1.44876e+14 2.98201e+14 0 0 4.64348e+42 0 0 1
3.39821e+14 2.51725e+14 2.52732e+14 2.52744e+14 2.52744e+14 2.52744e+14 7.80443e+13 1.43743e+14 0 0 4.64348e+42 0 0 1
3.92419e+14 1.50468e+14 1.51348e+14 1.51354e+14 1.51354e+14 1.51354e+14 4.54282e+13 7.75423e+13 0 0 4.64348e+42 0 0 1
4.53158e+14 8.72973e+13 8.80009e+13 8.80044e+13 8.80044e+13 8.80044e+13 2.5744e+13 4.06207e+13 0 0 4.64348e+42 0 0 1
5.23299e+14 4.90846e+13 4.96031e+13 4.96049e+13 4.96049e+13 4.96049e+13 1.41789e+13 2.05544e+13 0 0 4.64348e+42 0 0 1
6.04296e+14 2.36476e+13 2.39608e+13 2.39616e+13 2.39616e+13 2.39616e+13 6.71061e+12 8.39608e+12 0 0 4.64348e+42 0 0 1
6.97831e+14 1.26953e+13 1.28981e+13 1.28985e+13 1.28985e+13 1.28985e+13 3.54602e+12 4.05302e+12 0 0 4.64348e+42 0 0 1
8.05842e+14 6.55551e+12 6.67767e+12 6.67788e+12 6.67788e+12 6.67788e+12 1.80594e+12 1.88609e+12 0 0 4.64348e+42 0 0 1
9.30572e+14 3.25439e+12 3.32305e+12 3.32315e+12 3.32315e+12 3.32315e+12 8.85747e+11 8.40179e+11 0 0 4.64348e+42 0 0 1
1.07461e+15 1.27812e+12 1.30786e+12 1.3079e+12 1.3079e+12 1.3079e+12 3.44436e+11 2.68531e+11 0 0 4.64348e+42 0 0 1
1.24094e+15 5.92867e+11 6.07739e+11 6.07756e+11 6.07756e+11 6.07756e+11 1.58297e+11 1.11326e+11 0 0 4.64348e+42 0 0 1
1.43301e+15 2.60373e+11 2.67272e+11 2.6728e+11 2.6728e+11 2.6728e+11 6.89618e+10 4.41334e+10 0 0 4.64348e+42 0 0 1
1.65482e+15 1.08502e+11 1.11485e+11 1.11488e+11 1.11488e+11 1.11488e+11 2.85363e+10 1.66029e+10 0 0 4.64348e+42 0 0 1
1.91095e+15 3.13178e+10 3.2197e+10 3.21978e+10 3.21978e+10 3.21978e+10 8.19703e+09 3.62013e+09 0 0 4.64348e+42 0 0 1
2.20673e+15 1.17693e+10 1.21019e+10 1.21022e+10 1.21022e+10 1.21022e+10 3.06458e+09 1.20514e+09 0 0 4.64348e+42 0 0 1
2.5483e+15 4.05864e+09 4.17269e+09 4.17278e+09 4.17278e+09 4.17278e+09 1.05247e+09 3.8025e+08 0 0 4.64348e+42 0 0 1
2.94273e+15 1.28606e+09 1.32159e+09 1.32162e+09 1.32162e+09 1.32162e+09 3.32492e+08 1.14279e+08 0 0 4.64348e+42 0 0 1
3.39821e+15 2.32383e+08 2.38632e+08 2.38637e+08 2.38637e+08 2.38637e+08 6.00681e+07 1.34536e+07 0 0 4.64348e+42 0 0 1
3.92419e+15 6.34289e+07 6.50743e+07 6.50757e+07 6.50757e+07 6.50757e+07 1.6374e+07 3.18364e+06 0 0 4.64348e+42 0 0 1
4.53158e+15 1.49856e+07 1.53576e+07 1.5358e+07 1.5358e+07 1.5358e+07 3.86874e+06 694690 0 0 4.64348e+42 0 0 1
5.23299e+15 2.96289e+06 3.0328e+06 3.03287e+06 3.03287e+06 3.03287e+06 766660 147592 0 0 4.64348e+42 0 0 1
6.04296e+15 259073 264845 264851 264851 264851 67488.6 7127.09 0 0 4.64348e+42 0 0 1
6.97831e+15 41905.4 42782 42782.9 42782.9 42782.9 10967.5 966.832 0 0 4.64348e+42 0 0 1
8.05842e+15 5332.11 5436.3 5436.42 5436.42 5436.42 1405.57 109.638 0 0 4.64348e+42 0 0 1
9.30572e+15 482.616 491.384 491.395 491.395 491.395 128.578 11.9982 0 0 4.64348e+42 0 0 1
1.07461e+16 12.4011 12.6097 12.61 12.61 12.61 3.37691 0.173761 0 0 4.64348e+42 0 0 1
1.24094e+16 0.819929 0.832652 0.83267 0.83267 0.83267 0.22708 0.00934327 0 0 4.64348e+42 0 0 1
1.43301e+16 0.035284 0.0357873 0.0357881 0.0357881 0.0357881 0.0100098 0.00033774 0 0 4.64348e+42 0 0 1
1.65482e+16 0.000913761 0.000925708 0.000925728 0.000925728 0.000925728 0.000267514 9.33491e-06 0 0 4.64348e+42 0 0 1
1.91095e+16 3.10176e-06 3.13883e-06 3.1389e-06 3.1389e-06 3.1389e-06 9.59292e-07 2.36999e-08 0 0 4.64348e+42 0 0 1
2.20673e+16 4.10482e-08 4.14954e-08 4.14963e-08 4.14963e-08 4.14963e-08 1.34439e-08 2.70693e-10 0 0 4.64348e+42 0 0 1
2.5483e+16 2.23775e-10 2.25992e-10 2.25997e-10 2.25997e-10 2.25997e-10 7.96965e-11 1.37513e-12 0 0 4.64348e+42 0 0 1
2.94273e+16 4.94806e-13 4.99257e-13 4.99268e-13 4.99268e-13 4.99268e-13 1.97894e-13 2.99397e-15 0 0 4.64348e+42 0 0 1
3.39821e+16 7.26847e-17 7.3277e-17 7.32786e-17 7.32786e-17 7.32786e-17 3.41482e-17 4.27184e-19 0 0 4.64348e+42 0 0 1
3.92419e+16 3.22324e-20 3.24699e-20 3.24706e-20 3.24706e-20 3.24706e-20 1.878e-20 1.87487e-22 0 0 4.64348e+42 0 0 1
4.53158e+16 3.06848e-24 3.08889e-24 3.08896e-24 3.08896e-24 3.08896e-24 2.38497e-24 1.77711e-26 0 0 4.64348e+42 0 0 1
5.23299e+16 6.09633e-29 6.13288e-29 6.13302e-29 6.13302e-29 6.13302e-29 6.905e-29 3.51691e-31 0 0 4.64348e+42 0 0 1
6.04296e+16 3.78504e-35 3.80547e-35 3.80555e-35 3.80555e-35 3.80555e-35 6.92203e-35 2.171e-37 0 0 4.64348e+42 0 0 1
6.97831e+16 3.10742e-41 3.12249e-41 3.12256e-41 3.12256e-41 3.12256e-41 1.57769e-40 1.74325e-43 0 0 4.64348e+42 0 0 1
8.05842e+16 8.02678e-45 8.06175e-45 8.06193e-45 8.06193e-45 8.06193e-45 1.25527e-42 1.12375e-50 0 0 4.64348e+42 0 0 1
9.30572e+16 0 0 0 0 0 0 0 0 0 4.64348e+42 0 0 1