
1.07461e-07 0 0 3.83963e+46 9.48212e+51 5.16909e+58 1.30537e+57 0 8.39645e+45 0 4.64348e+42 0 0 1
1.24094e-07 0 0 2.2631e+47 1.05807e+52 4.51944e+58 1.13291e+57 0 9.69607e+45 0 4.64348e+42 0 0 1
1.43301e-07 0 0 1.07189e+48 1.18588e+52 3.9677e+58 9.8938e+56 0 1.11968e+46 0 4.64348e+42 0 0 1
1.65482e-07 0 0 4.19698e+48 1.33292e+52 3.49155e+58 8.68275e+56 0 1.29299e+46 0 4.64348e+42 0 0 1
1.91095e-07 0 0 1.39237e+49 1.50053e+52 3.07504e+58 7.64475e+56 0 1.49312e+46 0 4.64348e+42 0 0 1
2.20673e-07 0 0 3.99915e+49 1.69043e+52 2.70734e+58 6.74185e+56 0 1.72423e+46 0 4.64348e+42 0 0 1
2.5483e-07 0 0 1.01355e+50 1.90499e+52 2.38118e+58 5.94744e+56 0 1.99111e+46 0 4.64348e+42 0 0 1
2.94273e-07 0 0 2.30505e+50 2.14745e+52 2.09154e+58 5.24354e+56 0 2.2993e+46 0 4.64348e+42 0 0 1
3.39821e-07 0 0 4.77412e+50 2.42208e+52 1.83462e+58 4.61796e+56 0 2.65519e+46 0 4.64348e+42 0 0 1
3.92419e-07 0 0 9.12237e+50 2.73421e+52 1.60725e+58 4.06193e+56 0 3.06617e+46 0 4.64348e+42 0 0 1
4.53158e-07 0 0 1.62638e+51 3.09039e+52 1.40655e+58 3.56851e+56 0 3.54075e+46 0 4.64348e+42 0 0 1
5.23299e-07 0 0 2.73201e+51 3.49841e+52 1.22982e+58 3.13166e+56 0 4.0888e+46 0 4.64348e+42 0 0 1
6.04296e-07 0 0 4.36066e+51 3.96744e+52 1.07453e+58 2.74584e+56 0 4.72167e+46 0 4.64348e+42 0 0 1
6.97831e-07 0 0 6.66157e+51 4.50817e+52 9.3829e+57 2.40583e+56 0 5.4525e+46 0 4.64348e+42 0 0 1
8.05842e-07 0 0 9.80062e+51 5.13299e+52 8.18883e+57 2.10669e+56 0 6.29645e+46 0 4.64348e+42 0 0 1
9.30572e-07 0 0 1.39604e+52 5.85637e+52 7.14281e+57 1.84385e+56 0 7.27102e+46 0 4.64348e+42 0 0 1
1.07461e-06 0 0 1.93425e+52 6.69538e+52 6.22661e+57 1.61304e+56 0 8.39645e+46 0 4.64348e+42 0 0 1
1.24094e-06 0 0 2.61721e+52 7.67044e+52 5.4241e+57 1.41042e+56 0 9.69607e+46 0 4.64348e+42 0 0 1
1.43301e-06 0 0 3.47057e+52 8.80624e+52 4.72118e+57 1.23255e+56 0 1.11968e+47 0 4.64348e+42 0 0 1
1.65482e-06 0 0 4.52412e+52 1.01326e+53 4.10562e+57 1.07639e+56 0 1.29299e+47 0 4.64348e+42 0 0 1
1.91095e-06 0 0 5.81283e+52 1.16852e+53 3.56677e+57 9.39289e+55 0 1.49312e+47 0 4.64348e+42 0 0 1
2.20673e-06 0 0 7.37802e+52 1.35065e+53 3.09534e+57 8.18948e+55 0 1.72423e+47 0 4.64348e+42 0 0 1
2.5483e-06 0 0 9.26864e+52 1.56466e+53 2.68317e+57 7.13361e+55 0 1.99111e+47 0 4.64348e+42 0 0 1
2.94273e-06 0 0 1.15428e+53 1.81651e+53 2.32307e+57 6.20766e+55 0 2.2993e+47 0 4.64348e+42 0 0 1
3.39821e-06 0 0 1.427e+53 2.11327e+53 2.00873e+57 5.39614e+55 0 2.65519e+47 0 4.64348e+42 0 0 1
3.92419e-06 0 0 1.75335e+53 2.46344e+53 1.73455e+57 4.68537e+55 0 3.06616e+47 0 4.64348e+42 0 0 1
4.53158e-06 0 0 2.14331e+53 2.87716e+53 1.49565e+57 4.06329e+55 0 3.54075e+47 0 4.64348e+42 0 0 1
5.23299e-06 0 0 2.60882e+53 3.36654e+53 1.28769e+57 3.51926e+55 0 4.08879e+47 0 4.64348e+42 0 0 1
6.04296e-06 0 0 3.16417e+53 3.94598e+53 1.10687e+57 3.04391e+55 0 4.72166e+47 0 4.64348e+42 0 0 1
6.97831e-06 0 0 3.82642e+53 4.63271e+53 9.49856e+56 2.62896e+55 0 5.45249e+47 0 4.64348e+42 0 0 1
8.05842e-06 0 0 4.616e+53 5.44726e+53 8.13685e+56 2.26713e+55 0 6.29643e+47 0 4.64348e+42 0 0 1
9.30572e-06 0 0 5.55736e+53 6.41419e+53 6.95761e+56 1.95197e+55 0 7.27101e+47 0 4.64348e+42 0 0 1
1.07461e-05 0 0 6.67974e+53 7.56286e+53 5.93796e+56 1.6778e+55 0 8.39642e+47 0 4.64348e+42 0 0 1
1.24094e-05 0 0 8.01818e+53 8.92841e+53 5.05772e+56 1.4396e+55 0 9.69604e+47 0 4.64348e+42 0 0 1
1.43301e-05 0 0 9.61466e+53 1.05529e+54 4.29916e+56 1.23296e+55 0 1.11968e+48 0 4.64348e+42 0 0 1
1.65482e-05 0 0 1.15195e+54 1.24869e+54 3.64664e+56 1.05397e+55 0 1.29299e+48 0 4.64348e+42 0 0 1
1.91095e-05 0 0 1.37933e+54 1.47908e+54 3.08642e+56 8.99169e+54 0 1.49312e+48 0 4.64348e+42 0 0 1
2.20673e-05 0 0 1.65086e+54 1.75377e+54 2.60641e+56 7.65529e+54 0 1.72422e+48 0 4.64348e+42 0 0 1
2.5483e-05 0 0 1.97531e+54 2.0815e+54 2.19601e+56 6.50365e+54 0 1.9911e+48 0 4.64348e+42 0 0 1
2.94273e-05 0 0 2.36323e+54 2.47285e+54 1.84588e+56 5.51314e+54 0 2.29928e+48 0 4.64348e+42 0 0 1
3.39821e-05 0 0 2.82735e+54 2.94058e+54 1.54787e+56 4.66292e+54 0 2.65517e+48 0 4.64348e+42 0 0 1
3.92419e-05 0 0 3.38308e+54 3.5001e+54 1.29482e+56 3.93467e+54 0 3.06613e+48 0 4.64348e+42 0 0 1
4.53158e-05 0 0 4.04906e+54 4.17006e+54 1.08046e+56 3.31226e+54 0 3.54071e+48 0 4.64348e+42 0 0 1
5.23299e-05 0 0 4.84788e+54 4.97308e+54 8.99349e+55 2.78155e+54 0 4.08874e+48 0 4.64348e+42 0 0 1
6.04296e-05 0 0 5.80695e+54 5.9366e+54 7.46716e+55 2.33009e+54 0 4.72159e+48 0 4.64348e+42 0 0 1
6.97831e-05 0 0 6.95852e+54 7.09286e+54 6.18423e+55 1.947e+54 0 5.4524e+48 0 4.64348e+42 0 0 1
8.05842e-05 0 0 8.32623e+54 8.46525e+54 5.10879e+55 1.62275e+54 0 6.29631e+48 0 4.64348e+42 0 0 1
9.30572e-05 0 0 9.85783e+54 1.00002e+55 4.20971e+55 1.34902e+54 0 7.27085e+48 0 4.64348e+42 0 0 1
0.000107461 0 0 1.13285e+55 1.147e+55 3.46014e+55 1.11856e+54 0 8.39621e+48 0 4.64348e+42 0 0 1
0.000124094 0 0 1.23853e+55 1.25192e+55 2.83694e+55 9.25048e+53 0 9.69575e+48 0 4.64348e+42 0 0 1
0.000143301 0 0 1.27572e+55 1.28765e+55 2.32022e+55 7.63019e+53 0 1.11964e+49 0 4.64348e+42 0 0 1
0.000165482 3.78898e-251 3.78898e-251 1.2402e+55 1.25024e+55 1.89297e+55 6.27729e+53 0 1.29293e+49 3.3381e-255 4.64348e+42 0 0 1
0.000191095 1.69692e-171 1.69692e-171 1.14755e+55 1.15559e+55 1.54067e+55 5.15084e+53 0 1.49305e+49 1.39913e-175 4.64348e+42 0 0 1
0.000220673 1.20309e-112 1.20309e-112 1.02102e+55 1.02721e+55 1.25095e+55 4.2156e+53 0 1.72413e+49 9.65459e-117 4.64348e+42 0 0 1
0.00025483 3.59163e-69 3.59163e-69 8.81802e+54 8.86431e+54 1.01334e+55 3.44132e+53 0 1.99098e+49 2.88995e-73 4.64348e+42 0 0 1
0.000294273 4.62271e-37 4.62271e-37 7.44943e+54 7.48328e+54 8.18968e+54 2.80212e+53 0 2.29912e+49 3.81279e-41 4.64348e+42 0 0 1
0.000339821 2.36313e-13 2.36313e-13 6.19206e+54 6.21642e+54 6.60385e+54 2.27592e+53 0 2.65495e+49 2.03059e-17 4.64348e+42 0 0 1
0.000392419 74516.9 74516.9 5.08596e+54 5.10328e+54 5.31327e+54 1.84395e+53 0 3.06585e+49 6.75075 4.64348e+42 0 0 1
0.000453158 6.03715e+17 6.03715e+17 4.14064e+54 4.15285e+54 4.26557e+54 1.49032e+53 0 3.54033e+49 5.81747e+13 4.64348e+42 0 0 1
0.000523299 1.97865e+27 1.97865e+27 3.34854e+54 3.35709e+54 3.4171e+54 1.20161e+53 0 4.08823e+49 2.04167e+23 4.64348e+42 0 0 1
0.000604296 2.0125e+34 2.0125e+34 2.69391e+54 2.69987e+54 2.7316e+54 9.66535e+52 0 4.72091e+49 2.23523e+30 4.64348e+42 0 0 1
0.000697831 2.864e+39 2.864e+39 2.15824e+54 2.16237e+54 2.17904e+54 7.7563e+52 0 5.45149e+49 3.43829e+35 4.64348e+42 0 0 1
0.000805842 1.73583e+43 1.73583e+43 1.72309e+54 1.72594e+54 1.73465e+54 6.20998e+52 0 6.2951e+49 2.26032e+39 4.64348e+42 0 0 1
0.000930572 1.02014e+46 1.02014e+46 1.37155e+54 1.37352e+54 1.37805e+54 4.96062e+52 0 7.26923e+49 1.44516e+42 4.64348e+42 0 0 1
0.00107461 1.06793e+48 1.06793e+48 1.08881e+54 1.09016e+54 1.0925e+54 3.9537e+52 0 8.39406e+49 1.65029e+44 4.64348e+42 0 0 1
0.00124094 3.12152e+49 3.12152e+49 8.6222e+53 8.63147e+53 8.64352e+53 3.14413e+52 0 9.69288e+49 5.27495e+45 4.64348e+42 0 0 1
0.00143301 3.55158e+50 3.55158e+50 6.81189e+53 6.81824e+53 6.82441e+53 2.4948e+52 0 1.11926e+50 6.57845e+46 4.64348e+42 0 0 1
0.00165482 2.01074e+51 2.01074e+51 5.36954e+53 5.37388e+53 5.37702e+53 1.97519e+52 0 1.29242e+50 4.09155e+47 4.64348e+42 0 0 1
0.00191095 6.79193e+51 6.79193e+51 4.22325e+53 4.2262e+53 4.2278e+53 1.56036e+52 0 1.49237e+50 1.52166e+48 4.64348e+42 0 0 1
0.00220673 1.56529e+52 1.56529e+52 3.31439e+53 3.3164e+53 3.31721e+53 1.22994e+52 0 1.72322e+50 3.86955e+48 4.64348e+42 0 0 1
0.0025483 2.71781e+52 2.71781e+52 2.59544e+53 2.5968e+53 2.5972e+53 9.6734e+51 0 1.98977e+50 7.42981e+48 4.64348e+42 0 0 1
0.00294273 3.82551e+52 3.82551e+52 2.02798e+53 2.0289e+53 2.0291e+53 7.59114e+51 0 2.29751e+50 1.15903e+49 4.64348e+42 0 0 1
0.00339821 4.60813e+52 4.60813e+52 1.58107e+53 1.5817e+53 1.5818e+53 5.94376e+51 0 2.6528e+50 1.55075e+49 4.64348e+42 0 0 1
0.00392419 4.9443e+52 4.9443e+52 1.2299e+53 1.23032e+53 1.23037e+53 4.64336e+51 0 3.06298e+50 1.85227e+49 4.64348e+42 0 0 1
0.00453158 4.86714e+52 4.86714e+52 9.54564e+52 9.54845e+52 9.5487e+52 3.61919e+51 0 3.5365e+50 2.03441e+49 4.64348e+42 0 0 1
0.00523299 4.49286e+52 4.49286e+52 7.39174e+52 7.39363e+52 7.39375e+52 2.81441e+51 0 4.08313e+50 2.10013e+49 4.64348e+42 0 0 1
0.00604296 3.95244e+52 3.95244e+52 5.71067e+52 5.71193e+52 5.71199e+52 2.18351e+51 0 4.71411e+50 2.07085e+49 4.64348e+42 0 0 1
0.00697831 3.35342e+52 3.35342e+52 4.40168e+52 4.40252e+52 4.40255e+52 1.69006e+51 0 5.44241e+50 1.97397e+49 4.64348e+42 0 0 1
0.00805842 2.76835e+52 2.76835e+52 3.38482e+52 3.38538e+52 3.38541e+52 1.30504e+51 0 6.283e+50 1.83508e+49 4.64348e+42 0 0 1
0.00930572 2.23824e+52 2.23824e+52 2.59682e+52 2.59719e+52 2.59721e+52 1.00534e+51 0 7.25309e+50 1.67469e+49 4.64348e+42 0 0 1
0.0107461 1.78091e+52 1.78091e+52 1.98766e+52 1.98791e+52 1.98791e+52 7.72638e+50 0 8.37254e+50 1.50754e+49 4.64348e+42 0 0 1
0.0124094 1.39956e+52 1.39956e+52 1.51791e+52 1.51807e+52 1.51807e+52 5.92395e+50 0 9.66419e+50 1.34343e+49 4.64348e+42 0 0 1
0.0143301 1.08921e+52 1.08921e+52 1.15656e+52 1.15667e+52 1.15667e+52 4.53137e+50 0 1.11543e+51 1.18826e+49 4.64348e+42 0 0 1
0.0165482 8.41164e+51 8.41164e+51 8.79304e+51 8.79375e+51 8.79376e+51 3.45816e+50 0 1.28732e+51 1.04523e+49 4.64348e+42 0 0 1
0.0191095 6.45583e+51 6.45583e+51 6.67091e+51 6.67138e+51 6.67138e+51 2.63316e+50 0 1.48557e+51 9.15665e+48 4.64348e+42 0 0 1
0.0220673 4.92978e+51 4.92978e+51 5.05064e+51 5.05095e+51 5.05095e+51 2.00059e+50 0 1.71416e+51 7.99743e+48 4.64348e+42 0 0 1
0.025483 3.74883e+51 3.74883e+51 3.81654e+51 3.81674e+51 3.81674e+51 1.51677e+50 0 1.97768e+51 6.9694e+48 4.64348e+42 0 0 1
0.0294273 2.84094e+51 2.84094e+51 2.87877e+51 2.8789e+51 2.8789e+51 1.14763e+50 0 2.2814e+51 6.06352e+48 4.64348e+42 0 0 1
0.0339821 2.14671e+51 2.14671e+51 2.1678e+51 2.16788e+51 2.16788e+51 8.66687e+49 0 2.63133e+51 5.26895e+48 4.64348e+42 0 0 1
0.0392419 1.61819e+51 1.61819e+51 1.62993e+51 1.62998e+51 1.62998e+51 6.53357e+49 0 3.03436e+51 4.57438e+48 4.64348e+42 0 0 1
0.0453158 1.21732e+51 1.21732e+51 1.22384e+51 1.22388e+51 1.22388e+51 4.91733e+49 0 3.49837e+51 3.96873e+48 4.64348e+42 0 0 1
0.0523299 9.14213e+50 9.14213e+50 9.17825e+50 9.17849e+50 9.17849e+50 3.69544e+49 0 4.03231e+51 3.44157e+48 4.64348e+42 0 0 1
0.0604296 6.85619e+50 6.85619e+50 6.87619e+50 6.87635e+50 6.87635e+50 2.77352e+49 0 4.6464e+51 2.98335e+48 4.64348e+42 0 0 1
0.0697831 5.13604e+50 5.13604e+50 5.14711e+50 5.14721e+50 5.14721e+50 2.0792e+49 0 5.35221e+51 2.58544e+48 4.64348e+42 0 0 1
0.0805842 3.84407e+50 3.84407e+50 3.85019e+50 3.85025e+50 3.85025e+50 1.55717e+49 0 6.16283e+51 2.24016e+48 4.64348e+42 0 0 1
0.0930572 2.8752e+50 2.8752e+50 2.87858e+50 2.87862e+50 2.87862e+50 1.16527e+49 0 7.09304e+51 1.9407e+48 4.64348e+42 0 0 1
0.107461 2.14957e+50 2.14957e+50 2.15143e+50 2.15146e+50 2.15146e+50 8.71447e+48 0 8.15941e+51 1.6811e+48 4.64348e+42 0 0 1
0.124094 1.60667e+50 1.60667e+50 1.6077e+50 1.60772e+50 1.60772e+50 6.51411e+48 0 9.38044e+51 1.4561e+48 4.64348e+42 0 0 1
0.143301 1.20083e+50 1.20083e+50 1.2014e+50 1.20141e+50 1.20141e+50 4.86793e+48 0 1.07767e+52 1.26114e+48 4.64348e+42 0 0 1
0.165482 8.97621e+49 8.97621e+49 8.97934e+49 8.97941e+49 8.97941e+49 3.63733e+48 0 1.23707e+52 1.09224e+48 4.64348e+42 0 0 1
0.191095 6.71184e+49 6.71184e+49 6.71357e+49 6.71362e+49 6.71362e+49 2.71796e+48 0 1.41873e+52 9.45925e+47 4.64348e+42 0 0 1
0.220673 5.02118e+49 5.02118e+49 5.02213e+49 5.02216e+49 5.02216e+49 2.03142e+48 0 1.62528e+52 8.19192e+47 4.64348e+42 0 0 1
0.25483 3.75888e+49 3.75888e+49 3.75941e+49 3.75943e+49 3.75943e+49 1.5189e+48 0 1.85957e+52 7.09426e+47 4.64348e+42 0 0 1
0.294273 2.81628e+49 2.81628e+49 2.81657e+49 2.81658e+49 2.81658e+49 1.13631e+48 0 2.12451e+52 6.1436e+47 4.64348e+42 0 0 1
0.339821 2.11216e+49 2.11216e+49 2.11232e+49 2.11233e+49 2.11233e+49 8.50711e+47 0 2.42307e+52 5.32028e+47 4.64348e+42 0 0 1
0.392419 1.58592e+49 1.58592e+49 1.58601e+49 1.58602e+49 1.58602e+49 6.37455e+47 0 2.75811e+52 4.60726e+47 4.64348e+42 0 0 1
0.453158 1.19235e+49 1.19235e+49 1.1924e+49 1.1924e+49 1.1924e+49 4.78155e+47 0 3.13223e+52 3.98978e+47 4.64348e+42 0 0 1
0.523299 8.97752e+48 8.97752e+48 8.9778e+48 8.97782e+48 8.97782e+48 3.59091e+47 0 3.54753e+52 3.45504e+47 4.64348e+42 0 0 1
0.604296 6.77012e+48 6.77012e+48 6.77028e+48 6.77029e+48 6.77029e+48 2.70035e+47 0 4.00527e+52 2.99196e+47 4.64348e+42 0 0 1
0.697831 5.1142e+48 5.1142e+48 5.11429e+48 5.1143e+48 5.1143e+48 2.03363e+47 0 4.50546e+52 2.59095e+47 4.64348e+42 0 0 1
0.805842 3.87033e+48 3.87033e+48 3.87038e+48 3.87039e+48 3.87039e+48 1.53397e+47 0 5.0463e+52 2.24367e+47 4.64348e+42 0 0 1
0.930572 2.93463e+48 2.93463e+48 2.93465e+48 2.93466e+48 2.93466e+48 1.15905e+47 0 5.6235e+52 1.94294e+47 4.64348e+42 0 0 1
1.07461 2.22962e+48 2.22962e+48 2.22964e+48 2.22964e+48 2.22964e+48 8.77361e+46 0 6.22949e+52 1.68252e+47 4.64348e+42 0 0 1
1.24094 1.69753e+48 1.69753e+48 1.69754e+48 1.69754e+48 1.69754e+48 6.65399e+46 0 6.85244e+52 1.457e+47 4.64348e+42 0 0 1
1.43301 1.29522e+48 1.29522e+48 1.29523e+48 1.29523e+48 1.29523e+48 5.05653e+46 0 7.47528e+52 1.26171e+47 4.64348e+42 0 0 1
1.65482 9.90459e+47 9.90459e+47 9.90462e+47 9.90463e+47 9.90463e+47 3.85054e+46 0 8.07477e+52 1.09259e+47 4.64348e+42 0 0 1
1.91095 7.59134e+47 7.59134e+47 7.59136e+47 7.59136e+47 7.59136e+47 2.93844e+46 0 8.62075e+52 9.46145e+46 4.64348e+42 0 0 1
2.20673 5.83186e+47 5.83186e+47 5.83187e+47 5.83188e+47 5.83188e+47 2.24732e+46 0 9.076e+52 8.19324e+46 4.64348e+42 0 0 1
2.5483 4.49073e+47 4.49073e+47 4.49074e+47 4.49074e+47 4.49074e+47 1.7226e+46 0 9.3971e+52 7.09503e+46 4.64348e+42 0 0 1
2.94273 3.46622e+47 3.46622e+47 3.46623e+47 3.46623e+47 3.46623e+47 1.3234e+46 0 9.53688e+52 6.14401e+46 4.64348e+42 0 0 1
3.39821 2.68183e+47 2.68183e+47 2.68184e+47 2.68184e+47 2.68184e+47 1.01905e+46 0 9.44906e+52 5.32046e+46 4.64348e+42 0 0 1
3.92419 2.07988e+47 2.07988e+47 2.07989e+47 2.07989e+47 2.07989e+47 7.86515e+45 0 9.09556e+52 4.6073e+46 4.64348e+42 0 0 1
4.53158 1.61686e+47 1.61686e+47 1.61687e+47 1.61687e+47 1.61687e+47 6.08444e+45 0 8.45634e+52 3.98972e+46 4.64348e+42 0 0 1
5.23299 1.25985e+47 1.25985e+47 1.25985e+47 1.25985e+47 1.25985e+47 4.71773e+45 0 7.54041e+52 3.45492e+46 4.64348e+42 0 0 1
6.04296 9.83899e+46 9.83899e+46 9.83903e+46 9.83903e+46 9.83903e+46 3.66632e+45 0 6.39498e+52 2.99181e+46 4.64348e+42 0 0 1
6.97831 7.70078e+46 7.70078e+46 7.70081e+46 7.70082e+46 7.70082e+46 2.85555e+45 0 5.10793e+52 2.59076e+46 4.64348e+42 0 0 1
8.05842 6.03986e+46 6.03986e+46 6.03989e+46 6.03989e+46 6.03989e+46 2.22886e+45 0 3.79883e+52 2.24348e+46 4.64348e+42 0 0 1
9.30572 4.74649e+46 4.74649e+46 4.74652e+46 4.74652e+46 4.74652e+46 1.74329e+45 0 2.59628e+52 1.94274e+46 4.64348e+42 0 0 1
10.7461 3.7369e+46 3.7369e+46 3.73693e+46 3.73693e+46 3.73693e+46 1.36617e+45 0 1.60643e+52 1.68231e+46 4.64348e+42 0 0 1
12.4094 2.94698e+46 2.94698e+46 2.947e+46 2.947e+46 2.947e+46 1.07259e+45 0 8.84772e+51 1.45678e+46 4.64348e+42 0 0 1
14.3301 2.32755e+46 2.32755e+46 2.32757e+46 2.32757e+46 2.32757e+46 8.43523e+44 0 4.25562e+51 1.26149e+46 4.64348e+42 0 0 1
16.5482 1.84079e+46 1.84079e+46 1.8408e+46 1.8408e+46 1.8408e+46 6.64404e+44 0 1.7492e+51 1.09237e+46 4.64348e+42 0 0 1
19.1095 1.45751e+46 1.45751e+46 1.45752e+46 1.45752e+46 1.45752e+46 5.24045e+44 0 5.99414e+50 9.45921e+45 4.64348e+42 0 0 1
22.0673 1.15515e+46 1.15515e+46 1.15516e+46 1.15516e+46 1.15516e+46 4.13837e+44 0 1.66464e+50 8.191e+45 4.64348e+42 0 0 1
25.483 9.16214e+45 9.16214e+45 9.16227e+45 9.16227e+45 9.16227e+45 3.27139e+44 0 3.62624e+49 7.09278e+45 4.64348e+42 0 0 1
29.4273 7.27106e+45 7.27106e+45 7.27118e+45 7.27118e+45 7.27118e+45 2.58815e+44 0 5.96764e+48 6.14176e+45 4.64348e+42 0 0 1
33.9821 5.7723e+45 5.7723e+45 5.77241e+45 5.77241e+45 5.77241e+45 2.04887e+44 0 7.10406e+47 5.31821e+45 4.64348e+42 0 0 1
39.2419 4.58313e+45 4.58313e+45 4.58323e+45 4.58323e+45 4.58323e+45 1.6226e+44 0 5.81834e+46 4.60504e+45 4.64348e+42 0 0 1
45.3158 3.63874e+45 3.63874e+45 3.63883e+45 3.63883e+45 3.63883e+45 1.28525e+44 0 3.09414e+45 3.98747e+45 4.64348e+42 0 0 1
52.3299 2.88824e+45 2.88824e+45 2.88832e+45 2.88832e+45 2.88832e+45 1.01802e+44 0 9.99313e+43 3.45267e+45 4.64348e+42 0 0 1
60.4296 2.29157e+45 2.29157e+45 2.29164e+45 2.29164e+45 2.29164e+45 8.06165e+43 0 1.81451e+42 2.98955e+45 4.64348e+42 0 0 1
69.7831 1.81711e+45 1.81711e+45 1.81718e+45 1.81718e+45 1.81718e+45 6.38126e+43 0 1.69436e+40 2.58851e+45 4.64348e+42 0 0 1
80.5842 1.43987e+45 1.43987e+45 1.43993e+45 1.43993e+45 1.43993e+45 5.04808e+43 0 7.34061e+37 2.24122e+45 4.64348e+42 0 0 1
93.0572 1.14002e+45 1.14002e+45 1.14008e+45 1.14008e+45 1.14008e+45 3.99037e+43 0 1.31015e+35 1.94048e+45 4.64348e+42 0 0 1
107.461 9.01825e+44 9.01825e+44 9.01879e+44 9.01879e+44 9.01879e+44 3.15146e+43 0 8.39759e+31 1.68005e+45 4.64348e+42 0 0 1
124.094 7.12767e+44 7.12767e+44 7.12816e+44 7.12816e+44 7.12816e+44 2.48645e+43 0 1.64967e+28 1.45453e+45 4.64348e+42 0 0 1
143.301 5.62862e+44 5.62862e+44 5.62907e+44 5.62907e+44 5.62907e+44 1.95972e+43 0 8.27092e+23 1.25924e+45 4.64348e+42 0 0 1
165.482 4.4414e+44 4.4414e+44 4.44181e+44 4.44181e+44 4.44181e+44 1.54295e+43 0 8.56689e+18 1.09012e+45 4.64348e+42 0 0 1
191.095 3.50236e+44 3.50236e+44 3.50273e+44 3.50273e+44 3.50273e+44 1.2136e+43 0 1.43615e+13 9.43669e+44 4.64348e+42 0 0 1
220.673 2.76057e+44 2.76057e+44 2.76091e+44 2.76091e+44 2.76091e+44 9.53687e+42 0 2.93944e+06 8.16848e+44 4.64348e+42 0 0 1
254.83 2.17534e+44 2.17534e+44 2.17565e+44 2.17565e+44 2.17565e+44 7.48872e+42 0 0.0530463 7.07027e+44 4.64348e+42 0 0 1
294.273 1.71414e+44 1.71414e+44 1.71442e+44 1.71442e+44 1.71442e+44 5.87713e+42 0 5.79598e-11 6.11925e+44 4.64348e+42 0 0 1
339.821 1.35101e+44 1.35101e+44 1.35127e+44 1.35127e+44 1.35127e+44 4.61081e+42 0 2.48409e-21 5.29571e+44 4.64348e+42 0 0 1
392.419 1.06528e+44 1.06528e+44 1.06552e+44 1.06552e+44 1.06552e+44 3.617e+42 0 2.52981e-33 4.58256e+44 4.64348e+42 0 0 1
453.158 8.40524e+43 8.40524e+43 8.40736e+43 8.40736e+43 8.40736e+43 2.83784e+42 0 3.43165e-47 3.96499e+44 4.64348e+42 0 0 1
523.299 6.63713e+43 6.63713e+43 6.63906e+43 6.63906e+43 6.63906e+43 2.22739e+42 0 3.17773e-63 3.4302e+44 4.64348e+42 0 0 1
604.296 5.24566e+43 5.24566e+43 5.24743e+43 5.24743e+43 5.24743e+43 1.74928e+42 0 9.28333e-82 2.9671e+44 4.64348e+42 0 0 1
697.831 4.14985e+43 4.14985e+43 4.15146e+43 4.15146e+43 4.15146e+43 1.37483e+42 0 3.50873e-103 2.56607e+44 4.64348e+42 0 0 1
805.842 3.28604e+43 3.28604e+43 3.28752e+43 3.28752e+43 3.28752e+43 1.08145e+42 0 6.12947e-128 2.21881e+44 4.64348e+42 0 0 1
930.572 2.60436e+43 2.60436e+43 2.60571e+43 2.60571e+43 2.60571e+43 8.51439e+41 0 1.50764e-156 1.91809e+44 4.64348e+42 0 0 1
1074.61 2.06575e+43 2.06575e+43 2.06698e+43 2.06698e+43 2.06698e+43 6.70956e+41 0 1.32327e-189 1.65768e+44 4.64348e+42 0 0 1
1240.94 1.63965e+43 1.63965e+43 1.64078e+43 1.64078e+43 1.64078e+43 5.29184e+41 0 8.49332e-228 1.43219e+44 4.64348e+42 0 0 1
1433.01 1.30215e+43 1.30215e+43 1.30319e+43 1.30319e+43 1.30319e+43 4.17693e+41 0 0 1.23693e+44 4.64348e+42 0 0 1
1654.82 1.03454e+43 1.03454e+43 1.03549e+43 1.03549e+43 1.03549e+43 3.29913e+41 0 0 1.06785e+44 4.64348e+42 0 0 1
1910.95 8.22125e+42 8.22125e+42 8.23001e+42 8.23001e+42 8.23001e+42 2.60723e+41 0 0 9.2144e+43 4.64348e+42 0 0 1
2206.73 6.53386e+42 6.53386e+42 6.5419e+42 6.5419e+42 6.5419e+42 2.06128e+41 0 0 7.9467e+43 4.64348e+42 0 0 1
2548.3 5.19249e+42 5.19249e+42 5.19987e+42 5.19987e+42 5.19987e+42 1.63009e+41 0 0 6.84906e+43 4.64348e+42 0 0 1
2942.73 4.12566e+42 4.12566e+42 4.13244e+42 4.13244e+42 4.13244e+42 1.28925e+41 0 0 5.89871e+43 4.64348e+42 0 0 1
3398.21 3.27691e+42 3.27691e+42 3.28312e+42 3.28312e+42 3.28312e+42 1.01965e+41 0 0 5.07593e+43 4.64348e+42 0 0 1
3924.19 2.60154e+42 2.60154e+42 2.60724e+42 2.60724e+42 2.60724e+42 8.0629e+40 0 0 4.36365e+43 4.64348e+42 0 0 1
4531.58 2.06415e+42 2.06415e+42 2.06937e+42 2.06937e+42 2.06937e+42 6.37385e+40 0 0 3.74709e+43 4.64348e+42 0 0 1
5232.99 1.63702e+42 1.63702e+42 1.6416e+42 1.6416e+42 1.6416e+42 5.03721e+40 0 0 3.21423e+43 4.64348e+42 0 0 1
6042.96 1.29702e+42 1.29702e+42 1.30118e+42 1.30118e+42 1.30118e+42 3.97828e+40 0 0 2.75256e+43 4.64348e+42 0 0 1
6978.31 1.02673e+42 1.02673e+42 1.03051e+42 1.03051e+42 1.03051e+42 3.13992e+40 0 0 2.35317e+43 4.64348e+42 0 0 1
8058.42 8.11992e+41 8.11992e+41 8.15418e+41 8.15418e+41 8.15418e+41 2.47637e+40 0 0 2.00776e+43 4.64348e+42 0 0 1
9305.72 6.415e+41 6.415e+41 6.44596e+41 6.44596e+41 6.44596e+41 1.9514e+40 0 0 1.70916e+43 4.64348e+42 0 0 1
10746.1 5.06243e+41 5.06243e+41 5.09033e+41 5.09033e+41 5.09033e+41 1.53628e+40 0 0 1.45117e+43 4.64348e+42 0 0 1
12409.4 3.99033e+41 3.99033e+41 4.01541e+41 4.01541e+41 4.01541e+41 1.20825e+40 0 0 1.22842e+43 4.64348e+42 0 0 1
14330.1 3.14136e+41 3.14136e+41 3.16384e+41 3.16384e+41 3.16384e+41 9.49233e+39 0 0 1.03625e+43 4.64348e+42 0 0 1
16548.2 2.46977e+41 2.46977e+41 2.48985e+41 2.48985e+41 2.48985e+41 7.4488e+39 0 0 8.70666e+42 4.64348e+42 0 0 1
19109.5 1.9391e+41 1.9391e+41 1.95697e+41 1.95697e+41 1.95697e+41 5.83808e+39 0 0 7.28188e+42 4.64348e+42 0 0 1
22067.3 1.52027e+41 1.52027e+41 1.53611e+41 1.53611e+41 1.53611e+41 4.5698e+39 0 0 6.05817e+42 4.64348e+42 0 0 1
25483 1.19013e+41 1.19013e+41 1.20411e+41 1.20411e+41 1.20411e+41 3.57225e+39 0 0 5.00959e+42 4.64348e+42 0 0 1
29427.3 9.30238e+40 9.30238e+40 9.42515e+40 9.42515e+40 9.42515e+40 2.78856e+39 0 0 4.11369e+42 4.64348e+42 0 0 1
33982.1 7.25937e+40 7.25937e+40 7.36663e+40 7.36663e+40 7.36663e+40 2.17364e+39 0 0 3.35102e+42 4.64348e+42 0 0 1
39241.9 5.65572e+40 5.65572e+40 5.74891e+40 5.74891e+40 5.74891e+40 1.69179e+39 0 0 2.7047e+42 4.64348e+42 0 0 1
45315.8 4.39889e+40 4.39889e+40 4.47935e+40 4.47935e+40 4.47935e+40 1.31473e+39 0 0 2.16004e+42 4.64348e+42 0 0 1
52329.9 3.41546e+40 3.41546e+40 3.48449e+40 3.48449e+40 3.48449e+40 1.02008e+39 0 0 1.70419e+42 4.64348e+42 0 0 1
60429.6 2.64725e+40 2.64725e+40 2.70606e+40 2.70606e+40 2.70606e+40 7.90192e+38 0 0 1.32586e+42 4.64348e+42 0 0 1
69783.1 2.0482e+40 2.0482e+40 2.09793e+40 2.09793e+40 2.09793e+40 6.11101e+38 0 0 1.01505e+42 4.64348e+42 0 0 1
80584.2 1.58189e+40 1.58189e+40 1.62364e+40 1.62364e+40 1.62364e+40 4.71809e+38 0 0 7.6285e+41 4.64348e+42 0 0 1
93057.2 1.21958e+40 1.21958e+40 1.25433e+40 1.25433e+40 1.25433e+40 3.63649e+38 0 0 5.61227e+41 4.64348e+42 0 0 1
107461 9.38585e+39 9.38585e+39 9.67285e+39 9.67285e+39 9.67285e+39 2.79805e+38 0 0 4.02885e+41 4.64348e+42 0 0 1
124094 7.21064e+39 7.21064e+39 7.44565e+39 7.44565e+39 7.44565e+39 2.14921e+38 0 0 2.81153e+41 4.64348e+42 0 0 1
143301 5.52991e+39 5.52991e+39 5.72073e+39 5.72073e+39 5.72073e+39 1.64798e+38 0 0 1.89908e+41 4.64348e+42 0 0 1
165482 4.23365e+39 4.23365e+39 4.38726e+39 4.38726e+39 4.38726e+39 1.26145e+38 0 0 1.23538e+41 4.64348e+42 0 0 1
191095 3.23573e+39 3.23573e+39 3.35837e+39 3.35837e+39 3.35837e+39 9.63902e+37 0 0 7.69477e+40 4.64348e+42 0 0 1
220673 2.46889e+39 2.46889e+39 2.56598e+39 2.56598e+39 2.56598e+39 7.35265e+37 0 0 4.55831e+40 4.64348e+42 0 0 1
254830 1.88068e+39 1.88068e+39 1.95692e+39 1.95692e+39 1.95692e+39 5.59895e+37 0 0 2.54826e+40 4.64348e+42 0 0 1
294273 1.43028e+39 1.43028e+39 1.48969e+39 1.48969e+39 1.48969e+39 4.25626e+37 0 0 1.3323e+40 4.64348e+42 0 0 1
339821 1.08603e+39 1.08603e+39 1.13197e+39 1.13197e+39 1.13197e+39 3.23013e+37 0 0 6.44705e+39 4.64348e+42 0 0 1
392419 8.23373e+38 8.23373e+38 8.58634e+38 8.58634e+38 8.58634e+38 2.44738e+37 0 0 2.85292e+39 4.64348e+42 0 0 1
453158 6.23318e+38 6.23318e+38 6.5019e+38 6.5019e+38 6.5019e+38 1.85137e+37 0 0 1.13854e+39 4.64348e+42 0 0 1
523299 4.71209e+38 4.71209e+38 4.91547e+38 4.91547e+38 4.91547e+38 1.39839e+37 6.60531e+34 0 4.03239e+38 4.64348e+42 0 0 1
604296 3.55749e+38 3.55749e+38 3.71038e+38 3.71038e+38 3.71038e+38 1.05472e+37 6.63383e+34 0 1.24416e+38 4.64348e+42 0 0 1
697831 2.6825e+38 2.6825e+38 2.79668e+38 2.79668e+38 2.79668e+38 7.94444e+36 6.66234e+34 0 3.27324e+37 4.64348e+42 0 0 1
805842 2.02043e+38 2.02043e+38 2.10515e+38 2.10515e+38 2.10515e+38 5.97651e+36 6.69086e+34 0 7.16351e+36 4.64348e+42 0 0 1
930572 1.5202e+38 1.5202e+38 1.58267e+38 1.58267e+38 1.58267e+38 4.49092e+36 6.71938e+34 0 1.26737e+36 4.64348e+42 0 0 1
1.07461e+06 1.14275e+38 1.14275e+38 1.18852e+38 1.18852e+38 1.18852e+38 3.3711e+36 6.75219e+34 0 1.75381e+35 4.64348e+42 0 0 1
1.24094e+06 8.58292e+37 8.58292e+37 8.91632e+37 8.91632e+37 8.91632e+37 2.52813e+36 6.76115e+34 0 1.82726e+34 4.64348e+42 0 0 1
1.43301e+06 6.44149e+37 6.44149e+37 6.68294e+37 6.68294e+37 6.68294e+37 1.89436e+36 6.77261e+34 0 1.37165e+33 4.64348e+42 0 0 1
1.65482e+06 4.83097e+37 4.83097e+37 5.00489e+37 5.00489e+37 5.00489e+37 1.41839e+36 6.78738e+34 0 7.05073e+31 4.64348e+42 0 0 1
1.91095e+06 3.62084e+37 3.62084e+37 3.74549e+37 3.74549e+37 3.74549e+37 1.0613e+36 6.80788e+34 0 2.34034e+30 4.64348e+42 0 0 1
2.20673e+06 2.71229e+37 2.71229e+37 2.80122e+37 2.80122e+37 2.80122e+37 7.93643e+35 6.83449e+34 0 4.6875e+28 4.64348e+42 0 0 1
2.5483e+06 2.0307e+37 2.0307e+37 2.09388e+37 2.09388e+37 2.09388e+37 5.93189e+35 6.86943e+34 0 5.23885e+26 4.64348e+42 0 0 1
2.94273e+06 1.51973e+37 1.51973e+37 1.56444e+37 1.56444e+37 1.56444e+37 4.43177e+35 6.9153e+34 0 2.98483e+24 4.64348e+42 0 0 1
3.39821e+06 1.13691e+37 1.13691e+37 1.16845e+37 1.16845e+37 1.16845e+37 3.30992e+35 6.97929e+34 0 7.8105e+21 4.64348e+42 0 0 1
3.92419e+06 8.50273e+36 8.50273e+36 8.7246e+36 8.7246e+36 8.7246e+36 2.47146e+35 7.06233e+34 0 8.3213e+18 4.64348e+42 0 0 1
4.53158e+06 6.35766e+36 6.35766e+36 6.51335e+36 6.51335e+36 6.51335e+36 1.84515e+35 7.1694e+34 0 3.1408e+15 4.64348e+42 0 0 1
5.23299e+06 4.75312e+36 4.75312e+36 4.86216e+36 4.86216e+36 4.86216e+36 1.37754e+35 7.30481e+34 0 3.57654e+11 4.64348e+42 0 0 1
6.04296e+06 3.55338e+36 3.55338e+36 3.62965e+36 3.62965e+36 3.62965e+36 1.0286e+35 7.48435e+34 0 1.02071e+07 4.64348e+42 0 0 1
6.97831e+06 2.65662e+36 2.65662e+36 2.70992e+36 2.70992e+36 2.70992e+36 7.68324e+34 7.69602e+34 0 58.9297 4.64348e+42 0 0 1
8.05842e+06 1.98651e+36 1.98651e+36 2.02376e+36 2.02376e+36 2.02376e+36 5.74293e+34 7.94611e+34 0 5.37457e-05 4.64348e+42 0 0 1
9.30572e+06 1.48587e+36 1.48587e+36 1.51192e+36 1.51192e+36 1.51192e+36 4.29755e+34 8.22945e+34 0 5.81956e-12 4.64348e+42 0 0 1
1.07461e+07 1.11194e+36 1.11194e+36 1.13018e+36 1.13018e+36 1.13018e+36 3.22224e+34 8.56889e+34 0 5.37943e-20 4.64348e+42 0 0 1
1.24094e+07 8.32671e+35 8.32671e+35 8.45462e+35 8.45462e+35 8.45462e+35 2.42314e+34 8.90242e+34 0 2.90052e-29 4.64348e+42 0 0 1
1.43301e+07 6.24133e+35 6.24133e+35 6.3313e+35 6.3313e+35 6.3313e+35 1.83059e+34 9.22824e+34 0 5.87628e-40 4.64348e+42 0 0 1
1.65482e+07 4.68441e+35 4.68441e+35 4.74792e+35 4.74792e+35 4.74792e+35 1.39255e+34 9.53074e+34 0 2.69183e-52 4.64348e+42 0 0 1
1.91095e+07 3.52252e+35 3.52252e+35 3.56757e+35 3.56757e+35 3.56757e+35 1.07065e+34 9.79151e+34 0 1.55097e-66 4.64348e+42 0 0 1
2.20673e+07 2.65535e+35 2.65535e+35 2.68748e+35 2.68748e+35 2.68748e+35 8.34593e+33 1.00165e+35 0 5.70996e-83 4.64348e+42 0 0 1
2.5483e+07 2.0085e+35 2.0085e+35 2.03159e+35 2.03159e+35 2.03159e+35 6.63056e+33 1.01743e+35 0 6.14444e-102 4.64348e+42 0 0 1
2.94273e+07 1.52587e+35 1.52587e+35 1.5426e+35 1.5426e+35 1.5426e+35 5.3871e+33 1.01763e+35 0 7.83279e-124 4.64348e+42 0 0 1
3.39821e+07 1.16581e+35 1.16581e+35 1.17805e+35 1.17805e+35 1.17805e+35 4.49213e+33 9.99452e+34 0 4.16863e-149 4.64348e+42 0 0 1
3.92419e+07 8.96552e+34 8.96552e+34 9.05612e+34 9.05612e+34 9.05612e+34 3.83791e+33 9.6241e+34 0 2.77755e-178 4.64348e+42 0 0 1
4.53158e+07 6.95201e+34 6.95201e+34 7.01994e+34 7.01994e+34 7.01994e+34 3.36318e+33 9.13021e+34 0 5.76648e-212 4.64348e+42 0 0 1
5.23299e+07 5.44197e+34 5.44197e+34 5.49363e+34 5.49363e+34 5.49363e+34 3.01142e+33 8.56074e+34 0 7.48586e-251 4.64348e+42 0 0 1
6.04296e+07 4.30056e+34 4.30056e+34 4.34041e+34 4.34041e+34 4.34041e+34 2.73153e+33 7.85957e+34 0 0 4.64348e+42 0 0 1
6.97831e+07 3.42972e+34 3.42972e+34 3.46089e+34 3.46089e+34 3.46089e+34 2.49187e+33 7.04239e+34 0 0 4.64348e+42 0 0 1
8.05842e+07 2.75896e+34 2.75896e+34 2.78366e+34 2.78366e+34 2.78366e+34 2.27545e+33 6.12278e+34 0 0 4.64348e+42 0 0 1
9.30572e+07 2.23483e+34 2.23483e+34 2.25462e+34 2.25462e+34 2.25462e+34 2.0679e+33 5.13291e+34 0 0 4.64348e+42 0 0 1
1.07461e+08 1.81704e+34 1.81704e+34 1.83303e+34 1.83303e+34 1.83303e+34 1.85779e+33 4.12886e+34 0 0 4.64348e+42 33.6558 0 1
1.24094e+08 1.4838e+34 1.4838e+34 1.49682e+34 1.49682e+34 1.49682e+34 1.65674e+33 3.26816e+34 0 0 4.64348e+42 29.5672 0 1
1.43301e+08 1.2121e+34 1.2121e+34 1.22274e+34 1.22274e+34 1.22274e+34 1.4575e+33 2.54105e+34 0 0 4.64348e+42 25.9752 0 1
1.65482e+08 9.86803e+33 9.86803e+33 9.95496e+33 9.95496e+33 9.95496e+33 1.25986e+33 1.94428e+34 0 0 4.64348e+42 22.8197 0 1
1.91095e+08 7.94296e+33 7.94296e+33 8.01338e+33 8.01338e+33 8.01338e+33 1.05825e+33 1.44959e+34 0 0 4.64348e+42 20.0475 0 1
2.20673e+08 6.36862e+33 6.36862e+33 6.42558e+33 6.42558e+33 6.42558e+33 8.78442e+32 1.08642e+34 0 0 4.64348e+42 17.612 0 1
2.5483e+08 5.06424e+33 5.06424e+33 5.11002e+33 5.11002e+33 5.11002e+33 7.1635e+32 8.05072e+33 0 0 4.64348e+42 15.4725 0 1
2.94273e+08 3.98855e+33 3.98855e+33 4.02507e+33 4.02507e+33 4.02507e+33 5.7353e+32 5.89999e+33 0 0 4.64348e+42 13.5928 0 1
3.39821e+08 3.09094e+33 3.09094e+33 3.11965e+33 3.11965e+33 3.11965e+33 4.46437e+32 4.24712e+33 0 0 4.64348e+42 12.4684 0 1
3.92419e+08 2.39184e+33 2.39184e+33 2.4144e+33 2.4144e+33 2.4144e+33 3.46427e+32 3.10723e+33 0 0 4.64348e+42 11.9415 0 1
4.53158e+08 1.83592e+33 1.83592e+33 1.85353e+33 1.85353e+33 1.85353e+33 2.65109e+32 2.26284e+33 0 0 4.64348e+42 11.4369 0 1
5.23299e+08 1.39625e+33 1.39625e+33 1.40988e+33 1.40988e+33 1.40988e+33 1.99706e+32 1.64106e+33 0 0 4.64348e+42 10.9537 0 1
6.04296e+08 1.05451e+33 1.05451e+33 1.065e+33 1.065e+33 1.065e+33 1.48626e+32 1.17758e+33 0 0 4.64348e+42 10.4908 0 1
6.97831e+08 8.02031e+32 8.02031e+32 8.10156e+32 8.10156e+32 8.10156e+32 1.11922e+32 8.62445e+32 0 0 4.64348e+42 10.0475 0 1
8.05842e+08 6.07961e+32 6.07961e+32 6.1424e+32 6.1424e+32 6.1424e+32 8.38227e+31 6.30591e+32 0 0 4.64348e+42 9.62298 0 1
9.30572e+08 4.58948e+32 4.58948e+32 4.63781e+32 4.63781e+32 4.63781e+32 6.2366e+31 4.59965e+32 0 0 4.64348e+42 9.21636 0 1
1.07461e+09 3.43907e+32 3.43907e+32 3.47601e+32 3.47601e+32 3.47601e+32 4.58411e+31 3.3076e+32 0 0 4.64348e+42 9.24958 0 1
1.24094e+09 2.60342e+32 2.60342e+32 2.63195e+32 2.63195e+32 2.63195e+32 3.43773e+31 2.4336e+32 0 0 4.64348e+42 9.72741 0 1
1.43301e+09 1.96901e+32 1.96901e+32 1.99102e+32 1.99102e+32 1.99102e+32 2.58063e+31 1.78575e+32 0 0 4.64348e+42 10.2299 0 1
1.65482e+09 1.48381e+32 1.48381e+32 1.50074e+32 1.50074e+32 1.50074e+32 1.93081e+31 1.30642e+32 0 0 4.64348e+42 10.7584 0 1
1.91095e+09 1.10891e+32 1.10891e+32 1.12182e+32 1.12182e+32 1.12182e+32 1.42795e+31 9.40101e+31 0 0 4.64348e+42 11.3142 0 1
2.20673e+09 8.34962e+31 8.34962e+31 8.44876e+31 8.44876e+31 8.44876e+31 1.07553e+31 6.93205e+31 0 0 4.64348e+42 11.8986 0 1
2.5483e+09 6.26084e+31 6.26084e+31 6.33665e+31 6.33665e+31 6.33665e+31 8.07482e+30 5.0973e+31 0 0 4.64348e+42 12.5133 0 1
2.94273e+09 4.6716e+31 4.6716e+31 4.72929e+31 4.72929e+31 4.72929e+31 6.03342e+30 3.73624e+31 0 0 4.64348e+42 13.1597 0 1
3.39821e+09 3.44771e+31 3.44771e+31 3.49112e+31 3.49112e+31 3.49112e+31 4.43407e+30 2.69373e+31 0 0 4.64348e+42 13.8396 0 1
3.92419e+09 2.56704e+31 2.56704e+31 2.59999e+31 2.59999e+31 2.59999e+31 3.32396e+30 1.98773e+31 0 0 4.64348e+42 14.5545 0 1
4.53158e+09 1.90541e+31 1.90541e+31 1.93034e+31 1.93034e+31 1.93034e+31 2.48371e+30 1.46154e+31 0 0 4.64348e+42 15.3064 0 1
5.23299e+09 1.4103e+31 1.4103e+31 1.4291e+31 1.4291e+31 1.4291e+31 1.84967e+30 1.07028e+31 0 0 4.64348e+42 16.0971 0 1
6.04296e+09 1.03269e+31 1.03269e+31 1.04672e+31 1.04672e+31 1.04672e+31 1.35257e+30 7.7155e+30 0 0 4.64348e+42 16.9286 0 1
6.97831e+09 7.64814e+30 7.64814e+30 7.75404e+30 7.75404e+30 7.75404e+30 1.01132e+30 5.68729e+30 0 0 4.64348e+42 17.8032 0 1
8.05842e+09 5.64575e+30 5.64575e+30 5.72598e+30 5.72598e+30 5.72598e+30 7.53655e+29 4.18079e+30 0 0 4.64348e+42 18.7229 0 1
9.30572e+09 4.11613e+30 4.11613e+30 4.17977e+30 4.17977e+30 4.17977e+30 5.57326e+29 3.06479e+30 0 0 4.64348e+42 19.6901 0 1
1.07461e+10 2.82077e+30 2.82077e+30 2.88369e+30 2.88369e+30 2.88369e+30 4.01365e+29 2.2164e+30 0 0 4.64348e+42 22.0926 0 1
1.24094e+10 1.57976e+30 1.57976e+30 1.66881e+30 1.66881e+30 1.66881e+30 2.84894e+29 1.63926e+30 0 0 4.64348e+42 26.4467 0 1
1.43301e+10 5.50686e+29 5.50686e+29 6.62068e+29 6.62068e+29 6.62068e+29 1.95405e+29 1.20939e+30 0 0 4.64348e+42 31.659 0 1
1.65482e+10 1.07101e+29 1.07101e+29 1.95294e+29 1.95294e+29 1.95294e+29 1.3656e+29 8.89524e+29 0 0 4.64348e+42 37.8985 0 1
1.91095e+10 9.72417e+27 9.72417e+27 5.42739e+28 5.42739e+28 5.42739e+28 9.65573e+28 6.43395e+29 0 0 4.64348e+42 45.3677 0 1
2.20673e+10 2.27452e+26 2.27452e+26 1.64566e+28 1.64566e+28 1.64566e+28 7.08396e+28 4.76194e+29 0 0 4.64348e+42 54.309 34.7254 1
2.5483e+10 4.64189e+23 4.64189e+23 5.53505e+27 5.53505e+27 5.53505e+27 5.20723e+28 3.51286e+29 0 0 4.64348e+42 65.0125 22.9578 1
2.94273e+10 2.12261e+19 2.12261e+19 2.06154e+27 2.06154e+27 2.06154e+27 3.82383e+28 2.58248e+29 0 0 4.64348e+42 77.8255 15.5417 1
3.39821e+10 5.38246e+12 5.38246e+12 8.34653e+26 8.34653e+26 8.34653e+26 2.75744e+28 1.86408e+29 0 0 4.64348e+42 93.1638 10.7604 1
3.92419e+10 2598.75 2598.75 3.72376e+26 3.72376e+26 3.72376e+26 2.04307e+28 1.37989e+29 0 0 4.64348e+42 111.525 7.61059 1
4.53158e+10 1.41486e-09 1.41486e-09 1.78412e+26 1.78412e+26 1.78412e+26 1.51069e+28 1.01896e+29 0 0 4.64348e+42 133.505 5.49245 1
5.23299e+10 1.11339e-24 1.11339e-24 9.0959e+25 9.0959e+25 9.0959e+25 1.1153e+28 7.50351e+28 0 0 4.64348e+42 159.817 4.04008 1
6.04296e+10 3.46046e-42 3.46046e-42 4.85019e+25 4.85019e+25 4.85019e+25 8.09805e+27 5.42466e+28 0 0 4.64348e+42 191.314 3.02568 1
6.97831e+10 2.24857e-61 2.24857e-61 2.75141e+25 2.75141e+25 2.75141e+25 6.03431e+27 4.02579e+28 0 0 4.64348e+42 229.019 2.3047 1
8.05842e+10 2.30342e-81 2.30342e-81 1.62304e+25 1.62304e+25 1.62304e+25 4.48448e+27 2.9807e+28 0 0 4.64348e+42 274.156 1.78376 1
9.30572e+10 3.24743e-101 3.24743e-101 9.89818e+24 9.89818e+24 9.89818e+24 3.32357e+27 2.20062e+28 0 0 4.64348e+42 328.187 1.40144 1
1.07461e+11 4.87465e-120 4.87465e-120 6.14578e+24 6.14578e+24 6.14578e+24 2.41674e+27 1.59358e+28 0 0 4.64348e+42 392.868 1.11671 1
1.24094e+11 4.66554e-137 4.66554e-137 3.97589e+24 3.97589e+24 3.97589e+24 1.80026e+27 1.18431e+28 0 0 4.64348e+42 470.297 0.901709 1
1.43301e+11 1.08654e-151 1.08654e-151 2.62606e+24 2.62606e+24 2.62606e+24 1.33641e+27 8.77712e+27 0 0 4.64348e+42 562.985 0.737233 1
1.65482e+11 1.52096e-163 1.52097e-163 1.76559e+24 1.76559e+24 1.76559e+24 9.88245e+26 6.48353e+27 0 0 4.64348e+42 673.941 0.609868 1
1.91095e+11 2.00938e-172 2.00938e-172 1.192e+24 1.192e+24 1.192e+24 7.16634e+26 4.69415e+27 0 0 4.64348e+42 806.765 0.510106 1
2.20673e+11 2.7687e-178 2.7687e-178 8.32313e+23 8.32313e+23 8.32313e+23 5.32702e+26 3.48808e+27 0 0 4.64348e+42 965.766 0.431129 1
2.5483e+11 3.02408e-181 3.02408e-181 5.88721e+23 5.88721e+23 5.88721e+23 3.94704e+26 2.5843e+27 0 0 4.64348e+42 1156.1 0.367983 1
2.94273e+11 1.58826e-181 1.58826e-181 4.21303e+23 4.21303e+23 4.21303e+23 2.91489e+26 1.90825e+27 0 0 4.64348e+42 1383.96 0.317029 1
3.39821e+11 2.03267e-179 2.03267e-179 3.00796e+23 3.00796e+23 3.00796e+23 2.11197e+26 1.38069e+27 0 0 4.64348e+42 0 0.275565 1
3.92419e+11 3.05994e-175 3.05994e-175 2.21782e+23 2.21782e+23 2.21782e+23 1.56932e+26 1.02543e+27 0 0 4.64348e+42 0 0.241562 1
4.53158e+11 2.37606e-169 2.37606e-169 1.65018e+23 1.65018e+23 1.65018e+23 1.16245e+26 7.5928e+26 0 0 4.64348e+42 0 0.213483 1
5.23299e+11 4.29938e-162 4.29939e-162 1.23776e+23 1.23776e+23 1.23776e+23 8.58232e+25 5.60259e+26 0 0 4.64348e+42 0 0.190154 1
6.04296e+11 8.41436e-154 8.41437e-154 9.21623e+22 9.21623e+22 9.21623e+22 6.21418e+25 4.04979e+26 0 0 4.64348e+42 0 0.170669 1
6.97831e+11 9.30593e-145 9.30593e-145 7.08173e+22 7.08173e+22 7.08173e+22 4.61529e+25 3.00515e+26 0 0 4.64348e+42 0 0.154323 1
8.05842e+11 3.07826e-135 3.07826e-135 5.47269e+22 5.47269e+22 5.47269e+22 3.41687e+25 2.22299e+26 0 0 4.64348e+42 0 0.140565 1
9.30572e+11 1.79598e-125 1.79598e-125 4.24904e+22 4.24904e+22 4.24904e+22 2.52114e+25 1.6385e+26 0 0 4.64348e+42 0 0.12896 1
1.07461e+12 1.1668e-115 1.1668e-115 3.26038e+22 3.26038e+22 3.26038e+22 1.82369e+25 1.18267e+26 0 0 4.64348e+42 0 0.119166 1
1.24094e+12 6.11924e-106 6.11925e-106 2.57847e+22 2.57847e+22 2.57847e+22 1.35337e+25 8.76448e+25 0 0 4.64348e+42 0 0.110908 1
1.43301e+12 1.88584e-96 1.88584e-96 2.04442e+22 2.04442e+22 2.04442e+22 1.00105e+25 6.47382e+25 0 0 4.64348e+42 0 0.103969 1
1.65482e+12 2.72864e-87 2.72864e-87 1.62373e+22 1.62373e+22 1.62373e+22 7.37875e+24 4.76374e+25 0 0 4.64348e+42 0 0.098177 1
1.91095e+12 1.54486e-78 1.54487e-78 1.27012e+22 1.27012e+22 1.27012e+22 5.33007e+24 3.43131e+25 0 0 4.64348e+42 0 0.0933933 1
2.20673e+12 3.18755e-70 3.18755e-70 1.02266e+22 1.02266e+22 1.02266e+22 3.9505e+24 2.53793e+25 0 0 4.64348e+42 0 0.0895108 1
2.5483e+12 2.16479e-62 2.16479e-62 8.23614e+21 8.23614e+21 8.23614e+21 2.91803e+24 1.87059e+25 0 0 4.64348e+42 0 0.0864461 1
2.94273e+12 4.65271e-55 4.65271e-55 6.63058e+21 6.63058e+21 6.63058e+21 2.14762e+24 1.37319e+25 0 0 4.64348e+42 0 0.0841374 1
3.39821e+12 3.07642e-48 3.07642e-48 5.24458e+21 5.24458e+21 5.24458e+21 1.54817e+24 9.86109e+24 0 0 4.64348e+42 0 0.082541 1
3.92419e+12 6.62119e-42 6.6212e-42 4.26648e+21 4.26648e+21 4.26648e+21 1.14535e+24 7.27342e+24 0 0 4.64348e+42 0 0.08163 1
4.53158e+12 4.62853e-36 4.62853e-36 3.4664e+21 3.4664e+21 3.4664e+21 8.44296e+23 5.34444e+24 0 0 4.64348e+42 0 0.0813928 1
5.23299e+12 1.09271e-30 1.09271e-30 2.81148e+21 2.81148e+21 2.81148e+21 6.19994e+23 3.91e+24 0 0 4.64348e+42 0 0.0818329 1
6.04296e+12 8.98181e-26 8.98182e-26 2.23642e+21 2.23642e+21 2.23642e+21 4.45635e+23 2.79576e+24 0 0 4.64348e+42 0 0.0829683 1
6.97831e+12 2.84437e-21 2.84437e-21 1.82898e+21 1.82898e+21 1.82898e+21 3.28811e+23 2.05402e+24 0 0 4.64348e+42 0 0.0848322 1
8.05842e+12 3.56767e-17 3.56768e-17 1.49233e+21 1.49233e+21 1.49233e+21 2.41675e+23 1.50276e+24 0 0 4.64348e+42 0 0.0874729 1
9.30572e+12 1.88021e-13 1.88021e-13 1.21435e+21 1.21435e+21 1.21435e+21 1.76898e+23 1.09419e+24 0 0 4.64348e+42 0 0.0909553 1
1.07461e+13 4.3399e-10 4.33991e-10 9.67599e+20 9.67599e+20 9.67599e+20 1.2662e+23 7.77642e+23 0 0 4.64348e+42 0 0.0953611 1
1.24094e+13 4.88677e-07 4.88677e-07 7.92629e+20 7.92629e+20 7.92629e+20 9.30751e+22 5.68208e+23 0 0 4.64348e+42 0 0.10079 1
1.43301e+13 0.000275693 0.000275693 6.47253e+20 6.47253e+20 6.47253e+20 6.81278e+22 4.13225e+23 0 0 4.64348e+42 0 0.10736 1
1.65482e+13 0.0823273 0.0823274 5.26639e+20 5.26639e+20 5.26639e+20 4.96392e+22 2.98895e+23 0 0 4.64348e+42 0 0.115206 1
1.91095e+13 13.4586 13.4587 4.18878e+20 4.18878e+20 4.18878e+20 3.53239e+22 2.10641e+23 0 0 4.64348e+42 0 0.12448 1
2.20673e+13 1331.84 1331.85 3.42593e+20 3.42593e+20 3.42593e+20 2.58287e+22 1.52756e+23 0 0 4.64348e+42 0 0.135345 1
2.5483e+13 80981.4 80981.6 2.79069e+20 2.79069e+20 2.79069e+20 1.87964e+22 1.10179e+23 0 0 4.64348e+42 0 0.147968 1
2.94273e+13 3.15931e+06 3.15932e+06 2.26294e+20 2.26294e+20 2.26294e+20 1.36086e+22 7.89788e+22 0 0 4.64348e+42 0 0.162507 1
3.39821e+13 8.06997e+07 8.07001e+07 1.78982e+20 1.78982e+20 1.78982e+20 9.60508e+21 5.50156e+22 0 0 4.64348e+42 0 0.179093 1
3.92419e+13 1.47815e+09 1.47816e+09 1.4564e+20 1.4564e+20 1.4564e+20 6.97207e+21 3.94903e+22 0 0 4.64348e+42 0 0.197804 1
4.53158e+13 1.94355e+10 1.94357e+10 1.17899e+20 1.17899e+20 1.17899e+20 5.03337e+21 2.81669e+22 0 0 4.64348e+42 0 0.218621 1
5.23299e+13 1.89256e+11 1.89258e+11 9.4893e+19 9.4893e+19 9.4893e+19 3.61234e+21 1.99454e+22 0 0 4.64348e+42 0 0.241387 1
6.04296e+13 1.37424e+12 1.37426e+12 7.42671e+19 7.42671e+19 7.42671e+19 2.52093e+21 1.3675e+22 0 0 4.64348e+42 0 0.265741 1
6.97831e+13 8.09052e+12 8.0907e+12 5.98422e+19 5.98422e+19 5.98422e+19 1.81164e+21 9.68136e+21 0 0 4.64348e+42 0 0.291055 1
8.05842e+13 3.81688e+13 3.81698e+13 4.78938e+19 4.78938e+19 4.78938e+19 1.29365e+21 6.80243e+21 0 0 4.64348e+42 0 0.316368 1
9.30572e+13 1.47378e+14 1.47382e+14 3.80406e+19 3.80406e+19 3.80406e+19 9.17379e+20 4.73855e+21 0 0 4.64348e+42 0 0.340344 1
1.07461e+14 4.634e+14 4.63418e+14 2.92465e+19 2.92465e+19 2.92465e+19 6.30309e+20 3.17948e+21 0 0 4.64348e+42 0 0 1
1.24094e+14 1.28607e+15 1.28614e+15 2.31698e+19 2.31698e+19 2.31698e+19 4.46838e+20 2.20977e+21 0 0 4.64348e+42 0 0 1
1.43301e+14 3.07857e+15 3.07888e+15 1.81853e+19 1.81853e+19 1.81853e+19 3.14374e+20 1.52183e+21 0 0 4.64348e+42 0 0 1
1.65482e+14 6.4421e+15 6.44344e+15 1.41231e+19 1.41231e+19 1.41231e+19 2.19338e+20 1.03714e+21 0 0 4.64348e+42 0 0 1
1.91095e+14 1.16001e+16 1.16051e+16 1.05436e+19 1.05436e+19 1.05436e+19 1.47516e+20 6.75815e+20 0 0 4.64348e+42 0 0 1
2.20673e+14 1.95119e+16 1.95284e+16 8.1174e+18 8.1174e+18 8.1174e+18 1.02664e+20 4.58278e+20 0 0 4.64348e+42 0 0 1
2.5483e+14 2.96446e+16 2.969e+16 6.16614e+18 6.16614e+18 6.16614e+18 7.07886e+19 3.07294e+20 0 0 4.64348e+42 0 0 1
2.94273e+14 4.09997e+16 4.1105e+16 4.61349e+18 4.61349e+18 4.61349e+18 4.83145e+19 2.03414e+20 0 0 4.64348e+42 0 0 1
3.39821e+14 5.02794e+16 5.04807e+16 3.28351e+18 3.28351e+18 3.28351e+18 3.15506e+19 1.27359e+20 0 0 4.64348e+42 0 0 1
3.92419e+14 5.97987e+16 6.01483e+16 2.4128e+18 2.4128e+18 2.4128e+18 2.14151e+19 8.35831e+19 0 0 4.64348e+42 0 0 1
4.53158e+14 6.59936e+16 6.65255e+16 1.73935e+18 1.73935e+18 1.73935e+18 1.43686e+19 5.40923e+19 0 0 4.64348e+42 0 0 1
5.23299e+14 6.78667e+16 6.85835e+16 1.22763e+18 1.22763e+18 1.22763e+18 9.51886e+18 3.44477e+19 0 0 4.64348e+42 0 0 1
6.04296e+14 6.26344e+16 6.3464e+16 8.12421e+17 8.12421e+17 8.12421e+17 5.96735e+18 2.04182e+19 0 0 4.64348e+42 0 0 1
6.97831e+14 5.76295e+16 5.85503e+16 5.57213e+17 5.57213e+17 5.57213e+17 3.91513e+18 1.28288e+19 0 0 4.64348e+42 0 0 1
8.05842e+14 4.99816e+16 5.0913e+16 3.72816e+17 3.72816e+17 3.72816e+17 2.53136e+18 7.92001e+18 0 0 4.64348e+42 0 0 1
9.30572e+14 4.09595e+16 4.18237e+16 2.42942e+17 2.42942e+17 2.42942e+17 1.61053e+18 4.79109e+18 0 0 4.64348e+42 0 0 1
1.07461e+15 3.01019e+16 3.08025e+16 1.45821e+17 1.45821e+17 1.45821e+17 9.53484e+17 2.632e+18 0 0 4.64348e+42 0 0 1
1.24094e+15 2.26386e+16 2.32065e+16 9.17058e+16 9.17058e+16 9.17058e+16 5.97277e+17 1.56042e+18 0 0 4.64348e+42 0 0 1
1.43301e+15 1.62128e+16 1.66424e+16 5.60742e+16 5.60742e+16 5.60742e+16 3.67137e+17 9.04821e+17 0 0 4.64348e+42 0 0 1
1.65482e+15 1.10721e+16 1.13765e+16 3.33016e+16 3.33016e+16 3.33016e+16 2.21045e+17 5.11259e+17 0 0 4.64348e+42 0 0 1
1.91095e+15 6.69164e+15 6.87949e+15 1.77882e+16 1.77882e+16 1.77882e+16 1.20607e+17 2.52399e+17 0 0 4.64348e+42 0 0 1
2.20673e+15 4.26602e+15 4.38658e+15 1.01671e+16 1.01671e+16 1.01671e+16 7.08774e+16 1.38475e+17 0 0 4.64348e+42 0 0 1
2.5483e+15 2.60466e+15 2.67785e+15 5.63625e+15 5.63625e+15 5.63625e+15 4.06244e+16 7.38747e+16 0 0 4.64348e+42 0 0 1
2.94273e+15 1.52389e+15 1.56599e+15 3.02765e+15 3.02765e+15 3.02765e+15 2.26666e+16 3.81344e+16 0 0 4.64348e+42 0 0 1
3.39821e+15 7.63142e+14 7.83662e+14 1.40591e+15 1.40591e+15 1.40591e+15 1.09729e+16 1.61564e+16 0 0 4.64348e+42 0 0 1
3.92419e+15 4.19314e+14 4.30191e+14 7.22581e+14 7.22581e+14 7.22581e+14 5.8961e+15 7.98884e+15 0 0 4.64348e+42 0 0 1
4.53158e+15 2.20522e+14 2.25997e+14 3.58222e+14 3.58222e+14 3.58222e+14 3.0623e+15 3.81409e+15 0 0 4.64348e+42 0 0 1
5.23299e+15 1.11046e+14 1.13666e+14 1.71211e+14 1.71211e+14 1.71211e+14 1.53553e+15 1.74664e+15 0 0 4.64348e+42 0 0 1
6.04296e+15 4.47692e+13 4.57666e+13 6.59123e+13 6.59123e+13 6.59123e+13 6.20712e+14 5.91216e+14 0 0 4.64348e+42 0 0 1
6.97831e+15 2.09804e+13 2.14192e+13 2.96547e+13 2.96547e+13 2.96547e+13 2.93329e+14 2.53784e+14 0 0 4.64348e+42 0 0 1
8.05842e+15 9.32428e+12 9.50646e+12 1.27131e+13 1.27131e+13 1.27131e+13 1.32073e+14 1.0434e+14 0 0 4.64348e+42 0 0 1
9.30572e+15 3.93967e+12 4.01124e+12 5.20339e+12 5.20339e+12 5.20339e+12 5.67488e+13 4.07587e+13 0 0 4.64348e+42 0 0 1
1.07461e+16 1.18266e+12 1.20256e+12 1.51878e+12 1.51878e+12 1.51878e+12 1.73765e+13 9.77096e+12 0 0 4.64348e+42 0 0 1
1.24094e+16 4.5249e+11 4.59511e+11 5.66875e+11 5.66875e+11 5.66875e+11 6.79694e+12 3.43177e+12 0 0 4.64348e+42 0 0 1
1.43301e+16 1.60313e+11 1.626e+11 1.965e+11 1.965e+11 1.965e+11 2.46624e+12 1.14513e+12 0 0 4.64348e+42 0 0 1
1.65482e+16 5.2843e+10 5.35339e+10 6.35359e+10 6.35359e+10 6.35359e+10 8.33596e+11 3.62678e+11 0 0 4.64348e+42 0 0 1
1.91095e+16 1.02918e+10 1.04148e+10 1.21663e+10 1.21663e+10 1.21663e+10 1.66619e+11 4.97751e+10 0 0 4.64348e+42 0 0 1
2.20673e+16 2.94167e+09 2.97372e+09 3.4259e+09 3.4259e+09 3.4259e+09 4.88968e+10 1.28565e+10 0 0 4.64348e+42 0 0 1
2.5483e+16 7.4037e+08 7.47706e+08 8.50985e+08 8.50985e+08 8.50985e+08 1.26371e+10 3.09496e+09 0 0 4.64348e+42 0 0 1
2.94273e+16 1.6137e+08 1.62822e+08 1.83349e+08 1.83349e+08 1.83349e+08 2.82803e+09 7.21165e+08 0 0 4.64348e+42 0 0 1
3.39821e+16 1.63507e+07 1.64839e+07 1.83899e+07 1.83899e+07 1.83899e+07 2.94115e+08 4.29232e+07 0 0 4.64348e+42 0 0 1
3.92419e+16 2.94122e+06 2.9629e+06 3.27866e+06 3.27866e+06 3.27866e+06 5.42726e+07 6.72934e+06 0 0 4.64348e+42 0 0 1
4.53158e+16 427541 430385 472874 472874 472874 8.08723e+06 909788 0 0 4.64348e+42 0 0 1
5.23299e+16 46104.4 46380.9 50644.2 50644.2 50644.2 893267 119574 0 0 4.64348e+42 0 0 1
6.04296e+16 1557.77 1566.18 1700.9 1700.9 1700.9 30887.2 2141.08 0 0 4.64348e+42 0 0 1
6.97831e+16 117.122 117.69 127.212 127.212 127.212 2373.94 118.992 0 0 4.64348e+42 0 0 1
8.05842e+16 4.01019 4.02766 4.33567 4.33567 4.33567 82.9971 2.28902 0 0 4.64348e+42 0 0 1
9.30572e+16 0 0 0 0 0 0 0 0 0 4.64348e+42 0 0 1