
1.07461e-07 0 0 1.01939e-09 1.37152e+50 2.20381e+59 7.28898e+57 0 2.51396e+43 0 4.64348e+42 0 0 0
1.24094e-07 0 0 0.096344 1.53925e+50 1.9457e+59 6.4609e+57 0 2.90308e+43 0 4.64348e+42 0 0 0
1.43301e-07 0 0 786525 1.72228e+50 1.71254e+59 5.71133e+57 0 3.35242e+43 0 4.64348e+42 0 0 0
1.65482e-07 0 0 7.69623e+11 1.92077e+50 1.50228e+59 5.03367e+57 0 3.87132e+43 0 4.64348e+42 0 0 0
1.91095e-07 0 0 1.19869e+17 2.13456e+50 1.31306e+59 4.42195e+57 0 4.47053e+43 0 4.64348e+42 0 0 0
2.20673e-07 0 0 3.79896e+21 2.3632e+50 1.14322e+59 3.87081e+57 0 5.16248e+43 0 4.64348e+42 0 0 0
2.5483e-07 0 0 3.03051e+25 2.60585e+50 9.91251e+58 3.37539e+57 0 5.96154e+43 0 4.64348e+42 0 0 0
2.94273e-07 0 0 7.31565e+28 2.86143e+50 8.55778e+58 2.93131e+57 0 6.88428e+43 0 4.64348e+42 0 0 0
3.39821e-07 0 0 6.2686e+31 3.12866e+50 7.35548e+58 2.53462e+57 0 7.94984e+43 0 4.64348e+42 0 0 0
3.92419e-07 0 0 2.18938e+34 3.40631e+50 6.29408e+58 2.18169e+57 0 9.18034e+43 0 4.64348e+42 0 0 0
4.53158e-07 0 0 3.51381e+36 3.69352e+50 5.36279e+58 1.86923e+57 0 1.06013e+44 0 4.64348e+42 0 0 0
5.23299e-07 0 0 2.87567e+38 3.99024e+50 4.55141e+58 1.59416e+57 0 1.22422e+44 0 4.64348e+42 0 0 0
6.04296e-07 0 0 1.31366e+40 4.29782e+50 3.85011e+58 1.35361e+57 0 1.4137e+44 0 4.64348e+42 0 0 0
6.97831e-07 0 0 3.62411e+41 4.61968e+50 3.24926e+58 1.14484e+57 0 1.63252e+44 0 4.64348e+42 0 0 0
8.05842e-07 0 0 6.46692e+42 4.96201e+50 2.7393e+58 9.65174e+56 0 1.88521e+44 0 4.64348e+42 0 0 0
9.30572e-07 0 0 7.92482e+43 5.33438e+50 2.31066e+58 8.11996e+56 0 2.177e+44 0 4.64348e+42 0 0 0
1.07461e-06 0 0 7.02727e+44 5.75006e+50 1.95372e+58 6.82681e+56 0 2.51396e+44 0 4.64348e+42 0 0 0
1.24094e-06 0 0 4.71909e+45 6.22596e+50 1.65888e+58 5.74594e+56 0 2.90308e+44 0 4.64348e+42 0 0 0
1.43301e-06 0 0 2.49639e+46 6.78191e+50 1.41671e+58 4.85089e+56 0 3.35242e+44 0 4.64348e+42 0 0 0
1.65482e-06 0 0 1.07602e+47 7.43944e+50 1.21818e+58 4.11539e+56 0 3.87132e+44 0 4.64348e+42 0 0 0
1.91095e-06 0 0 3.88879e+47 8.22006e+50 1.05495e+58 3.51387e+56 0 4.47053e+44 0 4.64348e+42 0 0 0
2.20673e-06 0 0 1.20708e+48 9.14361e+50 9.19608e+57 3.02212e+56 0 5.16248e+44 0 4.64348e+42 0 0 0
2.5483e-06 0 0 3.28332e+48 1.02272e+51 8.05903e+57 2.6181e+56 0 5.96154e+44 0 4.64348e+42 0 0 0
2.94273e-06 0 0 7.95987e+48 1.14852e+51 7.08865e+57 2.28265e+56 0 6.88428e+44 0 4.64348e+42 0 0 0
3.39821e-06 0 0 1.74506e+49 1.29309e+51 6.24767e+57 1.99998e+56 0 7.94984e+44 0 4.64348e+42 0 0 0
3.92419e-06 0 0 3.50369e+49 1.45788e+51 5.50969e+57 1.75783e+56 0 9.18034e+44 0 4.64348e+42 0 0 0
4.53158e-06 0 0 6.51544e+49 1.64479e+51 4.85684e+57 1.54724e+56 0 1.06013e+45 0 4.64348e+42 0 0 0
5.23299e-06 0 0 1.13357e+50 1.85641e+51 4.27707e+57 1.36203e+56 0 1.22422e+45 0 4.64348e+42 0 0 0
6.04296e-06 0 0 1.86192e+50 2.09622e+51 3.76189e+57 1.19807e+56 0 1.4137e+45 0 4.64348e+42 0 0 0
6.97831e-06 0 0 2.91055e+50 2.36873e+51 3.30472e+57 1.05254e+56 0 1.63252e+45 0 4.64348e+42 0 0 0
8.05842e-06 0 0 4.36078e+50 2.67954e+51 2.89996e+57 9.23422e+55 0 1.8852e+45 0 4.64348e+42 0 0 0
9.30572e-06 0 0 6.30108e+50 3.03546e+51 2.54248e+57 8.09094e+55 0 2.177e+45 0 4.64348e+42 0 0 0
1.07461e-05 0 0 8.82782e+50 3.44463e+51 2.22748e+57 7.0812e+55 0 2.51396e+45 0 4.64348e+42 0 0 0
1.24094e-05 0 0 1.20469e+51 3.91661e+51 1.95043e+57 6.19173e+55 0 2.90307e+45 0 4.64348e+42 0 0 0
1.43301e-05 0 0 1.60762e+51 4.46258e+51 1.70708e+57 5.41e+55 0 3.35242e+45 0 4.64348e+42 0 0 0
1.65482e-05 0 0 2.10486e+51 5.0956e+51 1.4935e+57 4.72422e+55 0 3.87131e+45 0 4.64348e+42 0 0 0
1.91095e-05 0 0 2.71167e+51 5.83099e+51 1.30612e+57 4.12335e+55 0 4.47052e+45 0 4.64348e+42 0 0 0
2.20673e-05 0 0 3.44581e+51 6.68697e+51 1.14171e+57 3.59723e+55 0 5.16247e+45 0 4.64348e+42 0 0 0
2.5483e-05 0 0 4.32841e+51 7.68551e+51 9.97437e+56 3.13669e+55 0 5.96153e+45 0 4.64348e+42 0 0 0
2.94273e-05 0 0 5.38493e+51 8.85326e+51 8.70837e+56 2.73353e+55 0 6.88426e+45 0 4.64348e+42 0 0 0
3.39821e-05 0 0 6.64619e+51 1.02224e+52 7.59752e+56 2.38059e+55 0 7.94982e+45 0 4.64348e+42 0 0 0
3.92419e-05 0 0 8.14949e+51 1.18318e+52 6.6231e+56 2.07164e+55 0 9.1803e+45 0 4.64348e+42 0 0 0
4.53158e-05 0 0 9.93964e+51 1.37274e+52 5.76873e+56 1.80125e+55 0 1.06012e+46 0 4.64348e+42 0 0 0
5.23299e-05 0 0 1.20703e+52 1.5964e+52 5.02001e+56 1.56471e+55 0 1.22421e+46 0 4.64348e+42 0 0 0
6.04296e-05 0 0 1.46057e+52 1.86068e+52 4.36422e+56 1.35792e+55 0 1.4137e+46 0 4.64348e+42 0 0 0
6.97831e-05 0 0 1.76232e+52 2.1734e+52 3.79019e+56 1.17723e+55 0 1.63251e+46 0 4.64348e+42 0 0 0
8.05842e-05 0 0 2.12157e+52 2.54394e+52 3.28804e+56 1.01946e+55 0 1.88519e+46 0 4.64348e+42 0 0 0
9.30572e-05 0 0 2.54946e+52 2.98352e+52 2.8491e+56 8.8181e+54 0 2.17698e+46 0 4.64348e+42 0 0 0
0.000107461 0 0 3.05937e+52 3.50558e+52 2.46571e+56 7.61798e+54 0 2.51393e+46 0 4.64348e+42 0 0 0
0.000124094 0 0 3.66725e+52 4.12614e+52 2.13114e+56 6.57259e+54 0 2.90304e+46 0 4.64348e+42 0 0 0
0.000143301 0 0 4.39221e+52 4.86434e+52 1.83944e+56 5.66283e+54 0 3.35237e+46 0 4.64348e+42 0 0 0
0.000165482 0 0 5.25708e+52 5.74304e+52 1.58539e+56 4.87192e+54 0 3.87125e+46 0 4.64348e+42 0 0 0
0.000191095 0 0 6.28913e+52 6.78955e+52 1.36435e+56 4.1851e+54 0 4.47044e+46 0 4.64348e+42 0 0 0
0.000220673 0 0 7.52094e+52 8.03649e+52 1.17228e+56 3.58937e+54 0 5.16237e+46 0 4.64348e+42 0 0 0
0.00025483 0 0 8.99144e+52 9.52278e+52 1.00558e+56 3.0733e+54 0 5.96139e+46 0 4.64348e+42 0 0 0
0.000294273 0 0 1.07471e+53 1.12949e+53 8.61099e+55 2.62685e+54 0 6.88408e+46 0 4.64348e+42 0 0 0
0.000339821 0 0 1.28434e+53 1.34084e+53 7.36048e+55 2.24118e+54 0 7.94957e+46 0 4.64348e+42 0 0 0
0.000392419 0 0 1.53466e+53 1.59296e+53 6.27979e+55 1.90853e+54 0 9.17998e+46 0 4.64348e+42 0 0 0
0.000453158 0 0 1.8336e+53 1.89377e+53 5.34735e+55 1.62206e+54 0 1.06008e+47 0 4.64348e+42 0 0 0
0.000523299 0 0 2.19063e+53 2.25274e+53 4.54417e+55 1.37579e+54 0 1.22415e+47 0 4.64348e+42 0 0 0
0.000604296 0 0 2.61707e+53 2.68121e+53 3.85355e+55 1.16446e+54 0 1.41362e+47 0 4.64348e+42 0 0 0
0.000697831 0 0 3.12649e+53 3.19273e+53 3.26083e+55 9.83448e+53 0 1.63241e+47 0 4.64348e+42 0 0 0
0.000805842 0 0 3.73512e+53 3.80356e+53 2.75312e+55 8.28712e+53 0 1.88505e+47 0 4.64348e+42 0 0 0
0.000930572 0 0 4.46244e+53 4.53315e+53 2.31912e+55 6.96712e+53 0 2.1768e+47 0 4.64348e+42 0 0 0
0.00107461 0 0 5.3318e+53 5.40489e+53 1.94892e+55 5.8435e+53 0 2.51369e+47 0 4.64348e+42 0 0 0
0.00124094 0 0 6.37127e+53 6.44683e+53 1.63384e+55 4.88919e+53 0 2.90272e+47 0 4.64348e+42 0 0 0
0.00143301 0 0 7.6146e+53 7.69274e+53 1.36629e+55 4.08057e+53 0 3.35194e+47 0 4.64348e+42 0 0 0
0.00165482 0 0 9.10237e+53 9.18321e+53 1.13966e+55 3.39706e+53 0 3.87068e+47 0 4.64348e+42 0 0 0
0.00191095 0 0 1.08818e+54 1.09654e+54 9.48152e+54 2.82073e+53 0 4.46967e+47 0 4.64348e+42 0 0 0
0.00220673 0 0 1.29854e+54 1.30718e+54 7.86749e+54 2.33605e+53 0 5.16135e+47 0 4.64348e+42 0 0 0
0.0025483 0 0 1.53314e+54 1.54197e+54 6.51074e+54 1.9295e+53 0 5.96003e+47 0 4.64348e+42 0 0 0
0.00294273 0 0 1.75844e+54 1.7672e+54 5.37337e+54 1.58944e+53 0 6.88226e+47 0 4.64348e+42 0 0 0
0.00339821 0 0 1.92206e+54 1.93035e+54 4.42255e+54 1.30576e+53 0 7.94715e+47 0 4.64348e+42 0 0 0
0.00392419 0 0 1.98298e+54 1.99039e+54 3.62994e+54 1.0698e+53 0 9.17674e+47 0 4.64348e+42 0 0 0
0.00453158 0 0 1.93348e+54 1.93973e+54 2.97112e+54 8.74089e+52 0 1.05965e+48 0 4.64348e+42 0 0 0
0.00523299 0 0 1.79545e+54 1.80047e+54 2.42511e+54 7.12236e+52 0 1.22358e+48 0 4.64348e+42 0 0 0
0.00604296 0 0 1.60327e+54 1.60716e+54 1.97394e+54 5.78776e+52 0 1.41285e+48 0 4.64348e+42 0 0 0
0.00697831 0 0 1.3892e+54 1.39212e+54 1.60224e+54 4.69053e+52 0 1.63138e+48 0 4.64348e+42 0 0 0
0.00805842 3.3752e-229 3.3752e-229 1.17677e+54 1.17891e+54 1.29695e+54 3.79112e+52 0 1.88369e+48 7.0563e-233 4.64348e+42 0 0 0
0.00930572 1.43486e-155 1.43486e-155 9.80127e+53 9.8167e+53 1.04694e+54 3.05604e+52 0 2.17498e+48 3.11886e-159 4.64348e+42 0 0 0
0.0107461 3.57348e-101 3.57348e-101 8.06096e+53 8.07194e+53 8.42823e+53 2.45704e+52 0 2.51127e+48 8.17852e-105 4.64348e+42 0 0 0
0.0124094 5.41418e-61 5.41418e-61 6.56657e+53 6.57432e+53 6.76671e+53 1.97033e+52 0 2.89948e+48 1.31724e-64 4.64348e+42 0 0 0
0.0143301 2.54714e-31 2.54714e-31 5.30989e+53 5.31531e+53 5.41823e+53 1.57602e+52 0 3.34763e+48 6.63648e-35 4.64348e+42 0 0 0
0.0165482 2.04831e-09 2.04831e-09 4.26865e+53 4.27243e+53 4.32703e+53 1.25746e+52 0 3.86493e+48 5.74878e-13 4.64348e+42 0 0 0
0.0191095 2.98816e+07 2.98816e+07 3.41522e+53 3.41783e+53 3.44659e+53 1.00082e+52 0 4.46201e+48 9077.26 4.64348e+42 0 0 0
0.0220673 2.48589e+19 2.48589e+19 2.72138e+53 2.72319e+53 2.73822e+53 7.94628e+51 0 5.15112e+48 8.20658e+15 4.64348e+42 0 0 0
0.025483 1.50816e+28 1.50816e+28 2.16086e+53 2.1621e+53 2.16991e+53 6.29417e+51 0 5.94639e+48 5.42988e+24 4.64348e+42 0 0 0
0.0294273 4.38935e+34 4.38935e+34 1.71034e+53 1.71119e+53 1.71523e+53 4.97388e+51 0 6.86408e+48 1.72897e+31 4.64348e+42 0 0 0
0.0339821 2.46627e+39 2.46627e+39 1.34979e+53 1.35037e+53 1.35244e+53 3.92147e+51 0 7.92291e+48 1.06597e+36 4.64348e+42 0 0 0
0.0392419 7.4874e+42 7.4874e+42 1.06231e+53 1.06271e+53 1.06376e+53 3.0847e+51 0 9.14443e+48 3.56081e+39 4.64348e+42 0 0 0
0.0453158 2.62808e+45 2.62808e+45 8.33852e+52 8.34122e+52 8.34658e+52 2.42102e+51 0 1.05534e+49 1.37886e+42 4.64348e+42 0 0 0
0.0523299 1.87133e+47 1.87133e+47 6.52853e+52 6.53036e+52 6.53307e+52 1.89589e+51 0 1.21784e+49 1.08593e+44 4.64348e+42 0 0 0
0.0604296 4.09594e+48 4.09594e+48 5.09866e+52 5.09989e+52 5.10125e+52 1.48138e+51 0 1.4052e+49 2.63552e+45 4.64348e+42 0 0 0
0.0697831 3.74672e+49 3.74672e+49 3.97217e+52 3.97301e+52 3.97368e+52 1.15496e+51 0 1.62118e+49 2.67974e+46 4.64348e+42 0 0 0
0.0805842 1.79741e+50 1.79741e+50 3.08706e+52 3.08762e+52 3.08795e+52 8.98485e+50 0 1.87008e+49 1.43242e+47 4.64348e+42 0 0 0
0.0930572 5.34832e+50 5.34832e+50 2.3934e+52 2.39378e+52 2.39394e+52 6.97439e+50 0 2.15685e+49 4.7607e+47 4.64348e+42 0 0 0
0.107461 1.11745e+51 1.11745e+51 1.85118e+52 1.85143e+52 1.85151e+52 5.402e+50 0 2.4871e+49 1.11365e+48 4.64348e+42 0 0 0
0.124094 1.79679e+51 1.79679e+51 1.42841e+52 1.42858e+52 1.42862e+52 4.175e+50 0 2.86727e+49 2.00962e+48 4.64348e+42 0 0 0
0.143301 2.37931e+51 2.37931e+51 1.0996e+52 1.09972e+52 1.09974e+52 3.2197e+50 0 3.30471e+49 2.99353e+48 4.64348e+42 0 0 0
0.165482 2.72801e+51 2.72801e+51 8.44522e+51 8.44597e+51 8.44606e+51 2.47763e+50 0 3.80773e+49 3.86993e+48 4.64348e+42 0 0 0
0.191095 2.81037e+51 2.81037e+51 6.47129e+51 6.47178e+51 6.47183e+51 1.90249e+50 0 4.38581e+49 4.50548e+48 4.64348e+42 0 0 0
0.220673 2.67361e+51 2.67361e+51 4.94756e+51 4.94789e+51 4.94794e+51 1.45776e+50 0 5.04962e+49 4.85483e+48 4.64348e+42 0 0 0
0.25483 2.39691e+51 2.39691e+51 3.77434e+51 3.77456e+51 3.77458e+51 1.11464e+50 0 5.81121e+49 4.94059e+48 4.64348e+42 0 0 0
0.294273 2.0556e+51 2.0556e+51 2.8732e+51 2.87334e+51 2.87335e+51 8.50537e+49 0 6.68408e+49 4.81993e+48 4.64348e+42 0 0 0
0.339821 1.70524e+51 1.70524e+51 2.18274e+51 2.18283e+51 2.18283e+51 6.4771e+49 0 7.68328e+49 4.55777e+48 4.64348e+42 0 0 0
0.392419 1.37967e+51 1.37967e+51 1.65496e+51 1.65502e+51 1.65503e+51 4.92296e+49 0 8.8255e+49 4.21168e+48 4.64348e+42 0 0 0
0.453158 1.09541e+51 1.09541e+51 1.2525e+51 1.25254e+51 1.25254e+51 3.73479e+49 0 1.01291e+50 3.82618e+48 4.64348e+42 0 0 0
0.523299 8.57379e+50 8.57379e+50 9.46283e+50 9.4631e+50 9.4631e+50 2.82842e+49 0 1.1614e+50 3.43256e+48 4.64348e+42 0 0 0
0.604296 6.63832e+50 6.63832e+50 7.13814e+50 7.13831e+50 7.13831e+50 2.1385e+49 0 1.33016e+50 3.05098e+48 4.64348e+42 0 0 0
0.697831 5.09747e+50 5.09747e+50 5.37693e+50 5.37705e+50 5.37705e+50 1.61442e+49 0 1.52147e+50 2.6933e+48 4.64348e+42 0 0 0
0.805842 3.88968e+50 3.88968e+50 4.04523e+50 4.04531e+50 4.04531e+50 1.21711e+49 0 1.73766e+50 2.36556e+48 4.64348e+42 0 0 0
0.930572 2.95384e+50 2.95384e+50 3.04009e+50 3.04014e+50 3.04014e+50 9.16466e+48 0 1.98108e+50 2.06997e+48 4.64348e+42 0 0 0
1.07461 2.235e+50 2.235e+50 2.28267e+50 2.2827e+50 2.2827e+50 6.89361e+48 0 2.25398e+50 1.80633e+48 4.64348e+42 0 0 0
1.24094 1.68647e+50 1.68647e+50 1.71274e+50 1.71276e+50 1.71276e+50 5.18079e+48 0 2.55837e+50 1.57307e+48 4.64348e+42 0 0 0
1.43301 1.26999e+50 1.26999e+50 1.28443e+50 1.28444e+50 1.28444e+50 3.8908e+48 0 2.89581e+50 1.36789e+48 4.64348e+42 0 0 0
1.65482 9.54972e+49 9.54972e+49 9.62892e+49 9.629e+49 9.629e+49 2.92047e+48 0 3.2671e+50 1.18815e+48 4.64348e+42 0 0 0
1.91095 7.17381e+49 7.17381e+49 7.21716e+49 7.21721e+49 7.21721e+49 2.19135e+48 0 3.67201e+50 1.0312e+48 4.64348e+42 0 0 0
2.20673 5.38572e+49 5.38572e+49 5.40939e+49 5.40943e+49 5.40943e+49 1.64394e+48 0 4.10874e+50 8.94438e+47 4.64348e+42 0 0 0
2.5483 4.0421e+49 4.0421e+49 4.05501e+49 4.05503e+49 4.05503e+49 1.23325e+48 0 4.57339e+50 7.75475e+47 4.64348e+42 0 0 0
2.94273 3.03357e+49 3.03357e+49 3.0406e+49 3.04062e+49 3.04062e+49 9.25267e+47 0 5.05929e+50 6.72116e+47 4.64348e+42 0 0 0
3.39821 2.27709e+49 2.27709e+49 2.28092e+49 2.28093e+49 2.28093e+49 6.94385e+47 0 5.55622e+50 5.82395e+47 4.64348e+42 0 0 0
3.92419 1.70989e+49 1.70989e+49 1.71198e+49 1.71199e+49 1.71199e+49 5.21323e+47 0 6.04965e+50 5.04561e+47 4.64348e+42 0 0 0
4.53158 1.28466e+49 1.28466e+49 1.2858e+49 1.2858e+49 1.2858e+49 3.91599e+47 0 6.51997e+50 4.37074e+47 4.64348e+42 0 0 0
5.23299 9.65815e+48 9.65815e+48 9.66442e+48 9.66444e+48 9.66444e+48 2.94341e+47 0 6.942e+50 3.78576e+47 4.64348e+42 0 0 0
6.04296 7.26673e+48 7.26673e+48 7.27022e+48 7.27023e+48 7.27023e+48 2.21401e+47 0 7.285e+50 3.27885e+47 4.64348e+42 0 0 0
6.97831 5.47224e+48 5.47224e+48 5.47421e+48 5.47422e+48 5.47422e+48 1.66674e+47 0 7.51361e+50 2.83967e+47 4.64348e+42 0 0 0
8.05842 4.12483e+48 4.12483e+48 4.12598e+48 4.12599e+48 4.12599e+48 1.25588e+47 0 7.59004e+50 2.45921e+47 4.64348e+42 0 0 0
9.30572 3.11238e+48 3.11238e+48 3.11308e+48 3.11308e+48 3.11308e+48 9.47217e+46 0 7.47829e+50 2.12966e+47 4.64348e+42 0 0 0
10.7461 2.35097e+48 2.35097e+48 2.35142e+48 2.35142e+48 2.35142e+48 7.15153e+46 0 7.15036e+50 1.84423e+47 4.64348e+42 0 0 0
12.4094 1.77782e+48 1.77782e+48 1.77813e+48 1.77813e+48 1.77813e+48 5.40527e+46 0 6.59437e+50 1.59703e+47 4.64348e+42 0 0 0
14.3301 1.34595e+48 1.34595e+48 1.34617e+48 1.34618e+48 1.34618e+48 4.08997e+46 0 5.82336e+50 1.38294e+47 4.64348e+42 0 0 0
16.5482 1.02018e+48 1.02018e+48 1.02035e+48 1.02035e+48 1.02035e+48 3.09828e+46 0 4.88169e+50 1.19753e+47 4.64348e+42 0 0 0
19.1095 7.74172e+47 7.74172e+47 7.7431e+47 7.74311e+47 7.74311e+47 2.34976e+46 0 3.84552e+50 1.03697e+47 4.64348e+42 0 0 0
22.0673 5.88175e+47 5.88175e+47 5.88291e+47 5.88291e+47 5.88291e+47 1.78416e+46 0 2.81329e+50 8.97922e+46 4.64348e+42 0 0 0
25.483 4.47384e+47 4.47384e+47 4.47482e+47 4.47483e+47 4.47483e+47 1.35627e+46 0 1.88575e+50 7.7751e+46 4.64348e+42 0 0 0
29.4273 3.40682e+47 3.40682e+47 3.40767e+47 3.40767e+47 3.40767e+47 1.03217e+46 0 1.14053e+50 6.73235e+46 4.64348e+42 0 0 0
33.9821 2.59715e+47 2.59715e+47 2.59789e+47 2.59789e+47 2.59789e+47 7.86398e+45 0 6.1171e+49 5.82937e+46 4.64348e+42 0 0 0
39.2419 1.98203e+47 1.98203e+47 1.98267e+47 1.98267e+47 1.98267e+47 5.99788e+45 0 2.85287e+49 5.04741e+46 4.64348e+42 0 0 0
45.3158 1.51412e+47 1.51412e+47 1.51469e+47 1.51469e+47 1.51469e+47 4.57929e+45 0 1.13148e+49 4.37025e+46 4.64348e+42 0 0 0
52.3299 1.15778e+47 1.15778e+47 1.15828e+47 1.15828e+47 1.15828e+47 3.4996e+45 0 3.72047e+48 3.78386e+46 4.64348e+42 0 0 0
60.4296 8.8608e+46 8.8608e+46 8.86522e+46 8.86522e+46 8.86522e+46 2.67689e+45 0 9.85075e+47 3.27607e+46 4.64348e+42 0 0 0
69.7831 6.78681e+46 6.78681e+46 6.79072e+46 6.79072e+46 6.79072e+46 2.04927e+45 0 2.03083e+47 2.83634e+46 4.64348e+42 0 0 0
80.5842 5.20194e+46 5.20194e+46 5.2054e+46 5.2054e+46 5.2054e+46 1.56996e+45 0 3.13604e+46 2.45554e+46 4.64348e+42 0 0 0
93.0572 3.98957e+46 3.98957e+46 3.99263e+46 3.99263e+46 3.99263e+46 1.20353e+45 0 3.46873e+45 2.12579e+46 4.64348e+42 0 0 0
107.461 3.06125e+46 3.06125e+46 3.06397e+46 3.06397e+46 3.06397e+46 9.23122e+44 0 2.6098e+44 1.84024e+46 4.64348e+42 0 0 0
124.094 2.34982e+46 2.34982e+46 2.35222e+46 2.35222e+46 2.35222e+46 7.08351e+44 0 1.25831e+43 1.59296e+46 4.64348e+42 0 0 0
143.301 1.80416e+46 1.80416e+46 1.80629e+46 1.80629e+46 1.80629e+46 5.43723e+44 0 3.62913e+41 1.37882e+46 4.64348e+42 0 0 0
165.482 1.38536e+46 1.38536e+46 1.38726e+46 1.38726e+46 1.38726e+46 4.17443e+44 0 5.78238e+39 1.19339e+46 4.64348e+42 0 0 0
191.095 1.06376e+46 1.06376e+46 1.06544e+46 1.06544e+46 1.06544e+46 3.20523e+44 0 4.64315e+37 1.03281e+46 4.64348e+42 0 0 0
220.673 8.16692e+45 8.16692e+45 8.18179e+45 8.18179e+45 8.18179e+45 2.46104e+44 0 1.68988e+35 8.93756e+45 4.64348e+42 0 0 0
254.83 6.26831e+45 6.26831e+45 6.2815e+45 6.2815e+45 6.2815e+45 1.88943e+44 0 2.4663e+32 7.7334e+45 4.64348e+42 0 0 0
294.273 4.80918e+45 4.80918e+45 4.82086e+45 4.82086e+45 4.82086e+45 1.45031e+44 0 1.25301e+29 6.69065e+45 4.64348e+42 0 0 0
339.821 3.68788e+45 3.68788e+45 3.69822e+45 3.69822e+45 3.69822e+45 1.11297e+44 0 1.88214e+25 5.78768e+45 4.64348e+42 0 0 0
392.419 2.82638e+45 2.82638e+45 2.83554e+45 2.83554e+45 2.83554e+45 8.53836e+43 0 6.92183e+20 5.00574e+45 4.64348e+42 0 0 0
453.158 2.16477e+45 2.16477e+45 2.17287e+45 2.17287e+45 2.17287e+45 6.54835e+43 0 5.01271e+15 4.32862e+45 4.64348e+42 0 0 0
523.299 1.65694e+45 1.65694e+45 1.6641e+45 1.6641e+45 1.6641e+45 5.02066e+43 0 5.55872e+09 3.74227e+45 4.64348e+42 0 0 0
604.296 1.26741e+45 1.26741e+45 1.27374e+45 1.27374e+45 1.27374e+45 3.84837e+43 0 705.971 3.23452e+45 4.64348e+42 0 0 0
697.831 9.68859e+44 9.68859e+44 9.74449e+44 9.74449e+44 9.74449e+44 2.94924e+43 0 7.34252e-06 2.79484e+45 4.64348e+42 0 0 0
805.842 7.40222e+44 7.40222e+44 7.45156e+44 7.45156e+44 7.45156e+44 2.25995e+43 0 4.24562e-15 2.41411e+45 4.64348e+42 0 0 0
930.572 5.65273e+44 5.65273e+44 5.69627e+44 5.69627e+44 5.69627e+44 1.73175e+43 0 8.72624e-26 2.08443e+45 4.64348e+42 0 0 0
1074.61 4.31514e+44 4.31514e+44 4.35354e+44 4.35354e+44 4.35354e+44 1.32715e+43 0 3.80359e-38 1.79896e+45 4.64348e+42 0 0 0
1240.94 3.29317e+44 3.29317e+44 3.32704e+44 3.32704e+44 3.32704e+44 1.01729e+43 0 1.93646e-52 1.55178e+45 4.64348e+42 0 0 0
1433.01 2.51282e+44 2.51282e+44 2.54269e+44 2.54269e+44 2.54269e+44 7.80012e+42 0 5.78293e-69 1.33776e+45 4.64348e+42 0 0 0
1654.82 1.91722e+44 1.91722e+44 1.94356e+44 1.94356e+44 1.94356e+44 5.98304e+42 0 4.57288e-88 1.15246e+45 4.64348e+42 0 0 0
1910.95 1.46275e+44 1.46275e+44 1.48598e+44 1.48598e+44 1.48598e+44 4.59121e+42 0 3.82159e-110 9.92032e+44 4.64348e+42 0 0 0
2206.73 1.11602e+44 1.11602e+44 1.13651e+44 1.13651e+44 1.13651e+44 3.52473e+42 0 1.16864e-135 8.5315e+44 4.64348e+42 0 0 0
2548.3 8.51462e+43 8.51462e+43 8.69541e+43 8.69541e+43 8.69541e+43 2.70716e+42 0 3.84219e-165 7.32932e+44 4.64348e+42 0 0 0
2942.73 6.49587e+43 6.49587e+43 6.6554e+43 6.6554e+43 6.6554e+43 2.08004e+42 0 3.30121e-199 6.28884e+44 4.64348e+42 0 0 0
3398.21 4.95505e+43 4.95505e+43 5.09584e+43 5.09584e+43 5.09584e+43 1.59872e+42 0 1.44755e-238 5.38846e+44 4.64348e+42 0 0 0
3924.19 3.7787e+43 3.7787e+43 3.90296e+43 3.90296e+43 3.90296e+43 1.22906e+42 0 0 4.6095e+44 4.64348e+42 0 0 0
4531.58 2.88038e+43 2.88038e+43 2.99003e+43 2.99003e+43 2.99003e+43 9.44966e+41 0 0 3.93577e+44 4.64348e+42 0 0 0
5232.99 2.20191e+43 2.20191e+43 2.29488e+43 2.29488e+43 2.29488e+43 7.28022e+41 0 0 3.36507e+44 4.64348e+42 0 0 0
6042.96 1.67776e+43 1.67776e+43 1.75928e+43 1.75928e+43 1.75928e+43 5.59951e+41 0 0 2.86319e+44 4.64348e+42 0 0 0
6978.31 1.27731e+43 1.27731e+43 1.3487e+43 1.3487e+43 1.3487e+43 4.30577e+41 0 0 2.4301e+44 4.64348e+42 0 0 0
8058.42 9.71399e+42 9.71399e+42 1.03381e+43 1.03381e+43 1.03381e+43 3.30955e+41 0 0 2.05674e+44 4.64348e+42 0 0 0
9305.72 7.37767e+42 7.37767e+42 7.92218e+42 7.92218e+42 7.92218e+42 2.54228e+41 0 0 1.73526e+44 4.64348e+42 0 0 0
10746.1 5.59427e+42 5.59427e+42 6.06816e+42 6.06816e+42 6.06816e+42 1.95133e+41 0 0 1.45887e+44 4.64348e+42 0 0 0
12409.4 4.23397e+42 4.23397e+42 4.64523e+42 4.64523e+42 4.64523e+42 1.49626e+41 0 0 1.22169e+44 4.64348e+42 0 0 0
14330.1 3.19749e+42 3.19749e+42 3.55321e+42 3.55321e+42 3.55321e+42 1.14597e+41 0 0 1.01862e+44 4.64348e+42 0 0 0
16548.2 2.40885e+42 2.40885e+42 2.71539e+42 2.71539e+42 2.71539e+42 8.76502e+40 0 0 8.45232e+43 4.64348e+42 0 0 0
19109.5 1.80983e+42 1.80983e+42 2.07288e+42 2.07288e+42 2.07288e+42 6.69395e+40 0 0 6.97658e+43 4.64348e+42 0 0 0
22067.3 1.35583e+42 1.35583e+42 1.58049e+42 1.58049e+42 1.58049e+42 5.10399e+40 0 0 5.72537e+43 4.64348e+42 0 0 0
25483 1.01259e+42 1.01259e+42 1.2035e+42 1.2035e+42 1.2035e+42 3.88507e+40 0 0 4.66923e+43 4.64348e+42 0 0 0
29427.3 7.53845e+41 7.53845e+41 9.1518e+41 9.1518e+41 9.1518e+41 2.95213e+40 0 0 3.78226e+43 4.64348e+42 0 0 0
33982.1 5.59429e+41 5.59429e+41 6.94968e+41 6.94968e+41 6.94968e+41 2.23936e+40 0 0 3.04165e+43 4.64348e+42 0 0 0
39241.9 4.13863e+41 4.13863e+41 5.27025e+41 5.27025e+41 5.27025e+41 1.6959e+40 0 0 2.4272e+43 4.64348e+42 0 0 0
45315.8 3.0528e+41 3.0528e+41 3.99151e+41 3.99151e+41 3.99151e+41 1.28237e+40 0 0 1.92101e+43 4.64348e+42 0 0 0
52329.9 2.24597e+41 2.24597e+41 3.01951e+41 3.01951e+41 3.01951e+41 9.68385e+39 0 0 1.50719e+43 4.64348e+42 0 0 0
60429.6 1.64876e+41 1.64876e+41 2.28192e+41 2.28192e+41 2.28192e+41 7.30473e+39 0 0 1.17165e+43 4.64348e+42 0 0 0
69783.1 1.20835e+41 1.20835e+41 1.72314e+41 1.72314e+41 1.72314e+41 5.50556e+39 0 0 9.01925e+42 4.64348e+42 0 0 0
80584.2 8.84679e+40 8.84679e+40 1.30046e+41 1.30046e+41 1.30046e+41 4.14735e+39 0 0 6.87077e+42 4.64348e+42 0 0 0
93057.2 6.47505e+40 6.47505e+40 9.81169e+40 9.81169e+40 9.81169e+40 3.12356e+39 0 0 5.17556e+42 4.64348e+42 0 0 0
107461 4.74121e+40 4.74121e+40 7.40232e+40 7.40232e+40 7.40232e+40 2.35275e+39 0 0 3.85119e+42 4.64348e+42 0 0 0
124094 3.47577e+40 3.47577e+40 5.58566e+40 5.58566e+40 5.58566e+40 1.77287e+39 0 0 2.82724e+42 4.64348e+42 0 0 0
143301 2.55293e+40 2.55293e+40 4.21653e+40 4.21653e+40 4.21653e+40 1.33678e+39 0 0 2.04434e+42 4.64348e+42 0 0 0
165482 1.87989e+40 1.87989e+40 3.18482e+40 3.18482e+40 3.18482e+40 1.00883e+39 0 0 1.45297e+42 4.64348e+42 0 0 0
191095 1.38855e+40 1.38855e+40 2.40723e+40 2.40723e+40 2.40723e+40 7.62111e+38 0 0 1.01238e+42 4.64348e+42 0 0 0
220673 1.02923e+40 1.02923e+40 1.8209e+40 1.8209e+40 1.8209e+40 5.76365e+38 0 0 6.8929e+41 4.64348e+42 0 0 0
254830 7.65793e+39 7.65793e+39 1.37848e+40 1.37848e+40 1.37848e+40 4.36388e+38 0 0 4.568e+41 4.64348e+42 0 0 0
294273 5.7205e+39 5.7205e+39 1.04438e+40 1.04438e+40 1.04438e+40 3.30781e+38 0 0 2.93268e+41 4.64348e+42 0 0 0
339821 4.29056e+39 4.29056e+39 7.91844e+39 7.91844e+39 7.91844e+39 2.51004e+38 0 0 1.8138e+41 4.64348e+42 0 0 0
392419 3.2311e+39 3.2311e+39 6.00778e+39 6.00778e+39 6.00778e+39 1.90661e+38 0 0 1.07363e+41 4.64348e+42 0 0 0
453158 2.44296e+39 2.44296e+39 4.56087e+39 4.56087e+39 4.56087e+39 1.44958e+38 0 0 6.03584e+40 4.64348e+42 0 0 0
523299 1.85425e+39 1.85425e+39 3.46421e+39 3.46421e+39 3.46421e+39 1.10301e+38 7.47333e+35 0 3.19439e+40 4.64348e+42 0 0 0
604296 1.41268e+39 1.41268e+39 2.63235e+39 2.63235e+39 2.63235e+39 8.39902e+37 7.5047e+35 0 1.57523e+40 4.64348e+42 0 0 0
697831 1.08011e+39 1.08011e+39 2.00091e+39 2.00091e+39 2.00091e+39 6.39934e+37 7.53607e+35 0 7.15219e+39 4.64348e+42 0 0 0
805842 8.28614e+38 8.28614e+38 1.5213e+39 1.5213e+39 1.5213e+39 4.87803e+37 7.56744e+35 0 2.94917e+39 4.64348e+42 0 0 0
930572 6.37649e+38 6.37649e+38 1.1568e+39 1.1568e+39 1.1568e+39 3.71958e+37 7.59881e+35 0 1.08697e+39 4.64348e+42 0 0 0
1.07461e+06 4.92065e+38 4.92065e+38 8.79643e+38 8.79643e+38 8.79643e+38 2.83672e+37 7.63677e+35 0 3.51561e+38 4.64348e+42 0 0 0
1.24094e+06 3.80632e+38 3.80632e+38 6.68813e+38 6.68813e+38 6.68813e+38 2.16338e+37 7.64553e+35 0 9.76793e+37 4.64348e+42 0 0 0
1.43301e+06 2.94989e+38 2.94989e+38 5.0837e+38 5.0837e+38 5.0837e+38 1.64947e+37 7.65665e+35 0 2.27468e+37 4.64348e+42 0 0 0
1.65482e+06 2.2891e+38 2.2891e+38 3.86237e+38 3.86237e+38 3.86237e+38 1.25704e+37 7.67089e+35 0 4.31509e+36 4.64348e+42 0 0 0
1.91095e+06 1.77756e+38 1.77756e+38 2.93254e+38 2.93254e+38 2.93254e+38 9.57275e+36 7.69058e+35 0 6.45305e+35 4.64348e+42 0 0 0
2.20673e+06 1.38049e+38 1.38049e+38 2.22472e+38 2.22472e+38 2.22472e+38 7.28293e+36 7.71598e+35 0 7.32536e+34 4.64348e+42 0 0 0
2.5483e+06 1.07166e+38 1.07166e+38 1.68606e+38 1.68606e+38 1.68606e+38 5.53423e+36 7.74927e+35 0 6.04324e+33 4.64348e+42 0 0 0
2.94273e+06 8.31152e+37 8.31152e+37 1.27635e+38 1.27635e+38 1.27635e+38 4.19952e+36 7.79299e+35 0 3.44584e+32 4.64348e+42 0 0 0
3.39821e+06 6.43727e+37 6.43727e+37 9.64943e+37 9.64943e+37 9.64943e+37 3.18165e+36 7.85449e+35 0 1.28171e+31 4.64348e+42 0 0 0
3.92419e+06 4.97677e+37 4.97677e+37 7.28481e+37 7.28481e+37 7.28481e+37 2.40629e+36 7.93499e+35 0 2.90939e+29 4.64348e+42 0 0 0
4.53158e+06 3.83946e+37 3.83946e+37 5.49133e+37 5.49133e+37 5.49133e+37 1.8165e+36 8.03997e+35 0 3.73206e+27 4.64348e+42 0 0 0
5.23299e+06 2.95496e+37 2.95496e+37 4.13285e+37 4.13285e+37 4.13285e+37 1.36862e+36 8.17527e+35 0 2.47591e+25 4.64348e+42 0 0 0
6.04296e+06 2.26832e+37 2.26832e+37 3.10541e+37 3.10541e+37 3.10541e+37 1.02919e+36 8.36218e+35 0 7.66921e+22 4.64348e+42 0 0 0
6.97831e+06 1.73648e+37 1.73648e+37 2.32963e+37 2.32963e+37 2.32963e+37 7.7252e+35 8.58828e+35 0 9.8574e+19 4.64348e+42 0 0 0
8.05842e+06 1.32563e+37 1.32563e+37 1.7449e+37 1.7449e+37 1.7449e+37 5.78914e+35 8.86494e+35 0 4.58825e+16 4.64348e+42 0 0 0
9.30572e+06 1.00918e+37 1.00918e+37 1.30498e+37 1.30498e+37 1.30498e+37 4.33305e+35 9.17886e+35 0 6.60948e+12 4.64348e+42 0 0 0
1.07461e+07 7.66232e+36 7.66232e+36 9.74657e+36 9.74657e+36 9.74657e+36 3.24186e+35 9.58398e+35 0 2.45786e+08 4.64348e+42 0 0 0
1.24094e+07 5.80321e+36 5.80321e+36 7.27102e+36 7.27102e+36 7.27102e+36 2.427e+35 9.97337e+35 0 1913.75 4.64348e+42 0 0 0
1.43301e+07 4.3855e+36 4.3855e+36 5.41946e+36 5.41946e+36 5.41946e+36 1.82133e+35 1.03582e+36 0 0.00245001 4.64348e+42 0 0 0
1.65482e+07 3.3082e+36 3.3082e+36 4.0374e+36 4.0374e+36 4.0374e+36 1.37372e+35 1.07208e+36 0 3.90113e-10 4.64348e+42 0 0 0
1.91095e+07 2.4927e+36 2.4927e+36 3.00816e+36 3.00816e+36 3.00816e+36 1.046e+35 1.10363e+36 0 5.59744e-18 4.64348e+42 0 0 0
2.20673e+07 1.87724e+36 1.87724e+36 2.24283e+36 2.24283e+36 2.24283e+36 8.06823e+34 1.13042e+36 0 4.98822e-27 4.64348e+42 0 0 0
2.5483e+07 1.41454e+36 1.41454e+36 1.67509e+36 1.67509e+36 1.67509e+36 6.34573e+34 1.14893e+36 0 1.79651e-37 4.64348e+42 0 0 0
2.94273e+07 1.06771e+36 1.06771e+36 1.25457e+36 1.25457e+36 1.25457e+36 5.11299e+34 1.14906e+36 0 1.59194e-49 4.64348e+42 0 0 0
3.39821e+07 8.08643e+35 8.08643e+35 9.43772e+35 9.43772e+35 9.43772e+35 4.24374e+34 1.12756e+36 0 1.95688e-63 4.64348e+42 0 0 0
3.92419e+07 6.15128e+35 6.15128e+35 7.1377e+35 7.1377e+35 7.1377e+35 3.61702e+34 1.08393e+36 0 1.72165e-79 4.64348e+42 0 0 0
4.53158e+07 4.71035e+35 4.71035e+35 5.43897e+35 5.43897e+35 5.43897e+35 3.17219e+34 1.02578e+36 0 5.04873e-98 4.64348e+42 0 0 0
5.23299e+07 3.63692e+35 3.63692e+35 4.18241e+35 4.18241e+35 4.18241e+35 2.84917e+34 9.58392e+35 0 2.04182e-119 4.64348e+42 0 0 0
6.04296e+07 2.83292e+35 2.83292e+35 3.24703e+35 3.24703e+35 3.24703e+35 2.59553e+34 8.75416e+35 0 4.11018e-144 4.64348e+42 0 0 0
6.97831e+07 2.22601e+35 2.22601e+35 2.54473e+35 2.54473e+35 2.54473e+35 2.37811e+34 7.79425e+35 0 1.26943e-172 4.64348e+42 0 0 0
8.05842e+07 1.76396e+35 1.76396e+35 2.01254e+35 2.01254e+35 2.01254e+35 2.17992e+34 6.72029e+35 0 1.54539e-205 4.64348e+42 0 0 0
9.30572e+07 1.40725e+35 1.40725e+35 1.60334e+35 1.60334e+35 1.60334e+35 1.98654e+34 5.57061e+35 0 1.54372e-243 4.64348e+42 0 0 0
1.07461e+08 1.12632e+35 1.12632e+35 1.28215e+35 1.28215e+35 1.28215e+35 1.78644e+34 4.3968e+35 0 0 4.64348e+42 150.335 0 0
1.24094e+08 9.0484e+34 9.0484e+34 1.02964e+35 1.02964e+35 1.02964e+35 1.59229e+34 3.42106e+35 0 0 4.64348e+42 132.072 0 0
1.43301e+08 7.26525e+34 7.26525e+34 8.26786e+34 8.26786e+34 8.26786e+34 1.39776e+34 2.60962e+35 0 0 4.64348e+42 116.027 0 0
1.65482e+08 5.8052e+34 5.8052e+34 6.60936e+34 6.60936e+34 6.60936e+34 1.20282e+34 1.95723e+35 0 0 4.64348e+42 101.932 0 0
1.91095e+08 4.56583e+34 4.56583e+34 5.20255e+34 5.20255e+34 5.20255e+34 9.99e+33 1.42061e+35 0 0 4.64348e+42 89.5488 0 0
2.20673e+08 3.5786e+34 3.5786e+34 4.08229e+34 4.08229e+34 4.08229e+34 8.21734e+33 1.04642e+35 0 0 4.64348e+42 78.6701 0 0
2.5483e+08 2.77522e+34 2.77522e+34 3.17037e+34 3.17037e+34 3.17037e+34 6.62417e+33 7.63509e+34 0 0 4.64348e+42 69.113 0 0
2.94273e+08 2.12659e+34 2.12659e+34 2.43349e+34 2.43349e+34 2.43349e+34 5.23176e+33 5.5186e+34 0 0 4.64348e+42 60.7169 0 0
3.39821e+08 1.59084e+34 1.59084e+34 1.82392e+34 1.82392e+34 1.82392e+34 3.97722e+33 3.91304e+34 0 0 4.64348e+42 55.6941 0 0
3.92419e+08 1.19172e+34 1.19172e+34 1.36924e+34 1.36924e+34 1.36924e+34 3.03368e+33 2.83885e+34 0 0 4.64348e+42 53.3408 0 0
4.53158e+08 8.85113e+33 8.85113e+33 1.01932e+34 1.01932e+34 1.01932e+34 2.28603e+33 2.05258e+34 0 0 4.64348e+42 51.0869 0 0
5.23299e+08 6.49392e+33 6.49392e+33 7.49723e+33 7.49723e+33 7.49723e+33 1.69276e+33 1.47928e+34 0 0 4.64348e+42 48.9282 0 0
6.04296e+08 4.72994e+33 4.72994e+33 5.47514e+33 5.47514e+33 5.47514e+33 1.24175e+33 1.05487e+34 0 0 4.64348e+42 46.8608 0 0
6.97831e+08 3.47418e+33 3.47418e+33 4.03269e+33 4.03269e+33 4.03269e+33 9.2526e+32 7.691e+33 0 0 4.64348e+42 44.8807 0 0
8.05842e+08 2.53912e+33 2.53912e+33 2.95584e+33 2.95584e+33 2.95584e+33 6.85862e+32 5.59939e+33 0 0 4.64348e+42 42.9843 0 0
9.30572e+08 1.84426e+33 1.84426e+33 2.15337e+33 2.15337e+33 2.15337e+33 5.0495e+32 4.06728e+33 0 0 4.64348e+42 41.168 0 0
1.07461e+09 1.32568e+33 1.32568e+33 1.55267e+33 1.55267e+33 1.55267e+33 3.66885e+32 2.91129e+33 0 0 4.64348e+42 41.3164 0 0
1.24094e+09 9.64623e+32 9.64623e+32 1.13338e+33 1.13338e+33 1.13338e+33 2.726e+32 2.13363e+33 0 0 4.64348e+42 43.4507 0 0
1.43301e+09 7.01173e+32 7.01173e+32 8.26518e+32 8.26518e+32 8.26518e+32 2.02845e+32 1.55931e+33 0 0 4.64348e+42 45.6954 0 0
1.65482e+09 5.0755e+32 5.0755e+32 6.00267e+32 6.00267e+32 6.00267e+32 1.50423e+32 1.13595e+33 0 0 4.64348e+42 48.0559 0 0
1.91095e+09 3.63711e+32 3.63711e+32 4.31605e+32 4.31605e+32 4.31605e+32 1.10177e+32 8.13346e+32 0 0 4.64348e+42 50.5385 0 0
2.20673e+09 2.637e+32 2.637e+32 3.13999e+32 3.13999e+32 3.13999e+32 8.23857e+31 5.97137e+32 0 0 4.64348e+42 53.1492 0 0
2.5483e+09 1.90452e+32 1.90452e+32 2.27573e+32 2.27573e+32 2.27573e+32 6.14145e+31 4.3709e+32 0 0 4.64348e+42 55.8949 0 0
2.94273e+09 1.36746e+32 1.36746e+32 1.64024e+32 1.64024e+32 1.64024e+32 4.55355e+31 3.18841e+32 0 0 4.64348e+42 58.7824 0 0
3.39821e+09 9.61646e+31 9.61646e+31 1.161e+32 1.161e+32 1.161e+32 3.30498e+31 2.28558e+32 0 0 4.64348e+42 61.819 0 0
3.92419e+09 6.58287e+31 6.58287e+31 8.14274e+31 8.14274e+31 8.14274e+31 2.42758e+31 1.67813e+32 0 0 4.64348e+42 65.0125 0 0
4.53158e+09 3.7133e+31 3.7133e+31 5.14439e+31 5.14439e+31 5.14439e+31 1.75262e+31 1.22738e+32 0 0 4.64348e+42 68.371 0 0
5.23299e+09 1.12972e+31 1.12972e+31 2.47945e+31 2.47945e+31 2.47945e+31 1.26703e+31 8.93747e+31 0 0 4.64348e+42 71.903 0 0
6.04296e+09 8.27819e+29 8.27819e+29 8.4497e+30 8.4497e+30 8.4497e+30 9.0965e+30 6.39995e+31 0 0 4.64348e+42 75.6175 0 0
6.97831e+09 3.44165e+27 3.44165e+27 2.52368e+30 2.52368e+30 2.52368e+30 6.7551e+30 4.68987e+31 0 0 4.64348e+42 79.5238 0 0
8.05842e+09 4.31771e+22 4.31771e+22 7.69888e+29 7.69888e+29 7.69888e+29 5.01417e+30 3.42634e+31 0 0 4.64348e+42 83.6319 0 0
9.30572e+09 1.49719e+13 1.49719e+13 2.55443e+29 2.55443e+29 2.55443e+29 3.70149e+30 2.49551e+31 0 0 4.64348e+42 87.9523 0 0
1.07461e+10 0.000321223 0.000321223 9.23903e+28 9.23903e+28 9.23903e+28 2.68303e+30 1.79132e+31 0 0 4.64348e+42 98.6841 0 0
1.24094e+10 6.76424e-31 6.76424e-31 3.7296e+28 3.7296e+28 3.7296e+28 1.9848e+30 1.31632e+31 0 0 4.64348e+42 118.133 0 0
1.43301e+10 6.04124e-70 6.04124e-70 1.63152e+28 1.63152e+28 1.63152e+28 1.45897e+30 9.64627e+30 0 0 4.64348e+42 141.416 0 0
1.65482e+10 1.18187e-122 1.18187e-122 7.67371e+27 7.67371e+27 7.67371e+27 1.06897e+30 7.04549e+30 0 0 4.64348e+42 169.286 0 0
1.91095e+10 7.64169e-189 7.64169e-189 3.79287e+27 3.79287e+27 3.79287e+27 7.67631e+29 5.05413e+30 0 0 4.64348e+42 202.65 0 0
2.20673e+10 9.39641e-267 9.39641e-267 2.02238e+27 2.02238e+27 2.02238e+27 5.64518e+29 3.71406e+30 0 0 4.64348e+42 242.59 34.7254 0
2.5483e+10 0 0 1.13005e+27 1.13005e+27 1.13005e+27 4.13645e+29 2.71943e+30 0 0 4.64348e+42 290.4 22.9578 0
2.94273e+10 0 0 6.57568e+26 6.57568e+26 6.57568e+26 3.02105e+29 1.98358e+30 0 0 4.64348e+42 347.634 15.5417 0
3.39821e+10 0 0 3.90583e+26 3.90583e+26 3.90583e+26 2.16179e+29 1.41842e+30 0 0 4.64348e+42 416.147 10.7604 0
3.92419e+10 0 0 2.45402e+26 2.45402e+26 2.45402e+26 1.59109e+29 1.04169e+30 0 0 4.64348e+42 498.164 7.61059 0
4.53158e+10 0 0 1.58398e+26 1.58398e+26 1.58398e+26 1.16815e+29 7.62951e+29 0 0 4.64348e+42 596.344 5.49245 0
5.23299e+10 0 0 1.04726e+26 1.04726e+26 1.04726e+26 8.56053e+28 5.57085e+29 0 0 4.64348e+42 713.875 4.04008 0
6.04296e+10 0 0 6.97186e+25 6.97186e+25 6.97186e+25 6.16103e+28 3.98691e+29 0 0 4.64348e+42 854.569 3.02568 0
6.97831e+10 0 0 4.85007e+25 4.85007e+25 4.85007e+25 4.55751e+28 2.93415e+29 0 0 4.64348e+42 1022.99 2.3047 0
8.05842e+10 0 0 3.42678e+25 3.42678e+25 3.42678e+25 3.36143e+28 2.15391e+29 0 0 4.64348e+42 1224.61 1.78376 0
9.30572e+10 0 0 2.45401e+25 2.45401e+25 2.45401e+25 2.47186e+28 1.57624e+29 0 0 4.64348e+42 1465.96 1.40144 0
1.07461e+11 0 0 1.74968e+25 1.74968e+25 1.74968e+25 1.78053e+28 1.12938e+29 0 0 4.64348e+42 1754.88 1.11671 0
1.24094e+11 0 0 1.29323e+25 1.29323e+25 1.29323e+25 1.3159e+28 8.32031e+28 0 0 4.64348e+42 2100.74 0.901709 0
1.43301e+11 0 0 9.636e+24 9.636e+24 9.636e+24 9.68848e+27 6.11129e+28 0 0 4.64348e+42 2514.76 0.737233 0
1.65482e+11 0 0 7.22575e+24 7.22575e+24 7.22575e+24 7.10324e+27 4.47274e+28 0 0 4.64348e+42 3010.38 0.609868 0
1.91095e+11 0 0 5.36029e+24 5.36029e+24 5.36029e+24 5.09783e+27 3.20213e+28 0 0 4.64348e+42 3603.69 0.510106 0
2.20673e+11 0 0 4.10866e+24 4.10866e+24 4.10866e+24 3.75675e+27 2.3576e+28 0 0 4.64348e+42 4313.92 0.431129 0
2.5483e+11 0 0 3.16186e+24 3.16186e+24 3.16186e+24 2.75872e+27 1.73029e+28 0 0 4.64348e+42 5164.13 0.367983 0
2.94273e+11 0 0 2.44073e+24 2.44073e+24 2.44073e+24 2.01853e+27 1.26523e+28 0 0 4.64348e+42 6181.9 0.317029 0
3.39821e+11 0 0 1.85777e+24 1.85777e+24 1.85777e+24 1.44641e+27 9.04644e+27 0 0 4.64348e+42 0 0.275565 0
3.92419e+11 0 0 1.45815e+24 1.45815e+24 1.45815e+24 1.06495e+27 6.65388e+27 0 0 4.64348e+42 0 0.241562 0
4.53158e+11 0 0 1.14594e+24 1.14594e+24 1.14594e+24 7.81411e+26 4.87804e+27 0 0 4.64348e+42 0 0.213483 0
5.23299e+11 0 0 9.01031e+23 9.01031e+23 9.01031e+23 5.71306e+26 3.56262e+27 0 0 4.64348e+42 0 0.190154 0
6.04296e+11 0 0 6.96446e+23 6.96446e+23 6.96446e+23 4.08849e+26 2.54317e+27 0 0 4.64348e+42 0 0.170669 0
6.97831e+11 0 0 5.5424e+23 5.5424e+23 5.5424e+23 3.00731e+26 1.86799e+27 0 0 4.64348e+42 0 0.154323 0
8.05842e+11 0 0 4.40668e+23 4.40668e+23 4.40668e+23 2.20434e+26 1.36737e+27 0 0 4.64348e+42 0 0.140565 0
9.30572e+11 0 0 3.49808e+23 3.49808e+23 3.49808e+23 1.60985e+26 9.96976e+26 0 0 4.64348e+42 0 0.12896 0
1.07461e+12 0 0 2.72251e+23 2.72251e+23 2.72251e+23 1.1502e+26 7.10157e+26 0 0 4.64348e+42 0 0.119166 0
1.24094e+12 0 0 2.17838e+23 2.17838e+23 2.17838e+23 8.44916e+25 5.20627e+26 0 0 4.64348e+42 0 0.110908 0
1.43301e+12 3.68474e-274 3.68474e-274 1.73757e+23 1.73757e+23 1.73757e+23 6.18433e+25 3.80305e+26 0 0 4.64348e+42 0 0.103969 0
1.65482e+12 2.42857e-246 2.42857e-246 1.38047e+23 1.38047e+23 1.38047e+23 4.50938e+25 2.76645e+26 0 0 4.64348e+42 0 0.098177 0
1.91095e+12 9.9683e-221 9.96831e-221 1.07201e+23 1.07201e+23 1.07201e+23 3.21508e+25 1.96479e+26 0 0 4.64348e+42 0 0.0933933 0
2.20673e+12 3.3182e-197 3.31821e-197 8.53981e+22 8.53981e+22 8.53981e+22 2.35741e+25 1.43661e+26 0 0 4.64348e+42 0 0.0895108 0
2.5483e+12 1.10923e-175 1.10923e-175 6.76048e+22 6.76048e+22 6.76048e+22 1.72204e+25 1.04635e+26 0 0 4.64348e+42 0 0.0864461 0
2.94273e+12 4.84362e-156 4.84362e-156 5.31219e+22 5.31219e+22 5.31219e+22 1.25293e+25 7.58703e+25 0 0 4.64348e+42 0 0.0841374 0
3.39821e+12 3.56211e-138 3.56211e-138 4.0617e+22 4.0617e+22 4.0617e+22 8.90729e+24 5.36636e+25 0 0 4.64348e+42 0 0.082541 0
3.92419e+12 6.11363e-122 6.11363e-122 3.17467e+22 3.17467e+22 3.17467e+22 6.51453e+24 3.90929e+25 0 0 4.64348e+42 0 0.08163 0
4.53158e+12 3.11802e-107 3.11802e-107 2.45465e+22 2.45465e+22 2.45465e+22 4.74549e+24 2.83577e+25 0 0 4.64348e+42 0 0.0813928 0
5.23299e+12 6.16881e-94 6.16882e-94 1.87488e+22 1.87488e+22 1.87488e+22 3.44219e+24 2.04702e+25 0 0 4.64348e+42 0 0.0818329 0
6.04296e+12 6.00542e-82 6.00542e-82 1.38573e+22 1.38573e+22 1.38573e+22 2.43735e+24 1.43959e+25 0 0 4.64348e+42 0 0.0829683 0
6.97831e+12 3.87523e-71 3.87523e-71 1.04308e+22 1.04308e+22 1.04308e+22 1.77625e+24 1.04333e+25 0 0 4.64348e+42 0 0.0848322 0
8.05842e+12 2.02545e-61 2.02545e-61 7.73434e+21 7.73434e+21 7.73434e+21 1.28885e+24 7.52566e+24 0 0 4.64348e+42 0 0.0874729 0
9.30572e+12 1.06751e-52 1.06751e-52 5.64533e+21 5.64533e+21 5.64533e+21 9.30868e+23 5.39881e+24 0 0 4.64348e+42 0 0.0909553 0
1.07461e+13 6.8255e-45 6.8255e-45 3.97334e+21 3.97334e+21 3.97334e+21 6.5545e+23 3.76647e+24 0 0 4.64348e+42 0 0.0953611 0
1.24094e+13 6.76741e-38 6.76742e-38 2.84747e+21 2.84747e+21 2.84747e+21 4.75293e+23 2.71039e+24 0 0 4.64348e+42 0 0.10079 0
1.43301e+13 1.20118e-31 1.20118e-31 2.00983e+21 2.00983e+21 2.00983e+21 3.42995e+23 1.93988e+24 0 0 4.64348e+42 0 0.10736 0
1.65482e+13 4.49461e-26 4.49462e-26 1.3978e+21 1.3978e+21 1.3978e+21 2.46236e+23 1.37977e+24 0 0 4.64348e+42 0 0.115206 0
1.91095e+13 4.03377e-21 4.03378e-21 9.38213e+20 9.38213e+20 9.38213e+20 1.72037e+23 9.51983e+23 0 0 4.64348e+42 0 0.12448 0
2.20673e+13 1.05548e-16 1.05549e-16 6.44088e+20 6.44088e+20 6.44088e+20 1.23888e+23 6.78406e+23 0 0 4.64348e+42 0 0.135345 0
2.5483e+13 8.81932e-13 8.81935e-13 4.37016e+20 4.37016e+20 4.37016e+20 8.8726e+22 4.80401e+23 0 0 4.64348e+42 0 0.147968 0
2.94273e+13 2.63947e-09 2.63949e-09 2.93268e+20 2.93268e+20 2.93268e+20 6.31676e+22 3.37727e+23 0 0 4.64348e+42 0 0.162507 0
3.39821e+13 3.06861e-06 3.06863e-06 1.90308e+20 1.90308e+20 1.90308e+20 4.3656e+22 2.2948e+23 0 0 4.64348e+42 0 0.179093 0
3.92419e+13 0.00161965 0.00161966 1.27043e+20 1.27043e+20 1.27043e+20 3.11382e+22 1.6138e+23 0 0 4.64348e+42 0 0.197804 0
4.53158e+13 0.40731 0.407315 8.40907e+19 8.40907e+19 8.40907e+19 2.20681e+22 1.12639e+23 0 0 4.64348e+42 0 0.218621 0
5.23299e+13 52.7181 52.7189 5.5201e+19 5.5201e+19 5.5201e+19 1.55317e+22 7.79438e+22 0 0 4.64348e+42 0 0.241387 0
6.04296e+13 3669.15 3669.22 3.50308e+19 3.50308e+19 3.50308e+19 1.05737e+22 5.18634e+22 0 0 4.64348e+42 0 0.265741 0
6.97831e+13 156317 156321 2.29809e+19 2.29809e+19 2.29809e+19 7.44345e+21 3.58261e+22 0 0 4.64348e+42 0 0.291055 0
8.05842e+13 4.14139e+06 4.14149e+06 1.4967e+19 1.4967e+19 1.4967e+19 5.20011e+21 2.45239e+22 0 0 4.64348e+42 0 0.316368 0
9.30572e+13 7.17466e+07 7.17489e+07 9.67427e+18 9.67427e+18 9.67427e+18 3.60282e+21 1.66128e+22 0 0 4.64348e+42 0 0.340344 0
1.07461e+14 8.25632e+08 8.25664e+08 6.02463e+18 6.02463e+18 6.02463e+18 2.40219e+21 1.07417e+22 0 0 4.64348e+42 0 0 0
1.24094e+14 7.08374e+09 7.08414e+09 3.8956e+18 3.8956e+18 3.8956e+18 1.66102e+21 7.2442e+21 0 0 4.64348e+42 0 0 0
1.43301e+14 4.49118e+10 4.49164e+10 2.4996e+18 2.4996e+18 2.4996e+18 1.13795e+21 4.83128e+21 0 0 4.64348e+42 0 0 0
1.65482e+14 2.17219e+11 2.17264e+11 1.59036e+18 1.59036e+18 1.59036e+18 7.71713e+20 3.18087e+21 0 0 4.64348e+42 0 0 0
1.91095e+14 7.96405e+11 7.96747e+11 9.68457e+17 9.68457e+17 9.68457e+17 4.99944e+20 1.97754e+21 0 0 4.64348e+42 0 0 0
2.20673e+14 2.47686e+12 2.47895e+12 6.15449e+17 6.15449e+17 6.15449e+17 3.37365e+20 1.29151e+21 0 0 4.64348e+42 0 0 0
2.5483e+14 6.34766e+12 6.35737e+12 3.87431e+17 3.87431e+17 3.87431e+17 2.25053e+20 8.31848e+20 0 0 4.64348e+42 0 0 0
2.94273e+14 1.36701e+13 1.37052e+13 2.41339e+17 2.41339e+17 2.41339e+17 1.48248e+20 5.27251e+20 0 0 4.64348e+42 0 0 0
3.39821e+14 2.4112e+13 2.42086e+13 1.42351e+17 1.42351e+17 1.42351e+17 9.22663e+19 3.10521e+20 0 0 4.64348e+42 0 0 0
3.92419e+14 3.93047e+13 3.95345e+13 8.82473e+16 8.82473e+16 8.82473e+16 6.02275e+19 1.94282e+20 0 0 4.64348e+42 0 0 0
4.53158e+14 5.64644e+13 5.69195e+13 5.40329e+16 5.40329e+16 5.40329e+16 3.87448e+19 1.19452e+20 0 0 4.64348e+42 0 0 0
5.23299e+14 7.23276e+13 7.30916e+13 3.2631e+16 3.2631e+16 3.2631e+16 2.45299e+19 7.19707e+19 0 0 4.64348e+42 0 0 0
6.04296e+14 7.89073e+13 7.99524e+13 1.835e+16 1.835e+16 1.835e+16 1.44294e+19 3.9313e+19 0 0 4.64348e+42 0 0 0
6.97831e+14 8.4533e+13 8.58837e+13 1.09641e+16 1.09641e+16 1.09641e+16 8.99942e+18 2.32254e+19 0 0 4.64348e+42 0 0 0
8.05842e+14 8.30713e+13 8.46193e+13 6.44255e+15 6.44255e+15 6.44255e+15 5.50795e+18 1.3422e+19 0 0 4.64348e+42 0 0 0
9.30572e+14 7.53719e+13 7.69621e+13 3.71658e+15 3.71658e+15 3.71658e+15 3.30251e+18 7.5593e+18 0 0 4.64348e+42 0 0 0
1.07461e+15 5.87432e+13 6.01103e+13 1.94419e+15 1.94419e+15 1.94419e+15 1.79175e+18 3.7136e+18 0 0 4.64348e+42 0 0 0
1.24094e+15 4.72037e+13 4.83878e+13 1.09985e+15 1.09985e+15 1.09985e+15 1.04915e+18 2.0318e+18 0 0 4.64348e+42 0 0 0
1.43301e+15 3.55444e+13 3.64862e+13 6.08099e+14 6.08099e+14 6.08099e+14 5.99186e+17 1.08116e+18 0 0 4.64348e+42 0 0 0
1.65482e+15 2.51597e+13 2.58514e+13 3.27988e+14 3.27988e+14 3.27988e+14 3.33168e+17 5.56744e+17 0 0 4.64348e+42 0 0 0
1.91095e+15 1.49673e+13 1.53875e+13 1.53616e+14 1.53616e+14 1.53616e+14 1.60543e+17 2.34959e+17 0 0 4.64348e+42 0 0 0
2.20673e+15 9.63734e+12 9.90971e+12 8.01485e+13 8.01485e+13 8.01485e+13 8.60196e+16 1.15955e+17 0 0 4.64348e+42 0 0 0
2.5483e+15 5.85863e+12 6.02325e+12 4.04954e+13 4.04954e+13 4.04954e+13 4.45505e+16 5.52683e+16 0 0 4.64348e+42 0 0 0
2.94273e+15 3.36915e+12 3.46222e+12 1.97934e+13 1.97934e+13 1.97934e+13 2.22799e+16 2.52736e+16 0 0 4.64348e+42 0 0 0
3.39821e+15 1.53343e+12 1.57466e+12 7.80957e+12 7.80957e+12 7.80957e+12 8.97823e+15 8.53293e+15 0 0 4.64348e+42 0 0 0
3.92419e+15 8.04182e+11 8.25043e+11 3.61276e+12 3.61276e+12 3.61276e+12 4.23512e+15 3.65942e+15 0 0 4.64348e+42 0 0 0
4.53158e+15 3.96339e+11 4.06179e+11 1.59492e+12 1.59492e+12 1.59492e+12 1.90333e+15 1.50366e+15 0 0 4.64348e+42 0 0 0
5.23299e+15 1.84206e+11 1.88552e+11 6.73044e+11 6.73044e+11 6.73044e+11 8.16339e+14 5.87297e+14 0 0 4.64348e+42 0 0 0
6.04296e+15 6.047e+10 6.18172e+10 2.03018e+11 2.03018e+11 2.03018e+11 2.49852e+14 1.4075e+14 0 0 4.64348e+42 0 0 0
6.97831e+15 2.51305e+10 2.56561e+10 7.83476e+10 7.83476e+10 7.83476e+10 9.76998e+13 4.94546e+13 0 0 4.64348e+42 0 0 0
8.05842e+15 9.61223e+09 9.80004e+09 2.80876e+10 2.80876e+10 2.80876e+10 3.54382e+13 1.65152e+13 0 0 4.64348e+42 0 0 0
9.30572e+15 3.40097e+09 3.46275e+09 9.39114e+09 9.39114e+09 9.39114e+09 1.19716e+13 5.23807e+12 0 0 4.64348e+42 0 0 0
1.07461e+16 7.10647e+08 7.22601e+08 1.86781e+09 1.86781e+09 1.86781e+09 2.40215e+12 7.22138e+11 0 0 4.64348e+42 0 0 0
1.24094e+16 2.16531e+08 2.19891e+08 5.45168e+08 5.45168e+08 5.45168e+08 7.06462e+11 1.87047e+11 0 0 4.64348e+42 0 0 0
1.43301e+16 5.78856e+07 5.87113e+07 1.40395e+08 1.40395e+08 1.40395e+08 1.83085e+11 4.51755e+10 0 0 4.64348e+42 0 0 0
1.65482e+16 1.33487e+07 1.35232e+07 3.13429e+07 3.13429e+07 3.13429e+07 4.10744e+10 1.0566e+10 0 0 4.64348e+42 0 0 0
1.91095e+16 1.4364e+06 1.45357e+06 3.27938e+06 3.27938e+06 3.27938e+06 4.31524e+09 6.36779e+08 0 0 4.64348e+42 0 0 0
2.20673e+16 272645 275616 607572 607572 607572 8.01729e+08 1.00681e+08 0 0 4.64348e+42 0 0 0
2.5483e+16 41779 42193.1 91182.6 91182.6 91182.6 1.20531e+08 1.37788e+07 0 0 4.64348e+42 0 0 0
2.94273e+16 4750.84 4793.58 10185.3 10185.3 10185.3 1.34734e+07 1.8444e+06 0 0 4.64348e+42 0 0 0
3.39821e+16 174.12 175.539 367.654 367.654 367.654 486226 36537.1 0 0 4.64348e+42 0 0 0
3.92419e+16 14.9537 15.0639 31.1696 31.1696 31.1696 41174.3 2548.51 0 0 4.64348e+42 0 0 0
4.53158e+16 0.887806 0.893712 1.83052 1.83052 1.83052 2413.14 127.215 0 0 4.64348e+42 0 0 0
5.23299e+16 0.0333331 0.033533 0.0681055 0.0681055 0.0681055 89.5222 5.33295 0 0 4.64348e+42 0 0 0
6.04296e+16 0.000199057 0.000200131 0.000403661 0.000403661 0.000403661 0.528618 0.0216501 0 0 4.64348e+42 0 0 0
6.97831e+16 4.33278e-06 4.35381e-06 8.73256e-06 8.73256e-06 8.73256e-06 0.0113836 0.000384728 0 0 4.64348e+42 0 0 0
8.05842e+16 4.17058e-08 4.18875e-08 8.36438e-08 8.36438e-08 8.36438e-08 0.000108452 2.99755e-06 0 0 4.64348e+42 0 0 0
9.30572e+16 0 0 0 0 0 0 0 0 0 4.64348e+42 0 0 0