
1.07461e-07 0 0 2.24459e-36 6.5818e+49 2.58287e+59 7.93847e+57 0 1.07716e+43 0 4.64348e+42 0 0 0
1.24094e-07 0 0 7.24639e-25 7.44174e+49 2.29762e+59 7.08394e+57 0 1.24389e+43 0 4.64348e+42 0 0 0
1.43301e-07 0 0 6.8018e-15 8.39437e+49 2.03905e+59 6.30854e+57 0 1.43642e+43 0 4.64348e+42 0 0 0
1.65482e-07 0 0 2.98091e-06 9.44461e+49 1.80486e+59 5.60536e+57 0 1.65875e+43 0 4.64348e+42 0 0 0
1.91095e-07 0 0 91.9199 1.05963e+50 1.59298e+59 4.96816e+57 0 1.9155e+43 0 4.64348e+42 0 0 0
2.20673e-07 0 0 2.84462e+08 1.18516e+50 1.40155e+59 4.3913e+57 0 2.21198e+43 0 4.64348e+42 0 0 0
2.5483e-07 0 0 1.20149e+14 1.32112e+50 1.22888e+59 3.86968e+57 0 2.55436e+43 0 4.64348e+42 0 0 0
2.94273e-07 0 0 9.0387e+18 1.4673e+50 1.07347e+59 3.39873e+57 0 2.94973e+43 0 4.64348e+42 0 0 0
3.39821e-07 0 0 1.52506e+23 1.62327e+50 9.33929e+58 2.9743e+57 0 3.40629e+43 0 4.64348e+42 0 0 0
3.92419e-07 0 0 7.04586e+26 1.78831e+50 8.09035e+58 2.59267e+57 0 3.93352e+43 0 4.64348e+42 0 0 0
4.53158e-07 0 0 1.05952e+30 1.96146e+50 6.97663e+58 2.25047e+57 0 4.54236e+43 0 4.64348e+42 0 0 0
5.23299e-07 0 0 6.02326e+32 2.14159e+50 5.98788e+58 1.94467e+57 0 5.24544e+43 0 4.64348e+42 0 0 0
6.04296e-07 0 0 1.47379e+35 2.32752e+50 5.11469e+58 1.67248e+57 0 6.05734e+43 0 4.64348e+42 0 0 0
6.97831e-07 0 0 1.7369e+37 2.51824e+50 4.34827e+58 1.43137e+57 0 6.99491e+43 0 4.64348e+42 0 0 0
8.05842e-07 0 0 1.08704e+39 2.7132e+50 3.68034e+58 1.21901e+57 0 8.07759e+43 0 4.64348e+42 0 0 0
9.30572e-07 0 0 3.93281e+40 2.91274e+50 3.10292e+58 1.0332e+57 0 9.32786e+43 0 4.64348e+42 0 0 0
1.07461e-06 0 0 8.85581e+41 3.11852e+50 2.60823e+58 8.71843e+56 0 1.07716e+44 0 4.64348e+42 0 0 0
1.24094e-06 0 0 1.32378e+43 3.33405e+50 2.18854e+58 7.32925e+56 0 1.24389e+44 0 4.64348e+42 0 0 0
1.43301e-06 0 0 1.38976e+44 3.56513e+50 1.8361e+58 6.14456e+56 0 1.43642e+44 0 4.64348e+42 0 0 0
1.65482e-06 0 0 1.07645e+45 3.82012e+50 1.5431e+58 5.14447e+56 0 1.65875e+44 0 4.64348e+42 0 0 0
1.91095e-06 0 0 6.42191e+45 4.10997e+50 1.30173e+58 4.30903e+56 0 1.9155e+44 0 4.64348e+42 0 0 0
2.20673e-06 0 0 3.06315e+46 4.44778e+50 1.1043e+58 3.61813e+56 0 2.21198e+44 0 4.64348e+42 0 0 0
2.5483e-06 0 0 1.20625e+47 4.84795e+50 9.43359e+57 3.05174e+56 0 2.55436e+44 0 4.64348e+42 0 0 0
2.94273e-06 0 0 4.02974e+47 5.32498e+50 8.11986e+57 2.59025e+56 0 2.94973e+44 0 4.64348e+42 0 0 0
3.39821e-06 0 0 1.16833e+48 5.89218e+50 7.03977e+57 2.21496e+56 0 3.40629e+44 0 4.64348e+42 0 0 0
3.92419e-06 0 0 2.99571e+48 6.5607e+50 6.1405e+57 1.90871e+56 0 3.93352e+44 0 4.64348e+42 0 0 0
4.53158e-06 0 0 6.90101e+48 7.33938e+50 5.37959e+57 1.65642e+56 0 4.54236e+44 0 4.64348e+42 0 0 0
5.23299e-06 0 0 1.44743e+49 8.23548e+50 4.72489e+57 1.44556e+56 0 5.24544e+44 0 4.64348e+42 0 0 0
6.04296e-06 0 0 2.79638e+49 9.2564e+50 4.15354e+57 1.26627e+56 0 6.05734e+44 0 4.64348e+42 0 0 0
6.97831e-06 0 0 5.02792e+49 1.04117e+51 3.65002e+57 1.11131e+56 0 6.9949e+44 0 4.64348e+42 0 0 0
8.05842e-06 0 0 8.49212e+49 1.17149e+51 3.20406e+57 9.75631e+55 0 8.07759e+44 0 4.64348e+42 0 0 0
9.30572e-06 0 0 1.35871e+50 1.31852e+51 2.80859e+57 8.55873e+55 0 9.32785e+44 0 4.64348e+42 0 0 0
1.07461e-05 0 0 2.07488e+50 1.48479e+51 2.45831e+57 7.49802e+55 0 1.07716e+45 0 4.64348e+42 0 0 0
1.24094e-05 0 0 3.04446e+50 1.6735e+51 2.14883e+57 6.55847e+55 0 1.24389e+45 0 4.64348e+42 0 0 0
1.43301e-05 0 0 4.31744e+50 1.8886e+51 1.87613e+57 5.72784e+55 0 1.43642e+45 0 4.64348e+42 0 0 0
1.65482e-05 0 0 5.9477e+50 2.1348e+51 1.63651e+57 4.99552e+55 0 1.65875e+45 0 4.64348e+42 0 0 0
1.91095e-05 0 0 7.99427e+50 2.41766e+51 1.42641e+57 4.35177e+55 0 1.9155e+45 0 4.64348e+42 0 0 0
2.20673e-05 0 0 1.05229e+51 2.74367e+51 1.24253e+57 3.78739e+55 0 2.21198e+45 0 4.64348e+42 0 0 0
2.5483e-05 0 0 1.36079e+51 3.12035e+51 1.08176e+57 3.29367e+55 0 2.55435e+45 0 4.64348e+42 0 0 0
2.94273e-05 0 0 1.73346e+51 3.55647e+51 9.41289e+56 2.86245e+55 0 2.94972e+45 0 4.64348e+42 0 0 0
3.39821e-05 0 0 2.18029e+51 4.06242e+51 8.18569e+56 2.48619e+55 0 3.40628e+45 0 4.64348e+42 0 0 0
3.92419e-05 0 0 2.71311e+51 4.65064e+51 7.11357e+56 2.15804e+55 0 3.93351e+45 0 4.64348e+42 0 0 0
4.53158e-05 0 0 3.34626e+51 5.33622e+51 6.17696e+56 1.87188e+55 0 4.54235e+45 0 4.64348e+42 0 0 0
5.23299e-05 0 0 4.09711e+51 6.13743e+51 5.35889e+56 1.62235e+55 0 5.24542e+45 0 4.64348e+42 0 0 0
6.04296e-05 0 0 4.98674e+51 7.07622e+51 4.64466e+56 1.40478e+55 0 6.05731e+45 0 4.64348e+42 0 0 0
6.97831e-05 0 0 6.0405e+51 8.17873e+51 4.02143e+56 1.21516e+55 0 6.99487e+45 0 4.64348e+42 0 0 0
8.05842e-05 0 0 7.28869e+51 9.47593e+51 3.47801e+56 1.04998e+55 0 8.07755e+45 0 4.64348e+42 0 0 0
9.30572e-05 0 0 8.76757e+51 1.10046e+52 3.00451e+56 9.06204e+54 0 9.3278e+45 0 4.64348e+42 0 0 0
0.000107461 0 0 1.05206e+52 1.28088e+52 2.59226e+56 7.81151e+54 0 1.07716e+46 0 4.64348e+42 0 0 0
0.000124094 0 0 1.26001e+52 1.49412e+52 2.23365e+56 6.72478e+54 0 1.24388e+46 0 4.64348e+42 0 0 0
0.000143301 0 0 1.50689e+52 1.74651e+52 1.92199e+56 5.78127e+54 0 1.43641e+46 0 4.64348e+42 0 0 0
0.000165482 0 0 1.8002e+52 2.04561e+52 1.6514e+56 4.9629e+54 0 1.65873e+46 0 4.64348e+42 0 0 0
0.000191095 0 0 2.14894e+52 2.40042e+52 1.41674e+56 4.25385e+54 0 1.91547e+46 0 4.64348e+42 0 0 0
0.000220673 0 0 2.56385e+52 2.82171e+52 1.21347e+56 3.64023e+54 0 2.21195e+46 0 4.64348e+42 0 0 0
0.00025483 0 0 3.05776e+52 3.32235e+52 1.03761e+56 3.10987e+54 0 2.55431e+46 0 4.64348e+42 0 0 0
0.000294273 0 0 3.64606e+52 3.91772e+52 8.85687e+55 2.65209e+54 0 2.94967e+46 0 4.64348e+42 0 0 0
0.000339821 0 0 4.34709e+52 4.62622e+52 7.54621e+55 2.25753e+54 0 3.40621e+46 0 4.64348e+42 0 0 0
0.000392419 0 0 5.18283e+52 5.4698e+52 6.41725e+55 1.91798e+54 0 3.93341e+46 0 4.64348e+42 0 0 0
0.000453158 0 0 6.17957e+52 6.47479e+52 5.44638e+55 1.62624e+54 0 4.54222e+46 0 4.64348e+42 0 0 0
0.000523299 0 0 7.36874e+52 7.67263e+52 4.61291e+55 1.37603e+54 0 5.24524e+46 0 4.64348e+42 0 0 0
0.000604296 0 0 8.78802e+52 9.10101e+52 3.89869e+55 1.16181e+54 0 6.05708e+46 0 4.64348e+42 0 0 0
0.000697831 0 0 1.04826e+53 1.08051e+53 3.28782e+55 9.78771e+53 0 6.99456e+46 0 4.64348e+42 0 0 0
0.000805842 0 0 1.25065e+53 1.28391e+53 2.76639e+55 8.22683e+53 0 8.07712e+46 0 4.64348e+42 0 0 0
0.000930572 0 0 1.49249e+53 1.5268e+53 2.32224e+55 6.89861e+53 0 9.32723e+46 0 4.64348e+42 0 0 0
0.00107461 0 0 1.78159e+53 1.81699e+53 1.94474e+55 5.77086e+53 0 1.07708e+47 0 4.64348e+42 0 0 0
0.00124094 0 0 2.12734e+53 2.16391e+53 1.62463e+55 4.81554e+53 0 1.24378e+47 0 4.64348e+42 0 0 0
0.00143301 0 0 2.54109e+53 2.57887e+53 1.35381e+55 4.00822e+53 0 1.43627e+47 0 4.64348e+42 0 0 0
0.00165482 0 0 3.0365e+53 3.07556e+53 1.12526e+55 3.32765e+53 0 1.65856e+47 0 4.64348e+42 0 0 0
0.00191095 0 0 3.63009e+53 3.67048e+53 9.32868e+54 2.75542e+53 0 1.91524e+47 0 4.64348e+42 0 0 0
0.00220673 0 0 4.34181e+53 4.38362e+53 7.71337e+54 2.27554e+53 0 2.21163e+47 0 4.64348e+42 0 0 0
0.0025483 0 0 5.19585e+53 5.23915e+53 6.36079e+54 1.87419e+53 0 2.55389e+47 0 4.64348e+42 0 0 0
0.00294273 0 0 6.22016e+53 6.26502e+53 5.23132e+54 1.53947e+53 0 2.9491e+47 0 4.64348e+42 0 0 0
0.00339821 0 0 7.43028e+53 7.47667e+53 4.29078e+54 1.2611e+53 0 3.40546e+47 0 4.64348e+42 0 0 0
0.00392419 0 0 8.7586e+53 8.80593e+53 3.50982e+54 1.03026e+53 0 3.93242e+47 0 4.64348e+42 0 0 0
0.00453158 0 0 9.97338e+53 1.002e+54 2.86322e+54 8.3939e+52 0 4.54088e+47 0 4.64348e+42 0 0 0
0.00523299 0 0 1.07543e+54 1.07978e+54 2.32944e+54 6.82038e+52 0 5.24347e+47 0 4.64348e+42 0 0 0
0.00604296 0 0 1.08958e+54 1.0934e+54 1.89008e+54 5.52702e+52 0 6.05471e+47 0 4.64348e+42 0 0 0
0.00697831 0 0 1.0412e+54 1.04436e+54 1.52951e+54 4.46707e+52 0 6.9914e+47 0 4.64348e+42 0 0 0
0.00805842 0 0 9.47523e+53 9.50012e+53 1.23447e+54 3.601e+52 0 8.07292e+47 0 4.64348e+42 0 0 0
0.00930572 0 0 8.3004e+53 8.31929e+53 9.93762e+53 2.8954e+52 0 9.32162e+47 0 4.64348e+42 0 0 0
0.0107461 0 0 7.06631e+53 7.08023e+53 7.97948e+53 2.32223e+52 0 1.07633e+48 0 4.64348e+42 0 0 0
0.0124094 0 0 5.89053e+53 5.90058e+53 6.39113e+53 1.85796e+52 0 1.24278e+48 0 4.64348e+42 0 0 0
0.0143301 2.08586e-239 2.08586e-239 4.83551e+53 4.84266e+53 5.1064e+53 1.48295e+52 0 1.43494e+48 7.82302e-243 4.64348e+42 0 0 0
0.0165482 3.24537e-163 3.24537e-163 3.92496e+53 3.92998e+53 4.07012e+53 1.18088e+52 0 1.65678e+48 1.29856e-166 4.64348e+42 0 0 0
0.0191095 6.302e-107 6.302e-107 3.15928e+53 3.16278e+53 3.23653e+53 9.38217e+51 0 1.91287e+48 2.71282e-110 4.64348e+42 0 0 0
0.0220673 2.37551e-65 2.37551e-65 2.52685e+53 2.52927e+53 2.56776e+53 7.43779e+51 0 2.20848e+48 1.10716e-68 4.64348e+42 0 0 0
0.025483 1.19582e-34 1.19582e-34 2.01099e+53 2.01266e+53 2.03261e+53 5.88376e+51 0 2.54968e+48 6.06438e-38 4.64348e+42 0 0 0
0.0294273 5.51761e-12 5.51761e-12 1.59404e+53 1.59519e+53 1.60545e+53 4.64476e+51 0 2.9435e+48 3.05691e-15 4.64348e+42 0 0 0
0.0339821 291500 291500 1.2593e+53 1.26008e+53 1.26534e+53 3.65926e+51 0 3.39798e+48 177.027 4.64348e+42 0 0 0
0.0392419 6.2524e+17 6.2524e+17 9.91962e+52 9.92497e+52 9.95171e+52 2.87716e+51 0 3.92244e+48 4.17429e+14 4.64348e+42 0 0 0
0.0453158 7.61088e+26 7.61088e+26 7.79344e+52 7.79707e+52 7.81062e+52 2.25785e+51 0 4.52759e+48 5.60063e+23 4.64348e+42 0 0 0
0.0523299 3.69366e+33 3.69366e+33 6.10831e+52 6.11078e+52 6.11761e+52 1.7685e+51 0 5.22574e+48 3.00307e+30 4.64348e+42 0 0 0
0.0604296 3.01927e+38 3.01927e+38 4.77676e+52 4.77843e+52 4.78185e+52 1.38262e+51 0 6.03108e+48 2.71832e+35 4.64348e+42 0 0 0
0.0697831 1.2059e+42 1.2059e+42 3.72739e+52 3.72852e+52 3.73023e+52 1.07895e+51 0 6.95989e+48 1.20486e+39 4.64348e+42 0 0 0
0.0805842 5.17072e+44 5.17072e+44 2.90245e+52 2.90321e+52 2.90406e+52 8.40437e+50 0 8.03091e+48 5.74535e+41 4.64348e+42 0 0 0
0.0930572 4.25897e+46 4.25897e+46 2.25543e+52 2.25594e+52 2.25636e+52 6.53461e+50 0 9.26563e+48 5.27359e+43 4.64348e+42 0 0 0
0.107461 1.03592e+48 1.03592e+48 1.74908e+52 1.74942e+52 1.74963e+52 5.07162e+50 0 1.06887e+49 1.43235e+45 4.64348e+42 0 0 0
0.124094 1.02247e+49 1.02247e+49 1.35366e+52 1.35389e+52 1.35399e+52 3.92903e+50 0 1.23283e+49 1.58187e+46 4.64348e+42 0 0 0
0.143301 5.17946e+49 5.17946e+49 1.04553e+52 1.04569e+52 1.04574e+52 3.03833e+50 0 1.42168e+49 8.98416e+46 4.64348e+42 0 0 0
0.165482 1.60187e+50 1.60187e+50 8.0592e+51 8.06023e+51 8.06047e+51 2.34528e+50 0 1.63911e+49 3.12152e+47 4.64348e+42 0 0 0
0.191095 3.43877e+50 3.43877e+50 6.1998e+51 6.20048e+51 6.2006e+51 1.807e+50 0 1.88932e+49 7.5432e+47 4.64348e+42 0 0 0
0.220673 5.63369e+50 5.63369e+50 4.7599e+51 4.76035e+51 4.76041e+51 1.38973e+50 0 2.1771e+49 1.39388e+48 4.64348e+42 0 0 0
0.25483 7.55497e+50 7.55497e+50 3.64719e+51 3.6475e+51 3.64752e+51 1.06685e+50 0 2.50787e+49 2.11253e+48 4.64348e+42 0 0 0
0.294273 8.73415e+50 8.73415e+50 2.78913e+51 2.78933e+51 2.78935e+51 8.17502e+49 0 2.8878e+49 2.76555e+48 4.64348e+42 0 0 0
0.339821 9.04466e+50 9.04466e+50 2.12885e+51 2.12898e+51 2.12899e+51 6.25296e+49 0 3.3238e+49 3.2492e+48 4.64348e+42 0 0 0
0.392419 8.63063e+50 8.63063e+50 1.62182e+51 1.62191e+51 1.62192e+51 4.77427e+49 0 3.82366e+49 3.52425e+48 4.64348e+42 0 0 0
0.453158 7.74943e+50 7.74943e+50 1.23331e+51 1.23336e+51 1.23337e+51 3.63887e+49 0 4.39607e+49 3.60352e+48 4.64348e+42 0 0 0
0.523299 6.64979e+50 6.64979e+50 9.36216e+50 9.36254e+50 9.36255e+50 2.76877e+49 0 5.05068e+49 3.52743e+48 4.64348e+42 0 0 0
0.604296 5.5163e+50 5.5163e+50 7.09509e+50 7.09534e+50 7.09535e+50 2.10325e+49 0 5.79814e+49 3.34361e+48 4.64348e+42 0 0 0
0.697831 4.46161e+50 4.46161e+50 5.3686e+50 5.36876e+50 5.36877e+50 1.5952e+49 0 6.65004e+49 3.09497e+48 4.64348e+42 0 0 0
0.805842 3.54074e+50 3.54074e+50 4.05636e+50 4.05647e+50 4.05647e+50 1.20809e+49 0 7.61892e+49 2.81502e+48 4.64348e+42 0 0 0
0.930572 2.77017e+50 2.77017e+50 3.06085e+50 3.06092e+50 3.06092e+50 9.13671e+48 0 8.71807e+49 2.52748e+48 4.64348e+42 0 0 0
1.07461 2.14421e+50 2.14421e+50 2.30697e+50 2.30701e+50 2.30701e+50 6.90143e+48 0 9.96134e+49 2.24775e+48 4.64348e+42 0 0 0
1.24094 1.64639e+50 1.64639e+50 1.737e+50 1.73703e+50 1.73703e+50 5.20722e+48 0 1.13628e+50 1.98496e+48 4.64348e+42 0 0 0
1.43301 1.25653e+50 1.25653e+50 1.30674e+50 1.30676e+50 1.30676e+50 3.92514e+48 0 1.29359e+50 1.74382e+48 4.64348e+42 0 0 0
1.65482 9.54685e+49 9.54685e+49 9.82394e+49 9.82406e+49 9.82406e+49 2.95634e+48 0 1.46934e+50 1.52613e+48 4.64348e+42 0 0 0
1.91095 7.22936e+49 7.22936e+49 7.38172e+49 7.38181e+49 7.38181e+49 2.22522e+48 0 1.66452e+50 1.33186e+48 4.64348e+42 0 0 0
2.20673 5.46123e+49 5.46123e+49 5.54473e+49 5.54478e+49 5.54478e+49 1.6741e+48 0 1.87977e+50 1.15991e+48 4.64348e+42 0 0 0
2.5483 4.1185e+49 4.1185e+49 4.16413e+49 4.16417e+49 4.16417e+49 1.25907e+48 0 2.11514e+50 1.00861e+48 4.64348e+42 0 0 0
2.94273 3.10235e+49 3.10235e+49 3.12722e+49 3.12724e+49 3.12724e+49 9.46788e+47 0 2.36987e+50 8.76072e+47 4.64348e+42 0 0 0
3.39821 2.33529e+49 2.33529e+49 2.34881e+49 2.34883e+49 2.34883e+49 7.11954e+47 0 2.64202e+50 7.6032e+47 4.64348e+42 0 0 0
3.92419 1.75729e+49 1.75729e+49 1.76463e+49 1.76464e+49 1.76464e+49 5.35445e+47 0 2.92813e+50 6.59462e+47 4.64348e+42 0 0 0
4.53158 1.3223e+49 1.3223e+49 1.32628e+49 1.32628e+49 1.32628e+49 4.0281e+47 0 3.22277e+50 5.71728e+47 4.64348e+42 0 0 0
5.23299 9.95177e+48 9.95177e+48 9.97334e+48 9.97338e+48 9.97338e+48 3.03157e+47 0 3.51806e+50 4.95505e+47 4.64348e+42 0 0 0
6.04296 7.49278e+48 7.49278e+48 7.50451e+48 7.50453e+48 7.50453e+48 2.28279e+47 0 3.80323e+50 4.29341e+47 4.64348e+42 0 0 0
6.97831 5.64454e+48 5.64454e+48 5.65096e+48 5.65098e+48 5.65098e+48 1.72007e+47 0 4.06425e+50 3.71947e+47 4.64348e+42 0 0 0
8.05842 4.25517e+48 4.25517e+48 4.25873e+48 4.25874e+48 4.25874e+48 1.29702e+47 0 4.28373e+50 3.22183e+47 4.64348e+42 0 0 0
9.30572 3.21038e+48 3.21038e+48 3.21239e+48 3.2124e+48 3.2124e+48 9.78845e+46 0 4.44131e+50 2.7905e+47 4.64348e+42 0 0 0
10.7461 2.42431e+48 2.42431e+48 2.42549e+48 2.4255e+48 2.4255e+48 7.39394e+46 0 4.51471e+50 2.41675e+47 4.64348e+42 0 0 0
12.4094 1.83251e+48 1.83251e+48 1.83323e+48 1.83324e+48 1.83324e+48 5.59068e+46 0 4.48189e+50 2.09294e+47 4.64348e+42 0 0 0
14.3301 1.38661e+48 1.38661e+48 1.38709e+48 1.38709e+48 1.38709e+48 4.23161e+46 0 4.32437e+50 1.81244e+47 4.64348e+42 0 0 0
16.5482 1.05036e+48 1.05036e+48 1.05069e+48 1.05069e+48 1.05069e+48 3.2064e+46 0 4.03185e+50 1.56949e+47 4.64348e+42 0 0 0
19.1095 7.96538e+47 7.96538e+47 7.96787e+47 7.96788e+47 7.96788e+47 2.43231e+46 0 3.6074e+50 1.35906e+47 4.64348e+42 0 0 0
22.0673 6.04744e+47 6.04744e+47 6.0494e+47 6.04941e+47 6.04941e+47 1.84723e+46 0 3.0719e+50 1.17682e+47 4.64348e+42 0 0 0
25.483 4.59656e+47 4.59656e+47 4.59817e+47 4.59818e+47 4.59818e+47 1.40452e+46 0 2.46562e+50 1.01899e+47 4.64348e+42 0 0 0
29.4273 3.49774e+47 3.49774e+47 3.4991e+47 3.4991e+47 3.4991e+47 1.06914e+46 0 1.84434e+50 8.8231e+46 4.64348e+42 0 0 0
33.9821 2.66456e+47 2.66456e+47 2.66572e+47 2.66572e+47 2.66572e+47 8.14782e+45 0 1.26913e+50 7.63946e+46 4.64348e+42 0 0 0
39.2419 2.03202e+47 2.03202e+47 2.03303e+47 2.03303e+47 2.03303e+47 6.21623e+45 0 7.91573e+49 6.61444e+46 4.64348e+42 0 0 0
45.3158 1.55123e+47 1.55123e+47 1.55212e+47 1.55212e+47 1.55212e+47 4.7476e+45 0 4.40069e+49 5.7268e+46 4.64348e+42 0 0 0
52.3299 1.18535e+47 1.18535e+47 1.18613e+47 1.18613e+47 1.18613e+47 3.62959e+45 0 2.13978e+49 4.95812e+46 4.64348e+42 0 0 0
60.4296 9.0659e+46 9.0659e+46 9.07276e+46 9.07276e+46 9.07276e+46 2.77747e+45 0 8.90655e+48 4.29247e+46 4.64348e+42 0 0 0
69.7831 6.93959e+46 6.93959e+46 6.94565e+46 6.94565e+46 6.94565e+46 2.12725e+45 0 3.09682e+48 3.71604e+46 4.64348e+42 0 0 0
80.5842 5.31594e+46 5.31594e+46 5.3213e+46 5.3213e+46 5.3213e+46 1.63054e+45 0 8.74602e+47 3.21687e+46 4.64348e+42 0 0 0
93.0572 4.07483e+46 4.07483e+46 4.07957e+46 4.07957e+46 4.07957e+46 1.2507e+45 0 1.94258e+47 2.78461e+46 4.64348e+42 0 0 0
107.461 3.1252e+46 3.1252e+46 3.1294e+46 3.1294e+46 3.1294e+46 9.59938e+44 0 3.26937e+46 2.41029e+46 4.64348e+42 0 0 0
124.094 2.39796e+46 2.39796e+46 2.40168e+46 2.40168e+46 2.40168e+46 7.3716e+44 0 3.99405e+45 2.08613e+46 4.64348e+42 0 0 0
143.301 1.84058e+46 1.84058e+46 1.84388e+46 1.84388e+46 1.84388e+46 5.66331e+44 0 3.37048e+44 1.80543e+46 4.64348e+42 0 0 0
165.482 1.41311e+46 1.41311e+46 1.41603e+46 1.41603e+46 1.41603e+46 4.35245e+44 0 1.85537e+43 1.56235e+46 4.64348e+42 0 0 0
191.095 1.08507e+46 1.08507e+46 1.08766e+46 1.08766e+46 1.08766e+46 3.34595e+44 0 6.23604e+41 1.35186e+46 4.64348e+42 0 0 0
220.673 8.33228e+45 8.33228e+45 8.35526e+45 8.35526e+45 8.35526e+45 2.57278e+44 0 1.18568e+40 1.16958e+46 4.64348e+42 0 0 0
254.83 6.39824e+45 6.39824e+45 6.41862e+45 6.41862e+45 6.41862e+45 1.97862e+44 0 1.16763e+38 1.01173e+46 4.64348e+42 0 0 0
294.273 4.91269e+45 4.91269e+45 4.93076e+45 4.93076e+45 4.93076e+45 1.52191e+44 0 5.37896e+35 8.7504e+45 4.64348e+42 0 0 0
339.821 3.77155e+45 3.77155e+45 3.78757e+45 3.78757e+45 3.78757e+45 1.17079e+44 0 1.03058e+33 7.56674e+45 4.64348e+42 0 0 0
392.419 2.89502e+45 2.89502e+45 2.90923e+45 2.90923e+45 2.90923e+45 9.0082e+43 0 7.16933e+29 6.54175e+45 4.64348e+42 0 0 0
453.158 2.22185e+45 2.22185e+45 2.23445e+45 2.23445e+45 2.23445e+45 6.93235e+43 0 1.54806e+26 5.65417e+45 4.64348e+42 0 0 0
523.299 1.70497e+45 1.70497e+45 1.71614e+45 1.71614e+45 1.71614e+45 5.33619e+43 0 8.65697e+21 4.88558e+45 4.64348e+42 0 0 0
604.296 1.3082e+45 1.3082e+45 1.31811e+45 1.31811e+45 1.31811e+45 4.10884e+43 0 1.01718e+17 4.22004e+45 4.64348e+42 0 0 0
697.831 1.00373e+45 1.00373e+45 1.01251e+45 1.01251e+45 1.01251e+45 3.16504e+43 0 1.97248e+11 3.64374e+45 4.64348e+42 0 0 0
805.842 7.70132e+44 7.70132e+44 7.77915e+44 7.77915e+44 7.77915e+44 2.43919e+43 0 47764.6 3.14473e+45 4.64348e+42 0 0 0
930.572 5.9095e+44 5.9095e+44 5.97852e+44 5.97852e+44 5.97852e+44 1.88081e+43 0 0.00104671 2.71264e+45 4.64348e+42 0 0 0
1074.61 4.53518e+44 4.53518e+44 4.59641e+44 4.59641e+44 4.59641e+44 1.45113e+43 0 1.43114e-12 2.33852e+45 4.64348e+42 0 0 0
1240.94 3.48108e+44 3.48108e+44 3.53541e+44 3.53541e+44 3.53541e+44 1.12032e+43 0 7.94658e-23 2.0146e+45 4.64348e+42 0 0 0
1433.01 2.67246e+44 2.67246e+44 2.72068e+44 2.72068e+44 2.72068e+44 8.65467e+42 0 1.09135e-34 1.73417e+45 4.64348e+42 0 0 0
1654.82 2.052e+44 2.052e+44 2.09482e+44 2.09482e+44 2.09482e+44 6.69002e+42 0 2.09094e-48 1.4914e+45 4.64348e+42 0 0 0
1910.95 1.57574e+44 1.57574e+44 1.61377e+44 1.61377e+44 1.61377e+44 5.17424e+42 0 2.8849e-64 1.28126e+45 4.64348e+42 0 0 0
2206.73 1.21002e+44 1.21002e+44 1.24381e+44 1.24381e+44 1.24381e+44 4.00378e+42 0 1.33566e-82 1.09939e+45 4.64348e+42 0 0 0
2548.3 9.29049e+43 9.29049e+43 9.59067e+43 9.59067e+43 9.59067e+43 3.09919e+42 0 8.59163e-104 9.4201e+44 4.64348e+42 0 0 0
2942.73 7.13089e+43 7.13089e+43 7.39762e+43 7.39762e+43 7.39762e+43 2.39947e+42 0 2.77348e-128 8.05855e+44 4.64348e+42 0 0 0
3398.21 5.4703e+43 5.4703e+43 5.70726e+43 5.70726e+43 5.70726e+43 1.85779e+42 0 1.38629e-156 6.88098e+44 4.64348e+42 0 0 0
3924.19 4.19299e+43 4.19299e+43 4.40343e+43 4.40343e+43 4.40343e+43 1.43815e+42 0 2.75946e-189 5.86293e+44 4.64348e+42 0 0 0
4531.58 3.2103e+43 3.2103e+43 3.39707e+43 3.39707e+43 3.39707e+43 1.11285e+42 0 4.55948e-227 4.98323e+44 4.64348e+42 0 0 0
5232.99 2.46717e+43 2.46717e+43 2.62653e+43 2.62653e+43 2.62653e+43 8.63212e+41 0 0 4.24585e+44 4.64348e+42 0 0 0
6042.96 1.88571e+43 1.88571e+43 2.02611e+43 2.02611e+43 2.02611e+43 6.67524e+41 0 0 3.59302e+44 4.64348e+42 0 0 0
6978.31 1.43862e+43 1.43862e+43 1.56205e+43 1.56205e+43 1.56205e+43 5.157e+41 0 0 3.03088e+44 4.64348e+42 0 0 0
8058.42 1.0951e+43 1.0951e+43 1.20333e+43 1.20333e+43 1.20333e+43 3.97922e+41 0 0 2.54758e+44 4.64348e+42 0 0 0
9305.72 8.31441e+42 8.31441e+42 9.2606e+42 9.2606e+42 9.2606e+42 3.06594e+41 0 0 2.13282e+44 4.64348e+42 0 0 0
10746.1 6.29375e+42 6.29375e+42 7.11802e+42 7.11802e+42 7.11802e+42 2.35824e+41 0 0 1.77772e+44 4.64348e+42 0 0 0
12409.4 4.74809e+42 4.74809e+42 5.46328e+42 5.46328e+42 5.46328e+42 1.81039e+41 0 0 1.47451e+44 4.64348e+42 0 0 0
14330.1 3.56859e+42 3.56859e+42 4.18636e+42 4.18636e+42 4.18636e+42 1.38686e+41 0 0 1.21648e+44 4.64348e+42 0 0 0
16548.2 2.67112e+42 2.67112e+42 3.20208e+42 3.20208e+42 3.20208e+42 1.05997e+41 0 0 9.97754e+43 4.64348e+42 0 0 0
19109.5 1.99057e+42 1.99057e+42 2.44444e+42 2.44444e+42 2.44444e+42 8.08163e+40 0 0 8.13181e+43 4.64348e+42 0 0 0
22067.3 1.47654e+42 1.47654e+42 1.86223e+42 1.86223e+42 1.86223e+42 6.14639e+40 0 0 6.5825e+43 4.64348e+42 0 0 0
25483 1.09001e+42 1.09001e+42 1.4157e+42 1.4157e+42 1.4157e+42 4.66282e+40 0 0 5.28976e+43 4.64348e+42 0 0 0
29427.3 8.00778e+41 8.00778e+41 1.07397e+42 1.07397e+42 1.07397e+42 3.52865e+40 0 0 4.21831e+43 4.64348e+42 0 0 0
33982.1 5.85487e+41 5.85487e+41 8.13065e+41 8.13065e+41 8.13065e+41 2.6641e+40 0 0 3.33682e+43 4.64348e+42 0 0 0
39241.9 4.26129e+41 4.26129e+41 6.14366e+41 6.14366e+41 6.14366e+41 2.00706e+40 0 0 2.61745e+43 4.64348e+42 0 0 0
45315.8 3.08847e+41 3.08847e+41 4.63426e+41 4.63426e+41 4.63426e+41 1.50922e+40 0 0 2.03543e+43 4.64348e+42 0 0 0
52329.9 2.23025e+41 2.23025e+41 3.49056e+41 3.49056e+41 3.49056e+41 1.1331e+40 0 0 1.56879e+43 4.64348e+42 0 0 0
60429.6 1.60575e+41 1.60575e+41 2.62606e+41 2.62606e+41 2.62606e+41 8.49715e+39 0 0 1.19818e+43 4.64348e+42 0 0 0
69783.1 1.15366e+41 1.15366e+41 1.97405e+41 1.97405e+41 1.97405e+41 6.36722e+39 0 0 9.06658e+42 4.64348e+42 0 0 0
80584.2 8.27908e+40 8.27908e+40 1.48327e+41 1.48327e+41 1.48327e+41 4.76969e+39 0 0 6.79563e+42 4.64348e+42 0 0 0
93057.2 5.94092e+40 5.94092e+40 1.11443e+41 1.11443e+41 1.11443e+41 3.57343e+39 0 0 5.04354e+42 4.64348e+42 0 0 0
107461 4.26755e+40 4.26755e+40 8.37568e+40 8.37568e+40 8.37568e+40 2.67868e+39 0 0 3.7046e+42 4.64348e+42 0 0 0
124094 3.07214e+40 3.07214e+40 6.29897e+40 6.29897e+40 6.29897e+40 2.00986e+39 0 0 2.69102e+42 4.64348e+42 0 0 0
143301 2.21872e+40 2.21872e+40 4.74167e+40 4.74167e+40 4.74167e+40 1.50994e+39 0 0 1.93099e+42 4.64348e+42 0 0 0
165482 1.60906e+40 1.60906e+40 3.57361e+40 3.57361e+40 3.57361e+40 1.13612e+39 0 0 1.36662e+42 4.64348e+42 0 0 0
191095 1.17274e+40 1.17274e+40 2.69695e+40 2.69695e+40 2.69695e+40 8.5632e+38 0 0 9.51947e+41 4.64348e+42 0 0 0
220673 8.59524e+39 8.59524e+39 2.03834e+40 2.03834e+40 2.03834e+40 6.46621e+38 0 0 6.50864e+41 4.64348e+42 0 0 0
254830 6.33781e+39 6.33781e+39 1.5429e+40 1.5429e+40 1.5429e+40 4.89198e+38 0 0 4.35304e+41 4.64348e+42 0 0 0
294273 4.70289e+39 4.70289e+39 1.16963e+40 1.16963e+40 1.16963e+40 3.70798e+38 0 0 2.83594e+41 4.64348e+42 0 0 0
339821 3.51231e+39 3.51231e+39 8.87955e+39 8.87955e+39 8.87955e+39 2.81567e+38 0 0 1.79068e+41 4.64348e+42 0 0 0
392419 2.64016e+39 2.64016e+39 6.75039e+39 6.75039e+39 6.75039e+39 2.14182e+38 0 0 1.08934e+41 4.64348e+42 0 0 0
453158 1.99731e+39 1.99731e+39 5.13829e+39 5.13829e+39 5.13829e+39 1.63189e+38 0 0 6.34028e+40 4.64348e+42 0 0 0
523299 1.52046e+39 1.52046e+39 3.91571e+39 3.91571e+39 3.91571e+39 1.24523e+38 8.90018e+35 0 3.50208e+40 4.64348e+42 0 0 0
604296 1.16448e+39 1.16448e+39 2.9871e+39 2.9871e+39 2.9871e+39 9.51485e+37 8.93732e+35 0 1.81856e+40 4.64348e+42 0 0 0
697831 8.97027e+38 8.97027e+38 2.28074e+39 2.28074e+39 2.28074e+39 7.27913e+37 8.97447e+35 0 8.78171e+39 4.64348e+42 0 0 0
805842 6.94786e+38 6.94786e+38 1.7427e+39 1.7427e+39 1.7427e+39 5.57453e+37 9.01161e+35 0 3.894e+39 4.64348e+42 0 0 0
930572 5.4087e+38 5.4087e+38 1.33234e+39 1.33234e+39 1.33234e+39 4.27273e+37 9.04875e+35 0 1.56254e+39 4.64348e+42 0 0 0
1.07461e+06 4.22981e+38 4.22981e+38 1.01898e+39 1.01898e+39 1.01898e+39 3.27701e+37 9.09451e+35 0 5.57879e+38 4.64348e+42 0 0 0
1.24094e+06 3.321e+38 3.321e+38 7.79448e+38 7.79448e+38 7.79448e+38 2.5143e+37 9.10476e+35 0 1.73787e+38 4.64348e+42 0 0 0
1.43301e+06 2.6157e+38 2.6157e+38 5.9615e+38 5.9615e+38 5.9615e+38 1.92925e+37 9.11774e+35 0 4.61734e+37 4.64348e+42 0 0 0
1.65482e+06 2.06481e+38 2.06481e+38 4.55768e+38 4.55768e+38 4.55768e+38 1.47995e+37 9.13434e+35 0 1.01923e+37 4.64348e+42 0 0 0
1.91095e+06 1.63208e+38 1.63208e+38 3.48195e+38 3.48195e+38 3.48195e+38 1.1346e+37 9.15726e+35 0 1.81359e+36 4.64348e+42 0 0 0
2.20673e+06 1.29059e+38 1.29059e+38 2.65743e+38 2.65743e+38 2.65743e+38 8.69017e+36 9.18677e+35 0 2.51243e+35 4.64348e+42 0 0 0
2.5483e+06 1.02011e+38 1.02011e+38 2.02553e+38 2.02553e+38 2.02553e+38 6.64745e+36 9.22539e+35 0 2.60358e+34 4.64348e+42 0 0 0
2.94273e+06 8.05333e+37 8.05333e+37 1.54147e+38 1.54147e+38 1.54147e+38 5.07675e+36 9.27607e+35 0 1.92743e+33 4.64348e+42 0 0 0
3.39821e+06 6.34545e+37 6.34545e+37 1.17097e+38 1.17097e+38 1.17097e+38 3.86986e+36 9.34729e+35 0 9.66726e+31 4.64348e+42 0 0 0
3.92419e+06 4.9869e+37 4.9869e+37 8.8773e+37 8.8773e+37 8.8773e+37 2.94353e+36 9.44039e+35 0 3.09055e+30 4.64348e+42 0 0 0
4.53158e+06 3.90697e+37 3.90697e+37 6.71518e+37 6.71518e+37 6.71518e+37 2.23365e+36 9.56173e+35 0 5.87001e+28 4.64348e+42 0 0 0
5.23299e+06 3.04997e+37 3.04997e+37 5.06777e+37 5.06777e+37 5.06777e+37 1.69068e+36 9.71799e+35 0 6.10827e+26 4.64348e+42 0 0 0
6.04296e+06 2.37162e+37 2.37162e+37 3.81521e+37 3.81521e+37 3.81521e+37 1.27636e+36 9.93381e+35 0 3.17176e+24 4.64348e+42 0 0 0
6.97831e+06 1.83646e+37 1.83646e+37 2.8651e+37 2.8651e+37 2.8651e+37 9.61064e+35 1.01947e+36 0 7.37896e+21 4.64348e+42 0 0 0
8.05842e+06 1.41595e+37 1.41595e+37 2.14629e+37 2.14629e+37 2.14629e+37 7.21864e+35 1.05141e+36 0 6.79248e+18 4.64348e+42 0 0 0
9.30572e+06 1.08699e+37 1.08699e+37 1.60395e+37 1.60395e+37 1.60395e+37 5.41045e+35 1.08788e+36 0 2.14351e+15 4.64348e+42 0 0 0
1.07461e+07 8.30909e+36 8.30909e+36 1.19594e+37 1.19594e+37 1.19594e+37 4.04945e+35 1.1372e+36 0 1.96524e+11 4.64348e+42 0 0 0
1.24094e+07 6.32565e+36 6.32565e+36 8.89865e+36 8.89865e+36 8.89865e+36 3.02944e+35 1.1839e+36 0 4.32464e+06 4.64348e+42 0 0 0
1.43301e+07 4.79743e+36 4.79743e+36 6.60939e+36 6.60939e+36 6.60939e+36 2.2691e+35 1.23006e+36 0 18.3216 4.64348e+42 0 0 0
1.65482e+07 3.6262e+36 3.6262e+36 4.90219e+36 4.90219e+36 4.90219e+36 1.70599e+35 1.27371e+36 0 1.15851e-05 4.64348e+42 0 0 0
1.91095e+07 2.73352e+36 2.73352e+36 3.63308e+36 3.63308e+36 3.63308e+36 1.29305e+35 1.31221e+36 0 8.14915e-13 4.64348e+42 0 0 0
2.20673e+07 2.05644e+36 2.05644e+36 2.69202e+36 2.69202e+36 2.69202e+36 9.91571e+34 1.34477e+36 0 4.54154e-21 4.64348e+42 0 0 0
2.5483e+07 1.5457e+36 1.5457e+36 1.99643e+36 1.99643e+36 1.99643e+36 7.74373e+34 1.36719e+36 0 1.35511e-30 4.64348e+42 0 0 0
2.94273e+07 1.16218e+36 1.16218e+36 1.4835e+36 1.4835e+36 1.4835e+36 6.18964e+34 1.36735e+36 0 1.37687e-41 4.64348e+42 0 0 0
3.39821e+07 8.75554e+35 8.75554e+35 1.10626e+36 1.10626e+36 1.10626e+36 5.09405e+34 1.34133e+36 0 2.82483e-54 4.64348e+42 0 0 0
3.92419e+07 6.61632e+35 6.61632e+35 8.2867e+35 8.2867e+35 8.2867e+35 4.30553e+34 1.28859e+36 0 6.40012e-69 4.64348e+42 0 0 0
4.53158e+07 5.02525e+35 5.02525e+35 6.2474e+35 6.2474e+35 6.2474e+35 3.74637e+34 1.21853e+36 0 7.97658e-86 4.64348e+42 0 0 0
5.23299e+07 3.84194e+35 3.84194e+35 4.74691e+35 4.74691e+35 4.74691e+35 3.34124e+34 1.13738e+36 0 2.44547e-105 4.64348e+42 0 0 0
6.04296e+07 2.95822e+35 2.95822e+35 3.63673e+35 3.63673e+35 3.63673e+35 3.02586e+34 1.03705e+36 0 7.28113e-128 4.64348e+42 0 0 0
6.97831e+07 2.29414e+35 2.29414e+35 2.80918e+35 2.80918e+35 2.80918e+35 2.75899e+34 9.21705e+35 0 7.19814e-154 4.64348e+42 0 0 0
8.05842e+07 1.7918e+35 1.7918e+35 2.18752e+35 2.18752e+35 2.18752e+35 2.51929e+34 7.92828e+35 0 6.84164e-184 4.64348e+42 0 0 0
9.30572e+07 1.40769e+35 1.40769e+35 1.71495e+35 1.71495e+35 1.71495e+35 2.2888e+34 6.55189e+35 0 1.49427e-218 4.64348e+42 0 0 0
1.07461e+08 1.10925e+35 1.10925e+35 1.34962e+35 1.34962e+35 1.34962e+35 2.05305e+34 5.14175e+35 0 1.43619e-258 4.64348e+42 189.26 0 0
1.24094e+08 8.77332e+34 8.77332e+34 1.06684e+35 1.06684e+35 1.06684e+35 1.82624e+34 3.98717e+35 0 0 4.64348e+42 166.268 0 0
1.43301e+08 6.93928e+34 6.93928e+34 8.43898e+34 8.43898e+34 8.43898e+34 1.60036e+34 3.0324e+35 0 0 4.64348e+42 146.069 0 0
1.65482e+08 5.46769e+34 5.46769e+34 6.65397e+34 6.65397e+34 6.65397e+34 1.37512e+34 2.26827e+35 0 0 4.64348e+42 128.324 0 0
1.91095e+08 4.24732e+34 4.24732e+34 5.17522e+34 5.17522e+34 5.17522e+34 1.13986e+34 1.64e+35 0 0 4.64348e+42 112.735 0 0
2.20673e+08 3.29015e+34 3.29015e+34 4.01586e+34 4.01586e+34 4.01586e+34 9.36215e+33 1.20666e+35 0 0 4.64348e+42 99.0397 0 0
2.5483e+08 2.52412e+34 2.52412e+34 3.08753e+34 3.08753e+34 3.08753e+34 7.53537e+33 8.79973e+34 0 0 4.64348e+42 87.0081 0 0
2.94273e+08 1.91547e+34 1.91547e+34 2.34903e+34 2.34903e+34 2.34903e+34 5.94415e+33 6.35961e+34 0 0 4.64348e+42 76.438 0 0
3.39821e+08 1.42187e+34 1.42187e+34 1.74879e+34 1.74879e+34 1.74879e+34 4.51537e+33 4.50932e+34 0 0 4.64348e+42 70.1148 0 0
3.92419e+08 1.05669e+34 1.05669e+34 1.30385e+34 1.30385e+34 1.30385e+34 3.44245e+33 3.27144e+34 0 0 4.64348e+42 67.1521 0 0
4.53158e+08 7.78889e+33 7.78889e+33 9.64446e+33 9.64446e+33 9.64446e+33 2.59281e+33 2.36536e+34 0 0 4.64348e+42 64.3146 0 0
5.23299e+08 5.67468e+33 5.67468e+33 7.05307e+33 7.05307e+33 7.05307e+33 1.919e+33 1.70469e+34 0 0 4.64348e+42 61.597 0 0
6.04296e+08 4.10525e+33 4.10525e+33 5.12284e+33 5.12284e+33 5.12284e+33 1.40705e+33 1.21561e+34 0 0 4.64348e+42 58.9942 0 0
6.97831e+08 2.99262e+33 2.99262e+33 3.75009e+33 3.75009e+33 3.75009e+33 1.04803e+33 8.86294e+33 0 0 4.64348e+42 56.5014 0 0
8.05842e+08 2.17118e+33 2.17118e+33 2.73266e+33 2.73266e+33 2.73266e+33 7.76608e+32 6.45261e+33 0 0 4.64348e+42 54.114 0 0
9.30572e+08 1.56608e+33 1.56608e+33 1.98003e+33 1.98003e+33 1.98003e+33 5.71604e+32 4.68703e+33 0 0 4.64348e+42 51.8274 0 0
1.07461e+09 1.11871e+33 1.11871e+33 1.42104e+33 1.42104e+33 1.42104e+33 4.15216e+32 3.35489e+33 0 0 4.64348e+42 52.0142 0 0
1.24094e+09 8.08522e+32 8.08522e+32 1.03197e+33 1.03197e+33 1.03197e+33 3.08483e+32 2.45874e+33 0 0 4.64348e+42 54.7012 0 0
1.43301e+09 5.83892e+32 5.83892e+32 7.4893e+32 7.4893e+32 7.4893e+32 2.29544e+32 1.7969e+33 0 0 4.64348e+42 57.527 0 0
1.65482e+09 4.20064e+32 4.20064e+32 5.41507e+32 5.41507e+32 5.41507e+32 1.70225e+32 1.30903e+33 0 0 4.64348e+42 60.4988 0 0
1.91095e+09 2.9928e+32 2.9928e+32 3.87814e+32 3.87814e+32 3.87814e+32 1.24662e+32 9.37269e+32 0 0 4.64348e+42 63.6242 0 0
2.20673e+09 2.15137e+32 2.15137e+32 2.8055e+32 2.8055e+32 2.8055e+32 9.31047e+31 6.88116e+32 0 0 4.64348e+42 66.9109 0 0
2.5483e+09 1.51433e+32 1.51433e+32 2.00513e+32 2.00513e+32 2.00513e+32 6.89281e+31 5.03683e+32 0 0 4.64348e+42 70.3675 0 0
2.94273e+09 9.57034e+31 9.57034e+31 1.35885e+32 1.35885e+32 1.35885e+32 5.00733e+31 3.67416e+32 0 0 4.64348e+42 74.0026 0 0
3.39821e+09 3.86029e+31 3.86029e+31 7.57674e+31 7.57674e+31 7.57674e+31 3.55114e+31 2.63377e+32 0 0 4.64348e+42 77.8255 0 0
3.92419e+09 4.39288e+30 4.39288e+30 3.00546e+31 3.00546e+31 3.00546e+31 2.61062e+31 1.93377e+32 0 0 4.64348e+42 81.8459 0 0
4.53158e+09 2.52144e+28 2.52144e+28 9.01513e+30 9.01513e+30 9.01513e+30 1.93298e+31 1.41434e+32 0 0 4.64348e+42 86.074 0 0
5.23299e+09 2.00757e+23 2.00757e+23 2.57103e+30 2.57103e+30 2.57103e+30 1.43217e+31 1.02988e+32 0 0 4.64348e+42 90.5205 0 0
6.04296e+09 2.94965e+12 2.94965e+12 7.77218e+29 7.77218e+29 7.77218e+29 1.04038e+31 7.3747e+31 0 0 4.64348e+42 95.1967 0 0
6.97831e+09 4.50831e-09 4.50831e-09 2.65162e+29 2.65162e+29 2.65162e+29 7.76077e+30 5.40411e+31 0 0 4.64348e+42 100.115 0 0
8.05842e+09 4.34323e-45 4.34323e-45 1.00017e+29 1.00017e+29 1.00017e+29 5.77036e+30 3.9481e+31 0 0 4.64348e+42 105.286 0 0
9.30572e+09 1.6407e-101 1.6407e-101 4.12277e+28 4.12277e+28 4.12277e+28 4.26258e+30 2.87548e+31 0 0 4.64348e+42 110.725 0 0
1.07461e+10 2.45555e-182 2.45555e-182 1.82092e+28 1.82092e+28 1.82092e+28 3.09063e+30 2.06404e+31 0 0 4.64348e+42 124.236 0 0
1.24094e+10 2.99116e-289 2.99116e-289 8.7742e+27 8.7742e+27 8.7742e+27 2.28663e+30 1.51669e+31 0 0 4.64348e+42 148.721 0 0
1.43301e+10 0 0 4.48261e+27 4.48261e+27 4.48261e+27 1.68094e+30 1.11144e+31 0 0 4.64348e+42 178.032 0 0
1.65482e+10 0 0 2.41336e+27 2.41336e+27 2.41336e+27 1.23164e+30 8.11757e+30 0 0 4.64348e+42 213.119 0 0
1.91095e+10 0 0 1.3415e+27 1.3415e+27 1.3415e+27 8.84453e+29 5.823e+30 0 0 4.64348e+42 255.121 0 0
2.20673e+10 0 0 7.91553e+26 7.91553e+26 7.91553e+26 6.50427e+29 4.27894e+30 0 0 4.64348e+42 305.402 34.7254 0
2.5483e+10 0 0 4.82866e+26 4.82866e+26 4.82866e+26 4.76588e+29 3.13291e+30 0 0 4.64348e+42 365.592 22.9578 0
2.94273e+10 0 0 3.03218e+26 3.03218e+26 3.03218e+26 3.4807e+29 2.28508e+30 0 0 4.64348e+42 437.645 15.5417 0
3.39821e+10 0 0 1.92488e+26 1.92488e+26 1.92488e+26 2.49063e+29 1.63392e+30 0 0 4.64348e+42 523.898 10.7604 0
3.92419e+10 0 0 1.28147e+26 1.28147e+26 1.28147e+26 1.83306e+29 1.19989e+30 0 0 4.64348e+42 627.151 7.61059 0
4.53158e+10 0 0 8.70297e+25 8.70297e+25 8.70297e+25 1.34576e+29 8.78758e+29 0 0 4.64348e+42 750.753 5.49245 0
5.23299e+10 0 0 6.01831e+25 6.01831e+25 6.01831e+25 9.86172e+28 6.41596e+29 0 0 4.64348e+42 898.715 4.04008 0
6.04296e+10 0 0 4.16924e+25 4.16924e+25 4.16924e+25 7.09714e+28 4.59129e+29 0 0 4.64348e+42 1075.84 3.02568 0
6.97831e+10 0 0 3.00463e+25 3.00463e+25 3.00463e+25 5.24971e+28 3.37862e+29 0 0 4.64348e+42 1287.87 2.3047 0
8.05842e+10 0 0 2.19078e+25 2.19078e+25 2.19078e+25 3.87174e+28 2.47992e+29 0 0 4.64348e+42 1541.69 1.78376 0
9.30572e+10 0 0 1.6136e+25 1.6136e+25 1.6136e+25 2.84693e+28 1.8146e+29 0 0 4.64348e+42 1845.53 1.40144 0
1.07461e+11 0 0 1.17976e+25 1.17976e+25 1.17976e+25 2.05053e+28 1.29995e+29 0 0 4.64348e+42 2209.26 1.11671 0
1.24094e+11 0 0 8.91822e+24 8.91822e+24 8.91822e+24 1.51531e+28 9.57548e+28 0 0 4.64348e+42 2644.67 0.901709 0
1.43301e+11 0 0 6.78034e+24 6.78034e+24 6.78034e+24 1.11556e+28 7.03198e+28 0 0 4.64348e+42 3165.9 0.737233 0
1.65482e+11 0 0 5.17703e+24 5.17703e+24 5.17703e+24 8.17793e+27 5.14555e+28 0 0 4.64348e+42 3789.85 0.609868 0
1.91095e+11 0 0 3.90309e+24 3.90309e+24 3.90309e+24 5.86825e+27 3.68285e+28 0 0 4.64348e+42 4536.77 0.510106 0
2.20673e+11 0 0 3.03548e+24 3.03548e+24 3.03548e+24 4.32388e+27 2.71086e+28 0 0 4.64348e+42 5430.9 0.431129 0
2.5483e+11 0 0 2.3666e+24 2.3666e+24 2.3666e+24 3.17466e+27 1.989e+28 0 0 4.64348e+42 6501.25 0.367983 0
2.94273e+11 0 0 1.84829e+24 1.84829e+24 1.84829e+24 2.32244e+27 1.45394e+28 0 0 4.64348e+42 7782.55 0.317029 0
3.39821e+11 0 0 1.42159e+24 1.42159e+24 1.42159e+24 1.66377e+27 1.03914e+28 0 0 4.64348e+42 0 0.275565 0
3.92419e+11 0 0 1.12631e+24 1.12631e+24 1.12631e+24 1.2247e+27 7.64013e+27 0 0 4.64348e+42 0 0.241562 0
4.53158e+11 0 0 8.926e+23 8.926e+23 8.926e+23 8.98396e+26 5.59859e+27 0 0 4.64348e+42 0 0.213483 0
5.23299e+11 0 0 7.07107e+23 7.07107e+23 7.07107e+23 6.56639e+26 4.08681e+27 0 0 4.64348e+42 0 0.190154 0
6.04296e+11 0 0 5.50188e+23 5.50188e+23 5.50188e+23 4.69734e+26 2.91546e+27 0 0 4.64348e+42 0 0.170669 0
6.97831e+11 0 0 4.40452e+23 4.40452e+23 4.40452e+23 3.45387e+26 2.14013e+27 0 0 4.64348e+42 0 0.154323 0
8.05842e+11 0 0 3.52041e+23 3.52041e+23 3.52041e+23 2.53061e+26 1.56551e+27 0 0 4.64348e+42 0 0.140565 0
9.30572e+11 0 0 2.8075e+23 2.8075e+23 2.8075e+23 1.84725e+26 1.14056e+27 0 0 4.64348e+42 0 0.12896 0
1.07461e+12 0 0 2.19371e+23 2.19371e+23 2.19371e+23 1.31901e+26 8.11621e+26 0 0 4.64348e+42 0 0.119166 0
1.24094e+12 0 0 1.76142e+23 1.76142e+23 1.76142e+23 9.68358e+25 5.9446e+26 0 0 4.64348e+42 0 0.110908 0
1.43301e+12 0 0 1.40915e+23 1.40915e+23 1.40915e+23 7.08325e+25 4.33788e+26 0 0 4.64348e+42 0 0.103969 0
1.65482e+12 0 0 1.12229e+23 1.12229e+23 1.12229e+23 5.16105e+25 3.15184e+26 0 0 4.64348e+42 0 0.098177 0
1.91095e+12 0 0 8.73109e+22 8.73109e+22 8.73109e+22 3.67621e+25 2.23513e+26 0 0 4.64348e+42 0 0.0933933 0
2.20673e+12 0 0 6.96546e+22 6.96546e+22 6.96546e+22 2.69314e+25 1.63201e+26 0 0 4.64348e+42 0 0.0895108 0
2.5483e+12 5.97448e-272 5.97448e-272 5.51941e+22 5.51941e+22 5.51941e+22 1.96534e+25 1.18684e+26 0 0 4.64348e+42 0 0.0864461 0
2.94273e+12 6.01855e-242 6.01856e-242 4.33888e+22 4.33888e+22 4.33888e+22 1.42836e+25 8.59104e+25 0 0 4.64348e+42 0 0.0841374 0
3.39821e+12 8.92848e-215 8.92849e-215 3.31661e+22 3.31661e+22 3.31661e+22 1.01399e+25 6.063e+25 0 0 4.64348e+42 0 0.082541 0
3.92419e+12 3.38941e-190 3.38941e-190 2.59087e+22 2.59087e+22 2.59087e+22 7.40621e+24 4.40789e+25 0 0 4.64348e+42 0 0.08163 0
4.53158e+12 5.16613e-168 5.16613e-168 2.00112e+22 2.00112e+22 2.00112e+22 5.38707e+24 3.19033e+25 0 0 4.64348e+42 0 0.0813928 0
5.23299e+12 5.00416e-148 5.00417e-148 1.52605e+22 1.52605e+22 1.52605e+22 3.90113e+24 2.29727e+25 0 0 4.64348e+42 0 0.0818329 0
6.04296e+12 4.66221e-130 4.66221e-130 1.12525e+22 1.12525e+22 1.12525e+22 2.75644e+24 1.61039e+25 0 0 4.64348e+42 0 0.0829683 0
6.97831e+12 6.62092e-114 6.62093e-114 8.44909e+21 8.44909e+21 8.44909e+21 2.0049e+24 1.16377e+25 0 0 4.64348e+42 0 0.0848322 0
8.05842e+12 2.02925e-99 2.02925e-99 6.24667e+21 6.24667e+21 6.24667e+21 1.45163e+24 8.36779e+24 0 0 4.64348e+42 0 0.0874729 0
9.30572e+12 1.91138e-86 1.91138e-86 4.54423e+21 4.54423e+21 4.54423e+21 1.04593e+24 5.98195e+24 0 0 4.64348e+42 0 0.0909553 0
1.07461e+13 7.51651e-75 7.51652e-75 3.185e+21 3.185e+21 3.185e+21 7.34187e+23 4.15426e+24 0 0 4.64348e+42 0 0.0953611 0
1.24094e+13 1.76352e-64 1.76352e-64 2.27338e+21 2.27338e+21 2.27338e+21 5.30902e+23 2.9774e+24 0 0 4.64348e+42 0 0.10079 0
1.43301e+13 3.1474e-55 3.1474e-55 1.59762e+21 1.59762e+21 1.59762e+21 3.81945e+23 2.12156e+24 0 0 4.64348e+42 0 0.10736 0
1.65482e+13 5.50672e-47 5.50673e-47 1.10585e+21 1.10585e+21 1.10585e+21 2.73265e+23 1.50166e+24 0 0 4.64348e+42 0 0.115206 0
1.91095e+13 1.16479e-39 1.16479e-39 7.37955e+20 7.37955e+20 7.37955e+20 1.90076e+23 1.02947e+24 0 0 4.64348e+42 0 0.12448 0
2.20673e+13 3.90137e-33 3.90138e-33 5.03889e+20 5.03889e+20 5.03889e+20 1.36339e+23 7.29539e+23 0 0 4.64348e+42 0 0.135345 0
2.5483e+13 2.41833e-27 2.41833e-27 3.39904e+20 3.39904e+20 3.39904e+20 9.72192e+22 5.1347e+23 0 0 4.64348e+42 0 0.147968 0
2.94273e+13 3.30083e-22 3.30084e-22 2.2666e+20 2.2666e+20 2.2666e+20 6.88836e+22 3.58565e+23 0 0 4.64348e+42 0 0.162507 0
3.39821e+13 1.13329e-17 1.1333e-17 1.45934e+20 1.45934e+20 1.45934e+20 4.73093e+22 2.41486e+23 0 0 4.64348e+42 0 0.179093 0
3.92419e+13 1.20212e-13 1.20213e-13 9.67213e+19 9.67213e+19 9.67213e+19 3.35586e+22 1.68535e+23 0 0 4.64348e+42 0 0.197804 0
4.53158e+13 4.30838e-10 4.30842e-10 6.35217e+19 6.35217e+19 6.35217e+19 2.36401e+22 1.16661e+23 0 0 4.64348e+42 0 0.218621 0
5.23299e+13 5.85349e-07 5.85358e-07 4.13453e+19 4.13453e+19 4.13453e+19 1.6528e+22 7.99957e+22 0 0 4.64348e+42 0 0.241387 0
6.04296e+13 0.000325371 0.000325376 2.5958e+19 2.5958e+19 2.5958e+19 1.11539e+22 5.25817e+22 0 0 4.64348e+42 0 0.265741 0
6.97831e+13 0.0871064 0.0871084 1.68649e+19 1.68649e+19 1.68649e+19 7.79241e+21 3.59499e+22 0 0 4.64348e+42 0 0.291055 0
8.05842e+13 11.7012 11.7015 1.0869e+19 1.0869e+19 1.0869e+19 5.39878e+21 2.43343e+22 0 0 4.64348e+42 0 0.316368 0
9.30572e+13 849.524 849.55 6.94583e+18 6.94583e+18 6.94583e+18 3.70652e+21 1.62835e+22 0 0 4.64348e+42 0 0.340344 0
1.07461e+14 34517.3 34518.6 4.26291e+18 4.26291e+18 4.26291e+18 2.44133e+21 1.03529e+22 0 0 4.64348e+42 0 0 0
1.24094e+14 902390 902441 2.72116e+18 2.72116e+18 2.72116e+18 1.67059e+21 6.88587e+21 0 0 4.64348e+42 0 0 0
1.43301e+14 1.52606e+07 1.52622e+07 1.72183e+18 1.72183e+18 1.72183e+18 1.13153e+21 4.52363e+21 0 0 4.64348e+42 0 0 0
1.65482e+14 1.74952e+08 1.74988e+08 1.07909e+18 1.07909e+18 1.07909e+18 7.57847e+20 2.92966e+21 0 0 4.64348e+42 0 0 0
1.91095e+14 1.36462e+09 1.36521e+09 6.44271e+17 6.44271e+17 6.44271e+17 4.82656e+20 1.77949e+21 0 0 4.64348e+42 0 0 0
2.20673e+14 8.26163e+09 8.2686e+09 4.02518e+17 4.02518e+17 4.02518e+17 3.21085e+20 1.14072e+21 0 0 4.64348e+42 0 0 0
2.5483e+14 3.79582e+10 3.80163e+10 2.48763e+17 2.48763e+17 2.48763e+17 2.10874e+20 7.2003e+20 0 0 4.64348e+42 0 0 0
2.94273e+14 1.36227e+11 1.36577e+11 1.51902e+17 1.51902e+17 1.51902e+17 1.36556e+20 4.46417e+20 0 0 4.64348e+42 0 0 0
3.39821e+14 3.73286e+11 3.74781e+11 8.72183e+16 8.72183e+16 8.72183e+16 8.2971e+19 2.54536e+20 0 0 4.64348e+42 0 0 0
3.92419e+14 8.97875e+11 9.03125e+11 5.2864e+16 5.2864e+16 5.2864e+16 5.31078e+19 1.55321e+20 0 0 4.64348e+42 0 0 0
4.53158e+14 1.80833e+12 1.82291e+12 3.15867e+16 3.15867e+16 3.15867e+16 3.34383e+19 9.29485e+19 0 0 4.64348e+42 0 0 0
5.23299e+14 3.1029e+12 3.13568e+12 1.85776e+16 1.85776e+16 1.85776e+16 2.06789e+19 5.43738e+19 0 0 4.64348e+42 0 0 0
6.04296e+14 4.31655e+12 4.37372e+12 1.00641e+16 1.00641e+16 1.00641e+16 1.17528e+19 2.83764e+19 0 0 4.64348e+42 0 0 0
6.97831e+14 5.74122e+12 5.83296e+12 5.83446e+15 5.83446e+15 5.83446e+15 7.13335e+18 1.62106e+19 0 0 4.64348e+42 0 0 0
8.05842e+14 6.78063e+12 6.90698e+12 3.31756e+15 3.31756e+15 3.31756e+15 4.23742e+18 9.03517e+18 0 0 4.64348e+42 0 0 0
9.30572e+14 7.18223e+12 7.33376e+12 1.84697e+15 1.84697e+15 1.84697e+15 2.45926e+18 4.89233e+18 0 0 4.64348e+42 0 0 0
1.07461e+15 6.2733e+12 6.41929e+12 9.16081e+14 9.16081e+14 9.16081e+14 1.26882e+18 2.25165e+18 0 0 4.64348e+42 0 0 0
1.24094e+15 5.60211e+12 5.74264e+12 4.97314e+14 4.97314e+14 4.97314e+14 7.15077e+17 1.1775e+18 0 0 4.64348e+42 0 0 0
1.43301e+15 4.58661e+12 4.70815e+12 2.62843e+14 2.62843e+14 2.62843e+14 3.9155e+17 5.96982e+17 0 0 4.64348e+42 0 0 0
1.65482e+15 3.46178e+12 3.55695e+12 1.35024e+14 1.35024e+14 1.35024e+14 2.0797e+17 2.91745e+17 0 0 4.64348e+42 0 0 0
1.91095e+15 2.10229e+12 2.16131e+12 5.84728e+13 5.84728e+13 5.84728e+13 9.29295e+16 1.11939e+17 0 0 4.64348e+42 0 0 0
2.20673e+15 1.39363e+12 1.43301e+12 2.88e+13 2.88e+13 2.88e+13 4.71398e+16 5.19566e+16 0 0 4.64348e+42 0 0 0
2.5483e+15 8.57503e+11 8.81598e+11 1.36515e+13 1.36515e+13 1.36515e+13 2.29744e+16 2.32042e+16 0 0 4.64348e+42 0 0 0
2.94273e+15 4.9205e+11 5.05642e+11 6.23007e+12 6.23007e+12 6.23007e+12 1.07575e+16 9.89705e+15 0 0 4.64348e+42 0 0 0
3.39821e+15 2.10704e+11 2.16369e+11 2.18219e+12 2.18219e+12 2.18219e+12 3.86021e+15 2.89258e+15 0 0 4.64348e+42 0 0 0
3.92419e+15 1.06977e+11 1.09752e+11 9.28945e+11 9.28945e+11 9.28945e+11 1.68054e+15 1.13851e+15 0 0 4.64348e+42 0 0 0
4.53158e+15 5.01729e+10 5.14186e+10 3.73353e+11 3.73353e+11 3.73353e+11 6.89599e+14 4.27731e+14 0 0 4.64348e+42 0 0 0
5.23299e+15 2.18685e+10 2.23845e+10 1.42155e+11 1.42155e+11 1.42155e+11 2.67637e+14 1.52364e+14 0 0 4.64348e+42 0 0 0
6.04296e+15 6.18889e+09 6.32677e+09 3.57433e+10 3.57433e+10 3.57433e+10 6.84758e+13 2.89602e+13 0 0 4.64348e+42 0 0 0
6.97831e+15 2.34043e+09 2.38938e+09 1.21897e+10 1.21897e+10 1.21897e+10 2.37289e+13 8.94701e+12 0 0 4.64348e+42 0 0 0
8.05842e+15 7.94562e+08 8.10087e+08 3.78134e+09 3.78134e+09 3.78134e+09 7.46849e+12 2.6115e+12 0 0 4.64348e+42 0 0 0
9.30572e+15 2.42264e+08 2.46666e+08 1.06574e+09 1.06574e+09 1.06574e+09 2.13268e+12 7.29318e+11 0 0 4.64348e+42 0 0 0
1.07461e+16 3.91577e+07 3.98164e+07 1.60859e+08 1.60859e+08 1.60859e+08 3.25667e+11 6.9952e+10 0 0 4.64348e+42 0 0 0
1.24094e+16 9.99624e+06 1.01513e+07 3.86925e+07 3.86925e+07 3.86925e+07 7.91509e+10 1.47408e+10 0 0 4.64348e+42 0 0 0
1.43301e+16 2.15474e+06 2.18548e+06 7.92097e+06 7.92097e+06 7.92097e+06 1.63515e+10 2.82492e+09 0 0 4.64348e+42 0 0 0
1.65482e+16 374176 379069 1.31544e+06 1.31544e+06 1.31544e+06 2.73667e+09 5.29847e+08 0 0 4.64348e+42 0 0 0
1.91095e+16 26150.3 26462.8 88458.9 88458.9 88458.9 1.853e+08 1.9556e+07 0 0 4.64348e+42 0 0 0
2.20673e+16 3610.37 3649.71 11814.7 11814.7 11814.7 2.48888e+07 2.19899e+06 0 0 4.64348e+42 0 0 0
2.5483e+16 378.14 381.887 1202.78 1202.78 1202.78 2.54539e+06 198441 0 0 4.64348e+42 0 0 0
2.94273e+16 27.1128 27.3567 84.1746 84.1746 84.1746 178769 16897.5 0 0 4.64348e+42 0 0 0
3.39821e+16 0.465369 0.469161 1.41536 1.41536 1.41536 3013.62 168.823 0 0 4.64348e+42 0 0 0
3.92419e+16 0.0230375 0.0232072 0.0688595 0.0688595 0.0688595 146.85 6.68045 0 0 4.64348e+42 0 0 0
4.53158e+16 0.000685501 0.000690062 0.00201942 0.00201942 0.00201942 4.30923 0.166027 0 0 4.64348e+42 0 0 0
5.23299e+16 1.15081e-05 1.15771e-05 3.34958e-05 3.34958e-05 3.34958e-05 0.0714507 0.00282174 0 0 4.64348e+42 0 0 0
6.04296e+16 2.10397e-08 2.11533e-08 6.06382e-08 6.06382e-08 6.06382e-08 0.000129177 4.16145e-06 0 0 4.64348e+42 0 0 0
6.97831e+16 1.52242e-10 1.52981e-10 4.35305e-10 4.35305e-10 4.35305e-10 9.25227e-07 2.70781e-08 0 0 4.64348e+42 0 0 0
8.05842e+16 3.86616e-13 3.883e-13 1.09855e-12 1.09855e-12 1.09855e-12 2.32762e-09 6.43342e-11 0 0 4.64348e+42 0 0 0
9.30572e+16 0 0 0 0 0 0 0 0 0 4.64348e+42 0 0 0