
1.07461e-07 0 0 2.69596e+53 3.24637e+53 3.286e+56 7.5697e+55 0 1.09904e+47 0 4.64348e+42 0 0 1
1.24094e-07 0 0 3.21045e+53 3.77081e+53 2.27673e+56 5.9488e+55 0 1.26915e+47 0 4.64348e+42 0 0 1
1.43301e-07 0 0 3.86805e+53 4.44628e+53 1.5719e+56 4.63224e+55 0 1.46559e+47 0 4.64348e+42 0 0 1
1.65482e-07 0 0 4.72977e+53 5.33624e+53 1.08529e+56 3.57248e+55 0 1.69244e+47 0 4.64348e+42 0 0 1
1.91095e-07 0 0 5.88691e+53 6.53521e+53 7.52548e+55 2.7276e+55 0 1.95439e+47 0 4.64348e+42 0 0 1
2.20673e-07 4.50616e-227 4.50616e-227 7.47481e+53 8.18259e+53 5.26564e+55 2.0609e+55 0 2.2569e+47 6.97653e-231 4.64348e+42 0 0 1
2.5483e-07 7.13692e-154 7.13692e-154 9.689e+53 1.04786e+54 3.73524e+55 1.54049e+55 0 2.60623e+47 7.38185e-158 4.64348e+42 0 0 1
2.94273e-07 9.97298e-100 9.97298e-100 1.27983e+54 1.36967e+54 2.69659e+55 1.13891e+55 0 3.00962e+47 6.7625e-104 4.64348e+42 0 0 1
3.39821e-07 1.1469e-59 1.1469e-59 1.71429e+54 1.81803e+54 1.98592e+55 8.3271e+54 0 3.47546e+47 5.02777e-64 4.64348e+42 0 0 1
3.92419e-07 5.08696e-30 5.08696e-30 2.30562e+54 2.42595e+54 1.49262e+55 6.02137e+54 0 4.0134e+47 1.43583e-34 4.64348e+42 0 0 1
4.53158e-07 4.38499e-08 4.38499e-08 3.01317e+54 3.14889e+54 1.14328e+55 4.30727e+54 0 4.6346e+47 8.20121e-13 4.64348e+42 0 0 1
5.23299e-07 7.05506e+08 7.05506e+08 3.60739e+54 3.74768e+54 8.89912e+54 3.04959e+54 0 5.35195e+47 9544.22 4.64348e+42 0 0 1
6.04296e-07 6.30238e+20 6.30238e+20 3.85869e+54 3.9883e+54 7.01513e+54 2.13886e+54 0 6.18034e+47 6.90237e+15 4.64348e+42 0 0 1
6.97831e-07 3.98372e+29 3.98372e+29 3.75754e+54 3.86659e+54 5.58099e+54 1.48792e+54 0 7.13694e+47 3.87988e+24 4.64348e+42 0 0 1
8.05842e-07 1.18717e+36 1.18717e+36 3.42956e+54 3.51559e+54 4.46743e+54 1.02847e+54 0 8.24161e+47 1.097e+31 4.64348e+42 0 0 1
9.30572e-07 6.78516e+40 6.78516e+40 3.0016e+54 3.0667e+54 3.58946e+54 7.07976e+53 0 9.51726e+47 6.20355e+35 4.64348e+42 0 0 1
1.07461e-06 2.09406e+44 2.09406e+44 2.55671e+54 2.60465e+54 2.88971e+54 4.86741e+53 0 1.09904e+48 1.94644e+39 4.64348e+42 0 0 1
1.24094e-06 7.48713e+46 7.48713e+46 2.13891e+54 2.1736e+54 2.32812e+54 3.35337e+53 0 1.26915e+48 7.2037e+41 4.64348e+42 0 0 1
1.43301e-06 5.4466e+48 5.4466e+48 1.7675e+54 1.79229e+54 1.87558e+54 2.32357e+53 0 1.46559e+48 5.49162e+43 4.64348e+42 0 0 1
1.65482e-06 1.22171e+50 1.22171e+50 1.44796e+54 1.46554e+54 1.51018e+54 1.6252e+53 0 1.69243e+48 1.30209e+45 4.64348e+42 0 0 1
1.91095e-06 1.1486e+51 1.1486e+51 1.17878e+54 1.19116e+54 1.21496e+54 1.15121e+53 0 1.95439e+48 1.30218e+46 4.64348e+42 0 0 1
2.20673e-06 5.67829e+51 5.67829e+51 9.55173e+53 9.63853e+53 9.76486e+53 8.27873e+52 0 2.2569e+48 6.87969e+46 4.64348e+42 0 0 1
2.5483e-06 1.74533e+52 1.74533e+52 7.71242e+53 7.77308e+53 7.83983e+53 6.05202e+52 0 2.60622e+48 2.26788e+47 4.64348e+42 0 0 1
2.94273e-06 3.77488e+52 3.77488e+52 6.20992e+53 6.25219e+53 6.28733e+53 4.4978e+52 0 3.00962e+48 5.27535e+47 4.64348e+42 0 0 1
3.39821e-06 6.29528e+52 6.29528e+52 4.98876e+53 5.01815e+53 5.03659e+53 3.39486e+52 0 3.47545e+48 9.48323e+47 4.64348e+42 0 0 1
3.92419e-06 8.66079e+52 8.66079e+52 4.00003e+53 4.02043e+53 4.03007e+53 2.59768e+52 0 4.01339e+48 1.40905e+48 4.64348e+42 0 0 1
4.53158e-06 1.03326e+53 1.03326e+53 3.20183e+53 3.21597e+53 3.221e+53 2.01069e+52 0 4.63459e+48 1.81863e+48 4.64348e+42 0 0 1
5.23299e-06 1.10914e+53 1.10914e+53 2.55896e+53 2.56875e+53 2.57136e+53 1.57079e+52 0 5.35193e+48 2.11523e+48 4.64348e+42 0 0 1
6.04296e-06 1.10083e+53 1.10083e+53 2.04221e+53 2.04897e+53 2.05032e+53 1.23595e+52 0 6.18032e+48 2.278e+48 4.64348e+42 0 0 1
6.97831e-06 1.03074e+53 1.03074e+53 1.62753e+53 1.63219e+53 1.6329e+53 9.77709e+51 0 7.13691e+48 2.31768e+48 4.64348e+42 0 0 1
8.05842e-06 9.24107e+52 9.24107e+52 1.29527e+53 1.29848e+53 1.29885e+53 7.76429e+51 0 8.24157e+48 2.26097e+48 4.64348e+42 0 0 1
9.30572e-06 8.02053e+52 8.02053e+52 1.02943e+53 1.03164e+53 1.03182e+53 6.18246e+51 0 9.51721e+48 2.13817e+48 4.64348e+42 0 0 1
1.07461e-05 6.79368e+52 6.79368e+52 8.17008e+52 8.18527e+52 8.18623e+52 4.93153e+51 0 1.09903e+49 1.97611e+48 4.64348e+42 0 0 1
1.24094e-05 5.64961e+52 5.64961e+52 6.47504e+52 6.48547e+52 6.48596e+52 3.93774e+51 0 1.26914e+49 1.7956e+48 4.64348e+42 0 0 1
1.43301e-05 4.63288e+52 4.63288e+52 5.12422e+52 5.13137e+52 5.13162e+52 3.14566e+51 0 1.46558e+49 1.61123e+48 4.64348e+42 0 0 1
1.65482e-05 3.75842e+52 3.75842e+52 4.04916e+52 4.05405e+52 4.05417e+52 2.51294e+51 0 1.69242e+49 1.43243e+48 4.64348e+42 0 0 1
1.91095e-05 3.02351e+52 3.02351e+52 3.19471e+52 3.19805e+52 3.19811e+52 2.00681e+51 0 1.95437e+49 1.26478e+48 4.64348e+42 0 0 1
2.20673e-05 2.41615e+52 2.41615e+52 2.51654e+52 2.51882e+52 2.51885e+52 1.60163e+51 0 2.25687e+49 1.1111e+48 4.64348e+42 0 0 1
2.5483e-05 1.92039e+52 1.92039e+52 1.97906e+52 1.98061e+52 1.98063e+52 1.27718e+51 0 2.60619e+49 9.72444e+47 4.64348e+42 0 0 1
2.94273e-05 1.51953e+52 1.51953e+52 1.55371e+52 1.55476e+52 1.55477e+52 1.01742e+51 0 3.00957e+49 8.48737e+47 4.64348e+42 0 0 1
3.39821e-05 1.19775e+52 1.19775e+52 1.21761e+52 1.21832e+52 1.21833e+52 8.09547e+50 0 3.47539e+49 7.39252e+47 4.64348e+42 0 0 1
3.92419e-05 9.40954e+51 9.40954e+51 9.5246e+51 9.52944e+51 9.52949e+51 6.43315e+50 0 4.01331e+49 6.42918e+47 4.64348e+42 0 0 1
4.53158e-05 7.36983e+51 7.36983e+51 7.43633e+51 7.43961e+51 7.43963e+51 5.10508e+50 0 4.63448e+49 5.58511e+47 4.64348e+42 0 0 1
5.23299e-05 5.75615e+51 5.75615e+51 5.7945e+51 5.79671e+51 5.79672e+51 4.04522e+50 0 5.35179e+49 4.84785e+47 4.64348e+42 0 0 1
6.04296e-05 4.48392e+51 4.48392e+51 4.50599e+51 4.50748e+51 4.50748e+51 3.20045e+50 0 6.18012e+49 4.20535e+47 4.64348e+42 0 0 1
6.97831e-05 3.48401e+51 3.48401e+51 3.49667e+51 3.49768e+51 3.49768e+51 2.52804e+50 0 7.13665e+49 3.64635e+47 4.64348e+42 0 0 1
8.05842e-05 2.70036e+51 2.70036e+51 2.70761e+51 2.70829e+51 2.70829e+51 1.99359e+50 0 8.24123e+49 3.16059e+47 4.64348e+42 0 0 1
9.30572e-05 2.08786e+51 2.08786e+51 2.092e+51 2.09245e+51 2.09245e+51 1.56946e+50 0 9.51675e+49 2.73888e+47 4.64348e+42 0 0 1
0.000107461 1.61037e+51 1.61037e+51 1.61273e+51 1.61303e+51 1.61303e+51 1.23341e+50 0 1.09897e+50 2.373e+47 4.64348e+42 0 0 1
0.000124094 1.23908e+51 1.23908e+51 1.24042e+51 1.24062e+51 1.24062e+51 9.67589e+49 0 1.26906e+50 2.05572e+47 4.64348e+42 0 0 1
0.000143301 9.51101e+50 9.51101e+50 9.51863e+50 9.51996e+50 9.51996e+50 7.57683e+49 0 1.46547e+50 1.78068e+47 4.64348e+42 0 0 1
0.000165482 7.28302e+50 7.28302e+50 7.28733e+50 7.28821e+50 7.28821e+50 5.92222e+49 0 1.69227e+50 1.54233e+47 4.64348e+42 0 0 1
0.000191095 5.56366e+50 5.56366e+50 5.5661e+50 5.56668e+50 5.56668e+50 4.6203e+49 0 1.95418e+50 1.33581e+47 4.64348e+42 0 0 1
0.000220673 4.2402e+50 4.2402e+50 4.24157e+50 4.24195e+50 4.24195e+50 3.59777e+49 0 2.25661e+50 1.15689e+47 4.64348e+42 0 0 1
0.00025483 3.22406e+50 3.22406e+50 3.22484e+50 3.22509e+50 3.22509e+50 2.79618e+49 0 2.60584e+50 1.00191e+47 4.64348e+42 0 0 1
0.000294273 2.44589e+50 2.44589e+50 2.44632e+50 2.44649e+50 2.44649e+50 2.16898e+49 0 3.00911e+50 8.67675e+46 4.64348e+42 0 0 1
0.000339821 1.85145e+50 1.85145e+50 1.8517e+50 1.8518e+50 1.8518e+50 1.67919e+49 0 3.47477e+50 7.5141e+46 4.64348e+42 0 0 1
0.000392419 1.39852e+50 1.39852e+50 1.39865e+50 1.39873e+50 1.39873e+50 1.29745e+49 0 4.01248e+50 6.50716e+46 4.64348e+42 0 0 1
0.000453158 1.05425e+50 1.05425e+50 1.05433e+50 1.05438e+50 1.05438e+50 1.00052e+49 0 4.63338e+50 5.63511e+46 4.64348e+42 0 0 1
0.000523299 7.93216e+49 7.93216e+49 7.93258e+49 7.93289e+49 7.93289e+49 7.70012e+48 0 5.35033e+50 4.8799e+46 4.64348e+42 0 0 1
0.000604296 5.95745e+49 5.95745e+49 5.95768e+49 5.95788e+49 5.95788e+49 5.91434e+48 0 6.17817e+50 4.22588e+46 4.64348e+42 0 0 1
0.000697831 4.46693e+49 4.46693e+49 4.46706e+49 4.46718e+49 4.46718e+49 4.53368e+48 0 7.13405e+50 3.65949e+46 4.64348e+42 0 0 1
0.000805842 3.34424e+49 3.34424e+49 3.34431e+49 3.34439e+49 3.34439e+49 3.46843e+48 0 8.23776e+50 3.16902e+46 4.64348e+42 0 0 1
0.000930572 2.50028e+49 2.50028e+49 2.50031e+49 2.50037e+49 2.50037e+49 2.64822e+48 0 9.51213e+50 2.74427e+46 4.64348e+42 0 0 1
0.00107461 1.867e+49 1.867e+49 1.86702e+49 1.86705e+49 1.86705e+49 2.018e+48 0 1.09835e+51 2.37645e+46 4.64348e+42 0 0 1
0.00124094 1.3926e+49 1.3926e+49 1.39261e+49 1.39264e+49 1.39264e+49 1.53476e+48 0 1.26823e+51 2.05793e+46 4.64348e+42 0 0 1
0.00143301 1.03777e+49 1.03777e+49 1.03777e+49 1.03779e+49 1.03779e+49 1.16499e+48 0 1.46437e+51 1.78209e+46 4.64348e+42 0 0 1
0.00165482 7.72723e+48 7.72723e+48 7.72726e+48 7.72736e+48 7.72736e+48 8.82634e+47 0 1.69081e+51 1.54323e+46 4.64348e+42 0 0 1
0.00191095 5.74986e+48 5.74986e+48 5.74988e+48 5.74994e+48 5.74994e+48 6.67477e+47 0 1.95223e+51 1.33639e+46 4.64348e+42 0 0 1
0.00220673 4.27622e+48 4.27622e+48 4.27623e+48 4.27627e+48 4.27627e+48 5.03861e+47 0 2.25401e+51 1.15726e+46 4.64348e+42 0 0 1
0.0025483 3.17898e+48 3.17898e+48 3.17898e+48 3.17901e+48 3.17901e+48 3.79693e+47 0 2.60237e+51 1.00215e+46 4.64348e+42 0 0 1
0.00294273 2.36264e+48 2.36264e+48 2.36264e+48 2.36266e+48 2.36266e+48 2.85651e+47 0 3.00449e+51 8.67827e+45 4.64348e+42 0 0 1
0.00339821 1.75567e+48 1.75567e+48 1.75568e+48 1.75569e+48 1.75569e+48 2.14565e+47 0 3.46861e+51 7.51507e+45 4.64348e+42 0 0 1
0.00392419 1.30461e+48 1.30461e+48 1.30462e+48 1.30462e+48 1.30462e+48 1.60934e+47 0 4.00427e+51 6.50779e+45 4.64348e+42 0 0 1
0.00453158 9.69539e+47 9.69539e+47 9.69539e+47 9.69543e+47 9.69543e+47 1.20545e+47 0 4.62242e+51 5.63551e+45 4.64348e+42 0 0 1
0.00523299 7.20684e+47 7.20684e+47 7.20684e+47 7.20687e+47 7.20687e+47 9.01815e+46 0 5.33572e+51 4.88015e+45 4.64348e+42 0 0 1
0.00604296 5.35886e+47 5.35886e+47 5.35886e+47 5.35888e+47 5.35888e+47 6.73916e+46 0 6.15869e+51 4.22604e+45 4.64348e+42 0 0 1
0.00697831 3.98654e+47 3.98654e+47 3.98655e+47 3.98656e+47 3.98656e+47 5.0312e+46 0 7.10808e+51 3.6596e+45 4.64348e+42 0 0 1
0.00805842 2.96733e+47 2.96733e+47 2.96733e+47 2.96734e+47 2.96734e+47 3.75296e+46 0 8.20314e+51 3.16908e+45 4.64348e+42 0 0 1
0.00930572 2.21018e+47 2.21018e+47 2.21018e+47 2.21018e+47 2.21018e+47 2.7975e+46 0 9.46597e+51 2.74431e+45 4.64348e+42 0 0 1
0.0107461 1.6475e+47 1.6475e+47 1.6475e+47 1.6475e+47 1.6475e+47 2.0841e+46 0 1.0922e+52 2.37648e+45 4.64348e+42 0 0 1
0.0124094 1.22914e+47 1.22914e+47 1.22914e+47 1.22914e+47 1.22914e+47 1.55194e+46 0 1.26003e+52 2.05794e+45 4.64348e+42 0 0 1
0.0143301 9.17911e+46 9.17911e+46 9.17911e+46 9.17913e+46 9.17913e+46 1.15531e+46 0 1.45344e+52 1.78211e+45 4.64348e+42 0 0 1
0.0165482 6.86219e+46 6.86219e+46 6.86219e+46 6.8622e+46 6.8622e+46 8.59896e+45 0 1.67624e+52 1.54324e+45 4.64348e+42 0 0 1
0.0191095 5.13603e+46 5.13603e+46 5.13603e+46 5.13604e+46 5.13604e+46 6.39983e+45 0 1.9328e+52 1.33639e+45 4.64348e+42 0 0 1
0.0220673 3.84891e+46 3.84891e+46 3.84891e+46 3.84891e+46 3.84891e+46 4.76346e+45 0 2.22813e+52 1.15727e+45 4.64348e+42 0 0 1
0.025483 2.88824e+46 2.88824e+46 2.88824e+46 2.88824e+46 2.88824e+46 3.54619e+45 0 2.56788e+52 1.00215e+45 4.64348e+42 0 0 1
0.0294273 2.17047e+46 2.17047e+46 2.17047e+46 2.17047e+46 2.17047e+46 2.64083e+45 0 2.95853e+52 8.67828e+44 4.64348e+42 0 0 1
0.0339821 1.6336e+46 1.6336e+46 1.6336e+46 1.6336e+46 1.6336e+46 1.96749e+45 0 3.40738e+52 7.51508e+44 4.64348e+42 0 0 1
0.0392419 1.23154e+46 1.23154e+46 1.23154e+46 1.23154e+46 1.23154e+46 1.46667e+45 0 3.92271e+52 6.50779e+44 4.64348e+42 0 0 1
0.0453158 9.30055e+45 9.30055e+45 9.30055e+45 9.30056e+45 9.30056e+45 1.09408e+45 0 4.51381e+52 5.63551e+44 4.64348e+42 0 0 1
0.0523299 7.03677e+45 7.03677e+45 7.03677e+45 7.03677e+45 7.03677e+45 8.1681e+44 0 5.19109e+52 4.88015e+44 4.64348e+42 0 0 1
0.0604296 5.3345e+45 5.3345e+45 5.3345e+45 5.3345e+45 5.3345e+45 6.1038e+44 0 5.96617e+52 4.22604e+44 4.64348e+42 0 0 1
0.0697831 4.05252e+45 4.05252e+45 4.05252e+45 4.05252e+45 4.05252e+45 4.56607e+44 0 6.85187e+52 3.6596e+44 4.64348e+42 0 0 1
0.0805842 3.08555e+45 3.08555e+45 3.08555e+45 3.08555e+45 3.08555e+45 3.41984e+44 0 7.86226e+52 3.16908e+44 4.64348e+42 0 0 1
0.0930572 2.355e+45 2.355e+45 2.355e+45 2.355e+45 2.355e+45 2.56479e+44 0 9.01264e+52 2.74431e+44 4.64348e+42 0 0 1
0.107461 1.80216e+45 1.80216e+45 1.80216e+45 1.80216e+45 1.80216e+45 1.92641e+44 0 1.03193e+53 2.37647e+44 4.64348e+42 0 0 1
0.124094 1.38311e+45 1.38311e+45 1.38311e+45 1.38311e+45 1.38311e+45 1.44936e+44 0 1.17996e+53 2.05794e+44 4.64348e+42 0 0 1
0.143301 1.06495e+45 1.06495e+45 1.06495e+45 1.06495e+45 1.06495e+45 1.09253e+44 0 1.34711e+53 1.7821e+44 4.64348e+42 0 0 1
0.165482 8.2304e+44 8.2304e+44 8.2304e+44 8.2304e+44 8.2304e+44 8.25341e+43 0 1.53513e+53 1.54324e+44 4.64348e+42 0 0 1
0.191095 6.38854e+44 6.38854e+44 6.38854e+44 6.38854e+44 6.38854e+44 6.25082e+43 0 1.7457e+53 1.33639e+44 4.64348e+42 0 0 1
0.220673 4.98478e+44 4.98478e+44 4.98478e+44 4.98479e+44 4.98479e+44 4.74845e+43 0 1.98025e+53 1.15726e+44 4.64348e+42 0 0 1
0.25483 3.91433e+44 3.91433e+44 3.91433e+44 3.91433e+44 3.91433e+44 3.6204e+43 0 2.23984e+53 1.00215e+44 4.64348e+42 0 0 1
0.294273 3.09816e+44 3.09816e+44 3.09816e+44 3.09816e+44 3.09816e+44 2.77291e+43 0 2.52494e+53 8.67825e+43 4.64348e+42 0 0 1
0.339821 2.47656e+44 2.47656e+44 2.47656e+44 2.47656e+44 2.47656e+44 2.13601e+43 0 2.83512e+53 7.51505e+43 4.64348e+42 0 0 1
0.392419 2.00433e+44 2.00433e+44 2.00433e+44 2.00433e+44 2.00433e+44 1.65749e+43 0 3.1687e+53 6.50776e+43 4.64348e+42 0 0 1
0.453158 1.64715e+44 1.64715e+44 1.64715e+44 1.64715e+44 1.64715e+44 1.29833e+43 0 3.52232e+53 5.63549e+43 4.64348e+42 0 0 1
0.523299 1.37886e+44 1.37886e+44 1.37886e+44 1.37886e+44 1.37886e+44 1.02928e+43 0 3.8904e+53 4.88013e+43 4.64348e+42 0 0 1
0.604296 1.17943e+44 1.17943e+44 1.17943e+44 1.17943e+44 1.17943e+44 8.28407e+42 0 4.26456e+53 4.22601e+43 4.64348e+42 0 0 1
0.697831 1.03339e+44 1.03339e+44 1.03339e+44 1.03339e+44 1.03339e+44 6.79195e+42 0 4.63302e+53 3.65957e+43 4.64348e+42 0 0 1
0.805842 9.28641e+43 9.28641e+43 9.28641e+43 9.28641e+43 9.28641e+43 5.69136e+42 0 4.98011e+53 3.16905e+43 4.64348e+42 0 0 1
0.930572 8.55552e+43 8.55552e+43 8.55552e+43 8.55552e+43 8.55552e+43 4.887e+42 0 5.28589e+53 2.74428e+43 4.64348e+42 0 0 1
1.07461 8.0629e+43 8.0629e+43 8.0629e+43 8.0629e+43 8.0629e+43 4.30545e+42 0 5.52636e+53 2.37645e+43 4.64348e+42 0 0 1
1.24094 7.74292e+43 7.74292e+43 7.74292e+43 7.74292e+43 7.74292e+43 3.88937e+42 0 5.67431e+53 2.05792e+43 4.64348e+42 0 0 1
1.43301 7.53895e+43 7.53895e+43 7.53895e+43 7.53895e+43 7.53895e+43 3.5932e+42 0 5.7013e+53 1.78208e+43 4.64348e+42 0 0 1
1.65482 7.40109e+43 7.40109e+43 7.40109e+43 7.40109e+43 7.40109e+43 3.38018e+42 0 5.58117e+53 1.54321e+43 4.64348e+42 0 0 1
1.91095 7.28512e+43 7.28512e+43 7.28512e+43 7.28512e+43 7.28512e+43 3.22025e+42 0 5.29509e+53 1.33636e+43 4.64348e+42 0 0 1
2.20673 7.15274e+43 7.15274e+43 7.15274e+43 7.15274e+43 7.15274e+43 3.08896e+42 0 4.83791e+53 1.15724e+43 4.64348e+42 0 0 1
2.5483 6.97294e+43 6.97294e+43 6.97294e+43 6.97294e+43 6.97294e+43 2.96703e+42 0 4.22457e+53 1.00212e+43 4.64348e+42 0 0 1
2.94273 6.7241e+43 6.7241e+43 6.7241e+43 6.7241e+43 6.7241e+43 2.84038e+42 0 3.49415e+53 8.67799e+42 4.64348e+42 0 0 1
3.39821 6.39593e+43 6.39593e+43 6.39593e+43 6.39593e+43 6.39593e+43 2.70034e+42 0 2.70876e+53 7.51479e+42 4.64348e+42 0 0 1
3.92419 5.99044e+43 5.99044e+43 5.99044e+43 5.99044e+43 5.99044e+43 2.54362e+42 0 1.94439e+53 6.5075e+42 4.64348e+42 0 0 1
4.53158 5.52071e+43 5.52071e+43 5.52071e+43 5.52071e+43 5.52071e+43 2.37161e+42 0 1.2745e+53 5.63522e+42 4.64348e+42 0 0 1
5.23299 5.00743e+43 5.00743e+43 5.00743e+43 5.00743e+43 5.00743e+43 2.18904e+42 0 7.50905e+52 4.87986e+42 4.64348e+42 0 0 1
6.04296 4.47399e+43 4.47399e+43 4.47399e+43 4.47399e+43 4.47399e+43 2.00204e+42 0 3.90631e+52 4.22575e+42 4.64348e+42 0 0 1
6.97831 3.94169e+43 3.94169e+43 3.94169e+43 3.94169e+43 3.94169e+43 1.81644e+42 0 1.7584e+52 3.65931e+42 4.64348e+42 0 0 1
8.05842 3.42687e+43 3.42687e+43 3.42687e+43 3.42687e+43 3.42687e+43 1.63659e+42 0 6.69374e+51 3.16879e+42 4.64348e+42 0 0 1
9.30572 2.94049e+43 2.94049e+43 2.94049e+43 2.94049e+43 2.94049e+43 1.4652e+42 0 2.09909e+51 2.74402e+42 4.64348e+42 0 0 1
10.7461 2.48933e+43 2.48933e+43 2.48933e+43 2.48933e+43 2.48933e+43 1.30369e+42 0 5.26159e+50 2.37619e+42 4.64348e+42 0 0 1
12.4094 2.07756e+43 2.07756e+43 2.07756e+43 2.07756e+43 2.07756e+43 1.15272e+42 0 1.01824e+50 2.05765e+42 4.64348e+42 0 0 1
14.3301 1.70783e+43 1.70783e+43 1.70783e+43 1.70783e+43 1.70783e+43 1.01262e+42 0 1.46163e+49 1.78182e+42 4.64348e+42 0 0 1
16.5482 1.3816e+43 1.3816e+43 1.3816e+43 1.3816e+43 1.3816e+43 8.83537e+41 0 1.48592e+48 1.54295e+42 4.64348e+42 0 0 1
19.1095 1.09913e+43 1.09913e+43 1.09913e+43 1.09913e+43 1.09913e+43 7.65452e+41 0 1.01422e+47 1.3361e+42 4.64348e+42 0 0 1
22.0673 8.59378e+42 8.59378e+42 8.59378e+42 8.59378e+42 8.59378e+42 6.58219e+41 0 4.36981e+45 1.15698e+42 4.64348e+42 0 0 1
25.483 6.60093e+42 6.60093e+42 6.60093e+42 6.60093e+42 6.60093e+42 5.61558e+41 0 1.10679e+44 1.00186e+42 4.64348e+42 0 0 1
29.4273 4.97949e+42 4.97949e+42 4.97949e+42 4.97949e+42 4.97949e+42 4.75084e+41 0 1.51785e+42 8.67538e+41 4.64348e+42 0 0 1
33.9821 3.6887e+42 3.6887e+42 3.6887e+42 3.6887e+42 3.6887e+42 3.98337e+41 0 1.02497e+40 7.51218e+41 4.64348e+42 0 0 1
39.2419 2.68352e+42 2.68352e+42 2.68353e+42 2.68353e+42 2.68353e+42 3.30803e+41 0 3.05412e+37 6.50489e+41 4.64348e+42 0 0 1
45.3158 1.91796e+42 1.91796e+42 1.91796e+42 1.91796e+42 1.91796e+42 2.71923e+41 0 3.53804e+34 5.63261e+41 4.64348e+42 0 0 1
52.3299 1.34773e+42 1.34773e+42 1.34773e+42 1.34773e+42 1.34773e+42 2.21102e+41 0 1.37668e+31 4.87725e+41 4.64348e+42 0 0 1
60.4296 9.32323e+41 9.32323e+41 9.32323e+41 9.32323e+41 9.32323e+41 1.77714e+41 0 1.5197e+27 4.22314e+41 4.64348e+42 0 0 1
69.7831 6.36246e+41 6.36246e+41 6.36246e+41 6.36246e+41 6.36246e+41 1.41108e+41 0 3.91608e+22 3.6567e+41 4.64348e+42 0 0 1
80.5842 4.29645e+41 4.29645e+41 4.29645e+41 4.29645e+41 4.29645e+41 1.10613e+41 0 1.8807e+17 3.16618e+41 4.64348e+42 0 0 1
93.0572 2.88327e+41 2.88327e+41 2.88327e+41 2.88327e+41 2.88327e+41 8.55518e+40 0 1.29785e+11 2.74141e+41 4.64348e+42 0 0 1
107.461 1.93377e+41 1.93377e+41 1.93377e+41 1.93377e+41 1.93377e+41 6.52515e+40 0 9531.39 2.37358e+41 4.64348e+42 0 0 1
124.094 1.30509e+41 1.30509e+41 1.30509e+41 1.30509e+41 1.30509e+41 4.90568e+40 0 5.26642e-05 2.05504e+41 4.64348e+42 0 0 1
143.301 8.92941e+40 8.92941e+40 8.92942e+40 8.92942e+40 8.92942e+40 3.63426e+40 0 1.46687e-14 1.77921e+41 4.64348e+42 0 0 1
165.482 6.23662e+40 6.23662e+40 6.23662e+40 6.23662e+40 6.23662e+40 2.65261e+40 0 1.29706e-25 1.54034e+41 4.64348e+42 0 0 1
191.095 4.46839e+40 4.46839e+40 4.46839e+40 4.46839e+40 4.46839e+40 1.90765e+40 0 2.13456e-38 1.33349e+41 4.64348e+42 0 0 1
220.673 3.29015e+40 3.29015e+40 3.29015e+40 3.29015e+40 3.29015e+40 1.3522e+40 0 3.52883e-53 1.15437e+41 4.64348e+42 0 0 1
254.83 2.48596e+40 2.48596e+40 2.48596e+40 2.48596e+40 2.48596e+40 9.45366e+39 0 2.87519e-70 9.99254e+40 4.64348e+42 0 0 1
294.273 1.91981e+40 1.91981e+40 1.91981e+40 1.91981e+40 1.91981e+40 6.52643e+39 0 5.07332e-90 8.64931e+40 4.64348e+42 0 0 1
339.821 1.50761e+40 1.50761e+40 1.50761e+40 1.50761e+40 1.50761e+40 4.45654e+39 0 7.50072e-113 7.48612e+40 4.64348e+42 0 0 1
392.419 1.19784e+40 1.19784e+40 1.19785e+40 1.19785e+40 1.19785e+40 3.01694e+39 0 3.10359e-139 6.47884e+40 4.64348e+42 0 0 1
453.158 9.58885e+39 9.58885e+39 9.58886e+39 9.58886e+39 9.58886e+39 2.03083e+39 0 1.01304e-169 5.60657e+40 4.64348e+42 0 0 1
523.299 7.70942e+39 7.70942e+39 7.70943e+39 7.70943e+39 7.70943e+39 1.36426e+39 0 6.04396e-205 4.85122e+40 4.64348e+42 0 0 1
604.296 6.21197e+39 6.21197e+39 6.21198e+39 6.21198e+39 6.21198e+39 9.18419e+38 0 1.21782e-245 4.19712e+40 4.64348e+42 0 0 1
697.831 5.00947e+39 5.00947e+39 5.00948e+39 5.00948e+39 5.00948e+39 6.22308e+38 0 0 3.6307e+40 4.64348e+42 0 0 1
805.842 4.03972e+39 4.03972e+39 4.03973e+39 4.03973e+39 4.03973e+39 4.26193e+38 0 0 3.1402e+40 4.64348e+42 0 0 1
930.572 3.25617e+39 3.25617e+39 3.25618e+39 3.25618e+39 3.25618e+39 2.96037e+38 0 0 2.71545e+40 4.64348e+42 0 0 1
1074.61 2.62274e+39 2.62274e+39 2.62274e+39 2.62274e+39 2.62274e+39 2.09037e+38 0 0 2.34763e+40 4.64348e+42 0 0 1
1240.94 2.11079e+39 2.11079e+39 2.11079e+39 2.11079e+39 2.11079e+39 1.50183e+38 0 0 2.02913e+40 4.64348e+42 0 0 1
1433.01 1.69729e+39 1.69729e+39 1.6973e+39 1.6973e+39 1.6973e+39 1.09734e+38 0 0 1.75332e+40 4.64348e+42 0 0 1
1654.82 1.36359e+39 1.36359e+39 1.3636e+39 1.3636e+39 1.3636e+39 8.14203e+37 0 0 1.51449e+40 4.64348e+42 0 0 1
1910.95 1.09453e+39 1.09453e+39 1.09454e+39 1.09454e+39 1.09454e+39 6.12192e+37 0 0 1.30769e+40 4.64348e+42 0 0 1
2206.73 8.77787e+38 8.77787e+38 8.77791e+38 8.77791e+38 8.77791e+38 4.65383e+37 0 0 1.12861e+40 4.64348e+42 0 0 1
2548.3 7.03337e+38 7.03337e+38 7.0334e+38 7.0334e+38 7.0334e+38 3.56904e+37 0 0 9.7355e+39 4.64348e+42 0 0 1
2942.73 5.6305e+38 5.6305e+38 5.63053e+38 5.63053e+38 5.63053e+38 2.75596e+37 0 0 8.39289e+39 4.64348e+42 0 0 1
3398.21 4.50331e+38 4.50331e+38 4.50334e+38 4.50334e+38 4.50334e+38 2.13934e+37 0 0 7.23043e+39 4.64348e+42 0 0 1
3924.19 3.59839e+38 3.59839e+38 3.59841e+38 3.59841e+38 3.59841e+38 1.66729e+37 0 0 6.22398e+39 4.64348e+42 0 0 1
4531.58 2.87251e+38 2.87251e+38 2.87253e+38 2.87253e+38 2.87253e+38 1.30322e+37 0 0 5.35267e+39 4.64348e+42 0 0 1
5232.99 2.29074e+38 2.29074e+38 2.29076e+38 2.29076e+38 2.29076e+38 1.02083e+37 0 0 4.59843e+39 4.64348e+42 0 0 1
6042.96 1.82487e+38 1.82487e+38 1.82489e+38 1.82489e+38 1.82489e+38 8.00813e+36 0 0 3.9456e+39 4.64348e+42 0 0 1
6978.31 1.45214e+38 1.45214e+38 1.45215e+38 1.45215e+38 1.45215e+38 6.28824e+36 0 0 3.38063e+39 4.64348e+42 0 0 1
8058.42 1.1542e+38 1.1542e+38 1.15422e+38 1.15422e+38 1.15422e+38 4.94044e+36 0 0 2.89179e+39 4.64348e+42 0 0 1
9305.72 9.16276e+37 9.16276e+37 9.16291e+37 9.16291e+37 9.16291e+37 3.8823e+36 0 0 2.46895e+39 4.64348e+42 0 0 1
10746.1 7.26466e+37 7.26466e+37 7.2648e+37 7.2648e+37 7.2648e+37 3.05052e+36 0 0 2.10332e+39 4.64348e+42 0 0 1
12409.4 5.752e+37 5.752e+37 5.75212e+37 5.75212e+37 5.75212e+37 2.39612e+36 0 0 1.7873e+39 4.64348e+42 0 0 1
14330.1 4.54783e+37 4.54783e+37 4.54794e+37 4.54794e+37 4.54794e+37 1.88105e+36 0 0 1.51432e+39 4.64348e+42 0 0 1
16548.2 3.59038e+37 3.59038e+37 3.59047e+37 3.59047e+37 3.59047e+37 1.47558e+36 0 0 1.27872e+39 4.64348e+42 0 0 1
19109.5 2.83003e+37 2.83003e+37 2.83012e+37 2.83012e+37 2.83012e+37 1.15643e+36 0 0 1.07556e+39 4.64348e+42 0 0 1
22067.3 2.227e+37 2.227e+37 2.22708e+37 2.22708e+37 2.22708e+37 9.05314e+35 0 0 9.00617e+38 4.64348e+42 0 0 1
25483 1.74942e+37 1.74942e+37 1.74949e+37 1.74949e+37 1.74949e+37 7.07843e+35 0 0 7.50215e+38 4.64348e+42 0 0 1
29427.3 1.37174e+37 1.37174e+37 1.3718e+37 1.3718e+37 1.3718e+37 5.52677e+35 0 0 6.21189e+38 4.64348e+42 0 0 1
33982.1 1.07354e+37 1.07354e+37 1.07359e+37 1.07359e+37 1.07359e+37 4.30869e+35 0 0 5.10798e+38 4.64348e+42 0 0 1
39241.9 8.38482e+36 8.38482e+36 8.38528e+36 8.38528e+36 8.38528e+36 3.35354e+35 0 0 4.16674e+38 4.64348e+42 0 0 1
45315.8 6.53529e+36 6.53529e+36 6.53568e+36 6.53568e+36 6.53568e+36 2.60554e+35 0 0 3.36765e+38 4.64348e+42 0 0 1
52329.9 5.08271e+36 5.08271e+36 5.08305e+36 5.08305e+36 5.08305e+36 2.0206e+35 0 0 2.69289e+38 4.64348e+42 0 0 1
60429.6 3.94414e+36 3.94414e+36 3.94443e+36 3.94443e+36 3.94443e+36 1.5639e+35 0 0 2.12694e+38 4.64348e+42 0 0 1
69783.1 3.05357e+36 3.05357e+36 3.05382e+36 3.05382e+36 3.05382e+36 1.20794e+35 0 0 1.65618e+38 4.64348e+42 0 0 1
80584.2 2.35851e+36 2.35851e+36 2.35871e+36 2.35871e+36 2.35871e+36 9.31021e+34 0 0 1.26858e+38 4.64348e+42 0 0 1
93057.2 1.81727e+36 1.81727e+36 1.81744e+36 1.81744e+36 1.81744e+36 7.16019e+34 0 0 9.53407e+37 4.64348e+42 0 0 1
107461 1.39682e+36 1.39682e+36 1.39696e+36 1.39696e+36 1.39696e+36 5.49442e+34 0 0 7.00997e+37 4.64348e+42 0 0 1
124094 1.07101e+36 1.07101e+36 1.07113e+36 1.07113e+36 1.07113e+36 4.20668e+34 0 0 5.02523e+37 4.64348e+42 0 0 1
143301 8.19182e+35 8.19182e+35 8.19275e+35 8.19275e+35 8.19275e+35 3.21348e+34 0 0 3.49861e+37 4.64348e+42 0 0 1
165482 6.25042e+35 6.25042e+35 6.25117e+35 6.25117e+35 6.25117e+35 2.44926e+34 0 0 2.35488e+37 4.64348e+42 0 0 1
191095 4.75771e+35 4.75771e+35 4.7583e+35 4.7583e+35 4.7583e+35 1.86265e+34 0 0 1.52442e+37 4.64348e+42 0 0 1
220673 3.61303e+35 3.61303e+35 3.61349e+35 3.61349e+35 3.61349e+35 1.41348e+34 0 0 9.43379e+36 4.64348e+42 0 0 1
254830 2.73756e+35 2.73756e+35 2.73792e+35 2.73792e+35 2.73792e+35 1.07038e+34 0 0 5.54219e+36 4.64348e+42 0 0 1
294273 2.06973e+35 2.06973e+35 2.07001e+35 2.07001e+35 2.07001e+35 8.08937e+33 0 0 3.06617e+36 4.64348e+42 0 0 1
339821 1.56159e+35 1.56159e+35 1.56181e+35 1.56181e+35 1.56181e+35 6.10186e+33 0 0 1.58269e+36 4.64348e+42 0 0 1
392419 1.17591e+35 1.17591e+35 1.17607e+35 1.17607e+35 1.17607e+35 4.59438e+33 0 0 7.54074e+35 4.64348e+42 0 0 1
453158 8.83857e+34 8.83857e+34 8.83982e+34 8.83982e+34 8.83982e+34 3.45347e+33 0 0 3.27545e+35 4.64348e+42 0 0 1
523299 6.632e+34 6.632e+34 6.63293e+34 6.63293e+34 6.63293e+34 2.59177e+33 1.13044e+31 0 1.27864e+35 4.64348e+42 0 0 1
604296 4.96833e+34 4.96833e+34 4.96903e+34 4.96903e+34 4.96903e+34 1.94221e+33 1.13532e+31 0 4.41236e+34 4.64348e+42 0 0 1
697831 3.71645e+34 3.71645e+34 3.71697e+34 3.71697e+34 3.71697e+34 1.45346e+33 1.1402e+31 0 1.32052e+34 4.64348e+42 0 0 1
805842 2.77617e+34 2.77617e+34 2.77655e+34 2.77655e+34 2.77655e+34 1.08632e+33 1.14509e+31 0 3.35274e+33 4.64348e+42 0 0 1
930572 2.07114e+34 2.07114e+34 2.07142e+34 2.07142e+34 2.07142e+34 8.10974e+32 1.14997e+31 0 7.04011e+32 4.64348e+42 0 0 1
1.07461e+06 1.54334e+34 1.54334e+34 1.54355e+34 1.54355e+34 1.54355e+34 6.04769e+32 1.15558e+31 0 1.18719e+32 4.64348e+42 0 0 1
1.24094e+06 1.14882e+34 1.14882e+34 1.14897e+34 1.14897e+34 1.14897e+34 4.50556e+32 1.15711e+31 0 1.55409e+31 4.64348e+42 0 0 1
1.43301e+06 8.54332e+33 8.54332e+33 8.54437e+33 8.54437e+33 8.54437e+33 3.35371e+32 1.15908e+31 0 1.51855e+30 4.64348e+42 0 0 1
1.65482e+06 6.34787e+33 6.34787e+33 6.34862e+33 6.34862e+33 6.34862e+33 2.49438e+32 1.1616e+31 0 1.05857e+29 4.64348e+42 0 0 1
1.91095e+06 4.71307e+33 4.71307e+33 4.7136e+33 4.7136e+33 4.7136e+33 1.85397e+32 1.16511e+31 0 4.99622e+27 4.64348e+42 0 0 1
2.20673e+06 3.49705e+33 3.49705e+33 3.49743e+33 3.49743e+33 3.49743e+33 1.37717e+32 1.16967e+31 0 1.5031e+26 4.64348e+42 0 0 1
2.5483e+06 2.5934e+33 2.5934e+33 2.59367e+33 2.59367e+33 2.59367e+33 1.02249e+32 1.17565e+31 0 2.68832e+24 4.64348e+42 0 0 1
2.94273e+06 1.92245e+33 1.92245e+33 1.92264e+33 1.92264e+33 1.92264e+33 7.58869e+31 1.1835e+31 0 2.63733e+22 4.64348e+42 0 0 1
3.39821e+06 1.42465e+33 1.42465e+33 1.42478e+33 1.42478e+33 1.42478e+33 5.6306e+31 1.19445e+31 0 1.29322e+20 4.64348e+42 0 0 1
3.92419e+06 1.05555e+33 1.05555e+33 1.05564e+33 1.05564e+33 1.05564e+33 4.17707e+31 1.20866e+31 0 2.84697e+17 4.64348e+42 0 0 1
4.53158e+06 7.82007e+32 7.82007e+32 7.82071e+32 7.82071e+32 7.82071e+32 3.09864e+31 1.22698e+31 0 2.4858e+14 4.64348e+42 0 0 1
5.23299e+06 5.79374e+32 5.79374e+32 5.79418e+32 5.79418e+32 5.79418e+32 2.29886e+31 1.25016e+31 0 7.46032e+10 4.64348e+42 0 0 1
6.04296e+06 4.29312e+32 4.29312e+32 4.29342e+32 4.29342e+32 4.29342e+32 1.70599e+31 1.28088e+31 0 6.52335e+06 4.64348e+42 0 0 1
6.97831e+06 3.18203e+32 3.18203e+32 3.18224e+32 3.18224e+32 3.18224e+32 1.26666e+31 1.31711e+31 0 137.311 4.64348e+42 0 0 1
8.05842e+06 2.35946e+32 2.35946e+32 2.35961e+32 2.35961e+32 2.35961e+32 9.41247e+30 1.35991e+31 0 0.000558132 4.64348e+42 0 0 1
9.30572e+06 1.75054e+32 1.75054e+32 1.75065e+32 1.75065e+32 1.75065e+32 7.00389e+30 1.4084e+31 0 3.39638e-10 4.64348e+42 0 0 1
1.07461e+07 1.29983e+32 1.29983e+32 1.2999e+32 1.2999e+32 1.2999e+32 5.22348e+30 1.46649e+31 0 2.30614e-17 4.64348e+42 0 0 1
1.24094e+07 9.66209e+31 9.66209e+31 9.66258e+31 9.66258e+31 9.66258e+31 3.90893e+30 1.52357e+31 0 1.24432e-25 4.64348e+42 0 0 1
1.43301e+07 7.19286e+31 7.19286e+31 7.1932e+31 7.1932e+31 7.1932e+31 2.9406e+30 1.57934e+31 0 3.60511e-35 4.64348e+42 0 0 1
1.65482e+07 5.36561e+31 5.36561e+31 5.36586e+31 5.36586e+31 5.36586e+31 2.22971e+30 1.63111e+31 0 3.56671e-46 4.64348e+42 0 0 1
1.91095e+07 4.01424e+31 4.01424e+31 4.01441e+31 4.01441e+31 4.01441e+31 1.71128e+30 1.67574e+31 0 7.14444e-59 4.64348e+42 0 0 1
2.20673e+07 3.01461e+31 3.01461e+31 3.01473e+31 3.01473e+31 3.01473e+31 1.33415e+30 1.71424e+31 0 1.58443e-73 4.64348e+42 0 0 1
2.5483e+07 2.27585e+31 2.27585e+31 2.27593e+31 2.27593e+31 2.27593e+31 1.06264e+30 1.74125e+31 0 1.93759e-90 4.64348e+42 0 0 1
2.94273e+07 1.72969e+31 1.72969e+31 1.72976e+31 1.72976e+31 1.72976e+31 8.67814e+29 1.74159e+31 0 5.84194e-110 4.64348e+42 0 0 1
3.39821e+07 1.32605e+31 1.32605e+31 1.32609e+31 1.32609e+31 1.32609e+31 7.29214e+29 1.71048e+31 0 1.71424e-132 4.64348e+42 0 0 1
3.92419e+07 1.0267e+31 1.0267e+31 1.02673e+31 1.02673e+31 1.02673e+31 6.28894e+29 1.64708e+31 0 1.67354e-158 4.64348e+42 0 0 1
4.53158e+07 8.04724e+30 8.04724e+30 8.0475e+30 8.0475e+30 8.0475e+30 5.56928e+29 1.56256e+31 0 1.57372e-188 4.64348e+42 0 0 1
5.23299e+07 6.39408e+30 6.39408e+30 6.39428e+30 6.39428e+30 6.39428e+30 5.04034e+29 1.4651e+31 0 3.40644e-223 4.64348e+42 0 0 1
6.04296e+07 5.14746e+30 5.14746e+30 5.14762e+30 5.14762e+30 5.14762e+30 4.61729e+29 1.3451e+31 0 3.25002e-263 4.64348e+42 0 0 1
6.97831e+07 4.19339e+30 4.19339e+30 4.19351e+30 4.19351e+30 4.19351e+30 4.24866e+29 1.20525e+31 0 0 4.64348e+42 0 0 1
8.05842e+07 3.45211e+30 3.45211e+30 3.45222e+30 3.45222e+30 3.45222e+30 3.908e+29 1.04786e+31 0 0 4.64348e+42 0 0 1
9.30572e+07 2.86321e+30 2.86321e+30 2.8633e+30 2.8633e+30 2.8633e+30 3.57268e+29 8.78453e+30 0 0 4.64348e+42 0 0 1
1.07461e+08 2.38131e+30 2.38131e+30 2.38138e+30 2.38138e+30 2.38138e+30 3.22471e+29 7.0662e+30 0 0 4.64348e+42 9.48548 0 1
1.24094e+08 1.98733e+30 1.98733e+30 1.98739e+30 1.98739e+30 1.98739e+30 2.88664e+29 5.59317e+30 0 0 4.64348e+42 8.33316 0 1
1.43301e+08 1.65554e+30 1.65554e+30 1.65559e+30 1.65559e+30 1.65559e+30 2.54702e+29 4.34879e+30 0 0 4.64348e+42 7.32082 0 1
1.65482e+08 1.37058e+30 1.37058e+30 1.37062e+30 1.37062e+30 1.37062e+30 2.20662e+29 3.32747e+30 0 0 4.64348e+42 6.43146 0 1
1.91095e+08 1.11704e+30 1.11704e+30 1.11708e+30 1.11708e+30 1.11708e+30 1.85639e+29 2.48084e+30 0 0 4.64348e+42 5.65014 0 1
2.20673e+08 9.05199e+29 9.05199e+29 9.05226e+29 9.05226e+29 9.05226e+29 1.54294e+29 1.8593e+30 0 0 4.64348e+42 4.96375 0 1
2.5483e+08 7.25725e+29 7.25725e+29 7.25747e+29 7.25747e+29 7.25747e+29 1.25947e+29 1.3778e+30 0 0 4.64348e+42 4.36073 0 1
2.94273e+08 5.74983e+29 5.74983e+29 5.75001e+29 5.75001e+29 5.75001e+29 1.00914e+29 1.00972e+30 0 0 4.64348e+42 3.83098 0 1
3.39821e+08 4.46803e+29 4.46803e+29 4.46817e+29 4.46817e+29 4.46817e+29 7.8591e+28 7.26848e+29 0 0 4.64348e+42 3.51406 0 1
3.92419e+08 3.46718e+29 3.46718e+29 3.46729e+29 3.46729e+29 3.46729e+29 6.10205e+28 5.31767e+29 0 0 4.64348e+42 3.36558 0 1
4.53158e+08 2.66589e+29 2.66589e+29 2.66597e+29 2.66597e+29 2.66597e+29 4.67234e+28 3.87258e+29 0 0 4.64348e+42 3.22337 0 1
5.23299e+08 2.02856e+29 2.02856e+29 2.02863e+29 2.02863e+29 2.02863e+29 3.52169e+28 2.80847e+29 0 0 4.64348e+42 3.08716 0 1
6.04296e+08 1.53207e+29 1.53207e+29 1.53212e+29 1.53212e+29 1.53212e+29 2.6227e+28 2.01527e+29 0 0 4.64348e+42 2.95672 0 1
6.97831e+08 1.1681e+29 1.1681e+29 1.16814e+29 1.16814e+29 1.16814e+29 1.97703e+28 1.47594e+29 0 0 4.64348e+42 2.83178 0 1
8.05842e+08 8.88166e+28 8.88166e+28 8.88197e+28 8.88197e+28 8.88197e+28 1.48255e+28 1.07915e+29 0 0 4.64348e+42 2.71212 0 1
9.30572e+08 6.73084e+28 6.73084e+28 6.73107e+28 6.73107e+28 6.73107e+28 1.10479e+28 7.87147e+28 0 0 4.64348e+42 2.59752 0 1
1.07461e+09 5.06663e+28 5.06663e+28 5.06682e+28 5.06682e+28 5.06682e+28 8.13658e+27 5.6603e+28 0 0 4.64348e+42 2.60689 0 1
1.24094e+09 3.86968e+28 3.86968e+28 3.86982e+28 3.86982e+28 3.86982e+28 6.11741e+27 4.16456e+28 0 0 4.64348e+42 2.74156 0 1
1.43301e+09 2.96032e+28 2.96032e+28 2.96043e+28 2.96043e+28 2.96043e+28 4.60644e+27 3.05587e+28 0 0 4.64348e+42 2.88318 0 1
1.65482e+09 2.26187e+28 2.26187e+28 2.26195e+28 2.26195e+28 2.26195e+28 3.4592e+27 2.23558e+28 0 0 4.64348e+42 3.03212 0 1
1.91095e+09 1.71735e+28 1.71735e+28 1.71742e+28 1.71742e+28 1.71742e+28 2.56958e+27 1.60868e+28 0 0 4.64348e+42 3.18876 0 1
2.20673e+09 1.3191e+28 1.3191e+28 1.31916e+28 1.31916e+28 1.31916e+28 1.94475e+27 1.18617e+28 0 0 4.64348e+42 3.35349 0 1
2.5483e+09 1.01126e+28 1.01126e+28 1.01131e+28 1.01131e+28 1.01131e+28 1.46786e+27 8.72198e+27 0 0 4.64348e+42 3.52673 0 1
2.94273e+09 7.72861e+27 7.72861e+27 7.72893e+27 7.72893e+27 7.72893e+27 1.1031e+27 6.39286e+27 0 0 4.64348e+42 3.70892 0 1
3.39821e+09 5.84846e+27 5.84846e+27 5.8487e+27 5.8487e+27 5.8487e+27 8.15955e+26 4.60889e+27 0 0 4.64348e+42 3.90052 0 1
3.92419e+09 4.46963e+27 4.46963e+27 4.46982e+27 4.46982e+27 4.46982e+27 6.15284e+26 3.40081e+27 0 0 4.64348e+42 4.10201 0 1
4.53158e+09 3.40381e+27 3.40381e+27 3.40395e+27 3.40395e+27 3.40395e+27 4.62395e+26 2.50042e+27 0 0 4.64348e+42 4.31392 0 1
5.23299e+09 2.58191e+27 2.58191e+27 2.58203e+27 2.58203e+27 2.58203e+27 3.46237e+26 1.83093e+27 0 0 4.64348e+42 4.53677 0 1
6.04296e+09 1.93542e+27 1.93542e+27 1.93551e+27 1.93551e+27 1.93551e+27 2.54681e+26 1.3198e+27 0 0 4.64348e+42 4.77114 0 1
6.97831e+09 1.46346e+27 1.46346e+27 1.46353e+27 1.46353e+27 1.46353e+27 1.91221e+26 9.72781e+26 0 0 4.64348e+42 5.01761 0 1
8.05842e+09 1.10171e+27 1.10171e+27 1.10176e+27 1.10176e+27 1.10176e+27 1.43067e+26 7.15038e+26 0 0 4.64348e+42 5.27682 0 1
9.30572e+09 8.24775e+26 8.24775e+26 8.24815e+26 8.24815e+26 8.24815e+26 1.06398e+26 5.24114e+26 0 0 4.64348e+42 5.54941 0 1
1.07461e+10 6.11217e+26 6.11217e+26 6.11247e+26 6.11247e+26 6.11247e+26 7.79178e+25 3.78979e+26 0 0 4.64348e+42 6.22654 0 1
1.24094e+10 4.55971e+26 4.55971e+26 4.55994e+26 4.55994e+26 4.55994e+26 5.79787e+25 2.80257e+26 0 0 4.64348e+42 7.4537 0 1
1.43301e+10 3.38753e+26 3.38753e+26 3.3877e+26 3.3877e+26 3.3877e+26 4.29068e+25 2.06731e+26 0 0 4.64348e+42 8.92272 0 1
1.65482e+10 2.51046e+26 2.51046e+26 2.51059e+26 2.51059e+26 2.51059e+26 3.16609e+25 1.52027e+26 0 0 4.64348e+42 10.6812 0 1
1.91095e+10 1.843e+26 1.843e+26 1.8431e+26 1.8431e+26 1.8431e+26 2.29801e+25 1.09936e+26 0 0 4.64348e+42 12.7864 0 1
2.20673e+10 1.3603e+26 1.3603e+26 1.36037e+26 1.36037e+26 1.36037e+26 1.69435e+25 8.13477e+25 0 0 4.64348e+42 15.3064 34.7254 1
2.5483e+10 9.82828e+25 9.82828e+25 9.82894e+25 9.82894e+25 9.82894e+25 1.22691e+25 5.99937e+25 0 0 4.64348e+42 18.323 22.9578 1
2.94273e+10 6.58681e+25 6.58681e+25 6.58759e+25 6.58759e+25 6.58759e+25 8.54655e+24 4.40906e+25 0 0 4.64348e+42 21.9342 15.5417 1
3.39821e+10 3.64035e+25 3.64035e+25 3.64142e+25 3.64142e+25 3.64142e+25 5.70523e+24 3.18126e+25 0 0 4.64348e+42 26.2571 10.7604 1
3.92419e+10 1.57332e+25 1.57332e+25 1.57459e+25 1.57459e+25 1.57459e+25 3.88981e+24 2.354e+25 0 0 4.64348e+42 31.432 7.61059 1
4.53158e+10 5.74858e+24 5.74858e+24 5.76037e+24 5.76037e+24 5.76037e+24 2.7194e+24 1.73749e+25 0 0 4.64348e+42 37.6268 5.49245 1
5.23299e+10 2.04451e+24 2.04451e+24 2.0541e+24 2.0541e+24 2.0541e+24 1.95272e+24 1.2788e+25 0 0 4.64348e+42 45.0425 4.04008 1
6.04296e+10 7.59032e+23 7.59032e+23 7.6633e+23 7.6633e+23 7.6633e+23 1.40001e+24 9.23891e+24 0 0 4.64348e+42 53.9196 3.02568 1
6.97831e+10 3.06496e+23 3.06496e+23 3.11962e+23 3.11962e+23 3.11962e+23 1.03678e+24 6.852e+24 0 0 4.64348e+42 64.5464 2.3047 1
8.05842e+10 1.33177e+23 1.33177e+23 1.37215e+23 1.37215e+23 1.37215e+23 7.67981e+23 5.0695e+24 0 0 4.64348e+42 77.2675 1.78376 1
9.30572e+10 6.18909e+22 6.18909e+22 6.48486e+22 6.48486e+22 6.48486e+22 5.68054e+23 3.73962e+24 0 0 4.64348e+42 92.4958 1.40144 1
1.07461e+11 3.03157e+22 3.03157e+22 3.24545e+22 3.24545e+22 3.24545e+22 4.12476e+23 2.70512e+24 0 0 4.64348e+42 110.725 1.11671 1
1.24094e+11 1.58269e+22 1.58269e+22 1.73845e+22 1.73845e+22 1.73845e+22 3.06923e+23 2.0083e+24 0 0 4.64348e+42 132.548 0.901709 1
1.43301e+11 8.64795e+21 8.64795e+21 9.7779e+21 9.7779e+21 9.7779e+21 2.27618e+23 1.48664e+24 0 0 4.64348e+42 158.671 0.737233 1
1.65482e+11 4.91704e+21 4.91704e+21 5.7338e+21 5.7338e+21 5.7338e+21 1.68155e+23 1.0967e+24 0 0 4.64348e+42 189.942 0.609868 1
1.91095e+11 2.87537e+21 2.87537e+21 3.4597e+21 3.4597e+21 3.4597e+21 1.21802e+23 7.92658e+23 0 0 4.64348e+42 227.377 0.510106 1
2.20673e+11 1.75643e+21 1.75643e+21 2.17843e+21 2.17843e+21 2.17843e+21 9.04445e+22 5.88036e+23 0 0 4.64348e+42 272.19 0.431129 1
2.5483e+11 1.10363e+21 1.10363e+21 1.40765e+21 1.40765e+21 1.40765e+21 6.69366e+22 4.34871e+23 0 0 4.64348e+42 325.834 0.367983 1
2.94273e+11 7.11272e+20 7.11272e+20 9.29815e+20 9.29815e+20 9.29815e+20 4.93686e+22 3.20439e+23 0 0 4.64348e+42 390.052 0.317029 1
3.39821e+11 4.65503e+20 4.65503e+20 6.21113e+20 6.21113e+20 6.21113e+20 3.57116e+22 2.31228e+23 0 0 4.64348e+42 0 0.275565 1
3.92419e+11 3.14984e+20 3.14984e+20 4.26999e+20 4.26999e+20 4.26999e+20 2.64944e+22 1.71296e+23 0 0 4.64348e+42 0 0.241562 1
4.53158e+11 2.17078e+20 2.17078e+20 2.9756e+20 2.9756e+20 2.9756e+20 1.9591e+22 1.26477e+23 0 0 4.64348e+42 0 0.213483 1
5.23299e+11 1.52052e+20 1.52052e+20 2.0977e+20 2.0977e+20 2.0977e+20 1.44354e+22 9.30268e+22 0 0 4.64348e+42 0 0.190154 1
6.04296e+11 1.07115e+20 1.07115e+20 1.48075e+20 1.48075e+20 1.48075e+20 1.04259e+22 6.69676e+22 0 0 4.64348e+42 0 0.170669 1
6.97831e+11 7.74617e+19 7.74617e+19 1.06872e+20 1.06872e+20 1.06872e+20 7.7248e+21 4.95029e+22 0 0 4.64348e+42 0 0.154323 1
8.05842e+11 5.65982e+19 5.65982e+19 7.76626e+19 7.76626e+19 7.76626e+19 5.70359e+21 3.6462e+22 0 0 4.64348e+42 0 0.140565 1
9.30572e+11 4.17131e+19 4.17131e+19 5.67589e+19 5.67589e+19 5.67589e+19 4.19568e+21 2.67463e+22 0 0 4.64348e+42 0 0.12896 1
1.07461e+12 3.06547e+19 3.06548e+19 4.1264e+19 4.1264e+19 4.1264e+19 3.02328e+21 1.91868e+22 0 0 4.64348e+42 0 0.119166 1
1.24094e+12 2.30195e+19 2.30195e+19 3.05965e+19 3.05965e+19 3.05965e+19 2.23543e+21 1.4138e+22 0 0 4.64348e+42 0 0.110908 1
1.43301e+12 1.73611e+19 1.73611e+19 2.27542e+19 2.27542e+19 2.27542e+19 1.64677e+21 1.0377e+22 0 0 4.64348e+42 0 0.103969 1
1.65482e+12 1.31378e+19 1.31378e+19 1.69635e+19 1.69635e+19 1.69635e+19 1.20831e+21 7.58224e+21 0 0 4.64348e+42 0 0.098177 1
1.91095e+12 9.8496e+18 9.84961e+18 1.25222e+19 1.25222e+19 1.25222e+19 8.6776e+20 5.4122e+21 0 0 4.64348e+42 0 0.0933933 1
2.20673e+12 7.54232e+18 7.54232e+18 9.4395e+18 9.4395e+18 9.4395e+18 6.39677e+20 3.97004e+21 0 0 4.64348e+42 0 0.0895108 1
2.5483e+12 5.78615e+18 5.78616e+18 7.12925e+18 7.12925e+18 7.12925e+18 4.69648e+20 2.89945e+21 0 0 4.64348e+42 0 0.0864461 1
2.94273e+12 4.44654e+18 4.44654e+18 5.39522e+18 5.39522e+18 5.39522e+18 3.43331e+20 2.10695e+21 0 0 4.64348e+42 0 0.0841374 1
3.39821e+12 3.37334e+18 3.37334e+18 4.03255e+18 4.03255e+18 4.03255e+18 2.45378e+20 1.49341e+21 0 0 4.64348e+42 0 0.082541 1
3.92419e+12 2.62438e+18 2.62439e+18 3.09268e+18 3.09268e+18 3.09268e+18 1.80098e+20 1.08858e+21 0 0 4.64348e+42 0 0.08163 1
4.53158e+12 2.04565e+18 2.04566e+18 2.37806e+18 2.37806e+18 2.37806e+18 1.31596e+20 7.8955e+20 0 0 4.64348e+42 0 0.0813928 1
5.23299e+12 1.59721e+18 1.59721e+18 1.83299e+18 1.83299e+18 1.83299e+18 9.5697e+19 5.69403e+20 0 0 4.64348e+42 0 0.0818329 1
6.04296e+12 1.22724e+18 1.22724e+18 1.39148e+18 1.39148e+18 1.39148e+18 6.79307e+19 3.99678e+20 0 0 4.64348e+42 0 0.0829683 1
6.97831e+12 9.70754e+17 9.70754e+17 1.0883e+18 1.0883e+18 1.0883e+18 4.95553e+19 2.88823e+20 0 0 4.64348e+42 0 0.0848322 1
8.05842e+12 7.68262e+17 7.68262e+17 8.52287e+17 8.52287e+17 8.52287e+17 3.59684e+19 2.07512e+20 0 0 4.64348e+42 0 0.0874729 1
9.30572e+12 6.07742e+17 6.07743e+17 6.67688e+17 6.67688e+17 6.67688e+17 2.59649e+19 1.48109e+20 0 0 4.64348e+42 0 0.0909553 1
1.07461e+13 4.70704e+17 4.70705e+17 5.12517e+17 5.12517e+17 5.12517e+17 1.82573e+19 1.02578e+20 0 0 4.64348e+42 0 0.0953611 1
1.24094e+13 3.75779e+17 3.75779e+17 4.05802e+17 4.05802e+17 4.05802e+17 1.32069e+19 7.32619e+19 0 0 4.64348e+42 0 0.10079 1
1.43301e+13 2.99221e+17 2.99222e+17 3.20698e+17 3.20698e+17 3.20698e+17 9.49798e+18 5.1968e+19 0 0 4.64348e+42 0 0.10736 1
1.65482e+13 2.37395e+17 2.37396e+17 2.52686e+17 2.52686e+17 2.52686e+17 6.78741e+18 3.65759e+19 0 0 4.64348e+42 0 0.115206 1
1.91095e+13 1.83377e+17 1.83377e+17 1.93965e+17 1.93965e+17 1.93965e+17 4.71064e+18 2.48737e+19 0 0 4.64348e+42 0 0.12448 1
2.20673e+13 1.46116e+17 1.46116e+17 1.53672e+17 1.53672e+17 1.53672e+17 3.36851e+18 1.74865e+19 0 0 4.64348e+42 0 0.135345 1
2.5483e+13 1.15802e+17 1.15802e+17 1.21162e+17 1.21162e+17 1.21162e+17 2.39223e+18 1.21928e+19 0 0 4.64348e+42 0 0.147968 1
2.94273e+13 9.12036e+16 9.1204e+16 9.49779e+16 9.49779e+16 9.49779e+16 1.68619e+18 8.42214e+18 0 0 4.64348e+42 0 0.162507 1
3.39821e+13 6.95419e+16 6.95423e+16 7.21133e+16 7.21133e+16 7.21133e+16 1.14941e+18 5.58695e+18 0 0 4.64348e+42 0 0.179093 1
3.92419e+13 5.47942e+16 5.47947e+16 5.66033e+16 5.66033e+16 5.66033e+16 8.0918e+17 3.84568e+18 0 0 4.64348e+42 0 0.197804 1
4.53158e+13 4.28449e+16 4.28454e+16 4.41072e+16 4.41072e+16 4.41072e+16 5.64944e+17 2.6207e+18 0 0 4.64348e+42 0 0.218621 1
5.23299e+13 3.32161e+16 3.32166e+16 3.40888e+16 3.40888e+16 3.40888e+16 3.90862e+17 1.76551e+18 0 0 4.64348e+42 0 0.241387 1
6.04296e+13 2.47643e+16 2.47648e+16 2.53443e+16 2.53443e+16 2.53443e+16 2.59943e+17 1.13222e+18 0 0 4.64348e+42 0 0.265741 1
6.97831e+13 1.914e+16 1.91405e+16 1.95394e+16 1.95394e+16 1.95394e+16 1.79171e+17 7.57708e+17 0 0 4.64348e+42 0 0.291055 1
8.05842e+13 1.4646e+16 1.46463e+16 1.49181e+16 1.49181e+16 1.49181e+16 1.22242e+17 5.00824e+17 0 0 4.64348e+42 0 0.316368 1
9.30572e+13 1.10838e+16 1.10842e+16 1.12672e+16 1.12672e+16 1.12672e+16 8.24723e+16 3.26336e+17 0 0 4.64348e+42 0 0.340344 1
1.07461e+14 7.99242e+15 7.99273e+15 8.11007e+15 8.11007e+15 8.11007e+15 5.30133e+16 1.99804e+17 0 0 4.64348e+42 0 0 1
1.24094e+14 6.00528e+15 6.00562e+15 6.084e+15 6.084e+15 6.084e+15 3.55101e+16 1.2879e+17 0 0 4.64348e+42 0 0 1
1.43301e+14 4.45412e+15 4.45457e+15 4.50624e+15 4.50624e+15 4.50624e+15 2.34829e+16 8.17349e+16 0 0 4.64348e+42 0 0 1
1.65482e+14 3.25654e+15 3.25722e+15 3.29078e+15 3.29078e+15 3.29078e+15 1.53118e+16 5.09467e+16 0 0 4.64348e+42 0 0 1
1.91095e+14 2.23776e+15 2.23872e+15 2.2592e+15 2.2592e+15 2.2592e+15 9.38727e+15 2.92594e+16 0 0 4.64348e+42 0 0 1
2.20673e+14 1.61496e+15 1.61632e+15 1.62946e+15 1.62946e+15 1.62946e+15 6.04777e+15 1.79387e+16 0 0 4.64348e+42 0 0 1
2.5483e+14 1.14562e+15 1.14737e+15 1.15565e+15 1.15565e+15 1.15565e+15 3.83277e+15 1.07842e+16 0 0 4.64348e+42 0 0 1
2.94273e+14 7.97431e+14 7.99478e+14 8.04595e+14 8.04595e+14 8.04595e+14 2.38573e+15 6.33665e+15 0 0 4.64348e+42 0 0 1
3.39821e+14 5.10642e+14 5.12686e+14 5.15598e+14 5.15598e+14 5.15598e+14 1.36772e+15 3.32751e+15 0 0 4.64348e+42 0 0 1
3.92419e+14 3.47889e+14 3.49923e+14 3.51686e+14 3.51686e+14 3.51686e+14 8.35266e+14 1.90799e+15 0 0 4.64348e+42 0 0 1
4.53158e+14 2.31637e+14 2.33504e+14 2.34548e+14 2.34548e+14 2.34548e+14 4.99228e+14 1.06718e+15 0 0 4.64348e+42 0 0 1
5.23299e+14 1.50458e+14 1.52047e+14 1.5265e+14 1.5265e+14 1.5265e+14 2.91509e+14 5.79747e+14 0 0 4.64348e+42 0 0 1
6.04296e+14 8.69318e+13 8.80832e+13 8.83932e+13 8.83932e+13 8.83932e+13 1.51651e+14 2.68084e+14 0 0 4.64348e+42 0 0 1
6.97831e+14 5.46419e+13 5.5515e+13 5.56885e+13 5.56885e+13 5.56885e+13 8.59607e+13 1.40535e+14 0 0 4.64348e+42 0 0 1
8.05842e+14 3.33114e+13 3.39321e+13 3.40263e+13 3.40263e+13 3.40263e+13 4.73369e+13 7.14014e+13 0 0 4.64348e+42 0 0 1
9.30572e+14 1.96625e+13 2.00773e+13 2.01268e+13 2.01268e+13 2.01268e+13 2.52841e+13 3.49574e+13 0 0 4.64348e+42 0 0 1
1.07461e+15 9.76304e+12 9.99024e+12 1.00121e+13 1.00121e+13 1.00121e+13 1.13834e+13 1.34442e+13 0 0 4.64348e+42 0 0 1
1.24094e+15 5.47963e+12 5.61709e+12 5.62802e+12 5.62802e+12 5.62802e+12 5.80452e+12 6.24471e+12 0 0 4.64348e+42 0 0 1
1.43301e+15 2.94762e+12 3.02573e+12 3.03096e+12 3.03096e+12 3.03096e+12 2.84316e+12 2.7899e+12 0 0 4.64348e+42 0 0 1
1.65482e+15 1.51905e+12 1.56081e+12 1.56321e+12 1.56321e+12 1.56321e+12 1.33751e+12 1.18983e+12 0 0 4.64348e+42 0 0 1
1.91095e+15 5.9896e+11 6.15774e+11 6.1662e+11 6.1662e+11 6.1662e+11 4.82882e+11 3.47202e+11 0 0 4.64348e+42 0 0 1
2.20673e+15 2.85206e+11 2.93266e+11 2.93626e+11 2.93626e+11 2.93626e+11 2.11109e+11 1.36418e+11 0 0 4.64348e+42 0 0 1
2.5483e+15 1.27511e+11 1.31094e+11 1.31238e+11 1.31238e+11 1.31238e+11 8.69428e+10 5.11384e+10 0 0 4.64348e+42 0 0 1
2.94273e+15 5.36835e+10 5.51665e+10 5.52206e+10 5.52206e+10 5.52206e+10 3.38381e+10 1.81708e+10 0 0 4.64348e+42 0 0 1
3.39821e+15 1.48386e+10 1.52375e+10 1.52509e+10 1.52509e+10 1.52509e+10 8.68551e+09 3.42288e+09 0 0 4.64348e+42 0 0 1
3.92419e+15 5.53164e+09 5.67513e+09 5.67961e+09 5.67961e+09 5.67961e+09 3.01688e+09 1.05119e+09 0 0 4.64348e+42 0 0 1
4.53158e+15 1.86231e+09 1.90854e+09 1.9099e+09 1.9099e+09 1.9099e+09 9.50513e+08 3.04726e+08 0 0 4.64348e+42 0 0 1
5.23299e+15 5.64717e+08 5.78041e+08 5.78412e+08 5.78412e+08 5.78412e+08 2.71027e+08 8.45502e+07 0 0 4.64348e+42 0 0 1
6.04296e+15 9.10046e+07 9.30321e+07 9.30861e+07 9.30861e+07 9.30861e+07 4.13424e+07 7.9493e+06 0 0 4.64348e+42 0 0 1
6.97831e+15 2.32717e+07 2.37585e+07 2.3771e+07 2.3771e+07 2.3771e+07 1.00643e+07 1.65292e+06 0 0 4.64348e+42 0 0 1
8.05842e+15 5.02184e+06 5.11996e+06 5.12241e+06 5.12241e+06 5.12241e+06 2.1004e+06 311585 0 0 4.64348e+42 0 0 1
9.30572e+15 868082 883852 884239 884239 884239 371076 57483.7 0 0 4.64348e+42 0 0 1
1.07461e+16 60011.6 61021.1 61045.6 61045.6 61045.6 35679.1 2054.5 0 0 4.64348e+42 0 0 1
1.24094e+16 8245.4 8373.34 8376.44 8376.44 8376.44 10344.4 225.07 0 0 4.64348e+42 0 0 1
1.43301e+16 857.666 869.901 870.199 870.199 870.199 3752.08 19.632 0 0 4.64348e+42 0 0 1
1.65482e+16 62.435 63.2513 63.2714 63.2714 63.2714 1368.01 1.60487 0 0 4.64348e+42 0 0 1
1.91095e+16 1.60147 1.62061 1.62109 1.62109 1.62109 248.165 0.0152029 0 0 4.64348e+42 0 0 1
2.20673e+16 0.28625 0.289368 0.289449 0.289449 0.289449 71.965 0.000573406 0 0 4.64348e+42 0 0 1
2.5483e+16 0.0720084 0.0727219 0.0727409 0.0727409 0.0727409 16.4981 1.34166e-05 0 0 4.64348e+42 0 0 1
2.94273e+16 0.0150996 0.0152354 0.0152391 0.0152391 0.0152391 2.81409 2.1003e-07 0 0 4.64348e+42 0 0 1
3.39821e+16 0.00109942 0.00110838 0.00110863 0.00110863 0.00110863 0.168505 2.83075e-10 0 0 4.64348e+42 0 0 1
3.92419e+16 0.000161427 0.000162617 0.000162653 0.000162653 0.000162653 0.0208095 1.66722e-12 0 0 4.64348e+42 0 0 1
4.53158e+16 1.64156e-05 1.65248e-05 1.65284e-05 1.65284e-05 1.65284e-05 0.00181752 3.60154e-15 0 0 4.64348e+42 0 0 1
5.23299e+16 1.05249e-06 1.0588e-06 1.05902e-06 1.05902e-06 1.05902e-06 0.000101955 2.76438e-18 0 0 4.64348e+42 0 0 1
6.04296e+16 1.27595e-08 1.28284e-08 1.28309e-08 1.28309e-08 1.28309e-08 1.09917e-06 1.17584e-22 0 0 4.64348e+42 0 0 1
6.97831e+16 4.83203e-10 4.85547e-10 4.85641e-10 4.85641e-10 4.85641e-10 3.75523e-08 1.26143e-26 0 0 4.64348e+42 0 0 1
8.05842e+16 8.40557e-12 8.44219e-12 8.44377e-12 8.44377e-12 8.44377e-12 5.96812e-10 2.32582e-31 0 0 4.64348e+42 0 0 1
9.30572e+16 0 0 0 0 0 0 0 0 0 4.64348e+42 0 0 1