
1.07461e-07 0 0 1.47085e+40 2.71857e+51 9.43041e+58 2.65968e+57 0 1.43654e+45 0 4.64348e+42 0 0 1
1.24094e-07 0 0 5.15562e+41 2.94377e+51 8.01314e+58 2.25731e+57 0 1.6589e+45 0 4.64348e+42 0 0 1
1.43301e-07 0 0 1.13789e+43 3.19881e+51 6.8309e+58 1.91703e+57 0 1.91566e+45 0 4.64348e+42 0 0 1
1.65482e-07 0 0 1.68584e+44 3.49342e+51 5.85096e+58 1.63172e+57 0 2.21217e+45 0 4.64348e+42 0 0 1
1.91095e-07 0 0 1.77177e+45 3.83864e+51 5.04149e+58 1.39427e+57 0 2.55458e+45 0 4.64348e+42 0 0 1
2.20673e-07 0 0 1.38498e+46 4.24616e+51 4.37239e+58 1.19768e+57 0 2.94998e+45 0 4.64348e+42 0 0 1
2.5483e-07 0 0 8.38439e+46 4.72748e+51 3.81628e+58 1.03522e+57 0 3.40658e+45 0 4.64348e+42 0 0 1
2.94273e-07 0 0 4.06806e+47 5.29324e+51 3.34933e+58 9.0063e+56 0 3.93386e+45 0 4.64348e+42 0 0 1
3.39821e-07 0 0 1.62878e+48 5.95291e+51 2.95185e+58 7.88283e+56 0 4.54275e+45 0 4.64348e+42 0 0 1
3.92419e-07 0 0 5.51751e+48 6.71519e+51 2.60848e+58 6.93394e+56 0 5.24589e+45 0 4.64348e+42 0 0 1
4.53158e-07 0 0 1.6159e+49 7.58904e+51 2.30793e+58 6.12095e+56 0 6.05786e+45 0 4.64348e+42 0 0 1
5.23299e-07 0 0 4.16951e+49 8.5851e+51 2.04229e+58 5.41439e+56 0 6.99551e+45 0 4.64348e+42 0 0 1
6.04296e-07 0 0 9.63819e+49 9.71723e+51 1.80616e+58 4.793e+56 0 8.07828e+45 0 4.64348e+42 0 0 1
6.97831e-07 0 0 2.02553e+50 1.10037e+52 1.59583e+58 4.24213e+56 0 9.32866e+45 0 4.64348e+42 0 0 1
8.05842e-07 0 0 3.92065e+50 1.24683e+52 1.40852e+58 3.75176e+56 0 1.07726e+46 0 4.64348e+42 0 0 1
9.30572e-07 0 0 7.06966e+50 1.41405e+52 1.24197e+58 3.31479e+56 0 1.244e+46 0 4.64348e+42 0 0 1
1.07461e-06 0 0 1.19944e+51 1.60567e+52 1.0942e+58 2.92577e+56 0 1.43654e+46 0 4.64348e+42 0 0 1
1.24094e-06 0 0 1.93129e+51 1.82604e+52 9.63364e+57 2.58007e+56 0 1.6589e+46 0 4.64348e+42 0 0 1
1.43301e-06 0 0 2.97329e+51 2.0803e+52 8.47725e+57 2.27351e+56 0 1.91566e+46 0 4.64348e+42 0 0 1
1.65482e-06 0 0 4.40484e+51 2.37451e+52 7.4566e+57 2.00219e+56 0 2.21217e+46 0 4.64348e+42 0 0 1
1.91095e-06 0 0 6.31403e+51 2.71571e+52 6.55654e+57 1.76244e+56 0 2.55458e+46 0 4.64348e+42 0 0 1
2.20673e-06 0 0 8.7985e+51 3.11218e+52 5.76317e+57 1.55084e+56 0 2.94998e+46 0 4.64348e+42 0 0 1
2.5483e-06 0 0 1.19673e+52 3.57365e+52 5.06389e+57 1.36421e+56 0 3.40658e+46 0 4.64348e+42 0 0 1
2.94273e-06 0 0 1.5944e+52 4.11178e+52 4.44745e+57 1.19964e+56 0 3.93386e+46 0 4.64348e+42 0 0 1
3.39821e-06 0 0 2.08713e+52 4.74064e+52 3.90395e+57 1.05451e+56 0 4.54275e+46 0 4.64348e+42 0 0 1
3.92419e-06 0 0 2.6917e+52 5.47719e+52 3.42474e+57 9.26515e+55 0 5.24588e+46 0 4.64348e+42 0 0 1
4.53158e-06 0 0 3.42801e+52 6.3419e+52 3.00226e+57 8.13606e+55 0 6.05785e+46 0 4.64348e+42 0 0 1
5.23299e-06 0 0 4.31977e+52 7.35914e+52 2.6299e+57 7.14007e+55 0 6.9955e+46 0 4.64348e+42 0 0 1
6.04296e-06 0 0 5.39521e+52 8.55782e+52 2.30184e+57 6.26164e+55 0 8.07827e+46 0 4.64348e+42 0 0 1
6.97831e-06 0 0 6.68796e+52 9.97226e+52 2.01292e+57 5.48713e+55 0 9.32864e+46 0 4.64348e+42 0 0 1
8.05842e-06 0 0 8.23816e+52 1.16433e+53 1.75861e+57 4.80451e+55 0 1.07725e+47 0 4.64348e+42 0 0 1
9.30572e-06 0 0 1.00939e+53 1.36197e+53 1.53487e+57 4.20312e+55 0 1.24399e+47 0 4.64348e+42 0 0 1
1.07461e-05 0 0 1.23129e+53 1.59598e+53 1.33815e+57 3.67356e+55 0 1.43654e+47 0 4.64348e+42 0 0 1
1.24094e-05 0 0 1.49639e+53 1.87331e+53 1.16529e+57 3.20748e+55 0 1.65889e+47 0 4.64348e+42 0 0 1
1.43301e-05 0 0 1.81292e+53 2.20225e+53 1.01353e+57 2.79753e+55 0 1.91566e+47 0 4.64348e+42 0 0 1
1.65482e-05 0 0 2.19068e+53 2.59264e+53 8.80381e+56 2.43718e+55 0 2.21216e+47 0 4.64348e+42 0 0 1
1.91095e-05 0 0 2.64134e+53 3.0562e+53 7.63679e+56 2.12067e+55 0 2.55457e+47 0 4.64348e+42 0 0 1
2.20673e-05 0 0 3.17882e+53 3.60688e+53 6.61489e+56 1.84288e+55 0 2.94997e+47 0 4.64348e+42 0 0 1
2.5483e-05 0 0 3.8197e+53 4.26129e+53 5.72101e+56 1.59931e+55 0 3.40656e+47 0 4.64348e+42 0 0 1
2.94273e-05 0 0 4.5837e+53 5.03918e+53 4.94001e+56 1.38594e+55 0 3.93384e+47 0 4.64348e+42 0 0 1
3.39821e-05 0 0 5.49431e+53 5.96406e+53 4.25848e+56 1.19922e+55 0 4.54272e+47 0 4.64348e+42 0 0 1
3.92419e-05 0 0 6.57951e+53 7.06393e+53 3.66453e+56 1.03601e+55 0 5.24584e+47 0 4.64348e+42 0 0 1
4.53158e-05 0 0 7.87261e+53 8.37214e+53 3.14765e+56 8.93532e+54 0 6.0578e+47 0 4.64348e+42 0 0 1
5.23299e-05 0 0 9.41331e+53 9.92839e+53 2.69851e+56 7.69303e+54 0 6.99542e+47 0 4.64348e+42 0 0 1
6.04296e-05 0 0 1.12489e+54 1.178e+54 2.30886e+56 6.61142e+54 0 8.07817e+47 0 4.64348e+42 0 0 1
6.97831e-05 0 0 1.3436e+54 1.39836e+54 1.97139e+56 5.67111e+54 0 9.32851e+47 0 4.64348e+42 0 0 1
8.05842e-05 0 0 1.60419e+54 1.66065e+54 1.67965e+56 4.85493e+54 0 1.07724e+48 0 4.64348e+42 0 0 1
9.30572e-05 0 0 1.91472e+54 1.97295e+54 1.42791e+56 4.1477e+54 0 1.24397e+48 0 4.64348e+42 0 0 1
0.000107461 0 0 2.28483e+54 2.34488e+54 1.21112e+56 3.53594e+54 0 1.43651e+48 0 4.64348e+42 0 0 1
0.000124094 0 0 2.72608e+54 2.78802e+54 1.02482e+56 3.00778e+54 0 1.65885e+48 0 4.64348e+42 0 0 1
0.000143301 0 0 3.25232e+54 3.31621e+54 8.65084e+55 2.55269e+54 0 1.9156e+48 0 4.64348e+42 0 0 1
0.000165482 0 0 3.88016e+54 3.94608e+54 7.28426e+55 2.16137e+54 0 2.21209e+48 0 4.64348e+42 0 0 1
0.000191095 0 0 4.62958e+54 4.69762e+54 6.11795e+55 1.82561e+54 0 2.55447e+48 0 4.64348e+42 0 0 1
0.000220673 0 0 5.5241e+54 5.59433e+54 5.12502e+55 1.53819e+54 0 2.94983e+48 0 4.64348e+42 0 0 1
0.00025483 0 0 6.58371e+54 6.65613e+54 4.28187e+55 1.29272e+54 0 3.40638e+48 0 4.64348e+42 0 0 1
0.000294273 0 0 7.78533e+54 7.85944e+54 3.5678e+55 1.0836e+54 0 3.9336e+48 0 4.64348e+42 0 0 1
0.000339821 0 0 8.99252e+54 9.06659e+54 2.96469e+55 9.05905e+53 0 4.5424e+48 0 4.64348e+42 0 0 1
0.000392419 0 0 9.95669e+54 1.00277e+55 2.45674e+55 7.55303e+53 0 5.24542e+48 0 4.64348e+42 0 0 1
0.000453158 0 0 1.04445e+55 1.0509e+55 2.03014e+55 6.28013e+53 0 6.05723e+48 0 4.64348e+42 0 0 1
0.000523299 0 0 1.03668e+55 1.04221e+55 1.67292e+55 5.20726e+53 0 6.99467e+48 0 4.64348e+42 0 0 1
0.000604296 1.03615e-187 1.03615e-187 9.79371e+54 9.839e+54 1.37467e+55 4.30557e+53 0 8.07716e+48 6.61373e-192 4.64348e+42 0 0 1
0.000697831 1.21954e-124 1.21954e-124 8.88394e+54 8.9195e+54 1.12641e+55 3.54997e+53 0 9.32716e+48 7.43119e-129 4.64348e+42 0 0 1
0.000805842 4.80629e-78 4.80629e-78 7.80612e+54 7.83317e+54 9.20386e+54 2.91865e+53 0 1.07706e+49 2.88632e-82 4.64348e+42 0 0 1
0.000930572 1.25608e-43 1.25608e-43 6.69444e+54 6.71452e+54 7.49931e+54 2.39277e+53 0 1.24373e+49 7.61682e-48 4.64348e+42 0 0 1
0.00107461 3.26631e-18 3.26631e-18 5.63688e+54 5.65152e+54 6.09335e+54 1.95605e+53 0 1.43619e+49 2.03699e-22 4.64348e+42 0 0 1
0.00124094 18.827 18.827 4.68135e+54 4.69188e+54 4.93721e+54 1.59449e+53 0 1.65842e+49 0.00122428 4.64348e+42 0 0 1
0.00143301 1.30815e+15 1.30815e+15 3.84725e+54 3.85474e+54 3.9894e+54 1.29606e+53 0 1.91503e+49 8.96346e+10 4.64348e+42 0 0 1
0.00165482 2.10126e+25 2.10126e+25 3.13626e+54 3.14155e+54 3.21473e+54 1.05052e+53 0 2.21133e+49 1.52946e+21 4.64348e+42 0 0 1
0.00191095 6.92524e+32 6.92524e+32 2.54033e+54 2.54404e+54 2.58347e+54 8.49104e+52 0 2.55346e+49 5.38907e+28 4.64348e+42 0 0 1
0.00220673 2.35163e+38 2.35163e+38 2.04693e+54 2.04952e+54 2.07059e+54 6.84393e+52 0 2.94849e+49 1.96669e+34 4.64348e+42 0 0 1
0.0025483 2.71217e+42 2.71217e+42 1.64214e+54 1.64394e+54 1.65512e+54 5.50109e+52 0 3.40459e+49 2.44837e+38 4.64348e+42 0 0 1
0.00294273 2.56554e+45 2.56554e+45 1.31239e+54 1.31364e+54 1.31953e+54 4.40962e+52 0 3.9312e+49 2.50949e+41 4.64348e+42 0 0 1
0.00339821 3.81925e+47 3.81925e+47 1.04529e+54 1.04615e+54 1.04923e+54 3.52511e+52 0 4.53921e+49 4.06172e+43 4.64348e+42 0 0 1
0.00392419 1.44846e+49 1.44846e+49 8.29952e+53 8.30542e+53 8.32147e+53 2.81045e+52 0 5.24116e+49 1.68006e+45 4.64348e+42 0 0 1
0.00453158 1.99799e+50 1.99799e+50 6.57042e+53 6.57447e+53 6.58276e+53 2.23469e+52 0 6.05156e+49 2.53495e+46 4.64348e+42 0 0 1
0.00523299 1.30414e+51 1.30414e+51 5.18699e+53 5.18975e+53 5.19402e+53 1.77218e+52 0 6.9871e+49 1.81501e+47 4.64348e+42 0 0 1
0.00604296 4.8931e+51 4.8931e+51 4.08373e+53 4.08562e+53 4.0878e+53 1.4017e+52 0 8.06708e+49 7.49025e+47 4.64348e+42 0 0 1
0.00697831 1.21845e+52 1.21845e+52 3.20661e+53 3.20789e+53 3.209e+53 1.10578e+52 0 9.31371e+49 2.05699e+48 4.64348e+42 0 0 1
0.00805842 2.23952e+52 2.23952e+52 2.51131e+53 2.51217e+53 2.51273e+53 8.70056e+51 0 1.07526e+50 4.18047e+48 4.64348e+42 0 0 1
0.00930572 3.28651e+52 3.28651e+52 1.96168e+53 1.96227e+53 1.96255e+53 6.82812e+51 0 1.24134e+50 6.80105e+48 4.64348e+42 0 0 1
0.0107461 4.08096e+52 4.08096e+52 1.52841e+53 1.5288e+53 1.52895e+53 5.3448e+51 0 1.433e+50 9.38627e+48 4.64348e+42 0 0 1
0.0124094 4.47587e+52 4.47587e+52 1.18779e+53 1.18805e+53 1.18812e+53 4.17293e+51 0 1.65417e+50 1.14712e+49 4.64348e+42 0 0 1
0.0143301 4.47565e+52 4.47565e+52 9.20727e+52 9.20906e+52 9.20941e+52 3.24963e+51 0 1.90937e+50 1.28143e+49 4.64348e+42 0 0 1
0.0165482 4.17718e+52 4.17718e+52 7.11902e+52 7.12022e+52 7.12039e+52 2.52412e+51 0 2.20378e+50 1.33947e+49 4.64348e+42 0 0 1
0.0191095 3.70247e+52 3.70247e+52 5.49052e+52 5.49132e+52 5.4914e+52 1.95558e+51 0 2.54338e+50 1.33305e+49 4.64348e+42 0 0 1
0.0220673 3.15683e+52 3.15683e+52 4.22395e+52 4.22449e+52 4.22453e+52 1.51125e+51 0 2.93505e+50 1.27939e+49 4.64348e+42 0 0 1
0.025483 2.61388e+52 2.61388e+52 3.24153e+52 3.24188e+52 3.2419e+52 1.16493e+51 0 3.38669e+50 1.19538e+49 4.64348e+42 0 0 1
0.0294273 2.11665e+52 2.11665e+52 2.48153e+52 2.48177e+52 2.48179e+52 8.95722e+50 0 3.90734e+50 1.09496e+49 4.64348e+42 0 0 1
0.0339821 1.68505e+52 1.68505e+52 1.8952e+52 1.89536e+52 1.89537e+52 6.87031e+50 0 4.50739e+50 9.88388e+48 4.64348e+42 0 0 1
0.0392419 1.32393e+52 1.32393e+52 1.44405e+52 1.44415e+52 1.44416e+52 5.25688e+50 0 5.19875e+50 8.82575e+48 4.64348e+42 0 0 1
0.0453158 1.02959e+52 1.02959e+52 1.09783e+52 1.09789e+52 1.0979e+52 4.01284e+50 0 5.99503e+50 7.81806e+48 4.64348e+42 0 0 1
0.0523299 7.9425e+51 7.9425e+51 8.32818e+51 8.32863e+51 8.32863e+51 3.0562e+50 0 6.91177e+50 6.88457e+48 4.64348e+42 0 0 1
0.0604296 6.08787e+51 6.08787e+51 6.30492e+51 6.30522e+51 6.30522e+51 2.32248e+50 0 7.96669e+50 6.03608e+48 4.64348e+42 0 0 1
0.0697831 4.64233e+51 4.64233e+51 4.76405e+51 4.76424e+51 4.76424e+51 1.76121e+50 0 9.17995e+50 5.27508e+48 4.64348e+42 0 0 1
0.0805842 3.52529e+51 3.52529e+51 3.59334e+51 3.59347e+51 3.59347e+51 1.33292e+50 0 1.05744e+51 4.59903e+48 4.64348e+42 0 0 1
0.0930572 2.66796e+51 2.66796e+51 2.7059e+51 2.70598e+51 2.70598e+51 1.00692e+50 0 1.2176e+51 4.00254e+48 4.64348e+42 0 0 1
0.107461 2.01352e+51 2.01352e+51 2.03463e+51 2.03468e+51 2.03468e+51 7.59345e+49 0 1.40138e+51 3.47888e+48 4.64348e+42 0 0 1
0.124094 1.51616e+51 1.51616e+51 1.52788e+51 1.52792e+51 1.52792e+51 5.71753e+49 0 1.61207e+51 3.02081e+48 4.64348e+42 0 0 1
0.143301 1.13954e+51 1.13954e+51 1.14604e+51 1.14607e+51 1.14607e+51 4.29904e+49 0 1.85331e+51 2.62119e+48 4.64348e+42 0 0 1
0.165482 8.55203e+50 8.55203e+50 8.58802e+50 8.58816e+50 8.58816e+50 3.22851e+49 0 2.12916e+51 2.27324e+48 4.64348e+42 0 0 1
0.191095 6.41055e+50 6.41055e+50 6.43045e+50 6.43054e+50 6.43054e+50 2.42201e+49 0 2.4441e+51 1.97071e+48 4.64348e+42 0 0 1
0.220673 4.80097e+50 4.80097e+50 4.81196e+50 4.81202e+50 4.81202e+50 1.81539e+49 0 2.803e+51 1.70795e+48 4.64348e+42 0 0 1
0.25483 3.59316e+50 3.59316e+50 3.59923e+50 3.59927e+50 3.59927e+50 1.35974e+49 0 3.2111e+51 1.47991e+48 4.64348e+42 0 0 1
0.294273 2.68805e+50 2.68805e+50 2.6914e+50 2.69142e+50 2.69142e+50 1.01792e+49 0 3.67398e+51 1.28212e+48 4.64348e+42 0 0 1
0.339821 2.01049e+50 2.01049e+50 2.01234e+50 2.01235e+50 2.01235e+50 7.61754e+48 0 4.19743e+51 1.11063e+48 4.64348e+42 0 0 1
0.392419 1.50369e+50 1.50369e+50 1.50471e+50 1.50472e+50 1.50472e+50 5.69948e+48 0 4.7873e+51 9.61998e+47 4.64348e+42 0 0 1
0.453158 1.12483e+50 1.12483e+50 1.12539e+50 1.1254e+50 1.1254e+50 4.2643e+48 0 5.44924e+51 8.33203e+47 4.64348e+42 0 0 1
0.523299 8.41716e+49 8.41716e+49 8.42025e+49 8.42029e+49 8.42029e+49 3.19098e+48 0 6.18841e+51 7.21618e+47 4.64348e+42 0 0 1
0.604296 6.30189e+49 6.30189e+49 6.30359e+49 6.30362e+49 6.30362e+49 2.38856e+48 0 7.00893e+51 6.24956e+47 4.64348e+42 0 0 1
0.697831 4.72144e+49 4.72144e+49 4.72238e+49 4.7224e+49 4.7224e+49 1.78877e+48 0 7.91331e+51 5.41227e+47 4.64348e+42 0 0 1
0.805842 3.54034e+49 3.54034e+49 3.54086e+49 3.54087e+49 3.54087e+49 1.34044e+48 0 8.90156e+51 4.68708e+47 4.64348e+42 0 0 1
0.930572 2.65734e+49 2.65734e+49 2.65763e+49 2.65764e+49 2.65764e+49 1.00526e+48 0 9.97012e+51 4.05899e+47 4.64348e+42 0 0 1
1.07461 1.99685e+49 1.99685e+49 1.997e+49 1.99701e+49 1.99701e+49 7.54591e+47 0 1.11105e+52 3.51503e+47 4.64348e+42 0 0 1
1.24094 1.50243e+49 1.50243e+49 1.50252e+49 1.50252e+49 1.50252e+49 5.67033e+47 0 1.23078e+52 3.04395e+47 4.64348e+42 0 0 1
1.43301 1.132e+49 1.132e+49 1.13205e+49 1.13206e+49 1.13206e+49 4.26603e+47 0 1.35386e+52 2.63599e+47 4.64348e+42 0 0 1
1.65482 8.54194e+48 8.54194e+48 8.54222e+48 8.54223e+48 8.54223e+48 3.21375e+47 0 1.47693e+52 2.28269e+47 4.64348e+42 0 0 1
1.91095 6.45599e+48 6.45599e+48 6.45615e+48 6.45616e+48 6.45616e+48 2.42449e+47 0 1.59537e+52 1.97674e+47 4.64348e+42 0 0 1
2.20673 4.88773e+48 4.88773e+48 4.88783e+48 4.88783e+48 4.88783e+48 1.83185e+47 0 1.70325e+52 1.71179e+47 4.64348e+42 0 0 1
2.5483 3.70702e+48 3.70702e+48 3.70707e+48 3.70708e+48 3.70708e+48 1.38632e+47 0 1.79321e+52 1.48235e+47 4.64348e+42 0 0 1
2.94273 2.81673e+48 2.81673e+48 2.81676e+48 2.81676e+48 2.81676e+48 1.05093e+47 0 1.85666e+52 1.28366e+47 4.64348e+42 0 0 1
3.39821 2.14434e+48 2.14434e+48 2.14437e+48 2.14437e+48 2.14437e+48 7.98082e+46 0 1.88429e+52 1.1116e+47 4.64348e+42 0 0 1
3.92419 1.63567e+48 1.63567e+48 1.63569e+48 1.63569e+48 1.63569e+48 6.07175e+46 0 1.86695e+52 9.62599e+46 4.64348e+42 0 0 1
4.53158 1.25017e+48 1.25017e+48 1.25018e+48 1.25018e+48 1.25018e+48 4.628e+46 0 1.79712e+52 8.33571e+46 4.64348e+42 0 0 1
5.23299 9.57464e+47 9.57464e+47 9.57472e+47 9.57473e+47 9.57473e+47 3.53429e+46 0 1.67084e+52 7.21837e+46 4.64348e+42 0 0 1
6.04296 7.348e+47 7.348e+47 7.34806e+47 7.34807e+47 7.34807e+47 2.7043e+46 0 1.48989e+52 6.25079e+46 4.64348e+42 0 0 1
6.97831 5.65081e+47 5.65081e+47 5.65087e+47 5.65087e+47 5.65087e+47 2.07327e+46 0 1.26358e+52 5.41289e+46 4.64348e+42 0 0 1
8.05842 4.35457e+47 4.35457e+47 4.35462e+47 4.35462e+47 4.35462e+47 1.59262e+46 0 1.00929e+52 4.68731e+46 4.64348e+42 0 0 1
9.30572 3.36253e+47 3.36253e+47 3.36257e+47 3.36257e+47 3.36257e+47 1.2258e+46 0 7.50641e+51 4.05898e+46 4.64348e+42 0 0 1
10.7461 2.60171e+47 2.60171e+47 2.60174e+47 2.60174e+47 2.60174e+47 9.45296e+45 0 5.13033e+51 3.51486e+46 4.64348e+42 0 0 1
12.4094 2.01699e+47 2.01699e+47 2.01702e+47 2.01702e+47 2.01702e+47 7.30377e+45 0 3.17444e+51 3.04368e+46 4.64348e+42 0 0 1
14.3301 1.56665e+47 1.56665e+47 1.56668e+47 1.56668e+47 1.56668e+47 5.65375e+45 0 1.74845e+51 2.63565e+46 4.64348e+42 0 0 1
16.5482 1.21909e+47 1.21909e+47 1.21912e+47 1.21912e+47 1.21912e+47 4.38442e+45 0 8.41011e+50 2.28231e+46 4.64348e+42 0 0 1
19.1095 9.5029e+46 9.5029e+46 9.50313e+46 9.50313e+46 9.50313e+46 3.40599e+45 0 3.457e+50 1.97634e+46 4.64348e+42 0 0 1
22.0673 7.41964e+46 7.41964e+46 7.41985e+46 7.41985e+46 7.41985e+46 2.65027e+45 0 1.18471e+50 1.71137e+46 4.64348e+42 0 0 1
25.483 5.80181e+46 5.80181e+46 5.802e+46 5.802e+46 5.802e+46 2.06543e+45 0 3.29027e+49 1.48192e+46 4.64348e+42 0 0 1
29.4273 4.54296e+46 4.54296e+46 4.54313e+46 4.54313e+46 4.54313e+46 1.61194e+45 0 7.16802e+48 1.28322e+46 4.64348e+42 0 0 1
33.9821 3.56155e+46 3.56155e+46 3.56171e+46 3.56171e+46 3.56171e+46 1.25965e+45 0 1.17973e+48 1.11116e+46 4.64348e+42 0 0 1
39.2419 2.79507e+46 2.79507e+46 2.79521e+46 2.79521e+46 2.79521e+46 9.85469e+44 0 1.40452e+47 9.62156e+45 4.64348e+42 0 0 1
45.3158 2.19541e+46 2.19541e+46 2.19554e+46 2.19554e+46 2.19554e+46 7.7172e+44 0 1.15046e+46 8.33126e+45 4.64348e+42 0 0 1
52.3299 1.72554e+46 1.72554e+46 1.72566e+46 1.72566e+46 1.72566e+46 6.04811e+44 0 6.11882e+44 7.21391e+45 4.64348e+42 0 0 1
60.4296 1.35685e+46 1.35685e+46 1.35695e+46 1.35695e+46 1.35695e+46 4.74284e+44 0 1.97649e+43 6.24632e+45 4.64348e+42 0 0 1
69.7831 1.06718e+46 1.06718e+46 1.06728e+46 1.06728e+46 1.06728e+46 3.72073e+44 0 3.58945e+41 5.40843e+45 4.64348e+42 0 0 1
80.5842 8.39367e+45 8.39367e+45 8.39453e+45 8.39453e+45 8.39453e+45 2.91942e+44 0 3.35243e+39 4.68284e+45 4.64348e+42 0 0 1
93.0572 6.60046e+45 6.60046e+45 6.60125e+45 6.60125e+45 6.60125e+45 2.29059e+44 0 1.45274e+37 4.05451e+45 4.64348e+42 0 0 1
107.461 5.18814e+45 5.18814e+45 5.18885e+45 5.18885e+45 5.18885e+45 1.79675e+44 0 2.59353e+34 3.51039e+45 4.64348e+42 0 0 1
124.094 4.07541e+45 4.07541e+45 4.07605e+45 4.07605e+45 4.07605e+45 1.40871e+44 0 1.66288e+31 3.03921e+45 4.64348e+42 0 0 1
143.301 3.19866e+45 3.19866e+45 3.19925e+45 3.19925e+45 3.19925e+45 1.10372e+44 0 3.26782e+27 2.63118e+45 4.64348e+42 0 0 1
165.482 2.508e+45 2.508e+45 2.50853e+45 2.50853e+45 2.50853e+45 8.64008e+43 0 1.63905e+23 2.27785e+45 4.64348e+42 0 0 1
191.095 1.96419e+45 1.96419e+45 1.96467e+45 1.96467e+45 1.96467e+45 6.7565e+43 0 1.69851e+18 1.97187e+45 4.64348e+42 0 0 1
220.673 1.53634e+45 1.53634e+45 1.53677e+45 1.53677e+45 1.53677e+45 5.27726e+43 0 2.84893e+12 1.7069e+45 4.64348e+42 0 0 1
254.83 1.20007e+45 1.20007e+45 1.20046e+45 1.20046e+45 1.20046e+45 4.11654e+43 0 583475 1.47745e+45 4.64348e+42 0 0 1
294.273 9.36119e+44 9.36119e+44 9.36471e+44 9.36471e+44 9.36471e+44 3.20673e+43 0 0.0105373 1.27876e+45 4.64348e+42 0 0 1
339.821 7.29246e+44 7.29246e+44 7.29563e+44 7.29563e+44 7.29563e+44 2.49455e+43 0 1.15231e-11 1.1067e+45 4.64348e+42 0 0 1
392.419 5.67376e+44 5.67376e+44 5.6766e+44 5.6766e+44 5.6766e+44 1.93791e+43 0 4.94349e-22 9.57697e+44 4.64348e+42 0 0 1
453.158 4.40939e+44 4.40939e+44 4.41194e+44 4.41194e+44 4.41194e+44 1.50358e+43 0 5.04014e-34 8.28669e+44 4.64348e+42 0 0 1
523.299 3.42354e+44 3.42354e+44 3.42583e+44 3.42583e+44 3.42583e+44 1.16528e+43 0 6.84577e-48 7.16936e+44 4.64348e+42 0 0 1
604.296 2.65616e+44 2.65616e+44 2.65821e+44 2.65821e+44 2.65821e+44 9.02239e+42 0 6.34875e-64 6.2018e+44 4.64348e+42 0 0 1
697.831 2.05977e+44 2.05977e+44 2.06161e+44 2.06161e+44 2.06161e+44 6.98063e+42 0 1.85793e-82 5.36393e+44 4.64348e+42 0 0 1
805.842 1.5969e+44 1.5969e+44 1.59854e+44 1.59854e+44 1.59854e+44 5.39824e+42 0 7.03631e-104 4.63838e+44 4.64348e+42 0 0 1
930.572 1.23802e+44 1.23802e+44 1.2395e+44 1.2395e+44 1.2395e+44 4.17348e+42 0 1.23203e-128 4.01009e+44 4.64348e+42 0 0 1
1074.61 9.59989e+43 9.59989e+43 9.61307e+43 9.61307e+43 9.61307e+43 3.2265e+42 0 3.03849e-157 3.46602e+44 4.64348e+42 0 0 1
1240.94 7.44669e+43 7.44669e+43 7.4585e+43 7.4585e+43 7.4585e+43 2.49483e+42 0 2.67514e-190 2.99489e+44 4.64348e+42 0 0 1
1433.01 5.77931e+43 5.77931e+43 5.7899e+43 5.7899e+43 5.7899e+43 1.92974e+42 0 1.72315e-228 2.58692e+44 4.64348e+42 0 0 1
1654.82 4.48785e+43 4.48785e+43 4.49734e+43 4.49734e+43 4.49734e+43 1.49334e+42 0 0 2.23366e+44 4.64348e+42 0 0 1
1910.95 3.4871e+43 3.4871e+43 3.49562e+43 3.49562e+43 3.49562e+43 1.15626e+42 0 0 1.92776e+44 4.64348e+42 0 0 1
2206.73 2.71114e+43 2.71114e+43 2.71879e+43 2.71879e+43 2.71879e+43 8.9578e+41 0 0 1.66289e+44 4.64348e+42 0 0 1
2548.3 2.10902e+43 2.10902e+43 2.11589e+43 2.11589e+43 2.11589e+43 6.94386e+41 0 0 1.43355e+44 4.64348e+42 0 0 1
2942.73 1.64142e+43 1.64142e+43 1.6476e+43 1.6476e+43 1.6476e+43 5.38566e+41 0 0 1.23498e+44 4.64348e+42 0 0 1
3398.21 1.278e+43 1.278e+43 1.28356e+43 1.28356e+43 1.28356e+43 4.17917e+41 0 0 1.06306e+44 4.64348e+42 0 0 1
3924.19 9.95324e+42 9.95324e+42 1.00032e+43 1.00032e+43 1.00032e+43 3.2443e+41 0 0 9.14231e+43 4.64348e+42 0 0 1
4531.58 7.7529e+42 7.7529e+42 7.79789e+42 7.79789e+42 7.79789e+42 2.51936e+41 0 0 7.85394e+43 4.64348e+42 0 0 1
5232.99 6.04241e+42 6.04241e+42 6.08124e+42 6.08124e+42 6.08124e+42 1.95749e+41 0 0 6.74253e+43 4.64348e+42 0 0 1
6042.96 4.70692e+42 4.70692e+42 4.74164e+42 4.74164e+42 4.74164e+42 1.52072e+41 0 0 5.77799e+43 4.64348e+42 0 0 1
6978.31 3.66575e+42 3.66575e+42 3.69676e+42 3.69676e+42 3.69676e+42 1.1814e+41 0 0 4.94357e+43 4.64348e+42 0 0 1
8058.42 2.85383e+42 2.85383e+42 2.88149e+42 2.88149e+42 2.88149e+42 9.17691e+40 0 0 4.22194e+43 4.64348e+42 0 0 1
9305.72 2.22059e+42 2.22059e+42 2.24522e+42 2.24522e+42 2.24522e+42 7.1267e+40 0 0 3.5981e+43 4.64348e+42 0 0 1
10746.1 1.72673e+42 1.72673e+42 1.74861e+42 1.74861e+42 1.74861e+42 5.53249e+40 0 0 3.05907e+43 4.64348e+42 0 0 1
12409.4 1.34164e+42 1.34164e+42 1.36104e+42 1.36104e+42 1.36104e+42 4.29279e+40 0 0 2.59364e+43 4.64348e+42 0 0 1
14330.1 1.04147e+42 1.04147e+42 1.05862e+42 1.05862e+42 1.05862e+42 3.32886e+40 0 0 2.1921e+43 4.64348e+42 0 0 1
16548.2 8.07604e+41 8.07604e+41 8.22727e+41 8.22727e+41 8.22727e+41 2.57951e+40 0 0 1.84604e+43 4.64348e+42 0 0 1
19109.5 6.25527e+41 6.25527e+41 6.38813e+41 6.38813e+41 6.38813e+41 1.99719e+40 0 0 1.5482e+43 4.64348e+42 0 0 1
22067.3 4.83883e+41 4.83883e+41 4.95512e+41 4.95512e+41 4.95512e+41 1.5449e+40 0 0 1.29231e+43 4.64348e+42 0 0 1
25483 3.73803e+41 3.73803e+41 3.83938e+41 3.83938e+41 3.83938e+41 1.19383e+40 0 0 1.07291e+43 4.64348e+42 0 0 1
29427.3 2.88349e+41 2.88349e+41 2.97141e+41 2.97141e+41 2.97141e+41 9.21525e+39 0 0 8.85297e+42 4.64348e+42 0 0 1
33982.1 2.22096e+41 2.22096e+41 2.29685e+41 2.29685e+41 2.29685e+41 7.1051e+39 0 0 7.25388e+42 4.64348e+42 0 0 1
39241.9 1.708e+41 1.708e+41 1.77316e+41 1.77316e+41 1.77316e+41 5.47151e+39 0 0 5.8963e+42 4.64348e+42 0 0 1
45315.8 1.31146e+41 1.31146e+41 1.36707e+41 1.36707e+41 1.36707e+41 4.20826e+39 0 0 4.74932e+42 4.64348e+42 0 0 1
52329.9 1.00541e+41 1.00541e+41 1.05256e+41 1.05256e+41 1.05256e+41 3.23254e+39 0 0 3.78592e+42 4.64348e+42 0 0 1
60429.6 7.69579e+40 7.69579e+40 8.09307e+40 8.09307e+40 8.09307e+40 2.47986e+39 0 0 2.98238e+42 4.64348e+42 0 0 1
69783.1 5.88182e+40 5.88182e+40 6.21417e+40 6.21417e+40 6.21417e+40 1.9e+39 0 0 2.31781e+42 4.64348e+42 0 0 1
80584.2 4.48896e+40 4.48896e+40 4.76496e+40 4.76496e+40 4.76496e+40 1.45388e+39 0 0 1.77368e+42 4.64348e+42 0 0 1
93057.2 3.42129e+40 3.42129e+40 3.64877e+40 3.64877e+40 3.64877e+40 1.11113e+39 0 0 1.33347e+42 4.64348e+42 0 0 1
107461 2.60426e+40 2.60426e+40 2.7903e+40 2.7903e+40 2.7903e+40 8.48145e+38 0 0 9.82372e+41 4.64348e+42 0 0 1
124094 1.98004e+40 1.98004e+40 2.131e+40 2.131e+40 2.131e+40 6.4664e+38 0 0 7.07035e+41 4.64348e+42 0 0 1
143301 1.50383e+40 1.50383e+40 1.62537e+40 1.62537e+40 1.62537e+40 4.92441e+38 0 0 4.95399e+41 4.64348e+42 0 0 1
165482 1.14104e+40 1.14104e+40 1.23812e+40 1.23812e+40 1.23812e+40 3.7459e+38 0 0 3.36545e+41 4.64348e+42 0 0 1
191095 8.64998e+39 8.64998e+39 9.41943e+39 9.41943e+39 9.41943e+39 2.84629e+38 0 0 2.20617e+41 4.64348e+42 0 0 1
220673 6.55189e+39 6.55189e+39 7.15718e+39 7.15718e+39 7.15718e+39 2.16036e+38 0 0 1.38784e+41 4.64348e+42 0 0 1
254830 4.95883e+39 4.95883e+39 5.43149e+39 5.43149e+39 5.43149e+39 1.63796e+38 0 0 8.32436e+40 4.64348e+42 0 0 1
294273 3.75034e+39 3.75034e+39 4.11681e+39 4.11681e+39 4.11681e+39 1.24055e+38 0 0 4.72536e+40 4.64348e+42 0 0 1
339821 2.83436e+39 2.83436e+39 3.11654e+39 3.11654e+39 3.11654e+39 9.3855e+37 0 0 2.51674e+40 4.64348e+42 0 0 1
392419 2.14064e+39 2.14064e+39 2.35648e+39 2.35648e+39 2.35648e+39 7.09317e+37 0 0 1.24513e+40 4.64348e+42 0 0 1
453158 1.61568e+39 1.61568e+39 1.7797e+39 1.7797e+39 1.7797e+39 5.35515e+37 0 0 5.65651e+39 4.64348e+42 0 0 1
523299 1.21871e+39 1.21871e+39 1.34258e+39 1.34258e+39 1.34258e+39 4.03889e+37 1.81549e+35 0 2.32825e+39 4.64348e+42 0 0 1
604296 9.18765e+38 9.18765e+38 1.01174e+39 1.01174e+39 1.01174e+39 3.0432e+37 1.82332e+35 0 8.54977e+38 4.64348e+42 0 0 1
697831 6.92286e+38 6.92286e+38 7.61652e+38 7.61652e+38 7.61652e+38 2.29086e+37 1.83116e+35 0 2.75154e+38 4.64348e+42 0 0 1
805842 5.21396e+38 5.21396e+38 5.72843e+38 5.72843e+38 5.72843e+38 1.72302e+37 1.839e+35 0 7.60229e+37 4.64348e+42 0 0 1
930572 3.92531e+38 3.92531e+38 4.30465e+38 4.30465e+38 4.30465e+38 1.2949e+37 1.84684e+35 0 1.76086e+37 4.64348e+42 0 0 1
1.07461e+06 2.95408e+38 2.95408e+38 3.23219e+38 3.23219e+38 3.23219e+38 9.72433e+36 1.85586e+35 0 3.32646e+36 4.64348e+42 0 0 1
1.24094e+06 2.22243e+38 2.22243e+38 2.42518e+38 2.42518e+38 2.42518e+38 7.29776e+36 1.85832e+35 0 4.96505e+35 4.64348e+42 0 0 1
1.43301e+06 1.67146e+38 1.67146e+38 1.81847e+38 1.81847e+38 1.81847e+38 5.47328e+36 1.86147e+35 0 5.64447e+34 4.64348e+42 0 0 1
1.65482e+06 1.25666e+38 1.25666e+38 1.36271e+38 1.36271e+38 1.36271e+38 4.10252e+36 1.86553e+35 0 4.68479e+33 4.64348e+42 0 0 1
1.91095e+06 9.44473e+37 9.44473e+37 1.02062e+38 1.02062e+38 1.02062e+38 3.07339e+36 1.87116e+35 0 2.70328e+32 4.64348e+42 0 0 1
2.20673e+06 7.09586e+37 7.09586e+37 7.64017e+37 7.64017e+37 7.64017e+37 2.30124e+36 1.87848e+35 0 1.02497e+31 4.64348e+42 0 0 1
2.5483e+06 5.32916e+37 5.32916e+37 5.71665e+37 5.71665e+37 5.71665e+37 1.72226e+36 1.88808e+35 0 2.39251e+29 4.64348e+42 0 0 1
2.94273e+06 4.00081e+37 4.00081e+37 4.27563e+37 4.27563e+37 4.27563e+37 1.28839e+36 1.90069e+35 0 3.18896e+27 4.64348e+42 0 0 1
3.39821e+06 3.00242e+37 3.00242e+37 3.19669e+37 3.19669e+37 3.19669e+37 9.6344e+35 1.91828e+35 0 2.22526e+25 4.64348e+42 0 0 1
3.92419e+06 2.25235e+37 2.25235e+37 2.38926e+37 2.38926e+37 2.38926e+37 7.20204e+35 1.9411e+35 0 7.35371e+22 4.64348e+42 0 0 1
4.53158e+06 1.68907e+37 1.68907e+37 1.78532e+37 1.78532e+37 1.78532e+37 5.38233e+35 1.97053e+35 0 1.02507e+20 4.64348e+42 0 0 1
5.23299e+06 1.26625e+37 1.26625e+37 1.33378e+37 1.33378e+37 1.33378e+37 4.02168e+35 2.00775e+35 0 5.27318e+16 4.64348e+42 0 0 1
6.04296e+06 9.49012e+36 9.49012e+36 9.96322e+36 9.96322e+36 9.96322e+36 3.00487e+35 2.05709e+35 0 8.57922e+12 4.64348e+42 0 0 1
6.97831e+06 7.11099e+36 7.11099e+36 7.44211e+36 7.44211e+36 7.44211e+36 2.24545e+35 2.11527e+35 0 3.69397e+08 4.64348e+42 0 0 1
8.05842e+06 5.32757e+36 5.32757e+36 5.55922e+36 5.55922e+36 5.55922e+36 1.67864e+35 2.18401e+35 0 3426.52 4.64348e+42 0 0 1
9.30572e+06 3.9913e+36 3.9913e+36 4.1534e+36 4.1534e+36 4.1534e+36 1.25598e+35 2.26189e+35 0 0.00539944 4.64348e+42 0 0 1
1.07461e+07 2.99055e+36 2.99055e+36 3.10409e+36 3.10409e+36 3.10409e+36 9.41257e+34 2.35518e+35 0 1.09859e-09 4.64348e+42 0 0 1
1.24094e+07 2.24139e+36 2.24139e+36 2.32105e+36 2.32105e+36 2.32105e+36 7.07216e+34 2.44685e+35 0 2.10249e-17 4.64348e+42 0 0 1
1.43301e+07 1.68084e+36 1.68084e+36 1.73686e+36 1.73686e+36 1.73686e+36 5.33566e+34 2.53641e+35 0 2.62523e-26 4.64348e+42 0 0 1
1.65482e+07 1.26163e+36 1.26163e+36 1.30116e+36 1.30116e+36 1.30116e+36 4.05129e+34 2.61955e+35 0 1.40178e-36 4.64348e+42 0 0 1
1.91095e+07 9.48371e+35 9.48371e+35 9.76386e+35 9.76386e+35 9.76386e+35 3.1069e+34 2.69122e+35 0 1.96523e-48 4.64348e+42 0 0 1
2.20673e+07 7.14345e+35 7.14345e+35 7.34306e+35 7.34306e+35 7.34306e+35 2.41402e+34 2.75305e+35 0 4.11836e-62 4.64348e+42 0 0 1
2.5483e+07 5.39679e+35 5.39679e+35 5.53997e+35 5.53997e+35 5.53997e+35 1.91016e+34 2.79643e+35 0 6.7313e-78 4.64348e+42 0 0 1
2.94273e+07 4.09332e+35 4.09332e+35 4.19686e+35 4.19686e+35 4.19686e+35 1.54469e+34 2.79698e+35 0 4.04853e-96 4.64348e+42 0 0 1
3.39821e+07 3.12108e+35 3.12108e+35 3.19668e+35 3.19668e+35 3.19668e+35 1.28146e+34 2.74702e+35 0 3.76343e-117 4.64348e+42 0 0 1
3.92419e+07 2.39455e+35 2.39455e+35 2.45035e+35 2.45035e+35 2.45035e+35 1.08914e+34 2.64521e+35 0 1.98568e-141 4.64348e+42 0 0 1
4.53158e+07 1.85183e+35 1.85183e+35 1.89355e+35 1.89355e+35 1.89355e+35 9.49639e+33 2.50946e+35 0 1.87018e-169 4.64348e+42 0 0 1
5.23299e+07 1.44546e+35 1.44546e+35 1.47709e+35 1.47709e+35 1.47709e+35 8.46482e+33 2.35294e+35 0 8.26717e-202 4.64348e+42 0 0 1
6.04296e+07 1.13892e+35 1.13892e+35 1.16325e+35 1.16325e+35 1.16325e+35 7.64896e+33 2.16022e+35 0 3.66759e-239 4.64348e+42 0 0 1
6.97831e+07 9.05643e+34 9.05643e+34 9.24609e+34 9.24609e+34 9.24609e+34 6.95661e+33 1.93562e+35 0 2.75552e-282 4.64348e+42 0 0 1
8.05842e+07 7.26488e+34 7.26488e+34 7.41474e+34 7.41474e+34 7.41474e+34 6.33739e+33 1.68286e+35 0 0 4.64348e+42 0 0 1
9.30572e+07 5.86943e+34 5.86943e+34 5.98922e+34 5.98922e+34 5.98922e+34 5.74895e+33 1.41079e+35 0 0 4.64348e+42 0 0 1
1.07461e+08 4.76067e+34 4.76067e+34 4.85719e+34 4.85719e+34 4.85719e+34 5.1578e+33 1.13483e+35 0 0 4.64348e+42 53.3408 0 1
1.24094e+08 3.87906e+34 3.87906e+34 3.95748e+34 3.95748e+34 3.95748e+34 4.59482e+33 8.98263e+34 0 0 4.64348e+42 46.8608 0 1
1.43301e+08 3.16216e+34 3.16216e+34 3.22611e+34 3.22611e+34 3.22611e+34 4.03895e+33 6.98416e+34 0 0 4.64348e+42 41.168 0 1
1.65482e+08 2.56899e+34 2.56899e+34 2.62113e+34 2.62113e+34 2.62113e+34 3.48891e+33 5.34392e+34 0 0 4.64348e+42 36.1668 0 1
1.91095e+08 2.06286e+34 2.06286e+34 2.105e+34 2.105e+34 2.105e+34 2.92878e+33 3.98424e+34 0 0 4.64348e+42 31.7731 0 1
2.20673e+08 1.64976e+34 1.64976e+34 1.68375e+34 1.68375e+34 1.68375e+34 2.42975e+33 2.98606e+34 0 0 4.64348e+42 27.9132 0 1
2.5483e+08 1.30807e+34 1.30807e+34 1.33532e+34 1.33532e+34 1.33532e+34 1.98024e+33 2.21276e+34 0 0 4.64348e+42 24.5222 0 1
2.94273e+08 1.0268e+34 1.0268e+34 1.04847e+34 1.04847e+34 1.04847e+34 1.58445e+33 1.62163e+34 0 0 4.64348e+42 21.5432 0 1
3.39821e+08 7.92493e+33 7.92493e+33 8.09454e+33 8.09454e+33 8.09454e+33 1.23245e+33 1.16733e+34 0 0 4.64348e+42 19.761 0 1
3.92419e+08 6.10613e+33 6.10613e+33 6.23888e+33 6.23888e+33 6.23888e+33 9.55627e+32 8.5403e+33 0 0 4.64348e+42 18.926 0 1
4.53158e+08 4.66425e+33 4.66425e+33 4.76737e+33 4.76737e+33 4.76737e+33 7.3068e+32 6.21948e+33 0 0 4.64348e+42 18.1263 0 1
5.23299e+08 3.52763e+33 3.52763e+33 3.607e+33 3.607e+33 3.607e+33 5.49867e+32 4.51051e+33 0 0 4.64348e+42 17.3604 0 1
6.04296e+08 2.64766e+33 2.64766e+33 2.70834e+33 2.70834e+33 2.70834e+33 4.08746e+32 3.23662e+33 0 0 4.64348e+42 16.6268 0 1
6.97831e+08 2.00146e+33 2.00146e+33 2.04821e+33 2.04821e+33 2.04821e+33 3.07441e+32 2.37046e+33 0 0 4.64348e+42 15.9243 0 1
8.05842e+08 1.50721e+33 1.50721e+33 1.5431e+33 1.5431e+33 1.5431e+33 2.29952e+32 1.7332e+33 0 0 4.64348e+42 15.2514 0 1
9.30572e+08 1.12971e+33 1.12971e+33 1.15716e+33 1.15716e+33 1.15716e+33 1.70836e+32 1.26423e+33 0 0 4.64348e+42 14.6069 0 1
1.07461e+09 8.39837e+32 8.39837e+32 8.60649e+32 8.60649e+32 8.60649e+32 1.25351e+32 9.09106e+32 0 0 4.64348e+42 14.6596 0 1
1.24094e+09 6.31226e+32 6.31226e+32 6.47186e+32 6.47186e+32 6.47186e+32 9.38553e+31 6.68883e+32 0 0 4.64348e+42 15.4169 0 1
1.43301e+09 4.74002e+32 4.74002e+32 4.86231e+32 4.86231e+32 4.86231e+32 7.03424e+31 4.90821e+32 0 0 4.64348e+42 16.2133 0 1
1.65482e+09 3.54602e+32 3.54602e+32 3.63937e+32 3.63937e+32 3.63937e+32 5.25418e+31 3.59075e+32 0 0 4.64348e+42 17.0509 0 1
1.91095e+09 2.62922e+32 2.62922e+32 2.69985e+32 2.69985e+32 2.69985e+32 3.87854e+31 2.58391e+32 0 0 4.64348e+42 17.9317 0 1
2.20673e+09 1.96672e+32 1.96672e+32 2.02062e+32 2.02062e+32 2.02062e+32 2.91704e+31 1.9053e+32 0 0 4.64348e+42 18.8581 0 1
2.5483e+09 1.46526e+32 1.46526e+32 1.50622e+32 1.50622e+32 1.50622e+32 2.18699e+31 1.40102e+32 0 0 4.64348e+42 19.8323 0 1
2.94273e+09 1.08636e+32 1.08636e+32 1.11734e+32 1.11734e+32 1.11734e+32 1.63188e+31 1.02692e+32 0 0 4.64348e+42 20.8568 0 1
3.39821e+09 7.95948e+31 7.95948e+31 8.19098e+31 8.19098e+31 8.19098e+31 1.19737e+31 7.40386e+31 0 0 4.64348e+42 21.9342 0 1
3.92419e+09 5.8938e+31 5.8938e+31 6.06858e+31 6.06858e+31 6.06858e+31 8.96693e+30 5.4634e+31 0 0 4.64348e+42 23.0673 0 1
4.53158e+09 4.3506e+31 4.3506e+31 4.48212e+31 4.48212e+31 4.48212e+31 6.69372e+30 4.01713e+31 0 0 4.64348e+42 24.259 0 1
5.23299e+09 3.20177e+31 3.20177e+31 3.30042e+31 3.30042e+31 3.30042e+31 4.98001e+30 2.94173e+31 0 0 4.64348e+42 25.5121 0 1
6.04296e+09 2.3272e+31 2.3272e+31 2.40029e+31 2.40029e+31 2.40029e+31 3.63622e+30 2.12066e+31 0 0 4.64348e+42 26.8301 0 1
6.97831e+09 1.7128e+31 1.7128e+31 1.76783e+31 1.76783e+31 1.76783e+31 2.71568e+30 1.56319e+31 0 0 4.64348e+42 28.2161 0 1
8.05842e+09 1.24958e+31 1.24958e+31 1.29198e+31 1.29198e+31 1.29198e+31 2.01732e+30 1.14913e+31 0 0 4.64348e+42 29.6737 0 1
9.30572e+09 8.74164e+30 8.74164e+30 9.1138e+30 9.1138e+30 9.1138e+30 1.47362e+30 8.42387e+30 0 0 4.64348e+42 31.2066 0 1
1.07461e+10 5.15115e+30 5.15115e+30 5.58705e+30 5.58705e+30 5.58705e+30 1.02841e+30 6.092e+30 0 0 4.64348e+42 35.0144 0 1
1.24094e+10 2.01012e+30 2.01012e+30 2.54637e+30 2.54637e+30 2.54637e+30 7.16355e+29 4.50569e+30 0 0 4.64348e+42 41.9152 0 1
1.43301e+10 4.0155e+29 4.0155e+29 8.37992e+29 8.37992e+29 8.37992e+29 5.06646e+29 3.32415e+30 0 0 4.64348e+42 50.1761 0 1
1.65482e+10 3.09029e+28 3.09029e+28 2.46343e+29 2.46343e+29 2.46343e+29 3.66327e+29 2.44498e+30 0 0 4.64348e+42 60.0651 0 1
1.91095e+10 4.35922e+26 4.35922e+26 7.47779e+28 7.47779e+28 7.47779e+28 2.63008e+29 1.76846e+30 0 0 4.64348e+42 71.903 0 1
2.20673e+10 3.26016e+23 3.26016e+23 2.52881e+28 2.52881e+28 2.52881e+28 1.94041e+29 1.3089e+30 0 0 4.64348e+42 86.074 34.7254 1
2.5483e+10 2.51668e+18 2.51668e+18 9.42785e+27 9.42785e+27 9.42785e+27 1.42923e+29 9.65571e+29 0 0 4.64348e+42 103.038 22.9578 1
2.94273e+10 3.82485e+10 3.82485e+10 3.84791e+27 3.84791e+27 3.84791e+27 1.05036e+29 7.09843e+29 0 0 4.64348e+42 123.345 15.5417 1
3.39821e+10 0.306629 0.306629 1.68393e+27 1.68393e+27 1.68393e+27 7.57687e+28 5.12381e+29 0 0 4.64348e+42 147.655 10.7604 1
3.92419e+10 7.29148e-16 7.29148e-16 8.06532e+26 8.06532e+26 8.06532e+26 5.6148e+28 3.79293e+29 0 0 4.64348e+42 176.755 7.61059 1
4.53158e+10 6.80688e-34 6.80688e-34 4.11007e+26 4.11007e+26 4.11007e+26 4.15203e+28 2.80086e+29 0 0 4.64348e+42 211.591 5.49245 1
5.23299e+10 8.42156e-55 8.42156e-55 2.21075e+26 2.21075e+26 2.21075e+26 3.06547e+28 2.06253e+29 0 0 4.64348e+42 253.292 4.04008 1
6.04296e+10 9.77367e-78 9.77367e-78 1.23239e+26 1.23239e+26 1.23239e+26 2.22586e+28 1.49111e+29 0 0 4.64348e+42 303.212 3.02568 1
6.97831e+10 1.2592e-101 1.2592e-101 7.29571e+25 7.29571e+25 7.29571e+25 1.65864e+28 1.1066e+29 0 0 4.64348e+42 362.971 2.3047 1
8.05842e+10 2.36686e-125 2.36686e-125 4.47028e+25 4.47028e+25 4.47028e+25 1.23266e+28 8.19332e+28 0 0 4.64348e+42 434.507 1.78376 1
9.30572e+10 7.6239e-148 7.6239e-148 2.82171e+25 2.82171e+25 2.82171e+25 9.13564e+27 6.04907e+28 0 0 4.64348e+42 520.142 1.40144 1
1.07461e+11 3.43186e-168 3.43186e-168 1.80424e+25 1.80424e+25 1.80424e+25 6.64306e+27 4.38044e+28 0 0 4.64348e+42 622.654 1.11671 1
1.24094e+11 1.13378e-185 1.13378e-185 1.20504e+25 1.20504e+25 1.20504e+25 4.94853e+27 3.25544e+28 0 0 4.64348e+42 745.37 0.901709 1
1.43301e+11 7.95251e-200 7.95251e-200 8.20714e+24 8.20714e+24 8.20714e+24 3.67353e+27 2.41265e+28 0 0 4.64348e+42 892.272 0.737233 1
1.65482e+11 2.0603e-210 2.0603e-210 5.68434e+24 5.68434e+24 5.68434e+24 2.71652e+27 1.78218e+28 0 0 4.64348e+42 1068.12 0.609868 1
1.91095e+11 2.11144e-217 2.11144e-217 3.94168e+24 3.94168e+24 3.94168e+24 1.96991e+27 1.29031e+28 0 0 4.64348e+42 1278.64 0.510106 1
2.20673e+11 6.54808e-221 6.54808e-221 2.83666e+24 2.83666e+24 2.83666e+24 1.46432e+27 9.58771e+27 0 0 4.64348e+42 1530.64 0.431129 1
2.5483e+11 3.2983e-221 3.2983e-221 2.06603e+24 2.06603e+24 2.06603e+24 1.08498e+27 7.10335e+27 0 0 4.64348e+42 1832.3 0.367983 1
2.94273e+11 1.2139e-218 1.2139e-218 1.52049e+24 1.52049e+24 1.52049e+24 8.01258e+26 5.24495e+27 0 0 4.64348e+42 2193.42 0.317029 1
3.39821e+11 1.28889e-213 1.28889e-213 1.11299e+24 1.11299e+24 1.11299e+24 5.80545e+26 3.79477e+27 0 0 4.64348e+42 0 0.275565 1
3.92419e+11 1.57256e-206 1.57256e-206 8.42502e+23 8.42502e+23 8.42502e+23 4.31375e+26 2.8182e+27 0 0 4.64348e+42 0 0.241562 1
4.53158e+11 8.30076e-198 8.30076e-198 6.42196e+23 6.42196e+23 6.42196e+23 3.19531e+26 2.08661e+27 0 0 4.64348e+42 0 0.213483 1
5.23299e+11 7.69248e-188 7.69248e-188 4.92322e+23 4.92322e+23 4.92322e+23 2.35903e+26 1.53955e+27 0 0 4.64348e+42 0 0.190154 1
6.04296e+11 5.40263e-177 5.40263e-177 3.73464e+23 3.73464e+23 3.73464e+23 1.70804e+26 1.11273e+27 0 0 4.64348e+42 0 0.170669 1
6.97831e+11 1.44306e-165 1.44306e-165 2.922e+23 2.922e+23 2.922e+23 1.26852e+26 8.25606e+26 0 0 4.64348e+42 0 0.154323 1
8.05842e+11 7.5861e-154 7.5861e-154 2.29378e+23 2.29378e+23 2.29378e+23 9.39084e+25 6.10636e+26 0 0 4.64348e+42 0 0.140565 1
9.30572e+11 4.61102e-142 4.61102e-142 1.80503e+23 1.80503e+23 1.80503e+23 6.92858e+25 4.50001e+26 0 0 4.64348e+42 0 0.12896 1
1.07461e+12 2.06218e-130 2.06218e-130 1.4005e+23 1.4005e+23 1.4005e+23 5.01141e+25 3.24735e+26 0 0 4.64348e+42 0 0.119166 1
1.24094e+12 5.00803e-119 5.00803e-119 1.11877e+23 1.11877e+23 1.11877e+23 3.71861e+25 2.40594e+26 0 0 4.64348e+42 0 0.110908 1
1.43301e+12 4.91227e-108 4.91227e-108 8.94521e+22 8.94521e+22 8.94521e+22 2.75022e+25 1.77661e+26 0 0 4.64348e+42 0 0.103969 1
1.65482e+12 1.59563e-97 1.59563e-97 7.15383e+22 7.15383e+22 7.15383e+22 2.02688e+25 1.30686e+26 0 0 4.64348e+42 0 0.098177 1
1.91095e+12 1.4703e-87 1.4703e-87 5.62718e+22 5.62718e+22 5.62718e+22 1.46383e+25 9.40891e+25 0 0 4.64348e+42 0 0.0933933 1
2.20673e+12 3.68149e-78 3.68149e-78 4.55218e+22 4.55218e+22 4.55218e+22 1.08471e+25 6.95596e+25 0 0 4.64348e+42 0 0.0895108 1
2.5483e+12 2.3237e-69 2.32371e-69 3.67983e+22 3.67983e+22 3.67983e+22 8.01015e+24 5.12413e+25 0 0 4.64348e+42 0 0.0864461 1
2.94273e+12 3.64709e-61 3.64709e-61 2.97096e+22 2.97096e+22 2.97096e+22 5.8935e+24 3.75922e+25 0 0 4.64348e+42 0 0.0841374 1
3.39821e+12 1.4171e-53 1.4171e-53 2.35482e+22 2.35482e+22 2.35482e+22 4.24675e+24 2.6973e+25 0 0 4.64348e+42 0 0.082541 1
3.92419e+12 1.47437e-46 1.47437e-46 1.91833e+22 1.91833e+22 1.91833e+22 3.14047e+24 1.98788e+25 0 0 4.64348e+42 0 0.08163 1
4.53158e+12 4.18152e-40 4.18152e-40 1.55969e+22 1.55969e+22 1.55969e+22 2.31386e+24 1.45931e+25 0 0 4.64348e+42 0 0.0813928 1
5.23299e+12 3.42334e-34 3.42335e-34 1.26504e+22 1.26504e+22 1.26504e+22 1.69816e+24 1.06649e+25 0 0 4.64348e+42 0 0.0818329 1
6.04296e+12 8.4795e-29 8.47951e-29 1.00557e+22 1.00557e+22 1.00557e+22 1.21966e+24 7.61503e+24 0 0 4.64348e+42 0 0.0829683 1
6.97831e+12 7.13774e-24 7.13775e-24 8.21155e+21 8.21155e+21 8.21155e+21 8.99245e+23 5.58729e+24 0 0 4.64348e+42 0 0.0848322 1
8.05842e+12 2.12745e-19 2.12745e-19 6.68443e+21 6.68443e+21 6.68443e+21 6.6037e+23 4.08166e+24 0 0 4.64348e+42 0 0.0874729 1
9.30572e+12 2.41068e-15 2.41069e-15 5.42113e+21 5.42113e+21 5.42113e+21 4.82884e+23 2.96696e+24 0 0 4.64348e+42 0 0.0909553 1
1.07461e+13 1.0941e-11 1.09411e-11 4.29959e+21 4.29959e+21 4.29959e+21 3.45186e+23 2.104e+24 0 0 4.64348e+42 0 0.0953611 1
1.24094e+13 2.2371e-08 2.23711e-08 3.50127e+21 3.50127e+21 3.50127e+21 2.53419e+23 1.53429e+24 0 0 4.64348e+42 0 0.10079 1
1.43301e+13 2.13428e-05 2.13428e-05 2.83738e+21 2.83738e+21 2.83738e+21 1.8523e+23 1.11335e+24 0 0 4.64348e+42 0 0.10736 1
1.65482e+13 0.0101123 0.0101123 2.2864e+21 2.2864e+21 2.2864e+21 1.34744e+23 8.03369e+23 0 0 4.64348e+42 0 0.115206 1
1.91095e+13 2.47656 2.47656 1.79612e+21 1.79612e+21 1.79612e+21 9.56844e+22 5.64402e+23 0 0 4.64348e+42 0 0.12448 1
2.20673e+13 348.825 348.826 1.44696e+21 1.44696e+21 1.44696e+21 6.98281e+22 4.08195e+23 0 0 4.64348e+42 0 0.135345 1
2.5483e+13 28815.8 28815.9 1.15679e+21 1.15679e+21 1.15679e+21 5.07062e+22 2.93572e+23 0 0 4.64348e+42 0 0.147968 1
2.94273e+13 1.46399e+06 1.464e+06 9.16662e+20 9.16662e+20 9.16662e+20 3.66233e+22 2.09796e+23 0 0 4.64348e+42 0 0.162507 1
3.39821e+13 4.68275e+07 4.68278e+07 7.04592e+20 7.04592e+20 7.04592e+20 2.57691e+22 1.45576e+23 0 0 4.64348e+42 0 0.179093 1
3.92419e+13 1.03689e+09 1.0369e+09 5.54172e+20 5.54172e+20 5.54172e+20 1.86537e+22 1.0417e+23 0 0 4.64348e+42 0 0.197804 1
4.53158e+13 1.59432e+10 1.59434e+10 4.30657e+20 4.30657e+20 4.30657e+20 1.34267e+22 7.40672e+22 0 0 4.64348e+42 0 0.218621 1
5.23299e+13 1.75994e+11 1.75996e+11 3.30168e+20 3.30168e+20 3.30168e+20 9.60534e+21 5.22839e+22 0 0 4.64348e+42 0 0.241387 1
6.04296e+13 1.40605e+12 1.40608e+12 2.43864e+20 2.43864e+20 2.43864e+20 6.67614e+21 3.57105e+22 0 0 4.64348e+42 0 0.265741 1
6.97831e+13 8.86711e+12 8.86731e+12 1.83861e+20 1.83861e+20 1.83861e+20 4.78162e+21 2.52148e+22 0 0 4.64348e+42 0 0.291055 1
8.05842e+13 4.36611e+13 4.36622e+13 1.36331e+20 1.36331e+20 1.36331e+20 3.40267e+21 1.76743e+22 0 0 4.64348e+42 0 0.316368 1
9.30572e+13 1.71718e+14 1.71723e+14 9.9307e+19 9.9307e+19 9.9307e+19 2.40453e+21 1.22863e+22 0 0 4.64348e+42 0 0.340344 1
1.07461e+14 5.37241e+14 5.37262e+14 6.92638e+19 6.92638e+19 6.92638e+19 1.64507e+21 8.22521e+21 0 0 4.64348e+42 0 0 1
1.24094e+14 1.45465e+15 1.45473e+15 4.93528e+19 4.93528e+19 4.93528e+19 1.16262e+21 5.71086e+21 0 0 4.64348e+42 0 0 1
1.43301e+14 3.33477e+15 3.3351e+15 3.45346e+19 3.45346e+19 3.45346e+19 8.15619e+20 3.93104e+21 0 0 4.64348e+42 0 0 1
1.65482e+14 6.5756e+15 6.57696e+15 2.37311e+19 2.37311e+19 2.37311e+19 5.67612e+20 2.67924e+21 0 0 4.64348e+42 0 0 1
1.91095e+14 1.0999e+16 1.10038e+16 1.55714e+19 1.55714e+19 1.55714e+19 3.807e+20 1.747e+21 0 0 4.64348e+42 0 0 1
2.20673e+14 1.70116e+16 1.7026e+16 1.04998e+19 1.04998e+19 1.04998e+19 2.64576e+20 1.18643e+21 0 0 4.64348e+42 0 0 1
2.5483e+14 2.35676e+16 2.36037e+16 6.96854e+18 6.96854e+18 6.96854e+18 1.82273e+20 7.973e+20 0 0 4.64348e+42 0 0 1
2.94273e+14 2.95547e+16 2.96306e+16 4.55337e+18 4.55337e+18 4.55337e+18 1.24374e+20 5.29349e+20 0 0 4.64348e+42 0 0 1
3.39821e+14 3.27641e+16 3.28953e+16 2.83461e+18 2.83461e+18 2.83461e+18 8.1251e+19 3.32991e+20 0 0 4.64348e+42 0 0 1
3.92419e+14 3.52158e+16 3.54217e+16 1.82875e+18 1.82875e+18 1.82875e+18 5.52201e+19 2.19562e+20 0 0 4.64348e+42 0 0 1
4.53158e+14 3.51904e+16 3.5474e+16 1.16381e+18 1.16381e+18 1.16381e+18 3.71262e+19 1.42894e+20 0 0 4.64348e+42 0 0 1
5.23299e+14 3.29048e+16 3.32524e+16 7.30435e+17 7.30435e+17 7.30435e+17 2.46672e+19 9.16091e+19 0 0 4.64348e+42 0 0 1
6.04296e+14 2.78055e+16 2.81738e+16 4.34056e+17 4.34056e+17 4.34056e+17 1.55374e+19 5.48543e+19 0 0 4.64348e+42 0 0 1
6.97831e+14 2.35846e+16 2.39615e+16 2.69798e+17 2.69798e+17 2.69798e+17 1.02435e+19 3.47696e+19 0 0 4.64348e+42 0 0 1
8.05842e+14 1.90268e+16 1.93814e+16 1.65422e+17 1.65422e+17 1.65422e+17 6.66226e+18 2.16818e+19 0 0 4.64348e+42 0 0 1
9.30572e+14 1.4649e+16 1.49581e+16 9.99586e+16 9.99586e+16 9.99586e+16 4.26892e+18 1.3267e+19 0 0 4.64348e+42 0 0 1
1.07461e+15 1.02473e+16 1.04857e+16 5.64588e+16 5.64588e+16 5.64588e+16 2.55494e+18 7.41936e+18 0 0 4.64348e+42 0 0 1
1.24094e+15 7.39532e+15 7.58083e+15 3.37336e+16 3.37336e+16 3.37336e+16 1.61589e+18 4.46147e+18 0 0 4.64348e+42 0 0 1
1.43301e+15 5.13701e+15 5.27313e+15 1.98329e+16 1.98329e+16 1.98329e+16 1.00433e+18 2.62812e+18 0 0 4.64348e+42 0 0 1
1.65482e+15 3.4384e+15 3.53292e+15 1.14567e+16 1.14567e+16 1.14567e+16 6.12398e+17 1.5114e+18 0 0 4.64348e+42 0 0 1
1.91095e+15 2.06819e+15 2.12625e+15 6.05032e+15 6.05032e+15 6.05032e+15 3.40816e+17 7.68032e+17 0 0 4.64348e+42 0 0 1
2.20673e+15 1.31729e+15 1.35452e+15 3.43511e+15 3.43511e+15 3.43511e+15 2.03549e+17 4.30434e+17 0 0 4.64348e+42 0 0 1
2.5483e+15 8.10663e+14 8.33441e+14 1.90978e+15 1.90978e+15 1.90978e+15 1.18817e+17 2.35041e+17 0 0 4.64348e+42 0 0 1
2.94273e+15 4.81926e+14 4.95239e+14 1.03787e+15 1.03787e+15 1.03787e+15 6.76636e+16 1.24485e+17 0 0 4.64348e+42 0 0 1
3.39821e+15 2.49746e+14 2.56462e+14 4.96848e+14 4.96848e+14 4.96848e+14 3.38743e+16 5.51941e+16 0 0 4.64348e+42 0 0 1
3.92419e+15 1.41497e+14 1.45168e+14 2.62451e+14 2.62451e+14 2.62451e+14 1.8674e+16 2.81476e+16 0 0 4.64348e+42 0 0 1
4.53158e+15 7.72624e+13 7.91806e+13 1.34709e+14 1.34709e+14 1.34709e+14 9.98219e+15 1.38936e+16 0 0 4.64348e+42 0 0 1
5.23299e+15 4.06401e+13 4.1599e+13 6.70896e+13 6.70896e+13 6.70896e+13 5.16673e+15 6.59755e+15 0 0 4.64348e+42 0 0 1
6.04296e+15 1.75752e+13 1.79668e+13 2.76475e+13 2.76475e+13 2.76475e+13 2.20821e+15 2.39892e+15 0 0 4.64348e+42 0 0 1
6.97831e+15 8.71499e+12 8.89729e+12 1.31383e+13 1.31383e+13 1.31383e+13 1.08603e+15 1.07674e+15 0 0 4.64348e+42 0 0 1
8.05842e+15 4.12714e+12 4.20778e+12 5.99265e+12 5.99265e+12 5.99265e+12 5.11617e+14 4.64152e+14 0 0 4.64348e+42 0 0 1
9.30572e+15 1.86879e+12 1.90274e+12 2.62517e+12 2.62517e+12 2.62517e+12 2.31004e+14 1.90668e+14 0 0 4.64348e+42 0 0 1
1.07461e+16 6.27466e+11 6.38021e+11 8.56098e+11 8.56098e+11 8.56098e+11 7.74901e+13 5.13772e+13 0 0 4.64348e+42 0 0 1
1.24094e+16 2.61087e+11 2.65139e+11 3.4719e+11 3.4719e+11 3.4719e+11 3.2262e+13 1.9297e+13 0 0 4.64348e+42 0 0 1
1.43301e+16 1.01707e+11 1.03158e+11 1.32227e+11 1.32227e+11 1.32227e+11 1.25893e+13 6.90577e+12 0 0 4.64348e+42 0 0 1
1.65482e+16 3.72647e+10 3.77519e+10 4.74936e+10 4.74936e+10 4.74936e+10 4.62428e+12 2.34249e+12 0 0 4.64348e+42 0 0 1
1.91095e+16 8.58237e+09 8.68493e+09 1.07488e+10 1.07488e+10 1.07488e+10 1.06829e+12 3.90856e+11 0 0 4.64348e+42 0 0 1
2.20673e+16 2.77226e+09 2.80247e+09 3.41926e+09 3.41926e+09 3.41926e+09 3.46251e+11 1.12479e+11 0 0 4.64348e+42 0 0 1
2.5483e+16 8.04103e+08 8.12071e+08 9.78519e+08 9.78519e+08 9.78519e+08 1.00784e+11 3.04524e+10 0 0 4.64348e+42 0 0 1
2.94273e+16 2.08449e+08 2.10324e+08 2.50692e+08 2.50692e+08 2.50692e+08 2.62167e+10 7.92207e+09 0 0 4.64348e+42 0 0 1
3.39821e+16 2.7194e+07 2.74156e+07 3.23695e+07 3.23695e+07 3.23695e+07 3.4313e+09 6.24902e+08 0 0 4.64348e+42 0 0 1
3.92419e+16 5.91793e+06 5.96153e+06 6.98099e+06 6.98099e+06 6.98099e+06 7.48896e+08 1.16993e+08 0 0 4.64348e+42 0 0 1
4.53158e+16 1.07293e+06 1.08007e+06 1.25575e+06 1.25575e+06 1.25575e+06 1.36115e+08 1.94622e+07 0 0 4.64348e+42 0 0 1
5.23299e+16 151765 152676 176411 176411 176411 1.92917e+07 3.13793e+06 0 0 4.64348e+42 0 0 1
6.04296e+16 7581.78 7622.7 8760.56 8760.56 8760.56 965114 75878.8 0 0 4.64348e+42 0 0 1
6.97831e+16 734.071 737.633 843.82 843.82 843.82 93512.2 5062.63 0 0 4.64348e+42 0 0 1
8.05842e+16 30.1205 30.2517 34.4687 34.4687 34.4687 3837.41 106.028 0 0 4.64348e+42 0 0 1
9.30572e+16 0 0 0 0 0 0 0 0 0 4.64348e+42 0 0 1