
1.07461e-07 0 0 1.72176e+54 1.95791e+54 5.15297e+55 1.52155e+54 0 9.64277e+46 0 4.64348e+42 0 0 1
1.24094e-07 4.13414e-217 4.13414e-217 2.10361e+54 2.35127e+54 4.26478e+55 1.20613e+54 0 1.11353e+47 2.79804e-221 4.64348e+42 0 0 1
1.43301e-07 2.03136e-146 2.03136e-146 2.56202e+54 2.82124e+54 3.52724e+55 9.6657e+53 0 1.28588e+47 9.77551e-151 4.64348e+42 0 0 1
1.65482e-07 3.82661e-94 3.82661e-94 3.11349e+54 3.38451e+54 2.91434e+55 7.81046e+53 0 1.48492e+47 1.3122e-98 4.64348e+42 0 0 1
1.91095e-07 1.75399e-55 1.75399e-55 3.77059e+54 4.05321e+54 2.40508e+55 6.34845e+53 0 1.71475e+47 4.30082e-60 4.64348e+42 0 0 1
2.20673e-07 6.88294e-27 6.88294e-27 4.50863e+54 4.79985e+54 1.98221e+55 5.17968e+53 0 1.98017e+47 1.22226e-31 4.64348e+42 0 0 1
2.5483e-07 9.54851e-06 9.54851e-06 5.2201e+54 5.51084e+54 1.63143e+55 4.23509e+53 0 2.28666e+47 1.26821e-10 4.64348e+42 0 0 1
2.94273e-07 3.99855e+10 3.99855e+10 5.73887e+54 6.01465e+54 1.34081e+55 3.46582e+53 0 2.64059e+47 418321 4.64348e+42 0 0 1
3.39821e-07 1.36098e+22 1.36098e+22 5.93952e+54 6.1859e+54 1.10035e+55 2.83629e+53 0 3.04931e+47 1.19134e+17 4.64348e+42 0 0 1
3.92419e-07 4.33445e+30 4.33445e+30 5.80341e+54 6.01131e+54 9.01669e+54 2.3197e+53 0 3.52129e+47 3.36267e+25 4.64348e+42 0 0 1
4.53158e-07 7.91629e+36 7.91629e+36 5.40161e+54 5.56878e+54 7.37748e+54 1.8953e+53 0 4.06632e+47 5.71389e+31 4.64348e+42 0 0 1
5.23299e-07 3.17884e+41 3.17884e+41 4.83949e+54 4.96892e+54 6.02701e+54 1.5466e+53 0 4.69572e+47 2.2177e+36 4.64348e+42 0 0 1
6.04296e-07 7.5917e+44 7.5917e+44 4.21306e+54 4.31046e+54 4.91607e+54 1.26027e+53 0 5.42253e+47 5.26835e+39 4.64348e+42 0 0 1
6.97831e-07 2.25137e+47 2.25137e+47 3.5909e+54 3.66268e+54 4.00356e+54 1.02542e+53 0 6.26184e+47 1.58736e+42 4.64348e+42 0 0 1
8.05842e-07 1.42878e+49 1.42878e+49 3.01368e+54 3.06578e+54 3.25518e+54 8.33042e+52 0 7.23106e+47 1.03945e+44 4.64348e+42 0 0 1
9.30572e-07 2.90131e+50 2.90131e+50 2.50083e+54 2.53823e+54 2.64238e+54 6.75696e+52 0 8.35029e+47 2.20264e+45 4.64348e+42 0 0 1
1.07461e-06 2.53753e+51 2.53753e+51 2.058e+54 2.08462e+54 2.14143e+54 5.47213e+52 0 9.64276e+47 2.02721e+46 4.64348e+42 0 0 1
1.24094e-06 1.19065e+52 1.19065e+52 1.68299e+54 1.70183e+54 1.7326e+54 4.42475e+52 0 1.11353e+48 1.00724e+47 4.64348e+42 0 0 1
1.43301e-06 3.52503e+52 3.52503e+52 1.36968e+54 1.38295e+54 1.39951e+54 3.57238e+52 0 1.28588e+48 3.17305e+47 4.64348e+42 0 0 1
1.65482e-06 7.42336e+52 7.42336e+52 1.11044e+54 1.11975e+54 1.12861e+54 2.87991e+52 0 1.48491e+48 7.13739e+47 4.64348e+42 0 0 1
1.91095e-06 1.21493e+53 1.21493e+53 8.9745e+53 9.0396e+53 9.08684e+53 2.31828e+52 0 1.71475e+48 1.25163e+48 4.64348e+42 0 0 1
2.20673e-06 1.64981e+53 1.64981e+53 7.23401e+53 7.27943e+53 7.30448e+53 1.86353e+52 0 1.98016e+48 1.82594e+48 4.64348e+42 0 0 1
2.5483e-06 1.95092e+53 1.95092e+53 5.81771e+53 5.84933e+53 5.86255e+53 1.49591e+52 0 2.28666e+48 2.32498e+48 4.64348e+42 0 0 1
2.94273e-06 2.08202e+53 2.08202e+53 4.66913e+53 4.6911e+53 4.69805e+53 1.19918e+52 0 2.64059e+48 2.67721e+48 4.64348e+42 0 0 1
3.39821e-06 2.05892e+53 2.05892e+53 3.7403e+53 3.75554e+53 3.75918e+53 9.60041e+51 0 3.04931e+48 2.86197e+48 4.64348e+42 0 0 1
3.92419e-06 1.92386e+53 1.92386e+53 2.99102e+53 3.00156e+53 3.00346e+53 7.67581e+51 0 3.52128e+48 2.89593e+48 4.64348e+42 0 0 1
4.53158e-06 1.72325e+53 1.72325e+53 2.38786e+53 2.39515e+53 2.39614e+53 6.12904e+51 0 4.06631e+48 2.81367e+48 4.64348e+42 0 0 1
5.23299e-06 1.49551e+53 1.49551e+53 1.90328e+53 1.90831e+53 1.90882e+53 4.88759e+51 0 4.6957e+48 2.6529e+48 4.64348e+42 0 0 1
6.04296e-06 1.2674e+53 1.2674e+53 1.51466e+53 1.51812e+53 1.51839e+53 3.89248e+51 0 5.42251e+48 2.44643e+48 4.64348e+42 0 0 1
6.97831e-06 1.05496e+53 1.05496e+53 1.20351e+53 1.20589e+53 1.20603e+53 3.09586e+51 0 6.26181e+48 2.21932e+48 4.64348e+42 0 0 1
8.05842e-06 8.66189e+52 8.66189e+52 9.5478e+52 9.56418e+52 9.56488e+52 2.45893e+51 0 7.23102e+48 1.98904e+48 4.64348e+42 0 0 1
9.30572e-06 7.03741e+52 7.03741e+52 7.56264e+52 7.57387e+52 7.57423e+52 1.95032e+51 0 8.35025e+48 1.76674e+48 4.64348e+42 0 0 1
1.07461e-05 5.67073e+52 5.67073e+52 5.98062e+52 5.98831e+52 5.98849e+52 1.54471e+51 0 9.64271e+48 1.55893e+48 4.64348e+42 0 0 1
1.24094e-05 4.53968e+52 4.53968e+52 4.72178e+52 4.72704e+52 4.72713e+52 1.22165e+51 0 1.11352e+49 1.36884e+48 4.64348e+42 0 0 1
1.43301e-05 3.61499e+52 3.61499e+52 3.72163e+52 3.72522e+52 3.72527e+52 9.64679e+50 0 1.28587e+49 1.19759e+48 4.64348e+42 0 0 1
1.65482e-05 2.86599e+52 2.86599e+52 2.92824e+52 2.93069e+52 2.93071e+52 7.60561e+50 0 1.4849e+49 1.04496e+48 4.64348e+42 0 0 1
1.91095e-05 2.26363e+52 2.26363e+52 2.29987e+52 2.30154e+52 2.30155e+52 5.98652e+50 0 1.71473e+49 9.09987e+47 4.64348e+42 0 0 1
2.20673e-05 1.78196e+52 1.78196e+52 1.80301e+52 1.80414e+52 1.80415e+52 4.70411e+50 0 1.98014e+49 7.91288e+47 4.64348e+42 0 0 1
2.5483e-05 1.39861e+52 1.39861e+52 1.4108e+52 1.41157e+52 1.41157e+52 3.68991e+50 0 2.28663e+49 6.87329e+47 4.64348e+42 0 0 1
2.94273e-05 1.09469e+52 1.09469e+52 1.10174e+52 1.10226e+52 1.10226e+52 2.8891e+50 0 2.64055e+49 5.96551e+47 4.64348e+42 0 0 1
3.39821e-05 8.5458e+51 8.5458e+51 8.58642e+51 8.58991e+51 8.58993e+51 2.25782e+50 0 3.04925e+49 5.17457e+47 4.64348e+42 0 0 1
3.92419e-05 6.65452e+51 6.65452e+51 6.67788e+51 6.68023e+51 6.68024e+51 1.76103e+50 0 3.52121e+49 4.48654e+47 4.64348e+42 0 0 1
4.53158e-05 5.16903e+51 5.16903e+51 5.18244e+51 5.18402e+51 5.18402e+51 1.37078e+50 0 4.06622e+49 3.88874e+47 4.64348e+42 0 0 1
5.23299e-05 4.00537e+51 4.00537e+51 4.01305e+51 4.01411e+51 4.01411e+51 1.06479e+50 0 4.69557e+49 3.36978e+47 4.64348e+42 0 0 1
6.04296e-05 3.09617e+51 3.09617e+51 3.10055e+51 3.10126e+51 3.10126e+51 8.25341e+49 0 5.42234e+49 2.91957e+47 4.64348e+42 0 0 1
6.97831e-05 2.38757e+51 2.38757e+51 2.39007e+51 2.39054e+51 2.39054e+51 6.38337e+49 0 6.26158e+49 2.52918e+47 4.64348e+42 0 0 1
8.05842e-05 1.83669e+51 1.83669e+51 1.83812e+51 1.83843e+51 1.83843e+51 4.926e+49 0 7.23072e+49 2.19077e+47 4.64348e+42 0 0 1
9.30572e-05 1.40951e+51 1.40951e+51 1.41032e+51 1.41053e+51 1.41053e+51 3.79269e+49 0 8.34984e+49 1.89752e+47 4.64348e+42 0 0 1
0.000107461 1.07908e+51 1.07908e+51 1.07953e+51 1.07967e+51 1.07967e+51 2.91337e+49 0 9.64217e+49 1.64343e+47 4.64348e+42 0 0 1
0.000124094 8.24132e+50 8.24132e+50 8.2439e+50 8.24482e+50 8.24482e+50 2.23271e+49 0 1.11345e+50 1.4233e+47 4.64348e+42 0 0 1
0.000143301 6.27931e+50 6.27931e+50 6.28076e+50 6.28137e+50 6.28137e+50 1.70707e+49 0 1.28578e+50 1.23263e+47 4.64348e+42 0 0 1
0.000165482 4.77326e+50 4.77326e+50 4.77407e+50 4.77447e+50 4.77447e+50 1.30214e+49 0 1.48477e+50 1.06748e+47 4.64348e+42 0 0 1
0.000191095 3.62017e+50 3.62017e+50 3.62062e+50 3.62089e+50 3.62089e+50 9.90962e+48 0 1.71456e+50 9.2444e+46 4.64348e+42 0 0 1
0.000220673 2.73958e+50 2.73958e+50 2.73983e+50 2.74e+50 2.74e+50 7.52434e+48 0 1.97991e+50 8.00559e+46 4.64348e+42 0 0 1
0.00025483 2.06879e+50 2.06879e+50 2.06893e+50 2.06904e+50 2.06904e+50 5.70052e+48 0 2.28632e+50 6.93272e+46 4.64348e+42 0 0 1
0.000294273 1.55908e+50 1.55908e+50 1.55916e+50 1.55923e+50 1.55923e+50 4.30949e+48 0 2.64014e+50 6.0036e+46 4.64348e+42 0 0 1
0.000339821 1.17271e+50 1.17271e+50 1.17276e+50 1.1728e+50 1.1728e+50 3.25118e+48 0 3.04871e+50 5.19897e+46 4.64348e+42 0 0 1
0.000392419 8.80516e+49 8.80516e+49 8.8054e+49 8.80571e+49 8.80571e+49 2.44796e+48 0 3.52049e+50 4.50217e+46 4.64348e+42 0 0 1
0.000453158 6.60032e+49 6.60032e+49 6.60045e+49 6.60066e+49 6.60066e+49 1.83978e+48 0 4.06525e+50 3.89874e+46 4.64348e+42 0 0 1
0.000523299 4.94009e+49 4.94009e+49 4.94016e+49 4.94029e+49 4.94029e+49 1.38032e+48 0 4.69429e+50 3.37619e+46 4.64348e+42 0 0 1
0.000604296 3.6924e+49 3.6924e+49 3.69245e+49 3.69253e+49 3.69253e+49 1.03397e+48 0 5.42063e+50 2.92367e+46 4.64348e+42 0 0 1
0.000697831 2.75646e+49 2.75646e+49 2.75648e+49 2.75653e+49 2.75653e+49 7.73408e+47 0 6.2593e+50 2.5318e+46 4.64348e+42 0 0 1
0.000805842 2.05553e+49 2.05553e+49 2.05554e+49 2.05557e+49 2.05557e+49 5.77758e+47 0 7.22768e+50 2.19246e+46 4.64348e+42 0 0 1
0.000930572 1.53139e+49 1.53139e+49 1.5314e+49 1.53142e+49 1.53142e+49 4.31104e+47 0 8.34579e+50 1.89859e+46 4.64348e+42 0 0 1
0.00107461 1.13999e+49 1.13999e+49 1.14e+49 1.14001e+49 1.14001e+49 3.21351e+47 0 9.63676e+50 1.64411e+46 4.64348e+42 0 0 1
0.00124094 8.48063e+48 8.48063e+48 8.48065e+48 8.48074e+48 8.48074e+48 2.39331e+47 0 1.11273e+51 1.42375e+46 4.64348e+42 0 0 1
0.00143301 6.30555e+48 6.30555e+48 6.30556e+48 6.30562e+48 6.30562e+48 1.78116e+47 0 1.28482e+51 1.23291e+46 4.64348e+42 0 0 1
0.00165482 4.68644e+48 4.68644e+48 4.68645e+48 4.68649e+48 4.68649e+48 1.32478e+47 0 1.48349e+51 1.06766e+46 4.64348e+42 0 0 1
0.00191095 3.48213e+48 3.48213e+48 3.48213e+48 3.48216e+48 3.48216e+48 9.84888e+46 0 1.71285e+51 9.24556e+45 4.64348e+42 0 0 1
0.00220673 2.58691e+48 2.58691e+48 2.58692e+48 2.58693e+48 2.58693e+48 7.31954e+46 0 1.97763e+51 8.00633e+45 4.64348e+42 0 0 1
0.0025483 1.9218e+48 1.9218e+48 1.9218e+48 1.92181e+48 1.92181e+48 5.43865e+46 0 2.28328e+51 6.93319e+45 4.64348e+42 0 0 1
0.00294273 1.42783e+48 1.42783e+48 1.42783e+48 1.42784e+48 1.42784e+48 4.04076e+46 0 2.63609e+51 6.0039e+45 4.64348e+42 0 0 1
0.00339821 1.06105e+48 1.06105e+48 1.06105e+48 1.06106e+48 1.06106e+48 3.0023e+46 0 3.0433e+51 5.19916e+45 4.64348e+42 0 0 1
0.00392419 7.88752e+47 7.88752e+47 7.88752e+47 7.88755e+47 7.88755e+47 2.23108e+46 0 3.51328e+51 4.50229e+45 4.64348e+42 0 0 1
0.00453158 5.8659e+47 5.8659e+47 5.8659e+47 5.86592e+47 5.86592e+47 1.65844e+46 0 4.05564e+51 3.89882e+45 4.64348e+42 0 0 1
0.00523299 4.36482e+47 4.36482e+47 4.36482e+47 4.36483e+47 4.36483e+47 1.23326e+46 0 4.68147e+51 3.37624e+45 4.64348e+42 0 0 1
0.00604296 3.24998e+47 3.24998e+47 3.24998e+47 3.24999e+47 3.24999e+47 9.17544e+45 0 5.40354e+51 2.9237e+45 4.64348e+42 0 0 1
0.00697831 2.42171e+47 2.42171e+47 2.42171e+47 2.42172e+47 2.42172e+47 6.83072e+45 0 6.23652e+51 2.53182e+45 4.64348e+42 0 0 1
0.00805842 1.80606e+47 1.80606e+47 1.80606e+47 1.80606e+47 1.80606e+47 5.08883e+45 0 7.1973e+51 2.19247e+45 4.64348e+42 0 0 1
0.00930572 1.34819e+47 1.34819e+47 1.34819e+47 1.34819e+47 1.34819e+47 3.79423e+45 0 8.30529e+51 1.8986e+45 4.64348e+42 0 0 1
0.0107461 1.00744e+47 1.00744e+47 1.00744e+47 1.00744e+47 1.00744e+47 2.83156e+45 0 9.58277e+51 1.64412e+45 4.64348e+42 0 0 1
0.0124094 7.53658e+46 7.53658e+46 7.53658e+46 7.53659e+46 7.53659e+46 2.11526e+45 0 1.10553e+52 1.42375e+45 4.64348e+42 0 0 1
0.0143301 5.64491e+46 5.64491e+46 5.64491e+46 5.64492e+46 5.64492e+46 1.5819e+45 0 1.27522e+52 1.23292e+45 4.64348e+42 0 0 1
0.0165482 4.23357e+46 4.23357e+46 4.23357e+46 4.23357e+46 4.23357e+46 1.18444e+45 0 1.4707e+52 1.06766e+45 4.64348e+42 0 0 1
0.0191095 3.17952e+46 3.17952e+46 3.17952e+46 3.17953e+46 3.17953e+46 8.87979e+44 0 1.69581e+52 9.24557e+44 4.64348e+42 0 0 1
0.0220673 2.39146e+46 2.39146e+46 2.39146e+46 2.39146e+46 2.39146e+46 6.66636e+44 0 1.95492e+52 8.00633e+44 4.64348e+42 0 0 1
0.025483 1.80156e+46 1.80156e+46 1.80156e+46 1.80156e+46 1.80156e+46 5.01201e+44 0 2.25302e+52 6.9332e+44 4.64348e+42 0 0 1
0.0294273 1.35943e+46 1.35943e+46 1.35943e+46 1.35943e+46 1.35943e+46 3.77408e+44 0 2.59576e+52 6.0039e+44 4.64348e+42 0 0 1
0.0339821 1.02761e+46 1.02761e+46 1.02761e+46 1.02761e+46 1.02761e+46 2.84661e+44 0 2.98958e+52 5.19916e+44 4.64348e+42 0 0 1
0.0392419 7.78224e+45 7.78224e+45 7.78224e+45 7.78224e+45 7.78224e+45 2.15082e+44 0 3.44172e+52 4.50229e+44 4.64348e+42 0 0 1
0.0453158 5.90503e+45 5.90503e+45 5.90503e+45 5.90504e+45 5.90504e+45 1.62809e+44 0 3.96034e+52 3.89882e+44 4.64348e+42 0 0 1
0.0523299 4.48975e+45 4.48975e+45 4.48975e+45 4.48975e+45 4.48975e+45 1.2348e+44 0 4.55458e+52 3.37624e+44 4.64348e+42 0 0 1
0.0604296 3.42091e+45 3.42091e+45 3.42091e+45 3.42091e+45 3.42091e+45 9.38425e+43 0 5.23462e+52 2.9237e+44 4.64348e+42 0 0 1
0.0697831 2.61228e+45 2.61228e+45 2.61228e+45 2.61228e+45 2.61228e+45 7.14716e+43 0 6.01172e+52 2.53182e+44 4.64348e+42 0 0 1
0.0805842 1.99937e+45 1.99937e+45 1.99937e+45 1.99937e+45 1.99937e+45 5.45566e+43 0 6.89822e+52 2.19247e+44 4.64348e+42 0 0 1
0.0930572 1.53391e+45 1.53391e+45 1.53391e+45 1.53391e+45 1.53391e+45 4.17438e+43 0 7.90754e+52 1.8986e+44 4.64348e+42 0 0 1
0.107461 1.17972e+45 1.17972e+45 1.17972e+45 1.17972e+45 1.17972e+45 3.20203e+43 0 9.05402e+52 1.64412e+44 4.64348e+42 0 0 1
0.124094 9.0963e+44 9.0963e+44 9.0963e+44 9.0963e+44 9.0963e+44 2.46273e+43 0 1.03528e+53 1.42375e+44 4.64348e+42 0 0 1
0.143301 7.03245e+44 7.03245e+44 7.03245e+44 7.03245e+44 7.03245e+44 1.89954e+43 0 1.18193e+53 1.23291e+44 4.64348e+42 0 0 1
0.165482 5.45197e+44 5.45197e+44 5.45197e+44 5.45197e+44 5.45197e+44 1.4697e+43 0 1.3469e+53 1.06766e+44 4.64348e+42 0 0 1
0.191095 4.23904e+44 4.23904e+44 4.23904e+44 4.23904e+44 4.23904e+44 1.14102e+43 0 1.53165e+53 9.24555e+43 4.64348e+42 0 0 1
0.220673 3.3062e+44 3.3062e+44 3.3062e+44 3.3062e+44 3.3062e+44 8.89266e+42 0 1.73744e+53 8.00631e+43 4.64348e+42 0 0 1
0.25483 2.58728e+44 2.58728e+44 2.58728e+44 2.58728e+44 2.58728e+44 6.96132e+42 0 1.9652e+53 6.93318e+43 4.64348e+42 0 0 1
0.294273 2.03212e+44 2.03212e+44 2.03212e+44 2.03212e+44 2.03212e+44 5.47786e+42 0 2.21534e+53 6.00388e+43 4.64348e+42 0 0 1
0.339821 1.60265e+44 1.60265e+44 1.60265e+44 1.60265e+44 1.60265e+44 4.33747e+42 0 2.48749e+53 5.19914e+43 4.64348e+42 0 0 1
0.392419 1.2699e+44 1.2699e+44 1.2699e+44 1.2699e+44 1.2699e+44 3.46062e+42 0 2.78017e+53 4.50227e+43 4.64348e+42 0 0 1
0.453158 1.01177e+44 1.01177e+44 1.01177e+44 1.01177e+44 1.01177e+44 2.78678e+42 0 3.09043e+53 3.8988e+43 4.64348e+42 0 0 1
0.523299 8.11344e+43 8.11344e+43 8.11344e+43 8.11344e+43 8.11344e+43 2.26976e+42 0 3.41337e+53 3.37622e+43 4.64348e+42 0 0 1
0.604296 6.55671e+43 6.55671e+43 6.55671e+43 6.55671e+43 6.55671e+43 1.87415e+42 0 3.74165e+53 2.92368e+43 4.64348e+42 0 0 1
0.697831 5.34764e+43 5.34764e+43 5.34764e+43 5.34764e+43 5.34764e+43 1.57268e+42 0 4.06494e+53 2.5318e+43 4.64348e+42 0 0 1
0.805842 4.40901e+43 4.40901e+43 4.40901e+43 4.40901e+43 4.40901e+43 1.34419e+42 0 4.36947e+53 2.19245e+43 4.64348e+42 0 0 1
0.930572 3.68067e+43 3.68067e+43 3.68067e+43 3.68067e+43 3.68067e+43 1.17208e+42 0 4.63775e+53 1.89858e+43 4.64348e+42 0 0 1
1.07461 3.11543e+43 3.11543e+43 3.11543e+43 3.11543e+43 3.11543e+43 1.04313e+42 0 4.84874e+53 1.6441e+43 4.64348e+42 0 0 1
1.24094 2.67586e+43 2.67586e+43 2.67586e+43 2.67586e+43 2.67586e+43 9.46656e+41 0 4.97855e+53 1.42373e+43 4.64348e+42 0 0 1
1.43301 2.33195e+43 2.33195e+43 2.33195e+43 2.33195e+43 2.33195e+43 8.7382e+41 0 5.00223e+53 1.23289e+43 4.64348e+42 0 0 1
1.65482 2.05941e+43 2.05941e+43 2.05941e+43 2.05941e+43 2.05941e+43 8.17217e+41 0 4.89683e+53 1.06764e+43 4.64348e+42 0 0 1
1.91095 1.83841e+43 1.83841e+43 1.83841e+43 1.83841e+43 1.83841e+43 7.70587e+41 0 4.64583e+53 9.24535e+42 4.64348e+42 0 0 1
2.20673 1.6529e+43 1.6529e+43 1.6529e+43 1.6529e+43 1.6529e+43 7.28706e+41 0 4.24471e+53 8.00611e+42 4.64348e+42 0 0 1
2.5483 1.4902e+43 1.4902e+43 1.4902e+43 1.4902e+43 1.4902e+43 6.87417e+41 0 3.70657e+53 6.93298e+42 4.64348e+42 0 0 1
2.94273 1.34085e+43 1.34085e+43 1.34085e+43 1.34085e+43 1.34085e+43 6.4374e+41 0 3.06571e+53 6.00368e+42 4.64348e+42 0 0 1
3.39821 1.19861e+43 1.19861e+43 1.19861e+43 1.19861e+43 1.19861e+43 5.96001e+41 0 2.37662e+53 5.19894e+42 4.64348e+42 0 0 1
3.92419 1.06029e+43 1.06029e+43 1.06029e+43 1.06029e+43 1.06029e+43 5.43862e+41 0 1.70598e+53 4.50207e+42 4.64348e+42 0 0 1
4.53158 9.2533e+42 9.2533e+42 9.2533e+42 9.2533e+42 9.2533e+42 4.88173e+41 0 1.11823e+53 3.8986e+42 4.64348e+42 0 0 1
5.23299 7.95078e+42 7.95078e+42 7.95078e+42 7.95078e+42 7.95078e+42 4.30616e+41 0 6.58832e+52 3.37602e+42 4.64348e+42 0 0 1
6.04296 6.71814e+42 6.71814e+42 6.71814e+42 6.71814e+42 6.71814e+42 3.73207e+41 0 3.42733e+52 2.92349e+42 4.64348e+42 0 0 1
6.97831 5.5786e+42 5.5786e+42 5.5786e+42 5.5786e+42 5.5786e+42 3.17837e+41 0 1.54279e+52 2.5316e+42 4.64348e+42 0 0 1
8.05842 4.5499e+42 4.5499e+42 4.5499e+42 4.5499e+42 4.5499e+42 2.6597e+41 0 5.87298e+51 2.19225e+42 4.64348e+42 0 0 1
9.30572 3.64248e+42 3.64248e+42 3.64248e+42 3.64248e+42 3.64248e+42 2.18584e+41 0 1.84171e+51 1.89838e+42 4.64348e+42 0 0 1
10.7461 2.86024e+42 2.86024e+42 2.86024e+42 2.86024e+42 2.86024e+42 1.76257e+41 0 4.61643e+50 1.6439e+42 4.64348e+42 0 0 1
12.4094 2.20215e+42 2.20215e+42 2.20215e+42 2.20215e+42 2.20215e+42 1.39282e+41 0 8.9339e+49 1.42353e+42 4.64348e+42 0 0 1
14.3301 1.66313e+42 1.66313e+42 1.66313e+42 1.66313e+42 1.66313e+42 1.07751e+41 0 1.28241e+49 1.2327e+42 4.64348e+42 0 0 1
16.5482 1.23443e+42 1.23443e+42 1.23443e+42 1.23443e+42 1.23443e+42 8.15599e+40 0 1.30372e+48 1.06744e+42 4.64348e+42 0 0 1
19.1095 9.03872e+41 9.03872e+41 9.03872e+41 9.03872e+41 9.03872e+41 6.04198e+40 0 8.89857e+46 9.24337e+41 4.64348e+42 0 0 1
22.0673 6.56691e+41 6.56691e+41 6.56691e+41 6.56691e+41 6.56691e+41 4.38623e+40 0 3.834e+45 8.00413e+41 4.64348e+42 0 0 1
25.483 4.7693e+41 4.7693e+41 4.7693e+41 4.7693e+41 4.7693e+41 3.12839e+40 0 9.71082e+43 6.931e+41 4.64348e+42 0 0 1
29.4273 3.49009e+41 3.49009e+41 3.49009e+41 3.49009e+41 3.49009e+41 2.20072e+40 0 1.33174e+42 6.0017e+41 4.64348e+42 0 0 1
33.9821 2.59105e+41 2.59105e+41 2.59105e+41 2.59105e+41 2.59105e+41 1.53503e+40 0 8.99289e+39 5.19696e+41 4.64348e+42 0 0 1
39.2419 1.95974e+41 1.95974e+41 1.95974e+41 1.95974e+41 1.95974e+41 1.06852e+40 0 2.67963e+37 4.50009e+41 4.64348e+42 0 0 1
45.3158 1.51147e+41 1.51147e+41 1.51147e+41 1.51147e+41 1.51147e+41 7.47622e+39 0 3.10422e+34 3.89662e+41 4.64348e+42 0 0 1
52.3299 1.18652e+41 1.18652e+41 1.18652e+41 1.18652e+41 1.18652e+41 5.29564e+39 0 1.20787e+31 3.37404e+41 4.64348e+42 0 0 1
60.4296 9.448e+40 9.448e+40 9.448e+40 9.448e+40 9.448e+40 3.8204e+39 0 1.33336e+27 2.92151e+41 4.64348e+42 0 0 1
69.7831 7.60257e+40 7.60257e+40 7.60257e+40 7.60257e+40 7.60257e+40 2.81792e+39 0 3.43591e+22 2.52962e+41 4.64348e+42 0 0 1
80.5842 6.16152e+40 6.16152e+40 6.16152e+40 6.16152e+40 6.16152e+40 2.12736e+39 0 1.65009e+17 2.19027e+41 4.64348e+42 0 0 1
93.0572 5.01641e+40 5.01641e+40 5.01641e+40 5.01641e+40 5.01641e+40 1.64118e+39 0 1.13871e+11 1.8964e+41 4.64348e+42 0 0 1
107.461 4.09513e+40 4.09513e+40 4.09514e+40 4.09514e+40 4.09514e+40 1.28937e+39 0 8362.69 1.64192e+41 4.64348e+42 0 0 1
124.094 3.34788e+40 3.34788e+40 3.34789e+40 3.34789e+40 3.34789e+40 1.02724e+39 0 4.62067e-05 1.42155e+41 4.64348e+42 0 0 1
143.301 2.73875e+40 2.73875e+40 2.73875e+40 2.73875e+40 2.73875e+40 8.26549e+38 0 1.28701e-14 1.23072e+41 4.64348e+42 0 0 1
165.482 2.24078e+40 2.24078e+40 2.24078e+40 2.24078e+40 2.24078e+40 6.69381e+38 0 1.13802e-25 1.06546e+41 4.64348e+42 0 0 1
191.095 1.83306e+40 1.83306e+40 1.83306e+40 1.83306e+40 1.83306e+40 5.442e+38 0 1.87283e-38 9.22358e+40 4.64348e+42 0 0 1
220.673 1.49902e+40 1.49902e+40 1.49902e+40 1.49902e+40 1.49902e+40 4.43333e+38 0 3.09614e-53 7.98435e+40 4.64348e+42 0 0 1
254.83 1.22527e+40 1.22527e+40 1.22527e+40 1.22527e+40 1.22527e+40 3.61456e+38 0 2.52265e-70 6.91122e+40 4.64348e+42 0 0 1
294.273 1.00096e+40 1.00096e+40 1.00096e+40 1.00096e+40 1.00096e+40 2.94711e+38 0 4.45125e-90 5.98193e+40 4.64348e+42 0 0 1
339.821 8.1719e+39 8.1719e+39 8.1719e+39 8.1719e+39 8.1719e+39 2.4018e+38 0 6.58101e-113 5.1772e+40 4.64348e+42 0 0 1
392.419 6.66677e+39 6.66677e+39 6.66677e+39 6.66677e+39 6.66677e+39 1.95587e+38 0 2.72304e-139 4.48034e+40 4.64348e+42 0 0 1
453.158 5.43448e+39 5.43448e+39 5.43448e+39 5.43448e+39 5.43448e+39 1.59118e+38 0 8.88825e-170 3.87688e+40 4.64348e+42 0 0 1
523.299 4.42599e+39 4.42599e+39 4.42599e+39 4.42599e+39 4.42599e+39 1.29305e+38 0 5.30288e-205 3.3543e+40 4.64348e+42 0 0 1
604.296 3.60108e+39 3.60108e+39 3.60108e+39 3.60108e+39 3.60108e+39 1.04952e+38 0 1.06849e-245 2.90178e+40 4.64348e+42 0 0 1
697.831 2.92674e+39 2.92674e+39 2.92674e+39 2.92674e+39 2.92674e+39 8.50795e+37 0 0 2.50991e+40 4.64348e+42 0 0 1
805.842 2.37589e+39 2.37589e+39 2.3759e+39 2.3759e+39 2.3759e+39 6.88813e+37 0 0 2.17057e+40 4.64348e+42 0 0 1
930.572 1.92632e+39 1.92632e+39 1.92632e+39 1.92632e+39 1.92632e+39 5.56954e+37 0 0 1.87672e+40 4.64348e+42 0 0 1
1074.61 1.55978e+39 1.55978e+39 1.55978e+39 1.55978e+39 1.55978e+39 4.49764e+37 0 0 1.62226e+40 4.64348e+42 0 0 1
1240.94 1.26129e+39 1.26129e+39 1.26129e+39 1.26129e+39 1.26129e+39 3.62753e+37 0 0 1.40191e+40 4.64348e+42 0 0 1
1433.01 1.01852e+39 1.01852e+39 1.01853e+39 1.01853e+39 1.01853e+39 2.92222e+37 0 0 1.2111e+40 4.64348e+42 0 0 1
1654.82 8.21363e+38 8.21363e+38 8.21364e+38 8.21364e+38 8.21364e+38 2.35131e+37 0 0 1.04588e+40 4.64348e+42 0 0 1
1910.95 6.61471e+38 6.61471e+38 6.61473e+38 6.61473e+38 6.61473e+38 1.88982e+37 0 0 9.02807e+39 4.64348e+42 0 0 1
2206.73 5.31998e+38 5.31998e+38 5.31999e+38 5.31999e+38 5.31999e+38 1.51726e+37 0 0 7.78923e+39 4.64348e+42 0 0 1
2548.3 4.27313e+38 4.27313e+38 4.27314e+38 4.27314e+38 4.27314e+38 1.21686e+37 0 0 6.71656e+39 4.64348e+42 0 0 1
2942.73 3.42794e+38 3.42794e+38 3.42795e+38 3.42795e+38 3.42795e+38 9.74917e+36 0 0 5.78779e+39 4.64348e+42 0 0 1
3398.21 2.74652e+38 2.74652e+38 2.74653e+38 2.74653e+38 2.74653e+38 7.80275e+36 0 0 4.98366e+39 4.64348e+42 0 0 1
3924.19 2.19789e+38 2.19789e+38 2.1979e+38 2.1979e+38 2.1979e+38 6.23847e+36 0 0 4.28749e+39 4.64348e+42 0 0 1
4531.58 1.75673e+38 1.75673e+38 1.75674e+38 1.75674e+38 1.75674e+38 4.98254e+36 0 0 3.68482e+39 4.64348e+42 0 0 1
5232.99 1.40243e+38 1.40243e+38 1.40243e+38 1.40243e+38 1.40243e+38 3.97517e+36 0 0 3.16317e+39 4.64348e+42 0 0 1
6042.96 1.11822e+38 1.11822e+38 1.11822e+38 1.11822e+38 1.11822e+38 3.16794e+36 0 0 2.71169e+39 4.64348e+42 0 0 1
6978.31 8.90493e+37 8.90493e+37 8.905e+37 8.905e+37 8.905e+37 2.52173e+36 0 0 2.32102e+39 4.64348e+42 0 0 1
8058.42 7.08238e+37 7.08238e+37 7.08245e+37 7.08245e+37 7.08245e+37 2.00492e+36 0 0 1.98306e+39 4.64348e+42 0 0 1
9305.72 5.62539e+37 5.62539e+37 5.62545e+37 5.62545e+37 5.62545e+37 1.59202e+36 0 0 1.69078e+39 4.64348e+42 0 0 1
10746.1 4.46196e+37 4.46196e+37 4.46202e+37 4.46202e+37 4.46202e+37 1.26248e+36 0 0 1.43812e+39 4.64348e+42 0 0 1
12409.4 3.53406e+37 3.53406e+37 3.53411e+37 3.53411e+37 3.53411e+37 9.99773e+35 0 0 1.21982e+39 4.64348e+42 0 0 1
14330.1 2.7949e+37 2.7949e+37 2.79495e+37 2.79495e+37 2.79495e+37 7.90577e+35 0 0 1.03135e+39 4.64348e+42 0 0 1
16548.2 2.20685e+37 2.20685e+37 2.20689e+37 2.20689e+37 2.20689e+37 6.24197e+35 0 0 8.68772e+38 4.64348e+42 0 0 1
19109.5 1.73964e+37 1.73964e+37 1.73967e+37 1.73967e+37 1.73967e+37 4.92038e+35 0 0 7.287e+38 4.64348e+42 0 0 1
22067.3 1.36895e+37 1.36895e+37 1.36899e+37 1.36899e+37 1.36899e+37 3.87204e+35 0 0 6.08201e+38 4.64348e+42 0 0 1
25483 1.0753e+37 1.0753e+37 1.07532e+37 1.07532e+37 1.07532e+37 3.04165e+35 0 0 5.04741e+38 4.64348e+42 0 0 1
29427.3 8.43019e+36 8.43019e+36 8.43044e+36 8.43044e+36 8.43044e+36 2.38489e+35 0 0 4.16132e+38 4.64348e+42 0 0 1
33982.1 6.596e+36 6.596e+36 6.59621e+36 6.59621e+36 6.59621e+36 1.86629e+35 0 0 3.40479e+38 4.64348e+42 0 0 1
39241.9 5.15014e+36 5.15014e+36 5.15033e+36 5.15033e+36 5.15033e+36 1.45749e+35 0 0 2.76144e+38 4.64348e+42 0 0 1
45315.8 4.01252e+36 4.01252e+36 4.01268e+36 4.01268e+36 4.01268e+36 1.13583e+35 0 0 2.21706e+38 4.64348e+42 0 0 1
52329.9 3.11917e+36 3.11917e+36 3.11931e+36 3.11931e+36 3.11931e+36 8.83203e+34 0 0 1.75927e+38 4.64348e+42 0 0 1
60429.6 2.41909e+36 2.41909e+36 2.41921e+36 2.41921e+36 2.41921e+36 6.85203e+34 0 0 1.37726e+38 4.64348e+42 0 0 1
69783.1 1.87166e+36 1.87166e+36 1.87176e+36 1.87176e+36 1.87176e+36 5.30346e+34 0 0 1.06149e+38 4.64348e+42 0 0 1
80584.2 1.44456e+36 1.44456e+36 1.44464e+36 1.44464e+36 1.44464e+36 4.09501e+34 0 0 8.03504e+37 4.64348e+42 0 0 1
93057.2 1.11214e+36 1.11214e+36 1.11221e+36 1.11221e+36 1.11221e+36 3.15417e+34 0 0 5.95683e+37 4.64348e+42 0 0 1
107461 8.54048e+35 8.54048e+35 8.54105e+35 8.54105e+35 8.54105e+35 2.42345e+34 0 0 4.31121e+37 4.64348e+42 0 0 1
124094 6.54179e+35 6.54179e+35 6.54225e+35 6.54225e+35 6.54225e+35 1.85736e+34 0 0 3.03476e+37 4.64348e+42 0 0 1
143301 4.99807e+35 4.99807e+35 4.99844e+35 4.99844e+35 4.99844e+35 1.41995e+34 0 0 2.06883e+37 4.64348e+42 0 0 1
165482 3.80897e+35 3.80897e+35 3.80927e+35 3.80927e+35 3.80927e+35 1.08285e+34 0 0 1.35907e+37 4.64348e+42 0 0 1
191095 2.89554e+35 2.89554e+35 2.89577e+35 2.89577e+35 2.89577e+35 8.23759e+33 0 0 8.55443e+36 4.64348e+42 0 0 1
220673 2.1958e+35 2.1958e+35 2.19599e+35 2.19599e+35 2.19599e+35 6.25167e+33 0 0 5.12501e+36 4.64348e+42 0 0 1
254830 1.66124e+35 1.66124e+35 1.66138e+35 1.66138e+35 1.66138e+35 4.73356e+33 0 0 2.90024e+36 4.64348e+42 0 0 1
294273 1.25397e+35 1.25397e+35 1.25408e+35 1.25408e+35 1.25408e+35 3.57615e+33 0 0 1.53666e+36 4.64348e+42 0 0 1
339821 9.44503e+34 9.44503e+34 9.44589e+34 9.44589e+34 9.44589e+34 2.69603e+33 0 0 7.54567e+35 4.64348e+42 0 0 1
392419 7.0996e+34 7.0996e+34 7.10026e+34 7.10026e+34 7.10026e+34 2.02845e+33 0 0 3.39378e+35 4.64348e+42 0 0 1
453158 5.32636e+34 5.32636e+34 5.32686e+34 5.32686e+34 5.32686e+34 1.5233e+33 0 0 1.37921e+35 4.64348e+42 0 0 1
523299 3.98886e+34 3.98886e+34 3.98923e+34 3.98923e+34 3.98923e+34 1.14194e+33 6.82148e+30 0 4.98571e+34 4.64348e+42 0 0 1
604296 2.98223e+34 2.98223e+34 2.98251e+34 2.98251e+34 2.98251e+34 8.54648e+32 6.85093e+30 0 1.57434e+34 4.64348e+42 0 0 1
697831 2.22619e+34 2.22619e+34 2.2264e+34 2.2264e+34 2.2264e+34 6.38658e+32 6.88038e+30 0 4.25259e+33 4.64348e+42 0 0 1
805842 1.65945e+34 1.65945e+34 1.6596e+34 1.6596e+34 1.6596e+34 4.7658e+32 6.90983e+30 0 9.59178e+32 4.64348e+42 0 0 1
930572 1.23537e+34 1.23537e+34 1.23548e+34 1.23548e+34 1.23548e+34 3.55173e+32 6.93928e+30 0 1.75676e+32 4.64348e+42 0 0 1
1.07461e+06 9.18577e+33 9.18577e+33 9.18657e+33 9.18657e+33 9.18657e+33 2.6438e+32 6.97317e+30 0 2.52987e+31 4.64348e+42 0 0 1
1.24094e+06 6.82288e+33 6.82288e+33 6.82346e+33 6.82346e+33 6.82346e+33 1.96585e+32 6.98242e+30 0 2.75988e+30 4.64348e+42 0 0 1
1.43301e+06 5.06299e+33 5.06299e+33 5.0634e+33 5.0634e+33 5.0634e+33 1.46033e+32 6.99425e+30 0 2.18485e+29 4.64348e+42 0 0 1
1.65482e+06 3.75392e+33 3.75392e+33 3.75421e+33 3.75421e+33 3.75421e+33 1.08389e+32 7.00951e+30 0 1.19438e+28 4.64348e+42 0 0 1
1.91095e+06 2.78134e+33 2.78134e+33 2.78155e+33 2.78155e+33 2.78155e+33 8.03898e+31 7.03068e+30 0 4.25752e+26 4.64348e+42 0 0 1
2.20673e+06 2.05952e+33 2.05952e+33 2.05967e+33 2.05967e+33 2.05967e+33 5.95865e+31 7.05816e+30 0 9.26239e+24 4.64348e+42 0 0 1
2.5483e+06 1.52431e+33 1.52431e+33 1.52442e+33 1.52442e+33 1.52442e+33 4.41446e+31 7.09425e+30 0 1.13933e+23 4.64348e+42 0 0 1
2.94273e+06 1.1278e+33 1.1278e+33 1.12787e+33 1.12787e+33 1.12787e+33 3.26922e+31 7.14162e+30 0 7.2544e+20 4.64348e+42 0 0 1
3.39821e+06 8.34238e+32 8.34238e+32 8.34289e+32 8.34289e+32 8.34289e+32 2.42048e+31 7.2077e+30 0 2.15933e+18 4.64348e+42 0 0 1
3.92419e+06 6.17025e+32 6.17025e+32 6.17061e+32 6.17061e+32 6.17061e+32 1.79188e+31 7.29345e+30 0 2.67109e+15 4.64348e+42 0 0 1
4.53158e+06 4.56376e+32 4.56376e+32 4.564e+32 4.564e+32 4.564e+32 1.32657e+31 7.40404e+30 0 1.19862e+12 4.64348e+42 0 0 1
5.23299e+06 3.37598e+32 3.37598e+32 3.37615e+32 3.37615e+32 3.37615e+32 9.82283e+30 7.54387e+30 0 1.66777e+08 4.64348e+42 0 0 1
6.04296e+06 2.49797e+32 2.49797e+32 2.49809e+32 2.49809e+32 2.49809e+32 7.27663e+30 7.72929e+30 0 6002.62 4.64348e+42 0 0 1
6.97831e+06 1.84901e+32 1.84901e+32 1.8491e+32 1.8491e+32 1.8491e+32 5.39425e+30 7.94789e+30 0 0.0453314 4.64348e+42 0 0 1
8.05842e+06 1.36936e+32 1.36936e+32 1.36942e+32 1.36942e+32 1.36942e+32 4.00341e+30 8.20616e+30 0 5.64088e-08 4.64348e+42 0 0 1
9.30572e+06 1.01483e+32 1.01483e+32 1.01487e+32 1.01487e+32 1.01487e+32 2.97666e+30 8.49877e+30 0 8.74927e-15 4.64348e+42 0 0 1
1.07461e+07 7.52792e+31 7.52792e+31 7.52819e+31 7.52819e+31 7.52819e+31 2.22002e+30 8.84933e+30 0 1.22547e-22 4.64348e+42 0 0 1
1.24094e+07 5.59087e+31 5.59087e+31 5.59106e+31 5.59106e+31 5.59106e+31 1.66332e+30 9.19377e+30 0 1.06831e-31 4.64348e+42 0 0 1
1.43301e+07 4.15897e+31 4.15897e+31 4.1591e+31 4.1591e+31 4.1591e+31 1.25504e+30 9.53026e+30 0 3.77142e-42 4.64348e+42 0 0 1
1.65482e+07 3.10058e+31 3.10058e+31 3.10067e+31 3.10067e+31 3.10067e+31 9.57032e+29 9.84266e+30 0 3.28226e-54 4.64348e+42 0 0 1
1.91095e+07 2.31869e+31 2.31869e+31 2.31875e+31 2.31875e+31 2.31875e+31 7.41572e+29 1.0112e+31 0 3.97002e-68 4.64348e+42 0 0 1
2.20673e+07 1.74091e+31 1.74091e+31 1.74095e+31 1.74095e+31 1.74095e+31 5.86384e+29 1.03443e+31 0 3.44292e-84 4.64348e+42 0 0 1
2.5483e+07 1.31433e+31 1.31433e+31 1.31437e+31 1.31437e+31 1.31437e+31 4.76321e+29 1.05073e+31 0 9.96888e-103 4.64348e+42 0 0 1
2.94273e+07 9.99267e+30 9.99267e+30 9.99291e+30 9.99291e+30 9.99291e+30 3.98696e+29 1.05093e+31 0 3.98701e-124 4.64348e+42 0 0 1
3.39821e+07 7.66625e+30 7.66625e+30 7.66643e+30 7.66643e+30 7.66643e+30 3.44719e+29 1.03216e+31 0 7.94873e-149 4.64348e+42 0 0 1
3.92419e+07 5.94217e+30 5.94217e+30 5.9423e+30 5.9423e+30 5.9423e+30 3.06258e+29 9.93907e+30 0 2.43474e-177 4.64348e+42 0 0 1
4.53158e+07 4.66466e+30 4.66466e+30 4.66476e+30 4.66476e+30 4.66476e+30 2.79259e+29 9.42901e+30 0 2.94341e-210 4.64348e+42 0 0 1
5.23299e+07 3.71372e+30 3.71372e+30 3.7138e+30 3.7138e+30 3.7138e+30 2.59604e+29 8.8409e+30 0 2.92329e-248 4.64348e+42 0 0 1
6.04296e+07 2.99656e+30 2.99656e+30 2.99662e+30 2.99662e+30 2.99662e+30 2.43311e+29 8.11679e+30 0 0 4.64348e+42 0 0 1
6.97831e+07 2.44727e+30 2.44727e+30 2.44732e+30 2.44732e+30 2.44732e+30 2.28096e+29 7.27287e+30 0 0 4.64348e+42 0 0 1
8.05842e+07 2.01988e+30 2.01988e+30 2.01992e+30 2.01992e+30 2.01992e+30 2.1295e+29 6.32316e+30 0 0 4.64348e+42 0 0 1
9.30572e+07 1.67955e+30 1.67955e+30 1.67958e+30 1.67958e+30 1.67958e+30 1.96952e+29 5.30089e+30 0 0 4.64348e+42 0 0 1
1.07461e+08 1.40012e+30 1.40012e+30 1.40015e+30 1.40015e+30 1.40015e+30 1.79348e+29 4.26398e+30 0 0 4.64348e+42 7.53459 0 1
1.24094e+08 1.17099e+30 1.17099e+30 1.17101e+30 1.17101e+30 1.17101e+30 1.61668e+29 3.37511e+30 0 0 4.64348e+42 6.61926 0 1
1.43301e+08 9.77308e+29 9.77308e+29 9.77327e+29 9.77327e+29 9.77327e+29 1.4341e+29 2.62421e+30 0 0 4.64348e+42 5.81513 0 1
1.65482e+08 8.10323e+29 8.10323e+29 8.10339e+29 8.10339e+29 8.10339e+29 1.24741e+29 2.0079e+30 0 0 4.64348e+42 5.10869 0 1
1.91095e+08 6.61126e+29 6.61126e+29 6.61139e+29 6.61139e+29 6.61139e+29 1.05225e+29 1.49702e+30 0 0 4.64348e+42 4.48807 0 1
2.20673e+08 5.36197e+29 5.36197e+29 5.36208e+29 5.36208e+29 5.36208e+29 8.76406e+28 1.12197e+30 0 0 4.64348e+42 3.94284 0 1
2.5483e+08 4.30127e+29 4.30127e+29 4.30136e+29 4.30136e+29 4.30136e+29 7.16445e+28 8.31411e+29 0 0 4.64348e+42 3.46385 0 1
2.94273e+08 3.40882e+29 3.40882e+29 3.40889e+29 3.40889e+29 3.40889e+29 5.74582e+28 6.093e+29 0 0 4.64348e+42 3.04305 0 1
3.39821e+08 2.6486e+29 2.6486e+29 2.64866e+29 2.64866e+29 2.64866e+29 4.47595e+28 4.38604e+29 0 0 4.64348e+42 2.79132 0 1
3.92419e+08 2.05494e+29 2.05494e+29 2.05498e+29 2.05498e+29 2.05498e+29 3.47573e+28 3.20885e+29 0 0 4.64348e+42 2.67337 0 1
4.53158e+08 1.57941e+29 1.57941e+29 1.57944e+29 1.57944e+29 1.57944e+29 2.66082e+28 2.33684e+29 0 0 4.64348e+42 2.56041 0 1
5.23299e+08 1.20106e+29 1.20106e+29 1.20109e+29 1.20109e+29 1.20109e+29 2.00436e+28 1.69472e+29 0 0 4.64348e+42 2.45222 0 1
6.04296e+08 9.06349e+28 9.06349e+28 9.06369e+28 9.06369e+28 9.06369e+28 1.49133e+28 1.21608e+29 0 0 4.64348e+42 2.3486 0 1
6.97831e+08 6.90554e+28 6.90554e+28 6.90569e+28 6.90569e+28 6.90569e+28 1.1234e+28 8.90631e+28 0 0 4.64348e+42 2.24936 0 1
8.05842e+08 5.24663e+28 5.24663e+28 5.24675e+28 5.24675e+28 5.24675e+28 8.41683e+27 6.51194e+28 0 0 4.64348e+42 2.15432 0 1
9.30572e+08 3.9727e+28 3.9727e+28 3.97279e+28 3.97279e+28 3.97279e+28 6.26541e+27 4.74988e+28 0 0 4.64348e+42 2.06329 0 1
1.07461e+09 2.98745e+28 2.98745e+28 2.98752e+28 2.98752e+28 2.98752e+28 4.60772e+27 3.41559e+28 0 0 4.64348e+42 2.07072 0 1
1.24094e+09 2.28024e+28 2.28024e+28 2.2803e+28 2.2803e+28 2.2803e+28 3.46107e+27 2.51301e+28 0 0 4.64348e+42 2.17769 0 1
1.43301e+09 1.74348e+28 1.74348e+28 1.74352e+28 1.74352e+28 1.74352e+28 2.60392e+27 1.844e+28 0 0 4.64348e+42 2.29019 0 1
1.65482e+09 1.33153e+28 1.33153e+28 1.33157e+28 1.33157e+28 1.33157e+28 1.95359e+27 1.34901e+28 0 0 4.64348e+42 2.4085 0 1
1.91095e+09 1.01052e+28 1.01052e+28 1.01054e+28 1.01054e+28 1.01054e+28 1.44942e+27 9.70719e+27 0 0 4.64348e+42 2.53292 0 1
2.20673e+09 7.76205e+27 7.76205e+27 7.76226e+27 7.76226e+27 7.76226e+27 1.09636e+27 7.15763e+27 0 0 4.64348e+42 2.66377 0 1
2.5483e+09 5.95194e+27 5.95194e+27 5.9521e+27 5.9521e+27 5.9521e+27 8.27092e+26 5.26302e+27 0 0 4.64348e+42 2.80138 0 1
2.94273e+09 4.55075e+27 4.55075e+27 4.55087e+27 4.55087e+27 4.55087e+27 6.21267e+26 3.85757e+27 0 0 4.64348e+42 2.9461 0 1
3.39821e+09 3.44548e+27 3.44548e+27 3.44558e+27 3.44558e+27 3.44558e+27 4.59176e+26 2.78108e+27 0 0 4.64348e+42 3.09829 0 1
3.92419e+09 2.63615e+27 2.63615e+27 2.63622e+27 2.63622e+27 2.63622e+27 3.46269e+26 2.05209e+27 0 0 4.64348e+42 3.25834 0 1
4.53158e+09 2.01038e+27 2.01038e+27 2.01044e+27 2.01044e+27 2.01044e+27 2.60275e+26 1.50877e+27 0 0 4.64348e+42 3.42667 0 1
5.23299e+09 1.52752e+27 1.52752e+27 1.52757e+27 1.52757e+27 1.52757e+27 1.94952e+26 1.10479e+27 0 0 4.64348e+42 3.60369 0 1
6.04296e+09 1.14708e+27 1.14708e+27 1.14711e+27 1.14711e+27 1.14711e+27 1.43392e+26 7.96364e+26 0 0 4.64348e+42 3.78985 0 1
6.97831e+09 8.69228e+26 8.69228e+26 8.69254e+26 8.69254e+26 8.69254e+26 1.07746e+26 5.86969e+26 0 0 4.64348e+42 3.98563 0 1
8.05842e+09 6.55767e+26 6.55767e+26 6.55788e+26 6.55788e+26 6.55788e+26 8.0673e+25 4.31444e+26 0 0 4.64348e+42 4.19152 0 1
9.30572e+09 4.91896e+26 4.91896e+26 4.91911e+26 4.91911e+26 4.91911e+26 6.00314e+25 3.1624e+26 0 0 4.64348e+42 4.40806 0 1
1.07461e+10 3.65123e+26 3.65123e+26 3.65134e+26 3.65134e+26 3.65134e+26 4.39664e+25 2.28665e+26 0 0 4.64348e+42 4.94592 0 1
1.24094e+10 2.72754e+26 2.72754e+26 2.72763e+26 2.72763e+26 2.72763e+26 3.2733e+25 1.69096e+26 0 0 4.64348e+42 5.92069 0 1
1.43301e+10 2.0283e+26 2.0283e+26 2.02836e+26 2.02836e+26 2.02836e+26 2.42317e+25 1.24731e+26 0 0 4.64348e+42 7.08756 0 1
1.65482e+10 1.50411e+26 1.50411e+26 1.50417e+26 1.50417e+26 1.50417e+26 1.78847e+25 9.17233e+25 0 0 4.64348e+42 8.48442 0 1
1.91095e+10 1.10483e+26 1.10483e+26 1.10487e+26 1.10487e+26 1.10487e+26 1.29824e+25 6.63266e+25 0 0 4.64348e+42 10.1566 0 1
2.20673e+10 8.17095e+25 8.17095e+25 8.17124e+25 8.17124e+25 8.17124e+25 9.60258e+24 4.90774e+25 0 0 4.64348e+42 12.1583 34.7254 1
2.5483e+10 5.96227e+25 5.96227e+25 5.96252e+25 5.96252e+25 5.96252e+25 7.05547e+24 3.61933e+25 0 0 4.64348e+42 14.5545 22.9578 1
2.94273e+10 4.1546e+25 4.1546e+25 4.15485e+25 4.15485e+25 4.15485e+25 5.10139e+24 2.65983e+25 0 0 4.64348e+42 17.423 15.5417 1
3.39821e+10 2.53886e+25 2.53886e+25 2.53919e+25 2.53919e+25 2.53919e+25 3.51899e+24 1.91905e+25 0 0 4.64348e+42 20.8568 10.7604 1
3.92419e+10 1.26944e+25 1.26944e+25 1.26985e+25 1.26985e+25 1.26985e+25 2.42021e+24 1.41995e+25 0 0 4.64348e+42 24.9673 7.61059 1
4.53158e+10 5.22198e+24 5.22198e+24 5.22616e+24 5.22616e+24 5.22616e+24 1.67804e+24 1.04802e+25 0 0 4.64348e+42 29.888 5.49245 1
5.23299e+10 1.98591e+24 1.98591e+24 1.98951e+24 1.98951e+24 1.98951e+24 1.19334e+24 7.71299e+24 0 0 4.64348e+42 35.7785 4.04008 1
6.04296e+10 7.63067e+23 7.63067e+23 7.65881e+23 7.65881e+23 7.65881e+23 8.50608e+23 5.57195e+24 0 0 4.64348e+42 42.8299 3.02568 1
6.97831e+10 3.14337e+23 3.14337e+23 3.16477e+23 3.16477e+23 3.16477e+23 6.27936e+23 4.13212e+24 0 0 4.64348e+42 51.271 2.3047 1
8.05842e+10 1.38637e+23 1.38637e+23 1.40234e+23 1.40234e+23 1.40234e+23 4.64368e+23 3.05692e+24 0 0 4.64348e+42 61.3758 1.78376 1
9.30572e+10 6.53499e+22 6.53499e+22 6.65299e+22 6.65299e+22 6.65299e+22 3.43165e+23 2.25479e+24 0 0 4.64348e+42 73.472 1.40144 1
1.07461e+11 3.25021e+22 3.25021e+22 3.33625e+22 3.33625e+22 3.33625e+22 2.49042e+23 1.63085e+24 0 0 4.64348e+42 87.9523 1.11671 1
1.24094e+11 1.72591e+22 1.72591e+22 1.78911e+22 1.78911e+22 1.78911e+22 1.85244e+23 1.21062e+24 0 0 4.64348e+42 105.286 0.901709 1
1.43301e+11 9.60608e+21 9.60608e+21 1.00688e+22 1.00688e+22 1.00688e+22 1.37343e+23 8.96041e+23 0 0 4.64348e+42 126.037 0.737233 1
1.65482e+11 5.56829e+21 5.56829e+21 5.90596e+21 5.90596e+21 5.90596e+21 1.01443e+23 6.60915e+23 0 0 4.64348e+42 150.877 0.609868 1
1.91095e+11 3.31969e+21 3.31969e+21 3.56351e+21 3.56351e+21 3.56351e+21 7.34654e+22 4.77598e+23 0 0 4.64348e+42 180.612 0.510106 1
2.20673e+11 2.06601e+21 2.06601e+21 2.24365e+21 2.24365e+21 2.24365e+21 5.45428e+22 3.54245e+23 0 0 4.64348e+42 216.208 0.431129 1
2.5483e+11 1.32053e+21 1.32053e+21 1.44954e+21 1.44954e+21 1.44954e+21 4.03597e+22 2.61923e+23 0 0 4.64348e+42 258.82 0.367983 1
2.94273e+11 8.63862e+20 8.63862e+20 9.57233e+20 9.57233e+20 9.57233e+20 2.97621e+22 1.92958e+23 0 0 4.64348e+42 309.829 0.317029 1
3.39821e+11 5.72315e+20 5.72315e+20 6.39165e+20 6.39165e+20 6.39165e+20 2.15247e+22 1.39198e+23 0 0 4.64348e+42 0 0.275565 1
3.92419e+11 3.90933e+20 3.90933e+20 4.39256e+20 4.39256e+20 4.39256e+20 1.59662e+22 1.03092e+23 0 0 4.64348e+42 0 0.241562 1
4.53158e+11 2.71162e+20 2.71162e+20 3.05979e+20 3.05979e+20 3.05979e+20 1.18037e+22 7.60951e+22 0 0 4.64348e+42 0 0.213483 1
5.23299e+11 1.90602e+20 1.90602e+20 2.15606e+20 2.15606e+20 2.15606e+20 8.69546e+21 5.59512e+22 0 0 4.64348e+42 0 0.190154 1
6.04296e+11 1.34358e+20 1.34358e+20 1.52101e+20 1.52101e+20 1.52101e+20 6.27854e+21 4.02605e+22 0 0 4.64348e+42 0 0.170669 1
6.97831e+11 9.69964e+19 9.69965e+19 1.09723e+20 1.09723e+20 1.09723e+20 4.65073e+21 2.9749e+22 0 0 4.64348e+42 0 0.154323 1
8.05842e+11 7.0595e+19 7.0595e+19 7.9691e+19 7.9691e+19 7.9691e+19 3.43287e+21 2.19024e+22 0 0 4.64348e+42 0 0.140565 1
9.30572e+11 5.17295e+19 5.17295e+19 5.82072e+19 5.82072e+19 5.82072e+19 2.52449e+21 1.60583e+22 0 0 4.64348e+42 0 0.12896 1
1.07461e+12 3.77345e+19 3.77345e+19 4.22846e+19 4.22846e+19 4.22846e+19 1.81833e+21 1.15124e+22 0 0 4.64348e+42 0 0.119166 1
1.24094e+12 2.80994e+19 2.80994e+19 3.13354e+19 3.13354e+19 3.13354e+19 1.34398e+21 8.47817e+21 0 0 4.64348e+42 0 0.110908 1
1.43301e+12 2.09976e+19 2.09976e+19 2.32903e+19 2.32903e+19 2.32903e+19 9.89652e+20 6.21886e+21 0 0 4.64348e+42 0 0.103969 1
1.65482e+12 1.57348e+19 1.57349e+19 1.73532e+19 1.73532e+19 1.73532e+19 7.25815e+20 4.54076e+21 0 0 4.64348e+42 0 0.098177 1
1.91095e+12 1.16758e+19 1.16759e+19 1.28006e+19 1.28006e+19 1.28006e+19 5.2094e+20 3.23825e+21 0 0 4.64348e+42 0 0.0933933 1
2.20673e+12 8.85114e+18 8.85114e+18 9.6456e+18 9.6456e+18 9.6456e+18 3.83805e+20 2.37343e+21 0 0 4.64348e+42 0 0.0895108 1
2.5483e+12 6.72284e+18 6.72284e+18 7.28253e+18 7.28253e+18 7.28253e+18 2.81617e+20 1.73183e+21 0 0 4.64348e+42 0 0.0864461 1
2.94273e+12 5.11628e+18 5.11628e+18 5.50973e+18 5.50973e+18 5.50973e+18 2.05735e+20 1.25722e+21 0 0 4.64348e+42 0 0.0841374 1
3.39821e+12 3.84416e+18 3.84416e+18 4.11624e+18 4.11624e+18 4.11624e+18 1.46912e+20 8.8998e+20 0 0 4.64348e+42 0 0.082541 1
3.92419e+12 2.96415e+18 2.96416e+18 3.15661e+18 3.15661e+18 3.15661e+18 1.07744e+20 6.47988e+20 0 0 4.64348e+42 0 0.08163 1
4.53158e+12 2.2909e+18 2.29091e+18 2.42696e+18 2.42696e+18 2.42696e+18 7.86599e+19 4.69397e+20 0 0 4.64348e+42 0 0.0813928 1
5.23299e+12 1.77419e+18 1.77419e+18 1.8703e+18 1.8703e+18 1.8703e+18 5.71474e+19 3.38051e+20 0 0 4.64348e+42 0 0.0818329 1
6.04296e+12 1.35228e+18 1.35228e+18 1.41895e+18 1.41895e+18 1.41895e+18 4.05169e+19 2.36864e+20 0 0 4.64348e+42 0 0.0829683 1
6.97831e+12 1.0618e+18 1.0618e+18 1.10934e+18 1.10934e+18 1.10934e+18 2.95247e+19 1.70898e+20 0 0 4.64348e+42 0 0.0848322 1
8.05842e+12 8.34362e+17 8.34363e+17 8.68219e+17 8.68219e+17 8.68219e+17 2.14041e+19 1.22575e+20 0 0 4.64348e+42 0 0.0874729 1
9.30572e+12 6.55494e+17 6.55494e+17 6.79558e+17 6.79558e+17 6.79558e+17 1.54309e+19 8.7322e+19 0 0 4.64348e+42 0 0.0909553 1
1.07461e+13 5.04137e+17 5.04137e+17 5.20853e+17 5.20853e+17 5.20853e+17 1.08318e+19 6.03295e+19 0 0 4.64348e+42 0 0.0953611 1
1.24094e+13 3.99882e+17 3.99883e+17 4.1184e+17 4.1184e+17 4.1184e+17 7.82371e+18 4.29957e+19 0 0 4.64348e+42 0 0.10079 1
1.43301e+13 3.16404e+17 3.16405e+17 3.24925e+17 3.24925e+17 3.24925e+17 5.61732e+18 3.04279e+19 0 0 4.64348e+42 0 0.10736 1
1.65482e+13 2.49464e+17 2.49464e+17 2.55507e+17 2.55507e+17 2.55507e+17 4.00699e+18 2.13611e+19 0 0 4.64348e+42 0 0.115206 1
1.91095e+13 1.91433e+17 1.91433e+17 1.95598e+17 1.95598e+17 1.95598e+17 2.77443e+18 1.4478e+19 0 0 4.64348e+42 0 0.12448 1
2.20673e+13 1.51614e+17 1.51614e+17 1.54575e+17 1.54575e+17 1.54575e+17 1.97989e+18 1.0149e+19 0 0 4.64348e+42 0 0.135345 1
2.5483e+13 1.19433e+17 1.19433e+17 1.21524e+17 1.21524e+17 1.21524e+17 1.40292e+18 7.05446e+18 0 0 4.64348e+42 0 0.147968 1
2.94273e+13 9.34884e+16 9.34887e+16 9.49544e+16 9.49544e+16 9.49544e+16 9.8644e+17 4.85619e+18 0 0 4.64348e+42 0 0.162507 1
3.39821e+13 7.08012e+16 7.08016e+16 7.17948e+16 7.17948e+16 7.17948e+16 6.70246e+17 3.20666e+18 0 0 4.64348e+42 0 0.179093 1
3.92419e+13 5.544e+16 5.54405e+16 5.61358e+16 5.61358e+16 5.61358e+16 4.70542e+17 2.19874e+18 0 0 4.64348e+42 0 0.197804 1
4.53158e+13 4.30724e+16 4.30729e+16 4.35555e+16 4.35555e+16 4.35555e+16 3.27523e+17 1.4921e+18 0 0 4.64348e+42 0 0.218621 1
5.23299e+13 3.31705e+16 3.31709e+16 3.35028e+16 3.35028e+16 3.35028e+16 2.2585e+17 1.0006e+18 0 0 4.64348e+42 0 0.241387 1
6.04296e+13 2.45376e+16 2.45381e+16 2.47571e+16 2.47571e+16 2.47571e+16 1.49534e+17 6.37655e+17 0 0 4.64348e+42 0 0.265741 1
6.97831e+13 1.88296e+16 1.883e+16 1.89799e+16 1.89799e+16 1.89799e+16 1.02683e+17 4.24535e+17 0 0 4.64348e+42 0 0.291055 1
8.05842e+13 1.42997e+16 1.43001e+16 1.44015e+16 1.44015e+16 1.44015e+16 6.97703e+16 2.79036e+17 0 0 4.64348e+42 0 0.316368 1
9.30572e+13 1.07348e+16 1.07351e+16 1.0803e+16 1.0803e+16 1.0803e+16 4.68614e+16 1.80709e+17 0 0 4.64348e+42 0 0.340344 1
1.07461e+14 7.6642e+15 7.6645e+15 7.70762e+15 7.70762e+15 7.70762e+15 2.99371e+16 1.09684e+17 0 0 4.64348e+42 0 0 1
1.24094e+14 5.7068e+15 5.70712e+15 5.7357e+15 5.7357e+15 5.7357e+15 1.99511e+16 7.02127e+16 0 0 4.64348e+42 0 0 1
1.43301e+14 4.19159e+15 4.19202e+15 4.2107e+15 4.2107e+15 4.2107e+15 1.31205e+16 4.42267e+16 0 0 4.64348e+42 0 0 1
1.65482e+14 3.03236e+15 3.03299e+15 3.04501e+15 3.04501e+15 3.04501e+15 8.50326e+15 2.73425e+16 0 0 4.64348e+42 0 0 1
1.91095e+14 2.0557e+15 2.05658e+15 2.06383e+15 2.06383e+15 2.06383e+15 5.16805e+15 1.55138e+16 0 0 4.64348e+42 0 0 1
2.20673e+14 1.46559e+15 1.46682e+15 1.47142e+15 1.47142e+15 1.47142e+15 3.30644e+15 9.42349e+15 0 0 4.64348e+42 0 0 1
2.5483e+14 1.02591e+15 1.02748e+15 1.03035e+15 1.03035e+15 1.03035e+15 2.07954e+15 5.6086e+15 0 0 4.64348e+42 0 0 1
2.94273e+14 7.03815e+14 7.05623e+14 7.0737e+14 7.0737e+14 7.0737e+14 1.28369e+15 3.25972e+15 0 0 4.64348e+42 0 0 1
3.39821e+14 4.42111e+14 4.43882e+14 4.44859e+14 4.44859e+14 4.44859e+14 7.26806e+14 1.68261e+15 0 0 4.64348e+42 0 0 1
3.92419e+14 2.96123e+14 2.97854e+14 2.98437e+14 2.98437e+14 2.98437e+14 4.39597e+14 9.52853e+14 0 0 4.64348e+42 0 0 1
4.53158e+14 1.93531e+14 1.95091e+14 1.95431e+14 1.95431e+14 1.95431e+14 2.59969e+14 5.25855e+14 0 0 4.64348e+42 0 0 1
5.23299e+14 1.2318e+14 1.24481e+14 1.24674e+14 1.24674e+14 1.24674e+14 1.50053e+14 2.81545e+14 0 0 4.64348e+42 0 0 1
6.04296e+14 6.92106e+13 7.01273e+13 7.02239e+13 7.02239e+13 7.02239e+13 7.6636e+13 1.27013e+14 0 0 4.64348e+42 0 0 1
6.97831e+14 4.24739e+13 4.31525e+13 4.32055e+13 4.32055e+13 4.32055e+13 4.285e+13 6.54739e+13 0 0 4.64348e+42 0 0 1
8.05842e+14 2.52232e+13 2.56932e+13 2.57213e+13 2.57213e+13 2.57213e+13 2.32424e+13 3.26741e+13 0 0 4.64348e+42 0 0 1
9.30572e+14 1.44713e+13 1.47767e+13 1.47911e+13 1.47911e+13 1.47911e+13 1.22118e+13 1.56904e+13 0 0 4.64348e+42 0 0 1
1.07461e+15 6.89707e+12 7.05758e+12 7.06372e+12 7.06372e+12 7.06372e+12 5.34558e+12 5.81828e+12 0 0 4.64348e+42 0 0 1
1.24094e+15 3.74339e+12 3.83729e+12 3.84028e+12 3.84028e+12 3.84028e+12 2.67208e+12 2.64126e+12 0 0 4.64348e+42 0 0 1
1.43301e+15 1.94095e+12 1.99238e+12 1.99377e+12 1.99377e+12 1.99377e+12 1.27996e+12 1.15176e+12 0 0 4.64348e+42 0 0 1
1.65482e+15 9.61482e+11 9.87915e+11 9.88531e+11 9.88531e+11 9.88531e+11 5.87679e+11 4.78713e+11 0 0 4.64348e+42 0 0 1
1.91095e+15 3.57041e+11 3.67064e+11 3.67269e+11 3.67269e+11 3.67269e+11 2.03064e+11 1.32042e+11 0 0 4.64348e+42 0 0 1
2.20673e+15 1.62292e+11 1.66879e+11 1.66963e+11 1.66963e+11 1.66963e+11 8.61654e+10 5.0211e+10 0 0 4.64348e+42 0 0 1
2.5483e+15 6.89103e+10 7.08466e+10 7.08787e+10 7.08787e+10 7.08787e+10 3.42857e+10 1.81936e+10 0 0 4.64348e+42 0 0 1
2.94273e+15 2.74236e+10 2.81812e+10 2.81927e+10 2.81927e+10 2.81927e+10 1.28375e+10 6.24899e+09 0 0 4.64348e+42 0 0 1
3.39821e+15 6.95326e+09 7.14022e+09 7.14287e+09 7.14287e+09 7.14287e+09 3.07806e+09 1.07392e+09 0 0 4.64348e+42 0 0 1
3.92419e+15 2.43083e+09 2.49388e+09 2.49473e+09 2.49473e+09 2.49473e+09 1.02091e+09 3.13582e+08 0 0 4.64348e+42 0 0 1
4.53158e+15 7.6072e+08 7.79607e+08 7.79846e+08 7.79846e+08 7.79846e+08 3.04459e+08 8.61487e+07 0 0 4.64348e+42 0 0 1
5.23299e+15 2.11672e+08 2.16666e+08 2.16727e+08 2.16727e+08 2.16727e+08 8.11118e+07 2.27339e+07 0 0 4.64348e+42 0 0 1
6.04296e+15 3.01468e+07 3.08184e+07 3.08264e+07 3.08264e+07 3.08264e+07 1.11286e+07 1.8646e+06 0 0 4.64348e+42 0 0 1
6.97831e+15 7.02474e+06 7.17168e+06 7.17338e+06 7.17338e+06 7.17338e+06 2.50446e+06 357191 0 0 4.64348e+42 0 0 1
8.05842e+15 1.36259e+06 1.38922e+06 1.38952e+06 1.38952e+06 1.38952e+06 471438 61230.7 0 0 4.64348e+42 0 0 1
9.30572e+15 206306 210054 210097 210097 210097 69668.6 10288.1 0 0 4.64348e+42 0 0 1
1.07461e+16 11756.7 11954.4 11956.7 11956.7 11956.7 3909.49 306.568 0 0 4.64348e+42 0 0 1
1.24094e+16 1395.49 1417.15 1417.4 1417.4 1417.4 457.261 29.3066 0 0 4.64348e+42 0 0 1
1.43301e+16 121.832 123.57 123.591 123.591 123.591 39.5868 2.15859 0 0 4.64348e+42 0 0 1
1.65482e+16 7.0543 7.14653 7.14767 7.14767 7.14767 2.28799 0.14491 0 0 4.64348e+42 0 0 1
1.91095e+16 0.0844305 0.0854395 0.0854524 0.0854524 0.0854524 0.0278545 0.00105638 0 0 4.64348e+42 0 0 1
2.20673e+16 0.00319976 0.00323462 0.00323508 0.00323508 0.00323508 0.00107126 3.18168e-05 0 0 4.64348e+42 0 0 1
2.5483e+16 6.72304e-05 6.78967e-05 6.7906e-05 6.7906e-05 6.7906e-05 2.33724e-05 5.63424e-07 0 0 4.64348e+42 0 0 1
2.94273e+16 7.43109e-07 7.49793e-07 7.49893e-07 7.49893e-07 7.49893e-07 3.19255e-07 6.10511e-09 0 0 4.64348e+42 0 0 1
3.39821e+16 8.12754e-10 8.19376e-10 8.19481e-10 8.19481e-10 8.19481e-10 4.63072e-09 5.46736e-12 0 0 4.64348e+42 0 0 1
3.92419e+16 1.00223e-11 1.00962e-11 1.00974e-11 1.00974e-11 1.00974e-11 7.28306e-10 2.03745e-14 0 0 4.64348e+42 0 0 1
4.53158e+16 8.7168e-13 8.77479e-13 8.77585e-13 8.77585e-13 8.77585e-13 8.32026e-11 2.47966e-17 0 0 4.64348e+42 0 0 1
5.23299e+16 6.69591e-14 6.73606e-14 6.73686e-14 6.73686e-14 6.73686e-14 5.91779e-12 9.61424e-21 0 0 4.64348e+42 0 0 1
6.04296e+16 9.55054e-16 9.6021e-16 9.6032e-16 9.6032e-16 9.6032e-16 7.8584e-14 1.85231e-25 0 0 4.64348e+42 0 0 1
6.97831e+16 4.17152e-17 4.19176e-17 4.19223e-17 4.19223e-17 4.19223e-17 3.22358e-15 7.93471e-30 0 0 4.64348e+42 0 0 1
8.05842e+16 8.22426e-19 8.26009e-19 8.26101e-19 8.26101e-19 8.26101e-19 6.01477e-17 5.05743e-35 0 0 4.64348e+42 0 0 1
9.30572e+16 0 0 0 0 0 0 0 0 0 4.64348e+42 0 0 1