
1.07461e-07 0 0 1.01794e+50 3.87964e+52 3.43749e+58 7.32343e+56 0 3.95846e+46 0 4.64348e+42 0 0 1
1.24094e-07 0 0 2.53532e+50 4.35658e+52 3.00311e+58 6.41434e+56 0 4.57116e+46 0 4.64348e+42 0 0 1
1.43301e-07 0 0 5.67804e+50 4.89471e+52 2.61932e+58 5.6093e+56 0 5.27869e+46 0 4.64348e+42 0 0 1
1.65482e-07 0 0 1.16039e+51 5.5043e+52 2.28121e+58 4.89707e+56 0 6.09573e+46 0 4.64348e+42 0 0 1
1.91095e-07 0 0 2.19181e+51 6.19789e+52 1.98424e+58 4.2685e+56 0 7.03924e+46 0 4.64348e+42 0 0 1
2.20673e-07 0 0 3.86902e+51 6.99033e+52 1.72412e+58 3.71542e+56 0 8.12879e+46 0 4.64348e+42 0 0 1
2.5483e-07 0 0 6.44386e+51 7.89902e+52 1.4968e+58 3.2302e+56 0 9.38698e+46 0 4.64348e+42 0 0 1
2.94273e-07 0 0 1.02093e+52 8.94407e+52 1.29849e+58 2.80563e+56 0 1.08399e+47 0 4.64348e+42 0 0 1
3.39821e-07 0 0 1.54955e+52 1.01487e+53 1.12566e+58 2.43489e+56 0 1.25177e+47 0 4.64348e+42 0 0 1
3.92419e-07 0 0 2.26675e+52 1.15401e+53 9.75121e+57 2.11161e+56 0 1.44553e+47 0 4.64348e+42 0 0 1
4.53158e-07 0 0 3.21268e+52 1.31503e+53 8.44025e+57 1.82997e+56 0 1.66927e+47 0 4.64348e+42 0 0 1
5.23299e-07 0 0 4.43184e+52 1.5018e+53 7.29875e+57 1.58468e+56 0 1.92764e+47 0 4.64348e+42 0 0 1
6.04296e-07 0 0 5.97435e+52 1.719e+53 6.30502e+57 1.37109e+56 0 2.226e+47 0 4.64348e+42 0 0 1
6.97831e-07 0 0 7.89779e+52 1.97229e+53 5.44032e+57 1.18512e+56 0 2.57055e+47 0 4.64348e+42 0 0 1
8.05842e-07 0 0 1.02691e+53 2.26842e+53 4.68842e+57 1.02326e+56 0 2.96842e+47 0 4.64348e+42 0 0 1
9.30572e-07 0 0 1.31667e+53 2.61538e+53 4.03516e+57 8.82462e+55 0 3.42788e+47 0 4.64348e+42 0 0 1
1.07461e-06 0 0 1.66833e+53 3.02266e+53 3.46814e+57 7.60071e+55 0 3.95846e+47 0 4.64348e+42 0 0 1
1.24094e-06 0 0 2.09289e+53 3.50153e+53 2.97648e+57 6.5378e+55 0 4.57116e+47 0 4.64348e+42 0 0 1
1.43301e-06 0 0 2.6035e+53 4.06547e+53 2.5506e+57 5.61561e+55 0 5.27869e+47 0 4.64348e+42 0 0 1
1.65482e-06 0 0 3.216e+53 4.7307e+53 2.18215e+57 4.81634e+55 0 6.09573e+47 0 4.64348e+42 0 0 1
1.91095e-06 0 0 3.9494e+53 5.51665e+53 1.86379e+57 4.12439e+55 0 7.03924e+47 0 4.64348e+42 0 0 1
2.20673e-06 0 0 4.82656e+53 6.44655e+53 1.58907e+57 3.52605e+55 0 8.12879e+47 0 4.64348e+42 0 0 1
2.5483e-06 0 0 5.87494e+53 7.54824e+53 1.35236e+57 3.00934e+55 0 9.38697e+47 0 4.64348e+42 0 0 1
2.94273e-06 0 0 7.12753e+53 8.85509e+53 1.14873e+57 2.56376e+55 0 1.08399e+48 0 4.64348e+42 0 0 1
3.39821e-06 0 0 8.62407e+53 1.04072e+54 9.73843e+56 2.18009e+55 0 1.25177e+48 0 4.64348e+42 0 0 1
3.92419e-06 0 0 1.04124e+54 1.22527e+54 8.23905e+56 1.85026e+55 0 1.44552e+48 0 4.64348e+42 0 0 1
4.53158e-06 0 0 1.25502e+54 1.44497e+54 6.95596e+56 1.5672e+55 0 1.66927e+48 0 4.64348e+42 0 0 1
5.23299e-06 0 0 1.51071e+54 1.7068e+54 5.8601e+56 1.32472e+55 0 1.92764e+48 0 4.64348e+42 0 0 1
6.04296e-06 0 0 1.8167e+54 2.01921e+54 4.92607e+56 1.11739e+55 0 2.226e+48 0 4.64348e+42 0 0 1
6.97831e-06 0 0 2.18315e+54 2.39238e+54 4.13165e+56 9.40464e+54 0 2.57054e+48 0 4.64348e+42 0 0 1
8.05842e-06 0 0 2.62236e+54 2.83865e+54 3.45748e+56 7.89805e+54 0 2.96842e+48 0 4.64348e+42 0 0 1
9.30572e-06 0 0 3.14926e+54 3.37298e+54 2.88665e+56 6.61786e+54 0 3.42787e+48 0 4.64348e+42 0 0 1
1.07461e-05 0 0 3.78194e+54 4.01352e+54 2.40446e+56 5.53251e+54 0 3.95844e+48 0 4.64348e+42 0 0 1
1.24094e-05 0 0 4.54241e+54 4.78231e+54 1.99813e+56 4.61446e+54 0 4.57114e+48 0 4.64348e+42 0 0 1
1.43301e-05 0 0 5.45747e+54 5.7062e+54 1.65656e+56 3.83976e+54 0 5.27866e+48 0 4.64348e+42 0 0 1
1.65482e-05 0 0 6.55976e+54 6.81787e+54 1.37016e+56 3.18763e+54 0 6.0957e+48 0 4.64348e+42 0 0 1
1.91095e-05 0 0 7.8891e+54 8.15721e+54 1.13061e+56 2.64004e+54 0 7.0392e+48 0 4.64348e+42 0 0 1
2.20673e-05 0 0 9.49344e+54 9.77221e+54 9.30776e+55 2.18138e+54 0 8.12873e+48 0 4.64348e+42 0 0 1
2.5483e-05 0 0 1.14175e+55 1.17072e+55 7.64491e+55 1.79819e+54 0 9.3869e+48 0 4.64348e+42 0 0 1
2.94273e-05 0 0 1.3621e+55 1.39198e+55 6.26482e+55 1.47887e+54 0 1.08398e+49 0 4.64348e+42 0 0 1
3.39821e-05 0 0 1.58184e+55 1.61185e+55 5.12233e+55 1.21347e+54 0 1.25176e+49 0 4.64348e+42 0 0 1
3.92419e-05 0 0 1.74872e+55 1.77742e+55 4.17894e+55 9.93433e+53 0 1.44551e+49 0 4.64348e+42 0 0 1
4.53158e-05 0 0 1.81758e+55 1.84338e+55 3.40191e+55 8.11484e+53 0 1.66924e+49 0 4.64348e+42 0 0 1
5.23299e-05 1.33275e-230 1.33275e-230 1.77738e+55 1.7992e+55 2.76348e+55 6.61406e+53 0 1.92761e+49 1.24005e-234 4.64348e+42 0 0 1
6.04296e-05 2.87613e-156 2.87613e-156 1.64941e+55 1.66694e+55 2.2402e+55 5.37927e+53 0 2.22596e+49 2.49717e-160 4.64348e+42 0 0 1
6.97831e-05 2.39108e-101 2.39108e-101 1.46865e+55 1.48215e+55 1.81232e+55 4.36581e+53 0 2.57049e+49 2.01904e-105 4.64348e+42 0 0 1
8.05842e-05 8.8614e-61 8.8614e-61 1.26762e+55 1.27771e+55 1.46326e+55 3.536e+53 0 2.96834e+49 7.50729e-65 4.64348e+42 0 0 1
9.30572e-05 8.10259e-31 8.10259e-31 1.06943e+55 1.0768e+55 1.17914e+55 2.85817e+53 0 3.42778e+49 7.04595e-35 4.64348e+42 0 0 1
0.000107461 1.06866e-08 1.06866e-08 8.87461e+54 8.92751e+54 9.48389e+54 2.30574e+53 0 3.95831e+49 9.69748e-13 4.64348e+42 0 0 1
0.000124094 2.25596e+08 2.25596e+08 7.27713e+54 7.31468e+54 7.61377e+54 1.85652e+53 0 4.57096e+49 21619.3 4.64348e+42 0 0 1
0.000143301 2.47627e+20 2.47627e+20 5.91551e+54 5.94193e+54 6.10127e+54 1.49202e+53 0 5.27843e+49 2.52799e+16 4.64348e+42 0 0 1
0.000165482 1.85179e+29 1.85179e+29 4.77772e+54 4.79619e+54 4.88046e+54 1.19688e+53 0 6.09539e+49 2.02694e+25 4.64348e+42 0 0 1
0.000191095 6.31807e+35 6.31807e+35 3.83986e+54 3.85271e+54 3.897e+54 9.58383e+52 0 7.03879e+49 7.45142e+31 4.64348e+42 0 0 1
0.000220673 4.01054e+40 4.01054e+40 3.07419e+54 3.0831e+54 3.10625e+54 7.66045e+52 0 8.12819e+49 5.11614e+36 4.64348e+42 0 0 1
0.00025483 1.33855e+44 1.33855e+44 2.45343e+54 2.45959e+54 2.47163e+54 6.11229e+52 0 9.38618e+49 1.85281e+40 4.64348e+42 0 0 1
0.000294273 5.06245e+46 5.06245e+46 1.95275e+54 1.95699e+54 1.96323e+54 4.86849e+52 0 1.08388e+50 7.624e+42 4.64348e+42 0 0 1
0.000339821 3.82711e+48 3.82711e+48 1.55055e+54 1.55346e+54 1.55668e+54 3.87105e+52 0 1.25163e+50 6.28573e+44 4.64348e+42 0 0 1
0.000392419 8.79734e+49 8.79734e+49 1.22849e+54 1.23049e+54 1.23215e+54 3.0726e+52 0 1.44534e+50 1.57924e+46 4.64348e+42 0 0 1
0.000453158 8.38413e+50 8.38413e+50 9.71321e+53 9.72691e+53 9.73537e+53 2.43458e+52 0 1.66901e+50 1.64841e+47 4.64348e+42 0 0 1
0.000523299 4.16599e+51 4.16599e+51 7.66452e+53 7.67388e+53 7.67819e+53 1.92564e+52 0 1.9273e+50 8.98883e+47 4.64348e+42 0 0 1
0.000604296 1.27847e+52 1.27847e+52 6.03606e+53 6.04244e+53 6.04463e+53 1.52039e+52 0 2.22555e+50 3.03325e+48 4.64348e+42 0 0 1
0.000697831 2.74628e+52 2.74628e+52 4.74429e+53 4.74863e+53 4.74974e+53 1.19825e+52 0 2.56994e+50 7.17867e+48 4.64348e+42 0 0 1
0.000805842 4.52958e+52 4.52958e+52 3.72162e+53 3.72457e+53 3.72513e+53 9.42629e+51 0 2.96762e+50 1.30706e+49 4.64348e+42 0 0 1
0.000930572 6.1422e+52 6.1422e+52 2.91358e+53 2.91558e+53 2.91586e+53 7.40151e+51 0 3.42681e+50 1.9605e+49 4.64348e+42 0 0 1
0.00107461 7.20251e+52 7.20251e+52 2.27637e+53 2.27772e+53 2.27786e+53 5.80053e+51 0 3.95702e+50 2.54807e+49 4.64348e+42 0 0 1
0.00124094 7.58146e+52 7.58146e+52 1.77484e+53 1.77576e+53 1.77583e+53 4.53695e+51 0 4.56924e+50 2.97895e+49 4.64348e+42 0 0 1
0.00143301 7.36392e+52 7.36392e+52 1.38091e+53 1.38152e+53 1.38156e+53 3.54153e+51 0 5.27614e+50 3.22043e+49 4.64348e+42 0 0 1
0.00165482 6.73599e+52 6.73599e+52 1.0721e+53 1.07252e+53 1.07253e+53 2.75884e+51 0 6.09233e+50 3.28576e+49 4.64348e+42 0 0 1
0.00191095 5.89072e+52 5.89072e+52 8.30535e+52 8.30813e+52 8.30821e+52 2.14463e+51 0 7.03471e+50 3.21203e+49 4.64348e+42 0 0 1
0.00220673 4.9801e+52 4.9801e+52 6.4197e+52 6.42155e+52 6.42159e+52 1.6636e+51 0 8.12274e+50 3.04224e+49 4.64348e+42 0 0 1
0.0025483 4.10372e+52 4.10372e+52 4.95096e+52 4.95221e+52 4.95225e+52 1.28765e+51 0 9.37891e+50 2.81487e+49 4.64348e+42 0 0 1
0.00294273 3.31609e+52 3.31609e+52 3.80958e+52 3.81041e+52 3.81043e+52 9.94454e+50 0 1.08292e+51 2.55988e+49 4.64348e+42 0 0 1
0.00339821 2.63957e+52 2.63957e+52 2.92461e+52 2.92516e+52 2.92517e+52 7.66294e+50 0 1.25034e+51 2.29845e+49 4.64348e+42 0 0 1
0.00392419 2.07655e+52 2.07655e+52 2.24006e+52 2.24043e+52 2.24043e+52 5.89144e+50 0 1.44361e+51 2.04433e+49 4.64348e+42 0 0 1
0.00453158 1.61855e+52 1.61855e+52 1.71181e+52 1.71206e+52 1.71206e+52 4.51916e+50 0 1.66672e+51 1.80567e+49 4.64348e+42 0 0 1
0.00523299 1.25223e+52 1.25223e+52 1.30517e+52 1.30533e+52 1.30533e+52 3.45864e+50 0 1.92424e+51 1.58666e+49 4.64348e+42 0 0 1
0.00604296 9.62976e+51 9.62976e+51 9.92907e+51 9.93012e+51 9.93013e+51 2.641e+50 0 2.22147e+51 1.38892e+49 4.64348e+42 0 0 1
0.00697831 7.3685e+51 7.3685e+51 7.53711e+51 7.5378e+51 7.5378e+51 2.01216e+50 0 2.5645e+51 1.21239e+49 4.64348e+42 0 0 1
0.00805842 5.61468e+51 5.61468e+51 5.70936e+51 5.70981e+51 5.70981e+51 1.5297e+50 0 2.96036e+51 1.05611e+49 4.64348e+42 0 0 1
0.00930572 4.2631e+51 4.2631e+51 4.31612e+51 4.31642e+51 4.31642e+51 1.16045e+50 0 3.41713e+51 9.18548e+48 4.64348e+42 0 0 1
0.0107461 3.22703e+51 3.22703e+51 3.25665e+51 3.25684e+51 3.25684e+51 8.7854e+49 0 3.94412e+51 7.97999e+48 4.64348e+42 0 0 1
0.0124094 2.43635e+51 2.43635e+51 2.45285e+51 2.45298e+51 2.45298e+51 6.6382e+49 0 4.55204e+51 6.92687e+48 4.64348e+42 0 0 1
0.0143301 1.83521e+51 1.83521e+51 1.84439e+51 1.84447e+51 1.84447e+51 5.00661e+49 0 5.25321e+51 6.009e+48 4.64348e+42 0 0 1
0.0165482 1.37968e+51 1.37968e+51 1.38478e+51 1.38483e+51 1.38483e+51 3.76963e+49 0 6.06176e+51 5.21036e+48 4.64348e+42 0 0 1
0.0191095 1.03546e+51 1.03546e+51 1.03829e+51 1.03832e+51 1.03832e+51 2.83384e+49 0 6.99396e+51 4.51633e+48 4.64348e+42 0 0 1
0.0220673 7.75997e+50 7.75997e+50 7.77562e+50 7.77585e+50 7.77585e+50 2.12736e+49 0 8.06842e+51 3.91376e+48 4.64348e+42 0 0 1
0.025483 5.80841e+50 5.80841e+50 5.81707e+50 5.81721e+50 5.81721e+50 1.59502e+49 0 9.30651e+51 3.39096e+48 4.64348e+42 0 0 1
0.0294273 4.34328e+50 4.34328e+50 4.34806e+50 4.34815e+50 4.34815e+50 1.1946e+49 0 1.07327e+52 2.93759e+48 4.64348e+42 0 0 1
0.0339821 3.24509e+50 3.24509e+50 3.24773e+50 3.24779e+50 3.24779e+50 8.93881e+48 0 1.23748e+52 2.54458e+48 4.64348e+42 0 0 1
0.0392419 2.42308e+50 2.42308e+50 2.42454e+50 2.42458e+50 2.42458e+50 6.68366e+48 0 1.42647e+52 2.20398e+48 4.64348e+42 0 0 1
0.0453158 1.80851e+50 1.80851e+50 1.80931e+50 1.80934e+50 1.80934e+50 4.99458e+48 0 1.64388e+52 1.90887e+48 4.64348e+42 0 0 1
0.0523299 1.34946e+50 1.34946e+50 1.3499e+50 1.34992e+50 1.34992e+50 3.73084e+48 0 1.89381e+52 1.65321e+48 4.64348e+42 0 0 1
0.0604296 1.00684e+50 1.00684e+50 1.00708e+50 1.00709e+50 1.00709e+50 2.78619e+48 0 2.18093e+52 1.43174e+48 4.64348e+42 0 0 1
0.0697831 7.51267e+49 7.51267e+49 7.51402e+49 7.51409e+49 7.51409e+49 2.08058e+48 0 2.5105e+52 1.23991e+48 4.64348e+42 0 0 1
0.0805842 5.60706e+49 5.60706e+49 5.6078e+49 5.60785e+49 5.60785e+49 1.55381e+48 0 2.88845e+52 1.07377e+48 4.64348e+42 0 0 1
0.0930572 4.18652e+49 4.18652e+49 4.18692e+49 4.18695e+49 4.18695e+49 1.16072e+48 0 3.32139e+52 9.2988e+47 4.64348e+42 0 0 1
0.107461 3.12764e+49 3.12764e+49 3.12787e+49 3.12788e+49 3.12788e+49 8.67445e+47 0 3.81667e+52 8.05263e+47 4.64348e+42 0 0 1
0.124094 2.33828e+49 2.33828e+49 2.3384e+49 2.33841e+49 2.33841e+49 6.48656e+47 0 4.38244e+52 6.97342e+47 4.64348e+42 0 0 1
0.143301 1.74967e+49 1.74967e+49 1.74974e+49 1.74975e+49 1.74975e+49 4.85417e+47 0 5.02759e+52 6.03882e+47 4.64348e+42 0 0 1
0.165482 1.31058e+49 1.31058e+49 1.31062e+49 1.31062e+49 1.31062e+49 3.63591e+47 0 5.76173e+52 5.22945e+47 4.64348e+42 0 0 1
0.191095 9.82836e+48 9.82836e+48 9.82857e+48 9.8286e+48 9.8286e+48 2.72632e+47 0 6.59515e+52 4.52855e+47 4.64348e+42 0 0 1
0.220673 7.3802e+48 7.3802e+48 7.38032e+48 7.38034e+48 7.38034e+48 2.04678e+47 0 7.5386e+52 3.92158e+47 4.64348e+42 0 0 1
0.25483 5.54987e+48 5.54987e+48 5.54994e+48 5.54995e+48 5.54995e+48 1.53872e+47 0 8.60304e+52 3.39596e+47 4.64348e+42 0 0 1
0.294273 4.18003e+48 4.18003e+48 4.18006e+48 4.18007e+48 4.18007e+48 1.15852e+47 0 9.79928e+52 2.94079e+47 4.64348e+42 0 0 1
0.339821 3.15361e+48 3.15361e+48 3.15363e+48 3.15363e+48 3.15363e+48 8.73684e+46 0 1.11374e+53 2.54662e+47 4.64348e+42 0 0 1
0.392419 2.3835e+48 2.3835e+48 2.38351e+48 2.38352e+48 2.38352e+48 6.60037e+46 0 1.26258e+53 2.20529e+47 4.64348e+42 0 0 1
0.453158 1.80488e+48 1.80488e+48 1.80489e+48 1.80489e+48 1.80489e+48 4.99565e+46 0 1.42704e+53 1.9097e+47 4.64348e+42 0 0 1
0.523299 1.36945e+48 1.36945e+48 1.36945e+48 1.36945e+48 1.36945e+48 3.78852e+46 0 1.60729e+53 1.65373e+47 4.64348e+42 0 0 1
0.604296 1.04123e+48 1.04123e+48 1.04123e+48 1.04123e+48 1.04123e+48 2.87899e+46 0 1.80292e+53 1.43207e+47 4.64348e+42 0 0 1
0.697831 7.93385e+47 7.93385e+47 7.93386e+47 7.93387e+47 7.93387e+47 2.19252e+46 0 2.01266e+53 1.24012e+47 4.64348e+42 0 0 1
0.805842 6.05887e+47 6.05887e+47 6.05888e+47 6.05889e+47 6.05889e+47 1.67344e+46 0 2.23415e+53 1.0739e+47 4.64348e+42 0 0 1
0.930572 4.63765e+47 4.63765e+47 4.63765e+47 4.63766e+47 4.63766e+47 1.28017e+46 0 2.46355e+53 9.29957e+46 4.64348e+42 0 0 1
1.07461 3.55818e+47 3.55818e+47 3.55819e+47 3.55819e+47 3.55819e+47 9.81623e+45 0 2.69522e+53 8.05308e+46 4.64348e+42 0 0 1
1.24094 2.73657e+47 2.73657e+47 2.73657e+47 2.73657e+47 2.73657e+47 7.54504e+45 0 2.92133e+53 6.97367e+46 4.64348e+42 0 0 1
1.43301 2.10986e+47 2.10986e+47 2.10986e+47 2.10986e+47 2.10986e+47 5.81349e+45 0 3.13157e+53 6.03893e+46 4.64348e+42 0 0 1
1.65482 1.63076e+47 1.63076e+47 1.63076e+47 1.63076e+47 1.63076e+47 4.49043e+45 0 3.31298e+53 5.22948e+46 4.64348e+42 0 0 1
1.91095 1.26367e+47 1.26367e+47 1.26367e+47 1.26367e+47 1.26367e+47 3.47719e+45 0 3.45016e+53 4.52852e+46 4.64348e+42 0 0 1
2.20673 9.8174e+46 9.8174e+46 9.81741e+46 9.81741e+46 9.81741e+46 2.6994e+45 0 3.52594e+53 3.92152e+46 4.64348e+42 0 0 1
2.5483 7.64707e+46 7.64707e+46 7.64708e+46 7.64708e+46 7.64708e+46 2.10095e+45 0 3.5228e+53 3.39588e+46 4.64348e+42 0 0 1
2.94273 5.97221e+46 5.97221e+46 5.97221e+46 5.97221e+46 5.97221e+46 1.63937e+45 0 3.42529e+53 2.94069e+46 4.64348e+42 0 0 1
3.39821 4.67643e+46 4.67643e+46 4.67644e+46 4.67644e+46 4.67644e+46 1.28247e+45 0 3.22333e+53 2.54652e+46 4.64348e+42 0 0 1
3.92419 3.67132e+46 3.67132e+46 3.67133e+46 3.67133e+46 3.67133e+46 1.00581e+45 0 2.9163e+53 2.20517e+46 4.64348e+42 0 0 1
4.53158 2.88956e+46 2.88956e+46 2.88956e+46 2.88956e+46 2.88956e+46 7.90788e+44 0 2.51679e+53 1.90958e+46 4.64348e+42 0 0 1
5.23299 2.2798e+46 2.2798e+46 2.27981e+46 2.27981e+46 2.27981e+46 6.23223e+44 0 2.05257e+53 1.65361e+46 4.64348e+42 0 0 1
6.04296 1.80283e+46 1.80283e+46 1.80283e+46 1.80283e+46 1.80283e+46 4.92277e+44 0 1.56478e+53 1.43195e+46 4.64348e+42 0 0 1
6.97831 1.42865e+46 1.42865e+46 1.42866e+46 1.42866e+46 1.42866e+46 3.8966e+44 0 1.10118e+53 1.24e+46 4.64348e+42 0 0 1
8.05842 1.13429e+46 1.13429e+46 1.13429e+46 1.13429e+46 1.13429e+46 3.09021e+44 0 7.05163e+52 1.07378e+46 4.64348e+42 0 0 1
9.30572 9.02106e+45 9.02106e+45 9.02108e+45 9.02108e+45 9.02108e+45 2.45485e+44 0 4.04285e+52 9.29835e+45 4.64348e+42 0 0 1
10.7461 7.18526e+45 7.18526e+45 7.18528e+45 7.18528e+45 7.18528e+45 1.95302e+44 0 2.03742e+52 8.05186e+45 4.64348e+42 0 0 1
12.4094 5.73057e+45 5.73057e+45 5.73059e+45 5.73059e+45 5.73059e+45 1.55576e+44 0 8.83971e+51 6.97244e+45 4.64348e+42 0 0 1
14.3301 4.57558e+45 4.57558e+45 4.5756e+45 4.5756e+45 4.5756e+45 1.24067e+44 0 3.22467e+51 6.0377e+45 4.64348e+42 0 0 1
16.5482 3.65684e+45 3.65684e+45 3.65686e+45 3.65686e+45 3.65686e+45 9.90287e+43 0 9.62631e+50 5.22825e+45 4.64348e+42 0 0 1
19.1095 2.92479e+45 2.92479e+45 2.92481e+45 2.92481e+45 2.92481e+45 7.91e+43 0 2.27951e+50 4.52729e+45 4.64348e+42 0 0 1
22.0673 2.34062e+45 2.34062e+45 2.34063e+45 2.34063e+45 2.34063e+45 6.32144e+43 0 4.13093e+49 3.92029e+45 4.64348e+42 0 0 1
25.483 1.87384e+45 1.87384e+45 1.87385e+45 1.87385e+45 1.87385e+45 5.05358e+43 0 5.49654e+48 3.39465e+45 4.64348e+42 0 0 1
29.4273 1.50049e+45 1.50049e+45 1.50051e+45 1.50051e+45 1.50051e+45 4.04063e+43 0 5.11919e+47 2.93946e+45 4.64348e+42 0 0 1
33.9821 1.20164e+45 1.20164e+45 1.20165e+45 1.20165e+45 1.20165e+45 3.23074e+43 0 3.15793e+46 2.54529e+45 4.64348e+42 0 0 1
39.2419 9.62269e+44 9.62269e+44 9.62278e+44 9.62278e+44 9.62278e+44 2.58286e+43 0 1.2106e+45 2.20394e+45 4.64348e+42 0 0 1
45.3158 7.7048e+44 7.7048e+44 7.70488e+44 7.70488e+44 7.70488e+44 2.06442e+43 0 2.67927e+43 1.90835e+45 4.64348e+42 0 0 1
52.3299 6.16783e+44 6.16783e+44 6.16791e+44 6.16791e+44 6.16791e+44 1.64954e+43 0 3.1443e+41 1.65238e+45 4.64348e+42 0 0 1
60.4296 4.93613e+44 4.93613e+44 4.93621e+44 4.93621e+44 4.93621e+44 1.31756e+43 0 1.7737e+39 1.43072e+45 4.64348e+42 0 0 1
69.7831 3.94925e+44 3.94925e+44 3.94932e+44 3.94932e+44 3.94932e+44 1.05198e+43 0 4.29374e+36 1.23877e+45 4.64348e+42 0 0 1
80.5842 3.15879e+44 3.15879e+44 3.15885e+44 3.15885e+44 3.15885e+44 8.39625e+42 0 3.91317e+33 1.07255e+45 4.64348e+42 0 0 1
93.0572 2.52596e+44 2.52596e+44 2.52601e+44 2.52601e+44 2.52601e+44 6.69924e+42 0 1.15422e+30 9.28605e+44 4.64348e+42 0 0 1
107.461 2.01962e+44 2.01962e+44 2.01967e+44 2.01967e+44 2.01967e+44 5.34402e+42 0 9.25302e+25 8.03955e+44 4.64348e+42 0 0 1
124.094 1.61473e+44 1.61473e+44 1.61478e+44 1.61478e+44 1.61478e+44 4.26255e+42 0 1.64795e+21 6.96014e+44 4.64348e+42 0 0 1
143.301 1.29116e+44 1.29116e+44 1.2912e+44 1.2912e+44 1.2912e+44 3.40014e+42 0 5.16585e+15 6.0254e+44 4.64348e+42 0 0 1
165.482 1.0327e+44 1.0327e+44 1.03274e+44 1.03274e+44 1.03274e+44 2.71284e+42 0 2.17823e+09 5.21595e+44 4.64348e+42 0 0 1
191.095 8.26316e+43 8.26316e+43 8.26355e+43 8.26355e+43 8.26355e+43 2.16535e+42 0 90.5687 4.515e+44 4.64348e+42 0 0 1
220.673 6.61542e+43 6.61542e+43 6.61578e+43 6.61578e+43 6.61578e+43 1.72932e+42 0 2.59441e-07 3.908e+44 4.64348e+42 0 0 1
254.83 5.29971e+43 5.29971e+43 5.30004e+43 5.30004e+43 5.30004e+43 1.38206e+42 0 3.38421e-17 3.38236e+44 4.64348e+42 0 0 1
294.273 4.24872e+43 4.24872e+43 4.24902e+43 4.24902e+43 4.24902e+43 1.10539e+42 0 1.24616e-28 2.92718e+44 4.64348e+42 0 0 1
339.821 3.40866e+43 3.40866e+43 3.40894e+43 3.40894e+43 3.40894e+43 8.8485e+41 0 7.45735e-42 2.53301e+44 4.64348e+42 0 0 1
392.419 2.73663e+43 2.73663e+43 2.73689e+43 2.73689e+43 2.73689e+43 7.08893e+41 0 3.83324e-57 2.19167e+44 4.64348e+42 0 0 1
453.158 2.19849e+43 2.19849e+43 2.19874e+43 2.19874e+43 2.19874e+43 5.68364e+41 0 8.10466e-75 1.89609e+44 4.64348e+42 0 0 1
523.299 1.76711e+43 1.76711e+43 1.76734e+43 1.76734e+43 1.76734e+43 4.56003e+41 0 3.01169e-95 1.64012e+44 4.64348e+42 0 0 1
604.296 1.42094e+43 1.42094e+43 1.42115e+43 1.42115e+43 1.42115e+43 3.66058e+41 0 7.36809e-119 1.41847e+44 4.64348e+42 0 0 1
697.831 1.14287e+43 1.14287e+43 1.14306e+43 1.14306e+43 1.14306e+43 2.93975e+41 0 3.81877e-146 1.22653e+44 4.64348e+42 0 0 1
805.842 9.19298e+42 9.19298e+42 9.19478e+42 9.19478e+42 9.19478e+42 2.36146e+41 0 1.13201e-177 1.06032e+44 4.64348e+42 0 0 1
930.572 7.39419e+42 7.39419e+42 7.39587e+42 7.39587e+42 7.39587e+42 1.89712e+41 0 4.23109e-214 9.1639e+43 4.64348e+42 0 0 1
1074.61 5.94615e+42 5.94615e+42 5.94771e+42 5.94771e+42 5.94771e+42 1.524e+41 0 0 7.91756e+43 4.64348e+42 0 0 1
1240.94 4.78006e+42 4.78006e+42 4.7815e+42 4.7815e+42 4.7815e+42 1.22402e+41 0 0 6.83832e+43 4.64348e+42 0 0 1
1433.01 3.84086e+42 3.84086e+42 3.8422e+42 3.8422e+42 3.8422e+42 9.82764e+40 0 0 5.90379e+43 4.64348e+42 0 0 1
1654.82 3.08444e+42 3.08444e+42 3.08568e+42 3.08568e+42 3.08568e+42 7.88707e+40 0 0 5.09457e+43 4.64348e+42 0 0 1
1910.95 2.47534e+42 2.47534e+42 2.47649e+42 2.47649e+42 2.47649e+42 6.3262e+40 0 0 4.39389e+43 4.64348e+42 0 0 1
2206.73 1.98503e+42 1.98503e+42 1.9861e+42 1.9861e+42 1.9861e+42 5.07096e+40 0 0 3.7872e+43 4.64348e+42 0 0 1
2548.3 1.59055e+42 1.59055e+42 1.59154e+42 1.59154e+42 1.59154e+42 4.06187e+40 0 0 3.26192e+43 4.64348e+42 0 0 1
2942.73 1.27336e+42 1.27336e+42 1.27427e+42 1.27427e+42 1.27427e+42 3.25102e+40 0 0 2.80714e+43 4.64348e+42 0 0 1
3398.21 1.01848e+42 1.01848e+42 1.01932e+42 1.01932e+42 1.01932e+42 2.59985e+40 0 0 2.41344e+43 4.64348e+42 0 0 1
3924.19 8.13833e+41 8.13833e+41 8.14611e+41 8.14611e+41 8.14611e+41 2.07727e+40 0 0 2.07265e+43 4.64348e+42 0 0 1
4531.58 6.49659e+41 6.49659e+41 6.50376e+41 6.50376e+41 6.50376e+41 1.65818e+40 0 0 1.77769e+43 4.64348e+42 0 0 1
5232.99 5.18123e+41 5.18123e+41 5.18756e+41 5.18756e+41 5.18756e+41 1.32245e+40 0 0 1.5226e+43 4.64348e+42 0 0 1
6042.96 4.1275e+41 4.1275e+41 4.13329e+41 4.13329e+41 4.13329e+41 1.0536e+40 0 0 1.30178e+43 4.64348e+42 0 0 1
6978.31 3.28451e+41 3.28451e+41 3.28979e+41 3.28979e+41 3.28979e+41 8.3855e+39 0 0 1.1108e+43 4.64348e+42 0 0 1
8058.42 2.61077e+41 2.61077e+41 2.61558e+41 2.61558e+41 2.61558e+41 6.6669e+39 0 0 9.45686e+42 4.64348e+42 0 0 1
9305.72 2.07285e+41 2.07285e+41 2.07721e+41 2.07721e+41 2.07721e+41 5.29478e+39 0 0 8.03004e+42 4.64348e+42 0 0 1
10746.1 1.64382e+41 1.64382e+41 1.64777e+41 1.64777e+41 1.64777e+41 4.20036e+39 0 0 6.79788e+42 4.64348e+42 0 0 1
12409.4 1.30199e+41 1.30199e+41 1.30555e+41 1.30555e+41 1.30555e+41 3.32832e+39 0 0 5.73473e+42 4.64348e+42 0 0 1
14330.1 1.02993e+41 1.02993e+41 1.03314e+41 1.03314e+41 1.03314e+41 2.63417e+39 0 0 4.81841e+42 4.64348e+42 0 0 1
16548.2 8.13649e+40 8.13649e+40 8.16531e+40 8.16531e+40 8.16531e+40 2.08221e+39 0 0 4.02974e+42 4.64348e+42 0 0 1
19109.5 6.41907e+40 6.41907e+40 6.44483e+40 6.44483e+40 6.44483e+40 1.6438e+39 0 0 3.35216e+42 4.64348e+42 0 0 1
22067.3 5.05694e+40 5.05694e+40 5.07988e+40 5.07988e+40 5.07988e+40 1.29596e+39 0 0 2.77134e+42 4.64348e+42 0 0 1
25483 3.97795e+40 3.97795e+40 3.99827e+40 3.99827e+40 3.99827e+40 1.0203e+39 0 0 2.27491e+42 4.64348e+42 0 0 1
29427.3 3.12433e+40 3.12433e+40 3.14227e+40 3.14227e+40 3.14227e+40 8.02116e+38 0 0 1.85214e+42 4.64348e+42 0 0 1
33982.1 2.44995e+40 2.44995e+40 2.46568e+40 2.46568e+40 2.46568e+40 6.29634e+38 0 0 1.49373e+42 4.64348e+42 0 0 1
39241.9 1.91791e+40 1.91791e+40 1.93164e+40 1.93164e+40 1.93164e+40 4.93462e+38 0 0 1.19162e+42 4.64348e+42 0 0 1
45315.8 1.4988e+40 1.4988e+40 1.51071e+40 1.51071e+40 1.51071e+40 3.86107e+38 0 0 9.38733e+41 4.64348e+42 0 0 1
52329.9 1.16918e+40 1.16918e+40 1.17943e+40 1.17943e+40 1.17943e+40 3.01593e+38 0 0 7.28877e+41 4.64348e+42 0 0 1
60429.6 9.10352e+39 9.10352e+39 9.19125e+39 9.19125e+39 9.19125e+39 2.35162e+38 0 0 5.56559e+41 4.64348e+42 0 0 1
69783.1 7.07472e+39 7.07472e+39 7.14921e+39 7.14921e+39 7.14921e+39 1.83029e+38 0 0 4.16872e+41 4.64348e+42 0 0 1
80584.2 5.48731e+39 5.48731e+39 5.55005e+39 5.55005e+39 5.55005e+39 1.42185e+38 0 0 3.05386e+41 4.64348e+42 0 0 1
93057.2 4.24759e+39 4.24759e+39 4.30001e+39 4.30001e+39 4.30001e+39 1.10242e+38 0 0 2.18057e+41 4.64348e+42 0 0 1
107461 3.28129e+39 3.28129e+39 3.32472e+39 3.32472e+39 3.32472e+39 8.53062e+37 0 0 1.51167e+41 4.64348e+42 0 0 1
124094 2.52962e+39 2.52962e+39 2.56528e+39 2.56528e+39 2.56528e+39 6.5877e+37 0 0 1.01282e+41 4.64348e+42 0 0 1
143301 1.94611e+39 1.94611e+39 1.97514e+39 1.97514e+39 1.97514e+39 5.07684e+37 0 0 6.52397e+40 4.64348e+42 0 0 1
165482 1.49409e+39 1.49409e+39 1.51752e+39 1.51752e+39 1.51752e+39 3.90436e+37 0 0 4.01568e+40 4.64348e+42 0 0 1
191095 1.1447e+39 1.1447e+39 1.16343e+39 1.16343e+39 1.16343e+39 2.99638e+37 0 0 2.34541e+40 4.64348e+42 0 0 1
220673 8.75204e+38 8.75204e+38 8.90064e+38 8.90064e+38 8.90064e+38 2.29473e+37 0 0 1.28934e+40 4.64348e+42 0 0 1
254830 6.67802e+38 6.67802e+38 6.79488e+38 6.79488e+38 6.79488e+38 1.75373e+37 0 0 6.6088e+39 4.64348e+42 0 0 1
294273 5.08539e+38 5.08539e+38 5.17654e+38 5.17654e+38 5.17654e+38 1.33751e+37 0 0 3.12448e+39 4.64348e+42 0 0 1
339821 3.86511e+38 3.86511e+38 3.93564e+38 3.93564e+38 3.93564e+38 1.01801e+37 0 0 1.34552e+39 4.64348e+42 0 0 1
392419 2.93218e+38 2.93218e+38 2.98635e+38 2.98635e+38 2.98635e+38 7.73319e+36 0 0 5.20198e+38 4.64348e+42 0 0 1
453158 2.22049e+38 2.22049e+38 2.26178e+38 2.26178e+38 2.26178e+38 5.86332e+36 0 0 1.77565e+38 4.64348e+42 0 0 1
523299 1.67872e+38 1.67872e+38 1.70997e+38 1.70997e+38 1.70997e+38 4.43758e+36 2.40342e+34 0 5.24886e+37 4.64348e+42 0 0 1
604296 1.26713e+38 1.26713e+38 1.29062e+38 1.29062e+38 1.29062e+38 3.35282e+36 2.41379e+34 0 1.31404e+37 4.64348e+42 0 0 1
697831 9.55057e+37 9.55057e+37 9.72594e+37 9.72594e+37 9.72594e+37 2.5292e+36 2.42417e+34 0 2.71523e+36 4.64348e+42 0 0 1
805842 7.18871e+37 7.18871e+37 7.31877e+37 7.31877e+37 7.31877e+37 1.9051e+36 2.43454e+34 0 4.49508e+35 4.64348e+42 0 0 1
930572 5.40425e+37 5.40425e+37 5.50009e+37 5.50009e+37 5.50009e+37 1.43305e+36 2.44492e+34 0 5.76086e+34 4.64348e+42 0 0 1
1.07461e+06 4.05817e+37 4.05817e+37 4.12834e+37 4.12834e+37 4.12834e+37 1.07663e+36 2.45686e+34 0 5.49326e+33 4.64348e+42 0 0 1
1.24094e+06 3.04425e+37 3.04425e+37 3.09531e+37 3.09531e+37 3.09531e+37 8.07956e+35 2.46012e+34 0 3.72284e+32 4.64348e+42 0 0 1
1.43301e+06 2.28153e+37 2.28153e+37 2.31848e+37 2.31848e+37 2.31848e+37 6.05712e+35 2.46429e+34 0 1.70078e+31 4.64348e+42 0 0 1
1.65482e+06 1.70849e+37 1.70849e+37 1.73507e+37 1.73507e+37 1.73507e+37 4.53682e+35 2.46966e+34 0 4.92745e+29 4.64348e+42 0 0 1
1.91095e+06 1.27842e+37 1.27842e+37 1.29745e+37 1.29745e+37 1.29745e+37 3.39537e+35 2.47712e+34 0 8.43658e+27 4.64348e+42 0 0 1
2.20673e+06 9.55981e+36 9.55981e+36 9.69539e+36 9.69539e+36 9.69539e+36 2.53934e+35 2.48681e+34 0 7.86877e+25 4.64348e+42 0 0 1
2.5483e+06 7.14465e+36 7.14465e+36 7.24085e+36 7.24085e+36 7.24085e+36 1.89801e+35 2.49952e+34 0 3.63914e+23 4.64348e+42 0 0 1
2.94273e+06 5.33712e+36 5.33712e+36 5.40511e+36 5.40511e+36 5.40511e+36 1.41795e+35 2.51621e+34 0 7.48645e+20 4.64348e+42 0 0 1
3.39821e+06 3.98536e+36 3.98536e+36 4.03326e+36 4.03326e+36 4.03326e+36 1.05892e+35 2.53949e+34 0 6.0433e+17 4.64348e+42 0 0 1
3.92419e+06 2.97511e+36 2.97511e+36 3.00876e+36 3.00876e+36 3.00876e+36 7.90597e+34 2.56971e+34 0 1.65615e+14 4.64348e+42 0 0 1
4.53158e+06 2.22053e+36 2.22053e+36 2.2441e+36 2.2441e+36 2.2441e+36 5.90186e+34 2.60867e+34 0 1.30356e+10 4.64348e+42 0 0 1
5.23299e+06 1.65718e+36 1.65718e+36 1.67367e+36 1.67367e+36 1.67367e+36 4.40586e+34 2.65794e+34 0 242941 4.64348e+42 0 0 1
6.04296e+06 1.23677e+36 1.23677e+36 1.24829e+36 1.24829e+36 1.24829e+36 3.28978e+34 2.72327e+34 0 0.857763 4.64348e+42 0 0 1
6.97831e+06 9.23135e+35 9.23135e+35 9.31176e+35 9.31176e+35 9.31176e+35 2.45752e+34 2.80028e+34 0 4.43506e-07 4.64348e+42 0 0 1
8.05842e+06 6.89204e+35 6.89204e+35 6.94816e+35 6.94816e+35 6.94816e+35 1.83729e+34 2.89128e+34 0 2.49436e-14 4.64348e+42 0 0 1
9.30572e+06 5.14753e+35 5.14753e+35 5.18673e+35 5.18673e+35 5.18673e+35 1.37543e+34 2.99438e+34 0 1.08248e-22 4.64348e+42 0 0 1
1.07461e+07 3.84678e+35 3.84678e+35 3.87419e+35 3.87419e+35 3.87419e+35 1.032e+34 3.11789e+34 0 2.43823e-32 4.64348e+42 0 0 1
1.24094e+07 2.87696e+35 2.87696e+35 2.89617e+35 2.89617e+35 2.89617e+35 7.76932e+33 3.23925e+34 0 1.80328e-43 4.64348e+42 0 0 1
1.43301e+07 2.15395e+35 2.15395e+35 2.16745e+35 2.16745e+35 2.16745e+35 5.87952e+33 3.3578e+34 0 2.58076e-56 4.64348e+42 0 0 1
1.65482e+07 1.61501e+35 1.61501e+35 1.62453e+35 1.62453e+35 1.62453e+35 4.48413e+33 3.46787e+34 0 3.881e-71 4.64348e+42 0 0 1
1.91095e+07 1.21343e+35 1.21343e+35 1.22018e+35 1.22018e+35 1.22018e+35 3.46075e+33 3.56275e+34 0 3.02985e-88 4.64348e+42 0 0 1
2.20673e+07 9.14169e+34 9.14169e+34 9.18983e+34 9.18983e+34 9.18983e+34 2.71193e+33 3.6446e+34 0 5.43943e-108 4.64348e+42 0 0 1
2.5483e+07 6.91274e+34 6.91274e+34 6.94732e+34 6.94732e+34 6.94732e+34 2.16968e+33 3.70203e+34 0 8.7696e-131 4.64348e+42 0 0 1
2.94273e+07 5.25201e+34 5.25201e+34 5.27707e+34 5.27707e+34 5.27707e+34 1.77812e+33 3.70276e+34 0 4.28677e-157 4.64348e+42 0 0 1
3.39821e+07 4.01473e+34 4.01473e+34 4.03308e+34 4.03308e+34 4.03308e+34 1.4977e+33 3.63662e+34 0 1.81319e-187 4.64348e+42 0 0 1
3.92419e+07 3.09059e+34 3.09059e+34 3.10419e+34 3.10419e+34 3.10419e+34 1.29327e+33 3.50184e+34 0 1.55982e-222 4.64348e+42 0 0 1
4.53158e+07 2.40031e+34 2.40031e+34 2.41052e+34 2.41052e+34 2.41052e+34 1.14549e+33 3.32213e+34 0 5.12668e-263 4.64348e+42 0 0 1
5.23299e+07 1.88309e+34 1.88309e+34 1.89087e+34 1.89087e+34 1.89087e+34 1.03605e+33 3.11492e+34 0 0 4.64348e+42 0 0 1
6.04296e+07 1.49223e+34 1.49223e+34 1.49825e+34 1.49825e+34 1.49825e+34 9.48042e+32 2.85979e+34 0 0 4.64348e+42 0 0 1
6.97831e+07 1.19388e+34 1.19388e+34 1.1986e+34 1.1986e+34 1.1986e+34 8.71215e+32 2.56245e+34 0 0 4.64348e+42 0 0 1
8.05842e+07 9.63763e+33 9.63763e+33 9.6752e+33 9.6752e+33 9.6752e+33 8.00291e+32 2.22784e+34 0 0 4.64348e+42 0 0 1
9.30572e+07 7.83505e+33 7.83505e+33 7.86527e+33 7.86527e+33 7.86527e+33 7.30716e+32 1.86767e+34 0 0 4.64348e+42 0 0 1
1.07461e+08 6.39266e+33 6.39266e+33 6.41716e+33 6.41716e+33 6.41716e+33 6.58848e+32 1.50233e+34 0 0 4.64348e+42 21.2354 0 1
1.24094e+08 5.23792e+33 5.23792e+33 5.25793e+33 5.25793e+33 5.25793e+33 5.89232e+32 1.18916e+34 0 0 4.64348e+42 18.6556 0 1
1.43301e+08 4.29199e+33 4.29199e+33 4.3084e+33 4.3084e+33 4.3084e+33 5.19523e+32 9.24591e+33 0 0 4.64348e+42 16.3893 0 1
1.65482e+08 3.50375e+33 3.50375e+33 3.51719e+33 3.51719e+33 3.51719e+33 4.4984e+32 7.07449e+33 0 0 4.64348e+42 14.3982 0 1
1.91095e+08 2.82642e+33 2.82642e+33 2.83733e+33 2.83733e+33 2.83733e+33 3.78321e+32 5.27449e+33 0 0 4.64348e+42 12.6491 0 1
2.20673e+08 2.27084e+33 2.27084e+33 2.27968e+33 2.27968e+33 2.27968e+33 3.14364e+32 3.95306e+33 0 0 4.64348e+42 11.1124 0 1
2.5483e+08 1.80906e+33 1.80906e+33 1.81618e+33 1.81618e+33 1.81618e+33 2.56571e+32 2.92934e+33 0 0 4.64348e+42 9.76247 0 1
2.94273e+08 1.4272e+33 1.4272e+33 1.43289e+33 1.43289e+33 1.43289e+33 2.0556e+32 2.14677e+33 0 0 4.64348e+42 8.57649 0 1
3.39821e+08 1.10759e+33 1.10759e+33 1.11207e+33 1.11207e+33 1.11207e+33 1.60095e+32 1.54536e+33 0 0 4.64348e+42 7.86701 0 1
3.92419e+08 8.58453e+32 8.58453e+32 8.61979e+32 8.61979e+32 8.61979e+32 1.24298e+32 1.1306e+33 0 0 4.64348e+42 7.53459 0 1
4.53158e+08 6.60011e+32 6.60011e+32 6.62767e+32 6.62767e+32 6.62767e+32 9.51691e+31 8.23359e+32 0 0 4.64348e+42 7.21622 0 1
5.23299e+08 5.02801e+32 5.02801e+32 5.04938e+32 5.04938e+32 5.04938e+32 7.17255e+31 5.97118e+32 0 0 4.64348e+42 6.9113 0 1
6.04296e+08 3.80451e+32 3.80451e+32 3.82097e+32 3.82097e+32 3.82097e+32 5.34067e+31 4.28476e+32 0 0 4.64348e+42 6.61926 0 1
6.97831e+08 2.90053e+32 2.90053e+32 2.91332e+32 2.91332e+32 2.91332e+32 4.02418e+31 3.1381e+32 0 0 4.64348e+42 6.33957 0 1
8.05842e+08 2.20481e+32 2.20481e+32 2.21473e+32 2.21473e+32 2.21473e+32 3.01585e+31 2.29447e+32 0 0 4.64348e+42 6.07169 0 1
9.30572e+08 1.66986e+32 1.66986e+32 1.67751e+32 1.67751e+32 1.67751e+32 2.24551e+31 1.67363e+32 0 0 4.64348e+42 5.81513 0 1
1.07461e+09 1.25609e+32 1.25609e+32 1.26197e+32 1.26197e+32 1.26197e+32 1.65189e+31 1.2035e+32 0 0 4.64348e+42 5.83609 0 1
1.24094e+09 9.55269e+31 9.55269e+31 9.59825e+31 9.59825e+31 9.59825e+31 1.23995e+31 8.85488e+31 0 0 4.64348e+42 6.13758 0 1
1.43301e+09 7.26288e+31 7.26288e+31 7.29822e+31 7.29822e+31 7.29822e+31 9.31754e+30 6.49762e+31 0 0 4.64348e+42 6.45464 0 1
1.65482e+09 5.50534e+31 5.50534e+31 5.53266e+31 5.53266e+31 5.53266e+31 6.97892e+30 4.75353e+31 0 0 4.64348e+42 6.78808 0 1
1.91095e+09 4.14101e+31 4.14101e+31 4.16198e+31 4.16198e+31 4.16198e+31 5.16752e+30 3.42063e+31 0 0 4.64348e+42 7.13875 0 1
2.20673e+09 3.13906e+31 3.13906e+31 3.15527e+31 3.15527e+31 3.15527e+31 3.89669e+30 2.52228e+31 0 0 4.64348e+42 7.50753 0 1
2.5483e+09 2.37007e+31 2.37007e+31 2.38255e+31 2.38255e+31 2.38255e+31 2.92895e+30 1.85469e+31 0 0 4.64348e+42 7.89536 0 1
2.94273e+09 1.78057e+31 1.78057e+31 1.79014e+31 1.79014e+31 1.79014e+31 2.19101e+30 1.35945e+31 0 0 4.64348e+42 8.30323 0 1
3.39821e+09 1.32301e+31 1.32301e+31 1.33026e+31 1.33026e+31 1.33026e+31 1.61219e+30 9.80128e+30 0 0 4.64348e+42 8.73217 0 1
3.92419e+09 9.90792e+30 9.90792e+30 9.96324e+30 9.96324e+30 9.96324e+30 1.20976e+30 7.23244e+30 0 0 4.64348e+42 9.18326 0 1
4.53158e+09 7.39235e+30 7.39235e+30 7.43442e+30 7.43442e+30 7.43442e+30 9.04796e+29 5.31785e+30 0 0 4.64348e+42 9.65766 0 1
5.23299e+09 5.49691e+30 5.49691e+30 5.52879e+30 5.52879e+30 5.52879e+30 6.74432e+29 3.89422e+30 0 0 4.64348e+42 10.1566 0 1
6.04296e+09 4.04434e+30 4.04434e+30 4.06824e+30 4.06824e+30 4.06824e+30 4.93722e+29 2.80728e+30 0 0 4.64348e+42 10.6812 0 1
6.97831e+09 3.00716e+30 3.00716e+30 3.02526e+30 3.02526e+30 3.02526e+30 3.6947e+29 2.0693e+30 0 0 4.64348e+42 11.233 0 1
8.05842e+09 2.231e+30 2.231e+30 2.24467e+30 2.24467e+30 2.24467e+30 2.75644e+29 1.52116e+30 0 0 4.64348e+42 11.8133 0 1
9.30572e+09 1.649e+30 1.649e+30 1.6593e+30 1.6593e+30 1.6593e+30 2.04417e+29 1.1151e+30 0 0 4.64348e+42 12.4236 0 1
1.07461e+10 1.20541e+30 1.20541e+30 1.21323e+30 1.21323e+30 1.21323e+30 1.489e+29 8.06413e+29 0 0 4.64348e+42 13.9395 0 1
1.24094e+10 8.73493e+29 8.73493e+29 8.80177e+29 8.80177e+29 8.80177e+29 1.09014e+29 5.96422e+29 0 0 4.64348e+42 16.6868 0 1
1.43301e+10 5.7562e+29 5.7562e+29 5.83735e+29 5.83735e+29 5.83735e+29 7.65032e+28 4.40014e+29 0 0 4.64348e+42 19.9755 0 1
1.65482e+10 2.81104e+29 2.81104e+29 2.9351e+29 2.9351e+29 2.9351e+29 5.20729e+28 3.23633e+29 0 0 4.64348e+42 23.9123 0 1
1.91095e+10 8.47675e+28 8.47675e+28 9.85632e+28 9.85632e+28 9.85632e+28 3.57871e+28 2.34081e+29 0 0 4.64348e+42 28.6251 0 1
2.20673e+10 1.70977e+28 1.70977e+28 2.7534e+28 2.7534e+28 2.7534e+28 2.59393e+28 1.73247e+29 0 0 4.64348e+42 34.2667 34.7254 1
2.5483e+10 2.12454e+27 2.12454e+27 7.83319e+27 7.83319e+27 7.83319e+27 1.89894e+28 1.27801e+29 0 0 4.64348e+42 41.0201 22.9578 1
2.94273e+10 1.08946e+26 1.08946e+26 2.4513e+27 2.4513e+27 2.4513e+27 1.39247e+28 9.39509e+28 0 0 4.64348e+42 49.1046 15.5417 1
3.39821e+10 1.18763e+24 1.18763e+24 8.47207e+26 8.47207e+26 8.47207e+26 1.00361e+28 6.78136e+28 0 0 4.64348e+42 58.7824 10.7604 1
3.92419e+10 1.28684e+21 1.28684e+21 3.28228e+26 3.28228e+26 3.28228e+26 7.43431e+27 5.01977e+28 0 0 4.64348e+42 70.3675 7.61059 1
4.53158e+10 6.50955e+16 6.50955e+16 1.39068e+26 1.39068e+26 1.39068e+26 5.49648e+27 3.70667e+28 0 0 4.64348e+42 84.2359 5.49245 1
5.23299e+10 9.13246e+10 9.13246e+10 6.37462e+25 6.37462e+25 6.37462e+25 4.05766e+27 2.72944e+28 0 0 4.64348e+42 100.837 4.04008 1
6.04296e+10 3018.96 3018.96 3.10591e+25 3.10591e+25 3.10591e+25 2.94608e+27 1.97315e+28 0 0 4.64348e+42 120.711 3.02568 1
6.97831e+10 3.16827e-06 3.16827e-06 1.62824e+25 1.62824e+25 1.62824e+25 2.19521e+27 1.46426e+28 0 0 4.64348e+42 144.501 2.3047 1
8.05842e+10 2.06521e-16 2.06521e-16 8.98201e+24 8.98201e+24 8.98201e+24 1.63134e+27 1.08408e+28 0 0 4.64348e+42 172.98 1.78376 1
9.30572e+10 2.26298e-27 2.26298e-27 5.17521e+24 5.17521e+24 5.17521e+24 1.20899e+27 8.0032e+27 0 0 4.64348e+42 207.072 1.40144 1
1.07461e+11 1.32774e-38 1.32774e-38 3.06724e+24 3.06724e+24 3.06724e+24 8.79077e+26 5.79505e+27 0 0 4.64348e+42 247.883 1.11671 1
1.24094e+11 1.40797e-49 1.40797e-49 1.90257e+24 1.90257e+24 1.90257e+24 6.54807e+26 4.30642e+27 0 0 4.64348e+42 296.737 0.901709 1
1.43301e+11 7.95303e-60 7.95303e-60 1.21168e+24 1.21168e+24 1.21168e+24 4.86068e+26 3.19128e+27 0 0 4.64348e+42 355.22 0.737233 1
1.65482e+11 5.92936e-69 5.92936e-69 7.88926e+23 7.88926e+23 7.88926e+23 3.59417e+26 2.35712e+27 0 0 4.64348e+42 425.228 0.609868 1
1.91095e+11 1.12981e-76 1.12981e-76 5.18506e+23 5.18506e+23 5.18506e+23 2.60615e+26 1.70636e+27 0 0 4.64348e+42 509.034 0.510106 1
2.20673e+11 8.57929e-83 8.57929e-83 3.51947e+23 3.51947e+23 3.51947e+23 1.93711e+26 1.26779e+27 0 0 4.64348e+42 609.357 0.431129 1
2.5483e+11 3.06025e-87 3.06025e-87 2.4229e+23 2.4229e+23 2.4229e+23 1.43518e+26 9.39169e+26 0 0 4.64348e+42 729.453 0.367983 1
2.94273e+11 4.99417e-90 4.99417e-90 1.6886e+23 1.6886e+23 1.6886e+23 1.05978e+26 6.93372e+26 0 0 4.64348e+42 873.217 0.317029 1
3.39821e+11 3.04528e-91 3.04528e-91 1.17691e+23 1.17691e+23 1.17691e+23 7.6777e+25 5.01579e+26 0 0 4.64348e+42 0 0.275565 1
3.92419e+11 5.22391e-91 5.22392e-91 8.43604e+22 8.43604e+22 8.43604e+22 5.70432e+25 3.72445e+26 0 0 4.64348e+42 0 0.241562 1
4.53158e+11 1.67258e-89 1.67258e-89 6.10165e+22 6.10165e+22 6.10165e+22 4.22485e+25 2.75717e+26 0 0 4.64348e+42 0 0.213483 1
5.23299e+11 6.4731e-87 6.4731e-87 4.44983e+22 4.44983e+22 4.44983e+22 3.11872e+25 2.03396e+26 0 0 4.64348e+42 0 0.190154 1
6.04296e+11 1.91329e-83 1.91329e-83 3.22904e+22 3.22904e+22 3.22904e+22 2.25773e+25 1.46976e+26 0 0 4.64348e+42 0 0.170669 1
6.97831e+11 2.89231e-79 2.89232e-79 2.41156e+22 2.41156e+22 2.41156e+22 1.67651e+25 1.09031e+26 0 0 4.64348e+42 0 0.154323 1
8.05842e+11 1.45662e-74 1.45662e-74 1.81388e+22 1.81388e+22 1.81388e+22 1.24093e+25 8.06255e+25 0 0 4.64348e+42 0 0.140565 1
9.30572e+11 1.68975e-69 1.68975e-69 1.37326e+22 1.37326e+22 1.37326e+22 9.15403e+24 5.94036e+25 0 0 4.64348e+42 0 0.12896 1
1.07461e+12 3.21707e-64 3.21707e-64 1.03081e+22 1.03081e+22 1.03081e+22 6.61966e+24 4.28565e+25 0 0 4.64348e+42 0 0.119166 1
1.24094e+12 7.91857e-59 7.91857e-59 7.97445e+21 7.97445e+21 7.97445e+21 4.91105e+24 3.17452e+25 0 0 4.64348e+42 0 0.110908 1
1.43301e+12 1.94978e-53 1.94978e-53 6.20012e+21 6.20012e+21 6.20012e+21 3.63141e+24 2.34363e+25 0 0 4.64348e+42 0 0.103969 1
1.65482e+12 3.97577e-48 3.97578e-48 4.84042e+21 4.84042e+21 4.84042e+21 2.67574e+24 1.72356e+25 0 0 4.64348e+42 0 0.098177 1
1.91095e+12 5.69257e-43 5.69258e-43 3.73201e+21 3.73201e+21 3.73201e+21 1.93193e+24 1.24055e+25 0 0 4.64348e+42 0 0.0933933 1
2.20673e+12 5.33284e-38 5.33285e-38 2.96463e+21 2.96463e+21 2.96463e+21 1.43126e+24 9.16927e+24 0 0 4.64348e+42 0 0.0895108 1
2.5483e+12 2.92859e-33 2.92859e-33 2.36009e+21 2.36009e+21 2.36009e+21 1.05668e+24 6.75306e+24 0 0 4.64348e+42 0 0.0864461 1
2.94273e+12 8.90799e-29 8.908e-29 1.88123e+21 1.88123e+21 1.88123e+21 7.77266e+23 4.95315e+24 0 0 4.64348e+42 0 0.0841374 1
3.39821e+12 1.42571e-24 1.42571e-24 1.47551e+21 1.47551e+21 1.47551e+21 5.59919e+23 3.55304e+24 0 0 4.64348e+42 0 0.082541 1
3.92419e+12 1.23601e-20 1.23601e-20 1.19123e+21 1.19123e+21 1.19123e+21 4.13961e+23 2.61804e+24 0 0 4.64348e+42 0 0.08163 1
4.53158e+12 5.62708e-17 5.62709e-17 9.6147e+20 9.6147e+20 9.6147e+20 3.04926e+23 1.92157e+24 0 0 4.64348e+42 0 0.0813928 1
5.23299e+12 1.35688e-13 1.35688e-13 7.75311e+20 7.75311e+20 7.75311e+20 2.23733e+23 1.40409e+24 0 0 4.64348e+42 0 0.0818329 1
6.04296e+12 1.73236e-10 1.73236e-10 6.13516e+20 6.13516e+20 6.13516e+20 1.60645e+23 1.00237e+24 0 0 4.64348e+42 0 0.0829683 1
6.97831e+12 1.25696e-07 1.25696e-07 4.99402e+20 4.99402e+20 4.99402e+20 1.18416e+23 7.35378e+23 0 0 4.64348e+42 0 0.0848322 1
8.05842e+12 5.17201e-05 5.17202e-05 4.05749e+20 4.05749e+20 4.05749e+20 8.69423e+22 5.37164e+23 0 0 4.64348e+42 0 0.0874729 1
9.30572e+12 0.0124396 0.0124396 3.28872e+20 3.28872e+20 3.28872e+20 6.35626e+22 3.90436e+23 0 0 4.64348e+42 0 0.0909553 1
1.07461e+13 1.77332 1.77332 2.61031e+20 2.61031e+20 2.61031e+20 4.54275e+22 2.76857e+23 0 0 4.64348e+42 0 0.0953611 1
1.24094e+13 162.67 162.67 2.13089e+20 2.13089e+20 2.13089e+20 3.33459e+22 2.01886e+23 0 0 4.64348e+42 0 0.10079 1
1.43301e+13 9621.52 9621.53 1.73429e+20 1.73429e+20 1.73429e+20 2.43703e+22 1.46495e+23 0 0 4.64348e+42 0 0.10736 1
1.65482e+13 378903 378903 1.40656e+20 1.40656e+20 1.40656e+20 1.77264e+22 1.05705e+23 0 0 4.64348e+42 0 0.115206 1
1.91095e+13 1.00561e+07 1.00561e+07 1.11489e+20 1.11489e+20 1.11489e+20 1.25867e+22 7.4259e+22 0 0 4.64348e+42 0 0.12448 1
2.20673e+13 1.95155e+08 1.95155e+08 9.09107e+19 9.09107e+19 9.09107e+19 9.18516e+21 5.37018e+22 0 0 4.64348e+42 0 0.135345 1
2.5483e+13 2.75954e+09 2.75955e+09 7.38354e+19 7.38354e+19 7.38354e+19 6.66978e+21 3.86156e+22 0 0 4.64348e+42 0 0.147968 1
2.94273e+13 2.92002e+10 2.92003e+10 5.9699e+19 5.9699e+19 5.9699e+19 4.81736e+21 2.7588e+22 0 0 4.64348e+42 0 0.162507 1
3.39821e+13 2.32293e+11 2.32294e+11 4.70624e+19 4.70624e+19 4.70624e+19 3.38966e+21 1.91338e+22 0 0 4.64348e+42 0 0.179093 1
3.92419e+13 1.50216e+12 1.50217e+12 3.81955e+19 3.81955e+19 3.81955e+19 2.45368e+21 1.36821e+22 0 0 4.64348e+42 0 0.197804 1
4.53158e+13 7.80143e+12 7.80151e+12 3.0844e+19 3.0844e+19 3.0844e+19 1.76603e+21 9.71844e+21 0 0 4.64348e+42 0 0.218621 1
5.23299e+13 3.31894e+13 3.31899e+13 2.4769e+19 2.4769e+19 2.4769e+19 1.26324e+21 6.85055e+21 0 0 4.64348e+42 0 0.241387 1
6.04296e+13 1.15187e+14 1.15189e+14 1.93338e+19 1.93338e+19 1.93338e+19 8.77791e+20 4.6689e+21 0 0 4.64348e+42 0 0.265741 1
6.97831e+13 3.51843e+14 3.51851e+14 1.55564e+19 1.55564e+19 1.55564e+19 6.28421e+20 3.28843e+21 0 0 4.64348e+42 0 0.291055 1
8.05842e+13 9.26302e+14 9.26327e+14 1.24391e+19 1.24391e+19 1.24391e+19 4.46882e+20 2.29765e+21 0 0 4.64348e+42 0 0.316368 1
9.30572e+13 2.13075e+15 2.13082e+15 9.878e+18 9.878e+18 9.878e+18 3.15464e+20 1.59077e+21 0 0 4.64348e+42 0 0.340344 1
1.07461e+14 4.22833e+15 4.2285e+15 7.59233e+18 7.59233e+18 7.59233e+18 2.15464e+20 1.05871e+21 0 0 4.64348e+42 0 0 1
1.24094e+14 7.81661e+15 7.81705e+15 6.02753e+18 6.02753e+18 6.02753e+18 1.51959e+20 7.30748e+20 0 0 4.64348e+42 0 0 1
1.43301e+14 1.30696e+16 1.30709e+16 4.74793e+18 4.74793e+18 4.74793e+18 1.06311e+20 4.99494e+20 0 0 4.64348e+42 0 0 1
1.65482e+14 1.9939e+16 1.99432e+16 3.70755e+18 3.70755e+18 3.70755e+18 7.37177e+19 3.37631e+20 0 0 4.64348e+42 0 0 1
1.91095e+14 2.7172e+16 2.71837e+16 2.78543e+18 2.78543e+18 2.78543e+18 4.91765e+19 2.17567e+20 0 0 4.64348e+42 0 0 1
2.20673e+14 3.58956e+16 3.59258e+16 2.16801e+18 2.16801e+18 2.16801e+18 3.3987e+19 1.46179e+20 0 0 4.64348e+42 0 0 1
2.5483e+14 4.42375e+16 4.43052e+16 1.67061e+18 1.67061e+18 1.67061e+18 2.3258e+19 9.70418e+19 0 0 4.64348e+42 0 0 1
2.94273e+14 5.11236e+16 5.12549e+16 1.27308e+18 1.27308e+18 1.27308e+18 1.57438e+19 6.35382e+19 0 0 4.64348e+42 0 0 1
3.39821e+14 5.37279e+16 5.39431e+16 9.25118e+17 9.25118e+17 9.25118e+17 1.01669e+19 3.91772e+19 0 0 4.64348e+42 0 0 1
3.92419e+14 5.6328e+16 5.66573e+16 6.99638e+17 6.99638e+17 6.99638e+17 6.83695e+18 2.53959e+19 0 0 4.64348e+42 0 0 1
4.53158e+14 5.61244e+16 5.65767e+16 5.22188e+17 5.22188e+17 5.22188e+17 4.54112e+18 1.62172e+19 0 0 4.64348e+42 0 0 1
5.23299e+14 5.32918e+16 5.38547e+16 3.84072e+17 3.84072e+17 3.84072e+17 2.97545e+18 1.0178e+19 0 0 4.64348e+42 0 0 1
6.04296e+14 4.62152e+16 4.68273e+16 2.65775e+17 2.65775e+17 2.65775e+17 1.83674e+18 5.90607e+18 0 0 4.64348e+42 0 0 1
6.97831e+14 4.09069e+16 4.15605e+16 1.92719e+17 1.92719e+17 1.92719e+17 1.19009e+18 3.65007e+18 0 0 4.64348e+42 0 0 1
8.05842e+14 3.47506e+16 3.53982e+16 1.37269e+17 1.37269e+17 1.37269e+17 7.5903e+17 2.21356e+18 0 0 4.64348e+42 0 0 1
9.30572e+14 2.83528e+16 2.89509e+16 9.58494e+16 9.58494e+16 9.58494e+16 4.7578e+17 1.31326e+18 0 0 4.64348e+42 0 0 1
1.07461e+15 2.09295e+16 2.14166e+16 6.16569e+16 6.16569e+16 6.16569e+16 2.75588e+17 7.00257e+17 0 0 4.64348e+42 0 0 1
1.24094e+15 1.61057e+16 1.65098e+16 4.20092e+16 4.20092e+16 4.20092e+16 1.69691e+17 4.06086e+17 0 0 4.64348e+42 0 0 1
1.43301e+15 1.19211e+16 1.2237e+16 2.792e+16 2.792e+16 2.792e+16 1.02358e+17 2.29931e+17 0 0 4.64348e+42 0 0 1
1.65482e+15 8.47942e+15 8.71253e+15 1.80537e+16 1.80537e+16 1.80537e+16 6.03694e+16 1.26599e+17 0 0 4.64348e+42 0 0 1
1.91095e+15 5.31495e+15 5.46415e+15 1.04001e+16 1.04001e+16 1.04001e+16 3.19017e+16 5.98993e+16 0 0 4.64348e+42 0 0 1
2.20673e+15 3.55847e+15 3.65904e+15 6.46132e+15 6.46132e+15 6.46132e+15 1.82981e+16 3.19025e+16 0 0 4.64348e+42 0 0 1
2.5483e+15 2.28177e+15 2.34589e+15 3.87745e+15 3.87745e+15 3.87745e+15 1.02105e+16 1.64872e+16 0 0 4.64348e+42 0 0 1
2.94273e+15 1.39917e+15 1.43782e+15 2.24196e+15 2.24196e+15 2.24196e+15 5.5328e+15 8.22307e+15 0 0 4.64348e+42 0 0 1
3.39821e+15 7.19312e+14 7.38654e+14 1.09409e+15 1.09409e+15 1.09409e+15 2.55188e+15 3.27489e+15 0 0 4.64348e+42 0 0 1
3.92419e+15 4.0984e+14 4.20472e+14 5.9524e+14 5.9524e+14 5.9524e+14 1.32381e+15 1.5556e+15 0 0 4.64348e+42 0 0 1
4.53158e+15 2.21609e+14 2.27111e+14 3.08945e+14 3.08945e+14 3.08945e+14 6.61181e+14 7.11674e+14 0 0 4.64348e+42 0 0 1
5.23299e+15 1.1371e+14 1.16393e+14 1.52872e+14 1.52872e+14 1.52872e+14 3.17759e+14 3.11334e+14 0 0 4.64348e+42 0 0 1
6.04296e+15 4.49236e+13 4.59245e+13 5.8483e+13 5.8483e+13 5.8483e+13 1.19167e+14 9.59952e+13 0 0 4.64348e+42 0 0 1
6.97831e+15 2.09679e+13 2.14065e+13 2.65295e+13 2.65295e+13 2.65295e+13 5.34596e+13 3.89668e+13 0 0 4.64348e+42 0 0 1
8.05842e+15 9.15378e+12 9.33263e+12 1.12929e+13 1.12929e+13 1.12929e+13 2.26949e+13 1.51111e+13 0 0 4.64348e+42 0 0 1
9.30572e+15 3.75226e+12 3.82043e+12 4.52672e+12 4.52672e+12 4.52672e+12 9.14352e+12 5.5561e+12 0 0 4.64348e+42 0 0 1
1.07461e+16 1.03029e+12 1.04762e+12 1.21857e+12 1.21857e+12 1.21857e+12 2.49181e+12 1.14697e+12 0 0 4.64348e+42 0 0 1
1.24094e+16 3.72254e+11 3.7803e+11 4.32637e+11 4.32637e+11 4.32637e+11 9.01103e+11 3.70654e+11 0 0 4.64348e+42 0 0 1
1.43301e+16 1.22185e+11 1.23928e+11 1.39821e+11 1.39821e+11 1.39821e+11 2.98246e+11 1.13399e+11 0 0 4.64348e+42 0 0 1
1.65482e+16 3.65418e+10 3.70196e+10 4.12475e+10 4.12475e+10 4.12475e+10 9.05233e+10 3.30733e+10 0 0 4.64348e+42 0 0 1
1.91095e+16 5.99311e+09 6.06473e+09 6.68351e+09 6.68351e+09 6.68351e+09 1.51516e+10 3.58111e+09 0 0 4.64348e+42 0 0 1
2.20673e+16 1.51704e+09 1.53356e+09 1.67381e+09 1.67381e+09 1.67381e+09 3.93094e+09 8.09594e+08 0 0 4.64348e+42 0 0 1
2.5483e+16 3.29143e+08 3.32405e+08 3.59749e+08 3.59749e+08 3.59749e+08 8.77356e+08 1.68045e+08 0 0 4.64348e+42 0 0 1
2.94273e+16 5.91043e+07 5.96359e+07 6.40649e+07 6.40649e+07 6.40649e+07 1.62552e+08 3.4023e+07 0 0 4.64348e+42 0 0 1
3.39821e+16 4.48e+06 4.51651e+06 4.82051e+06 4.82051e+06 4.82051e+06 1.27441e+07 1.46798e+06 0 0 4.64348e+42 0 0 1
3.92419e+16 647829 652602 692577 692577 692577 1.9087e+06 184839 0 0 4.64348e+42 0 0 1
4.53158e+16 72702.3 73186 77283 77283 77283 222123 19168.6 0 0 4.64348e+42 0 0 1
5.23299e+16 5732.02 5766.4 6062.73 6062.73 6062.73 18175 1904.13 0 0 4.64348e+42 0 0 1
6.04296e+16 118.711 119.352 125.008 125.008 125.008 391.017 22.9574 0 0 4.64348e+42 0 0 1
6.97831e+16 6.4386 6.46985 6.75394 6.75394 6.75394 22.0177 0.977486 0 0 4.64348e+42 0 0 1
8.05842e+16 0.167502 0.168232 0.175109 0.175109 0.175109 0.5944 0.0161721 0 0 4.64348e+42 0 0 1
9.30572e+16 0 0 0 0 0 0 0 0 0 4.64348e+42 0 0 1