
1.07461e-07 0 0 2.68016e+53 3.35092e+53 3.25849e+57 5.13901e+56 0 1.15079e+47 0 4.64348e+42 0 0 1
1.24094e-07 0 0 3.12619e+53 3.79329e+53 2.56074e+57 4.48067e+56 0 1.32892e+47 0 4.64348e+42 0 0 1
1.43301e-07 0 0 3.64319e+53 4.30749e+53 1.99402e+57 3.90414e+56 0 1.53461e+47 0 4.64348e+42 0 0 1
1.65482e-07 0 0 4.24605e+53 4.90883e+53 1.53782e+57 3.39925e+56 0 1.77214e+47 0 4.64348e+42 0 0 1
1.91095e-07 0 0 4.95386e+53 5.61685e+53 1.17413e+57 2.95713e+56 0 2.04643e+47 0 4.64348e+42 0 0 1
2.20673e-07 0 0 5.79136e+53 6.45681e+53 8.87142e+56 2.57008e+56 0 2.36318e+47 0 4.64348e+42 0 0 1
2.5483e-07 0 0 6.79097e+53 7.4617e+53 6.63126e+56 2.23141e+56 0 2.72896e+47 0 4.64348e+42 0 0 1
2.94273e-07 6.33599e-232 6.33599e-232 7.99575e+53 8.67526e+53 4.90259e+56 1.93524e+56 0 3.15136e+47 8.26778e-236 4.64348e+42 0 0 1
3.39821e-07 1.71859e-157 1.71859e-157 9.46372e+53 1.01563e+54 3.58452e+56 1.67643e+56 0 3.63913e+47 1.64076e-161 4.64348e+42 0 0 1
3.92419e-07 1.8911e-102 1.8911e-102 1.12743e+54 1.19854e+54 2.59198e+56 1.45044e+56 0 4.2024e+47 1.31238e-106 4.64348e+42 0 0 1
4.53158e-07 9.67312e-62 9.67312e-62 1.35379e+54 1.42743e+54 1.85413e+56 1.25327e+56 0 4.85286e+47 4.84114e-66 4.64348e+42 0 0 1
5.23299e-07 1.26351e-31 1.26351e-31 1.64115e+54 1.71817e+54 1.31274e+56 1.08139e+56 0 5.60399e+47 4.51715e-36 4.64348e+42 0 0 1
6.04296e-07 2.45154e-09 2.45154e-09 2.01213e+54 2.09366e+54 9.20703e+55 9.31718e+55 0 6.47139e+47 6.19036e-14 4.64348e+42 0 0 1
6.97831e-07 7.81721e+07 7.81721e+07 2.50012e+54 2.58761e+54 6.40495e+55 8.01518e+55 0 7.47305e+47 1375.7 4.64348e+42 0 0 1
8.05842e-07 1.32905e+20 1.32905e+20 3.15518e+54 3.25057e+54 4.42719e+55 6.88393e+55 0 8.62974e+47 1.60491e+15 4.64348e+42 0 0 1
9.30572e-07 1.57729e+29 1.57729e+29 4.05105e+54 4.1569e+54 3.04758e+55 5.90228e+55 0 9.96546e+47 1.28463e+24 4.64348e+42 0 0 1
1.07461e-06 8.58645e+35 8.58645e+35 5.20133e+54 5.31881e+54 2.09525e+55 5.05162e+55 0 1.15079e+48 4.71664e+30 4.64348e+42 0 0 1
1.24094e-06 8.0349e+40 8.0349e+40 6.14433e+54 6.26433e+54 1.44351e+55 4.31556e+55 0 1.32892e+48 3.23548e+35 4.64348e+42 0 0 1
1.43301e-06 3.38539e+44 3.38539e+44 6.19448e+54 6.29911e+54 1.00021e+55 3.67964e+55 0 1.53461e+48 1.17095e+39 4.64348e+42 0 0 1
1.65482e-06 1.40459e+47 1.40459e+47 5.41133e+54 5.49039e+54 6.99591e+54 3.13117e+55 0 1.77214e+48 4.81592e+41 4.64348e+42 0 0 1
1.91095e-06 1.06817e+49 1.06817e+49 4.32391e+54 4.37857e+54 4.95557e+54 2.65895e+55 0 2.04643e+48 3.96916e+43 4.64348e+42 0 0 1
2.20673e-06 2.37162e+50 2.37162e+50 3.30978e+54 3.34597e+54 3.5637e+54 2.25313e+55 0 2.36318e+48 9.96964e+44 4.64348e+42 0 0 1
2.5483e-06 2.15706e+51 2.15706e+51 2.49793e+54 2.52157e+54 2.60518e+54 1.90507e+55 0 2.72896e+48 1.04044e+46 4.64348e+42 0 0 1
2.94273e-06 1.02611e+52 1.02611e+52 1.88725e+54 1.90271e+54 1.93614e+54 1.60715e+55 0 3.15135e+48 5.67278e+46 4.64348e+42 0 0 1
3.39821e-06 3.04444e+52 3.04444e+52 1.43708e+54 1.44727e+54 1.46136e+54 1.3527e+55 0 3.63912e+48 1.91408e+47 4.64348e+42 0 0 1
3.92419e-06 6.39812e+52 6.39812e+52 1.10515e+54 1.11193e+54 1.11821e+54 1.13585e+55 0 4.20239e+48 4.52966e+47 4.64348e+42 0 0 1
4.53158e-06 1.0444e+53 1.0444e+53 8.58031e+53 8.62587e+53 8.65528e+53 9.51489e+54 0 4.85285e+48 8.24701e+47 4.64348e+42 0 0 1
5.23299e-06 1.416e+53 1.416e+53 6.7165e+53 6.74738e+53 6.76167e+53 7.95113e+54 0 5.60398e+48 1.23695e+48 4.64348e+42 0 0 1
6.04296e-06 1.6745e+53 1.6745e+53 5.29212e+53 5.31318e+53 5.32031e+53 6.62805e+54 0 6.47137e+48 1.60764e+48 4.64348e+42 0 0 1
6.97831e-06 1.7901e+53 1.7901e+53 4.19063e+53 4.20507e+53 4.20869e+53 5.51141e+54 0 7.47302e+48 1.87946e+48 4.64348e+42 0 0 1
8.05842e-06 1.77603e+53 1.77603e+53 3.33046e+53 3.3404e+53 3.34225e+53 4.57146e+54 0 8.6297e+48 2.03179e+48 4.64348e+42 0 0 1
9.30572e-06 1.66719e+53 1.66719e+53 2.65352e+53 2.66037e+53 2.66133e+53 3.78231e+54 0 9.96541e+48 2.07299e+48 4.64348e+42 0 0 1
1.07461e-05 1.50195e+53 1.50195e+53 2.11762e+53 2.12235e+53 2.12285e+53 3.12154e+54 0 1.15079e+49 2.02647e+48 4.64348e+42 0 0 1
1.24094e-05 1.3122e+53 1.3122e+53 1.69153e+53 1.6948e+53 1.69506e+53 2.56977e+54 0 1.32891e+49 1.91935e+48 4.64348e+42 0 0 1
1.43301e-05 1.12037e+53 1.12037e+53 1.3517e+53 1.35396e+53 1.35409e+53 2.11026e+54 0 1.5346e+49 1.77589e+48 4.64348e+42 0 0 1
1.65482e-05 9.4017e+52 9.4017e+52 1.0801e+53 1.08166e+53 1.08173e+53 1.72863e+54 0 1.77212e+49 1.61502e+48 4.64348e+42 0 0 1
1.91095e-05 7.78646e+52 7.78646e+52 8.62739e+52 8.63824e+52 8.63859e+52 1.41256e+54 0 2.04641e+49 1.45009e+48 4.64348e+42 0 0 1
2.20673e-05 6.38399e+52 6.38399e+52 6.88676e+52 6.89425e+52 6.89443e+52 1.15148e+54 0 2.36315e+49 1.28977e+48 4.64348e+42 0 0 1
2.5483e-05 5.19323e+52 5.19323e+52 5.49254e+52 5.49772e+52 5.49781e+52 9.36418e+53 0 2.72892e+49 1.13919e+48 4.64348e+42 0 0 1
2.94273e-05 4.19846e+52 4.19846e+52 4.37602e+52 4.37959e+52 4.37964e+52 7.59731e+53 0 3.1513e+49 1.00103e+48 4.64348e+42 0 0 1
3.39821e-05 3.37732e+52 3.37732e+52 3.48233e+52 3.48479e+52 3.48481e+52 6.14955e+53 0 3.63906e+49 8.76268e+47 4.64348e+42 0 0 1
3.92419e-05 2.70559e+52 2.70559e+52 2.76752e+52 2.76922e+52 2.76924e+52 4.96634e+53 0 4.20231e+49 7.649e+47 4.64348e+42 0 0 1
4.53158e-05 2.15994e+52 2.15994e+52 2.19638e+52 2.19754e+52 2.19755e+52 4.0018e+53 0 4.85273e+49 6.66298e+47 4.64348e+42 0 0 1
5.23299e-05 1.71913e+52 1.71913e+52 1.74052e+52 1.74131e+52 1.74132e+52 3.21747e+53 0 5.60382e+49 5.79513e+47 4.64348e+42 0 0 1
6.04296e-05 1.3646e+52 1.3646e+52 1.37713e+52 1.37767e+52 1.37768e+52 2.58125e+53 0 6.47116e+49 5.03459e+47 4.64348e+42 0 0 1
6.97831e-05 1.08053e+52 1.08053e+52 1.08785e+52 1.08823e+52 1.08823e+52 2.0664e+53 0 7.47274e+49 4.37018e+47 4.64348e+42 0 0 1
8.05842e-05 8.5364e+51 8.5364e+51 8.57914e+51 8.58169e+51 8.5817e+51 1.65073e+53 0 8.62934e+49 3.79109e+47 4.64348e+42 0 0 1
9.30572e-05 6.72933e+51 6.72933e+51 6.75421e+51 6.75596e+51 6.75596e+51 1.31591e+53 0 9.96493e+49 3.28723e+47 4.64348e+42 0 0 1
0.000107461 5.29373e+51 5.29373e+51 5.30819e+51 5.30938e+51 5.30938e+51 1.04682e+53 0 1.15072e+50 2.84937e+47 4.64348e+42 0 0 1
0.000124094 4.15593e+51 4.15593e+51 4.16432e+51 4.16512e+51 4.16512e+51 8.31026e+52 0 1.32882e+50 2.46921e+47 4.64348e+42 0 0 1
0.000143301 3.25615e+51 3.25615e+51 3.26101e+51 3.26156e+51 3.26156e+51 6.58348e+52 0 1.53448e+50 2.13937e+47 4.64348e+42 0 0 1
0.000165482 2.54613e+51 2.54613e+51 2.54893e+51 2.5493e+51 2.5493e+51 5.20467e+52 0 1.77197e+50 1.85334e+47 4.64348e+42 0 0 1
0.000191095 1.987e+51 1.987e+51 1.98862e+51 1.98887e+51 1.98887e+51 4.10604e+52 0 2.04621e+50 1.60539e+47 4.64348e+42 0 0 1
0.000220673 1.54761e+51 1.54761e+51 1.54854e+51 1.54871e+51 1.54871e+51 3.2325e+52 0 2.36288e+50 1.3905e+47 4.64348e+42 0 0 1
0.00025483 1.203e+51 1.203e+51 1.20354e+51 1.20365e+51 1.20365e+51 2.53939e+52 0 2.72856e+50 1.20432e+47 4.64348e+42 0 0 1
0.000294273 9.33286e+50 9.33286e+50 9.33593e+50 9.33669e+50 9.33669e+50 1.9906e+52 0 3.15082e+50 1.04302e+47 4.64348e+42 0 0 1
0.000339821 7.22605e+50 7.22605e+50 7.22781e+50 7.22832e+50 7.22832e+50 1.55701e+52 0 3.63841e+50 9.03292e+46 4.64348e+42 0 0 1
0.000392419 5.58373e+50 5.58373e+50 5.58473e+50 5.58507e+50 5.58507e+50 1.21517e+52 0 4.20145e+50 7.82268e+46 4.64348e+42 0 0 1
0.000453158 4.30608e+50 4.30608e+50 4.30665e+50 4.30688e+50 4.30688e+50 9.46242e+51 0 4.85158e+50 6.77448e+46 4.64348e+42 0 0 1
0.000523299 3.31415e+50 3.31415e+50 3.31447e+50 3.31463e+50 3.31463e+50 7.35149e+51 0 5.60229e+50 5.86666e+46 4.64348e+42 0 0 1
0.000604296 2.54563e+50 2.54563e+50 2.54581e+50 2.54591e+50 2.54591e+50 5.69824e+51 0 6.46912e+50 5.08045e+46 4.64348e+42 0 0 1
0.000697831 1.95142e+50 1.95142e+50 1.95152e+50 1.95159e+50 1.95159e+50 4.40641e+51 0 7.47002e+50 4.39957e+46 4.64348e+42 0 0 1
0.000805842 1.49293e+50 1.49293e+50 1.49299e+50 1.49304e+50 1.49304e+50 3.39935e+51 0 8.62571e+50 3.80992e+46 4.64348e+42 0 0 1
0.000930572 1.1399e+50 1.1399e+50 1.13994e+50 1.13997e+50 1.13997e+50 2.61616e+51 0 9.96009e+50 3.29929e+46 4.64348e+42 0 0 1
0.00107461 8.68638e+49 8.68638e+49 8.68657e+49 8.68676e+49 8.68676e+49 2.00856e+51 0 1.15008e+51 2.85709e+46 4.64348e+42 0 0 1
0.00124094 6.60635e+49 6.60635e+49 6.60645e+49 6.60658e+49 6.60658e+49 1.53835e+51 0 1.32796e+51 2.47415e+46 4.64348e+42 0 0 1
0.00143301 5.01471e+49 5.01471e+49 5.01477e+49 5.01486e+49 5.01486e+49 1.17538e+51 0 1.53333e+51 2.14254e+46 4.64348e+42 0 0 1
0.00165482 3.79934e+49 3.79934e+49 3.79937e+49 3.79942e+49 3.79942e+49 8.9591e+50 0 1.77044e+51 1.85537e+46 4.64348e+42 0 0 1
0.00191095 2.87319e+49 2.87319e+49 2.87321e+49 2.87325e+49 2.87325e+49 6.81285e+50 0 2.04417e+51 1.60669e+46 4.64348e+42 0 0 1
0.00220673 2.16891e+49 2.16891e+49 2.16892e+49 2.16894e+49 2.16894e+49 5.16885e+50 0 2.36016e+51 1.39133e+46 4.64348e+42 0 0 1
0.0025483 1.63442e+49 1.63442e+49 1.63443e+49 1.63444e+49 1.63444e+49 3.9128e+50 0 2.72493e+51 1.20485e+46 4.64348e+42 0 0 1
0.00294273 1.22961e+49 1.22961e+49 1.22962e+49 1.22963e+49 1.22963e+49 2.95561e+50 0 3.14598e+51 1.04336e+46 4.64348e+42 0 0 1
0.00339821 9.23619e+48 9.23619e+48 9.23621e+48 9.23627e+48 9.23627e+48 2.228e+50 0 3.63196e+51 9.0351e+45 4.64348e+42 0 0 1
0.00392419 6.92759e+48 6.92759e+48 6.9276e+48 6.92764e+48 6.92764e+48 1.67625e+50 0 4.19284e+51 7.82407e+45 4.64348e+42 0 0 1
0.00453158 5.18901e+48 5.18901e+48 5.18901e+48 5.18904e+48 5.18904e+48 1.25885e+50 0 4.84011e+51 6.77537e+45 4.64348e+42 0 0 1
0.00523299 3.88197e+48 3.88197e+48 3.88197e+48 3.88199e+48 3.88199e+48 9.43793e+49 0 5.587e+51 5.86723e+45 4.64348e+42 0 0 1
0.00604296 2.90095e+48 2.90095e+48 2.90095e+48 2.90096e+48 2.90096e+48 7.06495e+49 0 6.44873e+51 5.08081e+45 4.64348e+42 0 0 1
0.00697831 2.16574e+48 2.16574e+48 2.16574e+48 2.16575e+48 2.16575e+48 5.28121e+49 0 7.44283e+51 4.3998e+45 4.64348e+42 0 0 1
0.00805842 1.61551e+48 1.61551e+48 1.61551e+48 1.61551e+48 1.61551e+48 3.94288e+49 0 8.58945e+51 3.81007e+45 4.64348e+42 0 0 1
0.00930572 1.20422e+48 1.20422e+48 1.20422e+48 1.20422e+48 1.20422e+48 2.94043e+49 0 9.91176e+51 3.29939e+45 4.64348e+42 0 0 1
0.0107461 8.97128e+47 8.97128e+47 8.97128e+47 8.9713e+47 8.9713e+47 2.19074e+49 0 1.14363e+52 2.85715e+45 4.64348e+42 0 0 1
0.0124094 6.68055e+47 6.68055e+47 6.68055e+47 6.68057e+47 6.68057e+47 1.63084e+49 0 1.31937e+52 2.47419e+45 4.64348e+42 0 0 1
0.0143301 4.97321e+47 4.97321e+47 4.97321e+47 4.97322e+47 4.97322e+47 1.2132e+49 0 1.52188e+52 2.14256e+45 4.64348e+42 0 0 1
0.0165482 3.70154e+47 3.70154e+47 3.70154e+47 3.70154e+47 3.70154e+47 9.02011e+48 0 1.75518e+52 1.85538e+45 4.64348e+42 0 0 1
0.0191095 2.75489e+47 2.75489e+47 2.75489e+47 2.7549e+47 2.7549e+47 6.70361e+48 0 2.02383e+52 1.6067e+45 4.64348e+42 0 0 1
0.0220673 2.0505e+47 2.0505e+47 2.0505e+47 2.0505e+47 2.0505e+47 4.98055e+48 0 2.33306e+52 1.39134e+45 4.64348e+42 0 0 1
0.025483 1.52651e+47 1.52651e+47 1.52651e+47 1.52651e+47 1.52651e+47 3.69975e+48 0 2.68881e+52 1.20485e+45 4.64348e+42 0 0 1
0.0294273 1.13678e+47 1.13678e+47 1.13678e+47 1.13678e+47 1.13678e+47 2.74819e+48 0 3.09786e+52 1.04336e+45 4.64348e+42 0 0 1
0.0339821 8.46934e+46 8.46934e+46 8.46934e+46 8.46934e+46 8.46934e+46 2.04153e+48 0 3.56785e+52 9.03511e+44 4.64348e+42 0 0 1
0.0392419 6.31347e+46 6.31347e+46 6.31347e+46 6.31347e+46 6.31347e+46 1.51687e+48 0 4.10744e+52 7.82408e+44 4.64348e+42 0 0 1
0.0453158 4.70962e+46 4.70962e+46 4.70962e+46 4.70963e+46 4.70963e+46 1.12738e+48 0 4.72638e+52 6.77538e+44 4.64348e+42 0 0 1
0.0523299 3.51607e+46 3.51607e+46 3.51607e+46 3.51608e+46 3.51608e+46 8.38259e+47 0 5.43556e+52 5.86723e+44 4.64348e+42 0 0 1
0.0604296 2.62747e+46 2.62747e+46 2.62747e+46 2.62747e+46 2.62747e+46 6.23609e+47 0 6.24714e+52 5.08081e+44 4.64348e+42 0 0 1
0.0697831 1.96553e+46 1.96553e+46 1.96553e+46 1.96553e+46 1.96553e+46 4.64215e+47 0 7.17455e+52 4.3998e+44 4.64348e+42 0 0 1
0.0805842 1.47212e+46 1.47212e+46 1.47212e+46 1.47212e+46 1.47212e+46 3.45814e+47 0 8.23253e+52 3.81007e+44 4.64348e+42 0 0 1
0.0930572 1.10405e+46 1.10405e+46 1.10405e+46 1.10405e+46 1.10405e+46 2.57824e+47 0 9.43707e+52 3.29939e+44 4.64348e+42 0 0 1
0.107461 8.29252e+45 8.29252e+45 8.29252e+45 8.29252e+45 8.29252e+45 1.92398e+47 0 1.08053e+53 2.85715e+44 4.64348e+42 0 0 1
0.124094 6.23899e+45 6.23899e+45 6.23899e+45 6.23899e+45 6.23899e+45 1.43719e+47 0 1.23553e+53 2.47419e+44 4.64348e+42 0 0 1
0.143301 4.70293e+45 4.70293e+45 4.70293e+45 4.70294e+45 4.70294e+45 1.07474e+47 0 1.41055e+53 2.14256e+44 4.64348e+42 0 0 1
0.165482 3.5528e+45 3.5528e+45 3.5528e+45 3.5528e+45 3.5528e+45 8.04646e+46 0 1.60743e+53 1.85538e+44 4.64348e+42 0 0 1
0.191095 2.69076e+45 2.69076e+45 2.69076e+45 2.69076e+45 2.69076e+45 6.03193e+46 0 1.82791e+53 1.60669e+44 4.64348e+42 0 0 1
0.220673 2.04404e+45 2.04404e+45 2.04404e+45 2.04404e+45 2.04404e+45 4.52789e+46 0 2.0735e+53 1.39134e+44 4.64348e+42 0 0 1
0.25483 1.55845e+45 1.55845e+45 1.55845e+45 1.55845e+45 1.55845e+45 3.40378e+46 0 2.34532e+53 1.20485e+44 4.64348e+42 0 0 1
0.294273 1.19364e+45 1.19364e+45 1.19364e+45 1.19364e+45 1.19364e+45 2.56265e+46 0 2.64385e+53 1.04336e+44 4.64348e+42 0 0 1
0.339821 9.19475e+44 9.19475e+44 9.19475e+44 9.19475e+44 9.19475e+44 1.9325e+46 0 2.96863e+53 9.03508e+43 4.64348e+42 0 0 1
0.392419 7.13492e+44 7.13492e+44 7.13492e+44 7.13492e+44 7.13492e+44 1.45979e+46 0 3.31793e+53 7.82405e+43 4.64348e+42 0 0 1
0.453158 5.58883e+44 5.58883e+44 5.58883e+44 5.58883e+44 5.58883e+44 1.10468e+46 0 3.6882e+53 6.77535e+43 4.64348e+42 0 0 1
0.523299 4.43067e+44 4.43067e+44 4.43067e+44 4.43067e+44 4.43067e+44 8.37527e+45 0 4.07361e+53 5.8672e+43 4.64348e+42 0 0 1
0.604296 3.566e+44 3.566e+44 3.566e+44 3.566e+44 3.566e+44 6.36228e+45 0 4.46539e+53 5.08078e+43 4.64348e+42 0 0 1
0.697831 2.92369e+44 2.92369e+44 2.92369e+44 2.92369e+44 2.92369e+44 4.84304e+45 0 4.85121e+53 4.39977e+43 4.64348e+42 0 0 1
0.805842 2.44993e+44 2.44993e+44 2.44993e+44 2.44993e+44 2.44993e+44 3.69445e+45 0 5.21464e+53 3.81004e+43 4.64348e+42 0 0 1
0.930572 2.10368e+44 2.10368e+44 2.10368e+44 2.10368e+44 2.10368e+44 2.82451e+45 0 5.53482e+53 3.29936e+43 4.64348e+42 0 0 1
1.07461 1.85334e+44 1.85334e+44 1.85334e+44 1.85334e+44 1.85334e+44 2.16439e+45 0 5.78662e+53 2.85712e+43 4.64348e+42 0 0 1
1.24094 1.67423e+44 1.67423e+44 1.67423e+44 1.67423e+44 1.67423e+44 1.66249e+45 0 5.94153e+53 2.47416e+43 4.64348e+42 0 0 1
1.43301 1.54675e+44 1.54675e+44 1.54675e+44 1.54675e+44 1.54675e+44 1.28011e+45 0 5.96979e+53 2.14253e+43 4.64348e+42 0 0 1
1.65482 1.45505e+44 1.45505e+44 1.45505e+44 1.45505e+44 1.45505e+44 9.88152e+44 0 5.84401e+53 1.85535e+43 4.64348e+42 0 0 1
1.91095 1.3862e+44 1.3862e+44 1.3862e+44 1.3862e+44 1.3862e+44 7.64749e+44 0 5.54446e+53 1.60666e+43 4.64348e+42 0 0 1
2.20673 1.32969e+44 1.32969e+44 1.32969e+44 1.32969e+44 1.32969e+44 5.934e+44 0 5.06575e+53 1.39131e+43 4.64348e+42 0 0 1
2.5483 1.2772e+44 1.2772e+44 1.2772e+44 1.2772e+44 1.2772e+44 4.61657e+44 0 4.42352e+53 1.20482e+43 4.64348e+42 0 0 1
2.94273 1.22268e+44 1.22268e+44 1.22268e+44 1.22268e+44 1.22268e+44 3.60106e+44 0 3.65871e+53 1.04333e+43 4.64348e+42 0 0 1
3.39821 1.1624e+44 1.1624e+44 1.1624e+44 1.1624e+44 1.1624e+44 2.81621e+44 0 2.83632e+53 9.03478e+42 4.64348e+42 0 0 1
3.92419 1.09494e+44 1.09494e+44 1.09494e+44 1.09494e+44 1.09494e+44 2.20797e+44 0 2.03596e+53 7.82375e+42 4.64348e+42 0 0 1
4.53158 1.02089e+44 1.02089e+44 1.02089e+44 1.02089e+44 1.02089e+44 1.7353e+44 0 1.33452e+53 6.77505e+42 4.64348e+42 0 0 1
5.23299 9.42303e+43 9.42303e+43 9.42303e+43 9.42303e+43 9.42303e+43 1.367e+44 0 7.86268e+52 5.8669e+42 4.64348e+42 0 0 1
6.04296 8.61808e+43 8.61808e+43 8.61808e+43 8.61808e+43 8.61808e+43 1.07925e+44 0 4.09027e+52 5.08048e+42 4.64348e+42 0 0 1
6.97831 7.81912e+43 7.81912e+43 7.81912e+43 7.81912e+43 7.81912e+43 8.53865e+43 0 1.84121e+52 4.39947e+42 4.64348e+42 0 0 1
8.05842 7.04494e+43 7.04494e+43 7.04494e+43 7.04494e+43 7.04494e+43 6.7689e+43 0 7.00898e+51 3.80974e+42 4.64348e+42 0 0 1
9.30572 6.30717e+43 6.30717e+43 6.30717e+43 6.30717e+43 6.30717e+43 5.37589e+43 0 2.19794e+51 3.29906e+42 4.64348e+42 0 0 1
10.7461 5.61191e+43 5.61191e+43 5.61191e+43 5.61191e+43 5.61191e+43 4.27683e+43 0 5.50937e+50 2.85682e+42 4.64348e+42 0 0 1
12.4094 4.96205e+43 4.96205e+43 4.96205e+43 4.96205e+43 4.96205e+43 3.4077e+43 0 1.0662e+50 2.47386e+42 4.64348e+42 0 0 1
14.3301 4.35898e+43 4.35898e+43 4.35898e+43 4.35898e+43 4.35898e+43 2.71893e+43 0 1.53047e+49 2.14223e+42 4.64348e+42 0 0 1
16.5482 3.80331e+43 3.80331e+43 3.80331e+43 3.80331e+43 3.80331e+43 2.17198e+43 0 1.5559e+48 1.85505e+42 4.64348e+42 0 0 1
19.1095 3.295e+43 3.295e+43 3.295e+43 3.295e+43 3.295e+43 1.73685e+43 0 1.06198e+47 1.60636e+42 4.64348e+42 0 0 1
22.0673 2.8334e+43 2.8334e+43 2.8334e+43 2.8334e+43 2.8334e+43 1.3901e+43 0 4.5756e+45 1.39101e+42 4.64348e+42 0 0 1
25.483 2.4173e+43 2.4173e+43 2.4173e+43 2.4173e+43 2.4173e+43 1.11334e+43 0 1.15892e+44 1.20452e+42 4.64348e+42 0 0 1
29.4273 2.04507e+43 2.04507e+43 2.04507e+43 2.04507e+43 2.04507e+43 8.92144e+42 0 1.58933e+42 1.04303e+42 4.64348e+42 0 0 1
33.9821 1.7147e+43 1.7147e+43 1.7147e+43 1.7147e+43 1.7147e+43 7.15152e+42 0 1.07324e+40 9.03178e+41 4.64348e+42 0 0 1
39.2419 1.42399e+43 1.42399e+43 1.42399e+43 1.42399e+43 1.42399e+43 5.73387e+42 0 3.19795e+37 7.82075e+41 4.64348e+42 0 0 1
45.3158 1.17053e+43 1.17053e+43 1.17053e+43 1.17053e+43 1.17053e+43 4.59752e+42 0 3.70465e+34 6.77205e+41 4.64348e+42 0 0 1
52.3299 9.51764e+42 9.51764e+42 9.51764e+42 9.51764e+42 9.51764e+42 3.68614e+42 0 1.44151e+31 5.86391e+41 4.64348e+42 0 0 1
60.4296 7.64997e+42 7.64997e+42 7.64997e+42 7.64997e+42 7.64997e+42 2.95496e+42 0 1.59127e+27 5.07749e+41 4.64348e+42 0 0 1
69.7831 6.0742e+42 6.0742e+42 6.0742e+42 6.0742e+42 6.0742e+42 2.36828e+42 0 4.10051e+22 4.39648e+41 4.64348e+42 0 0 1
80.5842 4.76149e+42 4.76149e+42 4.7615e+42 4.7615e+42 4.7615e+42 1.89759e+42 0 1.96927e+17 3.80675e+41 4.64348e+42 0 0 1
93.0572 3.6827e+42 3.6827e+42 3.6827e+42 3.6827e+42 3.6827e+42 1.52005e+42 0 1.35897e+11 3.29606e+41 4.64348e+42 0 0 1
107.461 2.80884e+42 2.80884e+42 2.80884e+42 2.80884e+42 2.80884e+42 1.21736e+42 0 9980.26 2.85382e+41 4.64348e+42 0 0 1
124.094 2.11172e+42 2.11172e+42 2.11172e+42 2.11172e+42 2.11172e+42 9.74789e+41 0 5.51443e-05 2.47086e+41 4.64348e+42 0 0 1
143.301 1.56442e+42 1.56442e+42 1.56442e+42 1.56442e+42 1.56442e+42 7.80509e+41 0 1.53595e-14 2.13923e+41 4.64348e+42 0 0 1
165.482 1.14185e+42 1.14185e+42 1.14185e+42 1.14185e+42 1.14185e+42 6.24986e+41 0 1.35814e-25 1.85205e+41 4.64348e+42 0 0 1
191.095 8.21174e+41 8.21174e+41 8.21175e+41 8.21175e+41 8.21175e+41 5.00543e+41 0 2.23509e-38 1.60337e+41 4.64348e+42 0 0 1
220.673 5.82071e+41 5.82071e+41 5.82072e+41 5.82072e+41 5.82072e+41 4.01e+41 0 3.69501e-53 1.38801e+41 4.64348e+42 0 0 1
254.83 4.06946e+41 4.06946e+41 4.06946e+41 4.06946e+41 4.06946e+41 3.21386e+41 0 3.0106e-70 1.20152e+41 4.64348e+42 0 0 1
294.273 2.80939e+41 2.80939e+41 2.8094e+41 2.8094e+41 2.8094e+41 2.57705e+41 0 5.31224e-90 1.04003e+41 4.64348e+42 0 0 1
339.821 1.91838e+41 1.91838e+41 1.91838e+41 1.91838e+41 1.91838e+41 2.06754e+41 0 7.85395e-113 9.00185e+40 4.64348e+42 0 0 1
392.419 1.29868e+41 1.29868e+41 1.29868e+41 1.29868e+41 1.29868e+41 1.65966e+41 0 3.24974e-139 7.79084e+40 4.64348e+42 0 0 1
453.158 8.742e+40 8.742e+40 8.74201e+40 8.74201e+40 8.74201e+40 1.33291e+41 0 1.06075e-169 6.74214e+40 4.64348e+42 0 0 1
523.299 5.87266e+40 5.87266e+40 5.87266e+40 5.87266e+40 5.87266e+40 1.07095e+41 0 6.3286e-205 5.83401e+40 4.64348e+42 0 0 1
604.296 3.95346e+40 3.95346e+40 3.95346e+40 3.95346e+40 3.95346e+40 8.60752e+40 0 1.27517e-245 5.04761e+40 4.64348e+42 0 0 1
697.831 2.67881e+40 2.67881e+40 2.67881e+40 2.67881e+40 2.67881e+40 6.91937e+40 0 0 4.36661e+40 4.64348e+42 0 0 1
805.842 1.8346e+40 1.8346e+40 1.83461e+40 1.83461e+40 1.83461e+40 5.56254e+40 0 0 3.7769e+40 4.64348e+42 0 0 1
930.572 1.27433e+40 1.27433e+40 1.27433e+40 1.27433e+40 1.27433e+40 4.47128e+40 0 0 3.26624e+40 4.64348e+42 0 0 1
1074.61 8.99825e+39 8.99825e+39 8.99828e+39 8.99828e+39 8.99828e+39 3.59315e+40 0 0 2.82403e+40 4.64348e+42 0 0 1
1240.94 6.46481e+39 6.46481e+39 6.46483e+39 6.46483e+39 6.46483e+39 2.88632e+40 0 0 2.4411e+40 4.64348e+42 0 0 1
1433.01 4.72362e+39 4.72362e+39 4.72364e+39 4.72364e+39 4.72364e+39 2.31727e+40 0 0 2.1095e+40 4.64348e+42 0 0 1
1654.82 3.50484e+39 3.50484e+39 3.50485e+39 3.50485e+39 3.50485e+39 1.85919e+40 0 0 1.82236e+40 4.64348e+42 0 0 1
1910.95 2.63526e+39 2.63526e+39 2.63527e+39 2.63527e+39 2.63527e+39 1.49051e+40 0 0 1.57372e+40 4.64348e+42 0 0 1
2206.73 2.0033e+39 2.0033e+39 2.00331e+39 2.00331e+39 2.00331e+39 1.1939e+40 0 0 1.35842e+40 4.64348e+42 0 0 1
2548.3 1.53633e+39 1.53633e+39 1.53634e+39 1.53634e+39 1.53634e+39 9.55416e+39 0 0 1.17199e+40 4.64348e+42 0 0 1
2942.73 1.18633e+39 1.18633e+39 1.18634e+39 1.18634e+39 1.18634e+39 7.63786e+39 0 0 1.01056e+40 4.64348e+42 0 0 1
3398.21 9.20902e+38 9.20902e+38 9.2091e+38 9.2091e+38 9.2091e+38 6.09932e+39 0 0 8.70797e+39 4.64348e+42 0 0 1
3924.19 7.17702e+38 7.17702e+38 7.17708e+38 7.17708e+38 7.17708e+38 4.86515e+39 0 0 7.49787e+39 4.64348e+42 0 0 1
4531.58 5.60985e+38 5.60985e+38 5.60991e+38 5.60991e+38 5.60991e+38 3.87612e+39 0 0 6.45023e+39 4.64348e+42 0 0 1
5232.99 4.39426e+38 4.39426e+38 4.39431e+38 4.39431e+38 4.39431e+38 3.08442e+39 0 0 5.54332e+39 4.64348e+42 0 0 1
6042.96 3.44717e+38 3.44717e+38 3.44721e+38 3.44721e+38 3.44721e+38 2.45129e+39 0 0 4.75831e+39 4.64348e+42 0 0 1
6978.31 2.70682e+38 2.70682e+38 2.70686e+38 2.70686e+38 2.70686e+38 1.94557e+39 0 0 4.07891e+39 4.64348e+42 0 0 1
8058.42 2.12665e+38 2.12665e+38 2.12668e+38 2.12668e+38 2.12668e+38 1.54212e+39 0 0 3.49103e+39 4.64348e+42 0 0 1
9305.72 1.67116e+38 1.67116e+38 1.67119e+38 1.67119e+38 1.67119e+38 1.22063e+39 0 0 2.98246e+39 4.64348e+42 0 0 1
10746.1 1.31311e+38 1.31311e+38 1.31314e+38 1.31314e+38 1.31314e+38 9.64793e+38 0 0 2.54265e+39 4.64348e+42 0 0 1
12409.4 1.03142e+38 1.03142e+38 1.03144e+38 1.03144e+38 1.03144e+38 7.61453e+38 0 0 2.16246e+39 4.64348e+42 0 0 1
14330.1 8.09701e+37 8.09701e+37 8.09725e+37 8.09725e+37 8.09725e+37 6.00056e+38 0 0 1.83399e+39 4.64348e+42 0 0 1
16548.2 6.35163e+37 6.35163e+37 6.35185e+37 6.35185e+37 6.35185e+37 4.72124e+38 0 0 1.5504e+39 4.64348e+42 0 0 1
19109.5 4.97783e+37 4.97783e+37 4.97802e+37 4.97802e+37 4.97802e+37 3.70863e+38 0 0 1.30579e+39 4.64348e+42 0 0 1
22067.3 3.89689e+37 3.89689e+37 3.89705e+37 3.89705e+37 3.89705e+37 2.90828e+38 0 0 1.09505e+39 4.64348e+42 0 0 1
25483 3.04686e+37 3.04686e+37 3.04701e+37 3.04701e+37 3.04701e+37 2.27666e+38 0 0 9.13769e+38 4.64348e+42 0 0 1
29427.3 2.37895e+37 2.37895e+37 2.37908e+37 2.37908e+37 2.37908e+37 1.77898e+38 0 0 7.58139e+38 4.64348e+42 0 0 1
33982.1 1.85462e+37 1.85462e+37 1.85474e+37 1.85474e+37 1.85474e+37 1.38747e+38 0 0 6.24862e+38 4.64348e+42 0 0 1
39241.9 1.44348e+37 1.44348e+37 1.44358e+37 1.44358e+37 1.44358e+37 1.08002e+38 0 0 5.11091e+38 4.64348e+42 0 0 1
45315.8 1.12151e+37 1.12151e+37 1.12159e+37 1.12159e+37 1.12159e+37 8.39009e+37 0 0 4.14359e+38 4.64348e+42 0 0 1
52329.9 8.69723e+36 8.69723e+36 8.69795e+36 8.69795e+36 8.69795e+36 6.50428e+37 0 0 3.32525e+38 4.64348e+42 0 0 1
60429.6 6.73141e+36 6.73141e+36 6.73202e+36 6.73202e+36 6.73202e+36 5.03159e+37 0 0 2.63729e+38 4.64348e+42 0 0 1
69783.1 5.19924e+36 5.19924e+36 5.19975e+36 5.19975e+36 5.19975e+36 3.88386e+37 0 0 2.06341e+38 4.64348e+42 0 0 1
80584.2 4.00728e+36 4.00728e+36 4.00771e+36 4.00771e+36 4.00771e+36 2.99128e+37 0 0 1.58925e+38 4.64348e+42 0 0 1
93057.2 3.08185e+36 3.08185e+36 3.08221e+36 3.08221e+36 3.08221e+36 2.29863e+37 0 0 1.20205e+38 4.64348e+42 0 0 1
107461 2.36486e+36 2.36486e+36 2.36515e+36 2.36515e+36 2.36515e+36 1.76236e+37 0 0 8.90339e+37 4.64348e+42 0 0 1
124094 1.81059e+36 1.81059e+36 1.81083e+36 1.81083e+36 1.81083e+36 1.34813e+37 0 0 6.43705e+37 4.64348e+42 0 0 1
143301 1.38309e+36 1.38309e+36 1.38329e+36 1.38329e+36 1.38329e+36 1.02893e+37 0 0 4.52574e+37 4.64348e+42 0 0 1
165482 1.05416e+36 1.05416e+36 1.05432e+36 1.05432e+36 1.05432e+36 7.83549e+36 0 0 3.08097e+37 4.64348e+42 0 0 1
191095 8.01682e+35 8.01682e+35 8.01805e+35 8.01805e+35 8.01805e+35 5.95383e+36 0 0 2.02074e+37 4.64348e+42 0 0 1
220673 6.08355e+35 6.08355e+35 6.08452e+35 6.08452e+35 6.08452e+35 4.51442e+36 0 0 1.26957e+37 4.64348e+42 0 0 1
254830 4.60685e+35 4.60685e+35 4.6076e+35 4.6076e+35 4.6076e+35 3.416e+36 0 0 7.58989e+36 4.64348e+42 0 0 1
294273 3.4816e+35 3.4816e+35 3.48219e+35 3.48219e+35 3.48219e+35 2.57978e+36 0 0 4.28457e+36 4.64348e+42 0 0 1
339821 2.62619e+35 2.62619e+35 2.62663e+35 2.62663e+35 2.62663e+35 1.94465e+36 0 0 2.2637e+36 4.64348e+42 0 0 1
392419 1.97737e+35 1.97737e+35 1.97772e+35 1.97772e+35 1.97772e+35 1.46334e+36 0 0 1.10794e+36 4.64348e+42 0 0 1
453158 1.48634e+35 1.48634e+35 1.48659e+35 1.48659e+35 1.48659e+35 1.09935e+36 0 0 4.96431e+35 4.64348e+42 0 0 1
523299 1.11547e+35 1.11547e+35 1.11566e+35 1.11566e+35 1.11566e+35 8.24655e+35 1.45525e+31 0 2.00868e+35 4.64348e+42 0 0 1
604296 8.35909e+34 8.35909e+34 8.36054e+34 8.36054e+34 8.36054e+34 6.17729e+35 1.46154e+31 0 7.22464e+34 4.64348e+42 0 0 1
697831 6.25555e+34 6.25555e+34 6.25663e+34 6.25663e+34 6.25663e+34 4.62129e+35 1.46782e+31 0 2.26808e+34 4.64348e+42 0 0 1
805842 4.67544e+34 4.67544e+34 4.67623e+34 4.67623e+34 4.67623e+34 3.45314e+35 1.4741e+31 0 6.08549e+33 4.64348e+42 0 0 1
930572 3.49037e+34 3.49037e+34 3.49095e+34 3.49095e+34 3.49095e+34 2.57747e+35 1.48038e+31 0 1.36198e+33 4.64348e+42 0 0 1
1.07461e+06 2.60289e+34 2.60289e+34 2.60331e+34 2.60331e+34 2.60331e+34 1.92198e+35 1.48761e+31 0 2.47224e+32 4.64348e+42 0 0 1
1.24094e+06 1.93917e+34 1.93917e+34 1.93948e+34 1.93948e+34 1.93948e+34 1.43192e+35 1.48959e+31 0 3.52354e+31 4.64348e+42 0 0 1
1.43301e+06 1.44343e+34 1.44343e+34 1.44365e+34 1.44365e+34 1.44365e+34 1.06597e+35 1.49211e+31 0 3.79822e+30 4.64348e+42 0 0 1
1.65482e+06 1.07358e+34 1.07358e+34 1.07374e+34 1.07374e+34 1.07374e+34 7.92994e+34 1.49537e+31 0 2.96563e+29 4.64348e+42 0 0 1
1.91095e+06 7.9795e+33 7.9795e+33 7.98062e+33 7.98062e+33 7.98062e+33 5.89565e+34 1.49988e+31 0 1.59556e+28 4.64348e+42 0 0 1
2.20673e+06 5.92735e+33 5.92735e+33 5.92814e+33 5.92814e+33 5.92814e+33 4.38096e+34 1.50575e+31 0 5.58383e+26 4.64348e+42 0 0 1
2.5483e+06 4.40081e+33 4.40081e+33 4.40137e+33 4.40137e+33 4.40137e+33 3.25403e+34 1.51344e+31 0 1.18923e+25 4.64348e+42 0 0 1
2.94273e+06 3.26614e+33 3.26614e+33 3.26653e+33 3.26653e+33 3.26653e+33 2.41615e+34 1.52355e+31 0 1.42734e+23 4.64348e+42 0 0 1
3.39821e+06 2.42333e+33 2.42333e+33 2.4236e+33 2.4236e+33 2.4236e+33 1.79356e+34 1.53765e+31 0 8.83416e+20 4.64348e+42 0 0 1
3.92419e+06 1.79766e+33 1.79766e+33 1.79785e+33 1.79785e+33 1.79785e+33 1.33115e+34 1.55594e+31 0 2.54485e+18 4.64348e+42 0 0 1
4.53158e+06 1.33341e+33 1.33341e+33 1.33355e+33 1.33355e+33 1.33355e+33 9.87871e+33 1.57953e+31 0 3.03116e+15 4.64348e+42 0 0 1
5.23299e+06 9.89074e+32 9.89074e+32 9.89166e+32 9.89166e+32 9.89166e+32 7.33101e+33 1.60936e+31 0 1.30208e+12 4.64348e+42 0 0 1
6.04296e+06 7.33746e+32 7.33746e+32 7.3381e+32 7.3381e+32 7.3381e+32 5.44069e+33 1.64892e+31 0 1.72263e+08 4.64348e+42 0 0 1
6.97831e+06 5.44455e+32 5.44455e+32 5.445e+32 5.445e+32 5.445e+32 4.03836e+33 1.69555e+31 0 5849.31 4.64348e+42 0 0 1
8.05842e+06 4.04142e+32 4.04142e+32 4.04173e+32 4.04173e+32 4.04173e+32 2.9982e+33 1.75065e+31 0 0.0413006 4.64348e+42 0 0 1
9.30572e+06 3.00144e+32 3.00144e+32 3.00165e+32 3.00165e+32 3.00165e+32 2.22674e+33 1.81308e+31 0 4.75529e-08 4.64348e+42 0 0 1
1.07461e+07 2.2307e+32 2.2307e+32 2.23085e+32 2.23085e+32 2.23085e+32 1.65467e+33 1.88786e+31 0 6.743e-15 4.64348e+42 0 0 1
1.24094e+07 1.65951e+32 1.65951e+32 1.65961e+32 1.65961e+32 1.65961e+32 1.23047e+33 1.96134e+31 0 8.51542e-23 4.64348e+42 0 0 1
1.43301e+07 1.23626e+32 1.23626e+32 1.23633e+32 1.23633e+32 1.23633e+32 9.15989e+32 2.03313e+31 0 6.58663e-32 4.64348e+42 0 0 1
1.65482e+07 9.22689e+31 9.22689e+31 9.2274e+31 9.2274e+31 9.2274e+31 6.82907e+32 2.09977e+31 0 2.02531e-42 4.64348e+42 0 0 1
1.91095e+07 6.90512e+31 6.90512e+31 6.90548e+31 6.90548e+31 6.90548e+31 5.10267e+32 2.15722e+31 0 1.50278e-54 4.64348e+42 0 0 1
2.20673e+07 5.18576e+31 5.18576e+31 5.18602e+31 5.18602e+31 5.18602e+31 3.82397e+32 2.20679e+31 0 1.51193e-68 4.64348e+42 0 0 1
2.5483e+07 3.91364e+31 3.91364e+31 3.91382e+31 3.91382e+31 3.91382e+31 2.87778e+32 2.24156e+31 0 1.05999e-84 4.64348e+42 0 0 1
2.94273e+07 2.97215e+31 2.97215e+31 2.97228e+31 2.97228e+31 2.97228e+31 2.17759e+32 2.242e+31 0 2.40083e-103 4.64348e+42 0 0 1
3.39821e+07 2.27556e+31 2.27556e+31 2.27566e+31 2.27566e+31 2.27566e+31 1.6597e+32 2.20195e+31 0 7.23089e-125 4.64348e+42 0 0 1
3.92419e+07 1.75853e+31 1.75853e+31 1.7586e+31 1.7586e+31 1.7586e+31 1.27564e+32 2.12034e+31 0 1.03898e-149 4.64348e+42 0 0 1
4.53158e+07 1.37483e+31 1.37483e+31 1.37488e+31 1.37488e+31 1.37488e+31 9.90942e+31 2.01153e+31 0 2.18027e-178 4.64348e+42 0 0 1
5.23299e+07 1.08892e+31 1.08892e+31 1.08897e+31 1.08897e+31 1.08897e+31 7.79202e+31 1.88606e+31 0 1.70308e-211 4.64348e+42 0 0 1
6.04296e+07 8.73408e+30 8.73408e+30 8.73441e+30 8.73441e+30 8.73441e+30 6.20119e+31 1.73159e+31 0 1.02146e-249 4.64348e+42 0 0 1
6.97831e+07 7.08695e+30 7.08695e+30 7.08721e+30 7.08721e+30 7.08721e+30 4.99131e+31 1.55155e+31 0 0 4.64348e+42 0 0 1
8.05842e+07 5.81019e+30 5.81019e+30 5.81041e+30 5.81041e+30 5.81041e+30 4.0594e+31 1.34894e+31 0 0 4.64348e+42 0 0 1
9.30572e+07 4.79957e+30 4.79957e+30 4.79974e+30 4.79974e+30 4.79974e+30 3.32767e+31 1.13086e+31 0 0 4.64348e+42 0 0 1
1.07461e+08 3.97681e+30 3.97681e+30 3.97695e+30 3.97695e+30 3.97695e+30 2.73782e+31 9.09652e+30 0 0 4.64348e+42 10.6429 0 1
1.24094e+08 3.30728e+30 3.30728e+30 3.3074e+30 3.3074e+30 3.3074e+30 2.26222e+31 7.20026e+30 0 0 4.64348e+42 9.34996 0 1
1.43301e+08 2.74665e+30 2.74665e+30 2.74675e+30 2.74675e+30 2.74675e+30 1.86796e+31 5.59833e+30 0 0 4.64348e+42 8.21409 0 1
1.65482e+08 2.26795e+30 2.26795e+30 2.26803e+30 2.26803e+30 2.26803e+30 1.53465e+31 4.28355e+30 0 0 4.64348e+42 7.21622 0 1
1.91095e+08 1.84476e+30 1.84476e+30 1.84482e+30 1.84482e+30 1.84482e+30 1.24286e+31 3.19366e+30 0 0 4.64348e+42 6.33957 0 1
2.20673e+08 1.49239e+30 1.49239e+30 1.49244e+30 1.49244e+30 1.49244e+30 1.00148e+31 2.39354e+30 0 0 4.64348e+42 5.56941 0 1
2.5483e+08 1.19491e+30 1.19491e+30 1.19496e+30 1.19496e+30 1.19496e+30 7.98944e+30 1.77368e+30 0 0 4.64348e+42 4.89282 0 1
2.94273e+08 9.45777e+29 9.45777e+29 9.45812e+29 9.45812e+29 9.45812e+29 6.30199e+30 1.29985e+30 0 0 4.64348e+42 4.29843 0 1
3.39821e+08 7.34533e+29 7.34533e+29 7.34561e+29 7.34561e+29 7.34561e+29 4.87793e+30 9.35694e+29 0 0 4.64348e+42 3.94284 0 1
3.92419e+08 5.69712e+29 5.69712e+29 5.69734e+29 5.69734e+29 5.69734e+29 3.77052e+30 6.8456e+29 0 0 4.64348e+42 3.77624 0 1
4.53158e+08 4.37912e+29 4.37912e+29 4.37929e+29 4.37929e+29 4.37929e+29 2.88803e+30 4.98529e+29 0 0 4.64348e+42 3.61668 0 1
5.23299e+08 3.33184e+29 3.33184e+29 3.33197e+29 3.33197e+29 3.33197e+29 2.18912e+30 3.61543e+29 0 0 4.64348e+42 3.46385 0 1
6.04296e+08 2.51639e+29 2.51639e+29 2.51649e+29 2.51649e+29 2.51649e+29 1.64665e+30 2.59432e+29 0 0 4.64348e+42 3.31749 0 1
6.97831e+08 1.91816e+29 1.91816e+29 1.91824e+29 1.91824e+29 1.91824e+29 1.25005e+30 1.90003e+29 0 0 4.64348e+42 3.17731 0 1
8.05842e+08 1.45816e+29 1.45816e+29 1.45823e+29 1.45823e+29 1.45823e+29 9.46177e+29 1.38923e+29 0 0 4.64348e+42 3.04305 0 1
9.30572e+08 1.10478e+29 1.10478e+29 1.10483e+29 1.10483e+29 1.10483e+29 7.13582e+29 1.01332e+29 0 0 4.64348e+42 2.91447 0 1
1.07461e+09 8.31425e+28 8.31425e+28 8.31462e+28 8.31462e+28 8.31462e+28 5.3432e+29 7.2867e+28 0 0 4.64348e+42 2.92497 0 1
1.24094e+09 6.34591e+28 6.34591e+28 6.34619e+28 6.34619e+28 6.34619e+28 4.059e+29 5.36119e+28 0 0 4.64348e+42 3.07608 0 1
1.43301e+09 4.85042e+28 4.85042e+28 4.85064e+28 4.85064e+28 4.85064e+28 3.0877e+29 3.93394e+28 0 0 4.64348e+42 3.23498 0 1
1.65482e+09 3.70205e+28 3.70205e+28 3.70223e+28 3.70223e+28 3.70223e+28 2.34515e+29 2.87795e+28 0 0 4.64348e+42 3.4021 0 1
1.91095e+09 2.80732e+28 2.80732e+28 2.80745e+28 2.80745e+28 2.80745e+28 1.76894e+29 2.07092e+28 0 0 4.64348e+42 3.57785 0 1
2.20673e+09 2.15259e+28 2.15259e+28 2.15269e+28 2.15269e+28 2.15269e+28 1.35004e+29 1.52701e+28 0 0 4.64348e+42 3.76268 0 1
2.5483e+09 1.64688e+28 1.64688e+28 1.64697e+28 1.64697e+28 1.64697e+28 1.02799e+29 1.12282e+28 0 0 4.64348e+42 3.95705 0 1
2.94273e+09 1.25566e+28 1.25566e+28 1.25572e+28 1.25572e+28 1.25572e+28 7.79992e+28 8.22983e+27 0 0 4.64348e+42 4.16147 0 1
3.39821e+09 9.47654e+27 9.47654e+27 9.47703e+27 9.47703e+27 9.47703e+27 5.85449e+28 5.93325e+27 0 0 4.64348e+42 4.37645 0 1
3.92419e+09 7.21998e+27 7.21998e+27 7.22036e+27 7.22036e+27 7.22036e+27 4.44002e+28 4.37803e+27 0 0 4.64348e+42 4.60253 0 1
4.53158e+09 5.47988e+27 5.47988e+27 5.48017e+27 5.48017e+27 5.48017e+27 3.35435e+28 3.21893e+27 0 0 4.64348e+42 4.8403 0 1
5.23299e+09 4.14201e+27 4.14201e+27 4.14224e+27 4.14224e+27 4.14224e+27 2.52347e+28 2.35707e+27 0 0 4.64348e+42 5.09034 0 1
6.04296e+09 3.09361e+27 3.09361e+27 3.09378e+27 3.09378e+27 3.09378e+27 1.87424e+28 1.69906e+27 0 0 4.64348e+42 5.35331 0 1
6.97831e+09 2.33121e+27 2.33121e+27 2.33134e+27 2.33134e+27 2.33134e+27 1.40609e+28 1.25233e+27 0 0 4.64348e+42 5.62985 0 1
8.05842e+09 1.7495e+27 1.7495e+27 1.7496e+27 1.7496e+27 1.7496e+27 1.05047e+28 9.20523e+26 0 0 4.64348e+42 5.92069 0 1
9.30572e+09 1.30615e+27 1.30615e+27 1.30622e+27 1.30622e+27 1.30622e+27 7.80568e+27 6.74737e+26 0 0 4.64348e+42 6.22654 0 1
1.07461e+10 9.65601e+26 9.65601e+26 9.65659e+26 9.65659e+26 9.65659e+26 5.73864e+27 4.87895e+26 0 0 4.64348e+42 6.9863 0 1
1.24094e+10 7.1901e+26 7.1901e+26 7.19054e+26 7.19054e+26 7.19054e+26 4.25435e+27 3.60804e+26 0 0 4.64348e+42 8.36319 0 1
1.43301e+10 5.3332e+26 5.3332e+26 5.33353e+26 5.33353e+26 5.33353e+26 3.141e+27 2.66149e+26 0 0 4.64348e+42 10.0115 0 1
1.65482e+10 3.94638e+26 3.94638e+26 3.94663e+26 3.94663e+26 3.94663e+26 2.31315e+27 1.95723e+26 0 0 4.64348e+42 11.9846 0 1
1.91095e+10 2.88948e+26 2.88948e+26 2.88967e+26 2.88967e+26 2.88967e+26 1.68413e+27 1.41536e+26 0 0 4.64348e+42 14.3465 0 1
2.20673e+10 2.1122e+26 2.1122e+26 2.11235e+26 2.11235e+26 2.11235e+26 1.22886e+27 1.04732e+26 0 0 4.64348e+42 17.174 34.7254 1
2.5483e+10 1.46051e+26 1.46051e+26 1.46064e+26 1.46064e+26 1.46064e+26 8.56433e+26 7.72406e+25 0 0 4.64348e+42 20.5588 22.9578 1
2.94273e+10 8.69669e+25 8.69669e+25 8.69814e+25 8.69814e+25 8.69814e+25 5.12103e+26 5.67667e+25 0 0 4.64348e+42 24.6106 15.5417 1
3.39821e+10 4.29104e+25 4.29104e+25 4.29295e+25 4.29295e+25 4.29295e+25 2.26455e+26 4.09597e+25 0 0 4.64348e+42 29.461 10.7604 1
3.92419e+10 1.72475e+25 1.72475e+25 1.72691e+25 1.72691e+25 1.72691e+25 7.97184e+25 3.03091e+25 0 0 4.64348e+42 35.2673 7.61059 1
4.53158e+10 6.00777e+24 6.00777e+24 6.02718e+24 6.02718e+24 6.02718e+24 2.7172e+25 2.23718e+25 0 0 4.64348e+42 42.2179 5.49245 1
5.23299e+10 2.08486e+24 2.08486e+24 2.10034e+24 2.10034e+24 2.10034e+24 1.03826e+25 1.64661e+25 0 0 4.64348e+42 50.5385 4.04008 1
6.04296e+10 7.6386e+23 7.6386e+23 7.75517e+23 7.75517e+23 7.75517e+23 4.63209e+24 1.18967e+25 0 0 4.64348e+42 60.4988 3.02568 1
6.97831e+10 3.0552e+23 3.0552e+23 3.14195e+23 3.14195e+23 3.14195e+23 2.46435e+24 8.82342e+24 0 0 4.64348e+42 72.4223 2.3047 1
8.05842e+10 1.31503e+23 1.31503e+23 1.37874e+23 1.37874e+23 1.37874e+23 1.47886e+24 6.52832e+24 0 0 4.64348e+42 86.6956 1.78376 1
9.30572e+10 6.0442e+22 6.0442e+22 6.50818e+22 6.50818e+22 6.50818e+22 9.60398e+23 4.81597e+24 0 0 4.64348e+42 103.782 1.40144 1
1.07461e+11 2.92178e+22 2.92178e+22 3.25507e+22 3.25507e+22 3.25507e+22 6.44284e+23 3.48391e+24 0 0 4.64348e+42 124.236 1.11671 1
1.24094e+11 1.50208e+22 1.50208e+22 1.74297e+22 1.74297e+22 1.74297e+22 4.55257e+23 2.58662e+24 0 0 4.64348e+42 148.721 0.901709 1
1.43301e+11 8.06823e+21 8.06823e+21 9.80148e+21 9.80148e+21 9.80148e+21 3.26541e+23 1.91486e+24 0 0 4.64348e+42 178.032 0.737233 1
1.65482e+11 4.50494e+21 4.50494e+21 5.74712e+21 5.74712e+21 5.74712e+21 2.35941e+23 1.41269e+24 0 0 4.64348e+42 213.119 0.609868 1
1.91095e+11 2.58655e+21 2.58655e+21 3.46773e+21 3.46773e+21 3.46773e+21 1.68404e+23 1.02114e+24 0 0 4.64348e+42 255.121 0.510106 1
2.20673e+11 1.55225e+21 1.55225e+21 2.18351e+21 2.18351e+21 2.18351e+21 1.23675e+23 7.57599e+23 0 0 4.64348e+42 305.402 0.431129 1
2.5483e+11 9.59534e+20 9.59534e+20 1.41099e+21 1.41099e+21 1.41099e+21 9.0808e+22 5.60321e+23 0 0 4.64348e+42 365.592 0.367983 1
2.94273e+11 6.09612e+20 6.09612e+20 9.32088e+20 9.32088e+20 9.32088e+20 6.65902e+22 4.12922e+23 0 0 4.64348e+42 437.645 0.317029 1
3.39821e+11 3.9427e+20 3.9427e+20 6.22702e+20 6.22702e+20 6.22702e+20 4.79776e+22 2.98004e+23 0 0 4.64348e+42 0 0.275565 1
3.92419e+11 2.64345e+20 2.64345e+20 4.28132e+20 4.28132e+20 4.28132e+20 3.54768e+22 2.20793e+23 0 0 4.64348e+42 0 0.241562 1
4.53158e+11 1.8102e+20 1.8102e+20 2.98383e+20 2.98383e+20 2.98383e+20 2.61696e+22 1.63046e+23 0 0 4.64348e+42 0 0.213483 1
5.23299e+11 1.26335e+20 1.26335e+20 2.10376e+20 2.10376e+20 2.10376e+20 1.92497e+22 1.19944e+23 0 0 4.64348e+42 0 0.190154 1
6.04296e+11 8.89088e+19 8.89088e+19 1.48529e+20 1.48529e+20 1.48529e+20 1.38894e+22 8.6362e+22 0 0 4.64348e+42 0 0.170669 1
6.97831e+11 6.43783e+19 6.43783e+19 1.07214e+20 1.07214e+20 1.07214e+20 1.02828e+22 6.38514e+22 0 0 4.64348e+42 0 0.154323 1
8.05842e+11 4.71962e+19 4.71962e+19 7.79232e+19 7.79232e+19 7.79232e+19 7.58968e+21 4.70405e+22 0 0 4.64348e+42 0 0.140565 1
9.30572e+11 3.49609e+19 3.4961e+19 5.69589e+19 5.69589e+19 5.69589e+19 5.58346e+21 3.45141e+22 0 0 4.64348e+42 0 0.12896 1
1.07461e+12 2.5861e+19 2.5861e+19 4.14185e+19 4.14185e+19 4.14185e+19 4.02554e+21 2.47666e+22 0 0 4.64348e+42 0 0.119166 1
1.24094e+12 1.95674e+19 1.95674e+19 3.07165e+19 3.07165e+19 3.07165e+19 2.97868e+21 1.82546e+22 0 0 4.64348e+42 0 0.110908 1
1.43301e+12 1.48819e+19 1.48819e+19 2.28477e+19 2.28477e+19 2.28477e+19 2.19673e+21 1.34026e+22 0 0 4.64348e+42 0 0.103969 1
1.65482e+12 1.13629e+19 1.13629e+19 1.70365e+19 1.70365e+19 1.70365e+19 1.61427e+21 9.79628e+21 0 0 4.64348e+42 0 0.098177 1
1.91095e+12 8.59876e+18 8.59877e+18 1.25795e+19 1.25795e+19 1.25795e+19 1.16163e+21 6.99562e+21 0 0 4.64348e+42 0 0.0933933 1
2.20673e+12 6.64656e+18 6.64656e+18 9.48458e+18 9.48458e+18 9.48458e+18 8.58248e+20 5.13355e+21 0 0 4.64348e+42 0 0.0895108 1
2.5483e+12 5.14691e+18 5.14692e+18 7.16483e+18 7.16483e+18 7.16483e+18 6.31839e+20 3.75082e+21 0 0 4.64348e+42 0 0.0864461 1
2.94273e+12 3.9919e+18 3.9919e+18 5.42341e+18 5.42341e+18 5.42341e+18 4.63388e+20 2.72693e+21 0 0 4.64348e+42 0 0.0841374 1
3.39821e+12 3.05593e+18 3.05593e+18 4.05495e+18 4.05495e+18 4.05495e+18 3.32468e+20 1.93403e+21 0 0 4.64348e+42 0 0.082541 1
3.92419e+12 2.39803e+18 2.39803e+18 3.11065e+18 3.11065e+18 3.11065e+18 2.45065e+20 1.41054e+21 0 0 4.64348e+42 0 0.08163 1
4.53158e+12 1.88472e+18 1.88472e+18 2.39259e+18 2.39259e+18 2.39259e+18 1.79952e+20 1.02369e+21 0 0 4.64348e+42 0 0.0813928 1
5.23299e+12 1.48319e+18 1.48319e+18 1.84483e+18 1.84483e+18 1.84483e+18 1.31602e+20 7.38745e+20 0 0 4.64348e+42 0 0.0818329 1
6.04296e+12 1.1483e+18 1.1483e+18 1.40116e+18 1.40116e+18 1.40116e+18 9.40389e+19 5.18989e+20 0 0 4.64348e+42 0 0.0829683 1
6.97831e+12 9.1473e+17 9.14731e+17 1.09635e+18 1.09635e+18 1.09635e+18 6.91021e+19 3.75326e+20 0 0 4.64348e+42 0 0.0848322 1
8.05842e+12 7.2876e+17 7.28761e+17 8.59034e+17 8.59034e+17 8.59034e+17 5.05727e+19 2.69885e+20 0 0 4.64348e+42 0 0.0874729 1
9.30572e+12 5.80131e+17 5.80132e+17 6.73379e+17 6.73379e+17 6.73379e+17 3.68524e+19 1.92803e+20 0 0 4.64348e+42 0 0.0909553 1
1.07461e+13 4.52055e+17 4.52055e+17 5.17313e+17 5.17313e+17 5.17313e+17 2.61992e+19 1.3369e+20 0 0 4.64348e+42 0 0.0953611 1
1.24094e+13 3.62908e+17 3.62908e+17 4.09909e+17 4.09909e+17 4.09909e+17 1.91813e+19 9.55807e+19 0 0 4.64348e+42 0 0.10079 1
1.43301e+13 2.90501e+17 2.90502e+17 3.24223e+17 3.24223e+17 3.24223e+17 1.39841e+19 6.78759e+19 0 0 4.64348e+42 0 0.10736 1
1.65482e+13 2.31635e+17 2.31635e+17 2.55713e+17 2.55713e+17 2.55713e+17 1.01493e+19 4.78309e+19 0 0 4.64348e+42 0 0.115206 1
1.91095e+13 1.79816e+17 1.79816e+17 1.9654e+17 1.9654e+17 1.9654e+17 7.17294e+18 3.25804e+19 0 0 4.64348e+42 0 0.12448 1
2.20673e+13 1.43927e+17 1.43927e+17 1.55895e+17 1.55895e+17 1.55895e+17 5.23179e+18 2.29364e+19 0 0 4.64348e+42 0 0.135345 1
2.5483e+13 1.14563e+17 1.14563e+17 1.23075e+17 1.23075e+17 1.23075e+17 3.79977e+18 1.6017e+19 0 0 4.64348e+42 0 0.147968 1
2.94273e+13 9.06071e+16 9.06074e+16 9.66176e+16 9.66176e+16 9.66176e+16 2.74729e+18 1.1082e+19 0 0 4.64348e+42 0 0.162507 1
3.39821e+13 6.93886e+16 6.9389e+16 7.34958e+16 7.34958e+16 7.34958e+16 1.92974e+18 7.36769e+18 0 0 4.64348e+42 0 0.179093 1
3.92419e+13 5.48895e+16 5.48899e+16 5.77869e+16 5.77869e+16 5.77869e+16 1.40326e+18 5.08089e+18 0 0 4.64348e+42 0 0.197804 1
4.53158e+13 4.3087e+16 4.30875e+16 4.51142e+16 4.51142e+16 4.51142e+16 1.01625e+18 3.46948e+18 0 0 4.64348e+42 0 0.218621 1
5.23299e+13 3.3534e+16 3.35344e+16 3.49395e+16 3.49395e+16 3.49395e+16 7.32795e+17 2.34248e+18 0 0 4.64348e+42 0 0.241387 1
6.04296e+13 2.51094e+16 2.51099e+16 2.60465e+16 2.60465e+16 2.60465e+16 5.11866e+17 1.5068e+18 0 0 4.64348e+42 0 0.265741 1
6.97831e+13 1.94824e+16 1.94828e+16 2.01295e+16 2.01295e+16 2.01295e+16 3.71692e+17 1.01091e+18 0 0 4.64348e+42 0 0.291055 1
8.05842e+13 1.49674e+16 1.49678e+16 1.54097e+16 1.54097e+16 1.54097e+16 2.68872e+17 6.69992e+17 0 0 4.64348e+42 0 0.316368 1
9.30572e+13 1.13738e+16 1.13741e+16 1.16727e+16 1.16727e+16 1.16727e+16 1.93688e+17 4.37859e+17 0 0 4.64348e+42 0 0.340344 1
1.07461e+14 8.24174e+15 8.24206e+15 8.43435e+15 8.43435e+15 8.43435e+15 1.34636e+17 2.6921e+17 0 0 4.64348e+42 0 0 1
1.24094e+14 6.21978e+15 6.22014e+15 6.34905e+15 6.34905e+15 6.34905e+15 9.77754e+16 1.74108e+17 0 0 4.64348e+42 0 0 1
1.43301e+14 4.63461e+15 4.63508e+15 4.72039e+15 4.72039e+15 4.72039e+15 7.07201e+16 1.10896e+17 0 0 4.64348e+42 0 0 1
1.65482e+14 3.40521e+15 3.40591e+15 3.46157e+15 3.46157e+15 3.46157e+15 5.09122e+16 6.93975e+16 0 0 4.64348e+42 0 0 1
1.91095e+14 2.35452e+15 2.35554e+15 2.3897e+15 2.3897e+15 2.3897e+15 3.51598e+16 4.00889e+16 0 0 4.64348e+42 0 0 1
2.20673e+14 1.7086e+15 1.71004e+15 1.73205e+15 1.73205e+15 1.73205e+15 2.54952e+16 2.46884e+16 0 0 4.64348e+42 0 0 1
2.5483e+14 1.21926e+15 1.22113e+15 1.23507e+15 1.23507e+15 1.23507e+15 1.83821e+16 1.4914e+16 0 0 4.64348e+42 0 0 1
2.94273e+14 8.54154e+14 8.56347e+14 8.65015e+14 8.65015e+14 8.65015e+14 1.31633e+16 8.80968e+15 0 0 4.64348e+42 0 0 1
3.39821e+14 5.51661e+14 5.5387e+14 5.58841e+14 5.58841e+14 5.58841e+14 8.95499e+15 4.66438e+15 0 0 4.64348e+42 0 0 1
3.92419e+14 3.7863e+14 3.80844e+14 3.83875e+14 3.83875e+14 3.83875e+14 6.42838e+15 2.69068e+15 0 0 4.64348e+42 0 0 1
4.53158e+14 2.54154e+14 2.56203e+14 2.5801e+14 2.5801e+14 2.5801e+14 4.57074e+15 1.51473e+15 0 0 4.64348e+42 0 0 1
5.23299e+14 1.66544e+14 1.68303e+14 1.69356e+14 1.69356e+14 1.69356e+14 3.21348e+15 8.28687e+14 0 0 4.64348e+42 0 0 1
6.04296e+14 9.74183e+13 9.87085e+13 9.92558e+13 9.92558e+13 9.92558e+13 2.11329e+15 3.87752e+14 0 0 4.64348e+42 0 0 1
6.97831e+14 6.18715e+13 6.28601e+13 6.31691e+13 6.31691e+13 6.31691e+13 1.47577e+15 2.0492e+14 0 0 4.64348e+42 0 0 1
8.05842e+14 3.81505e+13 3.88614e+13 3.90308e+13 3.90308e+13 3.90308e+13 1.01456e+15 1.05018e+14 0 0 4.64348e+42 0 0 1
9.30572e+14 2.27991e+13 2.32801e+13 2.33701e+13 2.33701e+13 2.33701e+13 6.85146e+14 5.18988e+13 0 0 4.64348e+42 0 0 1
1.07461e+15 1.15286e+13 1.17969e+13 1.18374e+13 1.18374e+13 1.18374e+13 4.22333e+14 2.03093e+13 0 0 4.64348e+42 0 0 1
1.24094e+15 6.56659e+12 6.73131e+12 6.75181e+12 6.75181e+12 6.75181e+12 2.79536e+14 9.53814e+12 0 0 4.64348e+42 0 0 1
1.43301e+15 3.59014e+12 3.68527e+12 3.69523e+12 3.69523e+12 3.69523e+12 1.80648e+14 4.31131e+12 0 0 4.64348e+42 0 0 1
1.65482e+15 1.88294e+12 1.93471e+12 1.93935e+12 1.93935e+12 1.93935e+12 1.1369e+14 1.86171e+12 0 0 4.64348e+42 0 0 1
1.91095e+15 7.62949e+11 7.84367e+11 7.86042e+11 7.86042e+11 7.86042e+11 6.27947e+13 5.57923e+11 0 0 4.64348e+42 0 0 1
2.20673e+15 3.70987e+11 3.81472e+11 3.82197e+11 3.82197e+11 3.82197e+11 3.80409e+13 2.2266e+11 0 0 4.64348e+42 0 0 1
2.5483e+15 1.69792e+11 1.74563e+11 1.74859e+11 1.74859e+11 1.74859e+11 2.22527e+13 8.48337e+10 0 0 4.64348e+42 0 0 1
2.94273e+15 7.33402e+10 7.53661e+10 7.548e+10 7.548e+10 7.548e+10 1.25421e+13 3.06421e+10 0 0 4.64348e+42 0 0 1
3.39821e+15 2.1104e+10 2.16715e+10 2.17007e+10 2.17007e+10 2.17007e+10 5.81185e+12 6.02751e+09 0 0 4.64348e+42 0 0 1
3.92419e+15 8.10591e+09 8.31618e+09 8.32622e+09 8.32622e+09 8.32622e+09 3.07516e+12 1.89578e+09 0 0 4.64348e+42 0 0 1
4.53158e+15 2.82441e+09 2.89453e+09 2.89766e+09 2.89766e+09 2.89766e+09 1.54732e+12 5.63587e+08 0 0 4.64348e+42 0 0 1
5.23299e+15 8.92524e+08 9.13582e+08 9.1447e+08 9.1447e+08 9.1447e+08 7.40398e+11 1.60106e+08 0 0 4.64348e+42 0 0 1
6.04296e+15 1.53706e+08 1.5713e+08 1.57268e+08 1.57268e+08 1.57268e+08 2.61294e+11 1.6076e+07 0 0 4.64348e+42 0 0 1
6.97831e+15 4.23259e+07 4.32113e+07 4.32454e+07 4.32454e+07 4.32454e+07 1.13366e+11 3.4743e+06 0 0 4.64348e+42 0 0 1
8.05842e+15 1.07731e+07 1.09835e+07 1.09914e+07 1.09914e+07 1.09914e+07 4.56778e+10 684537 0 0 4.64348e+42 0 0 1
9.30572e+15 2.91026e+06 2.96313e+06 2.96505e+06 2.96505e+06 2.96505e+06 1.71625e+10 131835 0 0 4.64348e+42 0 0 1
1.07461e+16 668867 680118 680519 680519 680519 4.01817e+09 5143.12 0 0 4.64348e+42 0 0 1
1.24094e+16 327874 332962 333141 333141 333141 1.3095e+09 600.688 0 0 4.64348e+42 0 0 1
1.43301e+16 148193 150307 150381 150381 150381 3.79722e+08 56.7161 0 0 4.64348e+42 0 0 1
1.65482e+16 57358.6 58108.5 58135 58135 58135 9.73639e+07 5.07327 0 0 4.64348e+42 0 0 1
1.91095e+16 10540.2 10666.2 10670.7 10670.7 10670.7 1.24517e+07 0.0544611 0 0 4.64348e+42 0 0 1
2.20673e+16 3062.7 3096.07 3097.28 3097.28 3097.28 2.64617e+06 0.00228403 0 0 4.64348e+42 0 0 1
2.5483e+16 702.944 709.91 710.168 710.168 710.168 465145 6.08894e-05 0 0 4.64348e+42 0 0 1
2.94273e+16 120.015 121.095 121.136 121.136 121.136 63381.8 1.13208e-06 0 0 4.64348e+42 0 0 1
3.39821e+16 7.19261 7.25121 7.25355 7.25355 7.25355 3145.26 1.84519e-09 0 0 4.64348e+42 0 0 1
3.92419e+16 0.888951 0.895501 0.895774 0.895774 0.895774 332.628 1.33526e-11 0 0 4.64348e+42 0 0 1
4.53158e+16 0.0776981 0.078215 0.0782376 0.0782376 0.0782376 25.6184 3.75244e-14 0 0 4.64348e+42 0 0 1
5.23299e+16 0.00436142 0.00438758 0.00438879 0.00438879 0.00438879 1.30089 3.95446e-17 0 0 4.64348e+42 0 0 1
6.04296e+16 4.7049e-05 4.73029e-05 4.73154e-05 4.73154e-05 4.73154e-05 0.0129974 2.43017e-21 0 0 4.64348e+42 0 0 1
6.97831e+16 1.60828e-06 1.61608e-06 1.61649e-06 1.61649e-06 1.61649e-06 0.000420282 3.99722e-25 0 0 4.64348e+42 0 0 1
8.05842e+16 2.55729e-08 2.56843e-08 2.56906e-08 2.56906e-08 2.56906e-08 6.44319e-06 1.20939e-29 0 0 4.64348e+42 0 0 1
9.30572e+16 0 0 0 0 0 0 0 0 0 4.64348e+42 0 0 1