
1.07461e-07 0 0 2.24404e-262 4.61004e+48 1.59005e+59 4.93037e+57 0 5.04632e+41 0 4.64348e+42 0 0 0
1.24094e-07 0 0 1.00827e-220 5.2879e+48 1.43498e+59 4.45401e+57 0 5.8274e+41 0 4.64348e+42 0 0 0
1.43301e-07 0 0 1.20462e-184 6.06076e+48 1.29403e+59 4.02106e+57 0 6.72937e+41 0 4.64348e+42 0 0 0
1.65482e-07 0 0 2.13819e-153 6.94062e+48 1.16593e+59 3.62756e+57 0 7.77096e+41 0 4.64348e+42 0 0 0
1.91095e-07 0 0 2.50157e-126 7.94059e+48 1.04951e+59 3.26991e+57 0 8.97376e+41 0 4.64348e+42 0 0 0
2.20673e-07 0 0 7.00887e-103 9.07493e+48 9.43704e+58 2.94485e+57 0 1.03627e+42 0 4.64348e+42 0 0 0
2.5483e-07 0 0 1.43729e-82 1.03589e+49 8.47555e+58 2.64943e+57 0 1.19667e+42 0 4.64348e+42 0 0 0
2.94273e-07 0 0 5.67609e-65 1.18089e+49 7.60192e+58 2.38096e+57 0 1.38189e+42 0 4.64348e+42 0 0 0
3.39821e-07 0 0 9.97648e-50 1.34419e+49 6.80825e+58 2.137e+57 0 1.59579e+42 0 4.64348e+42 0 0 0
3.92419e-07 0 0 1.612e-36 1.52755e+49 6.08739e+58 1.91535e+57 0 1.84278e+42 0 4.64348e+42 0 0 0
4.53158e-07 0 0 4.4875e-25 1.73275e+49 5.43286e+58 1.714e+57 0 2.12801e+42 0 4.64348e+42 0 0 0
5.23299e-07 0 0 3.70772e-15 1.96151e+49 4.83881e+58 1.53114e+57 0 2.45739e+42 0 4.64348e+42 0 0 0
6.04296e-07 0 0 1.45614e-06 2.21548e+49 4.29992e+58 1.36514e+57 0 2.83775e+42 0 4.64348e+42 0 0 0
6.97831e-07 0 0 40.8684 2.49609e+49 3.81142e+58 1.21451e+57 0 3.27699e+42 0 4.64348e+42 0 0 0
8.05842e-07 0 0 1.16679e+08 2.80449e+49 3.36897e+58 1.0779e+57 0 3.7842e+42 0 4.64348e+42 0 0 0
9.30572e-07 0 0 4.60022e+13 3.14143e+49 2.96868e+58 9.54111e+56 0 4.36993e+42 0 4.64348e+42 0 0 0
1.07461e-06 0 0 3.26347e+18 3.5071e+49 2.60702e+58 8.42041e+56 0 5.04632e+42 0 4.64348e+42 0 0 0
1.24094e-06 0 0 5.23844e+22 3.90097e+49 2.28083e+58 7.40708e+56 0 5.8274e+42 0 4.64348e+42 0 0 0
1.43301e-06 0 0 2.31999e+26 4.3217e+49 1.98726e+58 6.4922e+56 0 6.72937e+42 0 4.64348e+42 0 0 0
1.65482e-06 0 0 3.36594e+29 4.76696e+49 1.72372e+58 5.66779e+56 0 7.77096e+42 0 4.64348e+42 0 0 0
1.91095e-06 0 0 1.85617e+32 5.23336e+49 1.48789e+58 4.92661e+56 0 8.97376e+42 0 4.64348e+42 0 0 0
2.20673e-06 0 0 4.425e+34 5.71653e+49 1.27767e+58 4.26216e+56 0 1.03627e+43 0 4.64348e+42 0 0 0
2.5483e-06 0 0 5.098e+36 6.21121e+49 1.09113e+58 3.66855e+56 0 1.19667e+43 0 4.64348e+42 0 0 0
2.94273e-06 0 0 3.12617e+38 6.71164e+49 9.26503e+57 3.14044e+56 0 1.38189e+43 0 4.64348e+42 0 0 0
3.39821e-06 0 0 1.10947e+40 7.21213e+49 7.82154e+57 2.67294e+56 0 1.59579e+43 0 4.64348e+42 0 0 0
3.92419e-06 0 0 2.45063e+41 7.70799e+49 6.56528e+57 2.26154e+56 0 1.84278e+43 0 4.64348e+42 0 0 0
4.53158e-06 0 0 3.58891e+42 8.19663e+49 5.48138e+57 1.90201e+56 0 2.12801e+43 0 4.64348e+42 0 0 0
5.23299e-06 0 0 3.68236e+43 8.6791e+49 4.55526e+57 1.59034e+56 0 2.45739e+43 0 4.64348e+42 0 0 0
6.04296e-06 0 0 2.77807e+44 9.16156e+49 3.77245e+57 1.32264e+56 0 2.83775e+43 0 4.64348e+42 0 0 0
6.97831e-06 0 0 1.60786e+45 9.65685e+49 3.11839e+57 1.09508e+56 0 3.27699e+43 0 4.64348e+42 0 0 0
8.05842e-06 0 0 7.41128e+45 1.01854e+50 2.57836e+57 9.03832e+55 0 3.7842e+43 0 4.64348e+42 0 0 0
9.30572e-06 0 0 2.81194e+46 1.07756e+50 2.13756e+57 7.45019e+55 0 4.36993e+43 0 4.64348e+42 0 0 0
1.07461e-05 0 0 9.03946e+46 1.14622e+50 1.78126e+57 6.14735e+55 0 5.04632e+43 0 4.64348e+42 0 0 0
1.24094e-05 0 0 2.5244e+47 1.22845e+50 1.49517e+57 5.09057e+55 0 5.8274e+43 0 4.64348e+42 0 0 0
1.43301e-05 0 0 6.25502e+47 1.32814e+50 1.26584e+57 4.24118e+55 0 6.72937e+43 0 4.64348e+42 0 0 0
1.65482e-05 0 0 1.39926e+48 1.44881e+50 1.08112e+57 3.56206e+55 0 7.77096e+43 0 4.64348e+42 0 0 0
1.91095e-05 0 0 2.8657e+48 1.59311e+50 9.30593e+56 3.0188e+55 0 8.97376e+43 0 4.64348e+42 0 0 0
2.20673e-05 0 0 5.43341e+48 1.76277e+50 8.0578e+56 2.58096e+55 0 1.03627e+44 0 4.64348e+42 0 0 0
2.5483e-05 0 0 9.62441e+48 1.95863e+50 7.0024e+56 2.22297e+55 0 1.19667e+44 0 4.64348e+42 0 0 0
2.94273e-05 0 0 1.60512e+49 2.18117e+50 6.09382e+56 1.92462e+55 0 1.38189e+44 0 4.64348e+42 0 0 0
3.39821e-05 0 0 2.53805e+49 2.43106e+50 5.30122e+56 1.67096e+55 0 1.59578e+44 0 4.64348e+42 0 0 0
3.92419e-05 0 0 3.82968e+49 2.70975e+50 4.60466e+56 1.45164e+55 0 1.84278e+44 0 4.64348e+42 0 0 0
4.53158e-05 0 0 5.54778e+49 3.01986e+50 3.99109e+56 1.25987e+55 0 2.12801e+44 0 4.64348e+42 0 0 0
5.23299e-05 0 0 7.75897e+49 3.36542e+50 3.45125e+56 1.09128e+55 0 2.45739e+44 0 4.64348e+42 0 0 0
6.04296e-05 0 0 1.053e+50 3.75188e+50 2.97775e+56 9.42982e+54 0 2.83775e+44 0 4.64348e+42 0 0 0
6.97831e-05 0 0 1.39303e+50 4.18621e+50 2.56402e+56 8.12823e+54 0 3.27698e+44 0 4.64348e+42 0 0 0
8.05842e-05 0 0 1.80361e+50 4.67684e+50 2.20391e+56 6.99005e+54 0 3.7842e+44 0 4.64348e+42 0 0 0
9.30572e-05 0 0 2.29334e+50 5.23374e+50 1.89156e+56 5.99887e+54 0 4.36992e+44 0 4.64348e+42 0 0 0
0.000107461 0 0 2.87217e+50 5.86844e+50 1.62143e+56 5.13913e+54 0 5.0463e+44 0 4.64348e+42 0 0 0
0.000124094 0 0 3.55171e+50 6.59412e+50 1.38829e+56 4.39598e+54 0 5.82738e+44 0 4.64348e+42 0 0 0
0.000143301 0 0 4.34555e+50 7.42586e+50 1.18737e+56 3.7554e+54 0 6.72935e+44 0 4.64348e+42 0 0 0
0.000165482 0 0 5.26979e+50 8.38117e+50 1.01437e+56 3.20432e+54 0 7.77093e+44 0 4.64348e+42 0 0 0
0.000191095 0 0 6.34373e+50 9.48083e+50 8.65468e+55 2.73086e+54 0 8.97372e+44 0 4.64348e+42 0 0 0
0.000220673 0 0 7.59093e+50 1.075e+51 7.37379e+55 2.32438e+54 0 1.03627e+45 0 4.64348e+42 0 0 0
0.00025483 0 0 9.04027e+50 1.22191e+51 6.27267e+55 1.97561e+54 0 1.19666e+45 0 4.64348e+42 0 0 0
0.000294273 0 0 1.07269e+51 1.3925e+51 5.32701e+55 1.67653e+54 0 1.38188e+45 0 4.64348e+42 0 0 0
0.000339821 0 0 1.26933e+51 1.59113e+51 4.51589e+55 1.42029e+54 0 1.59577e+45 0 4.64348e+42 0 0 0
0.000392419 0 0 1.49899e+51 1.82296e+51 3.82117e+55 1.20103e+54 0 1.84277e+45 0 4.64348e+42 0 0 0
0.000453158 0 0 1.76768e+51 2.09407e+51 3.22706e+55 1.01368e+54 0 2.12799e+45 0 4.64348e+42 0 0 0
0.000523299 0 0 2.0826e+51 2.41173e+51 2.71981e+55 8.53859e+53 0 2.45736e+45 0 4.64348e+42 0 0 0
0.000604296 0 0 2.45238e+51 2.78464e+51 2.28746e+55 7.17752e+53 0 2.83771e+45 0 4.64348e+42 0 0 0
0.000697831 0 0 2.88745e+51 3.22329e+51 1.91959e+55 6.02045e+53 0 3.27694e+45 0 4.64348e+42 0 0 0
0.000805842 0 0 3.40031e+51 3.74024e+51 1.60721e+55 5.03862e+53 0 3.78414e+45 0 4.64348e+42 0 0 0
0.000930572 0 0 4.00597e+51 4.35053e+51 1.34248e+55 4.20716e+53 0 4.36984e+45 0 4.64348e+42 0 0 0
0.00107461 0 0 4.72243e+51 5.0722e+51 1.11862e+55 3.50449e+53 0 5.0462e+45 0 4.64348e+42 0 0 0
0.00124094 0 0 5.57135e+51 5.92696e+51 9.2975e+54 2.91199e+53 0 5.82724e+45 0 4.64348e+42 0 0 0
0.00143301 0 0 6.57884e+51 6.94096e+51 7.70778e+54 2.41355e+53 0 6.72916e+45 0 4.64348e+42 0 0 0
0.00165482 0 0 7.77641e+51 8.14574e+51 6.37304e+54 1.99525e+53 0 7.77067e+45 0 4.64348e+42 0 0 0
0.00191095 0 0 9.20212e+51 9.57939e+51 5.2553e+54 1.64509e+53 0 8.97338e+45 0 4.64348e+42 0 0 0
0.00220673 0 0 1.0902e+52 1.1288e+52 4.32177e+54 1.35274e+53 0 1.03622e+46 0 4.64348e+42 0 0 0
0.0025483 0 0 1.29319e+52 1.33275e+52 3.54425e+54 1.10932e+53 0 1.1966e+46 0 4.64348e+42 0 0 0
0.00294273 0 0 1.53597e+52 1.57657e+52 2.89852e+54 9.07208e+52 0 1.3818e+46 0 4.64348e+42 0 0 0
0.00339821 0 0 1.82678e+52 1.86852e+52 2.3638e+54 7.39869e+52 0 1.59567e+46 0 4.64348e+42 0 0 0
0.00392419 0 0 2.17567e+52 2.21866e+52 1.92232e+54 6.01727e+52 0 1.84262e+46 0 4.64348e+42 0 0 0
0.00453158 0 0 2.5949e+52 2.63925e+52 1.55893e+54 4.88027e+52 0 2.1278e+46 0 4.64348e+42 0 0 0
0.00523299 0 0 3.09948e+52 3.1453e+52 1.26072e+54 3.94724e+52 0 2.45711e+46 0 4.64348e+42 0 0 0
0.00604296 0 0 3.70777e+52 3.75518e+52 1.01676e+54 3.18393e+52 0 2.83737e+46 0 4.64348e+42 0 0 0
0.00697831 0 0 4.44227e+52 4.49142e+52 8.17786e+53 2.56134e+52 0 3.27648e+46 0 4.64348e+42 0 0 0
0.00805842 0 0 5.33059e+52 5.38162e+52 6.5601e+53 2.05508e+52 0 3.78353e+46 0 4.64348e+42 0 0 0
0.00930572 0 0 6.40489e+52 6.45796e+52 5.24876e+53 1.64465e+52 0 4.36903e+46 0 4.64348e+42 0 0 0
0.0107461 0 0 7.67749e+52 7.73255e+52 4.189e+53 1.3129e+52 0 5.04512e+46 0 4.64348e+42 0 0 0
0.0124094 0 0 9.03613e+52 9.09221e+52 3.33508e+53 1.04553e+52 0 5.8258e+46 0 4.64348e+42 0 0 0
0.0143301 0 0 1.01557e+53 1.02102e+53 2.64902e+53 8.30669e+51 0 6.72725e+46 0 4.64348e+42 0 0 0
0.0165482 0 0 1.06676e+53 1.07172e+53 2.09937e+53 6.58484e+51 0 7.76812e+46 0 4.64348e+42 0 0 0
0.0191095 0 0 1.04322e+53 1.04742e+53 1.6602e+53 5.20872e+51 0 8.96998e+46 0 4.64348e+42 0 0 0
0.0220673 0 0 9.58483e+52 9.61824e+52 1.31023e+53 4.1118e+51 0 1.03577e+47 0 4.64348e+42 0 0 0
0.025483 0 0 8.38652e+52 8.41183e+52 1.03204e+53 3.2396e+51 0 1.196e+47 0 4.64348e+42 0 0 0
0.0294273 0 0 7.07923e+52 7.09773e+52 8.11437e+52 2.54776e+51 0 1.381e+47 0 4.64348e+42 0 0 0
0.0339821 0 0 5.82537e+52 5.83855e+52 6.36896e+52 2.00023e+51 0 1.59459e+47 0 4.64348e+42 0 0 0
0.0392419 0 0 4.70923e+52 4.71845e+52 4.99097e+52 1.56783e+51 0 1.84119e+47 0 4.64348e+42 0 0 0
0.0453158 0 0 3.76045e+52 3.76683e+52 3.90524e+52 1.22706e+51 0 2.12589e+47 0 4.64348e+42 0 0 0
0.0523299 0 0 2.97735e+52 2.98172e+52 3.05141e+52 9.59007e+50 0 2.45456e+47 0 4.64348e+42 0 0 0
0.0604296 0 0 2.3433e+52 2.34628e+52 2.38112e+52 7.48529e+50 0 2.83397e+47 0 4.64348e+42 0 0 0
0.0697831 0 0 1.83644e+52 1.83847e+52 1.8558e+52 5.83535e+50 0 3.27195e+47 0 4.64348e+42 0 0 0
0.0805842 0 0 1.43476e+52 1.43613e+52 1.44471e+52 4.54395e+50 0 3.77748e+47 0 4.64348e+42 0 0 0
0.0930572 0 0 1.11831e+52 1.11923e+52 1.12346e+52 3.53462e+50 0 4.36097e+47 0 4.64348e+42 0 0 0
0.107461 0 0 8.70064e+51 8.70686e+51 8.72766e+51 2.74679e+50 0 5.03437e+47 0 4.64348e+42 0 0 0
0.124094 3.13634e-191 3.13634e-191 6.7592e+51 6.76339e+51 6.77358e+51 2.1326e+50 0 5.81147e+47 1.14171e-193 4.64348e+42 0 0 0
0.143301 6.17631e-128 6.17631e-128 5.2444e+51 5.24721e+51 5.25219e+51 1.65432e+50 0 6.70813e+47 2.50935e-130 4.64348e+42 0 0 0
0.165482 3.29584e-81 3.29584e-81 4.06462e+51 4.0665e+51 4.06893e+51 1.28226e+50 0 7.74264e+47 1.49614e-83 4.64348e+42 0 0 0
0.191095 1.00784e-46 1.00784e-46 3.14712e+51 3.14839e+51 3.14957e+51 9.93114e+49 0 8.93601e+47 5.11689e-49 4.64348e+42 0 0 0
0.220673 2.77666e-21 2.77666e-21 2.43449e+51 2.43534e+51 2.43591e+51 7.68601e+49 0 1.03124e+48 1.57812e-23 4.64348e+42 0 0 0
0.25483 0.0158711 0.0158711 1.88158e+51 1.88215e+51 1.88242e+51 5.94419e+49 0 1.18996e+48 0.000101067 4.64348e+42 0 0 0
0.294273 1.04789e+12 1.04789e+12 1.45301e+51 1.45339e+51 1.45353e+51 4.59391e+49 0 1.37295e+48 7.48288e+09 4.64348e+42 0 0 0
0.339821 1.55816e+22 1.55816e+22 1.12113e+51 1.12138e+51 1.12145e+51 3.54793e+49 0 1.58386e+48 1.24876e+20 4.64348e+42 0 0 0
0.392419 4.68466e+29 4.68466e+29 8.64332e+50 8.64502e+50 8.64533e+50 2.73825e+49 0 1.82689e+48 4.21714e+27 4.64348e+42 0 0 0
0.453158 1.44144e+35 1.44144e+35 6.65803e+50 6.65916e+50 6.65931e+50 2.11191e+49 0 2.10683e+48 1.45871e+33 4.64348e+42 0 0 0
0.523299 1.50422e+39 1.50422e+39 5.12445e+50 5.1252e+50 5.12527e+50 1.62771e+49 0 2.42915e+48 1.7127e+37 4.64348e+42 0 0 0
0.604296 1.29015e+42 1.29015e+42 3.94076e+50 3.94126e+50 3.94129e+50 1.25365e+49 0 2.80011e+48 1.65415e+40 4.64348e+42 0 0 0
0.697831 1.74887e+44 1.74887e+44 3.02787e+50 3.02821e+50 3.02822e+50 9.64871e+48 0 3.22683e+48 2.52716e+42 4.64348e+42 0 0 0
0.805842 6.07317e+45 6.07317e+45 2.32442e+50 2.32465e+50 2.32466e+50 7.42072e+48 0 3.71737e+48 9.89945e+43 4.64348e+42 0 0 0
0.930572 7.71855e+46 7.71855e+46 1.78283e+50 1.78298e+50 1.78299e+50 5.70296e+48 0 4.28089e+48 1.42047e+45 4.64348e+42 0 0 0
1.07461 4.67214e+47 4.67214e+47 1.36621e+50 1.36631e+50 1.36632e+50 4.37953e+48 0 4.92771e+48 9.71631e+45 4.64348e+42 0 0 0
1.24094 1.63616e+48 1.63616e+48 1.04602e+50 1.04608e+50 1.04608e+50 3.36063e+48 0 5.66942e+48 3.84847e+46 4.64348e+42 0 0 0
1.43301 3.82674e+48 3.82674e+48 8.00155e+49 8.00198e+49 8.00199e+49 2.57679e+48 0 6.51901e+48 1.01894e+47 4.64348e+42 0 0 0
1.65482 6.64588e+48 6.64588e+48 6.11546e+49 6.11574e+49 6.11575e+49 1.97423e+48 0 7.4909e+48 2.00499e+47 4.64348e+42 0 0 0
1.91095 9.26768e+48 9.26768e+48 4.66998e+49 4.67017e+49 4.67017e+49 1.51142e+48 0 8.60101e+48 3.17058e+47 4.64348e+42 0 0 0
2.20673 1.0994e+49 1.0994e+49 3.56325e+49 3.56337e+49 3.56337e+49 1.15623e+48 0 9.86677e+48 4.26858e+47 4.64348e+42 0 0 0
2.5483 1.15771e+49 1.15771e+49 2.71671e+49 2.71679e+49 2.71679e+49 8.83863e+47 0 1.1307e+49 5.10532e+47 4.64348e+42 0 0 0
2.94273 1.11674e+49 1.11674e+49 2.06982e+49 2.06987e+49 2.06987e+49 6.75189e+47 0 1.29418e+49 5.59729e+47 4.64348e+42 0 0 0
3.39821 1.00991e+49 1.00991e+49 1.57595e+49 1.57599e+49 1.57599e+49 5.1545e+47 0 1.47922e+49 5.75686e+47 4.64348e+42 0 0 0
3.92419 8.71006e+48 8.71006e+48 1.19926e+49 1.19929e+49 1.19929e+49 3.93274e+47 0 1.68795e+49 5.64988e+47 4.64348e+42 0 0 0
4.53158 7.2552e+48 7.2552e+48 9.12192e+48 9.12207e+48 9.12207e+48 2.99904e+47 0 1.92249e+49 5.35773e+47 4.64348e+42 0 0 0
5.23299 5.89139e+48 5.89139e+48 6.93592e+48 6.93603e+48 6.93603e+48 2.28604e+47 0 2.18478e+49 4.95465e+47 4.64348e+42 0 0 0
6.04296 4.69587e+48 4.69587e+48 5.27252e+48 5.27258e+48 5.27258e+48 1.74198e+47 0 2.47647e+49 4.4986e+47 4.64348e+42 0 0 0
6.97831 3.69282e+48 3.69282e+48 4.00754e+48 4.00759e+48 4.00759e+48 1.3271e+47 0 2.79865e+49 4.03029e+47 4.64348e+42 0 0 0
8.05842 2.87595e+48 2.87595e+48 3.04606e+48 3.04609e+48 3.04609e+48 1.01091e+47 0 3.15164e+49 3.57579e+47 4.64348e+42 0 0 0
9.30572 2.22433e+48 2.22433e+48 2.31553e+48 2.31555e+48 2.31555e+48 7.70046e+46 0 3.53456e+49 3.15026e+47 4.64348e+42 0 0 0
10.7461 1.71204e+48 1.71204e+48 1.76063e+48 1.76064e+48 1.76064e+48 5.86638e+46 0 3.94486e+49 2.76125e+47 4.64348e+42 0 0 0
12.4094 1.31339e+48 1.31339e+48 1.33919e+48 1.3392e+48 1.3392e+48 4.47015e+46 0 4.37781e+49 2.41141e+47 4.64348e+42 0 0 0
14.3301 1.00541e+48 1.00541e+48 1.01911e+48 1.01911e+48 1.01911e+48 3.40738e+46 0 4.82581e+49 2.10035e+47 4.64348e+42 0 0 0
16.5482 7.68656e+47 7.68656e+47 7.75987e+47 7.7599e+47 7.7599e+47 2.59847e+46 0 5.27768e+49 1.82597e+47 4.64348e+42 0 0 0
19.1095 5.87284e+47 5.87284e+47 5.91275e+47 5.91277e+47 5.91277e+47 1.98272e+46 0 5.71793e+49 1.58529e+47 4.64348e+42 0 0 0
22.0673 4.48648e+47 4.48648e+47 4.50892e+47 4.50893e+47 4.50893e+47 1.51391e+46 0 6.12622e+49 1.37502e+47 4.64348e+42 0 0 0
25.483 3.42824e+47 3.42824e+47 3.44152e+47 3.44153e+47 3.44153e+47 1.15688e+46 0 6.47707e+49 1.19183e+47 4.64348e+42 0 0 0
29.4273 2.62108e+47 2.62108e+47 2.62949e+47 2.6295e+47 2.6295e+47 8.8487e+45 0 6.74024e+49 1.03252e+47 4.64348e+42 0 0 0
33.9821 2.00559e+47 2.00559e+47 2.01135e+47 2.01136e+47 2.01136e+47 6.77537e+45 0 6.88212e+49 8.94191e+46 4.64348e+42 0 0 0
39.2419 1.5362e+47 1.5362e+47 1.54047e+47 1.54047e+47 1.54047e+47 5.19415e+45 0 6.86862e+49 7.74177e+46 4.64348e+42 0 0 0
45.3158 1.17809e+47 1.17809e+47 1.18146e+47 1.18146e+47 1.18146e+47 3.98746e+45 0 6.66987e+49 6.70122e+46 4.64348e+42 0 0 0
52.3299 9.04701e+46 9.04701e+46 9.07482e+46 9.07483e+46 9.07483e+46 3.06588e+45 0 6.26687e+49 5.79942e+46 4.64348e+42 0 0 0
60.4296 6.95795e+46 6.95795e+46 6.98164e+46 6.98165e+46 6.98165e+46 2.3614e+45 0 5.65936e+49 5.01809e+46 4.64348e+42 0 0 0
69.7831 5.35975e+46 5.35975e+46 5.38032e+46 5.38033e+46 5.38033e+46 1.82224e+45 0 4.87315e+49 4.34127e+46 4.64348e+42 0 0 0
80.5842 4.13531e+46 4.13531e+46 4.1534e+46 4.1534e+46 4.1534e+46 1.40903e+45 0 3.96368e+49 3.75504e+46 4.64348e+42 0 0 0
93.0572 3.19567e+46 3.19567e+46 3.21169e+46 3.2117e+46 3.2117e+46 1.09179e+45 0 3.01211e+49 3.24733e+46 4.64348e+42 0 0 0
107.461 2.47328e+46 2.47328e+46 2.48755e+46 2.48755e+46 2.48755e+46 8.47727e+44 0 2.11174e+49 2.80763e+46 4.64348e+42 0 0 0
124.094 1.91692e+46 1.91692e+46 1.92966e+46 1.92966e+46 1.92966e+46 6.59535e+44 0 1.34632e+49 2.42686e+46 4.64348e+42 0 0 0
143.301 1.48768e+46 1.48768e+46 1.49909e+46 1.49909e+46 1.49909e+46 5.14084e+44 0 7.67887e+48 2.09713e+46 4.64348e+42 0 0 0
165.482 1.15604e+46 1.15604e+46 1.16627e+46 1.16627e+46 1.16627e+46 4.01416e+44 0 3.84659e+48 1.81159e+46 4.64348e+42 0 0 0
191.095 8.99445e+45 8.99445e+45 9.08646e+45 9.08646e+45 9.08646e+45 3.13969e+44 0 1.6573e+48 1.56434e+46 4.64348e+42 0 0 0
220.673 7.00673e+45 7.00673e+45 7.08955e+45 7.08955e+45 7.08955e+45 2.45979e+44 0 5.99711e+47 1.35025e+46 4.64348e+42 0 0 0
254.83 5.46492e+45 5.46492e+45 5.53956e+45 5.53957e+45 5.53957e+45 1.93027e+44 0 1.77364e+47 1.16486e+46 4.64348e+42 0 0 0
294.273 4.26736e+45 4.26736e+45 4.33474e+45 4.33474e+45 4.33474e+45 1.51717e+44 0 4.15495e+46 1.00435e+46 4.64348e+42 0 0 0
339.821 3.3359e+45 3.3359e+45 3.3968e+45 3.3968e+45 3.3968e+45 1.19432e+44 0 7.43645e+45 8.65378e+45 4.64348e+42 0 0 0
392.419 2.61045e+45 2.61045e+45 2.66556e+45 2.66556e+45 2.66556e+45 9.41528e+43 0 9.75361e+44 7.4506e+45 4.64348e+42 0 0 0
453.158 2.0447e+45 2.0447e+45 2.09463e+45 2.09463e+45 2.09463e+45 7.43243e+43 0 8.93446e+43 6.40902e+45 4.64348e+42 0 0 0
523.299 1.60294e+45 1.60294e+45 1.64822e+45 1.64822e+45 1.64822e+45 5.87449e+43 0 5.40686e+42 5.50743e+45 4.64348e+42 0 0 0
604.296 1.25753e+45 1.25753e+45 1.29864e+45 1.29864e+45 1.29864e+45 4.64846e+43 0 2.02736e+41 4.72711e+45 4.64348e+42 0 0 0
697.831 9.87087e+44 9.87087e+44 1.02444e+45 1.02444e+45 1.02444e+45 3.68209e+43 0 4.37368e+39 4.05187e+45 4.64348e+42 0 0 0
805.842 7.75036e+44 7.75036e+44 8.09006e+44 8.09006e+44 8.09006e+44 2.91916e+43 0 4.98351e+37 3.46769e+45 4.64348e+42 0 0 0
930.572 6.08525e+44 6.08525e+44 6.39428e+44 6.39428e+44 6.39428e+44 2.3158e+43 0 2.71698e+35 2.96244e+45 4.64348e+42 0 0 0
1074.61 4.77591e+44 4.77591e+44 5.05708e+44 5.05708e+44 5.05708e+44 1.83782e+43 0 6.32338e+32 2.52563e+45 4.64348e+42 0 0 0
1240.94 3.74507e+44 3.74507e+44 4.00082e+44 4.00082e+44 4.00082e+44 1.45854e+43 0 5.50683e+29 2.14817e+45 4.64348e+42 0 0 0
1433.01 2.9327e+44 2.9327e+44 3.16516e+44 3.16516e+44 3.16516e+44 1.15714e+43 0 1.54123e+26 1.8222e+45 4.64348e+42 0 0 0
1654.82 2.29207e+44 2.29207e+44 2.50313e+44 2.50313e+44 2.50313e+44 9.17337e+42 0 1.16289e+22 1.54093e+45 4.64348e+42 0 0 0
1910.95 1.78674e+44 1.78674e+44 1.97807e+44 1.97807e+44 1.97807e+44 7.26362e+42 0 1.93107e+17 1.29849e+45 4.64348e+42 0 0 0
2206.73 1.38825e+44 1.38825e+44 1.56129e+44 1.56129e+44 1.56129e+44 5.74193e+42 0 5.58334e+11 1.08979e+45 4.64348e+42 0 0 0
2548.3 1.07426e+44 1.07426e+44 1.23033e+44 1.23033e+44 1.23033e+44 4.52932e+42 0 214447 9.10441e+44 4.64348e+42 0 0 0
2942.73 8.27226e+43 8.27226e+43 9.6751e+43 9.6751e+43 9.6751e+43 3.56339e+42 0 0.00800538 7.56632e+44 4.64348e+42 0 0 0
3398.21 6.33305e+43 6.33305e+43 7.58882e+43 7.58882e+43 7.58882e+43 2.79465e+42 0 2.02482e-11 6.25071e+44 4.64348e+42 0 0 0
3924.19 4.81558e+43 4.81558e+43 5.9343e+43 5.9343e+43 5.9343e+43 2.18376e+42 0 2.28761e-21 5.12903e+44 4.64348e+42 0 0 0
4531.58 3.63301e+43 3.63301e+43 4.62413e+43 4.62413e+43 4.62413e+43 1.69931e+42 0 7.1353e-33 4.17647e+44 4.64348e+42 0 0 0
5232.99 2.77282e+43 2.77282e+43 3.62141e+43 3.62141e+43 3.62141e+43 1.33003e+42 0 3.52516e-46 3.44177e+44 4.64348e+42 0 0 0
6042.96 2.06501e+43 2.06501e+43 2.8052e+43 2.8052e+43 2.8052e+43 1.02792e+42 0 1.45222e-61 2.76878e+44 4.64348e+42 0 0 0
6978.31 1.52299e+43 1.52299e+43 2.1637e+43 2.1637e+43 2.1637e+43 7.9061e+41 0 2.3779e-79 2.20703e+44 4.64348e+42 0 0 0
8058.42 1.11134e+43 1.11134e+43 1.66133e+43 1.66133e+43 1.66133e+43 6.05019e+41 0 6.57781e-100 1.74167e+44 4.64348e+42 0 0 0
9305.72 8.01642e+42 8.01642e+42 1.26955e+43 1.26955e+43 1.26955e+43 4.60582e+41 0 1.14445e-123 1.35949e+44 4.64348e+42 0 0 0
10746.1 5.71104e+42 5.71104e+42 9.65428e+42 9.65428e+42 9.65428e+42 3.48772e+41 0 4.00148e-151 1.04872e+44 4.64348e+42 0 0 0
12409.4 4.01515e+42 4.01515e+42 7.30528e+42 7.30528e+42 7.30528e+42 2.62712e+41 0 7.52916e-183 7.98801e+43 4.64348e+42 0 0 0
14330.1 2.78372e+42 2.78372e+42 5.50064e+42 5.50064e+42 5.50064e+42 1.96866e+41 0 1.66492e-219 6.00282e+43 4.64348e+42 0 0 0
16548.2 1.90204e+42 1.90204e+42 4.12196e+42 4.12196e+42 4.12196e+42 1.46793e+41 0 0 4.44716e+43 4.64348e+42 0 0 0
19109.5 1.28023e+42 1.28023e+42 3.07471e+42 3.07471e+42 3.07471e+42 1.08948e+41 0 0 3.24594e+43 4.64348e+42 0 0 0
22067.3 8.48627e+41 8.48627e+41 2.28376e+42 2.28376e+42 2.28376e+42 8.05163e+40 0 0 2.33295e+43 4.64348e+42 0 0 0
25483 5.53976e+41 5.53976e+41 1.68974e+42 1.68974e+42 1.68974e+42 5.9281e+40 0 0 1.65058e+43 4.64348e+42 0 0 0
29427.3 3.56227e+41 3.56227e+41 1.24602e+42 1.24602e+42 1.24602e+42 4.35069e+40 0 0 1.14946e+43 4.64348e+42 0 0 0
33982.1 2.25779e+41 2.25779e+41 9.16259e+41 9.16259e+41 9.16259e+41 3.18481e+40 0 0 7.88055e+42 4.64348e+42 0 0 0
39241.9 1.41187e+41 1.41187e+41 6.72308e+41 6.72308e+41 6.72308e+41 2.32694e+40 0 0 5.32163e+42 4.64348e+42 0 0 0
45315.8 8.72329e+40 8.72329e+40 4.92575e+41 4.92575e+41 4.92575e+41 1.69815e+40 0 0 3.5427e+42 4.64348e+42 0 0 0
52329.9 5.33538e+40 5.33538e+40 3.60609e+41 3.60609e+41 3.60609e+41 1.23871e+40 0 0 2.32793e+42 4.64348e+42 0 0 0
60429.6 3.23805e+40 3.23805e+40 2.63982e+41 2.63982e+41 2.63982e+41 9.03828e+39 0 0 1.51239e+42 4.64348e+42 0 0 0
69783.1 1.95555e+40 1.95555e+40 1.93372e+41 1.93372e+41 1.93372e+41 6.60138e+39 0 0 9.73384e+41 4.64348e+42 0 0 0
80584.2 1.17905e+40 1.17905e+40 1.41837e+41 1.41837e+41 1.41837e+41 4.82958e+39 0 0 6.22043e+41 4.64348e+42 0 0 0
93057.2 7.12238e+39 7.12238e+39 1.04241e+41 1.04241e+41 1.04241e+41 3.54145e+39 0 0 3.95679e+41 4.64348e+42 0 0 0
107461 4.3269e+39 4.3269e+39 7.68033e+40 7.68033e+40 7.68033e+40 2.60428e+39 0 0 2.5115e+41 4.64348e+42 0 0 0
124094 2.65355e+39 2.65355e+39 5.67576e+40 5.67576e+40 5.67576e+40 1.92145e+39 0 0 1.59443e+41 4.64348e+42 0 0 0
143301 1.64875e+39 1.64875e+39 4.2086e+40 4.2086e+40 4.2086e+40 1.42288e+39 0 0 1.01442e+41 4.64348e+42 0 0 0
165482 1.04136e+39 1.04136e+39 3.13216e+40 3.13216e+40 3.13216e+40 1.05783e+39 0 0 6.47723e+40 4.64348e+42 0 0 0
191095 6.70501e+38 6.70501e+38 2.34004e+40 2.34004e+40 2.34004e+40 7.89682e+38 0 0 4.15348e+40 4.64348e+42 0 0 0
220673 4.41123e+38 4.41123e+38 1.75515e+40 1.75515e+40 1.75515e+40 5.91978e+38 0 0 2.67428e+40 4.64348e+42 0 0 0
254830 2.97052e+38 2.97052e+38 1.32168e+40 1.32168e+40 1.32168e+40 4.45632e+38 0 0 1.72696e+40 4.64348e+42 0 0 0
294273 2.04987e+38 2.04987e+38 9.99153e+39 9.99153e+39 9.99153e+39 3.36851e+38 0 0 1.11613e+40 4.64348e+42 0 0 0
339821 1.45057e+38 1.45057e+38 7.58218e+39 7.58218e+39 7.58218e+39 2.55651e+38 0 0 7.19718e+39 4.64348e+42 0 0 0
392419 1.05292e+38 1.05292e+38 5.77507e+39 5.77507e+39 5.77507e+39 1.94782e+38 0 0 4.6116e+39 4.64348e+42 0 0 0
453158 7.83953e+37 7.83953e+37 4.41431e+39 4.41431e+39 4.41431e+39 1.48964e+38 0 0 2.92143e+39 4.64348e+42 0 0 0
523299 5.98559e+37 5.98559e+37 3.3857e+39 3.3857e+39 3.3857e+39 1.14337e+38 1.50214e+36 0 1.81875e+39 4.64348e+42 0 0 0
604296 4.68428e+37 4.68428e+37 2.60526e+39 2.60526e+39 2.60526e+39 8.80647e+37 1.50838e+36 0 1.1048e+39 4.64348e+42 0 0 0
697831 3.75497e+37 3.75497e+37 2.01096e+39 2.01096e+39 2.01096e+39 6.80564e+37 1.51462e+36 0 6.49379e+38 4.64348e+42 0 0 0
805842 3.08037e+37 3.08037e+37 1.55682e+39 1.55682e+39 1.55682e+39 5.27619e+37 1.52087e+36 0 3.65738e+38 4.64348e+42 0 0 0
930572 2.58298e+37 2.58298e+37 1.20856e+39 1.20856e+39 1.20856e+39 4.10281e+37 1.52711e+36 0 1.95138e+38 4.64348e+42 0 0 0
1.07461e+06 2.21064e+37 2.21064e+37 9.40589e+38 9.40589e+38 9.40589e+38 3.19936e+37 1.5349e+36 0 9.73278e+37 4.64348e+42 0 0 0
1.24094e+06 1.92735e+37 1.92735e+37 7.33692e+38 7.33692e+38 7.33692e+38 2.50123e+37 1.53661e+36 0 4.46778e+37 4.64348e+42 0 0 0
1.43301e+06 1.70721e+37 1.70721e+37 5.73391e+38 5.73391e+38 5.73391e+38 1.95973e+37 1.53877e+36 0 1.8532e+37 4.64348e+42 0 0 0
1.65482e+06 1.53166e+37 1.53166e+37 4.48765e+38 4.48765e+38 4.48765e+38 1.53818e+37 1.54152e+36 0 6.79992e+36 4.64348e+42 0 0 0
1.91095e+06 1.38746e+37 1.38746e+37 3.51567e+38 3.51567e+38 3.51567e+38 1.20886e+37 1.54532e+36 0 2.15455e+36 4.64348e+42 0 0 0
2.20673e+06 1.26509e+37 1.26509e+37 2.75543e+38 2.75543e+38 2.75543e+38 9.50771e+36 1.55021e+36 0 5.73569e+35 4.64348e+42 0 0 0
2.5483e+06 1.15765e+37 1.15765e+37 2.15934e+38 2.15934e+38 2.15934e+38 7.4793e+36 1.5566e+36 0 1.24368e+35 4.64348e+42 0 0 0
2.94273e+06 1.06015e+37 1.06015e+37 1.69101e+38 1.69101e+38 1.69101e+38 5.88126e+36 1.56498e+36 0 2.12028e+34 4.64348e+42 0 0 0
3.39821e+06 9.69031e+36 9.69031e+36 1.32251e+38 1.32251e+38 1.32251e+38 4.61984e+36 1.57675e+36 0 2.73011e+33 4.64348e+42 0 0 0
3.92419e+06 8.81922e+36 8.81922e+36 1.03229e+38 1.03229e+38 1.03229e+38 3.62281e+36 1.59211e+36 0 2.53602e+32 4.64348e+42 0 0 0
4.53158e+06 7.9741e+36 7.9741e+36 8.0366e+37 8.0366e+37 8.0366e+37 2.83424e+36 1.61213e+36 0 1.61269e+31 4.64348e+42 0 0 0
5.23299e+06 7.14895e+36 7.14895e+36 6.23652e+37 6.23652e+37 6.23652e+37 2.21069e+36 1.6379e+36 0 6.61183e+29 4.64348e+42 0 0 0
6.04296e+06 6.34432e+36 6.34432e+36 4.82121e+37 4.82121e+37 4.82121e+37 1.71822e+36 1.67347e+36 0 1.63154e+28 4.64348e+42 0 0 0
6.97831e+06 5.56569e+36 5.56569e+36 3.711e+37 3.711e+37 3.711e+37 1.33015e+36 1.71645e+36 0 2.23919e+26 4.64348e+42 0 0 0
8.05842e+06 4.82172e+36 4.82172e+36 2.84302e+37 2.84302e+37 2.84302e+37 1.02539e+36 1.76909e+36 0 1.56091e+24 4.64348e+42 0 0 0
9.30572e+06 4.12235e+36 4.12235e+36 2.16728e+37 2.16728e+37 2.16728e+37 7.87152e+35 1.82951e+36 0 4.97847e+21 4.64348e+42 0 0 0
1.07461e+07 3.47699e+36 3.47699e+36 1.64384e+37 1.64384e+37 1.64384e+37 6.01996e+35 1.9141e+36 0 6.44165e+18 4.64348e+42 0 0 0
1.24094e+07 2.89305e+36 2.89305e+36 1.24059e+37 1.24059e+37 1.24059e+37 4.58967e+35 1.99331e+36 0 2.94345e+15 4.64348e+42 0 0 0
1.43301e+07 2.37508e+36 2.37508e+36 9.31692e+36 9.31692e+36 9.31692e+36 3.49302e+35 2.07164e+36 0 4.04785e+11 4.64348e+42 0 0 0
1.65482e+07 1.92455e+36 1.92455e+36 6.96443e+36 6.96443e+36 6.96443e+36 2.65948e+35 2.14589e+36 0 1.39306e+07 4.64348e+42 0 0 0
1.91095e+07 1.54014e+36 1.54014e+36 5.18335e+36 5.18335e+36 5.18335e+36 2.03386e+35 2.21202e+36 0 96.9664 4.64348e+42 0 0 0
2.20673e+07 1.21801e+36 1.21801e+36 3.84229e+36 3.84229e+36 3.84229e+36 1.56759e+35 2.2678e+36 0 0.000106765 4.64348e+42 0 0 0
2.5483e+07 9.52866e+35 9.52866e+35 2.83851e+36 2.83851e+36 2.83851e+36 1.22578e+35 2.30612e+36 0 1.40006e-11 4.64348e+42 0 0 0
2.94273e+07 7.3823e+35 7.3823e+35 2.09137e+36 2.09137e+36 2.09137e+36 9.77841e+34 2.30639e+36 0 1.57571e-19 4.64348e+42 0 0 0
3.39821e+07 5.67299e+35 5.67299e+35 1.53855e+36 1.53855e+36 1.53855e+36 8.01496e+34 2.26196e+36 0 1.04254e-28 4.64348e+42 0 0 0
3.92419e+07 4.32985e+35 4.32985e+35 1.13115e+36 1.13115e+36 1.13115e+36 6.74062e+34 2.17196e+36 0 2.61956e-39 4.64348e+42 0 0 0
4.53158e+07 3.28911e+35 3.28911e+35 8.3248e+35 8.3248e+35 8.3248e+35 5.8387e+34 2.05273e+36 0 1.5092e-51 4.64348e+42 0 0 0
5.23299e+07 2.49131e+35 2.49131e+35 6.14168e+35 6.14168e+35 6.14168e+35 5.19021e+34 1.91463e+36 0 1.11319e-65 4.64348e+42 0 0 0
6.04296e+07 1.88411e+35 1.88411e+35 4.54636e+35 4.54636e+35 4.54636e+35 4.69179e+34 1.74341e+36 0 5.36318e-82 4.64348e+42 0 0 0
6.97831e+07 1.42423e+35 1.42423e+35 3.37908e+35 3.37908e+35 3.37908e+35 4.2754e+34 1.54744e+36 0 7.75853e-101 4.64348e+42 0 0 0
8.05842e+07 1.07712e+35 1.07712e+35 2.52314e+35 2.52314e+35 2.52314e+35 3.90518e+34 1.3287e+36 0 1.37352e-122 4.64348e+42 0 0 0
9.30572e+07 8.15093e+34 8.15093e+34 1.89227e+35 1.89227e+35 1.89227e+35 3.55079e+34 1.0955e+36 0 1.05542e-147 4.64348e+42 0 0 0
1.07461e+08 6.16472e+34 6.16472e+34 1.42324e+35 1.42324e+35 1.42324e+35 3.18769e+34 8.5597e+35 0 1.06335e-176 4.64348e+42 423.701 0 0
1.24094e+08 4.66545e+34 4.66545e+34 1.0745e+35 1.0745e+35 1.0745e+35 2.83829e+34 6.62037e+35 0 3.52545e-210 4.64348e+42 372.228 0 0
1.43301e+08 3.52585e+34 3.52585e+34 8.12366e+34 8.12366e+34 8.12366e+34 2.48926e+34 5.02347e+35 0 7.79303e-249 4.64348e+42 327.009 0 0
1.65482e+08 2.65447e+34 2.65447e+34 6.13411e+34 6.13411e+34 6.13411e+34 2.14018e+34 3.74984e+35 0 0 4.64348e+42 287.283 0 0
1.91095e+08 1.97527e+34 1.97527e+34 4.58872e+34 4.58872e+34 4.58872e+34 1.77322e+34 2.70299e+35 0 0 4.64348e+42 252.383 0 0
2.20673e+08 1.46585e+34 1.46585e+34 3.43041e+34 3.43041e+34 3.43041e+34 1.45624e+34 1.98703e+35 0 0 4.64348e+42 221.722 0 0
2.5483e+08 1.07914e+34 1.07914e+34 2.54884e+34 2.54884e+34 2.54884e+34 1.17162e+34 1.44847e+35 0 0 4.64348e+42 194.787 0 0
2.94273e+08 7.87518e+33 7.87518e+33 1.88045e+34 1.88045e+34 1.88045e+34 9.23865e+33 1.04671e+35 0 0 4.64348e+42 171.123 0 0
3.39821e+08 5.64672e+33 5.64672e+33 1.36518e+34 1.36518e+34 1.36518e+34 7.01425e+33 7.4217e+34 0 0 4.64348e+42 156.967 0 0
3.92419e+08 4.05223e+33 4.05223e+33 9.93266e+33 9.93266e+33 9.93266e+33 5.34717e+33 5.38432e+34 0 0 4.64348e+42 150.335 0 0
4.53158e+08 2.88895e+33 2.88895e+33 7.18815e+33 7.18815e+33 7.18815e+33 4.02701e+33 3.89302e+34 0 0 4.64348e+42 143.982 0 0
5.23299e+08 2.04031e+33 2.04031e+33 5.15924e+33 5.15924e+33 5.15924e+33 2.97962e+33 2.80565e+34 0 0 4.64348e+42 137.898 0 0
6.04296e+08 1.43033e+33 1.43033e+33 3.68434e+33 3.68434e+33 3.68434e+33 2.18295e+33 2.00069e+34 0 0 4.64348e+42 132.072 0 0
6.97831e+08 9.88719e+32 9.88719e+32 2.63675e+33 2.63675e+33 2.63675e+33 1.62014e+33 1.45868e+34 0 0 4.64348e+42 126.491 0 0
8.05842e+08 5.80773e+32 5.80773e+32 1.81002e+33 1.81002e+33 1.81002e+33 1.18434e+33 1.06198e+34 0 0 4.64348e+42 121.146 0 0
9.30572e+08 1.40624e+32 1.40624e+32 1.02837e+33 1.02837e+33 1.02837e+33 8.55837e+32 7.71389e+33 0 0 4.64348e+42 116.027 0 0
1.07461e+09 1.01374e+30 1.01374e+30 3.76477e+32 3.76477e+32 3.76477e+32 6.16154e+32 5.5214e+33 0 0 4.64348e+42 116.445 0 0
1.24094e+09 1.20111e+23 1.20111e+23 9.77651e+31 9.77651e+31 9.77651e+31 4.57445e+32 4.04648e+33 0 0 4.64348e+42 122.461 0 0
1.43301e+09 1346.3 1346.3 2.41863e+31 2.41863e+31 2.41863e+31 3.41023e+32 2.95722e+33 0 0 4.64348e+42 128.787 0 0
1.65482e+09 1.04732e-47 1.04732e-47 6.5636e+30 6.5636e+30 6.5636e+30 2.5354e+32 2.15428e+33 0 0 4.64348e+42 135.44 0 0
1.91095e+09 4.55053e-157 4.55053e-157 2.00065e+30 2.00065e+30 2.00065e+30 1.86148e+32 1.54244e+33 0 0 4.64348e+42 142.437 0 0
2.20673e+09 0 0 6.93313e+29 6.93313e+29 6.93313e+29 1.39686e+32 1.13239e+33 0 0 4.64348e+42 149.795 0 0
2.5483e+09 0 0 2.6651e+29 2.6651e+29 2.6651e+29 1.04502e+32 8.28859e+32 0 0 4.64348e+42 157.533 0 0
2.94273e+09 0 0 1.12062e+29 1.12062e+29 1.12062e+29 7.77956e+31 6.04602e+32 0 0 4.64348e+42 165.671 0 0
3.39821e+09 0 0 5.05474e+28 5.05474e+28 5.05474e+28 5.68347e+31 4.33384e+32 0 0 4.64348e+42 174.23 0 0
3.92419e+09 0 0 2.4768e+28 2.4768e+28 2.4768e+28 4.25058e+31 3.18187e+32 0 0 4.64348e+42 183.23 0 0
4.53158e+09 0 0 1.28755e+28 1.28755e+28 1.28755e+28 3.16799e+31 2.32709e+32 0 0 4.64348e+42 192.696 0 0
5.23299e+09 0 0 7.04141e+27 7.04141e+27 7.04141e+27 2.35271e+31 1.69443e+32 0 0 4.64348e+42 202.65 0 0
6.04296e+09 0 0 3.97898e+27 3.97898e+27 3.97898e+27 1.71058e+31 1.21325e+32 0 0 4.64348e+42 213.119 0 0
6.97831e+09 0 0 2.37434e+27 2.37434e+27 2.37434e+27 1.27645e+31 8.88999e+31 0 0 4.64348e+42 224.128 0 0
8.05842e+09 0 0 1.46273e+27 1.46273e+27 1.46273e+27 9.49212e+30 6.49427e+31 0 0 4.64348e+42 235.707 0 0
9.30572e+09 0 0 9.24198e+26 9.24198e+26 9.24198e+26 7.01214e+30 4.72946e+31 0 0 4.64348e+42 247.883 0 0
1.07461e+10 0 0 5.91692e+26 5.91692e+26 5.91692e+26 5.08415e+30 3.39444e+31 0 0 4.64348e+42 278.129 0 0
1.24094e+10 0 0 3.92542e+26 3.92542e+26 3.92542e+26 3.76143e+30 2.49399e+31 0 0 4.64348e+42 332.945 0 0
1.43301e+10 0 0 2.64558e+26 2.64558e+26 2.64558e+26 2.76493e+30 1.82736e+31 0 0 4.64348e+42 398.563 0 0
1.65482e+10 0 0 1.81138e+26 1.81138e+26 1.81138e+26 2.02574e+30 1.33443e+31 0 0 4.64348e+42 477.114 0 0
1.91095e+10 0 0 1.24201e+26 1.24201e+26 1.24201e+26 1.45455e+30 9.57036e+30 0 0 4.64348e+42 571.146 0 0
2.20673e+10 0 0 8.79346e+25 8.79346e+25 8.79346e+25 1.06956e+30 7.03119e+30 0 0 4.64348e+42 683.71 34.7254 0
2.5483e+10 0 0 6.29536e+25 6.29536e+25 6.29536e+25 7.83597e+29 5.14681e+30 0 0 4.64348e+42 818.459 22.9578 0
2.94273e+10 0 0 4.55334e+25 4.55334e+25 4.55334e+25 5.72203e+29 3.75294e+30 0 0 4.64348e+42 979.765 15.5417 0
3.39821e+10 0 0 3.2773e+25 3.2773e+25 3.2773e+25 4.09362e+29 2.68255e+30 0 0 4.64348e+42 1172.86 10.7604 0
3.92419e+10 0 0 2.43887e+25 2.43887e+25 2.43887e+25 3.01225e+29 1.96928e+30 0 0 4.64348e+42 1404.02 7.61059 0
4.53158e+10 0 0 1.82978e+25 1.82978e+25 1.82978e+25 2.21098e+29 1.44166e+30 0 0 4.64348e+42 1680.73 5.49245 0
5.23299e+10 0 0 1.38353e+25 1.38353e+25 1.38353e+25 1.61979e+29 1.0521e+30 0 0 4.64348e+42 2011.97 4.04008 0
6.04296e+10 0 0 1.03848e+25 1.03848e+25 1.03848e+25 1.16532e+29 7.52439e+29 0 0 4.64348e+42 2408.5 3.02568 0
6.97831e+10 0 0 8.04359e+24 8.04359e+24 8.04359e+24 8.61711e+28 5.53387e+29 0 0 4.64348e+42 2883.18 2.3047 0
8.05842e+10 0 0 6.25825e+24 6.25825e+24 6.25825e+24 6.35297e+28 4.05925e+29 0 0 4.64348e+42 3451.41 1.78376 0
9.30572e+10 0 0 4.88694e+24 4.88694e+24 4.88694e+24 4.66947e+28 2.96803e+29 0 0 4.64348e+42 4131.64 1.40144 0
1.07461e+11 0 0 3.76578e+24 3.76578e+24 3.76578e+24 3.36144e+28 2.12422e+29 0 0 4.64348e+42 4945.92 1.11671 0
1.24094e+11 0 0 2.9849e+24 2.9849e+24 2.9849e+24 2.48276e+28 1.56329e+29 0 0 4.64348e+42 5920.69 0.901709 0
1.43301e+11 0 0 2.36828e+24 2.36828e+24 2.36828e+24 1.82671e+28 1.14686e+29 0 0 4.64348e+42 7087.56 0.737233 0
1.65482e+11 0 0 1.87903e+24 1.87903e+24 1.87903e+24 1.33822e+28 8.38214e+28 0 0 4.64348e+42 8484.42 0.609868 0
1.91095e+11 0 0 1.46628e+24 1.46628e+24 1.46628e+24 9.59419e+27 5.99026e+28 0 0 4.64348e+42 10156.6 0.510106 0
2.20673e+11 0 0 1.17638e+24 1.17638e+24 1.17638e+24 7.06324e+27 4.40295e+28 0 0 4.64348e+42 12158.3 0.431129 0
2.5483e+11 0 0 9.43195e+23 9.43195e+23 9.43195e+23 5.18093e+27 3.22528e+28 0 0 4.64348e+42 14554.5 0.367983 0
2.94273e+11 0 0 7.55425e+23 7.55425e+23 7.55425e+23 3.78595e+27 2.35333e+28 0 0 4.64348e+42 17423 0.317029 0
3.39821e+11 0 0 5.94279e+23 5.94279e+23 5.94279e+23 2.70837e+27 1.67793e+28 0 0 4.64348e+42 0 0.275565 0
3.92419e+11 0 0 4.80594e+23 4.80594e+23 4.80594e+23 1.99093e+27 1.23093e+28 0 0 4.64348e+42 0 0.241562 0
4.53158e+11 0 0 3.87988e+23 3.87988e+23 3.87988e+23 1.45824e+27 8.99758e+27 0 0 4.64348e+42 0 0.213483 0
5.23299e+11 0 0 3.12546e+23 3.12546e+23 3.12546e+23 1.06398e+27 6.54951e+27 0 0 4.64348e+42 0 0.190154 0
6.04296e+11 0 0 2.46842e+23 2.46842e+23 2.46842e+23 7.59427e+26 4.65526e+27 0 0 4.64348e+42 0 0.170669 0
6.97831e+11 0 0 2.00362e+23 2.00362e+23 2.00362e+23 5.57217e+26 3.40572e+27 0 0 4.64348e+42 0 0.154323 0
8.05842e+11 0 0 1.62177e+23 1.62177e+23 1.62177e+23 4.07297e+26 2.48191e+27 0 0 4.64348e+42 0 0.140565 0
9.30572e+11 0 0 1.30837e+23 1.30837e+23 1.30837e+23 2.96517e+26 1.80058e+27 0 0 4.64348e+42 0 0.12896 0
1.07461e+12 0 0 1.03285e+23 1.03285e+23 1.03285e+23 2.10994e+26 1.27428e+27 0 0 4.64348e+42 0 0.119166 0
1.24094e+12 0 0 8.37661e+22 8.37661e+22 8.37661e+22 1.54405e+26 9.28652e+26 0 0 4.64348e+42 0 0.110908 0
1.43301e+12 0 0 6.76485e+22 6.76485e+22 6.76485e+22 1.12536e+26 6.73887e+26 0 0 4.64348e+42 0 0.103969 0
1.65482e+12 0 0 5.43639e+22 5.43639e+22 5.43639e+22 8.16658e+25 4.86604e+26 0 0 4.64348e+42 0 0.098177 0
1.91095e+12 0 0 4.26368e+22 4.26368e+22 4.26368e+22 5.78678e+25 3.42301e+26 0 0 4.64348e+42 0 0.0933933 0
2.20673e+12 0 0 3.43172e+22 3.43172e+22 3.43172e+22 4.21896e+25 2.48119e+26 0 0 4.64348e+42 0 0.0895108 0
2.5483e+12 0 0 2.74378e+22 2.74378e+22 2.74378e+22 3.06235e+25 1.78989e+26 0 0 4.64348e+42 0 0.0864461 0
2.94273e+12 0 0 2.17695e+22 2.17695e+22 2.17695e+22 2.21237e+25 1.28409e+26 0 0 4.64348e+42 0 0.0841374 0
3.39821e+12 0 0 1.67848e+22 1.67848e+22 1.67848e+22 1.55847e+25 8.95735e+25 0 0 4.64348e+42 0 0.082541 0
3.92419e+12 0 0 1.32504e+22 1.32504e+22 1.32504e+22 1.13032e+25 6.44474e+25 0 0 4.64348e+42 0 0.08163 0
4.53158e+12 0 0 1.03485e+22 1.03485e+22 1.03485e+22 8.15767e+24 4.61148e+25 0 0 4.64348e+42 0 0.0813928 0
5.23299e+12 0 0 7.98396e+21 7.98396e+21 7.98396e+21 5.85654e+24 3.27889e+25 0 0 4.64348e+42 0 0.0818329 0
6.04296e+12 0 0 5.94852e+21 5.94852e+21 5.94852e+21 4.09193e+24 2.26086e+25 0 0 4.64348e+42 0 0.0829683 0
6.97831e+12 0 0 4.52254e+21 4.52254e+21 4.52254e+21 2.94632e+24 1.61021e+25 0 0 4.64348e+42 0 0.0848322 0
8.05842e+12 0 0 3.38427e+21 3.38427e+21 3.38427e+21 2.10958e+24 1.13945e+25 0 0 4.64348e+42 0 0.0874729 0
9.30572e+12 0 0 2.48941e+21 2.48941e+21 2.48941e+21 1.50136e+24 8.00377e+24 0 0 4.64348e+42 0 0.0909553 0
1.07461e+13 0 0 1.75721e+21 1.75721e+21 1.75721e+21 1.03713e+24 5.43141e+24 0 0 4.64348e+42 0 0.0953611 0
1.24094e+13 1.02949e-268 1.02949e-268 1.26411e+21 1.26411e+21 1.26411e+21 7.39339e+23 3.8153e+24 0 0 4.64348e+42 0 0.10079 0
1.43301e+13 7.66225e-236 7.66226e-236 8.92728e+20 8.92728e+20 8.92728e+20 5.23615e+23 2.65958e+24 0 0 4.64348e+42 0 0.10736 0
1.65482e+13 1.14155e-206 1.14155e-206 6.18803e+20 6.18803e+20 6.18803e+20 3.68205e+23 1.83764e+24 0 0 4.64348e+42 0 0.115206 0
1.91095e+13 8.28791e-181 8.28793e-181 4.10429e+20 4.10429e+20 4.10429e+20 2.50391e+23 1.22011e+24 0 0 4.64348e+42 0 0.12448 0
2.20673e+13 7.13439e-158 7.13441e-158 2.78611e+20 2.78611e+20 2.78611e+20 1.76068e+23 8.41268e+23 0 0 4.64348e+42 0 0.135345 0
2.5483e+13 1.46264e-137 1.46265e-137 1.86025e+20 1.86025e+20 1.86025e+20 1.22842e+23 5.74682e+23 0 0 4.64348e+42 0 0.147968 0
2.94273e+13 1.38329e-119 1.38329e-119 1.22232e+20 1.22232e+20 1.22232e+20 8.49805e+22 3.8839e+23 0 0 4.64348e+42 0 0.162507 0
3.39821e+13 1.0591e-103 1.05911e-103 7.67859e+19 7.67859e+19 7.67859e+19 5.65476e+22 2.5028e+23 0 0 4.64348e+42 0 0.179093 0
3.92419e+13 1.20205e-89 1.20206e-89 4.9761e+19 4.9761e+19 4.9761e+19 3.90277e+22 1.68313e+23 0 0 4.64348e+42 0 0.197804 0
4.53158e+13 3.10251e-77 3.10255e-77 3.18147e+19 3.18147e+19 3.18147e+19 2.668e+22 1.119e+23 0 0 4.64348e+42 0 0.218621 0
5.23299e+13 2.77713e-66 2.77717e-66 2.00706e+19 2.00706e+19 2.00706e+19 1.80501e+22 7.34175e+22 0 0 4.64348e+42 0 0.241387 0
6.04296e+13 1.21269e-56 1.21271e-56 1.20619e+19 1.20619e+19 1.20619e+19 1.16552e+22 4.54096e+22 0 0 4.64348e+42 0 0.265741 0
6.97831e+13 3.94582e-48 3.94591e-48 7.54166e+18 7.54166e+18 7.54166e+18 7.84226e+21 2.95336e+22 0 0 4.64348e+42 0 0.291055 0
8.05842e+13 1.22435e-40 1.22438e-40 4.65674e+18 4.65674e+18 4.65674e+18 5.21433e+21 1.89354e+22 0 0 4.64348e+42 0 0.316368 0
9.30572e+13 4.72421e-34 4.72436e-34 2.83807e+18 2.83807e+18 2.83807e+18 3.42226e+21 1.19409e+22 0 0 4.64348e+42 0 0.340344 0
1.07461e+14 2.74666e-28 2.74676e-28 1.63278e+18 1.63278e+18 1.63278e+18 2.11906e+21 6.97866e+21 0 0 4.64348e+42 0 0 0
1.24094e+14 3.30342e-23 3.30361e-23 9.86478e+17 9.86478e+17 9.86478e+17 1.3772e+21 4.34012e+21 0 0 4.64348e+42 0 0 0
1.43301e+14 9.30285e-19 9.30379e-19 5.87705e+17 5.87705e+17 5.87705e+17 8.8161e+20 2.65098e+21 0 0 4.64348e+42 0 0 0
1.65482e+14 7.23269e-15 7.23419e-15 3.44858e+17 3.44858e+17 3.44858e+17 5.55096e+20 1.5856e+21 0 0 4.64348e+42 0 0 0
1.91095e+14 1.69565e-11 1.69638e-11 1.87901e+17 1.87901e+17 1.87901e+17 3.23965e+20 8.56225e+20 0 0 4.64348e+42 0 0 0
2.20673e+14 1.56404e-08 1.56536e-08 1.08858e+17 1.08858e+17 1.08858e+17 2.00733e+20 5.01504e+20 0 0 4.64348e+42 0 0 0
2.5483e+14 5.88712e-06 5.89613e-06 6.19531e+16 6.19531e+16 6.19531e+16 1.21951e+20 2.87119e+20 0 0 4.64348e+42 0 0 0
2.94273e+14 0.00100036 0.00100293 3.45837e+16 3.45837e+16 3.45837e+16 7.25249e+19 1.60045e+20 0 0 4.64348e+42 0 0 0
3.39821e+14 0.0773819 0.0776918 1.74378e+16 1.74378e+16 1.74378e+16 3.88682e+19 7.72762e+19 0 0 4.64348e+42 0 0 0
3.92419e+14 3.54324 3.56396 9.52886e+15 9.52886e+15 9.52886e+15 2.25365e+19 4.17658e+19 0 0 4.64348e+42 0 0 0
4.53158e+14 92.8914 93.6401 5.08324e+15 5.08324e+15 5.08324e+15 1.27287e+19 2.19332e+19 0 0 4.64348e+42 0 0 0
5.23299e+14 1483.05 1498.71 2.64372e+15 2.64372e+15 2.64372e+15 6.99155e+18 1.1133e+19 0 0 4.64348e+42 0 0 0
6.04296e+14 13478.5 13657 1.1851e+15 1.1851e+15 1.1851e+15 3.30425e+18 4.57614e+18 0 0 4.64348e+42 0 0 0
6.97831e+14 95134.5 96654.5 5.94641e+14 5.94641e+14 5.94641e+14 1.74432e+18 2.21958e+18 0 0 4.64348e+42 0 0 0
8.05842e+14 470416 479182 2.88426e+14 2.88426e+14 2.88426e+14 8.88248e+17 1.03857e+18 0 0 4.64348e+42 0 0 0
9.30572e+14 1.69233e+06 1.72803e+06 1.35145e+14 1.35145e+14 1.35145e+14 4.35998e+17 4.65559e+17 0 0 4.64348e+42 0 0 0
1.07461e+15 3.78844e+06 3.8766e+06 5.0573e+13 5.0573e+13 5.0573e+13 1.70322e+17 1.50838e+17 0 0 4.64348e+42 0 0 0
1.24094e+15 8.03348e+06 8.235e+06 2.23298e+13 2.23298e+13 2.23298e+13 7.85357e+16 6.30903e+16 0 0 4.64348e+42 0 0 0
1.43301e+15 1.33716e+07 1.37259e+07 9.38861e+12 9.38861e+12 9.38861e+12 3.43755e+16 2.52542e+16 0 0 4.64348e+42 0 0 0
1.65482e+15 1.78973e+07 1.83893e+07 3.76235e+12 3.76235e+12 3.76235e+12 1.43111e+16 9.59995e+15 0 0 4.64348e+42 0 0 0
1.91095e+15 1.44647e+07 1.48708e+07 1.05719e+12 1.05719e+12 1.05719e+12 4.16845e+15 2.15012e+15 0 0 4.64348e+42 0 0 0
2.20673e+15 1.33153e+07 1.36916e+07 3.85885e+11 3.85885e+11 3.85885e+11 1.57345e+15 7.27106e+14 0 0 4.64348e+42 0 0 0
2.5483e+15 1.00634e+07 1.03461e+07 1.2981e+11 1.2981e+11 1.2981e+11 5.47024e+14 2.3331e+14 0 0 4.64348e+42 0 0 0
2.94273e+15 6.35855e+06 6.5342e+06 4.0412e+10 4.0412e+10 4.0412e+10 1.75506e+14 7.12713e+13 0 0 4.64348e+42 0 0 0
3.39821e+15 2.12908e+06 2.18633e+06 7.2899e+09 7.2899e+09 7.2899e+09 3.25927e+13 8.80602e+12 0 0 4.64348e+42 0 0 0
3.92419e+15 988408 1.01405e+06 1.97213e+09 1.97213e+09 1.97213e+09 9.05907e+12 2.14315e+12 0 0 4.64348e+42 0 0 0
4.53158e+15 373515 382789 4.6531e+08 4.6531e+08 4.6531e+08 2.19248e+12 4.82803e+11 0 0 4.64348e+42 0 0 0
5.23299e+15 112515 115169 9.29835e+07 9.29835e+07 9.29835e+07 4.48712e+11 1.05785e+11 0 0 4.64348e+42 0 0 0
6.04296e+15 14550.2 14874.4 8.41319e+06 8.41319e+06 8.41319e+06 4.15154e+10 5.48511e+09 0 0 4.64348e+42 0 0 0
6.97831e+15 3277.56 3346.11 1.38949e+06 1.38949e+06 1.38949e+06 7.00059e+09 7.8204e+08 0 0 4.64348e+42 0 0 0
8.05842e+15 563.779 574.794 182592 182592 182592 9.37838e+08 9.43006e+07 0 0 4.64348e+42 0 0 0
9.30572e+15 67.5354 68.7623 17323.9 17323.9 17323.9 9.05731e+07 1.10343e+07 0 0 4.64348e+42 0 0 0
1.07461e+16 2.33404 2.37331 489.474 489.474 489.474 2.6009e+06 177426 0 0 4.64348e+42 0 0 0
1.24094e+16 0.196089 0.199132 34.5674 34.5674 34.5674 186397 10408.4 0 0 4.64348e+42 0 0 0
1.43301e+16 0.0107116 0.0108645 1.62656 1.62656 1.62656 8887.52 419.153 0 0 4.64348e+42 0 0 0
1.65482e+16 0.000351427 0.000356022 0.0469637 0.0469637 0.0469637 259.661 13.3326 0 0 4.64348e+42 0 0 0
1.91095e+16 1.58228e-06 1.60119e-06 0.000189625 0.000189625 0.000189625 1.05964 0.0397133 0 0 4.64348e+42 0 0 0
2.20673e+16 2.69456e-08 2.72391e-08 2.9441e-06 2.9441e-06 2.9441e-06 0.0166118 0.000531014 0 0 4.64348e+42 0 0 0
2.5483e+16 1.95538e-10 1.97476e-10 1.97625e-08 1.97625e-08 1.97625e-08 0.000112525 3.31934e-06 0 0 4.64348e+42 0 0 0
2.94273e+16 5.93316e-13 5.98652e-13 5.61767e-11 5.61767e-11 5.61767e-11 3.22725e-07 9.38089e-09 0 0 4.64348e+42 0 0 0
3.39821e+16 1.24351e-16 1.25365e-16 1.11538e-14 1.11538e-14 1.11538e-14 6.46695e-11 1.81389e-12 0 0 4.64348e+42 0 0 0
3.92419e+16 8.16164e-20 8.22178e-20 7.00311e-18 7.00311e-18 7.00311e-18 4.10124e-14 1.13739e-15 0 0 4.64348e+42 0 0 0
4.53158e+16 1.20866e-23 1.2167e-23 1.00064e-21 1.00064e-21 1.00064e-21 5.92648e-18 1.63939e-19 0 0 4.64348e+42 0 0 0
5.23299e+16 3.95548e-28 3.9792e-28 3.18346e-26 3.18346e-26 3.18346e-26 1.90996e-22 5.28052e-24 0 0 4.64348e+42 0 0 0
6.04296e+16 4.32446e-34 4.3478e-34 3.40576e-32 3.40576e-32 3.40576e-32 2.07387e-28 5.73225e-30 0 0 4.64348e+42 0 0 0
6.97831e+16 6.66937e-40 6.70173e-40 5.16956e-38 5.16956e-38 5.16956e-38 3.20153e-34 8.84935e-36 0 0 4.64348e+42 0 0 0
8.05842e+16 9.08851e-47 9.12811e-47 6.96857e-45 6.96857e-45 6.96857e-45 4.39819e-41 1.21564e-42 0 0 4.64348e+42 0 0 0
9.30572e+16 0 0 0 0 0 0 0 0 0 4.64348e+42 0 0 0