
1.07461e-07 0 0 1.56599e+42 3.68198e+51 8.05237e+58 2.21611e+57 0 2.22737e+45 0 4.64348e+42 0 0 1
1.24094e-07 0 0 3.07382e+43 4.0076e+51 6.87447e+58 1.88306e+57 0 2.57213e+45 0 4.64348e+42 0 0 1
1.43301e-07 0 0 4.11837e+44 4.38737e+51 5.90174e+58 1.60524e+57 0 2.97025e+45 0 4.64348e+42 0 0 1
1.65482e-07 0 0 3.97057e+45 4.83502e+51 5.09946e+58 1.37496e+57 0 3.42999e+45 0 4.64348e+42 0 0 1
1.91095e-07 0 0 2.88175e+46 5.3644e+51 4.43549e+58 1.18473e+57 0 3.96089e+45 0 4.64348e+42 0 0 1
2.20673e-07 0 0 1.63609e+47 5.98855e+51 3.88133e+58 1.0275e+57 0 4.57396e+45 0 4.64348e+42 0 0 1
2.5483e-07 0 0 7.50707e+47 6.71911e+51 3.41294e+58 8.96813e+56 0 5.28193e+45 0 4.64348e+42 0 0 1
2.94273e-07 0 0 2.86243e+48 7.56639e+51 3.01112e+58 7.87081e+56 0 6.09948e+45 0 4.64348e+42 0 0 1
3.39821e-07 0 0 9.28992e+48 8.54034e+51 2.66144e+58 6.93674e+56 0 7.04356e+45 0 4.64348e+42 0 0 1
3.92419e-07 0 0 2.62041e+49 9.6521e+51 2.35363e+58 6.12984e+56 0 8.13378e+45 0 4.64348e+42 0 0 1
4.53158e-07 0 0 6.54295e+49 1.09159e+52 2.08066e+58 5.42356e+56 0 9.39274e+45 0 4.64348e+42 0 0 1
5.23299e-07 0 0 1.46982e+50 1.23505e+52 1.83774e+58 4.7993e+56 0 1.08466e+46 0 4.64348e+42 0 0 1
6.04296e-07 0 0 3.01335e+50 1.39807e+52 1.62144e+58 4.24442e+56 0 1.25254e+46 0 4.64348e+42 0 0 1
6.97831e-07 0 0 5.70939e+50 1.5838e+52 1.42907e+58 3.75014e+56 0 1.44641e+46 0 4.64348e+42 0 0 1
8.05842e-07 0 0 1.01078e+51 1.79613e+52 1.25834e+58 3.30996e+56 0 1.67029e+46 0 4.64348e+42 0 0 1
9.30572e-07 0 0 1.68811e+51 2.03977e+52 1.10714e+58 2.91859e+56 0 1.92882e+46 0 4.64348e+42 0 0 1
1.07461e-06 0 0 2.68174e+51 2.32031e+52 9.735e+57 2.57134e+56 0 2.22737e+46 0 4.64348e+42 0 0 1
1.24094e-06 0 0 4.08127e+51 2.64433e+52 8.55579e+57 2.26387e+56 0 2.57213e+46 0 4.64348e+42 0 0 1
1.43301e-06 0 0 5.98674e+51 3.01952e+52 7.51643e+57 1.99212e+56 0 2.97025e+46 0 4.64348e+42 0 0 1
1.65482e-06 0 0 8.50893e+51 3.45485e+52 6.60092e+57 1.75227e+56 0 3.42999e+46 0 4.64348e+42 0 0 1
1.91095e-06 0 0 1.17707e+52 3.96087e+52 5.79467e+57 1.54076e+56 0 3.96089e+46 0 4.64348e+42 0 0 1
2.20673e-06 0 0 1.59099e+52 4.55008e+52 5.0846e+57 1.35433e+56 0 4.57396e+46 0 4.64348e+42 0 0 1
2.5483e-06 0 0 2.10835e+52 5.23754e+52 4.45916e+57 1.19e+56 0 5.28192e+46 0 4.64348e+42 0 0 1
2.94273e-06 0 0 2.74742e+52 6.04144e+52 3.9082e+57 1.04513e+56 0 6.09947e+46 0 4.64348e+42 0 0 1
3.39821e-06 0 0 3.52972e+52 6.98372e+52 3.42289e+57 9.17415e+55 0 7.04356e+46 0 4.64348e+42 0 0 1
3.92419e-06 0 0 4.48081e+52 8.09061e+52 2.99552e+57 8.04802e+55 0 8.13377e+46 0 4.64348e+42 0 0 1
4.53158e-06 0 0 5.63105e+52 9.3933e+52 2.6193e+57 7.05522e+55 0 9.39273e+46 0 4.64348e+42 0 0 1
5.23299e-06 0 0 7.01658e+52 1.09287e+53 2.28827e+57 6.18018e+55 0 1.08466e+47 0 4.64348e+42 0 0 1
6.04296e-06 0 0 8.68045e+52 1.27406e+53 1.99714e+57 5.40924e+55 0 1.25254e+47 0 4.64348e+42 0 0 1
6.97831e-06 0 0 1.06741e+53 1.48814e+53 1.74124e+57 4.7303e+55 0 1.44641e+47 0 4.64348e+42 0 0 1
8.05842e-06 0 0 1.30593e+53 1.74136e+53 1.51646e+57 4.13267e+55 0 1.67029e+47 0 4.64348e+42 0 0 1
9.30572e-06 0 0 1.59099e+53 2.0412e+53 1.31913e+57 3.6069e+55 0 1.92882e+47 0 4.64348e+42 0 0 1
1.07461e-05 0 0 1.93139e+53 2.39653e+53 1.14604e+57 3.1446e+55 0 2.22736e+47 0 4.64348e+42 0 0 1
1.24094e-05 0 0 2.33765e+53 2.81794e+53 9.94347e+56 2.7384e+55 0 2.57212e+47 0 4.64348e+42 0 0 1
1.43301e-05 0 0 2.82229e+53 3.318e+53 8.6152e+56 2.38175e+55 0 2.97024e+47 0 4.64348e+42 0 0 1
1.65482e-05 0 0 3.40025e+53 3.9117e+53 7.45334e+56 2.06886e+55 0 3.42997e+47 0 4.64348e+42 0 0 1
1.91095e-05 0 0 4.08931e+53 4.61688e+53 6.43813e+56 1.79462e+55 0 3.96087e+47 0 4.64348e+42 0 0 1
2.20673e-05 0 0 4.91068e+53 5.45478e+53 5.55213e+56 1.55447e+55 0 4.57394e+47 0 4.64348e+42 0 0 1
2.5483e-05 0 0 5.88961e+53 6.45067e+53 4.77987e+56 1.34442e+55 0 5.2819e+47 0 4.64348e+42 0 0 1
2.94273e-05 0 0 7.05617e+53 7.63467e+53 4.10766e+56 1.16088e+55 0 6.09943e+47 0 4.64348e+42 0 0 1
3.39821e-05 0 0 8.44623e+53 9.04268e+53 3.5234e+56 1.00073e+55 0 7.04351e+47 0 4.64348e+42 0 0 1
3.92419e-05 0 0 1.01025e+54 1.07175e+54 3.01637e+56 8.61153e+54 0 8.1337e+47 0 4.64348e+42 0 0 1
4.53158e-05 0 0 1.20762e+54 1.27102e+54 2.57708e+56 7.39687e+54 0 9.39264e+47 0 4.64348e+42 0 0 1
5.23299e-05 0 0 1.4428e+54 1.50817e+54 2.19715e+56 6.34141e+54 0 1.08464e+48 0 4.64348e+42 0 0 1
6.04296e-05 0 0 1.72309e+54 1.7905e+54 1.86917e+56 5.42574e+54 0 1.25252e+48 0 4.64348e+42 0 0 1
6.97831e-05 0 0 2.05721e+54 2.12672e+54 1.58658e+56 4.6327e+54 0 1.44639e+48 0 4.64348e+42 0 0 1
8.05842e-05 0 0 2.4556e+54 2.52728e+54 1.34361e+56 3.94711e+54 0 1.67026e+48 0 4.64348e+42 0 0 1
9.30572e-05 0 0 2.93077e+54 3.00472e+54 1.13513e+56 3.35553e+54 0 1.92878e+48 0 4.64348e+42 0 0 1
0.000107461 0 0 3.49778e+54 3.57407e+54 9.56666e+55 2.84609e+54 0 2.22731e+48 0 4.64348e+42 0 0 1
0.000124094 0 0 4.17469e+54 4.25343e+54 8.04244e+55 2.4083e+54 0 2.57205e+48 0 4.64348e+42 0 0 1
0.000143301 0 0 4.98327e+54 5.06456e+54 6.7438e+55 2.03292e+54 0 2.97014e+48 0 4.64348e+42 0 0 1
0.000165482 0 0 5.94927e+54 6.03322e+54 5.64015e+55 1.71178e+54 0 3.42985e+48 0 4.64348e+42 0 0 1
0.000191095 0 0 7.09564e+54 7.18227e+54 4.70465e+55 1.4377e+54 0 3.9607e+48 0 4.64348e+42 0 0 1
0.000220673 0 0 8.40123e+54 8.48998e+54 3.91379e+55 1.20436e+54 0 4.57372e+48 0 4.64348e+42 0 0 1
0.00025483 0 0 9.72216e+54 9.81103e+54 3.24705e+55 1.00622e+54 0 5.2816e+48 0 4.64348e+42 0 0 1
0.000294273 0 0 1.07868e+55 1.08721e+55 2.68653e+55 8.3842e+53 0 6.09904e+48 0 4.64348e+42 0 0 1
0.000339821 0 0 1.13341e+55 1.14117e+55 2.21665e+55 6.96693e+53 0 7.04298e+48 0 4.64348e+42 0 0 1
0.000392419 1.94716e-267 1.94716e-267 1.12603e+55 1.1327e+55 1.82391e+55 5.77325e+53 0 8.13301e+48 1.38459e-271 4.64348e+42 0 0 1
0.000453158 1.55681e-183 1.55681e-183 1.06402e+55 1.06948e+55 1.4966e+55 4.77076e+53 0 9.39171e+48 1.01451e-187 4.64348e+42 0 0 1
0.000523299 1.52265e-121 1.52265e-121 9.6486e+54 9.69145e+54 1.22464e+55 3.9313e+53 0 1.08452e+49 9.47555e-126 4.64348e+42 0 0 1
0.000604296 9.53755e-76 9.53755e-76 8.47202e+54 8.50459e+54 9.9934e+54 3.23043e+53 0 1.25236e+49 5.85356e-80 4.64348e+42 0 0 1
0.000697831 6.39831e-42 6.39831e-42 7.25884e+54 7.283e+54 8.13257e+54 2.64703e+53 0 1.44617e+49 3.96888e-46 4.64348e+42 0 0 1
0.000805842 6.08756e-17 6.08756e-17 6.10594e+54 6.12354e+54 6.60025e+54 2.16287e+53 0 1.66997e+49 3.88741e-21 4.64348e+42 0 0 1
0.000930572 166.839 166.839 5.06572e+54 5.07836e+54 5.3422e+54 1.76231e+53 0 1.92839e+49 0.0111206 4.64348e+42 0 0 1
0.00107461 6.69019e+15 6.69019e+15 4.15905e+54 4.16803e+54 4.3124e+54 1.43192e+53 0 2.22679e+49 4.70342e+11 4.64348e+42 0 0 1
0.00124094 7.15699e+25 7.15699e+25 3.38735e+54 3.39369e+54 3.47191e+54 1.16023e+53 0 2.57135e+49 5.34983e+21 4.64348e+42 0 0 1
0.00143301 1.74641e+33 1.74641e+33 2.74147e+54 2.74591e+54 2.78793e+54 9.37496e+52 0 2.96922e+49 1.3968e+29 4.64348e+42 0 0 1
0.00165482 4.74847e+38 4.74847e+38 2.20741e+54 2.2105e+54 2.2329e+54 7.5545e+52 0 3.42861e+49 4.08452e+34 4.64348e+42 0 0 1
0.00191095 4.64647e+42 4.64647e+42 1.76979e+54 1.77194e+54 1.7838e+54 6.07105e+52 0 3.95906e+49 4.31689e+38 4.64348e+42 0 0 1
0.00220673 3.89233e+45 3.89233e+45 1.41369e+54 1.41517e+54 1.42141e+54 4.86581e+52 0 4.57152e+49 3.92036e+41 4.64348e+42 0 0 1
0.0025483 5.29653e+47 5.29653e+47 1.12551e+54 1.12654e+54 1.12979e+54 3.88946e+52 0 5.27867e+49 5.80245e+43 4.64348e+42 0 0 1
0.00294273 1.87968e+49 1.87968e+49 8.93371e+53 8.94075e+53 8.95768e+53 3.10084e+52 0 6.09513e+49 2.24658e+45 4.64348e+42 0 0 1
0.00339821 2.46869e+50 2.46869e+50 7.071e+53 7.07582e+53 7.08456e+53 2.46566e+52 0 7.03777e+49 3.22817e+46 4.64348e+42 0 0 1
0.00392419 1.55409e+51 1.55409e+51 5.5815e+53 5.5848e+53 5.58929e+53 1.95552e+52 0 8.12606e+49 2.22943e+47 4.64348e+42 0 0 1
0.00453158 5.67727e+51 5.67727e+51 4.39421e+53 4.39646e+53 4.39875e+53 1.54693e+52 0 9.38244e+49 8.95836e+47 4.64348e+42 0 0 1
0.00523299 1.38622e+52 1.38622e+52 3.45059e+53 3.45212e+53 3.45328e+53 1.22058e+52 0 1.08328e+50 2.41217e+48 4.64348e+42 0 0 1
0.00604296 2.51137e+52 2.51137e+52 2.70273e+53 2.70377e+53 2.70436e+53 9.60618e+51 0 1.25071e+50 4.83145e+48 4.64348e+42 0 0 1
0.00697831 3.64675e+52 3.64675e+52 2.11164e+53 2.11234e+53 2.11263e+53 7.54104e+51 0 1.44397e+50 7.77602e+48 4.64348e+42 0 0 1
0.00805842 4.49366e+52 4.49366e+52 1.64568e+53 1.64616e+53 1.6463e+53 5.90484e+51 0 1.66704e+50 1.06469e+49 4.64348e+42 0 0 1
0.00930572 4.90126e+52 4.90126e+52 1.27934e+53 1.27966e+53 1.27974e+53 4.61192e+51 0 1.92448e+50 1.29357e+49 4.64348e+42 0 0 1
0.0107461 4.88165e+52 4.88165e+52 9.9207e+52 9.92284e+52 9.9232e+52 3.59297e+51 0 2.22158e+50 1.43878e+49 4.64348e+42 0 0 1
0.0124094 4.54346e+52 4.54346e+52 7.67386e+52 7.67529e+52 7.67547e+52 2.79205e+51 0 2.56441e+50 1.49914e+49 4.64348e+42 0 0 1
0.0143301 4.01944e+52 4.01944e+52 5.92112e+52 5.92208e+52 5.92217e+52 2.16418e+51 0 2.95995e+50 1.48844e+49 4.64348e+42 0 0 1
0.0165482 3.42276e+52 3.42276e+52 4.55742e+52 4.55806e+52 4.5581e+52 1.67327e+51 0 3.41626e+50 1.42603e+49 4.64348e+42 0 0 1
0.0191095 2.83184e+52 2.83184e+52 3.49918e+52 3.4996e+52 3.49962e+52 1.29046e+51 0 3.94259e+50 1.33067e+49 4.64348e+42 0 0 1
0.0220673 2.29213e+52 2.29213e+52 2.68013e+52 2.68042e+52 2.68044e+52 9.92749e+50 0 4.54957e+50 1.21773e+49 4.64348e+42 0 0 1
0.025483 1.8244e+52 1.8244e+52 2.04792e+52 2.0481e+52 2.04811e+52 7.61835e+50 0 5.24941e+50 1.09844e+49 4.64348e+42 0 0 1
0.0294273 1.43338e+52 1.43338e+52 1.56119e+52 1.56131e+52 1.56131e+52 5.83211e+50 0 6.05613e+50 9.80339e+48 4.64348e+42 0 0 1
0.0339821 1.11481e+52 1.11481e+52 1.18745e+52 1.18753e+52 1.18753e+52 4.45404e+50 0 6.98578e+50 8.68077e+48 4.64348e+42 0 0 1
0.0392419 8.60141e+51 8.60141e+51 9.01209e+51 9.01262e+51 9.01263e+51 3.39372e+50 0 8.05676e+50 7.64212e+48 4.64348e+42 0 0 1
0.0453158 6.59426e+51 6.59426e+51 6.82548e+51 6.82583e+51 6.82584e+51 2.58001e+50 0 9.29008e+50 6.69888e+48 4.64348e+42 0 0 1
0.0523299 5.02955e+51 5.02955e+51 5.15927e+51 5.1595e+51 5.1595e+51 1.9572e+50 0 1.07097e+51 5.85343e+48 4.64348e+42 0 0 1
0.0604296 3.8201e+51 3.8201e+51 3.89265e+51 3.8928e+51 3.8928e+51 1.4817e+50 0 1.23431e+51 5.10268e+48 4.64348e+42 0 0 1
0.0697831 2.89156e+51 2.89156e+51 2.93203e+51 2.93213e+51 2.93213e+51 1.11958e+50 0 1.42212e+51 4.44051e+48 4.64348e+42 0 0 1
0.0805842 2.18255e+51 2.18255e+51 2.20507e+51 2.20513e+51 2.20513e+51 8.44452e+49 0 1.63792e+51 3.85931e+48 4.64348e+42 0 0 1
0.0930572 1.64356e+51 1.64356e+51 1.65607e+51 1.65611e+51 1.65611e+51 6.35897e+49 0 1.8857e+51 3.35101e+48 4.64348e+42 0 0 1
0.107461 1.23531e+51 1.23531e+51 1.24225e+51 1.24228e+51 1.24228e+51 4.78143e+49 0 2.16993e+51 2.90761e+48 4.64348e+42 0 0 1
0.124094 9.27031e+50 9.27031e+50 9.30873e+50 9.30891e+50 9.30891e+50 3.59055e+49 0 2.49563e+51 2.52158e+48 4.64348e+42 0 0 1
0.143301 6.94815e+50 6.94815e+50 6.9694e+50 6.96952e+50 6.96952e+50 2.69321e+49 0 2.8684e+51 2.18596e+48 4.64348e+42 0 0 1
0.165482 5.20261e+50 5.20261e+50 5.21435e+50 5.21442e+50 5.21442e+50 2.01819e+49 0 3.29441e+51 1.89448e+48 4.64348e+42 0 0 1
0.191095 3.89275e+50 3.89275e+50 3.89924e+50 3.89928e+50 3.89928e+50 1.51116e+49 0 3.78048e+51 1.64152e+48 4.64348e+42 0 0 1
0.220673 2.91122e+50 2.91122e+50 2.91479e+50 2.91483e+50 2.91483e+50 1.13081e+49 0 4.33396e+51 1.42212e+48 4.64348e+42 0 0 1
0.25483 2.17654e+50 2.17654e+50 2.17851e+50 2.17853e+50 2.17853e+50 8.45815e+48 0 4.96278e+51 1.2319e+48 4.64348e+42 0 0 1
0.294273 1.62711e+50 1.62711e+50 1.6282e+50 1.62821e+50 1.62821e+50 6.32474e+48 0 5.67527e+51 1.06703e+48 4.64348e+42 0 0 1
0.339821 1.21649e+50 1.21649e+50 1.21709e+50 1.2171e+50 1.2171e+50 4.72896e+48 0 6.48001e+51 9.24174e+47 4.64348e+42 0 0 1
0.392419 9.09755e+49 9.09755e+49 9.10086e+49 9.10091e+49 9.10091e+49 3.53603e+48 0 7.38554e+51 8.00405e+47 4.64348e+42 0 0 1
0.453158 6.80671e+49 6.80671e+49 6.80853e+49 6.80857e+49 6.80857e+49 2.64464e+48 0 8.39999e+51 6.93188e+47 4.64348e+42 0 0 1
0.523299 5.0959e+49 5.0959e+49 5.09691e+49 5.09693e+49 5.09693e+49 1.97874e+48 0 9.53046e+51 6.00318e+47 4.64348e+42 0 0 1
0.604296 3.81811e+49 3.81811e+49 3.81866e+49 3.81868e+49 3.81868e+49 1.48133e+48 0 1.07823e+52 5.1988e+47 4.64348e+42 0 0 1
0.697831 2.86342e+49 2.86342e+49 2.86373e+49 2.86374e+49 2.86374e+49 1.10975e+48 0 1.2158e+52 4.50215e+47 4.64348e+42 0 0 1
0.805842 2.1498e+49 2.1498e+49 2.14997e+49 2.14997e+49 2.14997e+49 8.32091e+47 0 1.36558e+52 3.8988e+47 4.64348e+42 0 0 1
0.930572 1.61602e+49 1.61602e+49 1.61611e+49 1.61612e+49 1.61612e+49 6.24535e+47 0 1.52682e+52 3.37629e+47 4.64348e+42 0 0 1
1.07461 1.21643e+49 1.21643e+49 1.21649e+49 1.21649e+49 1.21649e+49 4.6929e+47 0 1.69795e+52 2.92378e+47 4.64348e+42 0 0 1
1.24094 9.17017e+48 9.17017e+48 9.17046e+48 9.17048e+48 9.17048e+48 3.53087e+47 0 1.87635e+52 2.53192e+47 4.64348e+42 0 0 1
1.43301 6.92406e+48 6.92406e+48 6.92422e+48 6.92423e+48 6.92423e+48 2.66029e+47 0 2.05805e+52 2.19256e+47 4.64348e+42 0 0 1
1.65482 5.23699e+48 5.23699e+48 5.23709e+48 5.2371e+48 5.2371e+48 2.00739e+47 0 2.23747e+52 1.89869e+47 4.64348e+42 0 0 1
1.91095 3.96808e+48 3.96808e+48 3.96814e+48 3.96814e+48 3.96814e+48 1.51718e+47 0 2.40714e+52 1.6442e+47 4.64348e+42 0 0 1
2.20673 3.01226e+48 3.01226e+48 3.01229e+48 3.01229e+48 3.01229e+48 1.14862e+47 0 2.55754e+52 1.42381e+47 4.64348e+42 0 0 1
2.5483 2.29111e+48 2.29111e+48 2.29113e+48 2.29113e+48 2.29113e+48 8.7115e+46 0 2.67713e+52 1.23297e+47 4.64348e+42 0 0 1
2.94273 1.7461e+48 1.7461e+48 1.74611e+48 1.74612e+48 1.74612e+48 6.61929e+46 0 2.7528e+52 1.0677e+47 4.64348e+42 0 0 1
3.39821 1.33347e+48 1.33347e+48 1.33348e+48 1.33348e+48 1.33348e+48 5.03919e+46 0 2.77073e+52 9.24589e+46 4.64348e+42 0 0 1
3.92419 1.02049e+48 1.02049e+48 1.0205e+48 1.0205e+48 1.0205e+48 3.84381e+46 0 2.71804e+52 8.00657e+46 4.64348e+42 0 0 1
4.53158 7.82631e+47 7.82631e+47 7.82636e+47 7.82637e+47 7.82637e+47 2.93787e+46 0 2.58524e+52 6.93335e+46 4.64348e+42 0 0 1
5.23299 6.01501e+47 6.01501e+47 6.01505e+47 6.01505e+47 6.01505e+47 2.25003e+46 0 2.36921e+52 6.00398e+46 4.64348e+42 0 0 1
6.04296 4.63287e+47 4.63287e+47 4.6329e+47 4.63291e+47 4.63291e+47 1.72677e+46 0 2.0764e+52 5.19918e+46 4.64348e+42 0 0 1
6.97831 3.57599e+47 3.57599e+47 3.57601e+47 3.57601e+47 3.57601e+47 1.32793e+46 0 1.7249e+52 4.50225e+46 4.64348e+42 0 0 1
8.05842 2.76608e+47 2.76608e+47 2.7661e+47 2.7661e+47 2.7661e+47 1.02332e+46 0 1.34415e+52 3.89873e+46 4.64348e+42 0 0 1
9.30572 2.14408e+47 2.14408e+47 2.1441e+47 2.1441e+47 2.1441e+47 7.90193e+45 0 9.70813e+51 3.37611e+46 4.64348e+42 0 0 1
10.7461 1.66534e+47 1.66534e+47 1.66536e+47 1.66536e+47 1.66536e+47 6.11401e+45 0 6.40974e+51 2.92353e+46 4.64348e+42 0 0 1
12.4094 1.29605e+47 1.29605e+47 1.29607e+47 1.29607e+47 1.29607e+47 4.73992e+45 0 3.80864e+51 2.53162e+46 4.64348e+42 0 0 1
14.3301 1.01056e+47 1.01056e+47 1.01058e+47 1.01058e+47 1.01058e+47 3.68165e+45 0 2.00098e+51 2.19224e+46 4.64348e+42 0 0 1
16.5482 7.89374e+46 7.89374e+46 7.89388e+46 7.89388e+46 7.89388e+46 2.86489e+45 0 9.11117e+50 1.89834e+46 4.64348e+42 0 0 1
19.1095 6.17638e+46 6.17638e+46 6.1765e+46 6.1765e+46 6.1765e+46 2.2332e+45 0 3.51472e+50 1.64384e+46 4.64348e+42 0 0 1
22.0673 4.84016e+46 4.84016e+46 4.84027e+46 4.84027e+46 4.84027e+46 1.74364e+45 0 1.11922e+50 1.42345e+46 4.64348e+42 0 0 1
25.483 3.79836e+46 3.79836e+46 3.79846e+46 3.79846e+46 3.79846e+46 1.36345e+45 0 2.85561e+49 1.23261e+46 4.64348e+42 0 0 1
29.4273 2.98452e+46 2.98452e+46 2.98461e+46 2.98461e+46 2.98461e+46 1.06762e+45 0 5.64057e+48 1.06734e+46 4.64348e+42 0 0 1
33.9821 2.34756e+46 2.34756e+46 2.34764e+46 2.34764e+46 2.34764e+46 8.36989e+44 0 8.29041e+47 9.2422e+45 4.64348e+42 0 0 1
39.2419 1.84816e+46 1.84816e+46 1.84824e+46 1.84824e+46 1.84824e+46 6.56863e+44 0 8.66138e+46 8.00286e+45 4.64348e+42 0 0 1
45.3158 1.45599e+46 1.45599e+46 1.45606e+46 1.45606e+46 1.45606e+46 5.15944e+44 0 6.10114e+45 6.92964e+45 4.64348e+42 0 0 1
52.3299 1.14757e+46 1.14757e+46 1.14763e+46 1.14763e+46 1.14763e+46 4.05524e+44 0 2.72616e+44 6.00026e+45 4.64348e+42 0 0 1
60.4296 9.04711e+45 9.04711e+45 9.04768e+45 9.04768e+45 9.04768e+45 3.18879e+44 0 7.20128e+42 5.19546e+45 4.64348e+42 0 0 1
69.7831 7.13268e+45 7.13268e+45 7.1332e+45 7.1332e+45 7.1332e+45 2.50806e+44 0 1.0367e+41 4.49853e+45 4.64348e+42 0 0 1
80.5842 5.62228e+45 5.62228e+45 5.62275e+45 5.62275e+45 5.62275e+45 1.97269e+44 0 7.40417e+38 3.89501e+45 4.64348e+42 0 0 1
93.0572 4.4299e+45 4.4299e+45 4.43033e+45 4.43033e+45 4.43033e+45 1.55127e+44 0 2.35377e+36 3.37239e+45 4.64348e+42 0 0 1
107.461 3.48825e+45 3.48825e+45 3.48864e+45 3.48864e+45 3.48864e+45 1.21936e+44 0 2.93834e+33 2.91981e+45 4.64348e+42 0 0 1
124.094 2.74455e+45 2.74455e+45 2.7449e+45 2.7449e+45 2.7449e+45 9.57858e+43 0 1.2464e+30 2.5279e+45 4.64348e+42 0 0 1
143.301 2.15729e+45 2.15729e+45 2.15761e+45 2.15761e+45 2.15761e+45 7.51812e+43 0 1.5201e+26 2.18852e+45 4.64348e+42 0 0 1
165.482 1.69379e+45 1.69379e+45 1.69408e+45 1.69408e+45 1.69408e+45 5.89495e+43 0 4.39498e+21 1.89462e+45 4.64348e+42 0 0 1
191.095 1.32824e+45 1.32824e+45 1.3285e+45 1.3285e+45 1.3285e+45 4.6169e+43 0 2.41074e+16 1.64012e+45 4.64348e+42 0 0 1
220.673 1.04024e+45 1.04024e+45 1.04048e+45 1.04048e+45 1.04048e+45 3.61135e+43 0 1.93962e+10 1.41973e+45 4.64348e+42 0 0 1
254.83 8.13633e+44 8.13633e+44 8.13849e+44 8.13849e+44 8.13849e+44 2.82103e+43 0 1700.71 1.22889e+45 4.64348e+42 0 0 1
294.273 6.35585e+44 6.35585e+44 6.35779e+44 6.35779e+44 6.35779e+44 2.20067e+43 0 1.15314e-05 1.06362e+45 4.64348e+42 0 0 1
339.821 4.95917e+44 4.95917e+44 4.96092e+44 4.96092e+44 4.96092e+44 1.71445e+43 0 4.06831e-15 9.20503e+44 4.64348e+42 0 0 1
392.419 3.86544e+44 3.86544e+44 3.86702e+44 3.86702e+44 3.86702e+44 1.33398e+43 0 4.72634e-26 7.9657e+44 4.64348e+42 0 0 1
453.158 3.01041e+44 3.01041e+44 3.01183e+44 3.01183e+44 3.01183e+44 1.03679e+43 0 1.06602e-38 6.8925e+44 4.64348e+42 0 0 1
523.299 2.34307e+44 2.34307e+44 2.34434e+44 2.34434e+44 2.34434e+44 8.05057e+42 0 2.5361e-53 5.96314e+44 4.64348e+42 0 0 1
604.296 1.823e+44 1.823e+44 1.82414e+44 1.82414e+44 1.82414e+44 6.2467e+42 0 3.14594e-70 5.15836e+44 4.64348e+42 0 0 1
697.831 1.41819e+44 1.41819e+44 1.41922e+44 1.41922e+44 1.41922e+44 4.84471e+42 0 9.0194e-90 4.46146e+44 4.64348e+42 0 0 1
805.842 1.1034e+44 1.1034e+44 1.10433e+44 1.10433e+44 1.10433e+44 3.75651e+42 0 2.33571e-112 3.85797e+44 4.64348e+42 0 0 1
930.572 8.58767e+43 8.58767e+43 8.59596e+43 8.59596e+43 8.59596e+43 2.91277e+42 0 1.84625e-138 3.33538e+44 4.64348e+42 0 0 1
1074.61 6.68699e+43 6.68699e+43 6.69445e+43 6.69445e+43 6.69445e+43 2.25904e+42 0 1.27255e-168 2.88284e+44 4.64348e+42 0 0 1
1240.94 5.21017e+43 5.21017e+43 5.21689e+43 5.21689e+43 5.21689e+43 1.75272e+42 0 1.79985e-203 2.49097e+44 4.64348e+42 0 0 1
1433.01 4.06229e+43 4.06229e+43 4.06833e+43 4.06833e+43 4.06833e+43 1.36061e+42 0 9.82615e-244 2.15164e+44 4.64348e+42 0 0 1
1654.82 3.16953e+43 3.16953e+43 3.17498e+43 3.17498e+43 3.17498e+43 1.05686e+42 0 0 1.85781e+44 4.64348e+42 0 0 1
1910.95 2.47467e+43 2.47467e+43 2.47959e+43 2.47959e+43 2.47959e+43 8.21458e+41 0 0 1.60338e+44 4.64348e+42 0 0 1
2206.73 1.93337e+43 1.93337e+43 1.9378e+43 1.9378e+43 1.9378e+43 6.38905e+41 0 0 1.38307e+44 4.64348e+42 0 0 1
2548.3 1.5113e+43 1.5113e+43 1.5153e+43 1.5153e+43 1.5153e+43 4.97227e+41 0 0 1.19231e+44 4.64348e+42 0 0 1
2942.73 1.18189e+43 1.18189e+43 1.18551e+43 1.18551e+43 1.18551e+43 3.87181e+41 0 0 1.02715e+44 4.64348e+42 0 0 1
3398.21 9.24583e+42 9.24583e+42 9.2785e+42 9.2785e+42 9.2785e+42 3.01632e+41 0 0 8.8415e+43 4.64348e+42 0 0 1
3924.19 7.23431e+42 7.23431e+42 7.26383e+42 7.26383e+42 7.26383e+42 2.35073e+41 0 0 7.60356e+43 4.64348e+42 0 0 1
4531.58 5.66068e+42 5.66068e+42 5.68737e+42 5.68737e+42 5.68737e+42 1.83248e+41 0 0 6.53194e+43 4.64348e+42 0 0 1
5232.99 4.4309e+42 4.4309e+42 4.45403e+42 4.45403e+42 4.45403e+42 1.42907e+41 0 0 5.60694e+43 4.64348e+42 0 0 1
6042.96 3.46637e+42 3.46637e+42 3.48714e+42 3.48714e+42 3.48714e+42 1.11427e+41 0 0 4.80459e+43 4.64348e+42 0 0 1
6978.31 2.71082e+42 2.71082e+42 2.72945e+42 2.72945e+42 2.72945e+42 8.68726e+40 0 0 4.11046e+43 4.64348e+42 0 0 1
8058.42 2.1189e+42 2.1189e+42 2.13558e+42 2.13558e+42 2.13558e+42 6.77139e+40 0 0 3.51014e+43 4.64348e+42 0 0 1
9305.72 1.65518e+42 1.65518e+42 1.67008e+42 1.67008e+42 1.67008e+42 5.27618e+40 0 0 2.99115e+43 4.64348e+42 0 0 1
10746.1 1.29195e+42 1.29195e+42 1.30524e+42 1.30524e+42 1.30524e+42 4.10918e+40 0 0 2.54269e+43 4.64348e+42 0 0 1
12409.4 1.00752e+42 1.00752e+42 1.01935e+42 1.01935e+42 1.01935e+42 3.1984e+40 0 0 2.15545e+43 4.64348e+42 0 0 1
14330.1 7.84921e+41 7.84921e+41 7.95414e+41 7.95414e+41 7.95414e+41 2.48772e+40 0 0 1.82133e+43 4.64348e+42 0 0 1
16548.2 6.10811e+41 6.10811e+41 6.20092e+41 6.20092e+41 6.20092e+41 1.93338e+40 0 0 1.53335e+43 4.64348e+42 0 0 1
19109.5 4.74738e+41 4.74738e+41 4.82918e+41 4.82918e+41 4.82918e+41 1.50119e+40 0 0 1.28548e+43 4.64348e+42 0 0 1
22067.3 3.6849e+41 3.6849e+41 3.75672e+41 3.75672e+41 3.75672e+41 1.16444e+40 0 0 1.0725e+43 4.64348e+42 0 0 1
25483 2.85619e+41 2.85619e+41 2.91898e+41 2.91898e+41 2.91898e+41 9.02241e+39 0 0 8.89879e+42 4.64348e+42 0 0 1
29427.3 2.21058e+41 2.21058e+41 2.26521e+41 2.26521e+41 2.26521e+41 6.98272e+39 0 0 7.33706e+42 4.64348e+42 0 0 1
33982.1 1.70827e+41 1.70827e+41 1.75557e+41 1.75557e+41 1.75557e+41 5.39752e+39 0 0 6.00591e+42 4.64348e+42 0 0 1
39241.9 1.31802e+41 1.31802e+41 1.35874e+41 1.35874e+41 1.35874e+41 4.16686e+39 0 0 4.87586e+42 4.64348e+42 0 0 1
45315.8 1.01529e+41 1.01529e+41 1.05014e+41 1.05014e+41 1.05014e+41 3.21256e+39 0 0 3.92127e+42 4.64348e+42 0 0 1
52329.9 7.80829e+40 7.80829e+40 8.10471e+40 8.10471e+40 8.10471e+40 2.47349e+39 0 0 3.11975e+42 4.64348e+42 0 0 1
60429.6 5.99549e+40 5.99549e+40 6.24588e+40 6.24588e+40 6.24588e+40 1.90184e+39 0 0 2.45163e+42 4.64348e+42 0 0 1
69783.1 4.59629e+40 4.59629e+40 4.8063e+40 4.8063e+40 4.8063e+40 1.46031e+39 0 0 1.89959e+42 4.64348e+42 0 0 1
80584.2 3.51823e+40 3.51823e+40 3.69307e+40 3.69307e+40 3.69307e+40 1.11975e+39 0 0 1.44825e+42 4.64348e+42 0 0 1
93057.2 2.68905e+40 2.68905e+40 2.8335e+40 2.8335e+40 2.8335e+40 8.57447e+38 0 0 1.08385e+42 4.64348e+42 0 0 1
107461 2.0524e+40 2.0524e+40 2.1708e+40 2.1708e+40 2.1708e+40 6.55711e+38 0 0 7.94048e+41 4.64348e+42 0 0 1
124094 1.56439e+40 1.56439e+40 1.66066e+40 1.66066e+40 1.66066e+40 5.00777e+38 0 0 5.67659e+41 4.64348e+42 0 0 1
143301 1.19091e+40 1.19091e+40 1.26856e+40 1.26856e+40 1.26856e+40 3.81955e+38 0 0 3.9453e+41 4.64348e+42 0 0 1
165482 9.05512e+39 9.05512e+39 9.67649e+39 9.67649e+39 9.67649e+39 2.90954e+38 0 0 2.65433e+41 4.64348e+42 0 0 1
191095 6.87732e+39 6.87732e+39 7.37058e+39 7.37058e+39 7.37058e+39 2.21353e+38 0 0 1.72002e+41 4.64348e+42 0 0 1
220673 5.21766e+39 5.21766e+39 5.6062e+39 5.6062e+39 5.6062e+39 1.68191e+38 0 0 1.06731e+41 4.64348e+42 0 0 1
254830 3.95443e+39 3.95443e+39 4.25817e+39 4.25817e+39 4.25817e+39 1.27638e+38 0 0 6.29934e+40 4.64348e+42 0 0 1
294273 2.99405e+39 2.99405e+39 3.22976e+39 3.22976e+39 3.22976e+39 9.67436e+37 0 0 3.50873e+40 4.64348e+42 0 0 1
339821 2.26474e+39 2.26474e+39 2.44636e+39 2.44636e+39 2.44636e+39 7.32376e+37 0 0 1.82777e+40 4.64348e+42 0 0 1
392419 1.71149e+39 1.71149e+39 1.85048e+39 1.85048e+39 1.85048e+39 5.53765e+37 0 0 8.81173e+39 4.64348e+42 0 0 1
453158 1.29225e+39 1.29225e+39 1.39792e+39 1.39792e+39 1.39792e+39 4.18224e+37 0 0 3.88426e+39 4.64348e+42 0 0 1
523299 9.749e+38 9.749e+38 1.05471e+39 1.05471e+39 1.05471e+39 3.15503e+37 1.40999e+35 0 1.54379e+39 4.64348e+42 0 0 1
604296 7.34911e+38 7.34911e+38 7.94811e+38 7.94811e+38 7.94811e+38 2.37755e+37 1.41607e+35 0 5.44347e+38 4.64348e+42 0 0 1
697831 5.53606e+38 5.53606e+38 5.98287e+38 5.98287e+38 5.98287e+38 1.78986e+37 1.42216e+35 0 1.67134e+38 4.64348e+42 0 0 1
805842 4.1676e+38 4.1676e+38 4.49888e+38 4.49888e+38 4.49888e+38 1.34616e+37 1.42825e+35 0 4.37311e+37 4.64348e+42 0 0 1
930572 3.1356e+38 3.1356e+38 3.37976e+38 3.37976e+38 3.37976e+38 1.01158e+37 1.43434e+35 0 9.51107e+36 4.64348e+42 0 0 1
1.07461e+06 2.35794e+38 2.35794e+38 2.53684e+38 2.53684e+38 2.53684e+38 7.59554e+36 1.44134e+35 0 1.67066e+36 4.64348e+42 0 0 1
1.24094e+06 1.77231e+38 1.77231e+38 1.90265e+38 1.90265e+38 1.90265e+38 5.69909e+36 1.44325e+35 0 2.29265e+35 4.64348e+42 0 0 1
1.43301e+06 1.33156e+38 1.33156e+38 1.42599e+38 1.42599e+38 1.42599e+38 4.27334e+36 1.4457e+35 0 2.3654e+34 4.64348e+42 0 0 1
1.65482e+06 9.99989e+37 9.99989e+37 1.06806e+38 1.06806e+38 1.06806e+38 3.20234e+36 1.44885e+35 0 1.75527e+33 4.64348e+42 0 0 1
1.91095e+06 7.50676e+37 7.50676e+37 7.99511e+37 7.99511e+37 7.99511e+37 2.39844e+36 1.45323e+35 0 8.90088e+31 4.64348e+42 0 0 1
2.20673e+06 5.63294e+37 5.63294e+37 5.98171e+37 5.98171e+37 5.98171e+37 1.79543e+36 1.45891e+35 0 2.90744e+30 4.64348e+42 0 0 1
2.5483e+06 4.22521e+37 4.22521e+37 4.47328e+37 4.47328e+37 4.47328e+37 1.34342e+36 1.46637e+35 0 5.71425e+28 4.64348e+42 0 0 1
2.94273e+06 3.1681e+37 3.1681e+37 3.34389e+37 3.34389e+37 3.34389e+37 1.00479e+36 1.47616e+35 0 6.24565e+26 4.64348e+42 0 0 1
3.39821e+06 2.37463e+37 2.37463e+37 2.49878e+37 2.49878e+37 2.49878e+37 7.51259e+35 1.48982e+35 0 3.46643e+24 4.64348e+42 0 0 1
3.92419e+06 1.77931e+37 1.77931e+37 1.86674e+37 1.86674e+37 1.86674e+37 5.61534e+35 1.50754e+35 0 8.79605e+21 4.64348e+42 0 0 1
4.53158e+06 1.33285e+37 1.33285e+37 1.39427e+37 1.39427e+37 1.39427e+37 4.19633e+35 1.5304e+35 0 9.03976e+18 4.64348e+42 0 0 1
5.23299e+06 9.98176e+36 9.98176e+36 1.04124e+37 1.04124e+37 1.04124e+37 3.13553e+35 1.5593e+35 0 3.27128e+15 4.64348e+42 0 0 1
6.04296e+06 7.47395e+36 7.47395e+36 7.77542e+36 7.77542e+36 7.77542e+36 2.34294e+35 1.59763e+35 0 3.54646e+11 4.64348e+42 0 0 1
6.97831e+06 5.59553e+36 5.59553e+36 5.80641e+36 5.80641e+36 5.80641e+36 1.75104e+35 1.64281e+35 0 9.55793e+06 4.64348e+42 0 0 1
8.05842e+06 4.18909e+36 4.18909e+36 4.33656e+36 4.33656e+36 4.33656e+36 1.30929e+35 1.6962e+35 0 51.625 4.64348e+42 0 0 1
9.30572e+06 3.13642e+36 3.13642e+36 3.23957e+36 3.23957e+36 3.23957e+36 9.79881e+34 1.75668e+35 0 4.35757e-05 4.64348e+42 0 0 1
1.07461e+07 2.34883e+36 2.34883e+36 2.42106e+36 2.42106e+36 2.42106e+36 7.34572e+34 1.82914e+35 0 4.3128e-12 4.64348e+42 0 0 1
1.24094e+07 1.75975e+36 1.75975e+36 1.81042e+36 1.81042e+36 1.81042e+36 5.52114e+34 1.90033e+35 0 3.59204e-20 4.64348e+42 0 0 1
1.43301e+07 1.3193e+36 1.3193e+36 1.35493e+36 1.35493e+36 1.35493e+36 4.16701e+34 1.96988e+35 0 1.71645e-29 4.64348e+42 0 0 1
1.65482e+07 9.9012e+35 9.9012e+35 1.01526e+36 1.01526e+36 1.01526e+36 3.16509e+34 2.03446e+35 0 3.02357e-40 4.64348e+42 0 0 1
1.91095e+07 7.4426e+35 7.4426e+35 7.62082e+35 7.62082e+35 7.62082e+35 2.42805e+34 2.09012e+35 0 1.17806e-52 4.64348e+42 0 0 1
2.20673e+07 5.60658e+35 5.60658e+35 5.73359e+35 5.73359e+35 5.73359e+35 1.88699e+34 2.13814e+35 0 5.62857e-67 4.64348e+42 0 0 1
2.5483e+07 4.23662e+35 4.23662e+35 4.32776e+35 4.32776e+35 4.32776e+35 1.49325e+34 2.17183e+35 0 1.66872e-83 4.64348e+42 0 0 1
2.94273e+07 3.21441e+35 3.21441e+35 3.28035e+35 3.28035e+35 3.28035e+35 1.20743e+34 2.17226e+35 0 1.398e-102 4.64348e+42 0 0 1
3.39821e+07 2.45198e+35 2.45198e+35 2.50015e+35 2.50015e+35 2.50015e+35 1.00137e+34 2.13346e+35 0 1.33437e-124 4.64348e+42 0 0 1
3.92419e+07 1.88217e+35 1.88217e+35 1.91775e+35 1.91775e+35 1.91775e+35 8.50672e+33 2.05438e+35 0 5.08316e-150 4.64348e+42 0 0 1
4.53158e+07 1.45644e+35 1.45644e+35 1.48305e+35 1.48305e+35 1.48305e+35 7.41248e+33 1.94896e+35 0 2.30152e-179 4.64348e+42 0 0 1
5.23299e+07 1.13754e+35 1.13754e+35 1.15773e+35 1.15773e+35 1.15773e+35 6.60254e+33 1.8274e+35 0 3.05791e-213 4.64348e+42 0 0 1
6.04296e+07 8.96872e+34 8.96872e+34 9.1241e+34 9.1241e+34 9.1241e+34 5.96185e+33 1.67772e+35 0 2.3705e-252 4.64348e+42 0 0 1
6.97831e+07 7.13613e+34 7.13613e+34 7.25737e+34 7.25737e+34 7.25737e+34 5.41855e+33 1.50329e+35 0 0 4.64348e+42 0 0 1
8.05842e+07 5.72776e+34 5.72776e+34 5.82361e+34 5.82361e+34 5.82361e+34 4.93325e+33 1.30698e+35 0 0 4.64348e+42 0 0 1
9.30572e+07 4.62998e+34 4.62998e+34 4.70664e+34 4.70664e+34 4.70664e+34 4.47286e+33 1.09568e+35 0 0 4.64348e+42 0 0 1
1.07461e+08 3.75714e+34 3.75714e+34 3.81893e+34 3.81893e+34 3.81893e+34 4.01123e+33 8.81358e+34 0 0 4.64348e+42 47.54 0 1
1.24094e+08 3.06267e+34 3.06267e+34 3.11289e+34 3.11289e+34 3.11289e+34 3.57213e+33 6.9763e+34 0 0 4.64348e+42 41.7647 0 1
1.43301e+08 2.49766e+34 2.49766e+34 2.53864e+34 2.53864e+34 2.53864e+34 3.13912e+33 5.4242e+34 0 0 4.64348e+42 36.691 0 1
1.65482e+08 2.03002e+34 2.03002e+34 2.06345e+34 2.06345e+34 2.06345e+34 2.71108e+33 4.15032e+34 0 0 4.64348e+42 32.2337 0 1
1.91095e+08 1.63095e+34 1.63095e+34 1.65798e+34 1.65798e+34 1.65798e+34 2.27558e+33 3.09433e+34 0 0 4.64348e+42 28.3178 0 1
2.20673e+08 1.30512e+34 1.30512e+34 1.32693e+34 1.32693e+34 1.32693e+34 1.88772e+33 2.3191e+34 0 0 4.64348e+42 24.8777 0 1
2.5483e+08 1.03553e+34 1.03553e+34 1.05303e+34 1.05303e+34 1.05303e+34 1.53847e+33 1.71853e+34 0 0 4.64348e+42 21.8554 0 1
2.94273e+08 8.13545e+33 8.13545e+33 8.2747e+33 8.2747e+33 8.2747e+33 1.23102e+33 1.25943e+34 0 0 4.64348e+42 19.2004 0 1
3.39821e+08 6.2855e+33 6.2855e+33 6.39463e+33 6.39463e+33 6.39463e+33 9.57639e+32 9.06601e+33 0 0 4.64348e+42 17.612 0 1
3.92419e+08 4.84833e+33 4.84833e+33 4.93383e+33 4.93383e+33 4.93383e+33 7.42635e+32 6.63277e+33 0 0 4.64348e+42 16.8678 0 1
4.53158e+08 3.70816e+33 3.70816e+33 3.77465e+33 3.77465e+33 3.77465e+33 5.6792e+32 4.83032e+33 0 0 4.64348e+42 16.1551 0 1
5.23299e+08 2.80863e+33 2.80863e+33 2.85989e+33 2.85989e+33 2.85989e+33 4.2748e+32 3.50306e+33 0 0 4.64348e+42 15.4725 0 1
6.04296e+08 2.11154e+33 2.11154e+33 2.1508e+33 2.1508e+33 2.1508e+33 3.17859e+32 2.5137e+33 0 0 4.64348e+42 14.8187 0 1
6.97831e+08 1.59886e+33 1.59886e+33 1.62915e+33 1.62915e+33 1.62915e+33 2.39148e+32 1.841e+33 0 0 4.64348e+42 14.1925 0 1
8.05842e+08 1.20624e+33 1.20624e+33 1.22953e+33 1.22953e+33 1.22953e+33 1.7893e+32 1.34608e+33 0 0 4.64348e+42 13.5928 0 1
9.30572e+08 9.05951e+32 9.05951e+32 9.23798e+32 9.23798e+32 9.23798e+32 1.32982e+32 9.81855e+32 0 0 4.64348e+42 13.0185 0 1
1.07461e+09 6.75034e+32 6.75034e+32 6.88599e+32 6.88599e+32 6.88599e+32 9.76228e+31 7.06052e+32 0 0 4.64348e+42 13.0654 0 1
1.24094e+09 5.08443e+32 5.08443e+32 5.18868e+32 5.18868e+32 5.18868e+32 7.31249e+31 5.19484e+32 0 0 4.64348e+42 13.7403 0 1
1.43301e+09 3.82634e+32 3.82634e+32 3.90639e+32 3.90639e+32 3.90639e+32 5.48294e+31 3.81193e+32 0 0 4.64348e+42 14.4501 0 1
1.65482e+09 2.86898e+32 2.86898e+32 2.93022e+32 2.93022e+32 2.93022e+32 4.09735e+31 2.78874e+32 0 0 4.64348e+42 15.1966 0 1
1.91095e+09 2.13246e+32 2.13246e+32 2.17891e+32 2.17891e+32 2.17891e+32 3.02619e+31 2.00678e+32 0 0 4.64348e+42 15.9817 0 1
2.20673e+09 1.5985e+32 1.5985e+32 1.63402e+32 1.63402e+32 1.63402e+32 2.27692e+31 1.47974e+32 0 0 4.64348e+42 16.8073 0 1
2.5483e+09 1.19339e+32 1.19339e+32 1.22044e+32 1.22044e+32 1.22044e+32 1.70773e+31 1.08809e+32 0 0 4.64348e+42 17.6755 0 1
2.94273e+09 8.86584e+31 8.86584e+31 9.07081e+31 9.07081e+31 9.07081e+31 1.27474e+31 7.97556e+31 0 0 4.64348e+42 18.5886 0 1
3.39821e+09 6.51024e+31 6.51024e+31 6.66373e+31 6.66373e+31 6.66373e+31 9.35729e+30 5.75017e+31 0 0 4.64348e+42 19.5489 0 1
3.92419e+09 4.82876e+31 4.82876e+31 4.94483e+31 4.94483e+31 4.94483e+31 7.00932e+30 4.24312e+31 0 0 4.64348e+42 20.5588 0 1
4.53158e+09 3.57024e+31 3.57024e+31 3.65772e+31 3.65772e+31 3.65772e+31 5.23363e+30 3.11989e+31 0 0 4.64348e+42 21.6208 0 1
5.23299e+09 2.6318e+31 2.6318e+31 2.69752e+31 2.69752e+31 2.69752e+31 3.89467e+30 2.28468e+31 0 0 4.64348e+42 22.7377 0 1
6.04296e+09 1.91697e+31 1.91697e+31 1.96575e+31 1.96575e+31 1.96575e+31 2.84486e+30 1.647e+31 0 0 4.64348e+42 23.9123 0 1
6.97831e+09 1.41369e+31 1.41369e+31 1.45041e+31 1.45041e+31 1.45041e+31 2.12554e+30 1.21405e+31 0 0 4.64348e+42 25.1476 0 1
8.05842e+09 1.03673e+31 1.03673e+31 1.06469e+31 1.06469e+31 1.06469e+31 1.58158e+30 8.92467e+30 0 0 4.64348e+42 26.4467 0 1
9.30572e+09 7.41388e+30 7.41388e+30 7.64565e+30 7.64565e+30 7.64565e+30 1.16318e+30 6.5424e+30 0 0 4.64348e+42 27.8129 0 1
1.07461e+10 4.73475e+30 4.73475e+30 4.98612e+30 4.98612e+30 4.98612e+30 8.23689e+29 4.73137e+30 0 0 4.64348e+42 31.2066 0 1
1.24094e+10 2.21466e+30 2.21466e+30 2.54884e+30 2.54884e+30 2.54884e+30 5.74942e+29 3.49936e+30 0 0 4.64348e+42 37.357 0 1
1.43301e+10 5.80708e+29 5.80708e+29 9.0833e+29 9.0833e+29 9.0833e+29 4.00572e+29 2.58172e+30 0 0 4.64348e+42 44.7195 0 1
1.65482e+10 7.12746e+28 7.12746e+28 2.68206e+29 2.68206e+29 2.68206e+29 2.86547e+29 1.89891e+30 0 0 4.64348e+42 53.5331 0 1
1.91095e+10 2.50676e+27 2.50676e+27 7.90321e+28 7.90321e+28 7.90321e+28 2.04836e+29 1.3735e+30 0 0 4.64348e+42 64.0836 0 1
2.20673e+10 9.56432e+24 9.56432e+24 2.57338e+28 2.57338e+28 2.57338e+28 1.50876e+29 1.01658e+30 0 0 4.64348e+42 76.7135 34.7254 1
2.5483e+10 9.58104e+20 9.58104e+20 9.25077e+27 9.25077e+27 9.25077e+27 1.1106e+29 7.49934e+29 0 0 4.64348e+42 91.8326 22.9578 1
2.94273e+10 5.31622e+14 5.31622e+14 3.65361e+27 3.65361e+27 3.65361e+27 8.15976e+28 5.51322e+29 0 0 4.64348e+42 109.931 15.5417 1
3.39821e+10 412867 412867 1.554e+27 1.554e+27 1.554e+27 5.88546e+28 3.97962e+29 0 0 4.64348e+42 131.597 10.7604 1
3.92419e+10 2.02127e-07 2.02127e-07 7.2528e+26 7.2528e+26 7.2528e+26 4.36115e+28 2.94597e+29 0 0 4.64348e+42 157.533 7.61059 1
4.53158e+10 5.87878e-23 5.87878e-23 3.61305e+26 3.61305e+26 3.61305e+26 3.22491e+28 2.17546e+29 0 0 4.64348e+42 188.581 5.49245 1
5.23299e+10 2.31021e-41 2.31021e-41 1.9051e+26 1.9051e+26 1.9051e+26 2.38094e+28 1.60202e+29 0 0 4.64348e+42 225.747 4.04008 1
6.04296e+10 5.92954e-62 5.92954e-62 1.04413e+26 1.04413e+26 1.04413e+26 1.72882e+28 1.15821e+29 0 0 4.64348e+42 270.238 3.02568 1
6.97831e+10 8.55746e-84 8.55746e-84 6.08356e+25 6.08356e+25 6.08356e+25 1.28827e+28 8.59568e+28 0 0 4.64348e+42 323.498 2.3047 1
8.05842e+10 7.31471e-106 7.31471e-106 3.67483e+25 3.67483e+25 3.67483e+25 9.57418e+27 6.36446e+28 0 0 4.64348e+42 387.255 1.78376 1
9.30572e+10 3.85598e-127 3.85598e-127 2.28989e+25 2.28989e+25 2.28989e+25 7.09584e+27 4.69901e+28 0 0 4.64348e+42 463.577 1.40144 1
1.07461e+11 9.94972e-147 9.94972e-147 1.44779e+25 1.44779e+25 1.44779e+25 5.15989e+27 3.40295e+28 0 0 4.64348e+42 554.941 1.11671 1
1.24094e+11 6.90577e-164 6.90577e-164 9.56092e+24 9.56092e+24 9.56092e+24 3.84377e+27 2.52912e+28 0 0 4.64348e+42 664.312 0.901709 1
1.43301e+11 4.12363e-178 4.12363e-178 6.44348e+24 6.44348e+24 6.44348e+24 2.85349e+27 1.87448e+28 0 0 4.64348e+42 795.238 0.737233 1
1.65482e+11 4.20116e-189 4.20116e-189 4.41936e+24 4.41936e+24 4.41936e+24 2.11017e+27 1.38474e+28 0 0 4.64348e+42 951.967 0.609868 1
1.91095e+11 9.04184e-197 9.04184e-197 3.03806e+24 3.03806e+24 3.03806e+24 1.53028e+27 1.00265e+28 0 0 4.64348e+42 1139.59 0.510106 1
2.20673e+11 3.63001e-201 3.63001e-201 2.1672e+24 2.1672e+24 2.1672e+24 1.13757e+27 7.45095e+27 0 0 4.64348e+42 1364.18 0.431129 1
2.5483e+11 1.67186e-202 1.67186e-202 1.56572e+24 1.56572e+24 1.56572e+24 8.42923e+26 5.52087e+27 0 0 4.64348e+42 1633.04 0.367983 1
2.94273e+11 4.48124e-201 4.48124e-201 1.14382e+24 1.14382e+24 1.14382e+24 6.22536e+26 4.07702e+27 0 0 4.64348e+42 1954.89 0.317029 1
3.39821e+11 3.058e-197 3.058e-197 8.31936e+23 8.31936e+23 8.31936e+23 4.51091e+26 2.95027e+27 0 0 4.64348e+42 0 0.275565 1
3.92419e+11 2.29899e-191 2.29899e-191 6.25839e+23 6.25839e+23 6.25839e+23 3.35212e+26 2.19141e+27 0 0 4.64348e+42 0 0.241562 1
4.53158e+11 7.66209e-184 7.66209e-184 4.74416e+23 4.74416e+23 4.74416e+23 2.48325e+26 1.62286e+27 0 0 4.64348e+42 0 0.213483 1
5.23299e+11 4.82936e-175 4.82936e-175 3.61937e+23 3.61937e+23 3.61937e+23 1.83354e+26 1.19767e+27 0 0 4.64348e+42 0 0.190154 1
6.04296e+11 2.57659e-165 2.57659e-165 2.7344e+23 2.7344e+23 2.7344e+23 1.32777e+26 8.65907e+26 0 0 4.64348e+42 0 0.170669 1
6.97831e+11 5.98145e-155 5.98146e-155 2.13127e+23 2.13127e+23 2.13127e+23 9.86257e+25 6.42671e+26 0 0 4.64348e+42 0 0.154323 1
8.05842e+11 3.17557e-144 3.17557e-144 1.66762e+23 1.66762e+23 1.66762e+23 7.30261e+25 4.75505e+26 0 0 4.64348e+42 0 0.140565 1
9.30572e+11 2.28299e-133 2.28299e-133 1.30867e+23 1.30867e+23 1.30867e+23 5.38905e+25 3.50565e+26 0 0 4.64348e+42 0 0.12896 1
1.07461e+12 1.41776e-122 1.41776e-122 1.0131e+23 1.0131e+23 1.0131e+23 3.89898e+25 2.53118e+26 0 0 4.64348e+42 0 0.119166 1
1.24094e+12 5.60093e-112 5.60093e-112 8.07695e+22 8.07695e+22 8.07695e+22 2.89397e+25 1.87634e+26 0 0 4.64348e+42 0 0.110908 1
1.43301e+12 1.04201e-101 1.04201e-101 6.4475e+22 6.4475e+22 6.4475e+22 2.14104e+25 1.3864e+26 0 0 4.64348e+42 0 0.103969 1
1.65482e+12 7.43214e-92 7.43214e-92 5.14972e+22 5.14972e+22 5.14972e+22 1.57853e+25 1.02055e+26 0 0 4.64348e+42 0 0.098177 1
1.91095e+12 1.7264e-82 1.7264e-82 4.04714e+22 4.04714e+22 4.04714e+22 1.1406e+25 7.35447e+25 0 0 4.64348e+42 0 0.0933933 1
2.20673e+12 1.2394e-73 1.2394e-73 3.27168e+22 3.27168e+22 3.27168e+22 8.45618e+24 5.44202e+25 0 0 4.64348e+42 0 0.0895108 1
2.5483e+12 2.52744e-65 2.52745e-65 2.64362e+22 2.64362e+22 2.64362e+22 6.24811e+24 4.01299e+25 0 0 4.64348e+42 0 0.0864461 1
2.94273e+12 1.43075e-57 1.43075e-57 2.1341e+22 2.1341e+22 2.1341e+22 4.60011e+24 2.94749e+25 0 0 4.64348e+42 0 0.0841374 1
3.39821e+12 2.21848e-50 2.21848e-50 1.69197e+22 1.69197e+22 1.69197e+22 3.31762e+24 2.1181e+25 0 0 4.64348e+42 0 0.082541 1
3.92419e+12 1.01014e-43 1.01014e-43 1.37896e+22 1.37896e+22 1.37896e+22 2.45544e+24 1.56326e+25 0 0 4.64348e+42 0 0.08163 1
4.53158e+12 1.3641e-37 1.3641e-37 1.12204e+22 1.12204e+22 1.12204e+22 1.81087e+24 1.14947e+25 0 0 4.64348e+42 0 0.0813928 1
5.23299e+12 5.74131e-32 5.74132e-32 9.11111e+21 9.11111e+21 9.11111e+21 1.33047e+24 8.41598e+24 0 0 4.64348e+42 0 0.0818329 1
6.04296e+12 7.83975e-27 7.83975e-27 7.2548e+21 7.2548e+21 7.2548e+21 9.56939e+23 6.02358e+24 0 0 4.64348e+42 0 0.0829683 1
6.97831e+12 3.87426e-22 3.87427e-22 5.93613e+21 5.93613e+21 5.93613e+21 7.06506e+23 4.4294e+24 0 0 4.64348e+42 0 0.0848322 1
8.05842e+12 7.17788e-18 7.17788e-18 4.84443e+21 4.84443e+21 4.84443e+21 5.19631e+23 3.24379e+24 0 0 4.64348e+42 0 0.0874729 1
9.30572e+12 5.32374e-14 5.32375e-14 3.94137e+21 3.94137e+21 3.94137e+21 3.80636e+23 2.3644e+24 0 0 4.64348e+42 0 0.0909553 1
1.07461e+13 1.65754e-10 1.65754e-10 3.13916e+21 3.13916e+21 3.13916e+21 2.72712e+23 1.68268e+24 0 0 4.64348e+42 0 0.0953611 1
1.24094e+13 2.42419e-07 2.42419e-07 2.56846e+21 2.56846e+21 2.56846e+21 2.00637e+23 1.231e+24 0 0 4.64348e+42 0 0.10079 1
1.43301e+13 0.000171847 0.000171847 2.09355e+21 2.09355e+21 2.09355e+21 1.47e+23 8.9643e+23 0 0 4.64348e+42 0 0.10736 1
1.65482e+13 0.0626189 0.0626189 1.69895e+21 1.69895e+21 1.69895e+21 1.07219e+23 6.49354e+23 0 0 4.64348e+42 0 0.115206 1
1.91095e+13 12.1734 12.1734 1.3467e+21 1.3467e+21 1.3467e+21 7.64003e+22 4.58477e+23 0 0 4.64348e+42 0 0.12448 1
2.20673e+13 1399.33 1399.34 1.09598e+21 1.09598e+21 1.09598e+21 5.59306e+22 3.33029e+23 0 0 4.64348e+42 0 0.135345 1
2.5483e+13 96801.8 96802.1 8.86933e+20 8.86933e+20 8.86933e+20 4.07557e+22 2.40632e+23 0 0 4.64348e+42 0 0.147968 1
2.94273e+13 4.21659e+06 4.2166e+06 7.13117e+20 7.13117e+20 7.13117e+20 2.95493e+22 1.72824e+23 0 0 4.64348e+42 0 0.162507 1
3.39821e+13 1.18245e+08 1.18246e+08 5.58061e+20 5.58061e+20 5.58061e+20 2.08942e+22 1.20687e+23 0 0 4.64348e+42 0 0.179093 1
3.92419e+13 2.3394e+09 2.33942e+09 4.47806e+20 4.47806e+20 4.47806e+20 1.51908e+22 8.68153e+22 0 0 4.64348e+42 0 0.197804 1
4.53158e+13 3.27329e+10 3.27332e+10 3.56208e+20 3.56208e+20 3.56208e+20 1.09858e+22 6.20651e+22 0 0 4.64348e+42 0 0.218621 1
5.23299e+13 3.34405e+11 3.34409e+11 2.80518e+20 2.80518e+20 2.80518e+20 7.89906e+21 4.40591e+22 0 0 4.64348e+42 0 0.241387 1
6.04296e+13 2.51376e+12 2.5138e+12 2.13815e+20 2.13815e+20 2.13815e+20 5.52574e+21 3.03056e+22 0 0 4.64348e+42 0 0.265741 1
6.97831e+13 1.5108e+13 1.51083e+13 1.66728e+20 1.66728e+20 1.66728e+20 3.97921e+21 2.15138e+22 0 0 4.64348e+42 0 0.291055 1
8.05842e+13 7.17982e+13 7.18001e+13 1.28277e+20 1.28277e+20 1.28277e+20 2.84778e+21 1.51604e+22 0 0 4.64348e+42 0 0.316368 1
9.30572e+13 2.75585e+14 2.75593e+14 9.72244e+19 9.72244e+19 9.72244e+19 2.02428e+21 1.05938e+22 0 0 4.64348e+42 0 0.340344 1
1.07461e+14 8.50576e+14 8.50609e+14 7.07953e+19 7.07953e+19 7.07953e+19 1.39512e+21 7.13746e+21 0 0 4.64348e+42 0 0 1
1.24094e+14 2.28571e+15 2.28584e+15 5.26348e+19 5.26348e+19 5.26348e+19 9.9159e+20 4.97734e+21 0 0 4.64348e+42 0 0 1
1.43301e+14 5.2316e+15 5.23213e+15 3.84355e+19 3.84355e+19 3.84355e+19 6.99569e+20 3.4401e+21 0 0 4.64348e+42 0 0 1
1.65482e+14 1.03432e+16 1.03454e+16 2.75368e+19 2.75368e+19 2.75368e+19 4.89536e+20 2.35342e+21 0 0 4.64348e+42 0 0 1
1.91095e+14 1.74176e+16 1.74251e+16 1.88285e+19 1.88285e+19 1.88285e+19 3.30529e+20 1.54132e+21 0 0 4.64348e+42 0 0 1
2.20673e+14 2.71089e+16 2.71318e+16 1.31711e+19 1.31711e+19 1.31711e+19 2.30771e+20 1.04944e+21 0 0 4.64348e+42 0 0 1
2.5483e+14 3.7804e+16 3.78619e+16 9.03845e+18 9.03845e+18 9.03845e+18 1.5967e+20 7.06714e+20 0 0 4.64348e+42 0 0 1
2.94273e+14 4.76943e+16 4.78167e+16 6.08388e+18 6.08388e+18 6.08388e+18 1.0938e+20 4.6995e+20 0 0 4.64348e+42 0 0 1
3.39821e+14 5.31903e+16 5.34033e+16 3.89041e+18 3.89041e+18 3.89041e+18 7.17834e+19 2.96078e+20 0 0 4.64348e+42 0 0 1
3.92419e+14 5.7349e+16 5.76843e+16 2.56444e+18 2.56444e+18 2.56444e+18 4.89185e+19 1.9526e+20 0 0 4.64348e+42 0 0 1
4.53158e+14 5.73934e+16 5.78559e+16 1.6611e+18 1.6611e+18 1.6611e+18 3.2963e+19 1.27025e+20 0 0 4.64348e+42 0 0 1
5.23299e+14 5.36538e+16 5.42206e+16 1.05727e+18 1.05727e+18 1.05727e+18 2.19376e+19 8.1349e+19 0 0 4.64348e+42 0 0 1
6.04296e+14 4.52748e+16 4.58745e+16 6.35303e+17 6.35303e+17 6.35303e+17 1.38395e+19 4.86081e+19 0 0 4.64348e+42 0 0 1
6.97831e+14 3.8258e+16 3.88693e+16 3.97767e+17 3.97767e+17 3.97767e+17 9.1255e+18 3.07352e+19 0 0 4.64348e+42 0 0 1
8.05842e+14 3.07028e+16 3.1275e+16 2.44969e+17 2.44969e+17 2.44969e+17 5.93205e+18 1.91077e+19 0 0 4.64348e+42 0 0 1
9.30572e+14 2.34814e+16 2.39768e+16 1.483e+17 1.483e+17 1.483e+17 3.7962e+18 1.16494e+19 0 0 4.64348e+42 0 0 1
1.07461e+15 1.62872e+16 1.66662e+16 8.36803e+16 8.36803e+16 8.36803e+16 2.26626e+18 6.47705e+18 0 0 4.64348e+42 0 0 1
1.24094e+15 1.16464e+16 1.19386e+16 4.98659e+16 4.98659e+16 4.98659e+16 1.4292e+18 3.8767e+18 0 0 4.64348e+42 0 0 1
1.43301e+15 8.0078e+15 8.21999e+15 2.91876e+16 2.91876e+16 2.91876e+16 8.85123e+17 2.27195e+18 0 0 4.64348e+42 0 0 1
1.65482e+15 5.30086e+15 5.44659e+15 1.67592e+16 1.67592e+16 1.67592e+16 5.37431e+17 1.29921e+18 0 0 4.64348e+42 0 0 1
1.91095e+15 3.14505e+15 3.23334e+15 8.76885e+15 8.76885e+15 8.76885e+15 2.97087e+17 6.54241e+17 0 0 4.64348e+42 0 0 1
2.20673e+15 1.9785e+15 2.03442e+15 4.93634e+15 4.93634e+15 4.93634e+15 1.76485e+17 3.64288e+17 0 0 4.64348e+42 0 0 1
2.5483e+15 1.20189e+15 1.23566e+15 2.71825e+15 2.71825e+15 2.71825e+15 1.02412e+17 1.97537e+17 0 0 4.64348e+42 0 0 1
2.94273e+15 7.04942e+14 7.24416e+14 1.46181e+15 1.46181e+15 1.46181e+15 5.79471e+16 1.03833e+17 0 0 4.64348e+42 0 0 1
3.39821e+15 3.59069e+14 3.68724e+14 6.89606e+14 6.89606e+14 6.89606e+14 2.87135e+16 4.54382e+16 0 0 4.64348e+42 0 0 1
3.92419e+15 2.00503e+14 2.05704e+14 3.59835e+14 3.59835e+14 3.59835e+14 1.57089e+16 2.29703e+16 0 0 4.64348e+42 0 0 1
4.53158e+15 1.07829e+14 1.10506e+14 1.82266e+14 1.82266e+14 1.82266e+14 8.3269e+15 1.12327e+16 0 0 4.64348e+42 0 0 1
5.23299e+15 5.58294e+13 5.71466e+13 8.95055e+13 8.95055e+13 8.95055e+13 4.2709e+15 5.28059e+15 0 0 4.64348e+42 0 0 1
6.04296e+15 2.36146e+13 2.41407e+13 3.61302e+13 3.61302e+13 3.61302e+13 1.79708e+15 1.88317e+15 0 0 4.64348e+42 0 0 1
6.97831e+15 1.15072e+13 1.17479e+13 1.68944e+13 1.68944e+13 1.68944e+13 8.74153e+14 8.35162e+14 0 0 4.64348e+42 0 0 1
8.05842e+15 5.34906e+12 5.45358e+12 7.57242e+12 7.57242e+12 7.57242e+12 4.06768e+14 3.55487e+14 0 0 4.64348e+42 0 0 1
9.30572e+15 2.37538e+12 2.41853e+12 3.25642e+12 3.25642e+12 3.25642e+12 1.81232e+14 1.44087e+14 0 0 4.64348e+42 0 0 1
1.07461e+16 7.73886e+11 7.86904e+11 1.0313e+12 1.0313e+12 1.0313e+12 5.93451e+13 3.76699e+13 0 0 4.64348e+42 0 0 1
1.24094e+16 3.14948e+11 3.19835e+11 4.09364e+11 4.09364e+11 4.09364e+11 2.43072e+13 1.39062e+13 0 0 4.64348e+42 0 0 1
1.43301e+16 1.19718e+11 1.21426e+11 1.52226e+11 1.52226e+11 1.52226e+11 9.30838e+12 4.8882e+12 0 0 4.64348e+42 0 0 1
1.65482e+16 4.27076e+10 4.3266e+10 5.32638e+10 5.32638e+10 5.32638e+10 3.34754e+12 1.62909e+12 0 0 4.64348e+42 0 0 1
1.91095e+16 9.42819e+09 9.54086e+09 1.15603e+10 1.15603e+10 1.15603e+10 7.45296e+11 2.58781e+11 0 0 4.64348e+42 0 0 1
2.20673e+16 2.95469e+09 2.98688e+09 3.56911e+09 3.56911e+09 3.56911e+09 2.35592e+11 7.24931e+10 0 0 4.64348e+42 0 0 1
2.5483e+16 8.27677e+08 8.3588e+08 9.86755e+08 9.86755e+08 9.86755e+08 6.65642e+10 1.90683e+10 0 0 4.64348e+42 0 0 1
2.94273e+16 2.05745e+08 2.07595e+08 2.4248e+08 2.4248e+08 2.4248e+08 1.66859e+10 4.82904e+09 0 0 4.64348e+42 0 0 1
3.39821e+16 2.52397e+07 2.54454e+07 2.94475e+07 2.94475e+07 2.94475e+07 2.06344e+09 3.54966e+08 0 0 4.64348e+42 0 0 1
3.92419e+16 5.24838e+06 5.28706e+06 6.0695e+06 6.0695e+06 6.0695e+06 4.32328e+08 6.3666e+07 0 0 4.64348e+42 0 0 1
4.53158e+16 902833 908839 1.03605e+06 1.03605e+06 1.03605e+06 7.48905e+07 1.00834e+07 0 0 4.64348e+42 0 0 1
5.23299e+16 119691 120409 136429 136429 136429 9.99154e+06 1.55112e+06 0 0 4.64348e+42 0 0 1
6.04296e+16 5460.17 5489.64 6187.2 6187.2 6187.2 458368 34989.4 0 0 4.64348e+42 0 0 1
6.97831e+16 499.168 501.59 562.744 562.744 562.744 42106.1 2241.48 0 0 4.64348e+42 0 0 1
8.05842e+16 19.7116 19.7975 22.1236 22.1236 22.1236 1669.42 46.1196 0 0 4.64348e+42 0 0 1
9.30572e+16 0 0 0 0 0 0 0 0 0 4.64348e+42 0 0 1