
1.07461e-07 0 0 2.65611e+52 2.83001e+53 2.94997e+58 5.19302e+56 0 1.20324e+47 0 4.64348e+42 0 0 1
1.24094e-07 0 0 4.16438e+52 3.23121e+53 2.57206e+58 4.52075e+56 0 1.38948e+47 0 4.64348e+42 0 0 1
1.43301e-07 0 0 6.27031e+52 3.69689e+53 2.24112e+58 3.93312e+56 0 1.60454e+47 0 4.64348e+42 0 0 1
1.65482e-07 0 0 9.11914e+52 4.23858e+53 1.95129e+58 3.41962e+56 0 1.8529e+47 0 4.64348e+42 0 0 1
1.91095e-07 0 0 1.28741e+53 4.87021e+53 1.6975e+58 2.97092e+56 0 2.13969e+47 0 4.64348e+42 0 0 1
2.20673e-07 0 0 1.77203e+53 5.60856e+53 1.47532e+58 2.57886e+56 0 2.47088e+47 0 4.64348e+42 0 0 1
2.5483e-07 0 0 2.38693e+53 6.47367e+53 1.28091e+58 2.23636e+56 0 2.85333e+47 0 4.64348e+42 0 0 1
2.94273e-07 0 0 3.15652e+53 7.48929e+53 1.1109e+58 1.9373e+56 0 3.29497e+47 0 4.64348e+42 0 0 1
3.39821e-07 0 0 4.10921e+53 8.68351e+53 9.62332e+57 1.67631e+56 0 3.80497e+47 0 4.64348e+42 0 0 1
3.92419e-07 0 0 5.27831e+53 1.00897e+54 8.32605e+57 1.44873e+56 0 4.39391e+47 0 4.64348e+42 0 0 1
4.53158e-07 0 0 6.7033e+53 1.17478e+54 7.1942e+57 1.25045e+56 0 5.07401e+47 0 4.64348e+42 0 0 1
5.23299e-07 0 0 8.43118e+53 1.37056e+54 6.20758e+57 1.07784e+56 0 5.85938e+47 0 4.64348e+42 0 0 1
6.04296e-07 0 0 1.05181e+54 1.602e+54 5.34839e+57 9.2773e+55 0 6.7663e+47 0 4.64348e+42 0 0 1
6.97831e-07 0 0 1.30311e+54 1.87592e+54 4.601e+57 7.97314e+55 0 7.81361e+47 0 4.64348e+42 0 0 1
8.05842e-07 0 0 1.60503e+54 2.20043e+54 3.95162e+57 6.84142e+55 0 9.02301e+47 0 4.64348e+42 0 0 1
9.30572e-07 0 0 1.96715e+54 2.58521e+54 3.38812e+57 5.86055e+55 0 1.04196e+48 0 4.64348e+42 0 0 1
1.07461e-06 0 0 2.40094e+54 3.04184e+54 2.89981e+57 5.01155e+55 0 1.20324e+48 0 4.64348e+42 0 0 1
1.24094e-06 0 0 2.92016e+54 3.58416e+54 2.47728e+57 4.27775e+55 0 1.38948e+48 0 4.64348e+42 0 0 1
1.43301e-06 0 0 3.54124e+54 4.22874e+54 2.11225e+57 3.64449e+55 0 1.60454e+48 0 4.64348e+42 0 0 1
1.65482e-06 0 0 4.28394e+54 4.99539e+54 1.7974e+57 3.09889e+55 0 1.8529e+48 0 4.64348e+42 0 0 1
1.91095e-06 0 0 5.17191e+54 5.90791e+54 1.52633e+57 2.62962e+55 0 2.13969e+48 0 4.64348e+42 0 0 1
2.20673e-06 0 0 6.23358e+54 6.9948e+54 1.29338e+57 2.22674e+55 0 2.47088e+48 0 4.64348e+42 0 0 1
2.5483e-06 0 0 7.50313e+54 8.29036e+54 1.09358e+57 1.88152e+55 0 2.85332e+48 0 4.64348e+42 0 0 1
2.94273e-06 0 0 9.02168e+54 9.83582e+54 9.2256e+56 1.58632e+55 0 3.29496e+48 0 4.64348e+42 0 0 1
3.39821e-06 0 0 1.08388e+55 1.16808e+55 7.76495e+56 1.3344e+55 0 3.80497e+48 0 4.64348e+42 0 0 1
3.92419e-06 0 0 1.30142e+55 1.38854e+55 6.5202e+56 1.1199e+55 0 4.3939e+48 0 4.64348e+42 0 0 1
4.53158e-06 0 0 1.56203e+55 1.65218e+55 5.46188e+56 9.37682e+54 0 5.074e+48 0 4.64348e+42 0 0 1
5.23299e-06 0 0 1.87444e+55 1.96776e+55 4.56423e+56 7.83242e+54 0 5.85936e+48 0 4.64348e+42 0 0 1
6.04296e-06 0 0 2.24924e+55 2.34589e+55 3.80473e+56 6.52665e+54 0 6.76628e+48 0 4.64348e+42 0 0 1
6.97831e-06 0 0 2.69924e+55 2.7994e+55 3.16375e+56 5.42539e+54 0 7.81357e+48 0 4.64348e+42 0 0 1
8.05842e-06 0 0 3.23887e+55 3.34269e+55 2.62418e+56 4.49897e+54 0 9.02297e+48 0 4.64348e+42 0 0 1
9.30572e-06 0 0 3.87375e+55 3.98105e+55 2.17118e+56 3.72163e+54 0 1.04196e+49 0 4.64348e+42 0 0 1
1.07461e-05 0 0 4.56374e+55 4.67301e+55 1.79188e+56 3.07109e+54 0 1.20323e+49 0 4.64348e+42 0 0 1
1.24094e-05 1.50042e-206 1.50042e-206 5.18976e+55 5.29719e+55 1.47514e+56 2.52812e+54 0 1.38947e+49 8.02664e-211 4.64348e+42 0 0 1
1.43301e-05 2.65282e-138 2.65282e-138 5.59686e+55 5.69705e+55 1.21136e+56 2.07612e+54 0 1.60453e+49 1.13955e-142 4.64348e+42 0 0 1
1.65482e-05 7.13897e-88 7.13897e-88 5.68798e+55 5.77604e+55 9.92297e+55 1.70086e+54 0 1.85288e+49 2.61305e-92 4.64348e+42 0 0 1
1.91095e-05 1.28278e-50 1.28278e-50 5.46872e+55 5.54197e+55 8.10858e+55 1.39014e+54 0 2.13967e+49 4.22899e-55 4.64348e+42 0 0 1
2.20673e-05 4.18122e-23 4.18122e-23 5.01925e+55 5.07742e+55 6.60991e+55 1.13353e+54 0 2.47085e+49 1.30057e-27 4.64348e+42 0 0 1
2.5483e-05 0.00856851 0.00856851 4.4417e+55 4.48624e+55 5.37537e+55 9.22176e+53 0 2.85328e+49 2.60811e-07 4.64348e+42 0 0 1
2.94273e-05 8.33665e+12 8.33665e+12 3.8236e+55 3.85678e+55 4.36112e+55 7.48539e+53 0 3.29491e+49 2.55264e+08 4.64348e+42 0 0 1
3.39821e-05 9.41911e+23 9.41911e+23 3.22478e+55 3.249e+55 3.53006e+55 6.06251e+53 0 3.8049e+49 2.96128e+19 4.64348e+42 0 0 1
3.92419e-05 1.31318e+32 1.31318e+32 2.67899e+55 2.69641e+55 2.85085e+55 4.89946e+53 0 4.39381e+49 4.30352e+27 4.64348e+42 0 0 1
4.53158e-05 1.29594e+38 1.29594e+38 2.20087e+55 2.21326e+55 2.29717e+55 3.95109e+53 0 5.07388e+49 4.47672e+33 4.64348e+42 0 0 1
5.23299e-05 3.29248e+42 3.29248e+42 1.79304e+55 1.80177e+55 1.84694e+55 3.17964e+53 0 5.8592e+49 1.20893e+38 4.64348e+42 0 0 1
6.04296e-05 5.59212e+45 5.59212e+45 1.45149e+55 1.45761e+55 1.48173e+55 2.55356e+53 0 6.76607e+49 2.19651e+41 4.64348e+42 0 0 1
6.97831e-05 1.28544e+48 1.28544e+48 1.16913e+55 1.17339e+55 1.18618e+55 2.04661e+53 0 7.81329e+49 5.42826e+43 4.64348e+42 0 0 1
8.05842e-05 6.735e+49 6.735e+49 9.37873e+54 9.40837e+54 9.47579e+54 1.63704e+53 0 9.02259e+49 3.07018e+45 4.64348e+42 0 0 1
9.30572e-05 1.18236e+51 1.18236e+51 7.49796e+54 7.51848e+54 7.55381e+54 1.30685e+53 0 1.0419e+50 5.83815e+46 4.64348e+42 0 0 1
0.000107461 9.24587e+51 9.24587e+51 5.97654e+54 5.9907e+54 6.00912e+54 1.04122e+53 0 1.20316e+50 4.95984e+47 4.64348e+42 0 0 1
0.000124094 3.97492e+52 3.97492e+52 4.75108e+54 4.76083e+54 4.77038e+54 8.27978e+52 0 1.38938e+50 2.32277e+48 4.64348e+42 0 0 1
0.000143301 1.09759e+53 1.09759e+53 3.76753e+54 3.77422e+54 3.77915e+54 6.5713e+52 0 1.60441e+50 7.0041e+48 4.64348e+42 0 0 1
0.000165482 2.18374e+53 2.18374e+53 2.98055e+54 2.98513e+54 2.98766e+54 5.20524e+52 0 1.85272e+50 1.52537e+49 4.64348e+42 0 0 1
0.000191095 3.40805e+53 3.40805e+53 2.35258e+54 2.35571e+54 2.35701e+54 4.11512e+52 0 2.13946e+50 2.61175e+49 4.64348e+42 0 0 1
0.000220673 4.44245e+53 4.44245e+53 1.85277e+54 1.85491e+54 1.85557e+54 3.24692e+52 0 2.47056e+50 3.74344e+49 4.64348e+42 0 0 1
0.00025483 5.06637e+53 5.06637e+53 1.45591e+54 1.45736e+54 1.4577e+54 2.5568e+52 0 2.85291e+50 4.7047e+49 4.64348e+42 0 0 1
0.000294273 5.23139e+53 5.23139e+53 1.14152e+54 1.14251e+54 1.14268e+54 2.00932e+52 0 3.29441e+50 5.36541e+49 4.64348e+42 0 0 1
0.000339821 5.01627e+53 5.01627e+53 8.93026e+53 8.93694e+53 8.93779e+53 1.57584e+52 0 3.80422e+50 5.69491e+49 4.64348e+42 0 0 1
0.000392419 4.55109e+53 4.55109e+53 6.97054e+53 6.97506e+53 6.97549e+53 1.2333e+52 0 4.39291e+50 5.73216e+49 4.64348e+42 0 0 1
0.000453158 3.96114e+53 3.96114e+53 5.42851e+53 5.43155e+53 5.43176e+53 9.63184e+51 0 5.07268e+50 5.54766e+49 4.64348e+42 0 0 1
0.000523299 3.3414e+53 3.3414e+53 4.21786e+53 4.21991e+53 4.22002e+53 7.50603e+51 0 5.8576e+50 5.21563e+49 4.64348e+42 0 0 1
0.000604296 2.75241e+53 2.75241e+53 3.26957e+53 3.27094e+53 3.27099e+53 5.83654e+51 0 6.76393e+50 4.79946e+49 4.64348e+42 0 0 1
0.000697831 2.22632e+53 2.22632e+53 2.52849e+53 2.52941e+53 2.52944e+53 4.52822e+51 0 7.81044e+50 4.34706e+49 4.64348e+42 0 0 1
0.000805842 1.77557e+53 1.77557e+53 1.95072e+53 1.95133e+53 1.95135e+53 3.50517e+51 0 9.01879e+50 3.89146e+49 4.64348e+42 0 0 1
0.000930572 1.40049e+53 1.40049e+53 1.50135e+53 1.50176e+53 1.50177e+53 2.70699e+51 0 1.0414e+51 3.45358e+49 4.64348e+42 0 0 1
0.00107461 1.09495e+53 1.09495e+53 1.1527e+53 1.15298e+53 1.15298e+53 2.08567e+51 0 1.20249e+51 3.04541e+49 4.64348e+42 0 0 1
0.00124094 8.49966e+52 8.49966e+52 8.82881e+52 8.83062e+52 8.83065e+52 1.60316e+51 0 1.38848e+51 2.67282e+49 4.64348e+42 0 0 1
0.00143301 6.55906e+52 6.55906e+52 6.74588e+52 6.74707e+52 6.74709e+52 1.22935e+51 0 1.60321e+51 2.33761e+49 4.64348e+42 0 0 1
0.00165482 5.0364e+52 5.0364e+52 5.14204e+52 5.14283e+52 5.14284e+52 9.40466e+50 0 1.85112e+51 2.03917e+49 4.64348e+42 0 0 1
0.00191095 3.85075e+52 3.85075e+52 3.91029e+52 3.91081e+52 3.91082e+52 7.17761e+50 0 2.13732e+51 1.77544e+49 4.64348e+42 0 0 1
0.00220673 2.9333e+52 2.9333e+52 2.96676e+52 2.9671e+52 2.9671e+52 5.46511e+50 0 2.46772e+51 1.54363e+49 4.64348e+42 0 0 1
0.0025483 2.22711e+52 2.22711e+52 2.24586e+52 2.24609e+52 2.24609e+52 4.15161e+50 0 2.84911e+51 1.34069e+49 4.64348e+42 0 0 1
0.00294273 1.686e+52 1.686e+52 1.69648e+52 1.69663e+52 1.69663e+52 3.14672e+50 0 3.28935e+51 1.16353e+49 4.64348e+42 0 0 1
0.00339821 1.27301e+52 1.27301e+52 1.27886e+52 1.27895e+52 1.27895e+52 2.37988e+50 0 3.79748e+51 1.00921e+49 4.64348e+42 0 0 1
0.00392419 9.58914e+51 9.58914e+51 9.62166e+51 9.62228e+51 9.62228e+51 1.79616e+50 0 4.38392e+51 8.74982e+48 4.64348e+42 0 0 1
0.00453158 7.20778e+51 7.20778e+51 7.22584e+51 7.22624e+51 7.22624e+51 1.35292e+50 0 5.06068e+51 7.58373e+48 4.64348e+42 0 0 1
0.00523299 5.40743e+51 5.40743e+51 5.41744e+51 5.41771e+51 5.41771e+51 1.01716e+50 0 5.84161e+51 6.57153e+48 4.64348e+42 0 0 1
0.00604296 4.04982e+51 4.04982e+51 4.05536e+51 4.05553e+51 4.05553e+51 7.634e+49 0 6.74261e+51 5.69346e+48 4.64348e+42 0 0 1
0.00697831 3.02843e+51 3.02843e+51 3.03149e+51 3.0316e+51 3.0316e+51 5.7203e+49 0 7.78201e+51 4.93209e+48 4.64348e+42 0 0 1
0.00805842 2.26159e+51 2.26159e+51 2.26328e+51 2.26335e+51 2.26335e+51 4.28008e+49 0 8.98089e+51 4.27214e+48 4.64348e+42 0 0 1
0.00930572 1.68693e+51 1.68693e+51 1.68787e+51 1.68791e+51 1.68791e+51 3.19827e+49 0 1.03635e+52 3.70024e+48 4.64348e+42 0 0 1
0.0107461 1.25702e+51 1.25702e+51 1.25753e+51 1.25756e+51 1.25756e+51 2.3871e+49 0 1.19575e+52 3.20474e+48 4.64348e+42 0 0 1
0.0124094 9.35856e+50 9.35856e+50 9.36138e+50 9.36157e+50 9.36157e+50 1.77986e+49 0 1.3795e+52 2.77548e+48 4.64348e+42 0 0 1
0.0143301 6.96251e+50 6.96251e+50 6.96406e+50 6.96418e+50 6.96418e+50 1.32592e+49 0 1.59124e+52 2.40366e+48 4.64348e+42 0 0 1
0.0165482 5.17693e+50 5.17693e+50 5.17778e+50 5.17786e+50 5.17786e+50 9.87034e+48 0 1.83516e+52 2.0816e+48 4.64348e+42 0 0 1
0.0191095 3.84759e+50 3.84759e+50 3.84806e+50 3.84811e+50 3.84811e+50 7.34322e+48 0 2.11606e+52 1.80267e+48 4.64348e+42 0 0 1
0.0220673 2.85872e+50 2.85872e+50 2.85898e+50 2.85901e+50 2.85901e+50 5.4606e+48 0 2.43938e+52 1.5611e+48 4.64348e+42 0 0 1
0.025483 2.12362e+50 2.12362e+50 2.12377e+50 2.12379e+50 2.12379e+50 4.0593e+48 0 2.81135e+52 1.35189e+48 4.64348e+42 0 0 1
0.0294273 1.57747e+50 1.57747e+50 1.57755e+50 1.57756e+50 1.57756e+50 3.017e+48 0 3.23903e+52 1.17071e+48 4.64348e+42 0 0 1
0.0339821 1.17186e+50 1.17186e+50 1.1719e+50 1.17191e+50 1.17191e+50 2.24217e+48 0 3.73044e+52 1.0138e+48 4.64348e+42 0 0 1
0.0392419 8.70705e+49 8.70705e+49 8.70729e+49 8.70734e+49 8.70734e+49 1.66642e+48 0 4.29463e+52 8.77926e+47 4.64348e+42 0 0 1
0.0453158 6.47142e+49 6.47142e+49 6.47155e+49 6.47158e+49 6.47158e+49 1.23874e+48 0 4.94177e+52 7.60258e+47 4.64348e+42 0 0 1
0.0523299 4.81181e+49 4.81181e+49 4.81188e+49 4.8119e+49 4.8119e+49 9.21092e+47 0 5.68327e+52 6.58359e+47 4.64348e+42 0 0 1
0.0604296 3.57968e+49 3.57968e+49 3.57972e+49 3.57974e+49 3.57974e+49 6.85184e+47 0 6.53183e+52 5.70118e+47 4.64348e+42 0 0 1
0.0697831 2.66473e+49 2.66473e+49 2.66475e+49 2.66476e+49 2.66476e+49 5.09966e+47 0 7.5015e+52 4.93703e+47 4.64348e+42 0 0 1
0.0805842 1.98508e+49 1.98508e+49 1.98509e+49 1.9851e+49 1.9851e+49 3.79799e+47 0 8.6077e+52 4.2753e+47 4.64348e+42 0 0 1
0.0930572 1.47999e+49 1.47999e+49 1.48e+49 1.48e+49 1.48e+49 2.83067e+47 0 9.86714e+52 3.70226e+47 4.64348e+42 0 0 1
0.107461 1.10443e+49 1.10443e+49 1.10443e+49 1.10443e+49 1.10443e+49 2.11152e+47 0 1.12977e+53 3.20603e+47 4.64348e+42 0 0 1
0.124094 8.24996e+48 8.24996e+48 8.24998e+48 8.25e+48 8.25e+48 1.57656e+47 0 1.29183e+53 2.77631e+47 4.64348e+42 0 0 1
0.143301 6.16937e+48 6.16937e+48 6.16939e+48 6.1694e+48 6.1694e+48 1.17837e+47 0 1.47483e+53 2.40418e+47 4.64348e+42 0 0 1
0.165482 4.61894e+48 4.61894e+48 4.61895e+48 4.61895e+48 4.61895e+48 8.81749e+46 0 1.68068e+53 2.08194e+47 4.64348e+42 0 0 1
0.191095 3.46253e+48 3.46253e+48 3.46254e+48 3.46254e+48 3.46254e+48 6.60606e+46 0 1.91121e+53 1.80288e+47 4.64348e+42 0 0 1
0.220673 2.59916e+48 2.59916e+48 2.59917e+48 2.59917e+48 2.59917e+48 4.9558e+46 0 2.168e+53 1.56123e+47 4.64348e+42 0 0 1
0.25483 1.95389e+48 1.95389e+48 1.95389e+48 1.95389e+48 1.95389e+48 3.72305e+46 0 2.4522e+53 1.35197e+47 4.64348e+42 0 0 1
0.294273 1.47105e+48 1.47105e+48 1.47105e+48 1.47105e+48 1.47105e+48 2.80115e+46 0 2.76433e+53 1.17076e+47 4.64348e+42 0 0 1
0.339821 1.10932e+48 1.10932e+48 1.10932e+48 1.10933e+48 1.10933e+48 2.1109e+46 0 3.10392e+53 1.01383e+47 4.64348e+42 0 0 1
0.392419 8.3797e+47 8.3797e+47 8.3797e+47 8.37971e+47 8.37971e+47 1.59341e+46 0 3.46913e+53 8.77943e+46 4.64348e+42 0 0 1
0.453158 6.34125e+47 6.34125e+47 6.34126e+47 6.34126e+47 6.34126e+47 1.20492e+46 0 3.85628e+53 7.60267e+46 4.64348e+42 0 0 1
0.523299 4.8077e+47 4.8077e+47 4.8077e+47 4.8077e+47 4.8077e+47 9.12851e+45 0 4.25925e+53 6.58363e+46 4.64348e+42 0 0 1
0.604296 3.65217e+47 3.65217e+47 3.65217e+47 3.65218e+47 3.65218e+47 6.9293e+45 0 4.66889e+53 5.70118e+46 4.64348e+42 0 0 1
0.697831 2.78007e+47 2.78007e+47 2.78007e+47 2.78007e+47 2.78007e+47 5.27069e+45 0 5.07229e+53 4.93701e+46 4.64348e+42 0 0 1
0.805842 2.12074e+47 2.12074e+47 2.12074e+47 2.12074e+47 2.12074e+47 4.01766e+45 0 5.45228e+53 4.27526e+46 4.64348e+42 0 0 1
0.930572 1.62137e+47 1.62137e+47 1.62137e+47 1.62137e+47 1.62137e+47 3.06936e+45 0 5.78705e+53 3.70222e+46 4.64348e+42 0 0 1
1.07461 1.24244e+47 1.24244e+47 1.24244e+47 1.24244e+47 1.24244e+47 2.35034e+45 0 6.05033e+53 3.20598e+46 4.64348e+42 0 0 1
1.24094 9.54328e+46 9.54328e+46 9.54328e+46 9.54329e+46 9.54329e+46 1.80411e+45 0 6.2123e+53 2.77625e+46 4.64348e+42 0 0 1
1.43301 7.34825e+46 7.34825e+46 7.34825e+46 7.34826e+46 7.34826e+46 1.38831e+45 0 6.24185e+53 2.40413e+46 4.64348e+42 0 0 1
1.65482 5.67234e+46 5.67234e+46 5.67234e+46 5.67234e+46 5.67234e+46 1.07111e+45 0 6.11033e+53 2.08188e+46 4.64348e+42 0 0 1
1.91095 4.38993e+46 4.38993e+46 4.38993e+46 4.38993e+46 4.38993e+46 8.286e+44 0 5.79713e+53 1.80283e+46 4.64348e+42 0 0 1
2.20673 3.40633e+46 3.40633e+46 3.40633e+46 3.40633e+46 3.40633e+46 6.42755e+44 0 5.29661e+53 1.56117e+46 4.64348e+42 0 0 1
2.5483 2.65007e+46 2.65007e+46 2.65007e+46 2.65008e+46 2.65008e+46 4.99982e+44 0 4.6251e+53 1.35191e+46 4.64348e+42 0 0 1
2.94273 2.06714e+46 2.06714e+46 2.06714e+46 2.06714e+46 2.06714e+46 3.90012e+44 0 3.82544e+53 1.1707e+46 4.64348e+42 0 0 1
3.39821 1.6166e+46 1.6166e+46 1.6166e+46 1.6166e+46 1.6166e+46 3.05072e+44 0 2.96558e+53 1.01377e+46 4.64348e+42 0 0 1
3.92419 1.26745e+46 1.26745e+46 1.26745e+46 1.26745e+46 1.26745e+46 2.39277e+44 0 2.12874e+53 8.77883e+45 4.64348e+42 0 0 1
4.53158 9.96124e+45 9.96124e+45 9.96124e+45 9.96124e+45 9.96124e+45 1.88162e+44 0 1.39534e+53 7.60206e+45 4.64348e+42 0 0 1
5.23299 7.84703e+45 7.84703e+45 7.84704e+45 7.84704e+45 7.84704e+45 1.48336e+44 0 8.22099e+52 6.58303e+45 4.64348e+42 0 0 1
6.04296 6.19527e+45 6.19527e+45 6.19527e+45 6.19527e+45 6.19527e+45 1.17218e+44 0 4.27667e+52 5.70058e+45 4.64348e+42 0 0 1
6.97831 4.90148e+45 4.90148e+45 4.90149e+45 4.90149e+45 4.90149e+45 9.28379e+43 0 1.92511e+52 4.93641e+45 4.64348e+42 0 0 1
8.05842 3.88559e+45 3.88559e+45 3.88559e+45 3.88559e+45 3.88559e+45 7.36872e+43 0 7.32839e+51 4.27466e+45 4.64348e+42 0 0 1
9.30572 3.08595e+45 3.08595e+45 3.08595e+45 3.08595e+45 3.08595e+45 5.86056e+43 0 2.29811e+51 3.70161e+45 4.64348e+42 0 0 1
10.7461 2.45505e+45 2.45505e+45 2.45505e+45 2.45505e+45 2.45505e+45 4.6699e+43 0 5.76045e+50 3.20538e+45 4.64348e+42 0 0 1
12.4094 1.95614e+45 1.95614e+45 1.95614e+45 1.95614e+45 1.95614e+45 3.7276e+43 0 1.11478e+50 2.77565e+45 4.64348e+42 0 0 1
14.3301 1.56076e+45 1.56076e+45 1.56076e+45 1.56076e+45 1.56076e+45 2.98013e+43 0 1.60021e+49 2.40353e+45 4.64348e+42 0 0 1
16.5482 1.24679e+45 1.24679e+45 1.2468e+45 1.2468e+45 1.2468e+45 2.3859e+43 0 1.6268e+48 2.08128e+45 4.64348e+42 0 0 1
19.1095 9.97014e+44 9.97014e+44 9.97016e+44 9.97016e+44 9.97016e+44 1.91255e+43 0 1.11038e+47 1.80222e+45 4.64348e+42 0 0 1
22.0673 7.97963e+44 7.97963e+44 7.97964e+44 7.97964e+44 7.97964e+44 1.53477e+43 0 4.78412e+45 1.56057e+45 4.64348e+42 0 0 1
25.483 6.39093e+44 6.39093e+44 6.39094e+44 6.39094e+44 6.39094e+44 1.23277e+43 0 1.21173e+44 1.35131e+45 4.64348e+42 0 0 1
29.4273 5.12121e+44 5.12121e+44 5.12122e+44 5.12122e+44 5.12122e+44 9.90943e+42 0 1.66176e+42 1.17009e+45 4.64348e+42 0 0 1
33.9821 4.10521e+44 4.10521e+44 4.10522e+44 4.10522e+44 4.10522e+44 7.97037e+42 0 1.12215e+40 1.01317e+45 4.64348e+42 0 0 1
39.2419 3.29144e+44 3.29144e+44 3.29145e+44 3.29145e+44 3.29145e+44 6.41358e+42 0 3.34368e+37 8.7728e+44 4.64348e+42 0 0 1
45.3158 2.63913e+44 2.63913e+44 2.63914e+44 2.63914e+44 2.63914e+44 5.16237e+42 0 3.87348e+34 7.59603e+44 4.64348e+42 0 0 1
52.3299 2.11597e+44 2.11597e+44 2.11597e+44 2.11597e+44 2.11597e+44 4.15593e+42 0 1.5072e+31 6.57699e+44 4.64348e+42 0 0 1
60.4296 1.69624e+44 1.69624e+44 1.69625e+44 1.69625e+44 1.69625e+44 3.34586e+42 0 1.66378e+27 5.69454e+44 4.64348e+42 0 0 1
69.7831 1.35947e+44 1.35947e+44 1.35947e+44 1.35947e+44 1.35947e+44 2.69358e+42 0 4.28737e+22 4.93037e+44 4.64348e+42 0 0 1
80.5842 1.08927e+44 1.08927e+44 1.08928e+44 1.08928e+44 1.08928e+44 2.16824e+42 0 2.05901e+17 4.26863e+44 4.64348e+42 0 0 1
93.0572 8.72556e+43 8.72556e+43 8.72563e+43 8.72563e+43 8.72563e+43 1.74513e+42 0 1.4209e+11 3.69559e+44 4.64348e+42 0 0 1
107.461 6.98799e+43 6.98799e+43 6.98806e+43 6.98806e+43 6.98806e+43 1.40441e+42 0 10435.1 3.19935e+44 4.64348e+42 0 0 1
124.094 5.59557e+43 5.59557e+43 5.59563e+43 5.59563e+43 5.59563e+43 1.13009e+42 0 5.76573e-05 2.76962e+44 4.64348e+42 0 0 1
143.301 4.48034e+43 4.48034e+43 4.4804e+43 4.4804e+43 4.4804e+43 9.09301e+41 0 1.60595e-14 2.3975e+44 4.64348e+42 0 0 1
165.482 3.58759e+43 3.58759e+43 3.58764e+43 3.58764e+43 3.58764e+43 7.31662e+41 0 1.42004e-25 2.07525e+44 4.64348e+42 0 0 1
191.095 2.87325e+43 2.87325e+43 2.87329e+43 2.87329e+43 2.87329e+43 5.88783e+41 0 2.33694e-38 1.7962e+44 4.64348e+42 0 0 1
220.673 2.30184e+43 2.30184e+43 2.30188e+43 2.30188e+43 2.30188e+43 4.73887e+41 0 3.8634e-53 1.55455e+44 4.64348e+42 0 0 1
254.83 1.84483e+43 1.84483e+43 1.84487e+43 1.84487e+43 1.84487e+43 3.81503e+41 0 3.1478e-70 1.34529e+44 4.64348e+42 0 0 1
294.273 1.47928e+43 1.47928e+43 1.47932e+43 1.47932e+43 1.47932e+43 3.07215e+41 0 5.55433e-90 1.16408e+44 4.64348e+42 0 0 1
339.821 1.1868e+43 1.1868e+43 1.18684e+43 1.18684e+43 1.18684e+43 2.47467e+41 0 8.21187e-113 1.00716e+44 4.64348e+42 0 0 1
392.419 9.52669e+42 9.52669e+42 9.52701e+42 9.52701e+42 9.52701e+42 1.99394e+41 0 3.39784e-139 8.7127e+43 4.64348e+42 0 0 1
453.158 7.65109e+42 7.65109e+42 7.65139e+42 7.65139e+42 7.65139e+42 1.60696e+41 0 1.10909e-169 7.53597e+43 4.64348e+42 0 0 1
523.299 6.14737e+42 6.14737e+42 6.14765e+42 6.14765e+42 6.14765e+42 1.29527e+41 0 6.617e-205 6.51698e+43 4.64348e+42 0 0 1
604.296 4.94076e+42 4.94076e+42 4.94102e+42 4.94102e+42 4.94102e+42 1.04407e+41 0 1.33328e-245 5.63458e+43 4.64348e+42 0 0 1
697.831 3.97173e+42 3.97173e+42 3.97197e+42 3.97197e+42 3.97197e+42 8.41506e+40 0 0 4.87047e+43 4.64348e+42 0 0 1
805.842 3.19287e+42 3.19287e+42 3.1931e+42 3.1931e+42 3.1931e+42 6.7809e+40 0 0 4.2088e+43 4.64348e+42 0 0 1
930.572 2.56646e+42 2.56646e+42 2.56667e+42 2.56667e+42 2.56667e+42 5.46211e+40 0 0 3.63583e+43 4.64348e+42 0 0 1
1074.61 2.06241e+42 2.06241e+42 2.0626e+42 2.0626e+42 2.0626e+42 4.39764e+40 0 0 3.13969e+43 4.64348e+42 0 0 1
1240.94 1.65667e+42 1.65667e+42 1.65685e+42 1.65685e+42 1.65685e+42 3.53845e+40 0 0 2.71007e+43 4.64348e+42 0 0 1
1433.01 1.33003e+42 1.33003e+42 1.3302e+42 1.3302e+42 1.3302e+42 2.84507e+40 0 0 2.33807e+43 4.64348e+42 0 0 1
1654.82 1.06709e+42 1.06709e+42 1.06724e+42 1.06724e+42 1.06724e+42 2.2857e+40 0 0 2.01596e+43 4.64348e+42 0 0 1
1910.95 8.55464e+41 8.55464e+41 8.55605e+41 8.55605e+41 8.55605e+41 1.83465e+40 0 0 1.73707e+43 4.64348e+42 0 0 1
2206.73 6.85213e+41 6.85213e+41 6.85343e+41 6.85343e+41 6.85343e+41 1.47119e+40 0 0 1.4956e+43 4.64348e+42 0 0 1
2548.3 5.48322e+41 5.48322e+41 5.48442e+41 5.48442e+41 5.48442e+41 1.17853e+40 0 0 1.28656e+43 4.64348e+42 0 0 1
2942.73 4.38329e+41 4.38329e+41 4.3844e+41 4.3844e+41 4.3844e+41 9.43068e+39 0 0 1.10559e+43 4.64348e+42 0 0 1
3398.21 3.5002e+41 3.5002e+41 3.50122e+41 3.50122e+41 3.50122e+41 7.5381e+39 0 0 9.48954e+42 4.64348e+42 0 0 1
3924.19 2.79182e+41 2.79182e+41 2.79277e+41 2.79277e+41 2.79277e+41 6.0184e+39 0 0 8.1339e+42 4.64348e+42 0 0 1
4531.58 2.22416e+41 2.22416e+41 2.22503e+41 2.22503e+41 2.22503e+41 4.7994e+39 0 0 6.96089e+42 4.64348e+42 0 0 1
5232.99 1.7698e+41 1.7698e+41 1.77057e+41 1.77057e+41 1.77057e+41 3.82274e+39 0 0 5.94637e+42 4.64348e+42 0 0 1
6042.96 1.40643e+41 1.40643e+41 1.40713e+41 1.40713e+41 1.40713e+41 3.04101e+39 0 0 5.06887e+42 4.64348e+42 0 0 1
6978.31 1.11619e+41 1.11619e+41 1.11683e+41 1.11683e+41 1.11683e+41 2.41606e+39 0 0 4.31034e+42 4.64348e+42 0 0 1
8058.42 8.84652e+40 8.84652e+40 8.85229e+40 8.85229e+40 8.85229e+40 1.91705e+39 0 0 3.65503e+42 4.64348e+42 0 0 1
9305.72 7.00165e+40 7.00165e+40 7.00687e+40 7.00687e+40 7.00687e+40 1.51907e+39 0 0 3.0893e+42 4.64348e+42 0 0 1
10746.1 5.53354e+40 5.53354e+40 5.53825e+40 5.53825e+40 5.53825e+40 1.20206e+39 0 0 2.60136e+42 4.64348e+42 0 0 1
12409.4 4.36677e+40 4.36677e+40 4.37101e+40 4.37101e+40 4.37101e+40 9.49856e+38 0 0 2.18103e+42 4.64348e+42 0 0 1
14330.1 3.44073e+40 3.44073e+40 3.44453e+40 3.44453e+40 3.44453e+40 7.49467e+38 0 0 1.81951e+42 4.64348e+42 0 0 1
16548.2 2.70676e+40 2.70676e+40 2.71016e+40 2.71016e+40 2.71016e+40 5.90456e+38 0 0 1.50918e+42 4.64348e+42 0 0 1
19109.5 2.12586e+40 2.12586e+40 2.12888e+40 2.12888e+40 2.12888e+40 4.6445e+38 0 0 1.24348e+42 4.64348e+42 0 0 1
22067.3 1.66678e+40 1.66678e+40 1.66945e+40 1.66945e+40 1.66945e+40 3.64738e+38 0 0 1.01671e+42 4.64348e+42 0 0 1
25483 1.30452e+40 1.30452e+40 1.30688e+40 1.30688e+40 1.30688e+40 2.85946e+38 0 0 8.23959e+41 4.64348e+42 0 0 1
29427.3 1.01912e+40 1.01912e+40 1.0212e+40 1.0212e+40 1.0212e+40 2.2378e+38 0 0 6.60949e+41 4.64348e+42 0 0 1
33982.1 7.94652e+39 7.94652e+39 7.96459e+39 7.96459e+39 7.96459e+39 1.74809e+38 0 0 5.23961e+41 4.64348e+42 0 0 1
39241.9 6.18404e+39 6.18404e+39 6.19972e+39 6.19972e+39 6.19972e+39 1.36295e+38 0 0 4.09739e+41 4.64348e+42 0 0 1
45315.8 4.80271e+39 4.80271e+39 4.81621e+39 4.81621e+39 4.81621e+39 1.06057e+38 0 0 3.15414e+41 4.64348e+42 0 0 1
52329.9 3.72213e+39 3.72213e+39 3.73369e+39 3.73369e+39 3.73369e+39 8.23604e+37 0 0 2.38432e+41 4.64348e+42 0 0 1
60429.6 2.8785e+39 2.8785e+39 2.88831e+39 2.88831e+39 2.88831e+39 6.38247e+37 0 0 1.76499e+41 4.64348e+42 0 0 1
69783.1 2.22121e+39 2.22121e+39 2.22948e+39 2.22948e+39 2.22948e+39 4.93545e+37 0 0 1.27529e+41 4.64348e+42 0 0 1
80584.2 1.71019e+39 1.71019e+39 1.7171e+39 1.7171e+39 1.7171e+39 3.80816e+37 0 0 8.9607e+40 4.64348e+42 0 0 1
93057.2 1.31377e+39 1.31377e+39 1.3195e+39 1.3195e+39 1.3195e+39 2.93181e+37 0 0 6.09634e+40 4.64348e+42 0 0 1
107461 1.00695e+39 1.00695e+39 1.01166e+39 1.01166e+39 1.01166e+39 2.25207e+37 0 0 3.996e+40 4.64348e+42 0 0 1
124094 7.7004e+38 7.7004e+38 7.73875e+38 7.73875e+38 7.73875e+38 1.72603e+37 0 0 2.50908e+40 4.64348e+42 0 0 1
143301 5.87546e+38 5.87546e+38 5.90641e+38 5.90641e+38 5.90641e+38 1.3199e+37 0 0 1.49916e+40 4.64348e+42 0 0 1
165482 4.47309e+38 4.47309e+38 4.49785e+38 4.49785e+38 4.49785e+38 1.00708e+37 0 0 8.45845e+39 4.64348e+42 0 0 1
191095 3.39807e+38 3.39807e+38 3.41771e+38 3.41771e+38 3.41771e+38 7.66729e+36 0 0 4.46677e+39 4.64348e+42 0 0 1
220673 2.576e+38 2.576e+38 2.59144e+38 2.59144e+38 2.59144e+38 5.82501e+36 0 0 2.18528e+39 4.64348e+42 0 0 1
254830 1.94887e+38 1.94887e+38 1.9609e+38 1.9609e+38 1.9609e+38 4.41632e+36 0 0 9.78794e+38 4.64348e+42 0 0 1
294273 1.47158e+38 1.47158e+38 1.48089e+38 1.48089e+38 1.48089e+38 3.34174e+36 0 0 3.95925e+38 4.64348e+42 0 0 1
339821 1.10916e+38 1.10916e+38 1.1163e+38 1.1163e+38 1.1163e+38 2.52391e+36 0 0 1.42369e+38 4.64348e+42 0 0 1
392419 8.34569e+37 8.34569e+37 8.40007e+37 8.40007e+37 8.40007e+37 1.90288e+36 0 0 4.46876e+37 4.64348e+42 0 0 1
453158 6.26956e+37 6.26956e+37 6.31068e+37 6.31068e+37 6.31068e+37 1.4323e+36 0 0 1.19889e+37 4.64348e+42 0 0 1
523299 4.70293e+37 4.70293e+37 4.73381e+37 4.73381e+37 4.73381e+37 1.07644e+36 6.79284e+33 0 2.68313e+36 4.64348e+42 0 0 1
604296 3.52295e+37 3.52295e+37 3.54599e+37 3.54599e+37 3.54599e+37 8.07847e+35 6.82216e+33 0 4.87054e+35 4.64348e+42 0 0 1
697831 2.63571e+37 2.63571e+37 2.65278e+37 2.65278e+37 2.65278e+37 6.05476e+35 6.85149e+33 0 6.94239e+34 4.64348e+42 0 0 1
805842 1.96965e+37 1.96965e+37 1.98222e+37 1.98222e+37 1.98222e+37 4.53252e+35 6.88082e+33 0 7.48478e+33 4.64348e+42 0 0 1
930572 1.47036e+37 1.47036e+37 1.47956e+37 1.47956e+37 1.47956e+37 3.38923e+35 6.91014e+33 0 5.84537e+32 4.64348e+42 0 0 1
1.07461e+06 1.09659e+37 1.09659e+37 1.10328e+37 1.10328e+37 1.10328e+37 2.53177e+35 6.94389e+33 0 3.14577e+31 4.64348e+42 0 0 1
1.24094e+06 8.17134e+36 8.17134e+36 8.21971e+36 8.21971e+36 8.21971e+36 1.88951e+35 6.9531e+33 0 1.10125e+30 4.64348e+42 0 0 1
1.43301e+06 6.08427e+36 6.08427e+36 6.11905e+36 6.11905e+36 6.11905e+36 1.40902e+35 6.96488e+33 0 2.34626e+28 4.64348e+42 0 0 1
1.65482e+06 4.5272e+36 4.5272e+36 4.55206e+36 4.55206e+36 4.55206e+36 1.04995e+35 6.98007e+33 0 2.81716e+26 4.64348e+42 0 0 1
1.91095e+06 3.36662e+36 3.36662e+36 3.38431e+36 3.38431e+36 3.38431e+36 7.81882e+34 7.00116e+33 0 1.74435e+24 4.64348e+42 0 0 1
2.20673e+06 2.50229e+36 2.50229e+36 2.51483e+36 2.51483e+36 2.51483e+36 5.81936e+34 7.02853e+33 0 5.02717e+21 4.64348e+42 0 0 1
2.5483e+06 1.85908e+36 1.85908e+36 1.86793e+36 1.86793e+36 1.86793e+36 4.32921e+34 7.06446e+33 0 5.99053e+18 4.64348e+42 0 0 1
2.94273e+06 1.38074e+36 1.38074e+36 1.38696e+36 1.38696e+36 1.38696e+36 3.21945e+34 7.11163e+33 0 2.57448e+15 4.64348e+42 0 0 1
3.39821e+06 1.02521e+36 1.02521e+36 1.02956e+36 1.02956e+36 1.02956e+36 2.39352e+34 7.17743e+33 0 3.40751e+11 4.64348e+42 0 0 1
3.92419e+06 7.61087e+35 7.61087e+35 7.64129e+35 7.64129e+35 7.64129e+35 1.77916e+34 7.26283e+33 0 1.15754e+07 4.64348e+42 0 0 1
4.53158e+06 5.64951e+35 5.64951e+35 5.67072e+35 5.67072e+35 5.67072e+35 1.32241e+34 7.37295e+33 0 81.765 4.64348e+42 0 0 1
5.23299e+06 4.19349e+35 4.19349e+35 4.20825e+35 4.20825e+35 4.20825e+35 9.82981e+33 7.5122e+33 0 9.41789e-05 4.64348e+42 0 0 1
6.04296e+06 3.11288e+35 3.11288e+35 3.12314e+35 3.12314e+35 3.12314e+35 7.30867e+33 7.69684e+33 0 1.33592e-11 4.64348e+42 0 0 1
6.97831e+06 2.31103e+35 2.31103e+35 2.31815e+35 2.31815e+35 2.31815e+35 5.43685e+33 7.91452e+33 0 1.6876e-19 4.64348e+42 0 0 1
8.05842e+06 1.71611e+35 1.71611e+35 1.72105e+35 1.72105e+35 1.72105e+35 4.048e+33 8.1717e+33 0 1.30569e-28 4.64348e+42 0 0 1
9.30572e+06 1.27477e+35 1.27477e+35 1.27821e+35 1.27821e+35 1.27821e+35 3.01852e+33 8.46309e+33 0 4.01571e-39 4.64348e+42 0 0 1
1.07461e+07 9.47417e+34 9.47417e+34 9.49807e+34 9.49807e+34 9.49807e+34 2.25681e+33 8.81217e+33 0 2.98015e-51 4.64348e+42 0 0 1
1.24094e+07 7.04629e+34 7.04629e+34 7.06295e+34 7.06295e+34 7.06295e+34 1.69418e+33 9.15516e+33 0 2.9986e-65 4.64348e+42 0 0 1
1.43301e+07 5.24596e+34 5.24596e+34 5.2576e+34 5.2576e+34 5.2576e+34 1.27995e+33 9.49024e+33 0 2.10235e-81 4.64348e+42 0 0 1
1.65482e+07 3.91132e+34 3.91132e+34 3.91949e+34 3.91949e+34 3.91949e+34 9.76415e+32 9.80132e+33 0 4.76159e-100 4.64348e+42 0 0 1
1.91095e+07 2.92256e+34 2.92256e+34 2.92832e+34 2.92832e+34 2.92832e+34 7.56033e+32 1.00695e+34 0 1.43396e-121 4.64348e+42 0 0 1
2.20673e+07 2.19005e+34 2.19005e+34 2.19414e+34 2.19414e+34 2.19414e+34 5.96624e+32 1.03008e+34 0 2.06002e-146 4.64348e+42 0 0 1
2.5483e+07 1.64789e+34 1.64789e+34 1.65081e+34 1.65081e+34 1.65081e+34 4.83001e+32 1.04632e+34 0 4.32169e-175 4.64348e+42 0 0 1
2.94273e+07 1.2466e+34 1.2466e+34 1.2487e+34 1.2487e+34 1.2487e+34 4.02444e+32 1.04652e+34 0 3.37454e-208 4.64348e+42 0 0 1
3.39821e+07 9.49705e+33 9.49705e+33 9.51243e+33 9.51243e+33 9.51243e+33 3.46082e+32 1.02783e+34 0 2.02298e-246 4.64348e+42 0 0 1
3.92419e+07 7.29495e+33 7.29495e+33 7.30632e+33 7.30632e+33 7.30632e+33 3.05747e+32 9.89733e+33 0 0 4.64348e+42 0 0 1
4.53158e+07 5.66227e+33 5.66227e+33 5.67081e+33 5.67081e+33 5.67081e+33 2.77287e+32 9.38942e+33 0 0 4.64348e+42 0 0 1
5.23299e+07 4.44783e+33 4.44783e+33 4.45434e+33 4.45434e+33 4.45434e+33 2.56528e+32 8.80378e+33 0 0 4.64348e+42 0 0 1
6.04296e+07 3.53552e+33 3.53552e+33 3.54058e+33 3.54058e+33 3.54058e+33 2.39467e+32 8.08271e+33 0 0 4.64348e+42 0 0 1
6.97831e+07 2.84197e+33 2.84197e+33 2.84596e+33 2.84596e+33 2.84596e+33 2.2378e+32 7.24233e+33 0 0 4.64348e+42 0 0 1
8.05842e+07 2.30814e+33 2.30814e+33 2.31133e+33 2.31133e+33 2.31133e+33 2.08406e+32 6.29661e+33 0 0 4.64348e+42 0 0 1
9.30572e+07 1.88946e+33 1.88946e+33 1.89204e+33 1.89204e+33 1.89204e+33 1.92386e+32 5.27863e+33 0 0 4.64348e+42 0 0 1
1.07461e+08 1.5525e+33 1.5525e+33 1.55461e+33 1.55461e+33 1.55461e+33 1.7494e+32 4.24608e+33 0 0 4.64348e+42 11.9415 0 1
1.24094e+08 1.28121e+33 1.28121e+33 1.28294e+33 1.28294e+33 1.28294e+33 1.5752e+32 3.36095e+33 0 0 4.64348e+42 10.4908 0 1
1.43301e+08 1.05674e+33 1.05674e+33 1.05817e+33 1.05817e+33 1.05817e+33 1.39611e+32 2.6132e+33 0 0 4.64348e+42 9.21636 0 1
1.65482e+08 8.6735e+32 8.6735e+32 8.68529e+32 8.68529e+32 8.68529e+32 1.21354e+32 1.99948e+33 0 0 4.64348e+42 8.09673 0 1
1.91095e+08 7.01934e+32 7.01934e+32 7.02894e+32 7.02894e+32 7.02894e+32 1.02312e+32 1.49074e+33 0 0 4.64348e+42 7.11311 0 1
2.20673e+08 5.65266e+32 5.65266e+32 5.66046e+32 5.66046e+32 5.66046e+32 8.51733e+31 1.11726e+33 0 0 4.64348e+42 6.24899 0 1
2.5483e+08 4.50737e+32 4.50737e+32 4.51366e+32 4.51366e+32 4.51366e+32 6.95972e+31 8.27927e+32 0 0 4.64348e+42 5.48984 0 1
2.94273e+08 3.55421e+32 3.55421e+32 3.55923e+32 3.55923e+32 3.55923e+32 5.57925e+31 6.06748e+32 0 0 4.64348e+42 4.82291 0 1
3.39821e+08 2.7507e+32 2.7507e+32 2.75464e+32 2.75464e+32 2.75464e+32 4.34421e+31 4.36768e+32 0 0 4.64348e+42 4.42394 0 1
3.92419e+08 2.12601e+32 2.12601e+32 2.1291e+32 2.1291e+32 2.1291e+32 3.37183e+31 3.19543e+32 0 0 4.64348e+42 4.23701 0 1
4.53158e+08 1.62842e+32 1.62842e+32 1.63082e+32 1.63082e+32 1.63082e+32 2.57991e+31 2.32707e+32 0 0 4.64348e+42 4.05798 0 1
5.23299e+08 1.23447e+32 1.23447e+32 1.23633e+32 1.23633e+32 1.23633e+32 1.94221e+31 1.68765e+32 0 0 4.64348e+42 3.88651 0 1
6.04296e+08 9.28748e+31 9.28748e+31 9.30172e+31 9.30172e+31 9.30172e+31 1.44403e+31 1.21101e+32 0 0 4.64348e+42 3.72228 0 1
6.97831e+08 7.05157e+31 7.05157e+31 7.06259e+31 7.06259e+31 7.06259e+31 1.08695e+31 8.86925e+31 0 0 4.64348e+42 3.565 0 1
8.05842e+08 5.33837e+31 5.33837e+31 5.34687e+31 5.34687e+31 5.34687e+31 8.13674e+30 6.48489e+31 0 0 4.64348e+42 3.41436 0 1
9.30572e+08 4.027e+31 4.027e+31 4.03354e+31 4.03354e+31 4.03354e+31 6.0509e+30 4.73019e+31 0 0 4.64348e+42 3.27009 0 1
1.07461e+09 3.01634e+31 3.01634e+31 3.02133e+31 3.02133e+31 3.02133e+31 4.44461e+30 3.40147e+31 0 0 4.64348e+42 3.28187 0 1
1.24094e+09 2.29183e+31 2.29183e+31 2.2957e+31 2.2957e+31 2.2957e+31 3.33462e+30 2.50266e+31 0 0 4.64348e+42 3.45141 0 1
1.43301e+09 1.74373e+31 1.74373e+31 1.74674e+31 1.74674e+31 1.74674e+31 2.50555e+30 1.83642e+31 0 0 4.64348e+42 3.62971 0 1
1.65482e+09 1.32466e+31 1.32466e+31 1.32699e+31 1.32699e+31 1.32699e+31 1.87705e+30 1.34349e+31 0 0 4.64348e+42 3.81722 0 1
1.91095e+09 9.99473e+30 9.99473e+30 1.00127e+31 1.00127e+31 1.00127e+31 1.39017e+30 9.66769e+30 0 0 4.64348e+42 4.01441 0 1
2.20673e+09 7.62896e+30 7.62896e+30 7.64292e+30 7.64292e+30 7.64292e+30 1.04978e+30 7.12866e+30 0 0 4.64348e+42 4.22179 0 1
2.5483e+09 5.80997e+30 5.80997e+30 5.82082e+30 5.82082e+30 5.82082e+30 7.90463e+29 5.24186e+30 0 0 4.64348e+42 4.43989 0 1
2.94273e+09 4.40908e+30 4.40908e+30 4.41747e+30 4.41747e+30 4.41747e+30 5.92496e+29 3.84218e+30 0 0 4.64348e+42 4.66925 0 1
3.39821e+09 3.31023e+30 3.31023e+30 3.31666e+30 3.31666e+30 3.31666e+30 4.36758e+29 2.77009e+30 0 0 4.64348e+42 4.91046 0 1
3.92419e+09 2.51069e+30 2.51069e+30 2.51566e+30 2.51566e+30 2.51566e+30 3.28586e+29 2.04406e+30 0 0 4.64348e+42 5.16413 0 1
4.53158e+09 1.89693e+30 1.89693e+30 1.90075e+30 1.90075e+30 1.90075e+30 2.46361e+29 1.50294e+30 0 0 4.64348e+42 5.4309 0 1
5.23299e+09 1.42716e+30 1.42716e+30 1.43009e+30 1.43009e+30 1.43009e+30 1.8404e+29 1.10059e+30 0 0 4.64348e+42 5.71146 0 1
6.04296e+09 1.06015e+30 1.06015e+30 1.06237e+30 1.06237e+30 1.06237e+30 1.34933e+29 7.93389e+29 0 0 4.64348e+42 6.00651 0 1
6.97831e+09 7.95322e+29 7.95322e+29 7.97016e+29 7.97016e+29 7.97016e+29 1.01148e+29 5.84819e+29 0 0 4.64348e+42 6.3168 0 1
8.05842e+09 5.94149e+29 5.94149e+29 5.95438e+29 5.95438e+29 5.95438e+29 7.5564e+28 4.29901e+29 0 0 4.64348e+42 6.64312 0 1
9.30572e+09 4.41479e+29 4.41479e+29 4.42454e+29 4.42454e+29 4.42454e+29 5.61088e+28 3.1514e+29 0 0 4.64348e+42 6.9863 0 1
1.07461e+10 3.24588e+29 3.24588e+29 3.25318e+29 3.25318e+29 3.25318e+29 4.09921e+28 2.27898e+29 0 0 4.64348e+42 7.83875 0 1
1.24094e+10 2.40614e+29 2.40614e+29 2.41164e+29 2.41164e+29 2.41164e+29 3.04735e+28 1.68551e+29 0 0 4.64348e+42 9.38365 0 1
1.43301e+10 1.77636e+29 1.77636e+29 1.78049e+29 1.78049e+29 1.78049e+29 2.25259e+28 1.24347e+29 0 0 4.64348e+42 11.233 0 1
1.65482e+10 1.30811e+29 1.30811e+29 1.31121e+29 1.31121e+29 1.31121e+29 1.6601e+28 9.14565e+28 0 0 4.64348e+42 13.4469 0 1
1.91095e+10 9.52411e+28 9.52411e+28 9.5473e+28 9.5473e+28 9.5473e+28 1.20178e+28 6.6148e+28 0 0 4.64348e+42 16.0971 0 1
2.20673e+10 6.94647e+28 6.94647e+28 6.96512e+28 6.96512e+28 6.96512e+28 8.84436e+27 4.8956e+28 0 0 4.64348e+42 19.2696 34.7254 1
2.5483e+10 4.83172e+28 4.83172e+28 4.85063e+28 4.85063e+28 4.85063e+28 6.38086e+27 3.61129e+28 0 0 4.64348e+42 23.0673 22.9578 1
2.94273e+10 2.86511e+28 2.86511e+28 2.89142e+28 2.89142e+28 2.89142e+28 4.44259e+27 2.6547e+28 0 0 4.64348e+42 27.6135 15.5417 1
3.39821e+10 1.23084e+28 1.23084e+28 1.26514e+28 1.26514e+28 1.26514e+28 3.01375e+27 1.91607e+28 0 0 4.64348e+42 33.0558 10.7604 1
3.92419e+10 3.98372e+27 3.98372e+27 4.31829e+27 4.31829e+27 4.31829e+27 2.15432e+27 1.41828e+28 0 0 4.64348e+42 39.5705 7.61059 1
4.53158e+10 1.10885e+27 1.10885e+27 1.36914e+27 1.36914e+27 1.36914e+27 1.5695e+27 1.04723e+28 0 0 4.64348e+42 47.3693 5.49245 1
5.23299e+10 2.80031e+26 2.80031e+26 4.55285e+26 4.55285e+26 4.55285e+26 1.15196e+27 7.71091e+27 0 0 4.64348e+42 56.7051 4.04008 1
6.04296e+10 6.04197e+25 6.04197e+25 1.63758e+26 1.63758e+26 1.63758e+26 8.34375e+26 5.57393e+27 0 0 4.64348e+42 67.8808 3.02568 1
6.97831e+10 1.03313e+25 1.03313e+25 6.53744e+25 6.53744e+25 6.53744e+25 6.21019e+26 4.13609e+27 0 0 4.64348e+42 81.2591 2.3047 1
8.05842e+10 1.25306e+24 1.25306e+24 2.8366e+25 2.8366e+25 2.8366e+25 4.6124e+26 3.06196e+27 0 0 4.64348e+42 97.2741 1.78376 1
9.30572e+10 1.00964e+23 1.00964e+23 1.32554e+25 1.32554e+25 1.32554e+25 3.41714e+26 2.26027e+27 0 0 4.64348e+42 116.445 1.40144 1
1.07461e+11 5.27515e+21 5.27515e+21 6.55176e+24 6.55176e+24 6.55176e+24 2.48414e+26 1.63645e+27 0 0 4.64348e+42 139.395 1.11671 1
1.24094e+11 1.90668e+20 1.90668e+20 3.47626e+24 3.47626e+24 3.47626e+24 1.8501e+26 1.21594e+27 0 0 4.64348e+42 166.868 0.901709 1
1.43301e+11 5.15377e+18 5.15377e+18 1.93582e+24 1.93582e+24 1.93582e+24 1.37316e+26 9.00962e+26 0 0 4.64348e+42 199.755 0.737233 1
1.65482e+11 1.18554e+17 1.18554e+17 1.1231e+24 1.1231e+24 1.1231e+24 1.01525e+26 6.65365e+26 0 0 4.64348e+42 239.123 0.609868 1
1.91095e+11 2.66645e+15 2.66645e+15 6.68432e+23 6.68432e+23 6.68432e+23 7.36064e+25 4.81579e+26 0 0 4.64348e+42 286.251 0.510106 1
2.20673e+11 6.97633e+13 6.97633e+13 4.16467e+23 4.16467e+23 4.16467e+23 5.4704e+25 3.57737e+26 0 0 4.64348e+42 342.667 0.431129 1
2.5483e+11 2.38703e+12 2.38703e+12 2.66152e+23 2.66152e+23 2.66152e+23 4.05241e+25 2.64955e+26 0 0 4.64348e+42 410.201 0.367983 1
2.94273e+11 1.1892e+11 1.1892e+11 1.73801e+23 1.73801e+23 1.73801e+23 2.99199e+25 1.95566e+26 0 0 4.64348e+42 491.046 0.317029 1
3.39821e+11 9.21622e+09 9.21622e+09 1.14424e+23 1.14424e+23 1.14424e+23 2.16719e+25 1.41428e+26 0 0 4.64348e+42 0 0.275565 1
3.92419e+11 1.19486e+09 1.19486e+09 7.79199e+22 7.79199e+22 7.79199e+22 1.60988e+25 1.04987e+26 0 0 4.64348e+42 0 0.241562 1
4.53158e+11 2.58455e+08 2.58455e+08 5.38174e+22 5.38174e+22 5.38174e+22 1.19211e+25 7.76956e+25 0 0 4.64348e+42 0 0.213483 1
5.23299e+11 9.23118e+07 9.23118e+07 3.76358e+22 3.76358e+22 3.76358e+22 8.79801e+24 5.72951e+25 0 0 4.64348e+42 0 0.190154 1
6.04296e+11 5.21954e+07 5.21954e+07 2.62955e+22 2.62955e+22 2.62955e+22 6.36734e+24 4.13826e+25 0 0 4.64348e+42 0 0.170669 1
6.97831e+11 4.61732e+07 4.61732e+07 1.89412e+22 1.89412e+22 1.89412e+22 4.72689e+24 3.06852e+25 0 0 4.64348e+42 0 0.154323 1
8.05842e+11 5.93894e+07 5.93895e+07 1.37743e+22 1.37743e+22 1.37743e+22 3.4977e+24 2.26797e+25 0 0 4.64348e+42 0 0.140565 1
9.30572e+11 1.0485e+08 1.0485e+08 1.01045e+22 1.01045e+22 1.01045e+22 2.57929e+24 1.67008e+25 0 0 4.64348e+42 0 0.12896 1
1.07461e+12 2.36381e+08 2.36382e+08 7.36881e+21 7.36881e+21 7.36881e+21 1.86437e+24 1.20401e+25 0 0 4.64348e+42 0 0.119166 1
1.24094e+12 6.67915e+08 6.67915e+08 5.54288e+21 5.54288e+21 5.54288e+21 1.38258e+24 8.91256e+24 0 0 4.64348e+42 0 0.110908 1
1.43301e+12 2.1932e+09 2.1932e+09 4.19879e+21 4.19879e+21 4.19879e+21 1.02185e+24 6.57491e+24 0 0 4.64348e+42 0 0.103969 1
1.65482e+12 7.98283e+09 7.98283e+09 3.2002e+21 3.2002e+21 3.2002e+21 7.52538e+23 4.83131e+24 0 0 4.64348e+42 0 0.098177 1
1.91095e+12 3.04291e+10 3.04292e+10 2.41447e+21 2.41447e+21 2.41447e+21 5.42981e+23 3.47368e+24 0 0 4.64348e+42 0 0.0933933 1
2.20673e+12 1.22291e+11 1.22291e+11 1.87909e+21 1.87909e+21 1.87909e+21 4.02011e+23 2.56497e+24 0 0 4.64348e+42 0 0.0895108 1
2.5483e+12 4.9014e+11 4.9014e+11 1.46834e+21 1.46834e+21 1.46834e+21 2.96589e+23 1.887e+24 0 0 4.64348e+42 0 0.0864461 1
2.94273e+12 1.91254e+12 1.91254e+12 1.15087e+21 1.15087e+21 1.15087e+21 2.17991e+23 1.38237e+24 0 0 4.64348e+42 0 0.0841374 1
3.39821e+12 7.01141e+12 7.01142e+12 8.89085e+20 8.89085e+20 8.89085e+20 1.56876e+23 9.90063e+23 0 0 4.64348e+42 0 0.082541 1
3.92419e+12 2.49072e+13 2.49072e+13 7.07811e+20 7.07811e+20 7.07811e+20 1.15873e+23 7.28482e+23 0 0 4.64348e+42 0 0.08163 1
4.53158e+12 8.24709e+13 8.2471e+13 5.64071e+20 5.64071e+20 5.64071e+20 8.52635e+22 5.33843e+23 0 0 4.64348e+42 0 0.0813928 1
5.23299e+12 2.52666e+14 2.52666e+14 4.49609e+20 4.49609e+20 4.49609e+20 6.24875e+22 3.89396e+23 0 0 4.64348e+42 0 0.0818329 1
6.04296e+12 7.00645e+14 7.00645e+14 3.51971e+20 3.51971e+20 3.51971e+20 4.48005e+22 2.77363e+23 0 0 4.64348e+42 0 0.0829683 1
6.97831e+12 1.84048e+15 1.84048e+15 2.83677e+20 2.83677e+20 2.83677e+20 3.29786e+22 2.0307e+23 0 0 4.64348e+42 0 0.0848322 1
8.05842e+12 4.44359e+15 4.44359e+15 2.28359e+20 2.28359e+20 2.28359e+20 2.41764e+22 1.48003e+23 0 0 4.64348e+42 0 0.0874729 1
9.30572e+12 9.86891e+15 9.86892e+15 1.83491e+20 1.83491e+20 1.83491e+20 1.76455e+22 1.07311e+23 0 0 4.64348e+42 0 0.0909553 1
1.07461e+13 1.98329e+16 1.98329e+16 1.44404e+20 1.44404e+20 1.44404e+20 1.25839e+22 7.58523e+22 0 0 4.64348e+42 0 0.0953611 1
1.24094e+13 3.80187e+16 3.80187e+16 1.16959e+20 1.16959e+20 1.16959e+20 9.21903e+21 5.51551e+22 0 0 4.64348e+42 0 0.10079 1
1.43301e+13 6.76142e+16 6.76143e+16 9.44702e+19 9.44702e+19 9.44702e+19 6.72305e+21 3.9898e+22 0 0 4.64348e+42 0 0.10736 1
1.65482e+13 1.11948e+17 1.11949e+17 7.60527e+19 7.60527e+19 7.60527e+19 4.87852e+21 2.86905e+22 0 0 4.64348e+42 0 0.115206 1
1.91095e+13 1.69868e+17 1.69869e+17 5.98182e+19 5.98182e+19 5.98182e+19 3.45343e+21 2.00664e+22 0 0 4.64348e+42 0 0.12448 1
2.20673e+13 2.49953e+17 2.49954e+17 4.84307e+19 4.84307e+19 4.84307e+19 2.5132e+21 1.44549e+22 0 0 4.64348e+42 0 0.135345 1
2.5483e+13 3.46585e+17 3.46586e+17 3.90548e+19 3.90548e+19 3.90548e+19 1.81943e+21 1.03499e+22 0 0 4.64348e+42 0 0.147968 1
2.94273e+13 4.54513e+17 4.54514e+17 3.13512e+19 3.13512e+19 3.13512e+19 1.30974e+21 7.35976e+21 0 0 4.64348e+42 0 0.162507 1
3.39821e+13 5.53957e+17 5.5396e+17 2.45195e+19 2.45195e+19 2.45195e+19 9.1763e+20 5.07339e+21 0 0 4.64348e+42 0 0.179093 1
3.92419e+13 6.66071e+17 6.66077e+17 1.97552e+19 1.97552e+19 1.97552e+19 6.61712e+20 3.60865e+21 0 0 4.64348e+42 0 0.197804 1
4.53158e+13 7.65764e+17 7.65772e+17 1.58338e+19 1.58338e+19 1.58338e+19 4.74278e+20 2.54847e+21 0 0 4.64348e+42 0 0.218621 1
5.23299e+13 8.44184e+17 8.44196e+17 1.2617e+19 1.2617e+19 1.2617e+19 3.37697e+20 1.7851e+21 0 0 4.64348e+42 0 0.241387 1
6.04296e+13 8.74211e+17 8.74227e+17 9.76002e+18 9.76002e+18 9.76002e+18 2.3326e+20 1.20651e+21 0 0 4.64348e+42 0 0.265741 1
6.97831e+13 9.06491e+17 9.06511e+17 7.78921e+18 7.78921e+18 7.78921e+18 1.66121e+20 8.43724e+20 0 0 4.64348e+42 0 0.291055 1
8.05842e+13 9.08798e+17 9.08821e+17 6.17529e+18 6.17529e+18 6.17529e+18 1.17458e+20 5.84956e+20 0 0 4.64348e+42 0 0.316368 1
9.30572e+13 8.82529e+17 8.82557e+17 4.85987e+18 4.85987e+18 4.85987e+18 8.23981e+19 4.01568e+20 0 0 4.64348e+42 0 0.340344 1
1.07461e+14 8.09807e+17 8.09839e+17 3.69485e+18 3.69485e+18 3.69485e+18 5.58164e+19 2.64229e+20 0 0 4.64348e+42 0 0 1
1.24094e+14 7.5325e+17 7.53292e+17 2.905e+18 2.905e+18 2.905e+18 3.90857e+19 1.80641e+20 0 0 4.64348e+42 0 0 1
1.43301e+14 6.82385e+17 6.82454e+17 2.2649e+18 2.2649e+18 2.2649e+18 2.71323e+19 1.22198e+20 0 0 4.64348e+42 0 0 1
1.65482e+14 6.02579e+17 6.02704e+17 1.74941e+18 1.74941e+18 1.74941e+18 1.86546e+19 8.1667e+19 0 0 4.64348e+42 0 0 1
1.91095e+14 5.03106e+17 5.03322e+17 1.29644e+18 1.29644e+18 1.29644e+18 1.23035e+19 5.18113e+19 0 0 4.64348e+42 0 0 1
2.20673e+14 4.30247e+17 4.30609e+17 9.97156e+17 9.97156e+17 9.97156e+17 8.42128e+18 3.43685e+19 0 0 4.64348e+42 0 0 1
2.5483e+14 3.59674e+17 3.60225e+17 7.58747e+17 7.58747e+17 7.58747e+17 5.70228e+18 2.25012e+19 0 0 4.64348e+42 0 0 1
2.94273e+14 2.93916e+17 2.9467e+17 5.70482e+17 5.70482e+17 5.70482e+17 3.81567e+18 1.45111e+19 0 0 4.64348e+42 0 0 1
3.39821e+14 2.25892e+17 2.26797e+17 4.07364e+17 4.07364e+17 4.07364e+17 2.42537e+18 8.75724e+18 0 0 4.64348e+42 0 0 1
3.92419e+14 1.79631e+17 1.80681e+17 3.03618e+17 3.03618e+17 3.03618e+17 1.60965e+18 5.58045e+18 0 0 4.64348e+42 0 0 1
4.53158e+14 1.39752e+17 1.40878e+17 2.23133e+17 2.23133e+17 2.23133e+17 1.05387e+18 3.49809e+18 0 0 4.64348e+42 0 0 1
5.23299e+14 1.06306e+17 1.07429e+17 1.6145e+17 1.6145e+17 1.6145e+17 6.79757e+17 2.15148e+18 0 0 4.64348e+42 0 0 1
6.04296e+14 7.51646e+16 7.61601e+16 1.09248e+17 1.09248e+17 1.09248e+17 4.10379e+17 1.21165e+18 0 0 4.64348e+42 0 0 1
6.97831e+14 5.56649e+16 5.65543e+16 7.78425e+16 7.78425e+16 7.78425e+16 2.61152e+17 7.31877e+17 0 0 4.64348e+42 0 0 1
8.05842e+14 4.02715e+16 4.10219e+16 5.44344e+16 5.44344e+16 5.44344e+16 1.63311e+17 4.32996e+17 0 0 4.64348e+42 0 0 1
9.30572e+14 2.84243e+16 2.9024e+16 3.72853e+16 3.72853e+16 3.72853e+16 1.0019e+17 2.50057e+17 0 0 4.64348e+42 0 0 1
1.07461e+15 1.82509e+16 1.86756e+16 2.33127e+16 2.33127e+16 2.33127e+16 5.62149e+16 1.27821e+17 0 0 4.64348e+42 0 0 1
1.24094e+15 1.24794e+16 1.27925e+16 1.55685e+16 1.55685e+16 1.55685e+16 3.37636e+16 7.18839e+16 0 0 4.64348e+42 0 0 1
1.43301e+15 8.2962e+15 8.51604e+15 1.01339e+16 1.01339e+16 1.01339e+16 1.98186e+16 3.93797e+16 0 0 4.64348e+42 0 0 1
1.65482e+15 5.35125e+15 5.49837e+15 6.4143e+15 6.4143e+15 6.4143e+15 1.13472e+16 2.09189e+16 0 0 4.64348e+42 0 0 1
1.91095e+15 3.02386e+15 3.10874e+15 3.56353e+15 3.56353e+15 3.56353e+15 5.72323e+15 9.31529e+15 0 0 4.64348e+42 0 0 1
2.20673e+15 1.86592e+15 1.91866e+15 2.16552e+15 2.16552e+15 2.16552e+15 3.17043e+15 4.76067e+15 0 0 4.64348e+42 0 0 1
2.5483e+15 1.10939e+15 1.14056e+15 1.26982e+15 1.26982e+15 1.26982e+15 1.70266e+15 2.35415e+15 0 0 4.64348e+42 0 0 1
2.94273e+15 6.34297e+14 6.51819e+14 7.16976e+14 7.16976e+14 7.16976e+14 8.85126e+14 1.11955e+15 0 0 4.64348e+42 0 0 1
3.39821e+15 2.9782e+14 3.05828e+14 3.32834e+14 3.32834e+14 3.32834e+14 3.80558e+14 4.07816e+14 0 0 4.64348e+42 0 0 1
3.92419e+15 1.59342e+14 1.63476e+14 1.76248e+14 1.76248e+14 1.76248e+14 1.87825e+14 1.83114e+14 0 0 4.64348e+42 0 0 1
4.53158e+15 8.09763e+13 8.29868e+13 8.87322e+13 8.87322e+13 8.87322e+13 8.87471e+13 7.89332e+13 0 0 4.64348e+42 0 0 1
5.23299e+15 3.90937e+13 4.00161e+13 4.24754e+13 4.24754e+13 4.24754e+13 4.01653e+13 3.24097e+13 0 0 4.64348e+42 0 0 1
6.04296e+15 1.39081e+13 1.42179e+13 1.4995e+13 1.4995e+13 1.4995e+13 1.35129e+13 8.71167e+12 0 0 4.64348e+42 0 0 1
6.97831e+15 6.07727e+12 6.20439e+12 6.50656e+12 6.50656e+12 6.50656e+12 5.63122e+12 3.26472e+12 0 0 4.64348e+42 0 0 1
8.05842e+15 2.46442e+12 2.51257e+12 2.62185e+12 2.62185e+12 2.62185e+12 2.19692e+12 1.16515e+12 0 0 4.64348e+42 0 0 1
9.30572e+15 9.31321e+11 9.4824e+11 9.85153e+11 9.85153e+11 9.85153e+11 8.05644e+11 3.94086e+11 0 0 4.64348e+42 0 0 1
1.07461e+16 2.19183e+11 2.22869e+11 2.30655e+11 2.30655e+11 2.30655e+11 1.85612e+11 6.50692e+10 0 0 4.64348e+42 0 0 1
1.24094e+16 7.17655e+10 7.28791e+10 7.51697e+10 7.51697e+10 7.51697e+10 5.99471e+10 1.86e+10 0 0 4.64348e+42 0 0 1
1.43301e+16 2.0898e+10 2.11961e+10 2.17974e+10 2.17974e+10 2.17974e+10 1.73501e+10 4.9968e+09 0 0 4.64348e+42 0 0 1
1.65482e+16 5.37876e+09 5.44909e+09 5.58903e+09 5.58903e+09 5.58903e+09 4.46996e+09 1.29057e+09 0 0 4.64348e+42 0 0 1
1.91095e+16 6.90228e+08 6.98476e+08 7.14772e+08 7.14772e+08 7.14772e+08 5.78157e+08 9.98808e+07 0 0 4.64348e+42 0 0 1
2.20673e+16 1.47132e+08 1.48735e+08 1.51899e+08 1.51899e+08 1.51899e+08 1.24842e+08 1.85019e+07 0 0 4.64348e+42 0 0 1
2.5483e+16 2.5934e+07 2.6191e+07 2.6701e+07 2.6701e+07 2.6701e+07 2.24051e+07 3.05353e+06 0 0 4.64348e+42 0 0 1
2.94273e+16 3.54251e+06 3.57437e+06 3.63834e+06 3.63834e+06 3.63834e+06 3.13083e+06 494176 0 0 4.64348e+42 0 0 1
3.39821e+16 176179 177615 180549 180549 180549 160072 13637.7 0 0 4.64348e+42 0 0 1
3.92419e+16 18668.4 18806 19094 19094 19094 17471 1233.65 0 0 4.64348e+42 0 0 1
4.53158e+16 1440.33 1449.91 1470.59 1470.59 1470.59 1392.61 84.9564 0 0 4.64348e+42 0 0 1
5.23299e+16 73.2528 73.692 74.6756 74.6756 74.6756 73.3568 5.27854 0 0 4.64348e+42 0 0 1
6.04296e+16 0.732894 0.73685 0.746094 0.746094 0.746094 0.763923 0.0343909 0 0 4.64348e+42 0 0 1
6.97831e+16 0.023728 0.0238432 0.0241257 0.0241257 0.0241257 0.0257209 0.000915065 0 0 4.64348e+42 0 0 1
8.05842e+16 0.000364163 0.00036575 0.000369862 0.000369862 0.000369862 0.0004112 1.06024e-05 0 0 4.64348e+42 0 0 1
9.30572e+16 0 0 0 0 0 0 0 0 0 4.64348e+42 0 0 1