
1.07461e-07 4.6286e+54 4.6286e+54 7.51953e+54 7.62625e+54 7.64676e+54 1.54092e+53 0 5.39582e+44 1.10967e+49 4.64348e+42 0 0 1
1.24094e-07 4.48593e+54 4.48593e+54 6.42137e+54 6.50022e+54 6.5124e+54 1.31131e+53 0 6.23099e+44 1.09058e+49 4.64348e+42 0 0 1
1.43301e-07 4.20053e+54 4.20053e+54 5.47583e+54 5.53401e+54 5.54124e+54 1.11496e+53 0 7.19544e+44 1.03702e+49 4.64348e+42 0 0 1
1.65482e-07 3.83324e+54 3.83324e+54 4.66316e+54 4.70603e+54 4.71031e+54 9.47153e+52 0 8.30916e+44 9.62321e+48 4.64348e+42 0 0 1
1.91095e-07 3.43093e+54 3.43093e+54 3.96575e+54 3.99731e+54 3.99984e+54 8.03827e+52 0 9.59527e+44 8.7704e+48 4.64348e+42 0 0 1
2.20673e-07 3.0261e+54 3.0261e+54 3.36813e+54 3.39132e+54 3.39281e+54 6.81492e+52 0 1.10804e+45 7.88731e+48 4.64348e+42 0 0 1
2.5483e-07 2.63927e+54 2.63927e+54 2.85667e+54 2.8737e+54 2.87458e+54 5.77151e+52 0 1.27955e+45 7.02357e+48 4.64348e+42 0 0 1
2.94273e-07 2.28202e+54 2.28202e+54 2.41952e+54 2.432e+54 2.43252e+54 4.88226e+52 0 1.4776e+45 6.20903e+48 4.64348e+42 0 0 1
3.39821e-07 1.95972e+54 1.95972e+54 2.04634e+54 2.05548e+54 2.05578e+54 4.12503e+52 0 1.70631e+45 5.45948e+48 4.64348e+42 0 0 1
3.92419e-07 1.67379e+54 1.67379e+54 1.72817e+54 1.73485e+54 1.73503e+54 3.48079e+52 0 1.97041e+45 4.78135e+48 4.64348e+42 0 0 1
4.53158e-07 1.42321e+54 1.42321e+54 1.45724e+54 1.46212e+54 1.46222e+54 2.93322e+52 0 2.2754e+45 4.17514e+48 4.64348e+42 0 0 1
5.23299e-07 1.2056e+54 1.2056e+54 1.22684e+54 1.2304e+54 1.23046e+54 2.46829e+52 0 2.62759e+45 3.63788e+48 4.64348e+42 0 0 1
6.04296e-07 1.01794e+54 1.01794e+54 1.03117e+54 1.03376e+54 1.03379e+54 2.07395e+52 0 3.03429e+45 3.16465e+48 4.64348e+42 0 0 1
6.97831e-07 8.57008e+53 8.57008e+53 8.65226e+53 8.67106e+53 8.67126e+53 1.73989e+52 0 3.50394e+45 2.74972e+48 4.64348e+42 0 0 1
8.05842e-07 7.19603e+53 7.19603e+53 7.24697e+53 7.2606e+53 7.26072e+53 1.45724e+52 0 4.04629e+45 2.3871e+48 4.64348e+42 0 0 1
9.30572e-07 6.02721e+53 6.02721e+53 6.05872e+53 6.06859e+53 6.06866e+53 1.21841e+52 0 4.67258e+45 2.07095e+48 4.64348e+42 0 0 1
1.07461e-06 5.03615e+53 5.03615e+53 5.0556e+53 5.06273e+53 5.06277e+53 1.01689e+52 0 5.39581e+45 1.79581e+48 4.64348e+42 0 0 1
1.24094e-06 4.1982e+53 4.1982e+53 4.21018e+53 4.21532e+53 4.21534e+53 8.47103e+51 0 6.23099e+45 1.55667e+48 4.64348e+42 0 0 1
1.43301e-06 3.49154e+53 3.49154e+53 3.4989e+53 3.5026e+53 3.50263e+53 7.04285e+51 0 7.19543e+45 1.34902e+48 4.64348e+42 0 0 1
1.65482e-06 2.89711e+53 2.89711e+53 2.90162e+53 2.90428e+53 2.90429e+53 5.84353e+51 0 8.30915e+45 1.16885e+48 4.64348e+42 0 0 1
1.91095e-06 2.39826e+53 2.39826e+53 2.40102e+53 2.40292e+53 2.40293e+53 4.83817e+51 0 9.59526e+45 1.01259e+48 4.64348e+42 0 0 1
2.20673e-06 1.98061e+53 1.98061e+53 1.98229e+53 1.98365e+53 1.98366e+53 3.99699e+51 0 1.10804e+46 8.7713e+47 4.64348e+42 0 0 1
2.5483e-06 1.63177e+53 1.63177e+53 1.63279e+53 1.63377e+53 1.63377e+53 3.29456e+51 0 1.27955e+46 7.59732e+47 4.64348e+42 0 0 1
2.94273e-06 1.3411e+53 1.3411e+53 1.34172e+53 1.34241e+53 1.34241e+53 2.70922e+51 0 1.4776e+46 6.58009e+47 4.64348e+42 0 0 1
3.39821e-06 1.09949e+53 1.09949e+53 1.09986e+53 1.10035e+53 1.10036e+53 2.2225e+51 0 1.7063e+46 5.69881e+47 4.64348e+42 0 0 1
3.92419e-06 8.99152e+52 8.99152e+52 8.99381e+52 8.99728e+52 8.99728e+52 1.81872e+51 0 1.97041e+46 4.93541e+47 4.64348e+42 0 0 1
4.53158e-06 7.33466e+52 7.33466e+52 7.33603e+52 7.33849e+52 7.33849e+52 1.48453e+51 0 2.27539e+46 4.27417e+47 4.64348e+42 0 0 1
5.23299e-06 5.96791e+52 5.96791e+52 5.96873e+52 5.97046e+52 5.97046e+52 1.20863e+51 0 2.62758e+46 3.70146e+47 4.64348e+42 0 0 1
6.04296e-06 4.84347e+52 4.84347e+52 4.84397e+52 4.84518e+52 4.84518e+52 9.81432e+50 0 3.03428e+46 3.20545e+47 4.64348e+42 0 0 1
6.97831e-06 3.9209e+52 3.9209e+52 3.9212e+52 3.92205e+52 3.92205e+52 7.94836e+50 0 3.50393e+46 2.77588e+47 4.64348e+42 0 0 1
8.05842e-06 3.16604e+52 3.16604e+52 3.16622e+52 3.16681e+52 3.16681e+52 6.42004e+50 0 4.04627e+46 2.40386e+47 4.64348e+42 0 0 1
9.30572e-06 2.55013e+52 2.55013e+52 2.55023e+52 2.55065e+52 2.55065e+52 5.17178e+50 0 4.67256e+46 2.08169e+47 4.64348e+42 0 0 1
1.07461e-05 2.04899e+52 2.04899e+52 2.04905e+52 2.04934e+52 2.04934e+52 4.15517e+50 0 5.39578e+46 1.80269e+47 4.64348e+42 0 0 1
1.24094e-05 1.64239e+52 1.64239e+52 1.64243e+52 1.64263e+52 1.64263e+52 3.32963e+50 0 6.23095e+46 1.56108e+47 4.64348e+42 0 0 1
1.43301e-05 1.31342e+52 1.31342e+52 1.31344e+52 1.31358e+52 1.31358e+52 2.66119e+50 0 7.19538e+46 1.35184e+47 4.64348e+42 0 0 1
1.65482e-05 1.04798e+52 1.04798e+52 1.048e+52 1.04809e+52 1.04809e+52 2.12155e+50 0 8.30908e+46 1.17065e+47 4.64348e+42 0 0 1
1.91095e-05 8.34399e+51 8.34399e+51 8.34407e+51 8.34473e+51 8.34473e+51 1.68717e+50 0 9.59516e+46 1.01375e+47 4.64348e+42 0 0 1
2.20673e-05 6.62986e+51 6.62986e+51 6.62991e+51 6.63036e+51 6.63036e+51 1.33853e+50 0 1.10803e+47 8.77871e+46 4.64348e+42 0 0 1
2.5483e-05 5.2577e+51 5.2577e+51 5.25773e+51 5.25804e+51 5.25804e+51 1.0595e+50 0 1.27953e+47 7.60206e+46 4.64348e+42 0 0 1
2.94273e-05 4.16195e+51 4.16195e+51 4.16197e+51 4.16218e+51 4.16218e+51 8.36794e+49 0 1.47758e+47 6.58312e+46 4.64348e+42 0 0 1
3.39821e-05 3.28898e+51 3.28898e+51 3.28898e+51 3.28913e+51 3.28913e+51 6.59525e+49 0 1.70627e+47 5.70076e+46 4.64348e+42 0 0 1
3.92419e-05 2.59499e+51 2.59499e+51 2.595e+51 2.5951e+51 2.5951e+51 5.18784e+49 0 1.97037e+47 4.93665e+46 4.64348e+42 0 0 1
4.53158e-05 2.04444e+51 2.04444e+51 2.04445e+51 2.04452e+51 2.04452e+51 4.0732e+49 0 2.27534e+47 4.27497e+46 4.64348e+42 0 0 1
5.23299e-05 1.60852e+51 1.60852e+51 1.60852e+51 1.60856e+51 1.60856e+51 3.19248e+49 0 2.62751e+47 3.70197e+46 4.64348e+42 0 0 1
6.04296e-05 1.26396e+51 1.26396e+51 1.26396e+51 1.264e+51 1.264e+51 2.49812e+49 0 3.03418e+47 3.20578e+46 4.64348e+42 0 0 1
6.97831e-05 9.9208e+50 9.9208e+50 9.92081e+50 9.92103e+50 9.92103e+50 1.95182e+49 0 3.5038e+47 2.77609e+46 4.64348e+42 0 0 1
8.05842e-05 7.77868e+50 7.77868e+50 7.77869e+50 7.77883e+50 7.77883e+50 1.52284e+49 0 4.0461e+47 2.40399e+46 4.64348e+42 0 0 1
9.30572e-05 6.0933e+50 6.0933e+50 6.09331e+50 6.0934e+50 6.0934e+50 1.18658e+49 0 4.67233e+47 2.08177e+46 4.64348e+42 0 0 1
0.000107461 4.76899e+50 4.76899e+50 4.76899e+50 4.76906e+50 4.76906e+50 9.23461e+48 0 5.39548e+47 1.80274e+46 4.64348e+42 0 0 1
0.000124094 3.72961e+50 3.72961e+50 3.72961e+50 3.72966e+50 3.72966e+50 7.17882e+48 0 6.23054e+47 1.56111e+46 4.64348e+42 0 0 1
0.000143301 2.91474e+50 2.91474e+50 2.91474e+50 2.91478e+50 2.91478e+50 5.57494e+48 0 7.19484e+47 1.35187e+46 4.64348e+42 0 0 1
0.000165482 2.27651e+50 2.27651e+50 2.27651e+50 2.27653e+50 2.27653e+50 4.32529e+48 0 8.30836e+47 1.17067e+46 4.64348e+42 0 0 1
0.000191095 1.77706e+50 1.77706e+50 1.77706e+50 1.77707e+50 1.77707e+50 3.35283e+48 0 9.5942e+47 1.01376e+46 4.64348e+42 0 0 1
0.000220673 1.38652e+50 1.38652e+50 1.38652e+50 1.38653e+50 1.38653e+50 2.59692e+48 0 1.1079e+48 8.77877e+45 4.64348e+42 0 0 1
0.00025483 1.08136e+50 1.08136e+50 1.08136e+50 1.08137e+50 1.08137e+50 2.00994e+48 0 1.27936e+48 7.6021e+45 4.64348e+42 0 0 1
0.000294273 8.43064e+49 8.43064e+49 8.43064e+49 8.43068e+49 8.43068e+49 1.55459e+48 0 1.47735e+48 6.58315e+45 4.64348e+42 0 0 1
0.000339821 6.57074e+49 6.57074e+49 6.57074e+49 6.57077e+49 6.57077e+49 1.20164e+48 0 1.70597e+48 5.70077e+45 4.64348e+42 0 0 1
0.000392419 5.11978e+49 5.11978e+49 5.11978e+49 5.1198e+49 5.1198e+49 9.28288e+47 0 1.96996e+48 4.93666e+45 4.64348e+42 0 0 1
0.000453158 3.9883e+49 3.9883e+49 3.9883e+49 3.98831e+49 3.98831e+49 7.16739e+47 0 2.2748e+48 4.27498e+45 4.64348e+42 0 0 1
0.000523299 3.10624e+49 3.10624e+49 3.10624e+49 3.10625e+49 3.10625e+49 5.53131e+47 0 2.62679e+48 3.70198e+45 4.64348e+42 0 0 1
0.000604296 2.41882e+49 2.41882e+49 2.41882e+49 2.41882e+49 2.41882e+49 4.26677e+47 0 3.03323e+48 3.20578e+45 4.64348e+42 0 0 1
0.000697831 1.88321e+49 1.88321e+49 1.88321e+49 1.88321e+49 1.88321e+49 3.28997e+47 0 3.50252e+48 2.77609e+45 4.64348e+42 0 0 1
0.000805842 1.46597e+49 1.46597e+49 1.46597e+49 1.46597e+49 1.46597e+49 2.53584e+47 0 4.0444e+48 2.404e+45 4.64348e+42 0 0 1
0.000930572 1.141e+49 1.141e+49 1.141e+49 1.141e+49 1.141e+49 1.9539e+47 0 4.67006e+48 2.08177e+45 4.64348e+42 0 0 1
0.00107461 8.87923e+48 8.87923e+48 8.87923e+48 8.87924e+48 8.87924e+48 1.50503e+47 0 5.39245e+48 1.80274e+45 4.64348e+42 0 0 1
0.00124094 6.9087e+48 6.9087e+48 6.9087e+48 6.90871e+48 6.90871e+48 1.15895e+47 0 6.2265e+48 1.56111e+45 4.64348e+42 0 0 1
0.00143301 5.37458e+48 5.37458e+48 5.37458e+48 5.37459e+48 5.37459e+48 8.9222e+46 0 7.18945e+48 1.35187e+45 4.64348e+42 0 0 1
0.00165482 4.18037e+48 4.18037e+48 4.18037e+48 4.18037e+48 4.18037e+48 6.86709e+46 0 8.30118e+48 1.17067e+45 4.64348e+42 0 0 1
0.00191095 3.2509e+48 3.2509e+48 3.2509e+48 3.2509e+48 3.2509e+48 5.28412e+46 0 9.58463e+48 1.01376e+45 4.64348e+42 0 0 1
0.00220673 2.52759e+48 2.52759e+48 2.52759e+48 2.52759e+48 2.52759e+48 4.06514e+46 0 1.10663e+49 8.77877e+44 4.64348e+42 0 0 1
0.0025483 1.96482e+48 1.96482e+48 1.96482e+48 1.96482e+48 1.96482e+48 3.12666e+46 0 1.27766e+49 7.6021e+44 4.64348e+42 0 0 1
0.00294273 1.52703e+48 1.52703e+48 1.52703e+48 1.52704e+48 1.52704e+48 2.40428e+46 0 1.47508e+49 6.58315e+44 4.64348e+42 0 0 1
0.00339821 1.18656e+48 1.18656e+48 1.18656e+48 1.18656e+48 1.18656e+48 1.84836e+46 0 1.70294e+49 5.70077e+44 4.64348e+42 0 0 1
0.00392419 9.21819e+47 9.21819e+47 9.21819e+47 9.2182e+47 9.2182e+47 1.42062e+46 0 1.96593e+49 4.93666e+44 4.64348e+42 0 0 1
0.00453158 7.16018e+47 7.16018e+47 7.16018e+47 7.16018e+47 7.16018e+47 1.09157e+46 0 2.26942e+49 4.27497e+44 4.64348e+42 0 0 1
0.00523299 5.56072e+47 5.56072e+47 5.56072e+47 5.56072e+47 5.56072e+47 8.38511e+45 0 2.61962e+49 3.70198e+44 4.64348e+42 0 0 1
0.00604296 4.31794e+47 4.31794e+47 4.31794e+47 4.31794e+47 4.31794e+47 6.43929e+45 0 3.02366e+49 3.20578e+44 4.64348e+42 0 0 1
0.00697831 3.35251e+47 3.35251e+47 3.35251e+47 3.35251e+47 3.35251e+47 4.94354e+45 0 3.48978e+49 2.77609e+44 4.64348e+42 0 0 1
0.00805842 2.60269e+47 2.60269e+47 2.60269e+47 2.60269e+47 2.60269e+47 3.79411e+45 0 4.0274e+49 2.40399e+44 4.64348e+42 0 0 1
0.00930572 2.02045e+47 2.02045e+47 2.02045e+47 2.02045e+47 2.02045e+47 2.91109e+45 0 4.6474e+49 2.08177e+44 4.64348e+42 0 0 1
0.0107461 1.56841e+47 1.56841e+47 1.56841e+47 1.56841e+47 1.56841e+47 2.23298e+45 0 5.36224e+49 1.80274e+44 4.64348e+42 0 0 1
0.0124094 1.2175e+47 1.2175e+47 1.2175e+47 1.2175e+47 1.2175e+47 1.71242e+45 0 6.18623e+49 1.56111e+44 4.64348e+42 0 0 1
0.0143301 9.45121e+46 9.45121e+46 9.45121e+46 9.45121e+46 9.45121e+46 1.31294e+45 0 7.13577e+49 1.35187e+44 4.64348e+42 0 0 1
0.0165482 7.33711e+46 7.33711e+46 7.33711e+46 7.33711e+46 7.33711e+46 1.00651e+45 0 8.22963e+49 1.17067e+44 4.64348e+42 0 0 1
0.0191095 5.69627e+46 5.69627e+46 5.69627e+46 5.69627e+46 5.69627e+46 7.71538e+44 0 9.48927e+49 1.01376e+44 4.64348e+42 0 0 1
0.0220673 4.42274e+46 4.42274e+46 4.42274e+46 4.42274e+46 4.42274e+46 5.91414e+44 0 1.09392e+50 8.77876e+43 4.64348e+42 0 0 1
0.025483 3.43427e+46 3.43427e+46 3.43427e+46 3.43427e+46 3.43427e+46 4.53377e+44 0 1.26072e+50 7.6021e+43 4.64348e+42 0 0 1
0.0294273 2.66701e+46 2.66701e+46 2.66701e+46 2.66701e+46 2.66701e+46 3.47618e+44 0 1.45252e+50 6.58314e+43 4.64348e+42 0 0 1
0.0339821 2.0714e+46 2.0714e+46 2.0714e+46 2.0714e+46 2.0714e+46 2.66603e+44 0 1.67288e+50 5.70077e+43 4.64348e+42 0 0 1
0.0392419 1.60899e+46 1.60899e+46 1.60899e+46 1.60899e+46 1.60899e+46 2.04547e+44 0 1.92589e+50 4.93666e+43 4.64348e+42 0 0 1
0.0453158 1.24996e+46 1.24996e+46 1.24996e+46 1.24996e+46 1.24996e+46 1.57012e+44 0 2.21609e+50 4.27497e+43 4.64348e+42 0 0 1
0.0523299 9.71161e+45 9.71161e+45 9.71161e+45 9.71161e+45 9.71161e+45 1.20598e+44 0 2.54861e+50 3.70197e+43 4.64348e+42 0 0 1
0.0604296 7.54629e+45 7.54629e+45 7.54629e+45 7.54629e+45 7.54629e+45 9.26944e+43 0 2.92914e+50 3.20577e+43 4.64348e+42 0 0 1
0.0697831 5.86437e+45 5.86437e+45 5.86437e+45 5.86437e+45 5.86437e+45 7.13057e+43 0 3.36398e+50 2.77609e+43 4.64348e+42 0 0 1
0.0805842 4.55775e+45 4.55775e+45 4.55775e+45 4.55775e+45 4.55775e+45 5.49029e+43 0 3.86005e+50 2.40399e+43 4.64348e+42 0 0 1
0.0930572 3.54256e+45 3.54256e+45 3.54256e+45 3.54256e+45 3.54256e+45 4.23161e+43 0 4.42483e+50 2.08177e+43 4.64348e+42 0 0 1
0.107461 2.7537e+45 2.7537e+45 2.7537e+45 2.7537e+45 2.7537e+45 3.26506e+43 0 5.06637e+50 1.80274e+43 4.64348e+42 0 0 1
0.124094 2.14063e+45 2.14063e+45 2.14063e+45 2.14063e+45 2.14063e+45 2.52223e+43 0 5.79311e+50 1.56111e+43 4.64348e+42 0 0 1
0.143301 1.66413e+45 1.66413e+45 1.66413e+45 1.66413e+45 1.66413e+45 1.95079e+43 0 6.61373e+50 1.35186e+43 4.64348e+42 0 0 1
0.165482 1.29374e+45 1.29374e+45 1.29374e+45 1.29374e+45 1.29374e+45 1.51076e+43 0 7.53686e+50 1.17066e+43 4.64348e+42 0 0 1
0.191095 1.0058e+45 1.0058e+45 1.0058e+45 1.0058e+45 1.0058e+45 1.17151e+43 0 8.57065e+50 1.01375e+43 4.64348e+42 0 0 1
0.220673 7.81948e+44 7.81948e+44 7.81948e+44 7.81948e+44 7.81948e+44 9.09663e+42 0 9.72219e+50 8.77873e+42 4.64348e+42 0 0 1
0.25483 6.07901e+44 6.07901e+44 6.07901e+44 6.07901e+44 6.07901e+44 7.07289e+42 0 1.09967e+51 7.60206e+42 4.64348e+42 0 0 1
0.294273 4.72575e+44 4.72575e+44 4.72575e+44 4.72575e+44 4.72575e+44 5.50674e+42 0 1.23964e+51 6.58311e+42 4.64348e+42 0 0 1
0.339821 3.67353e+44 3.67353e+44 3.67353e+44 3.67353e+44 3.67353e+44 4.29305e+42 0 1.39192e+51 5.70073e+42 4.64348e+42 0 0 1
0.392419 2.85538e+44 2.85538e+44 2.85538e+44 2.85538e+44 2.85538e+44 3.35117e+42 0 1.5557e+51 4.93662e+42 4.64348e+42 0 0 1
0.453158 2.21923e+44 2.21923e+44 2.21923e+44 2.21923e+44 2.21923e+44 2.61919e+42 0 1.72931e+51 4.27493e+42 4.64348e+42 0 0 1
0.523299 1.72461e+44 1.72461e+44 1.72461e+44 1.72461e+44 1.72461e+44 2.04953e+42 0 1.91003e+51 3.70193e+42 4.64348e+42 0 0 1
0.604296 1.34005e+44 1.34005e+44 1.34005e+44 1.34005e+44 1.34005e+44 1.60557e+42 0 2.09372e+51 3.20574e+42 4.64348e+42 0 0 1
0.697831 1.04107e+44 1.04107e+44 1.04107e+44 1.04107e+44 1.04107e+44 1.25909e+42 0 2.27462e+51 2.77605e+42 4.64348e+42 0 0 1
0.805842 8.08649e+43 8.08649e+43 8.08649e+43 8.08649e+43 8.08649e+43 9.88315e+41 0 2.44503e+51 2.40395e+42 4.64348e+42 0 0 1
0.930572 6.27984e+43 6.27984e+43 6.27984e+43 6.27984e+43 6.27984e+43 7.76435e+41 0 2.59515e+51 2.08173e+42 4.64348e+42 0 0 1
1.07461 4.87567e+43 4.87567e+43 4.87567e+43 4.87567e+43 4.87567e+43 6.10432e+41 0 2.71322e+51 1.8027e+42 4.64348e+42 0 0 1
1.24094 3.78444e+43 3.78444e+43 3.78444e+43 3.78444e+43 3.78444e+43 4.80223e+41 0 2.78585e+51 1.56107e+42 4.64348e+42 0 0 1
1.43301 2.93655e+43 2.93655e+43 2.93655e+43 2.93655e+43 2.93655e+43 3.77979e+41 0 2.7991e+51 1.35182e+42 4.64348e+42 0 0 1
1.65482 2.27783e+43 2.27783e+43 2.27783e+43 2.27783e+43 2.27783e+43 2.97615e+41 0 2.74012e+51 1.17063e+42 4.64348e+42 0 0 1
1.91095 1.76618e+43 1.76618e+43 1.76618e+43 1.76618e+43 1.76618e+43 2.34395e+41 0 2.59967e+51 1.01371e+42 4.64348e+42 0 0 1
2.20673 1.36886e+43 1.36886e+43 1.36886e+43 1.36886e+43 1.36886e+43 1.84624e+41 0 2.37522e+51 8.77835e+41 4.64348e+42 0 0 1
2.5483 1.0604e+43 1.0604e+43 1.0604e+43 1.0604e+43 1.0604e+43 1.45417e+41 0 2.07409e+51 7.60168e+41 4.64348e+42 0 0 1
2.94273 8.20997e+42 8.20997e+42 8.20997e+42 8.20997e+42 8.20997e+42 1.14517e+41 0 1.71549e+51 6.58273e+41 4.64348e+42 0 0 1
3.39821 6.35258e+42 6.35258e+42 6.35258e+42 6.35258e+42 6.35258e+42 9.01555e+40 0 1.32989e+51 5.70035e+41 4.64348e+42 0 0 1
3.92419 4.91211e+42 4.91211e+42 4.91211e+42 4.91211e+42 4.91211e+42 7.09456e+40 0 9.54617e+50 4.93625e+41 4.64348e+42 0 0 1
4.53158 3.79548e+42 3.79548e+42 3.79548e+42 3.79548e+42 3.79548e+42 5.57974e+40 0 6.25728e+50 4.27456e+41 4.64348e+42 0 0 1
5.23299 2.93034e+42 2.93034e+42 2.93034e+42 2.93034e+42 2.93034e+42 4.38537e+40 0 3.68663e+50 3.70156e+41 4.64348e+42 0 0 1
6.04296 2.26043e+42 2.26043e+42 2.26043e+42 2.26043e+42 2.26043e+42 3.4439e+40 0 1.91784e+50 3.20536e+41 4.64348e+42 0 0 1
6.97831 1.74205e+42 1.74205e+42 1.74205e+42 1.74205e+42 1.74205e+42 2.7021e+40 0 8.633e+49 2.77567e+41 4.64348e+42 0 0 1
8.05842 1.34122e+42 1.34122e+42 1.34122e+42 1.34122e+42 1.34122e+42 2.11796e+40 0 3.28635e+49 2.40358e+41 4.64348e+42 0 0 1
9.30572 1.03152e+42 1.03152e+42 1.03152e+42 1.03152e+42 1.03152e+42 1.65829e+40 0 1.03057e+49 2.08135e+41 4.64348e+42 0 0 1
10.7461 7.92445e+41 7.92445e+41 7.92445e+41 7.92445e+41 7.92445e+41 1.29686e+40 0 2.58322e+48 1.80232e+41 4.64348e+42 0 0 1
12.4094 6.08071e+41 6.08071e+41 6.08071e+41 6.08071e+41 6.08071e+41 1.01295e+40 0 4.99915e+47 1.56069e+41 4.64348e+42 0 0 1
14.3301 4.66026e+41 4.66026e+41 4.66026e+41 4.66026e+41 4.66026e+41 7.90159e+39 0 7.17602e+46 1.35145e+41 4.64348e+42 0 0 1
16.5482 3.56711e+41 3.56711e+41 3.56711e+41 3.56711e+41 3.56711e+41 6.15535e+39 0 7.29525e+45 1.17025e+41 4.64348e+42 0 0 1
19.1095 2.72681e+41 2.72681e+41 2.72681e+41 2.72681e+41 2.72681e+41 4.7883e+39 0 4.97938e+44 1.01334e+41 4.64348e+42 0 0 1
22.0673 2.08167e+41 2.08167e+41 2.08167e+41 2.08167e+41 2.08167e+41 3.71947e+39 0 2.1454e+43 8.77458e+40 4.64348e+42 0 0 1
25.483 1.58699e+41 1.58699e+41 1.58699e+41 1.58699e+41 1.58699e+41 2.88495e+39 0 5.43389e+41 7.59791e+40 4.64348e+42 0 0 1
29.4273 1.20818e+41 1.20818e+41 1.20818e+41 1.20818e+41 1.20818e+41 2.23427e+39 0 7.45201e+39 6.57896e+40 4.64348e+42 0 0 1
33.9821 9.18489e+40 9.18489e+40 9.18489e+40 9.18489e+40 9.18489e+40 1.72769e+39 0 5.03216e+37 5.69658e+40 4.64348e+42 0 0 1
39.2419 6.97264e+40 6.97264e+40 6.97264e+40 6.97264e+40 6.97264e+40 1.33387e+39 0 1.49945e+35 4.93247e+40 4.64348e+42 0 0 1
45.3158 5.28563e+40 5.28563e+40 5.28563e+40 5.28563e+40 5.28563e+40 1.02818e+39 0 1.73703e+32 4.27078e+40 4.64348e+42 0 0 1
52.3299 4.00102e+40 4.00102e+40 4.00102e+40 4.00102e+40 4.00102e+40 7.9128e+38 0 6.75891e+28 3.69779e+40 4.64348e+42 0 0 1
60.4296 3.02425e+40 3.02425e+40 3.02425e+40 3.02425e+40 3.02425e+40 6.07971e+38 0 7.46109e+24 3.20159e+40 4.64348e+42 0 0 1
69.7831 2.28266e+40 2.28266e+40 2.28266e+40 2.28266e+40 2.28266e+40 4.6636e+38 0 1.92264e+20 2.7719e+40 4.64348e+42 0 0 1
80.5842 1.72046e+40 1.72046e+40 1.72046e+40 1.72046e+40 1.72046e+40 3.57141e+38 0 9.23344e+14 2.39981e+40 4.64348e+42 0 0 1
93.0572 1.29489e+40 1.29489e+40 1.29489e+40 1.29489e+40 1.29489e+40 2.73044e+38 0 6.37191e+08 2.07759e+40 4.64348e+42 0 0 1
107.461 9.73219e+39 9.73219e+39 9.73219e+39 9.73219e+39 9.73219e+39 2.08398e+38 0 46.7952 1.79855e+40 4.64348e+42 0 0 1
124.094 7.30445e+39 7.30445e+39 7.30445e+39 7.30445e+39 7.30445e+39 1.58789e+38 0 2.58559e-07 1.55692e+40 4.64348e+42 0 0 1
143.301 5.47486e+39 5.47486e+39 5.47486e+39 5.47486e+39 5.47486e+39 1.20783e+38 0 7.20173e-17 1.34768e+40 4.64348e+42 0 0 1
165.482 4.09804e+39 4.09804e+39 4.09804e+39 4.09804e+39 4.09804e+39 9.17177e+37 0 6.36803e-28 1.16648e+40 4.64348e+42 0 0 1
191.095 3.06343e+39 3.06343e+39 3.06343e+39 3.06343e+39 3.06343e+39 6.95275e+37 0 1.04798e-40 1.00957e+40 4.64348e+42 0 0 1
220.673 2.28707e+39 2.28707e+39 2.28707e+39 2.28707e+39 2.28707e+39 5.26158e+37 0 1.73251e-55 8.73694e+39 4.64348e+42 0 0 1
254.83 1.70531e+39 1.70531e+39 1.70531e+39 1.70531e+39 1.70531e+39 3.97497e+37 0 1.4116e-72 7.56028e+39 4.64348e+42 0 0 1
294.273 1.26997e+39 1.26997e+39 1.26997e+39 1.26997e+39 1.26997e+39 2.99786e+37 0 2.49079e-92 6.54135e+39 4.64348e+42 0 0 1
339.821 9.44637e+38 9.44637e+38 9.44637e+38 9.44637e+38 9.44637e+38 2.25712e+37 0 3.68254e-115 5.65899e+39 4.64348e+42 0 0 1
392.419 7.01828e+38 7.01828e+38 7.01828e+38 7.01828e+38 7.01828e+38 1.69655e+37 0 1.52373e-141 4.89491e+39 4.64348e+42 0 0 1
453.158 5.20841e+38 5.20841e+38 5.20841e+38 5.20841e+38 5.20841e+38 1.27308e+37 0 4.97361e-172 4.23325e+39 4.64348e+42 0 0 1
523.299 3.86103e+38 3.86103e+38 3.86103e+38 3.86103e+38 3.86103e+38 9.5375e+36 0 2.96734e-207 3.66028e+39 4.64348e+42 0 0 1
604.296 2.85918e+38 2.85918e+38 2.85918e+38 2.85918e+38 2.85918e+38 7.13365e+36 0 5.97897e-248 3.16412e+39 4.64348e+42 0 0 1
697.831 2.1151e+38 2.1151e+38 2.1151e+38 2.1151e+38 2.1151e+38 5.32723e+36 0 0 2.73447e+39 4.64348e+42 0 0 1
805.842 1.56311e+38 1.56311e+38 1.56311e+38 1.56311e+38 1.56311e+38 3.97209e+36 0 0 2.36243e+39 4.64348e+42 0 0 1
930.572 1.15408e+38 1.15408e+38 1.15408e+38 1.15408e+38 1.15408e+38 2.95721e+36 0 0 2.04026e+39 4.64348e+42 0 0 1
1074.61 8.5129e+37 8.5129e+37 8.5129e+37 8.5129e+37 8.5129e+37 2.19843e+36 0 0 1.76129e+39 4.64348e+42 0 0 1
1240.94 6.27388e+37 6.27388e+37 6.27388e+37 6.27388e+37 6.27388e+37 1.63204e+36 0 0 1.51974e+39 4.64348e+42 0 0 1
1433.01 4.61983e+37 4.61983e+37 4.61983e+37 4.61983e+37 4.61983e+37 1.20995e+36 0 0 1.31058e+39 4.64348e+42 0 0 1
1654.82 3.39908e+37 3.39908e+37 3.39908e+37 3.39908e+37 3.39908e+37 8.95869e+35 0 0 1.12948e+39 4.64348e+42 0 0 1
1910.95 2.49895e+37 2.49895e+37 2.49895e+37 2.49895e+37 2.49895e+37 6.62515e+35 0 0 9.72681e+38 4.64348e+42 0 0 1
2206.73 1.83582e+37 1.83582e+37 1.83582e+37 1.83582e+37 1.83582e+37 4.89388e+35 0 0 8.36931e+38 4.64348e+42 0 0 1
2548.3 1.3477e+37 1.3477e+37 1.3477e+37 1.3477e+37 1.3477e+37 3.61122e+35 0 0 7.19414e+38 4.64348e+42 0 0 1
2942.73 9.88708e+36 9.88708e+36 9.88708e+36 9.88708e+36 9.88708e+36 2.66218e+35 0 0 6.17691e+38 4.64348e+42 0 0 1
3398.21 7.24882e+36 7.24882e+36 7.24882e+36 7.24882e+36 7.24882e+36 1.96086e+35 0 0 5.29651e+38 4.64348e+42 0 0 1
3924.19 5.31142e+36 5.31142e+36 5.31142e+36 5.31142e+36 5.31142e+36 1.4432e+35 0 0 4.53467e+38 4.64348e+42 0 0 1
4531.58 3.8897e+36 3.8897e+36 3.8897e+36 3.8897e+36 3.8897e+36 1.06153e+35 0 0 3.87557e+38 4.64348e+42 0 0 1
5232.99 2.84711e+36 2.84711e+36 2.84711e+36 2.84711e+36 2.84711e+36 7.80391e+34 0 0 3.30554e+38 4.64348e+42 0 0 1
6042.96 2.08302e+36 2.08302e+36 2.08302e+36 2.08302e+36 2.08302e+36 5.73497e+34 0 0 2.81273e+38 4.64348e+42 0 0 1
6978.31 1.52338e+36 1.52338e+36 1.52338e+36 1.52338e+36 1.52338e+36 4.21356e+34 0 0 2.38691e+38 4.64348e+42 0 0 1
8058.42 1.11371e+36 1.11371e+36 1.11371e+36 1.11371e+36 1.11371e+36 3.09553e+34 0 0 2.01922e+38 4.64348e+42 0 0 1
9305.72 8.13973e+35 8.13973e+35 8.13974e+35 8.13974e+35 8.13974e+35 2.27436e+34 0 0 1.70199e+38 4.64348e+42 0 0 1
10746.1 5.94774e+35 5.94774e+35 5.94775e+35 5.94775e+35 5.94775e+35 1.67147e+34 0 0 1.42863e+38 4.64348e+42 0 0 1
12409.4 4.3454e+35 4.3454e+35 4.3454e+35 4.3454e+35 4.3454e+35 1.22895e+34 0 0 1.19339e+38 4.64348e+42 0 0 1
14330.1 3.1745e+35 3.1745e+35 3.17451e+35 3.17451e+35 3.17451e+35 9.04166e+33 0 0 9.91352e+37 4.64348e+42 0 0 1
16548.2 2.31913e+35 2.31913e+35 2.31914e+35 2.31914e+35 2.31914e+35 6.65774e+33 0 0 8.18235e+37 4.64348e+42 0 0 1
19109.5 1.69441e+35 1.69441e+35 1.69441e+35 1.69441e+35 1.69441e+35 4.90745e+33 0 0 6.70349e+37 4.64348e+42 0 0 1
22067.3 1.2382e+35 1.2382e+35 1.2382e+35 1.2382e+35 1.2382e+35 3.62177e+33 0 0 5.44499e+37 4.64348e+42 0 0 1
25483 9.05084e+34 9.05084e+34 9.05086e+34 9.05086e+34 9.05086e+34 2.67672e+33 0 0 4.37914e+37 4.64348e+42 0 0 1
29427.3 6.61842e+34 6.61842e+34 6.61844e+34 6.61844e+34 6.61844e+34 1.98144e+33 0 0 3.48187e+37 4.64348e+42 0 0 1
33982.1 4.8421e+34 4.8421e+34 4.84211e+34 4.84211e+34 4.84211e+34 1.46935e+33 0 0 2.7321e+37 4.64348e+42 0 0 1
39241.9 3.54464e+34 3.54464e+34 3.54465e+34 3.54465e+34 3.54465e+34 1.09168e+33 0 0 2.11132e+37 4.64348e+42 0 0 1
45315.8 2.59666e+34 2.59666e+34 2.59667e+34 2.59667e+34 2.59667e+34 8.12722e+32 0 0 1.60309e+37 4.64348e+42 0 0 1
52329.9 1.90374e+34 1.90374e+34 1.90375e+34 1.90375e+34 1.90375e+34 6.06318e+32 0 0 1.19268e+37 4.64348e+42 0 0 1
60429.6 1.39698e+34 1.39698e+34 1.39698e+34 1.39698e+34 1.39698e+34 4.53305e+32 0 0 8.66733e+36 4.64348e+42 0 0 1
69783.1 1.02612e+34 1.02612e+34 1.02613e+34 1.02613e+34 1.02613e+34 3.39637e+32 0 0 6.13002e+36 4.64348e+42 0 0 1
80584.2 7.54522e+33 7.54522e+33 7.54526e+33 7.54526e+33 7.54526e+33 2.55013e+32 0 0 4.20175e+36 4.64348e+42 0 0 1
93057.2 5.55442e+33 5.55442e+33 5.55445e+33 5.55445e+33 5.55445e+33 1.91868e+32 0 0 2.77768e+36 4.64348e+42 0 0 1
107461 4.0938e+33 4.0938e+33 4.09383e+33 4.09383e+33 4.09383e+33 1.44641e+32 0 0 1.76111e+36 4.64348e+42 0 0 1
124094 3.02106e+33 3.02106e+33 3.02108e+33 3.02108e+33 3.02108e+33 1.0924e+32 0 0 1.06398e+36 4.64348e+42 0 0 1
143301 2.2323e+33 2.2323e+33 2.23232e+33 2.23232e+33 2.23232e+33 8.26436e+31 0 0 6.0797e+35 4.64348e+42 0 0 1
165482 1.65167e+33 1.65167e+33 1.65168e+33 1.65168e+33 1.65168e+33 6.26191e+31 0 0 3.25749e+35 4.64348e+42 0 0 1
191095 1.22372e+33 1.22372e+33 1.22373e+33 1.22373e+33 1.22373e+33 4.75124e+31 0 0 1.62037e+35 4.64348e+42 0 0 1
220673 9.07904e+32 9.07904e+32 9.07911e+32 9.07911e+32 9.07911e+32 3.60945e+31 0 0 7.39734e+34 4.64348e+42 0 0 1
254830 6.74534e+32 6.74534e+32 6.74539e+32 6.74539e+32 6.74539e+32 2.74502e+31 0 0 3.05846e+34 4.64348e+42 0 0 1
294273 5.01861e+32 5.01861e+32 5.01865e+32 5.01865e+32 5.01865e+32 2.08959e+31 0 0 1.12781e+34 4.64348e+42 0 0 1
339821 3.7393e+32 3.7393e+32 3.73933e+32 3.73933e+32 3.73933e+32 1.59197e+31 0 0 3.64399e+33 4.64348e+42 0 0 1
392419 2.7902e+32 2.7902e+32 2.79022e+32 2.79022e+32 2.79022e+32 1.21374e+31 0 0 1.01076e+33 4.64348e+42 0 0 1
453158 2.0851e+32 2.0851e+32 2.08512e+32 2.08512e+32 2.08512e+32 9.25961e+30 0 0 2.35068e+32 4.64348e+42 0 0 1
523299 1.56055e+32 1.56055e+32 1.56056e+32 1.56056e+32 1.56056e+32 7.06812e+30 3.29559e+29 0 4.46029e+31 4.64348e+42 0 0 1
604296 1.16976e+32 1.16976e+32 1.16977e+32 1.16977e+32 1.16977e+32 5.39799e+30 3.30981e+29 0 6.69085e+30 4.64348e+42 0 0 1
697831 8.78193e+31 8.78193e+31 8.782e+31 8.782e+31 8.782e+31 4.12434e+30 3.32404e+29 0 7.65157e+29 4.64348e+42 0 0 1
805842 6.60336e+31 6.60336e+31 6.60341e+31 6.60341e+31 6.60341e+31 3.15249e+30 3.33827e+29 0 6.39633e+28 4.64348e+42 0 0 1
930572 4.9731e+31 4.9731e+31 4.97314e+31 4.97314e+31 4.97314e+31 2.41053e+30 3.3525e+29 0 3.72356e+27 4.64348e+42 0 0 1
1.07461e+06 3.75129e+31 3.75129e+31 3.75131e+31 3.75131e+31 3.75131e+31 1.84383e+30 3.36887e+29 0 1.42728e+26 4.64348e+42 0 0 1
1.24094e+06 2.83417e+31 2.83417e+31 2.83419e+31 2.83419e+31 2.83419e+31 1.41082e+30 3.37334e+29 0 3.37668e+24 4.64348e+42 0 0 1
1.43301e+06 2.1447e+31 2.1447e+31 2.14472e+31 2.14472e+31 2.14472e+31 1.07984e+30 3.37905e+29 0 4.57581e+22 4.64348e+42 0 0 1
1.65482e+06 1.62555e+31 1.62555e+31 1.62556e+31 1.62556e+31 1.62556e+31 8.26761e+29 3.38642e+29 0 3.25825e+20 4.64348e+42 0 0 1
1.91095e+06 1.23401e+31 1.23401e+31 1.23402e+31 1.23402e+31 1.23402e+31 6.33186e+29 3.39665e+29 0 1.10352e+18 4.64348e+42 0 0 1
2.20673e+06 9.38265e+30 9.38265e+30 9.38271e+30 9.38271e+30 9.38271e+30 4.8508e+29 3.40993e+29 0 1.58457e+15 4.64348e+42 0 0 1
2.5483e+06 7.1451e+30 7.1451e+30 7.14514e+30 7.14514e+30 7.14514e+30 3.71729e+29 3.42736e+29 0 8.44672e+11 4.64348e+42 0 0 1
2.94273e+06 5.44957e+30 5.44957e+30 5.4496e+30 5.4496e+30 5.4496e+30 2.84954e+29 3.45025e+29 0 1.43385e+08 4.64348e+42 0 0 1
3.39821e+06 4.16277e+30 4.16277e+30 4.16279e+30 4.16279e+30 4.16279e+30 2.18513e+29 3.48217e+29 0 6492.85 4.64348e+42 0 0 1
3.92419e+06 3.18465e+30 3.18465e+30 3.18467e+30 3.18467e+30 3.18467e+30 1.67633e+29 3.5236e+29 0 0.0639232 4.64348e+42 0 0 1
4.53158e+06 2.44004e+30 2.44004e+30 2.44005e+30 2.44005e+30 2.44005e+30 1.28668e+29 3.57703e+29 0 1.08043e-07 4.64348e+42 0 0 1
5.23299e+06 1.87237e+30 1.87237e+30 1.87238e+30 1.87238e+30 1.87238e+30 9.88351e+28 3.64458e+29 0 2.3867e-14 4.64348e+42 0 0 1
6.04296e+06 1.43902e+30 1.43902e+30 1.43902e+30 1.43902e+30 1.43902e+30 7.60123e+28 3.73416e+29 0 5.0289e-22 4.64348e+42 0 0 1
6.97831e+06 1.10778e+30 1.10778e+30 1.10778e+30 1.10778e+30 1.10778e+30 5.85679e+28 3.83977e+29 0 7.02533e-31 4.64348e+42 0 0 1
8.05842e+06 8.54356e+29 8.54356e+29 8.54359e+29 8.54359e+29 8.54359e+29 4.5264e+28 3.96455e+29 0 4.27533e-41 4.64348e+42 0 0 1
9.30572e+06 6.60371e+29 6.60371e+29 6.60373e+29 6.60373e+29 6.60373e+29 3.51593e+28 4.10591e+29 0 6.97816e-53 4.64348e+42 0 0 1
1.07461e+07 5.11951e+29 5.11951e+29 5.11952e+29 5.11952e+29 5.11952e+29 2.75468e+28 4.27527e+29 0 1.74476e-66 4.64348e+42 0 0 1
1.24094e+07 3.98417e+29 3.98417e+29 3.98418e+29 3.98418e+29 3.98418e+29 2.18539e+28 4.44168e+29 0 3.49991e-82 4.64348e+42 0 0 1
1.43301e+07 3.11722e+29 3.11722e+29 3.11723e+29 3.11723e+29 3.11723e+29 1.7659e+28 4.60424e+29 0 2.66892e-100 4.64348e+42 0 0 1
1.65482e+07 2.45714e+29 2.45714e+29 2.45715e+29 2.45715e+29 2.45715e+29 1.46354e+28 4.75517e+29 0 3.26581e-121 4.64348e+42 0 0 1
1.91095e+07 1.95792e+29 1.95792e+29 1.95792e+29 1.95792e+29 1.95792e+29 1.25542e+28 4.88528e+29 0 2.36846e-145 4.64348e+42 0 0 1
2.20673e+07 1.5807e+29 1.5807e+29 1.58071e+29 1.58071e+29 1.58071e+29 1.11558e+28 4.99751e+29 0 3.22294e-173 4.64348e+42 0 0 1
2.5483e+07 1.2985e+29 1.2985e+29 1.2985e+29 1.2985e+29 1.2985e+29 1.03043e+28 5.07626e+29 0 2.18034e-205 4.64348e+42 0 0 1
2.94273e+07 1.08754e+29 1.08754e+29 1.08754e+29 1.08754e+29 1.08754e+29 9.82547e+27 5.07725e+29 0 1.58188e-242 4.64348e+42 0 0 1
3.39821e+07 9.30821e+28 9.30821e+28 9.30823e+28 9.30823e+28 9.30823e+28 9.61462e+27 4.98656e+29 0 0 4.64348e+42 0 0 1
3.92419e+07 8.11962e+28 8.11962e+28 8.11963e+28 8.11963e+28 8.11963e+28 9.51559e+27 4.80175e+29 0 0 4.64348e+42 0 0 1
4.53158e+07 7.22454e+28 7.22454e+28 7.22456e+28 7.22456e+28 7.22456e+28 9.503e+27 4.55533e+29 0 0 4.64348e+42 0 0 1
5.23299e+07 6.53408e+28 6.53408e+28 6.53409e+28 6.53409e+28 6.53409e+28 9.5042e+27 4.2712e+29 0 0 4.64348e+42 0 0 1
6.04296e+07 5.96095e+28 5.96095e+28 5.96096e+28 5.96096e+28 5.96096e+28 9.42071e+27 3.92137e+29 0 0 4.64348e+42 0 0 1
6.97831e+07 5.45219e+28 5.45219e+28 5.4522e+28 5.4522e+28 5.4522e+28 9.20993e+27 3.51366e+29 0 0 4.64348e+42 0 0 1
8.05842e+07 4.98108e+28 4.98108e+28 4.98109e+28 4.98109e+28 4.98109e+28 8.8718e+27 3.05483e+29 0 0 4.64348e+42 0 0 1
9.30572e+07 4.52309e+28 4.52309e+28 4.52309e+28 4.52309e+28 4.52309e+28 8.3976e+27 2.56095e+29 0 0 4.64348e+42 0 0 1
1.07461e+08 4.05772e+28 4.05772e+28 4.05773e+28 4.05773e+28 4.05773e+28 7.77738e+27 2.06001e+29 0 0 4.64348e+42 1.8926 0 1
1.24094e+08 3.61182e+28 3.61182e+28 3.61183e+28 3.61183e+28 3.61183e+28 7.10146e+27 1.63057e+29 0 0 4.64348e+42 1.66268 0 1
1.43301e+08 3.1713e+28 3.1713e+28 3.17131e+28 3.17131e+28 3.17131e+28 6.3599e+27 1.2678e+29 0 0 4.64348e+42 1.46069 0 1
1.65482e+08 2.73632e+28 2.73632e+28 2.73632e+28 2.73632e+28 2.73632e+28 5.57048e+27 9.70052e+28 0 0 4.64348e+42 1.28324 0 1
1.91095e+08 2.29528e+28 2.29528e+28 2.29528e+28 2.29528e+28 2.29528e+28 4.72014e+27 7.23235e+28 0 0 4.64348e+42 1.12735 0 1
2.20673e+08 1.90278e+28 1.90278e+28 1.90279e+28 1.90279e+28 1.90279e+28 3.9446e+27 5.42039e+28 0 0 4.64348e+42 0.990397 0 1
2.5483e+08 1.54997e+28 1.54997e+28 1.54998e+28 1.54998e+28 1.54998e+28 3.23174e+27 4.01666e+28 0 0 4.64348e+42 0.870081 0 1
2.94273e+08 1.23989e+28 1.23989e+28 1.23989e+28 1.23989e+28 1.23989e+28 2.5949e+27 2.94361e+28 0 0 4.64348e+42 0.76438 0 1
3.39821e+08 9.64745e+27 9.64745e+27 9.64747e+27 9.64747e+27 9.64747e+27 2.02117e+27 2.11895e+28 0 0 4.64348e+42 0.701148 0 1
3.92419e+08 7.48286e+27 7.48286e+27 7.48287e+27 7.48287e+27 7.48287e+27 1.56889e+27 1.55023e+28 0 0 4.64348e+42 0.671521 0 1
4.53158e+08 5.72482e+27 5.72482e+27 5.72483e+27 5.72483e+27 5.72483e+27 1.19972e+27 1.12895e+28 0 0 4.64348e+42 0.643146 0 1
5.23299e+08 4.31224e+27 4.31224e+27 4.31225e+27 4.31225e+27 4.31225e+27 9.01961e+26 8.18728e+27 0 0 4.64348e+42 0.61597 0 1
6.04296e+08 3.20956e+27 3.20956e+27 3.20956e+27 3.20956e+27 3.20956e+27 6.69264e+26 5.8749e+27 0 0 4.64348e+42 0.589942 0 1
6.97831e+08 2.4164e+27 2.4164e+27 2.41641e+27 2.41641e+27 2.41641e+27 5.0292e+26 4.30263e+27 0 0 4.64348e+42 0.565014 0 1
8.05842e+08 1.80942e+27 1.80942e+27 1.80943e+27 1.80943e+27 1.80943e+27 3.75698e+26 3.14589e+27 0 0 4.64348e+42 0.54114 0 1
9.30572e+08 1.34615e+27 1.34615e+27 1.34616e+27 1.34616e+27 1.34616e+27 2.78674e+26 2.29462e+27 0 0 4.64348e+42 0.518274 0 1
1.07461e+09 9.89667e+26 9.89667e+26 9.89669e+26 9.89669e+26 9.89669e+26 2.04007e+26 1.65002e+27 0 0 4.64348e+42 0.520142 0 1
1.24094e+09 7.42129e+26 7.42129e+26 7.4213e+26 7.4213e+26 7.4213e+26 1.5268e+26 1.21398e+27 0 0 4.64348e+42 0.547012 0 1
1.43301e+09 5.57169e+26 5.57169e+26 5.5717e+26 5.5717e+26 5.5717e+26 1.14434e+26 8.90783e+26 0 0 4.64348e+42 0.57527 0 1
1.65482e+09 4.17059e+26 4.17059e+26 4.1706e+26 4.1706e+26 4.1706e+26 8.54958e+25 6.51656e+26 0 0 4.64348e+42 0.604988 0 1
1.91095e+09 3.08757e+26 3.08757e+26 3.08757e+26 3.08757e+26 3.08757e+26 6.31008e+25 4.68909e+26 0 0 4.64348e+42 0.636242 0 1
2.20673e+09 2.32793e+26 2.32793e+26 2.32793e+26 2.32793e+26 2.32793e+26 4.7545e+25 3.45743e+26 0 0 4.64348e+42 0.669109 0 1
2.5483e+09 1.75029e+26 1.75029e+26 1.7503e+26 1.7503e+26 1.7503e+26 3.57204e+25 2.54219e+26 0 0 4.64348e+42 0.703675 0 1
2.94273e+09 1.31027e+26 1.31027e+26 1.31027e+26 1.31027e+26 1.31027e+26 2.67122e+25 1.86326e+26 0 0 4.64348e+42 0.740026 0 1
3.39821e+09 9.65435e+25 9.65435e+25 9.65437e+25 9.65437e+25 9.65437e+25 1.9627e+25 1.34324e+26 0 0 4.64348e+42 0.778255 0 1
3.92419e+09 7.2535e+25 7.2535e+25 7.25352e+25 7.25352e+25 7.25352e+25 1.47453e+25 9.91106e+25 0 0 4.64348e+42 0.818459 0 1
4.53158e+09 5.43278e+25 5.43278e+25 5.4328e+25 5.4328e+25 5.4328e+25 1.10423e+25 7.28664e+25 0 0 4.64348e+42 0.86074 0 1
5.23299e+09 4.05573e+25 4.05573e+25 4.05574e+25 4.05574e+25 4.05574e+25 8.24119e+24 5.33531e+25 0 0 4.64348e+42 0.905205 0 1
6.04296e+09 2.97459e+25 2.97459e+25 2.9746e+25 2.9746e+25 2.9746e+25 6.03078e+24 3.84556e+25 0 0 4.64348e+42 0.951967 0 1
6.97831e+09 2.22868e+25 2.22868e+25 2.22869e+25 2.22869e+25 2.22869e+25 4.52241e+24 2.8342e+25 0 0 4.64348e+42 1.00115 0 1
8.05842e+09 1.66453e+25 1.66453e+25 1.66453e+25 1.66453e+25 1.66453e+25 3.38033e+24 2.08306e+25 0 0 4.64348e+42 1.05286 0 1
9.30572e+09 1.23598e+25 1.23598e+25 1.23598e+25 1.23598e+25 1.23598e+25 2.51107e+24 1.52669e+25 0 0 4.64348e+42 1.10725 0 1
1.07461e+10 9.0356e+24 9.0356e+24 9.03562e+24 9.03562e+24 9.03562e+24 1.83346e+24 1.10377e+25 0 0 4.64348e+42 1.24236 0 1
1.24094e+10 6.71477e+24 6.71477e+24 6.71479e+24 6.71479e+24 6.71479e+24 1.36431e+24 8.16129e+24 0 0 4.64348e+42 1.48721 0 1
1.43301e+10 4.96186e+24 4.96186e+24 4.96187e+24 4.96187e+24 4.96187e+24 1.00914e+24 6.01919e+24 0 0 4.64348e+42 1.78032 0 1
1.65482e+10 3.65518e+24 3.65518e+24 3.65519e+24 3.65519e+24 3.65519e+24 7.44124e+23 4.42557e+24 0 0 4.64348e+42 2.13119 0 1
1.91095e+10 2.64773e+24 2.64773e+24 2.64774e+24 2.64774e+24 2.64774e+24 5.38653e+23 3.19952e+24 0 0 4.64348e+42 2.55121 0 1
2.20673e+10 1.95512e+24 1.95512e+24 1.95512e+24 1.95512e+24 1.95512e+24 3.98629e+23 2.36693e+24 0 0 4.64348e+42 3.05402 34.7254 1
2.5483e+10 1.43871e+24 1.43871e+24 1.43872e+24 1.43872e+24 1.43872e+24 2.94002e+23 1.74512e+24 0 0 4.64348e+42 3.65592 22.9578 1
2.94273e+10 1.05538e+24 1.05538e+24 1.05538e+24 1.05538e+24 1.05538e+24 2.16181e+23 1.28212e+24 0 0 4.64348e+42 4.37645 15.5417 1
3.39821e+10 7.61023e+23 7.61023e+23 7.61026e+23 7.61026e+23 7.61026e+23 1.56027e+23 9.24708e+23 0 0 4.64348e+42 5.23898 10.7604 1
3.92419e+10 5.6121e+23 5.6121e+23 5.61212e+23 5.61212e+23 5.61212e+23 1.1555e+23 6.83971e+23 0 0 4.64348e+42 6.27151 7.61059 1
4.53158e+10 4.12616e+23 4.12616e+23 4.12618e+23 4.12618e+23 4.12618e+23 8.5355e+22 5.04611e+23 0 0 4.64348e+42 7.50753 5.49245 1
5.23299e+10 3.02468e+23 3.02468e+23 3.02469e+23 3.02469e+23 3.02469e+23 6.29128e+22 3.71202e+23 0 0 4.64348e+42 8.98715 4.04008 1
6.04296e+10 2.18021e+23 2.18021e+23 2.18022e+23 2.18022e+23 2.18022e+23 4.55846e+22 2.68003e+23 0 0 4.64348e+42 10.7584 3.02568 1
6.97831e+10 1.60401e+23 1.60401e+23 1.60402e+23 1.60402e+23 1.60402e+23 3.38407e+22 1.98637e+23 0 0 4.64348e+42 12.8787 2.3047 1
8.05842e+10 1.17415e+23 1.17415e+23 1.17416e+23 1.17416e+23 1.17416e+23 2.50302e+22 1.46857e+23 0 0 4.64348e+42 15.4169 1.78376 1
9.30572e+10 8.54992e+22 8.54992e+22 8.54995e+22 8.54995e+22 8.54995e+22 1.84452e+22 1.08244e+23 0 0 4.64348e+42 18.4553 1.40144 1
1.07461e+11 6.10208e+22 6.10208e+22 6.10211e+22 6.10211e+22 6.10211e+22 1.3329e+22 7.82186e+22 0 0 4.64348e+42 22.0926 1.11671 1
1.24094e+11 4.44191e+22 4.44191e+22 4.44193e+22 4.44193e+22 4.44193e+22 9.8581e+21 5.80125e+22 0 0 4.64348e+42 26.4467 0.901709 1
1.43301e+11 3.21815e+22 3.21815e+22 3.21817e+22 3.21817e+22 3.21817e+22 7.26476e+21 4.28958e+22 0 0 4.64348e+42 31.659 0.737233 1
1.65482e+11 2.32118e+22 2.32118e+22 2.32119e+22 2.32119e+22 2.32119e+22 5.3334e+21 3.16045e+22 0 0 4.64348e+42 37.8985 0.609868 1
1.91095e+11 1.6433e+22 1.6433e+22 1.64331e+22 1.64331e+22 1.64331e+22 3.84057e+21 2.28058e+22 0 0 4.64348e+42 45.3677 0.510106 1
2.20673e+11 1.19157e+22 1.19157e+22 1.19158e+22 1.19158e+22 1.19158e+22 2.83556e+21 1.68929e+22 0 0 4.64348e+42 54.309 0.431129 1
2.5483e+11 8.62565e+21 8.62565e+21 8.62571e+21 8.62571e+21 8.62571e+21 2.08763e+21 1.24716e+22 0 0 4.64348e+42 65.0125 0.367983 1
2.94273e+11 6.2361e+21 6.2361e+21 6.23615e+21 6.23615e+21 6.23615e+21 1.53248e+21 9.17231e+21 0 0 4.64348e+42 77.8255 0.317029 1
3.39821e+11 4.43504e+21 4.43504e+21 4.43508e+21 4.43508e+21 4.43508e+21 1.10379e+21 6.60251e+21 0 0 4.64348e+42 0 0.275565 1
3.92419e+11 3.24051e+21 3.24051e+21 3.24053e+21 3.24053e+21 3.24053e+21 8.1573e+20 4.88009e+21 0 0 4.64348e+42 0 0.241562 1
4.53158e+11 2.36657e+21 2.36657e+21 2.36659e+21 2.36659e+21 2.36659e+21 6.0108e+20 3.59409e+21 0 0 4.64348e+42 0 0.213483 1
5.23299e+11 1.72698e+21 1.72698e+21 1.727e+21 1.727e+21 1.727e+21 4.41491e+20 2.63607e+21 0 0 4.64348e+42 0 0.190154 1
6.04296e+11 1.23853e+21 1.23853e+21 1.23854e+21 1.23854e+21 1.23854e+21 3.17861e+20 1.89076e+21 0 0 4.64348e+42 0 0.170669 1
6.97831e+11 9.13026e+20 9.13026e+20 9.13034e+20 9.13034e+20 9.13034e+20 2.34869e+20 1.393e+21 0 0 4.64348e+42 0 0.154323 1
8.05842e+11 6.72098e+20 6.72099e+20 6.72104e+20 6.72104e+20 6.72104e+20 1.72964e+20 1.02224e+21 0 0 4.64348e+42 0 0.140565 1
9.30572e+11 4.93754e+20 4.93754e+20 4.93758e+20 4.93758e+20 4.93758e+20 1.2691e+20 7.46778e+20 0 0 4.64348e+42 0 0.12896 1
1.07461e+12 3.55692e+20 3.55692e+20 3.55695e+20 3.55695e+20 3.55695e+20 9.11749e+19 5.3289e+20 0 0 4.64348e+42 0 0.119166 1
1.24094e+12 2.63273e+20 2.63273e+20 2.63275e+20 2.63275e+20 2.63275e+20 6.72437e+19 3.90788e+20 0 0 4.64348e+42 0 0.110908 1
1.43301e+12 1.94287e+20 1.94287e+20 1.94288e+20 1.94288e+20 1.94288e+20 4.94035e+19 2.85318e+20 0 0 4.64348e+42 0 0.103969 1
1.65482e+12 1.42868e+20 1.42868e+20 1.4287e+20 1.4287e+20 1.4287e+20 3.61447e+19 2.07259e+20 0 0 4.64348e+42 0 0.098177 1
1.91095e+12 1.0278e+20 1.0278e+20 1.02781e+20 1.02781e+20 1.02781e+20 2.58585e+19 1.46832e+20 0 0 4.64348e+42 0 0.0933933 1
2.20673e+12 7.5947e+19 7.59471e+19 7.59477e+19 7.59477e+19 7.59477e+19 1.89987e+19 1.06981e+20 0 0 4.64348e+42 0 0.0895108 1
2.5483e+12 5.58781e+19 5.58782e+19 5.58786e+19 5.58786e+19 5.58786e+19 1.38972e+19 7.75544e+19 0 0 4.64348e+42 0 0.0864461 1
2.94273e+12 4.09159e+19 4.09159e+19 4.09162e+19 4.09162e+19 4.09162e+19 1.0117e+19 5.58981e+19 0 0 4.64348e+42 0 0.0841374 1
3.39821e+12 2.92429e+19 2.9243e+19 2.92432e+19 2.92432e+19 2.92432e+19 7.18946e+18 3.92049e+19 0 0 4.64348e+42 0 0.082541 1
3.92419e+12 2.14737e+19 2.14737e+19 2.14739e+19 2.14739e+19 2.14739e+19 5.25038e+18 2.83112e+19 0 0 4.64348e+42 0 0.08163 1
4.53158e+12 1.56843e+19 1.56843e+19 1.56844e+19 1.56844e+19 1.56844e+19 3.81471e+18 2.03249e+19 0 0 4.64348e+42 0 0.0813928 1
5.23299e+12 1.13894e+19 1.13894e+19 1.13895e+19 1.13895e+19 1.13895e+19 2.75632e+18 1.4494e+19 0 0 4.64348e+42 0 0.0818329 1
6.04296e+12 8.05252e+18 8.05253e+18 8.05258e+18 8.05258e+18 8.05258e+18 1.93966e+18 1.00262e+19 0 0 4.64348e+42 0 0.0829683 1
6.97831e+12 5.8549e+18 5.8549e+18 5.85494e+18 5.85494e+18 5.85494e+18 1.40415e+18 7.15324e+18 0 0 4.64348e+42 0 0.0848322 1
8.05842e+12 4.23027e+18 4.23028e+18 4.2303e+18 4.2303e+18 4.2303e+18 1.01043e+18 5.06822e+18 0 0 4.64348e+42 0 0.0874729 1
9.30572e+12 3.03573e+18 3.03573e+18 3.03575e+18 3.03575e+18 3.03575e+18 7.22406e+17 3.56253e+18 0 0 4.64348e+42 0 0.0909553 1
1.07461e+13 2.11437e+18 2.11437e+18 2.11439e+18 2.11439e+18 2.11439e+18 5.01443e+17 2.41839e+18 0 0 4.64348e+42 0 0.0953611 1
1.24094e+13 1.51693e+18 1.51693e+18 1.51694e+18 1.51694e+18 1.51694e+18 3.58635e+17 1.6976e+18 0 0 4.64348e+42 0 0.10079 1
1.43301e+13 1.0803e+18 1.0803e+18 1.08031e+18 1.08031e+18 1.08031e+18 2.54685e+17 1.18172e+18 0 0 4.64348e+42 0 0.10736 1
1.65482e+13 7.63211e+17 7.63212e+17 7.63217e+17 7.63217e+17 7.63217e+17 1.79471e+17 8.14761e+17 0 0 4.64348e+42 0 0.115206 1
1.91095e+13 5.21079e+17 5.2108e+17 5.21083e+17 5.21083e+17 5.21083e+17 1.22254e+17 5.39105e+17 0 0 4.64348e+42 0 0.12448 1
2.20673e+13 3.67365e+17 3.67366e+17 3.67368e+17 3.67368e+17 3.67368e+17 8.60127e+16 3.70287e+17 0 0 4.64348e+42 0 0.135345 1
2.5483e+13 2.56729e+17 2.5673e+17 2.56731e+17 2.56731e+17 2.56731e+17 5.99987e+16 2.51747e+17 0 0 4.64348e+42 0 0.147968 1
2.94273e+13 1.77707e+17 1.77708e+17 1.77709e+17 1.77709e+17 1.77709e+17 4.14632e+16 1.69156e+17 0 0 4.64348e+42 0 0.162507 1
3.39821e+13 1.18137e+17 1.18138e+17 1.18139e+17 1.18139e+17 1.18139e+17 2.75257e+16 1.08082e+17 0 0 4.64348e+42 0 0.179093 1
3.92419e+13 8.14013e+16 8.14019e+16 8.14024e+16 8.14024e+16 8.14024e+16 1.89424e+16 7.2114e+16 0 0 4.64348e+42 0 0.197804 1
4.53158e+13 5.54909e+16 5.54915e+16 5.54918e+16 5.54918e+16 5.54918e+16 1.28988e+16 4.75087e+16 0 0 4.64348e+42 0 0.218621 1
5.23299e+13 3.73887e+16 3.73892e+16 3.73894e+16 3.73894e+16 3.73894e+16 8.68277e+15 3.08443e+16 0 0 4.64348e+42 0 0.241387 1
6.04296e+13 2.39738e+16 2.39743e+16 2.39744e+16 2.39744e+16 2.39744e+16 5.56333e+15 1.87859e+16 0 0 4.64348e+42 0 0.265741 1
6.97831e+13 1.60234e+16 1.60238e+16 1.60239e+16 1.60239e+16 1.60239e+16 3.71587e+15 1.20581e+16 0 0 4.64348e+42 0 0.291055 1
8.05842e+13 1.05673e+16 1.05676e+16 1.05676e+16 1.05676e+16 1.05676e+16 2.44923e+15 7.61744e+15 0 0 4.64348e+42 0 0.316368 1
9.30572e+13 6.86787e+15 6.86808e+15 6.86812e+15 6.86812e+15 6.86812e+15 1.59111e+15 4.72417e+15 0 0 4.64348e+42 0 0.340344 1
1.07461e+14 4.18926e+15 4.18943e+15 4.18945e+15 4.18945e+15 4.18945e+15 9.70329e+14 2.69249e+15 0 0 4.64348e+42 0 0 1
1.24094e+14 2.6873e+15 2.68745e+15 2.68747e+15 2.68747e+15 2.68747e+15 6.22305e+14 1.64109e+15 0 0 4.64348e+42 0 0 1
1.43301e+14 1.69451e+15 1.69468e+15 1.69469e+15 1.69469e+15 1.69469e+15 3.92367e+14 9.80312e+14 0 0 4.64348e+42 0 0 1
1.65482e+14 1.04861e+15 1.04883e+15 1.04884e+15 1.04884e+15 1.04884e+15 2.42825e+14 5.71989e+14 0 0 4.64348e+42 0 0 1
1.91095e+14 5.95966e+14 5.96222e+14 5.96226e+14 5.96226e+14 5.96226e+14 1.38068e+14 2.97026e+14 0 0 4.64348e+42 0 0 1
2.20673e+14 3.61228e+14 3.61532e+14 3.61534e+14 3.61534e+14 3.61534e+14 8.37321e+13 1.68927e+14 0 0 4.64348e+42 0 0 1
2.5483e+14 2.14018e+14 2.14345e+14 2.14347e+14 2.14347e+14 2.14347e+14 4.96547e+13 9.36541e+13 0 0 4.64348e+42 0 0 1
2.94273e+14 1.23717e+14 1.24034e+14 1.24035e+14 1.24035e+14 1.24035e+14 2.87428e+13 5.03888e+13 0 0 4.64348e+42 0 0 1
3.39821e+14 6.33998e+13 6.36537e+13 6.36541e+13 6.36541e+13 6.36541e+13 1.47611e+13 2.29163e+13 0 0 4.64348e+42 0 0 1
3.92419e+14 3.54766e+13 3.5684e+13 3.56842e+13 3.56842e+13 3.56842e+13 8.27926e+12 1.18774e+13 0 0 4.64348e+42 0 0 1
4.53158e+14 1.9251e+13 1.94061e+13 1.94062e+13 1.94062e+13 1.94062e+13 4.50532e+12 5.96149e+12 0 0 4.64348e+42 0 0 1
5.23299e+14 1.0116e+13 1.02228e+13 1.02229e+13 1.02229e+13 1.02229e+13 2.37505e+12 2.88037e+12 0 0 4.64348e+42 0 0 1
6.04296e+14 4.44483e+12 4.5037e+12 4.50373e+12 4.50373e+12 4.50373e+12 1.04776e+12 1.08017e+12 0 0 4.64348e+42 0 0 1
6.97831e+14 2.22237e+12 2.25788e+12 2.25789e+12 2.25789e+12 2.25789e+12 5.25792e+11 4.93777e+11 0 0 4.64348e+42 0 0 1
8.05842e+14 1.06497e+12 1.08482e+12 1.08483e+12 1.08483e+12 1.08483e+12 2.52907e+11 2.16903e+11 0 0 4.64348e+42 0 0 1
9.30572e+14 4.89264e+11 4.99587e+11 4.9959e+11 4.9959e+11 4.9959e+11 1.16618e+11 9.08576e+10 0 0 4.64348e+42 0 0 1
1.07461e+15 1.70262e+11 1.74224e+11 1.74225e+11 1.74225e+11 1.74225e+11 4.07656e+10 2.54755e+10 0 0 4.64348e+42 0 0 1
1.24094e+15 7.24013e+10 7.42176e+10 7.42181e+10 7.42181e+10 7.42181e+10 1.73943e+10 9.77878e+09 0 0 4.64348e+42 0 0 1
1.43301e+15 2.88942e+10 2.96598e+10 2.966e+10 2.966e+10 2.966e+10 6.96488e+09 3.57794e+09 0 0 4.64348e+42 0 0 1
1.65482e+15 1.08545e+10 1.11529e+10 1.1153e+10 1.1153e+10 1.1153e+10 2.62486e+09 1.24111e+09 0 0 4.64348e+42 0 0 1
1.91095e+15 2.63742e+09 2.71146e+09 2.71148e+09 2.71148e+09 2.71148e+09 6.40734e+08 2.18835e+08 0 0 4.64348e+42 0 0 1
2.20673e+15 8.79955e+08 9.04825e+08 9.04831e+08 9.04831e+08 9.04831e+08 2.14417e+08 6.47836e+07 0 0 4.64348e+42 0 0 1
2.5483e+15 2.64369e+08 2.71797e+08 2.71799e+08 2.71799e+08 2.71799e+08 6.46291e+07 1.80573e+07 0 0 4.64348e+42 0 0 1
2.94273e+15 7.1041e+07 7.30035e+07 7.3004e+07 7.3004e+07 7.3004e+07 1.74351e+07 4.8316e+06 0 0 4.64348e+42 0 0 1
3.39821e+15 9.95321e+06 1.02208e+07 1.02209e+07 1.02209e+07 1.02209e+07 2.45824e+06 411436 0 0 4.64348e+42 0 0 1
3.92419e+15 2.26593e+06 2.32471e+06 2.32472e+06 2.32472e+06 2.32472e+06 562061 80547.9 0 0 4.64348e+42 0 0 1
4.53158e+15 432433 443169 443172 443172 443172 107841 14151.9 0 0 4.64348e+42 0 0 1
5.23299e+15 64944.5 66476.8 66477.2 66477.2 66477.2 16318.3 2436.19 0 0 4.64348e+42 0 0 1
6.04296e+15 3759.64 3843.4 3843.42 3843.42 3843.42 956.939 76.2967 0 0 4.64348e+42 0 0 1
6.97831e+15 448.256 457.632 457.636 457.636 457.636 115.221 7.55934 0 0 4.64348e+42 0 0 1
8.05842e+15 39.6911 40.4666 40.4669 40.4669 40.4669 10.3341 0.581622 0 0 4.64348e+42 0 0 1
9.30572e+15 2.34905 2.39172 2.39174 2.39174 2.39174 0.621596 0.0410465 0 0 4.64348e+42 0 0 1
1.07461e+16 0.0297592 0.0302598 0.03026 0.03026 0.03026 0.0081236 0.000320857 0 0 4.64348e+42 0 0 1
1.24094e+16 0.0011735 0.00119171 0.00119172 0.00119172 0.00119172 0.000328581 1.02456e-05 0 0 4.64348e+42 0 0 1
1.43301e+16 2.61519e-05 2.6525e-05 2.65252e-05 2.65252e-05 2.65252e-05 7.59669e-06 1.95035e-07 0 0 4.64348e+42 0 0 1
1.65482e+16 3.11404e-07 3.15476e-07 3.15478e-07 3.15478e-07 3.15478e-07 9.50753e-08 2.32224e-09 0 0 4.64348e+42 0 0 1
1.91095e+16 3.60792e-10 3.65104e-10 3.65106e-10 3.65106e-10 3.65106e-10 1.18881e-10 2.31413e-12 0 0 4.64348e+42 0 0 1
2.20673e+16 1.62198e-12 1.63965e-12 1.63966e-12 1.63966e-12 1.63966e-12 5.87106e-13 9.7273e-15 0 0 4.64348e+42 0 0 1
2.5483e+16 2.34623e-15 2.36949e-15 2.3695e-15 2.3695e-15 2.3695e-15 9.69976e-16 1.37458e-17 0 0 4.64348e+42 0 0 1
2.94273e+16 1.09201e-18 1.10183e-18 1.10184e-18 1.10184e-18 1.10184e-18 5.41894e-19 6.36017e-21 0 0 4.64348e+42 0 0 1
3.39821e+16 2.59769e-23 2.61886e-23 2.61888e-23 2.61888e-23 2.61888e-23 1.65192e-23 1.50378e-25 0 0 4.64348e+42 0 0 1
3.92419e+16 1.4145e-27 1.42492e-27 1.42494e-27 1.42494e-27 1.42494e-27 1.25048e-27 8.16813e-30 0 0 4.64348e+42 0 0 1
4.53158e+16 1.18898e-32 1.19689e-32 1.1969e-32 1.1969e-32 1.1969e-32 1.61231e-32 6.8519e-35 0 0 4.64348e+42 0 0 1
5.23299e+16 1.43169e-38 1.44028e-38 1.44029e-38 1.44029e-38 1.44029e-38 3.32952e-38 8.22381e-41 0 0 4.64348e+42 0 0 1
6.04296e+16 3.49373e-46 3.51259e-46 3.51262e-46 3.51262e-46 3.51262e-46 1.57334e-45 1.99432e-48 0 0 4.64348e+42 0 0 1
6.97831e+16 6.77548e-54 6.80836e-54 6.80841e-54 6.80841e-54 6.80841e-54 6.72358e-53 3.8112e-56 0 0 4.64348e+42 0 0 1
8.05842e+16 6.08462e-63 6.11112e-63 6.11117e-63 6.11117e-63 6.11117e-63 1.56278e-61 3.27829e-65 0 0 4.64348e+42 0 0 1
9.30572e+16 0 0 0 0 0 0 0 0 0 4.64348e+42 0 0 1