
1.07461e-07 0 0 4.3396e+47 1.32688e+52 4.53077e+58 1.10784e+57 0 1.28972e+46 0 4.64348e+42 0 0 1
1.24094e-07 0 0 1.94213e+48 1.48751e+52 3.97694e+58 9.68603e+56 0 1.48934e+46 0 4.64348e+42 0 0 1
1.43301e-07 0 0 7.235e+48 1.67109e+52 3.49586e+58 8.50355e+56 0 1.71987e+46 0 4.64348e+42 0 0 1
1.65482e-07 0 0 2.29749e+49 1.87923e+52 3.07315e+58 7.48306e+56 0 1.98607e+46 0 4.64348e+42 0 0 1
1.91095e-07 0 0 6.35055e+49 2.11411e+52 2.6992e+58 6.59041e+56 0 2.29348e+46 0 4.64348e+42 0 0 1
2.20673e-07 0 0 1.55645e+50 2.37888e+52 2.36755e+58 5.80235e+56 0 2.64847e+46 0 4.64348e+42 0 0 1
2.5483e-07 0 0 3.43797e+50 2.67776e+52 2.07354e+58 5.10332e+56 0 3.0584e+46 0 4.64348e+42 0 0 1
2.94273e-07 0 0 6.94256e+50 3.01624e+52 1.81343e+58 4.48257e+56 0 3.53179e+46 0 4.64348e+42 0 0 1
3.39821e-07 0 0 1.29781e+51 3.40105e+52 1.58394e+58 3.93195e+56 0 4.07845e+46 0 4.64348e+42 0 0 1
3.92419e-07 0 0 2.27032e+51 3.84037e+52 1.38201e+58 3.44465e+56 0 4.70972e+46 0 4.64348e+42 0 0 1
4.53158e-07 0 0 3.75165e+51 4.34384e+52 1.20478e+58 3.0145e+56 0 5.4387e+46 0 4.64348e+42 0 0 1
5.23299e-07 0 0 5.90365e+51 4.92272e+52 1.04952e+58 2.63574e+56 0 6.28051e+46 0 4.64348e+42 0 0 1
6.04296e-07 0 0 8.90821e+51 5.59007e+52 9.13691e+57 2.30292e+56 0 7.25262e+46 0 4.64348e+42 0 0 1
6.97831e-07 0 0 1.29661e+52 6.36101e+52 7.94959e+57 2.01094e+56 0 8.37519e+46 0 4.64348e+42 0 0 1
8.05842e-07 0 0 1.82979e+52 7.25331e+52 6.91206e+57 1.75502e+56 0 9.67152e+46 0 4.64348e+42 0 0 1
9.30572e-07 0 0 2.51472e+52 8.28806e+52 6.0055e+57 1.53084e+56 0 1.11685e+47 0 4.64348e+42 0 0 1
1.07461e-06 0 0 3.37879e+52 9.49072e+52 5.21341e+57 1.33448e+56 0 1.28972e+47 0 4.64348e+42 0 0 1
1.24094e-06 0 0 4.4534e+52 1.08921e+53 4.52145e+57 1.16249e+56 0 1.48934e+47 0 4.64348e+42 0 0 1
1.43301e-06 0 0 5.77517e+52 1.25291e+53 3.91721e+57 1.01184e+56 0 1.71987e+47 0 4.64348e+42 0 0 1
1.65482e-06 0 0 7.38715e+52 1.44461e+53 3.38988e+57 8.79914e+55 0 1.98607e+47 0 4.64348e+42 0 0 1
1.91095e-06 0 0 9.34023e+52 1.66951e+53 2.93001e+57 7.64428e+55 0 2.29348e+47 0 4.64348e+42 0 0 1
2.20673e-06 0 0 1.16947e+53 1.93381e+53 2.5293e+57 6.6339e+55 0 2.64847e+47 0 4.64348e+42 0 0 1
2.5483e-06 0 0 1.45225e+53 2.24486e+53 2.18045e+57 5.75054e+55 0 3.0584e+47 0 4.64348e+42 0 0 1
2.94273e-06 0 0 1.79098e+53 2.61148e+53 1.87702e+57 4.9788e+55 0 3.53179e+47 0 4.64348e+42 0 0 1
3.39821e-06 0 0 2.196e+53 3.0442e+53 1.61339e+57 4.30509e+55 0 4.07844e+47 0 4.64348e+42 0 0 1
3.92419e-06 0 0 2.67973e+53 3.55565e+53 1.38459e+57 3.71749e+55 0 4.70971e+47 0 4.64348e+42 0 0 1
4.53158e-06 0 0 3.25702e+53 4.16088e+53 1.18625e+57 3.20546e+55 0 5.43869e+47 0 4.64348e+42 0 0 1
5.23299e-06 0 0 3.94567e+53 4.87786e+53 1.01456e+57 2.75976e+55 0 6.2805e+47 0 4.64348e+42 0 0 1
6.04296e-06 0 0 4.76703e+53 5.7281e+53 8.66148e+56 2.37224e+55 0 7.25261e+47 0 4.64348e+42 0 0 1
6.97831e-06 0 0 5.74669e+53 6.73735e+53 7.38047e+56 2.03573e+55 0 8.37518e+47 0 4.64348e+42 0 0 1
8.05842e-06 0 0 6.91535e+53 7.93647e+53 6.27659e+56 1.74388e+55 0 9.6715e+47 0 4.64348e+42 0 0 1
9.30572e-06 0 0 8.30987e+53 9.36247e+53 5.32699e+56 1.49115e+55 0 1.11685e+48 0 4.64348e+42 0 0 1
1.07461e-05 0 0 9.97454e+53 1.10598e+54 4.5116e+56 1.27262e+55 0 1.28971e+48 0 4.64348e+42 0 0 1
1.24094e-05 0 0 1.19626e+54 1.30818e+54 3.81278e+56 1.08397e+55 0 1.48934e+48 0 4.64348e+42 0 0 1
1.43301e-05 0 0 1.43383e+54 1.54929e+54 3.21509e+56 9.21393e+54 0 1.71986e+48 0 4.64348e+42 0 0 1
1.65482e-05 0 0 1.71789e+54 1.83706e+54 2.70495e+56 7.81545e+54 0 1.98606e+48 0 4.64348e+42 0 0 1
1.91095e-05 0 0 2.05779e+54 2.18084e+54 2.2705e+56 6.61479e+54 0 2.29347e+48 0 4.64348e+42 0 0 1
2.20673e-05 0 0 2.46481e+54 2.59195e+54 1.90136e+56 5.58605e+54 0 2.64845e+48 0 4.64348e+42 0 0 1
2.5483e-05 0 0 2.95263e+54 3.08407e+54 1.58843e+56 4.70647e+54 0 3.05838e+48 0 4.64348e+42 0 0 1
2.94273e-05 0 0 3.53783e+54 3.67381e+54 1.32381e+56 3.95609e+54 0 3.53176e+48 0 4.64348e+42 0 0 1
3.39821e-05 0 0 4.24053e+54 4.38131e+54 1.10059e+56 3.31739e+54 0 4.07841e+48 0 4.64348e+42 0 0 1
3.92419e-05 0 0 5.08519e+54 5.23107e+54 9.12772e+55 2.77504e+54 0 4.70967e+48 0 4.64348e+42 0 0 1
4.53158e-05 0 0 6.10157e+54 6.25285e+54 7.55154e+55 2.31564e+54 0 5.43863e+48 0 4.64348e+42 0 0 1
5.23299e-05 0 0 7.32426e+54 7.48126e+54 6.23226e+55 1.92748e+54 0 6.28042e+48 0 4.64348e+42 0 0 1
6.04296e-05 0 0 8.77394e+54 8.93657e+54 5.13093e+55 1.60036e+54 0 7.2525e+48 0 4.64348e+42 0 0 1
6.97831e-05 0 0 1.03753e+55 1.05416e+55 4.21401e+55 1.3254e+54 0 8.37504e+48 0 4.64348e+42 0 0 1
8.05842e-05 0 0 1.18611e+55 1.20256e+55 3.45265e+55 1.09491e+54 0 9.67131e+48 0 4.64348e+42 0 0 1
9.30572e-05 0 0 1.28543e+55 1.30085e+55 2.82215e+55 9.02223e+53 0 1.11682e+49 0 4.64348e+42 0 0 1
0.000107461 0 0 1.31023e+55 1.32383e+55 2.30141e+55 7.41575e+53 0 1.28968e+49 0 4.64348e+42 0 0 1
0.000124094 6.54084e-246 6.54084e-246 1.26056e+55 1.27189e+55 1.87244e+55 6.0801e+53 0 1.48929e+49 6.28838e-250 4.64348e+42 0 0 1
0.000143301 1.25464e-167 1.25464e-167 1.15553e+55 1.16451e+55 1.52e+55 4.97268e+53 0 1.7198e+49 1.13948e-171 4.64348e+42 0 0 1
0.000165482 8.65648e-110 8.65648e-110 1.01999e+55 1.02685e+55 1.23117e+55 4.057e+53 0 1.98598e+49 7.71288e-114 4.64348e+42 0 0 1
0.000191095 4.61477e-67 4.61477e-67 8.75187e+54 8.80285e+54 9.95058e+54 3.30195e+53 0 2.29336e+49 4.14972e-71 4.64348e+42 0 0 1
0.000220673 1.6616e-35 1.6616e-35 7.35471e+54 7.3918e+54 8.02521e+54 2.68103e+53 0 2.64831e+49 1.53968e-39 4.64348e+42 0 0 1
0.00025483 3.31167e-12 3.31167e-12 6.08756e+54 6.11413e+54 6.4589e+54 2.17178e+53 0 3.05819e+49 3.21051e-16 4.64348e+42 0 0 1
0.000294273 520392 520392 4.98324e+54 5.00207e+54 5.18768e+54 1.75521e+53 0 3.53151e+49 53.369 4.64348e+42 0 0 1
0.000339821 2.51902e+18 2.51902e+18 4.04602e+54 4.05925e+54 4.15829e+54 1.41533e+53 0 4.07807e+49 2.75533e+14 4.64348e+42 0 0 1
0.000392419 5.64107e+27 5.64107e+27 3.26488e+54 3.27413e+54 3.32657e+54 1.13874e+53 0 4.70921e+49 6.62161e+23 4.64348e+42 0 0 1
0.000453158 4.32915e+34 4.32915e+34 2.622e+54 2.62843e+54 2.65602e+54 9.14194e+52 0 5.43803e+49 5.47949e+30 4.64348e+42 0 0 1
0.000523299 5.00232e+39 5.00232e+39 2.09765e+54 2.10211e+54 2.11655e+54 7.3235e+52 0 6.27961e+49 6.85342e+35 4.64348e+42 0 0 1
0.000604296 2.59897e+43 2.59897e+43 1.67282e+54 1.6759e+54 1.68341e+54 5.85434e+52 0 7.25143e+49 3.86652e+39 4.64348e+42 0 0 1
0.000697831 1.36294e+46 1.36294e+46 1.33035e+54 1.33247e+54 1.33636e+54 4.6701e+52 0 8.3736e+49 2.2079e+42 4.64348e+42 0 0 1
0.000805842 1.31152e+48 1.31152e+48 1.05537e+54 1.05683e+54 1.05883e+54 3.71769e+52 0 9.6694e+49 2.3192e+44 4.64348e+42 0 0 1
0.000930572 3.6021e+49 3.6021e+49 8.35308e+53 8.36305e+53 8.37336e+53 2.95342e+52 0 1.11657e+50 6.96913e+45 4.64348e+42 0 0 1
0.00107461 3.9141e+50 3.9141e+50 6.59689e+53 6.60371e+53 6.60898e+53 2.34145e+52 0 1.28934e+50 8.30352e+46 4.64348e+42 0 0 1
0.00124094 2.14199e+51 2.14199e+51 5.1989e+53 5.20355e+53 5.20623e+53 1.85247e+52 0 1.48884e+50 4.99317e+47 4.64348e+42 0 0 1
0.00143301 7.05641e+51 7.05641e+51 4.08862e+53 4.09179e+53 4.09315e+53 1.4626e+52 0 1.7192e+50 1.81124e+48 4.64348e+42 0 0 1
0.00165482 1.59657e+52 1.59657e+52 3.20878e+53 3.21093e+53 3.21162e+53 1.1524e+52 0 1.98518e+50 4.52187e+48 4.64348e+42 0 0 1
0.00191095 2.73493e+52 2.73493e+52 2.51302e+53 2.51448e+53 2.51482e+53 9.06098e+51 0 2.29229e+50 8.56487e+48 4.64348e+42 0 0 1
0.00220673 3.81185e+52 3.81185e+52 1.96398e+53 1.96497e+53 1.96515e+53 7.10941e+51 0 2.64688e+50 1.32272e+49 4.64348e+42 0 0 1
0.0025483 4.55898e+52 4.55898e+52 1.53163e+53 1.5323e+53 1.53239e+53 5.56631e+51 0 3.05628e+50 1.75664e+49 4.64348e+42 0 0 1
0.00294273 4.86655e+52 4.86655e+52 1.19188e+53 1.19233e+53 1.19237e+53 4.34875e+51 0 3.52896e+50 2.08669e+49 4.64348e+42 0 0 1
0.00339821 4.77327e+52 4.77327e+52 9.25461e+52 9.25763e+52 9.25784e+52 3.3901e+51 0 4.07467e+50 2.28259e+49 4.64348e+42 0 0 1
0.00392419 4.3952e+52 4.3952e+52 7.16997e+52 7.172e+52 7.1721e+52 2.63692e+51 0 4.70468e+50 2.34926e+49 4.64348e+42 0 0 1
0.00453158 3.86011e+52 3.86011e+52 5.5424e+52 5.54376e+52 5.54381e+52 2.04647e+51 0 5.43198e+50 2.31138e+49 4.64348e+42 0 0 1
0.00523299 3.27168e+52 3.27168e+52 4.27455e+52 4.27545e+52 4.27548e+52 1.58462e+51 0 6.27155e+50 2.19963e+49 4.64348e+42 0 0 1
0.00604296 2.69933e+52 2.69933e+52 3.28916e+52 3.28976e+52 3.28979e+52 1.22419e+51 0 7.24068e+50 2.0424e+49 4.64348e+42 0 0 1
0.00697831 2.18194e+52 2.18194e+52 2.52512e+52 2.52553e+52 2.52554e+52 9.43551e+50 0 8.35927e+50 1.86222e+49 4.64348e+42 0 0 1
0.00805842 1.73617e+52 1.73617e+52 1.93412e+52 1.93439e+52 1.93439e+52 7.25558e+50 0 9.65029e+50 1.67525e+49 4.64348e+42 0 0 1
0.00930572 1.36469e+52 1.36469e+52 1.47806e+52 1.47824e+52 1.47824e+52 5.56632e+50 0 1.11402e+51 1.49215e+49 4.64348e+42 0 0 1
0.0107461 1.06245e+52 1.06245e+52 1.12701e+52 1.12712e+52 1.12712e+52 4.26048e+50 0 1.28594e+51 1.31933e+49 4.64348e+42 0 0 1
0.0124094 8.2086e+51 8.2086e+51 8.57437e+51 8.57514e+51 8.57515e+51 3.25353e+50 0 1.48431e+51 1.16021e+49 4.64348e+42 0 0 1
0.0143301 6.30313e+51 6.30313e+51 6.50953e+51 6.51004e+51 6.51004e+51 2.47897e+50 0 1.71316e+51 1.01619e+49 4.64348e+42 0 0 1
0.0165482 4.81572e+51 4.81572e+51 4.93178e+51 4.93211e+51 4.93211e+51 1.88467e+50 0 1.97712e+51 8.87416e+48 4.64348e+42 0 0 1
0.0191095 3.66406e+51 3.66406e+51 3.72912e+51 3.72934e+51 3.72934e+51 1.42981e+50 0 2.28155e+51 7.73261e+48 4.64348e+42 0 0 1
0.0220673 2.77817e+51 2.77817e+51 2.81454e+51 2.81469e+51 2.81469e+51 1.08252e+50 0 2.63257e+51 6.72699e+48 4.64348e+42 0 0 1
0.025483 2.10034e+51 2.10034e+51 2.12063e+51 2.12072e+51 2.12072e+51 8.18001e+49 0 3.0372e+51 5.84514e+48 4.64348e+42 0 0 1
0.0294273 1.584e+51 1.584e+51 1.59529e+51 1.59535e+51 1.59535e+51 6.17004e+49 0 3.50353e+51 5.0744e+48 4.64348e+42 0 0 1
0.0339821 1.19212e+51 1.19212e+51 1.19839e+51 1.19843e+51 1.19843e+51 4.64619e+49 0 4.04078e+51 4.4024e+48 4.64348e+42 0 0 1
0.0392419 8.95627e+50 8.95627e+50 8.99108e+50 8.99134e+50 8.99134e+50 3.49337e+49 0 4.65951e+51 3.81755e+48 4.64348e+42 0 0 1
0.0453158 6.71907e+50 6.71907e+50 6.73835e+50 6.73852e+50 6.73852e+50 2.623e+49 0 5.37178e+51 3.30921e+48 4.64348e+42 0 0 1
0.0523299 5.03476e+50 5.03476e+50 5.04543e+50 5.04554e+50 5.04554e+50 1.96713e+49 0 6.19133e+51 2.86781e+48 4.64348e+42 0 0 1
0.0604296 3.76913e+50 3.76913e+50 3.77503e+50 3.7751e+50 3.7751e+50 1.47373e+49 0 7.13378e+51 2.48479e+48 4.64348e+42 0 0 1
0.0697831 2.81964e+50 2.81964e+50 2.8229e+50 2.82295e+50 2.82295e+50 1.10315e+49 0 8.21685e+51 2.15262e+48 4.64348e+42 0 0 1
0.0805842 2.10828e+50 2.10828e+50 2.11008e+50 2.11011e+50 2.11011e+50 8.25183e+48 0 9.46058e+51 1.86465e+48 4.64348e+42 0 0 1
0.0930572 1.57592e+50 1.57592e+50 1.57691e+50 1.57693e+50 1.57693e+50 6.16944e+48 0 1.08875e+52 1.61508e+48 4.64348e+42 0 0 1
0.107461 1.17785e+50 1.17785e+50 1.1784e+50 1.17841e+50 1.17841e+50 4.611e+48 0 1.2523e+52 1.39884e+48 4.64348e+42 0 0 1
0.124094 8.80405e+49 8.80405e+49 8.80708e+49 8.80716e+49 8.80716e+49 3.44566e+48 0 1.43952e+52 1.21149e+48 4.64348e+42 0 0 1
0.143301 6.58246e+49 6.58246e+49 6.58414e+49 6.58419e+49 6.58419e+49 2.57485e+48 0 1.65354e+52 1.0492e+48 4.64348e+42 0 0 1
0.165482 4.92364e+49 4.92364e+49 4.92456e+49 4.92459e+49 4.92459e+49 1.92446e+48 0 1.89781e+52 9.08631e+47 4.64348e+42 0 0 1
0.191095 3.68512e+49 3.68512e+49 3.68563e+49 3.68565e+49 3.68565e+49 1.43886e+48 0 2.17606e+52 7.8688e+47 4.64348e+42 0 0 1
0.220673 2.76032e+49 2.76032e+49 2.7606e+49 2.76062e+49 2.76062e+49 1.07635e+48 0 2.49231e+52 6.81434e+47 4.64348e+42 0 0 1
0.25483 2.06958e+49 2.06958e+49 2.06974e+49 2.06975e+49 2.06975e+49 8.05719e+47 0 2.85082e+52 5.90113e+47 4.64348e+42 0 0 1
0.294273 1.55342e+49 1.55342e+49 1.55351e+49 1.55352e+49 1.55352e+49 6.03649e+47 0 3.25599e+52 5.11027e+47 4.64348e+42 0 0 1
0.339821 1.16748e+49 1.16748e+49 1.16753e+49 1.16753e+49 1.16753e+49 4.52714e+47 0 3.71222e+52 4.42537e+47 4.64348e+42 0 0 1
0.392419 8.78667e+48 8.78667e+48 8.78694e+48 8.78697e+48 8.78697e+48 3.39914e+47 0 4.22376e+52 3.83225e+47 4.64348e+42 0 0 1
0.453158 6.62332e+48 6.62332e+48 6.62347e+48 6.62348e+48 6.62348e+48 2.55555e+47 0 4.79436e+52 3.31862e+47 4.64348e+42 0 0 1
0.523299 5.00102e+48 5.00102e+48 5.0011e+48 5.00111e+48 5.00111e+48 1.92412e+47 0 5.42696e+52 2.87382e+47 4.64348e+42 0 0 1
0.604296 3.7829e+48 3.7829e+48 3.78295e+48 3.78295e+48 3.78295e+48 1.451e+47 0 6.12315e+52 2.48863e+47 4.64348e+42 0 0 1
0.697831 2.86695e+48 2.86695e+48 2.86698e+48 2.86698e+48 2.86698e+48 1.09609e+47 0 6.88248e+52 2.15507e+47 4.64348e+42 0 0 1
0.805842 2.17715e+48 2.17715e+48 2.17717e+48 2.17717e+48 2.17717e+48 8.29499e+46 0 7.70164e+52 1.86622e+47 4.64348e+42 0 0 1
0.930572 1.65679e+48 1.65679e+48 1.65679e+48 1.6568e+48 1.6568e+48 6.28954e+46 0 8.57339e+52 1.61608e+47 4.64348e+42 0 0 1
1.07461 1.26354e+48 1.26354e+48 1.26354e+48 1.26354e+48 1.26354e+48 4.77855e+46 0 9.48528e+52 1.39946e+47 4.64348e+42 0 0 1
1.24094 9.65787e+47 9.65787e+47 9.6579e+47 9.65791e+47 9.65791e+47 3.63816e+46 0 1.04183e+53 1.21188e+47 4.64348e+42 0 0 1
1.43301 7.39899e+47 7.39899e+47 7.39901e+47 7.39901e+47 7.39901e+47 2.77592e+46 0 1.13452e+53 1.04945e+47 4.64348e+42 0 0 1
1.65482 5.68174e+47 5.68174e+47 5.68175e+47 5.68176e+47 5.68176e+47 2.12275e+46 0 1.22294e+53 9.0878e+46 4.64348e+42 0 0 1
1.91095 4.37346e+47 4.37346e+47 4.37347e+47 4.37348e+47 4.37348e+47 1.62698e+46 0 1.30238e+53 7.86969e+46 4.64348e+42 0 0 1
2.20673 3.37456e+47 3.37456e+47 3.37457e+47 3.37457e+47 3.37457e+47 1.24988e+46 0 1.36707e+53 6.81484e+46 4.64348e+42 0 0 1
2.5483 2.61015e+47 2.61015e+47 2.61015e+47 2.61015e+47 2.61015e+47 9.62453e+45 0 1.4104e+53 5.90138e+46 4.64348e+42 0 0 1
2.94273 2.02383e+47 2.02383e+47 2.02383e+47 2.02383e+47 2.02383e+47 7.42881e+45 0 1.42527e+53 5.11036e+46 4.64348e+42 0 0 1
3.39821 1.57305e+47 1.57305e+47 1.57305e+47 1.57305e+47 1.57305e+47 5.74769e+45 0 1.40491e+53 4.42536e+46 4.64348e+42 0 0 1
3.92419 1.22564e+47 1.22564e+47 1.22564e+47 1.22564e+47 1.22564e+47 4.45761e+45 0 1.34401e+53 3.83218e+46 4.64348e+42 0 0 1
4.53158 9.57246e+46 9.57246e+46 9.57248e+46 9.57248e+46 9.57248e+46 3.46526e+45 0 1.2403e+53 3.3185e+46 4.64348e+42 0 0 1
5.23299 7.49374e+46 7.49374e+46 7.49376e+46 7.49376e+46 7.49376e+46 2.70011e+45 0 1.09612e+53 2.87367e+46 4.64348e+42 0 0 1
6.04296 5.87967e+46 5.87967e+46 5.87969e+46 5.87969e+46 5.87969e+46 2.10869e+45 0 9.19711e+52 2.48847e+46 4.64348e+42 0 0 1
6.97831 4.62317e+46 4.62317e+46 4.62318e+46 4.62318e+46 4.62318e+46 1.65043e+45 0 7.25288e+52 2.1549e+46 4.64348e+42 0 0 1
8.05842 3.64249e+46 3.64249e+46 3.64251e+46 3.64251e+46 3.64251e+46 1.29447e+45 0 5.3129e+52 1.86604e+46 4.64348e+42 0 0 1
9.30572 2.87516e+46 2.87516e+46 2.87517e+46 2.87517e+46 2.87517e+46 1.01727e+45 0 3.5667e+52 1.61589e+46 4.64348e+42 0 0 1
10.7461 2.27328e+46 2.27328e+46 2.27329e+46 2.27329e+46 2.27329e+46 8.00896e+44 0 2.16105e+52 1.39928e+46 4.64348e+42 0 0 1
12.4094 1.80009e+46 1.80009e+46 1.8001e+46 1.8001e+46 1.8001e+46 6.316e+44 0 1.16148e+52 1.21169e+46 4.64348e+42 0 0 1
14.3301 1.42728e+46 1.42728e+46 1.42729e+46 1.42729e+46 1.42729e+46 4.98843e+44 0 5.43e+51 1.04926e+46 4.64348e+42 0 0 1
16.5482 1.13296e+46 1.13296e+46 1.13297e+46 1.13297e+46 1.13297e+46 3.9452e+44 0 2.15964e+51 9.08589e+45 4.64348e+42 0 0 1
19.1095 9.00173e+45 9.00173e+45 9.00181e+45 9.00181e+45 9.00181e+45 3.12375e+44 0 7.12431e+50 7.86777e+45 4.64348e+42 0 0 1
22.0673 7.15747e+45 7.15747e+45 7.15754e+45 7.15754e+45 7.15754e+45 2.47574e+44 0 1.89339e+50 6.81292e+45 4.64348e+42 0 0 1
25.483 5.6941e+45 5.6941e+45 5.69416e+45 5.69416e+45 5.69416e+45 1.96365e+44 0 3.92035e+49 5.89946e+45 4.64348e+42 0 0 1
29.4273 4.53141e+45 4.53141e+45 4.53147e+45 4.53147e+45 4.53147e+45 1.55835e+44 0 6.08421e+48 5.10843e+45 4.64348e+42 0 0 1
33.9821 3.60661e+45 3.60661e+45 3.60667e+45 3.60667e+45 3.60667e+45 1.23714e+44 0 6.76861e+47 4.42343e+45 4.64348e+42 0 0 1
39.2419 2.87041e+45 2.87041e+45 2.87046e+45 2.87046e+45 2.87046e+45 9.82275e+43 0 5.12661e+46 3.83025e+45 4.64348e+42 0 0 1
45.3158 2.28398e+45 2.28398e+45 2.28403e+45 2.28403e+45 2.28403e+45 7.79872e+43 0 2.49089e+45 3.31657e+45 4.64348e+42 0 0 1
52.3299 1.81669e+45 1.81669e+45 1.81673e+45 1.81673e+45 1.81673e+45 6.19023e+43 0 7.24816e+43 2.87175e+45 4.64348e+42 0 0 1
60.4296 1.44428e+45 1.44428e+45 1.44432e+45 1.44432e+45 1.44432e+45 4.91144e+43 0 1.16678e+42 2.48654e+45 4.64348e+42 0 0 1
69.7831 1.14751e+45 1.14751e+45 1.14755e+45 1.14755e+45 1.14755e+45 3.89457e+43 0 9.48073e+39 2.15297e+45 4.64348e+42 0 0 1
80.5842 9.11114e+44 9.11114e+44 9.11147e+44 9.11147e+44 9.11147e+44 3.08605e+43 0 3.49808e+37 1.86411e+45 4.64348e+42 0 0 1
93.0572 7.22905e+44 7.22905e+44 7.22936e+44 7.22936e+44 7.22936e+44 2.4434e+43 0 5.1866e+34 1.61396e+45 4.64348e+42 0 0 1
107.461 5.73179e+44 5.73179e+44 5.73206e+44 5.73206e+44 5.73206e+44 1.9329e+43 0 2.6836e+31 1.39735e+45 4.64348e+42 0 0 1
124.094 4.54177e+44 4.54177e+44 4.54203e+44 4.54203e+44 4.54203e+44 1.5277e+43 0 4.11687e+27 1.20977e+45 4.64348e+42 0 0 1
143.301 3.59695e+44 3.59695e+44 3.59719e+44 3.59719e+44 3.59719e+44 1.20642e+43 0 1.55134e+23 1.04733e+45 4.64348e+42 0 0 1
165.482 2.84763e+44 2.84763e+44 2.84785e+44 2.84785e+44 2.84785e+44 9.51966e+42 0 1.15549e+18 9.06662e+44 4.64348e+42 0 0 1
191.095 2.25401e+44 2.25401e+44 2.2542e+44 2.2542e+44 2.2542e+44 7.50703e+42 0 1.32361e+12 7.84851e+44 4.64348e+42 0 0 1
220.673 1.78419e+44 1.78419e+44 1.78437e+44 1.78437e+44 1.78437e+44 5.91716e+42 0 174522 6.79366e+44 4.64348e+42 0 0 1
254.83 1.41265e+44 1.41265e+44 1.41282e+44 1.41282e+44 1.41282e+44 4.66284e+42 0 0.00189542 5.88021e+44 4.64348e+42 0 0 1
294.273 1.11901e+44 1.11901e+44 1.11916e+44 1.11916e+44 1.11916e+44 3.67434e+42 0 1.15214e-12 5.08919e+44 4.64348e+42 0 0 1
339.821 8.86988e+43 8.86988e+43 8.87124e+43 8.87124e+43 8.87124e+43 2.89603e+42 0 2.50874e-23 4.40419e+44 4.64348e+42 0 0 1
392.419 7.03642e+43 7.03642e+43 7.03767e+43 7.03767e+43 7.03767e+43 2.28361e+42 0 1.16887e-35 3.81102e+44 4.64348e+42 0 0 1
453.158 5.58702e+43 5.58702e+43 5.58817e+43 5.58817e+43 5.58817e+43 1.80186e+42 0 6.42697e-50 3.29735e+44 4.64348e+42 0 0 1
523.299 4.44042e+43 4.44042e+43 4.44147e+43 4.44147e+43 4.44147e+43 1.42288e+42 0 2.0977e-66 2.85253e+44 4.64348e+42 0 0 1
604.296 3.53248e+43 3.53248e+43 3.53345e+43 3.53345e+43 3.53345e+43 1.12463e+42 0 1.83805e-85 2.46734e+44 4.64348e+42 0 0 1
697.831 2.8127e+43 2.8127e+43 2.81359e+43 2.81359e+43 2.81359e+43 8.89738e+41 0 1.72935e-107 2.13378e+44 4.64348e+42 0 0 1
805.842 2.24137e+43 2.24137e+43 2.24219e+43 2.24219e+43 2.24219e+43 7.04578e+41 0 6.064e-133 1.84494e+44 4.64348e+42 0 0 1
930.572 1.7873e+43 1.7873e+43 1.78806e+43 1.78806e+43 1.78806e+43 5.58454e+41 0 2.33503e-162 1.59481e+44 4.64348e+42 0 0 1
1074.61 1.42598e+43 1.42598e+43 1.42667e+43 1.42667e+43 1.42667e+43 4.42994e+41 0 2.40797e-196 1.37822e+44 4.64348e+42 0 0 1
1240.94 1.13813e+43 1.13813e+43 1.13877e+43 1.13877e+43 1.13877e+43 3.51651e+41 0 1.30358e-235 1.19066e+44 4.64348e+42 0 0 1
1433.01 9.08593e+42 9.08593e+42 9.09183e+42 9.09183e+42 9.09183e+42 2.79299e+41 0 0 1.02825e+44 4.64348e+42 0 0 1
1654.82 7.25395e+42 7.25395e+42 7.25939e+42 7.25939e+42 7.25939e+42 2.21926e+41 0 0 8.8762e+43 4.64348e+42 0 0 1
1910.95 5.79087e+42 5.79087e+42 5.79588e+42 5.79588e+42 5.79588e+42 1.76385e+41 0 0 7.65847e+43 4.64348e+42 0 0 1
2206.73 4.62184e+42 4.62184e+42 4.62647e+42 4.62647e+42 4.62647e+42 1.40206e+41 0 0 6.60406e+43 4.64348e+42 0 0 1
2548.3 3.68751e+42 3.68751e+42 3.69177e+42 3.69177e+42 3.69177e+42 1.11443e+41 0 0 5.69111e+43 4.64348e+42 0 0 1
2942.73 2.94065e+42 2.94065e+42 2.94458e+42 2.94458e+42 2.94458e+42 8.85661e+40 0 0 4.90067e+43 4.64348e+42 0 0 1
3398.21 2.3437e+42 2.3437e+42 2.34731e+42 2.34731e+42 2.34731e+42 7.03636e+40 0 0 4.21635e+43 4.64348e+42 0 0 1
3924.19 1.86665e+42 1.86665e+42 1.86997e+42 1.86997e+42 1.86997e+42 5.58781e+40 0 0 3.62394e+43 4.64348e+42 0 0 1
4531.58 1.48555e+42 1.48555e+42 1.48861e+42 1.48861e+42 1.48861e+42 4.43506e+40 0 0 3.11116e+43 4.64348e+42 0 0 1
5232.99 1.18149e+42 1.18149e+42 1.18418e+42 1.18418e+42 1.18418e+42 3.51827e+40 0 0 2.66788e+43 4.64348e+42 0 0 1
6042.96 9.38665e+41 9.38665e+41 9.41115e+41 9.41115e+41 9.41115e+41 2.78869e+40 0 0 2.28392e+43 4.64348e+42 0 0 1
6978.31 7.4502e+41 7.4502e+41 7.4725e+41 7.4725e+41 7.4725e+41 2.20859e+40 0 0 1.95177e+43 4.64348e+42 0 0 1
8058.42 5.90711e+41 5.90711e+41 5.92736e+41 5.92736e+41 5.92736e+41 1.7476e+40 0 0 1.66453e+43 4.64348e+42 0 0 1
9305.72 4.67852e+41 4.67852e+41 4.69687e+41 4.69687e+41 4.69687e+41 1.38149e+40 0 0 1.41624e+43 4.64348e+42 0 0 1
10746.1 3.70122e+41 3.70122e+41 3.71779e+41 3.71779e+41 3.71779e+41 1.09096e+40 0 0 1.20173e+43 4.64348e+42 0 0 1
12409.4 2.92455e+41 2.92455e+41 2.93949e+41 2.93949e+41 2.93949e+41 8.60581e+39 0 0 1.01654e+43 4.64348e+42 0 0 1
14330.1 2.30797e+41 2.30797e+41 2.32138e+41 2.32138e+41 2.32138e+41 6.78072e+39 0 0 8.56807e+42 4.64348e+42 0 0 1
16548.2 1.819e+41 1.819e+41 1.83101e+41 1.83101e+41 1.83101e+41 5.33624e+39 0 0 7.19195e+42 4.64348e+42 0 0 1
19109.5 1.43167e+41 1.43167e+41 1.44238e+41 1.44238e+41 1.44238e+41 4.19417e+39 0 0 6.00819e+42 4.64348e+42 0 0 1
22067.3 1.12522e+41 1.12522e+41 1.13474e+41 1.13474e+41 1.13474e+41 3.29219e+39 0 0 4.99186e+42 4.64348e+42 0 0 1
25483 8.83056e+40 8.83056e+40 8.91478e+40 8.91478e+40 8.91478e+40 2.58064e+39 0 0 4.12138e+42 4.64348e+42 0 0 1
29427.3 6.91951e+40 6.91951e+40 6.99365e+40 6.99365e+40 6.99365e+40 2.01999e+39 0 0 3.37811e+42 4.64348e+42 0 0 1
33982.1 5.41344e+40 5.41344e+40 5.47836e+40 5.47836e+40 5.47836e+40 1.57881e+39 0 0 2.74588e+42 4.64348e+42 0 0 1
39241.9 4.22823e+40 4.22823e+40 4.28477e+40 4.28477e+40 4.28477e+40 1.2321e+39 0 0 2.21065e+42 4.64348e+42 0 0 1
45315.8 3.29694e+40 3.29694e+40 3.34588e+40 3.34588e+40 3.34588e+40 9.60012e+38 0 0 1.76021e+42 4.64348e+42 0 0 1
52329.9 2.56633e+40 2.56633e+40 2.60841e+40 2.60841e+40 2.60841e+40 7.46793e+38 0 0 1.38386e+42 4.64348e+42 0 0 1
60429.6 1.99409e+40 1.99409e+40 2.03002e+40 2.03002e+40 2.03002e+40 5.7996e+38 0 0 1.07218e+42 4.64348e+42 0 0 1
69783.1 1.54666e+40 1.54666e+40 1.57712e+40 1.57712e+40 1.57712e+40 4.49628e+38 0 0 8.1685e+41 4.64348e+42 0 0 1
80584.2 1.19744e+40 1.19744e+40 1.22306e+40 1.22306e+40 1.22306e+40 3.47976e+38 0 0 6.10383e+41 4.64348e+42 0 0 1
93057.2 9.25365e+39 9.25365e+39 9.46743e+39 9.46743e+39 9.46743e+39 2.68828e+38 0 0 4.4604e+41 4.64348e+42 0 0 1
107461 7.13791e+39 7.13791e+39 7.31481e+39 7.31481e+39 7.31481e+39 2.07308e+38 0 0 3.17673e+41 4.64348e+42 0 0 1
124094 5.49573e+39 5.49573e+39 5.64088e+39 5.64088e+39 5.64088e+39 1.59575e+38 0 0 2.1964e+41 4.64348e+42 0 0 1
143301 4.22355e+39 4.22355e+39 4.34163e+39 4.34163e+39 4.34163e+39 1.22606e+38 0 0 1.46755e+41 4.64348e+42 0 0 1
165482 3.23989e+39 3.23989e+39 3.33512e+39 3.33512e+39 3.33512e+39 9.40275e+37 0 0 9.4262e+40 4.64348e+42 0 0 1
191095 2.48078e+39 2.48078e+39 2.55693e+39 2.55693e+39 2.55693e+39 7.19763e+37 0 0 5.78488e+40 4.64348e+42 0 0 1
220673 1.89608e+39 1.89608e+39 1.95647e+39 1.95647e+39 1.95647e+39 5.49939e+37 0 0 3.36823e+40 4.64348e+42 0 0 1
254830 1.4466e+39 1.4466e+39 1.49409e+39 1.49409e+39 1.49409e+39 4.19407e+37 0 0 1.84551e+40 4.64348e+42 0 0 1
294273 1.10172e+39 1.10172e+39 1.13877e+39 1.13877e+39 1.13877e+39 3.1927e+37 0 0 9.42619e+39 4.64348e+42 0 0 1
339821 8.37615e+38 8.37615e+38 8.66301e+38 8.66301e+38 8.66301e+38 2.42603e+37 0 0 4.43942e+39 4.64348e+42 0 0 1
392419 6.35754e+38 6.35754e+38 6.57797e+38 6.57797e+38 6.57797e+38 1.84022e+37 0 0 1.90376e+39 4.64348e+42 0 0 1
453158 4.81763e+38 4.81763e+38 4.98578e+38 4.98578e+38 4.98578e+38 1.39348e+37 0 0 7.32605e+38 4.64348e+42 0 0 1
523299 3.6451e+38 3.6451e+38 3.77247e+38 3.77247e+38 3.77247e+38 1.05348e+37 5.13007e+34 0 2.48768e+38 4.64348e+42 0 0 1
604296 2.75395e+38 2.75395e+38 2.84977e+38 2.84977e+38 2.84977e+38 7.95205e+36 5.15222e+34 0 7.31053e+37 4.64348e+42 0 0 1
697831 2.07786e+38 2.07786e+38 2.14946e+38 2.14946e+38 2.14946e+38 5.99382e+36 5.17437e+34 0 1.81799e+37 4.64348e+42 0 0 1
805842 1.56579e+38 1.56579e+38 1.61895e+38 1.61895e+38 1.61895e+38 4.51175e+36 5.19652e+34 0 3.72791e+36 4.64348e+42 0 0 1
930572 1.17857e+38 1.17857e+38 1.21778e+38 1.21778e+38 1.21778e+38 3.39196e+36 5.21867e+34 0 6.11759e+35 4.64348e+42 0 0 1
1.07461e+06 8.86186e+37 8.86186e+37 9.14933e+37 9.14933e+37 9.14933e+37 2.54724e+36 5.24415e+34 0 7.76116e+34 4.64348e+42 0 0 1
1.24094e+06 6.65714e+37 6.65714e+37 6.86658e+37 6.86658e+37 6.86658e+37 1.91094e+36 5.25111e+34 0 7.31429e+33 4.64348e+42 0 0 1
1.43301e+06 4.99667e+37 4.99667e+37 5.14838e+37 5.14838e+37 5.14838e+37 1.43229e+36 5.26001e+34 0 4.88993e+32 4.64348e+42 0 0 1
1.65482e+06 3.74748e+37 3.74748e+37 3.85678e+37 3.85678e+37 3.85678e+37 1.07265e+36 5.27148e+34 0 2.19889e+31 4.64348e+42 0 0 1
1.91095e+06 2.80864e+37 2.80864e+37 2.88699e+37 2.88699e+37 2.88699e+37 8.02736e+35 5.2874e+34 0 6.25444e+29 4.64348e+42 0 0 1
2.20673e+06 2.10371e+37 2.10371e+37 2.15961e+37 2.15961e+37 2.15961e+37 6.00364e+35 5.30807e+34 0 1.04818e+28 4.64348e+42 0 0 1
2.5483e+06 1.57485e+37 1.57485e+37 1.61456e+37 1.61456e+37 1.61456e+37 4.48769e+35 5.33521e+34 0 9.536e+25 4.64348e+42 0 0 1
2.94273e+06 1.1784e+37 1.1784e+37 1.20651e+37 1.20651e+37 1.20651e+37 3.35304e+35 5.37083e+34 0 4.28438e+23 4.64348e+42 0 0 1
3.39821e+06 8.81415e+36 8.81415e+36 9.01242e+36 9.01242e+36 9.01242e+36 2.5044e+35 5.42053e+34 0 8.52233e+20 4.64348e+42 0 0 1
3.92419e+06 6.59081e+36 6.59081e+36 6.73026e+36 6.73026e+36 6.73026e+36 1.87009e+35 5.48502e+34 0 6.61596e+17 4.64348e+42 0 0 1
4.53158e+06 4.92726e+36 4.92726e+36 5.02511e+36 5.02511e+36 5.02511e+36 1.39626e+35 5.56818e+34 0 1.73273e+14 4.64348e+42 0 0 1
5.23299e+06 3.68316e+36 3.68316e+36 3.75169e+36 3.75169e+36 3.75169e+36 1.04249e+35 5.67335e+34 0 1.29397e+10 4.64348e+42 0 0 1
6.04296e+06 2.75314e+36 2.75314e+36 2.80107e+36 2.80107e+36 2.80107e+36 7.78493e+34 5.81279e+34 0 226893 4.64348e+42 0 0 1
6.97831e+06 2.05813e+36 2.05813e+36 2.09164e+36 2.09164e+36 2.09164e+36 5.8158e+34 5.97719e+34 0 0.746481 4.64348e+42 0 0 1
8.05842e+06 1.53889e+36 1.53889e+36 1.56231e+36 1.56231e+36 1.56231e+36 4.34785e+34 6.17142e+34 0 3.55663e-07 4.64348e+42 0 0 1
9.30572e+06 1.15105e+36 1.15105e+36 1.16742e+36 1.16742e+36 1.16742e+36 3.25434e+34 6.39148e+34 0 1.81968e-14 4.64348e+42 0 0 1
1.07461e+07 8.61405e+35 8.61405e+35 8.7287e+35 8.7287e+35 8.7287e+35 2.44082e+34 6.65511e+34 0 7.07786e-23 4.64348e+42 0 0 1
1.24094e+07 6.45117e+35 6.45117e+35 6.5316e+35 6.5316e+35 6.5316e+35 1.83628e+34 6.91415e+34 0 1.40462e-32 4.64348e+42 0 0 1
1.43301e+07 4.83624e+35 4.83624e+35 4.89283e+35 4.89283e+35 4.89283e+35 1.38801e+34 7.1672e+34 0 8.97335e-44 4.64348e+42 0 0 1
1.65482e+07 3.6306e+35 3.6306e+35 3.67057e+35 3.67057e+35 3.67057e+35 1.05665e+34 7.40214e+34 0 1.08425e-56 4.64348e+42 0 0 1
1.91095e+07 2.73088e+35 2.73088e+35 2.75924e+35 2.75924e+35 2.75924e+35 8.13198e+33 7.60467e+34 0 1.3408e-71 4.64348e+42 0 0 1
2.20673e+07 2.05934e+35 2.05934e+35 2.07958e+35 2.07958e+35 2.07958e+35 6.34701e+33 7.77938e+34 0 8.34969e-89 4.64348e+42 0 0 1
2.5483e+07 1.55838e+35 1.55838e+35 1.57293e+35 1.57293e+35 1.57293e+35 5.05039e+33 7.90196e+34 0 1.15445e-108 4.64348e+42 0 0 1
2.94273e+07 1.18454e+35 1.18454e+35 1.19508e+35 1.19508e+35 1.19508e+35 4.11085e+33 7.90351e+34 0 1.37646e-131 4.64348e+42 0 0 1
3.39821e+07 9.05566e+34 9.05566e+34 9.13289e+34 9.13289e+34 9.13289e+34 3.43496e+33 7.76234e+34 0 4.74837e-158 4.64348e+42 0 0 1
3.92419e+07 6.96892e+34 6.96892e+34 7.02611e+34 7.02611e+34 7.02611e+34 2.94091e+33 7.47465e+34 0 1.34281e-188 4.64348e+42 0 0 1
4.53158e+07 5.40785e+34 5.40785e+34 5.45076e+34 5.45076e+34 5.45076e+34 2.58246e+33 7.09106e+34 0 7.25599e-224 4.64348e+42 0 0 1
5.23299e+07 4.23658e+34 4.23658e+34 4.26924e+34 4.26924e+34 4.26924e+34 2.31673e+33 6.64877e+34 0 1.39386e-264 4.64348e+42 0 0 1
6.04296e+07 3.35071e+34 3.35071e+34 3.37593e+34 3.37593e+34 3.37593e+34 2.1048e+33 6.10421e+34 0 0 4.64348e+42 0 0 1
6.97831e+07 2.67437e+34 2.67437e+34 2.69411e+34 2.69411e+34 2.69411e+34 1.92267e+33 5.46954e+34 0 0 4.64348e+42 0 0 1
8.05842e+07 2.15301e+34 2.15301e+34 2.16867e+34 2.16867e+34 2.16867e+34 1.75753e+33 4.75532e+34 0 0 4.64348e+42 0 0 1
9.30572e+07 1.74527e+34 1.74527e+34 1.75782e+34 1.75782e+34 1.75782e+34 1.59853e+33 3.98652e+34 0 0 4.64348e+42 0 0 1
1.07461e+08 1.41995e+34 1.41995e+34 1.4301e+34 1.4301e+34 1.4301e+34 1.437e+33 3.20672e+34 0 0 4.64348e+42 29.9957 0 1
1.24094e+08 1.16025e+34 1.16025e+34 1.16852e+34 1.16852e+34 1.16852e+34 1.28211e+33 2.53825e+34 0 0 4.64348e+42 26.3518 0 1
1.43301e+08 9.48324e+33 9.48324e+33 9.55085e+33 9.55085e+33 9.55085e+33 1.12835e+33 1.97353e+34 0 0 4.64348e+42 23.1505 0 1
1.65482e+08 7.72472e+33 7.72472e+33 7.77999e+33 7.77999e+33 7.77999e+33 9.75642e+32 1.51005e+34 0 0 4.64348e+42 20.3381 0 1
1.91095e+08 6.2213e+33 6.2213e+33 6.2661e+33 6.2661e+33 6.2661e+33 8.19708e+32 1.12584e+34 0 0 4.64348e+42 17.8673 0 1
2.20673e+08 4.9911e+33 4.9911e+33 5.02735e+33 5.02735e+33 5.02735e+33 6.80577e+32 8.43778e+33 0 0 4.64348e+42 15.6967 0 1
2.5483e+08 3.97134e+33 3.97134e+33 4.0005e+33 4.0005e+33 4.0005e+33 5.55103e+32 6.25266e+33 0 0 4.64348e+42 13.7898 0 1
2.94273e+08 3.12997e+33 3.12997e+33 3.15324e+33 3.15324e+33 3.15324e+33 4.44514e+32 4.58228e+33 0 0 4.64348e+42 12.1146 0 1
3.39821e+08 2.42759e+33 2.42759e+33 2.4459e+33 2.4459e+33 2.4459e+33 3.46077e+32 3.29856e+33 0 0 4.64348e+42 11.1124 0 1
3.92419e+08 1.88015e+33 1.88015e+33 1.89455e+33 1.89455e+33 1.89455e+33 2.68602e+32 2.41326e+33 0 0 4.64348e+42 10.6429 0 1
4.53158e+08 1.44455e+33 1.44455e+33 1.4558e+33 1.4558e+33 1.4558e+33 2.05595e+32 1.75746e+33 0 0 4.64348e+42 10.1932 0 1
5.23299e+08 1.0998e+33 1.0998e+33 1.10852e+33 1.10852e+33 1.10852e+33 1.5491e+32 1.27455e+33 0 0 4.64348e+42 9.76247 0 1
6.04296e+08 8.31621e+32 8.31621e+32 8.38335e+32 8.38335e+32 8.38335e+32 1.15318e+32 9.1458e+32 0 0 4.64348e+42 9.34996 0 1
6.97831e+08 6.33245e+32 6.33245e+32 6.38454e+32 6.38454e+32 6.38454e+32 8.68619e+31 6.69826e+32 0 0 4.64348e+42 8.95488 0 1
8.05842e+08 4.80613e+32 4.80613e+32 4.84643e+32 4.84643e+32 4.84643e+32 6.50725e+31 4.89754e+32 0 0 4.64348e+42 8.57649 0 1
9.30572e+08 3.63295e+32 3.63295e+32 3.66402e+32 3.66402e+32 3.66402e+32 4.843e+31 3.57236e+32 0 0 4.64348e+42 8.21409 0 1
1.07461e+09 2.72631e+32 2.72631e+32 2.75009e+32 2.75009e+32 2.75009e+32 3.561e+31 2.56888e+32 0 0 4.64348e+42 8.2437 0 1
1.24094e+09 2.06656e+32 2.06656e+32 2.08495e+32 2.08495e+32 2.08495e+32 2.67129e+31 1.89007e+32 0 0 4.64348e+42 8.66956 0 1
1.43301e+09 1.56501e+32 1.56501e+32 1.57921e+32 1.57921e+32 1.57921e+32 2.00588e+31 1.38692e+32 0 0 4.64348e+42 9.11742 0 1
1.65482e+09 1.18092e+32 1.18092e+32 1.19186e+32 1.19186e+32 1.19186e+32 1.50124e+31 1.01464e+32 0 0 4.64348e+42 9.58842 0 1
1.91095e+09 8.83807e+31 8.83807e+31 8.92159e+31 8.92159e+31 8.92159e+31 1.11063e+31 7.30137e+31 0 0 4.64348e+42 10.0837 0 1
2.20673e+09 6.66256e+31 6.66256e+31 6.72679e+31 6.72679e+31 6.72679e+31 8.36737e+30 5.38383e+31 0 0 4.64348e+42 10.6047 0 1
2.5483e+09 5.00166e+31 5.00166e+31 5.05084e+31 5.05084e+31 5.05084e+31 6.28359e+30 3.95886e+31 0 0 4.64348e+42 11.1525 0 1
2.94273e+09 3.73644e+31 3.73644e+31 3.77391e+31 3.77391e+31 3.77391e+31 4.69621e+30 2.90178e+31 0 0 4.64348e+42 11.7286 0 1
3.39821e+09 2.7613e+31 2.7613e+31 2.78953e+31 2.78953e+31 2.78953e+31 3.4524e+30 2.0921e+31 0 0 4.64348e+42 12.3345 0 1
3.92419e+09 2.05814e+31 2.05814e+31 2.0796e+31 2.0796e+31 2.0796e+31 2.5886e+30 1.54378e+31 0 0 4.64348e+42 12.9717 0 1
4.53158e+09 1.52934e+31 1.52934e+31 1.54558e+31 1.54558e+31 1.54558e+31 1.93466e+30 1.13511e+31 0 0 4.64348e+42 13.6418 0 1
5.23299e+09 1.13324e+31 1.13324e+31 1.14551e+31 1.14551e+31 1.14551e+31 1.44111e+30 8.31236e+30 0 0 4.64348e+42 14.3465 0 1
6.04296e+09 8.31024e+30 8.31024e+30 8.40189e+30 8.40189e+30 8.40189e+30 1.05416e+30 5.99227e+30 0 0 4.64348e+42 15.0877 0 1
6.97831e+09 6.1618e+30 6.1618e+30 6.23105e+30 6.23105e+30 6.23105e+30 7.88374e+29 4.41704e+30 0 0 4.64348e+42 15.8671 0 1
8.05842e+09 4.55564e+30 4.55564e+30 4.60808e+30 4.60808e+30 4.60808e+30 5.87684e+29 3.24702e+30 0 0 4.64348e+42 16.6868 0 1
9.30572e+09 3.33395e+30 3.33395e+30 3.37515e+30 3.37515e+30 3.37515e+30 4.34858e+29 2.38027e+30 0 0 4.64348e+42 17.5488 0 1
1.07461e+10 2.31719e+30 2.31719e+30 2.3567e+30 2.3567e+30 2.3567e+30 3.13716e+29 1.72136e+30 0 0 4.64348e+42 19.6901 0 1
1.24094e+10 1.35209e+30 1.35209e+30 1.40791e+30 1.40791e+30 1.40791e+30 2.23174e+29 1.27313e+30 0 0 4.64348e+42 23.5707 0 1
1.43301e+10 5.04848e+29 5.04848e+29 5.79225e+29 5.79225e+29 5.79225e+29 1.52763e+29 9.39265e+29 0 0 4.64348e+42 28.2161 0 1
1.65482e+10 1.08164e+29 1.08164e+29 1.71626e+29 1.71626e+29 1.71626e+29 1.06332e+29 6.90842e+29 0 0 4.64348e+42 33.7771 0 1
1.91095e+10 1.20108e+28 1.20108e+28 4.68826e+28 4.68826e+28 4.68826e+28 7.50473e+28 4.99686e+29 0 0 4.64348e+42 40.434 0 1
2.20673e+10 4.26499e+26 4.26499e+26 1.39012e+28 1.39012e+28 1.39012e+28 5.50277e+28 3.6983e+29 0 0 4.64348e+42 48.403 34.7254 1
2.5483e+10 1.83689e+24 1.83689e+24 4.57854e+27 4.57854e+27 4.57854e+27 4.04431e+28 2.72821e+29 0 0 4.64348e+42 57.9425 22.9578 1
2.94273e+10 2.69288e+20 2.69288e+20 1.67427e+27 1.67427e+27 1.67427e+27 2.96974e+28 2.00563e+29 0 0 4.64348e+42 69.3621 15.5417 1
3.39821e+10 3.44906e+14 3.44906e+14 6.67565e+26 6.67565e+26 6.67565e+26 2.14151e+28 1.44769e+29 0 0 4.64348e+42 83.0323 10.7604 1
3.92419e+10 1.2775e+06 1.2775e+06 2.9378e+26 2.9378e+26 2.9378e+26 1.5867e+28 1.07165e+29 0 0 4.64348e+42 99.3967 7.61059 1
4.53158e+10 7.29804e-06 7.29804e-06 1.39131e+26 1.39131e+26 1.39131e+26 1.17324e+28 7.9134e+28 0 0 4.64348e+42 118.986 5.49245 1
5.23299e+10 7.05588e-20 7.05588e-20 7.02424e+25 7.02424e+25 7.02424e+25 8.66167e+27 5.82727e+28 0 0 4.64348e+42 142.437 4.04008 1
6.04296e+10 2.64835e-36 2.64835e-36 3.71698e+25 3.71698e+25 3.71698e+25 6.2891e+27 4.21278e+28 0 0 4.64348e+42 170.509 3.02568 1
6.97831e+10 1.72797e-54 1.72797e-54 2.09363e+25 2.09363e+25 2.09363e+25 4.68634e+27 3.12638e+28 0 0 4.64348e+42 204.114 2.3047 1
8.05842e+10 1.29313e-73 1.29313e-73 1.22775e+25 1.22775e+25 1.22775e+25 3.4827e+27 2.31475e+28 0 0 4.64348e+42 244.341 1.78376 1
9.30572e+10 8.84454e-93 8.84454e-93 7.45047e+24 7.45047e+24 7.45047e+24 2.5811e+27 1.70893e+28 0 0 4.64348e+42 292.497 1.40144 1
1.07461e+11 4.08775e-111 4.08775e-111 4.60933e+24 4.60933e+24 4.60933e+24 1.87683e+27 1.2375e+28 0 0 4.64348e+42 350.144 1.11671 1
1.24094e+11 7.58945e-128 7.58945e-128 2.96937e+24 2.96937e+24 2.96937e+24 1.39806e+27 9.19662e+27 0 0 4.64348e+42 419.152 0.901709 1
1.43301e+11 2.21953e-142 2.21953e-142 1.95343e+24 1.95343e+24 1.95343e+24 1.03783e+27 6.81564e+27 0 0 4.64348e+42 501.761 0.737233 1
1.65482e+11 2.64951e-154 2.64951e-154 1.30816e+24 1.30816e+24 1.30816e+24 7.67444e+26 5.0345e+27 0 0 4.64348e+42 600.651 0.609868 1
1.91095e+11 2.15459e-163 2.15459e-163 8.80183e+23 8.80183e+23 8.80183e+23 5.56508e+26 3.64492e+27 0 0 4.64348e+42 719.03 0.510106 1
2.20673e+11 1.40481e-169 1.40481e-169 6.11529e+23 6.11529e+23 6.11529e+23 4.13667e+26 2.70835e+27 0 0 4.64348e+42 860.74 0.431129 1
2.5483e+11 5.9579e-173 5.9579e-173 4.30232e+23 4.30232e+23 4.30232e+23 3.065e+26 2.00654e+27 0 0 4.64348e+42 1030.38 0.367983 1
2.94273e+11 1.0577e-173 1.0577e-173 3.06116e+23 3.06116e+23 3.06116e+23 2.26345e+26 1.48157e+27 0 0 4.64348e+42 1233.45 0.317029 1
3.39821e+11 4.19773e-172 4.19773e-172 2.17375e+23 2.17375e+23 2.17375e+23 1.63993e+26 1.07192e+27 0 0 4.64348e+42 0 0.275565 1
3.92419e+11 1.87423e-168 1.87423e-168 1.59168e+23 1.59168e+23 1.59168e+23 1.21853e+26 7.96071e+26 0 0 4.64348e+42 0 0.241562 1
4.53158e+11 4.28219e-163 4.28219e-163 1.17606e+23 1.17606e+23 1.17606e+23 9.02581e+25 5.89421e+26 0 0 4.64348e+42 0 0.213483 1
5.23299e+11 2.32471e-156 2.32471e-156 8.76116e+22 8.76116e+22 8.76116e+22 6.66348e+25 4.34898e+26 0 0 4.64348e+42 0 0.190154 1
6.04296e+11 1.4212e-148 1.4212e-148 6.48393e+22 6.48393e+22 6.48393e+22 4.82459e+25 3.14339e+26 0 0 4.64348e+42 0 0.170669 1
6.97831e+11 5.17873e-140 5.17873e-140 4.94948e+22 4.94948e+22 4.94948e+22 3.58308e+25 2.33238e+26 0 0 4.64348e+42 0 0.154323 1
8.05842e+11 6.01559e-131 6.01559e-131 3.80195e+22 3.80195e+22 3.80195e+22 2.65255e+25 1.72519e+26 0 0 4.64348e+42 0 0.140565 1
9.30572e+11 1.32082e-121 1.32082e-121 2.93605e+22 2.93605e+22 2.93605e+22 1.95708e+25 1.27147e+26 0 0 4.64348e+42 0 0.12896 1
1.07461e+12 3.46989e-112 3.46989e-112 2.24283e+22 2.24283e+22 2.24283e+22 1.41557e+25 9.17639e+25 0 0 4.64348e+42 0 0.119166 1
1.24094e+12 7.90168e-103 7.90169e-103 1.76605e+22 1.76605e+22 1.76605e+22 1.05043e+25 6.79965e+25 0 0 4.64348e+42 0 0.110908 1
1.43301e+12 1.13423e-93 1.13423e-93 1.3951e+22 1.3951e+22 1.3951e+22 7.76914e+24 5.02189e+25 0 0 4.64348e+42 0 0.103969 1
1.65482e+12 8.17649e-85 8.17649e-85 1.10457e+22 1.10457e+22 1.10457e+22 5.72614e+24 3.69484e+25 0 0 4.64348e+42 0 0.098177 1
1.91095e+12 2.45831e-76 2.45831e-76 8.61844e+21 8.61844e+21 8.61844e+21 4.13585e+24 2.66091e+25 0 0 4.64348e+42 0 0.0933933 1
2.20673e+12 2.85838e-68 2.85838e-68 6.92344e+21 6.92344e+21 6.92344e+21 3.06505e+24 1.96779e+25 0 0 4.64348e+42 0 0.0895108 1
2.5483e+12 1.15611e-60 1.15611e-60 5.5653e+21 5.5653e+21 5.5653e+21 2.26373e+24 1.4501e+25 0 0 4.64348e+42 0 0.0864461 1
2.94273e+12 1.5571e-53 1.5571e-53 4.47333e+21 4.47333e+21 4.47333e+21 1.66584e+24 1.06429e+25 0 0 4.64348e+42 0 0.0841374 1
3.39821e+12 6.75999e-47 6.75999e-47 3.53364e+21 3.53364e+21 3.53364e+21 1.20067e+24 7.64085e+24 0 0 4.64348e+42 0 0.082541 1
3.92419e+12 9.96792e-41 9.96793e-41 2.87135e+21 2.87135e+21 2.87135e+21 8.88126e+23 5.63444e+24 0 0 4.64348e+42 0 0.08163 1
4.53158e+12 4.96266e-35 4.96266e-35 2.33064e+21 2.33064e+21 2.33064e+21 6.54566e+23 4.13903e+24 0 0 4.64348e+42 0 0.0813928 1
5.23299e+12 8.64285e-30 8.64286e-30 1.88874e+21 1.88874e+21 1.88874e+21 4.80574e+23 3.02723e+24 0 0 4.64348e+42 0 0.0818329 1
6.04296e+12 5.41029e-25 5.41029e-25 1.50129e+21 1.50129e+21 1.50129e+21 3.45337e+23 2.16373e+24 0 0 4.64348e+42 0 0.0829683 1
6.97831e+12 1.34294e-20 1.34295e-20 1.227e+21 1.227e+21 1.227e+21 2.54746e+23 1.58913e+24 0 0 4.64348e+42 0 0.0848322 1
8.05842e+12 1.35502e-16 1.35502e-16 1.00057e+21 1.00057e+21 1.00057e+21 1.8719e+23 1.16219e+24 0 0 4.64348e+42 0 0.0874729 1
9.30572e+12 5.88034e-13 5.88034e-13 8.13766e+20 8.13766e+20 8.13766e+20 1.36977e+23 8.45862e+23 0 0 4.64348e+42 0 0.0909553 1
1.07461e+13 1.14133e-09 1.14133e-09 6.48061e+20 6.48061e+20 6.48061e+20 9.80096e+22 6.00828e+23 0 0 4.64348e+42 0 0.0953611 1
1.24094e+13 1.10129e-06 1.10129e-06 5.30638e+20 5.30638e+20 5.30638e+20 7.202e+22 4.388e+23 0 0 4.64348e+42 0 0.10079 1
1.43301e+13 0.000541496 0.000541496 4.33135e+20 4.33135e+20 4.33135e+20 5.26965e+22 3.18944e+23 0 0 4.64348e+42 0 0.10736 1
1.65482e+13 0.143079 0.143079 3.52285e+20 3.52285e+20 3.52285e+20 3.83799e+22 2.30564e+23 0 0 4.64348e+42 0 0.115206 1
1.91095e+13 20.9768 20.9769 2.80078e+20 2.80078e+20 2.80078e+20 2.72972e+22 1.62363e+23 0 0 4.64348e+42 0 0.12448 1
2.20673e+13 1884.53 1884.54 2.29003e+20 2.29003e+20 2.29003e+20 1.99501e+22 1.17665e+23 0 0 4.64348e+42 0 0.135345 1
2.5483e+13 105159 105160 1.86494e+20 1.86494e+20 1.86494e+20 1.45107e+22 8.48066e+22 0 0 4.64348e+42 0 0.147968 1
2.94273e+13 3.80164e+06 3.80165e+06 1.51199e+20 1.51199e+20 1.51199e+20 1.04997e+22 6.07423e+22 0 0 4.64348e+42 0 0.162507 1
3.39821e+13 9.07566e+07 9.07571e+07 1.19562e+20 1.19562e+20 1.19562e+20 7.40525e+21 4.22679e+22 0 0 4.64348e+42 0 0.179093 1
3.92419e+13 1.56596e+09 1.56597e+09 9.7294e+19 9.7294e+19 9.7294e+19 5.37168e+21 3.03122e+22 0 0 4.64348e+42 0 0.197804 1
4.53158e+13 1.95312e+10 1.95314e+10 7.87779e+19 7.87779e+19 7.87779e+19 3.87516e+21 2.15989e+22 0 0 4.64348e+42 0 0.218621 1
5.23299e+13 1.81539e+11 1.81541e+11 6.34315e+19 6.34315e+19 6.34315e+19 2.77889e+21 1.52777e+22 0 0 4.64348e+42 0 0.241387 1
6.04296e+13 1.26517e+12 1.26519e+12 4.96694e+19 4.96694e+19 4.96694e+19 1.93729e+21 1.04597e+22 0 0 4.64348e+42 0 0.265741 1
6.97831e+13 7.18685e+12 7.18701e+12 4.00644e+19 4.00644e+19 4.00644e+19 1.39093e+21 7.39583e+21 0 0 4.64348e+42 0 0.291055 1
8.05842e+13 3.28683e+13 3.28692e+13 3.21127e+19 3.21127e+19 3.21127e+19 9.92241e+20 5.18953e+21 0 0 4.64348e+42 0 0.316368 1
9.30572e+13 1.23561e+14 1.23565e+14 2.55582e+19 2.55582e+19 2.55582e+19 7.02866e+20 3.60967e+21 0 0 4.64348e+42 0 0.340344 1
1.07461e+14 3.79694e+14 3.79709e+14 1.96987e+19 1.96987e+19 1.96987e+19 4.82234e+20 2.41727e+21 0 0 4.64348e+42 0 0 1
1.24094e+14 1.03408e+15 1.03414e+15 1.56627e+19 1.56627e+19 1.56627e+19 3.41442e+20 1.67722e+21 0 0 4.64348e+42 0 0 1
1.43301e+14 2.4381e+15 2.43834e+15 1.2351e+19 1.2351e+19 1.2351e+19 2.39899e+20 1.15299e+21 0 0 4.64348e+42 0 0 1
1.65482e+14 5.04319e+15 5.04424e+15 9.64946e+18 9.64946e+18 9.64946e+18 1.67132e+20 7.84216e+20 0 0 4.64348e+42 0 0 1
1.91095e+14 9.00593e+15 9.0098e+15 7.2556e+18 7.2556e+18 7.2556e+18 1.12188e+20 5.09637e+20 0 0 4.64348e+42 0 0 1
2.20673e+14 1.50841e+16 1.50968e+16 5.63877e+18 5.63877e+18 5.63877e+18 7.79489e+19 3.44822e+20 0 0 4.64348e+42 0 0 1
2.5483e+14 2.29058e+16 2.29409e+16 4.33301e+18 4.33301e+18 4.33301e+18 5.36519e+19 2.30658e+20 0 0 4.64348e+42 0 0 1
2.94273e+14 3.17861e+16 3.18677e+16 3.28753e+18 3.28753e+18 3.28753e+18 3.65479e+19 1.52282e+20 0 0 4.64348e+42 0 0 1
3.39821e+14 3.92469e+16 3.94041e+16 2.37793e+18 2.37793e+18 2.37793e+18 2.38044e+19 9.49943e+19 0 0 4.64348e+42 0 0 1
3.92419e+14 4.72188e+16 4.74949e+16 1.78224e+18 1.78224e+18 1.78224e+18 1.61225e+19 6.21573e+19 0 0 4.64348e+42 0 0 1
4.53158e+14 5.29329e+16 5.33596e+16 1.31457e+18 1.31457e+18 1.31457e+18 1.07921e+19 4.00965e+19 0 0 4.64348e+42 0 0 1
5.23299e+14 5.55195e+16 5.6106e+16 9.52352e+17 9.52352e+17 9.52352e+17 7.13123e+18 2.54449e+19 0 0 4.64348e+42 0 0 1
6.04296e+14 5.24186e+16 5.31129e+16 6.48386e+17 6.48386e+17 6.48386e+17 4.4544e+18 1.50053e+19 0 0 4.64348e+42 0 0 1
6.97831e+14 4.95585e+16 5.03504e+16 4.59218e+17 4.59218e+17 4.59218e+17 2.91392e+18 9.39036e+18 0 0 4.64348e+42 0 0 1
8.05842e+14 4.4294e+16 4.51195e+16 3.18007e+17 3.18007e+17 3.18007e+17 1.87794e+18 5.77233e+18 0 0 4.64348e+42 0 0 1
9.30572e+14 3.74872e+16 3.82781e+16 2.1483e+17 2.1483e+17 2.1483e+17 1.19055e+18 3.47551e+18 0 0 4.64348e+42 0 0 1
1.07461e+15 2.845e+16 2.91121e+16 1.33605e+17 1.33605e+17 1.33605e+17 7.01162e+17 1.89569e+18 0 0 4.64348e+42 0 0 1
1.24094e+15 2.21328e+16 2.2688e+16 8.71717e+16 8.71717e+16 8.71717e+16 4.37388e+17 1.11791e+18 0 0 4.64348e+42 0 0 1
1.43301e+15 1.63834e+16 1.68175e+16 5.52357e+16 5.52357e+16 5.52357e+16 2.67619e+17 6.44512e+17 0 0 4.64348e+42 0 0 1
1.65482e+15 1.15447e+16 1.18621e+16 3.39242e+16 3.39242e+16 3.39242e+16 1.60312e+17 3.61904e+17 0 0 4.64348e+42 0 0 1
1.91095e+15 7.16487e+15 7.366e+15 1.86449e+16 1.86449e+16 1.86449e+16 8.67924e+16 1.76858e+17 0 0 4.64348e+42 0 0 1
2.20673e+15 4.68614e+15 4.81858e+15 1.09521e+16 1.09521e+16 1.09521e+16 5.07012e+16 9.63389e+16 0 0 4.64348e+42 0 0 1
2.5483e+15 2.92427e+15 3.00644e+15 6.2147e+15 6.2147e+15 6.2147e+15 2.8869e+16 5.10027e+16 0 0 4.64348e+42 0 0 1
2.94273e+15 1.7416e+15 1.78971e+15 3.40283e+15 3.40283e+15 3.40283e+15 1.59921e+16 2.611e+16 0 0 4.64348e+42 0 0 1
3.39821e+15 8.80754e+14 9.04437e+14 1.59753e+15 1.59753e+15 1.59753e+15 7.65187e+15 1.09e+16 0 0 4.64348e+42 0 0 1
3.92419e+15 4.88544e+14 5.01217e+14 8.29723e+14 8.29723e+14 8.29723e+14 4.07646e+15 5.33788e+15 0 0 4.64348e+42 0 0 1
4.53158e+15 2.58297e+14 2.6471e+14 4.1389e+14 4.1389e+14 4.1389e+14 2.09721e+15 2.52238e+15 0 0 4.64348e+42 0 0 1
5.23299e+15 1.30266e+14 1.33339e+14 1.9827e+14 1.9827e+14 1.9827e+14 1.04086e+15 1.14242e+15 0 0 4.64348e+42 0 0 1
6.04296e+15 5.20546e+13 5.32143e+13 7.57069e+13 7.57069e+13 7.57069e+13 4.13283e+14 3.78235e+14 0 0 4.64348e+42 0 0 1
6.97831e+15 2.42521e+13 2.47594e+13 3.3882e+13 3.3882e+13 3.3882e+13 1.92879e+14 1.60202e+14 0 0 4.64348e+42 0 0 1
8.05842e+15 1.06759e+13 1.08845e+13 1.43947e+13 1.43947e+13 1.43947e+13 8.56335e+13 6.49472e+13 0 0 4.64348e+42 0 0 1
9.30572e+15 4.45419e+12 4.53511e+12 5.82027e+12 5.82027e+12 5.82027e+12 3.62365e+13 2.50016e+13 0 0 4.64348e+42 0 0 1
1.07461e+16 1.30196e+12 1.32386e+12 1.6548e+12 1.6548e+12 1.6548e+12 1.07924e+13 5.78637e+12 0 0 4.64348e+42 0 0 1
1.24094e+16 4.88787e+11 4.96372e+11 6.06248e+11 6.06248e+11 6.06248e+11 4.14346e+12 1.99259e+12 0 0 4.64348e+42 0 0 1
1.43301e+16 1.69208e+11 1.71621e+11 2.05393e+11 2.05393e+11 2.05393e+11 1.47109e+12 6.51406e+11 0 0 4.64348e+42 0 0 1
1.65482e+16 5.4262e+10 5.49715e+10 6.46254e+10 6.46254e+10 6.46254e+10 4.84897e+11 2.02296e+11 0 0 4.64348e+42 0 0 1
1.91095e+16 1.00993e+10 1.022e+10 1.18283e+10 1.18283e+10 1.18283e+10 9.29182e+10 2.62381e+10 0 0 4.64348e+42 0 0 1
2.20673e+16 2.7933e+09 2.82373e+09 3.22355e+09 3.22355e+09 3.22355e+09 2.64878e+10 6.56778e+09 0 0 4.64348e+42 0 0 1
2.5483e+16 6.76159e+08 6.82859e+08 7.70232e+08 7.70232e+08 7.70232e+08 6.613e+09 1.52743e+09 0 0 4.64348e+42 0 0 1
2.94273e+16 1.40316e+08 1.41578e+08 1.58021e+08 1.58021e+08 1.58021e+08 1.41587e+09 3.44534e+08 0 0 4.64348e+42 0 0 1
3.39821e+16 1.32354e+07 1.33432e+07 1.47562e+07 1.47562e+07 1.47562e+07 1.37799e+08 1.89726e+07 0 0 4.64348e+42 0 0 1
3.92419e+16 2.25508e+06 2.2717e+06 2.49207e+06 2.49207e+06 2.49207e+06 2.42174e+07 2.82554e+06 0 0 4.64348e+42 0 0 1
4.53158e+16 307671 309717 337375 337375 337375 3.40649e+06 359272 0 0 4.64348e+42 0 0 1
5.23299e+16 30721.9 30906.1 33459.2 33459.2 33459.2 350470 44339.8 0 0 4.64348e+42 0 0 1
6.04296e+16 924.609 929.6 1000.99 1000.99 1000.99 10860.3 725.198 0 0 4.64348e+42 0 0 1
6.97831e+16 64.398 64.7105 69.3538 69.3538 69.3538 777.978 38.0177 0 0 4.64348e+42 0 0 1
8.05842e+16 2.07602 2.08506 2.22555 2.22555 2.22555 25.7666 0.709607 0 0 4.64348e+42 0 0 1
9.30572e+16 0 0 0 0 0 0 0 0 0 4.64348e+42 0 0 1