log10(nu_E[GeV]),aeff[m^2]
1.025,0.0
1.075,0.0
1.125,0.0
1.1749999999999998,0.0
1.225,0.0
1.275,0.0
1.325,0.0
1.375,0.0
1.4249999999999998,0.0
1.4750000000000003,0.0
1.5249999999999997,0.0
1.575,0.0
1.625,0.0
1.6749999999999998,0.0
1.7250000000000003,0.0
1.7749999999999997,0.0
1.825,0.0
1.875,0.0
1.925,0.0
1.9750000000000003,0.0
2.025,0.0
2.075,0.0
2.125,0.0
2.1750000000000003,0.0
2.225,0.0
2.275,0.0
2.325,0.0
2.375,0.0
2.4250000000000003,0.0
2.475,0.0
2.525,0.0
2.575,0.0
2.625,0.0
2.6750000000000003,5.512810949165512e-06
2.725,6.673800640877162e-06
2.775,1.6380122363739847e-05
2.8250000000000006,9.416224409819035e-05
2.875,0.00011990974066627865
2.9250000000000003,0.0003097530490446439
2.975,0.0005031429322791123
3.025,0.0013155205260576592
3.0750000000000006,0.0025181280294103215
3.125,0.0051842344454885595
3.1749999999999994,0.009415491932859718
3.225,0.01614950609067152
3.275,0.026981866882836738
3.3250000000000006,0.045812120840131164
3.375,0.062178948928316234
3.4250000000000003,0.09063279997865761
3.475,0.1210175979071294
3.525,0.1644691385318281
3.5750000000000006,0.216804588388975
3.625,0.27703870906263195
3.6749999999999994,0.34679340948556636
3.725,0.4228954490434076
3.775,0.5030727122337703
3.8250000000000006,0.5959211721635762
3.875,0.7044358479278411
3.9249999999999994,0.8219065057364074
3.975,0.9440753177169485
4.025,1.0903194692984712
4.075000000000001,1.2482802527581998
4.125,1.4033603023246566
4.175000000000002,1.6170735638359313
4.2250000000000005,1.7959615775973445
4.275,2.0022497706526092
4.325000000000001,2.1875345649426943
4.375,2.440814957621193
4.425000000000002,2.696169448926117
4.4750000000000005,2.918508959187995
4.525,3.211472281995558
4.575000000000001,3.626585513040462
4.625,3.8363572146908558
4.675000000000002,4.205865454247663
4.7250000000000005,4.74857108357191
4.775,5.193752761249501
4.825000000000001,5.626064275686673
4.875,6.0075836034849015
4.925000000000002,6.663296095897428
4.9750000000000005,7.140681878394155
5.025,7.627008775080658
5.075,8.133869051065783
5.125000000000001,8.8494722628229
5.175000000000002,9.473385262258095
5.2250000000000005,10.014308013192144
5.275,11.044539353214203
5.325,11.832185507053406
5.375000000000001,12.984952463926884
5.425000000000002,13.551265875640219
5.4750000000000005,14.426366651256142
5.525000000000001,16.126753555550692
5.575,16.90864106256653
5.625000000000001,18.318636894904
5.675000000000002,20.50458291144116
5.7250000000000005,23.000501531547734
5.775000000000001,24.3080523000434
5.825,25.742871282267863
5.875000000000001,28.164046806715092
5.925000000000002,28.2619143654201
5.9750000000000005,32.18736654193722
6.025000000000001,34.08930961013895
6.075,36.77839509491652
6.125000000000001,37.07053834155556
6.175000000000002,40.88448821508207
6.2250000000000005,43.027813037690336
6.275000000000001,43.81872260133764
6.325,48.995936061455396
6.375000000000001,51.1104756249615
6.425000000000002,53.0829330229987
6.4750000000000005,59.13220727948563
6.525000000000001,59.01828696698806
6.575,67.48376207638455
6.625000000000001,70.66860137183671
6.675000000000002,73.61152125122337
6.7250000000000005,83.07627355927852
6.775000000000001,84.57093066432654
6.825,90.11483247221996
6.875000000000001,97.61403040132726
6.925000000000002,102.34245548776066
6.9750000000000005,109.19962533363494
7.025000000000001,115.63752900800297
7.075,130.19846578204334
7.125000000000001,133.665036267701
7.175000000000002,142.9730810802223
7.224999999999999,154.48223927127444
7.275000000000001,165.4123183086323
7.325,182.59234077767786
7.375000000000001,191.51288538676144
7.425000000000002,198.7180691394624
7.474999999999999,212.82255420761584
7.525000000000001,223.49091373168434
7.575,236.85677654151954
7.625000000000001,253.2787308237256
7.675000000000002,253.53052046674895
7.724999999999999,274.4609563705217
7.775000000000001,313.28816142844136
7.825,327.7081732107207
7.875000000000001,314.48695993647345
7.925000000000002,354.34189470425304
7.974999999999999,354.9666637315168


